,rxns,diff_flux,abs_diff_flux,PathShort,PathLong,pathCommon,del_rxn1,del_rxn2,totalFluxDiff,solStatus,sl_size,common_sl_size,num_diff,net_diff,Organism,Type,Rxn_1_Active,Rxn_2_Active,Rxn_1_Min,Rxn_2_Min,v1,v2
0,"['PFK', 'PFL', 'PGI', 'PGK', 'PGL', 'PGM', 'PIt2r', 'ACONTa', 'ACONTb', 'ATPM', 'PPS', 'ADK1', 'ATPS4r', 'PYK', 'BIOMASS_Ecoli_core_w_GAM', 'RPE', 'CS', 'RPI', 'CYTBD', 'ENO', 'SUCDi', 'TALA', 'TKT1', 'TKT2', 'TPI', 'EX_for_e', 'EX_glc__D_e', 'EX_nh4_e', 'EX_o2_e', 'EX_pi_e', 'FBA', 'FORt', 'FUM', 'G6PDH2r', 'GAPD', 'GLCpts', 'GLUDy', 'GLUN', 'GND', 'ICDHyr', 'ICL', 'MALS', 'MDH', 'ME1', 'NADH16', 'NADTRHD', 'NH4t', 'O2t', 'PDH']","[-6.8016552397025, 3.228262033139999, -19.85346117235258, 7.033178378042521, 19.3865334860625, 6.791737816042428, -0.5937081520249876, -5.1834305750675185, -5.1834305750675185, 8.845074965788143, 4.377051655060001, 4.377051655059972, 10.00881608936561, -1.8308954326174995, -0.16139075000000003, 13.040363328474996, -5.183430575067499, -6.346170157587494, 4.88088030178001, -6.791737816042428, -5.009306094892499, 6.491050633862528, 6.491050633862528, 6.549312694612468, -6.801655239702541, 3.228262033139999, 0.5000127900399995, 0.8800314815999855, -2.4404401508900264, 0.5937081520249876, -6.801655239702541, -3.2282620331400267, -5.0093060948925086, 19.386533486062604, -7.033178378042521, -0.5000127900399995, 0.8387638668250474, 0.04126761477500002, 19.3865334860625, -0.17412448017500992, -5.009306094892499, -5.009306094892499, -5.471787428092512, -4.546824761692498, 9.890186396672512, 41.5402889107, -0.8800314815999855, 2.4404401508899127, -14.025858955949998]","[6.8016552397025, 3.228262033139999, 19.85346117235258, 7.033178378042521, 19.3865334860625, 6.791737816042428, 0.5937081520249876, 5.1834305750675185, 5.1834305750675185, 8.845074965788143, 4.377051655060001, 4.377051655059972, 10.00881608936561, 1.8308954326174995, 0.16139075000000003, 13.040363328474996, 5.183430575067499, 6.346170157587494, 4.88088030178001, 6.791737816042428, 5.009306094892499, 6.491050633862528, 6.491050633862528, 6.549312694612468, 6.801655239702541, 3.228262033139999, 0.5000127900399995, 0.8800314815999855, 2.4404401508900264, 0.5937081520249876, 6.801655239702541, 3.2282620331400267, 5.0093060948925086, 19.386533486062604, 7.033178378042521, 0.5000127900399995, 0.8387638668250474, 0.04126761477500002, 19.3865334860625, 0.17412448017500992, 5.009306094892499, 5.009306094892499, 5.471787428092512, 4.546824761692498, 9.890186396672512, 41.5402889107, 0.8800314815999855, 2.4404401508899127, 14.025858955949998]","['PFL', 'PPS', 'ADK1', 'EX_for_e', 'FORt', 'GLUN', 'NADTRHD']","['PFK', 'PYK', 'SUCDi', 'TPI', 'FBA', 'FUM', 'ICL', 'MALS', 'MDH', 'ME1', 'PDH']","['PGI', 'PGK', 'PGL', 'PGM', 'PIt2r', 'ACONTa', 'ACONTb', 'ATPM', 'ATPS4r', 'BIOMASS_Ecoli_core_w_GAM', 'RPE', 'CS', 'RPI', 'CYTBD', 'ENO', 'TALA', 'TKT1', 'TKT2', 'EX_glc__D_e', 'EX_nh4_e', 'EX_o2_e', 'EX_pi_e', 'G6PDH2r', 'GAPD', 'GLCpts', 'GLUDy', 'GND', 'ICDHyr', 'NADH16', 'NH4t', 'O2t']",PFK,NADTRHD,332.4572637745338,1,49,31,-1.0,70.35602627581855,e_coli_core,PSL,False,False,0.0,0.0,7.47738196216028,4.95998494457467
1,"['PFK', 'PGI', 'PGK', 'PGL', 'PGM', 'ACONTa', 'ACONTb', 'PPCK', 'RPE', 'CS', 'RPI', 'ENO', 'SUCDi', 'TALA', 'TKT1', 'TKT2', 'TPI', 'EX_glu__L_e', 'FBA', 'FUM', 'G6PDH2r', 'GAPD', 'GLUt2r', 'GND', 'ICL', 'MALS', 'ME1', 'NADTRHD', 'PDH']","[-0.8067871993153259, -2.4091435826369434, 0.8115830801207267, 2.4000199265271513, 0.807144336218812, -0.7929967301539591, -0.7929967301539591, 0.7958722212458884, 1.6021460177181552, -0.7929967301540097, -0.7978739088090379, -0.807144336218812, -0.8052157375983668, 0.8005374518576218, 0.8005374518576218, 0.8016085658606471, -0.8067871993154085, 0.01542018444686244, -0.8067871993154085, -0.8052157375983597, 2.400019926527193, -0.8115830801207267, -0.015420184446838903, 2.4000199265271513, -0.8052157375983668, -0.8052157375983668, -1.608005693742153, 4.850913614295061, -1.6093324706905463]","[0.8067871993153259, 2.4091435826369434, 0.8115830801207267, 2.4000199265271513, 0.807144336218812, 0.7929967301539591, 0.7929967301539591, 0.7958722212458884, 1.6021460177181552, 0.7929967301540097, 0.7978739088090379, 0.807144336218812, 0.8052157375983668, 0.8005374518576218, 0.8005374518576218, 0.8016085658606471, 0.8067871993154085, 0.01542018444686244, 0.8067871993154085, 0.8052157375983597, 2.400019926527193, 0.8115830801207267, 0.015420184446838903, 2.4000199265271513, 0.8052157375983668, 0.8052157375983668, 1.608005693742153, 4.850913614295061, 1.6093324706905463]",['PGI'],"['PPCK', 'EX_glu__L_e', 'GLUt2r', 'NADTRHD']","['PFK', 'PGK', 'PGL', 'PGM', 'ACONTa', 'ACONTb', 'RPE', 'CS', 'RPI', 'ENO', 'SUCDi', 'TALA', 'TKT1', 'TKT2', 'TPI', 'FBA', 'FUM', 'G6PDH2r', 'GAPD', 'GND', 'ICL', 'MALS', 'ME1', 'PDH']",PGI,NADTRHD,36.11199986841781,1,29,24,5.0,-2.4071047077363037,e_coli_core,PSL,True,False,-48.016614442475,0.0,4.86086114649686,4.95998494457467
2,"['PPC', 'AKGDH', 'PYK', 'SUCOAS', 'ICDHyr', 'ICL', 'MALS', 'MDH', 'NADTRHD', 'PDH']","[-2.3790926167199995, -2.3790926167199955, 2.3790926167200004, 2.3790926167200723, -2.3790926167199586, 2.3790926167199995, 2.3790926167199995, 2.3790926167199586, -2.3790926167200084, 2.3790926167199995]","[2.3790926167199995, 2.3790926167199955, 2.3790926167200004, 2.3790926167200723, 2.3790926167199586, 2.3790926167199995, 2.3790926167199995, 2.3790926167199586, 2.3790926167200084, 2.3790926167199995]","['PPC', 'NADTRHD']","['ICL', 'MALS']","['AKGDH', 'PYK', 'SUCOAS', 'ICDHyr', 'MDH', 'PDH']",PPC,ICL,23.7909261672,1,10,6,2.0,4.758185233440067,e_coli_core,PSL,False,False,0.0,0.0,2.50430947036873,7.47738196216028
3,"['PPC', 'AKGDH', 'PYK', 'SUCOAS', 'ICDHyr', 'ICL', 'MALS', 'MDH', 'NADTRHD', 'PDH']","[-2.3790926167199995, -2.3790926167199955, 2.3790926167200004, 2.3790926167200723, -2.3790926167199586, 2.3790926167199995, 2.3790926167199995, 2.3790926167199586, -2.3790926167200084, 2.3790926167199995]","[2.3790926167199995, 2.3790926167199955, 2.3790926167200004, 2.3790926167200723, 2.3790926167199586, 2.3790926167199995, 2.3790926167199995, 2.3790926167199586, 2.3790926167200084, 2.3790926167199995]","['PPC', 'NADTRHD']","['ICL', 'MALS']","['AKGDH', 'PYK', 'SUCOAS', 'ICDHyr', 'MDH', 'PDH']",PPC,MALS,23.7909261672,1,10,6,2.0,4.758185233440067,e_coli_core,PSL,False,False,0.0,0.0,2.50430947036873,0.0
4,"['PFL', 'PGI', 'PGK', 'PGL', 'PGM', 'PIt2r', 'ACONTa', 'ACONTb', 'PPS', 'ADK1', 'ATPS4r', 'BIOMASS_Ecoli_core_w_GAM', 'RPE', 'CS', 'RPI', 'CYTBD', 'ENO', 'SUCDi', 'TALA', 'TKT1', 'TKT2', 'TPI', 'EX_for_e', 'EX_glc__D_e', 'EX_nh4_e', 'EX_o2_e', 'EX_pi_e', 'FBA', 'FBP', 'FORt', 'FUM', 'G6PDH2r', 'GAPD', 'GLCpts', 'GLUDy', 'GLUN', 'GND', 'ICDHyr', 'ICL', 'MALS', 'MDH', 'ME1', 'NADH16', 'NADTRHD', 'NH4t', 'O2t', 'PDH']","[3.228262033139999, -19.85346117235258, 7.033178378042521, 19.386533486062493, 6.791737816042428, -0.5937081520249876, -5.1834305750675185, -5.1834305750675185, 6.2079470876775, 6.207947087677553, 10.00881608936561, -0.16139075000000003, 13.040363328474996, -5.183430575067499, -6.346170157587494, 4.880880301779996, -6.791737816042428, -5.009306094892499, 6.491050633862528, 6.491050633862528, 6.549312694612468, -6.801655239702541, 3.228262033139999, 0.5000127900400013, 0.8800314815999855, -2.4404401508900264, 0.5937081520249876, -6.801655239702541, 6.8016552397025, -3.2282620331400267, -5.0093060948925086, 19.386533486062604, -7.033178378042521, -0.5000127900400013, 0.8387638668250474, 0.04126761477500002, 19.386533486062493, -0.17412448017500992, -5.009306094892499, -5.009306094892499, -5.471787428092512, -4.546824761692498, 9.890186396672497, 41.540288910699985, -0.8800314815999855, 2.4404401508899127, -14.025858955949998]","[3.228262033139999, 19.85346117235258, 7.033178378042521, 19.386533486062493, 6.791737816042428, 0.5937081520249876, 5.1834305750675185, 5.1834305750675185, 6.2079470876775, 6.207947087677553, 10.00881608936561, 0.16139075000000003, 13.040363328474996, 5.183430575067499, 6.346170157587494, 4.880880301779996, 6.791737816042428, 5.009306094892499, 6.491050633862528, 6.491050633862528, 6.549312694612468, 6.801655239702541, 3.228262033139999, 0.5000127900400013, 0.8800314815999855, 2.4404401508900264, 0.5937081520249876, 6.801655239702541, 6.8016552397025, 3.2282620331400267, 5.0093060948925086, 19.386533486062604, 7.033178378042521, 0.5000127900400013, 0.8387638668250474, 0.04126761477500002, 19.386533486062493, 0.17412448017500992, 5.009306094892499, 5.009306094892499, 5.471787428092512, 4.546824761692498, 9.890186396672497, 41.540288910699985, 0.8800314815999855, 2.4404401508899127, 14.025858955949998]","['PFL', 'PPS', 'ADK1', 'EX_for_e', 'FBP', 'FORt', 'GLUN', 'NADTRHD']","['SUCDi', 'TPI', 'FBA', 'FUM', 'ICL', 'MALS', 'MDH', 'ME1', 'PDH']","['PGI', 'PGK', 'PGL', 'PGM', 'PIt2r', 'ACONTa', 'ACONTb', 'ATPS4r', 'BIOMASS_Ecoli_core_w_GAM', 'RPE', 'CS', 'RPI', 'CYTBD', 'ENO', 'TALA', 'TKT1', 'TKT2', 'EX_glc__D_e', 'EX_nh4_e', 'EX_o2_e', 'EX_pi_e', 'G6PDH2r', 'GAPD', 'GLCpts', 'GLUDy', 'GND', 'ICDHyr', 'NADH16', 'NH4t', 'O2t']",TPI,NADTRHD,325.65560853483134,1,47,30,-1.0,-80.60694808728793,e_coli_core,PSL,True,False,-9.37935004501003,0.0,7.47738196216028,4.95998494457467
5,"['PFL', 'PGI', 'PGK', 'PGL', 'PGM', 'PIt2r', 'ACONTa', 'ACONTb', 'PPS', 'ADK1', 'ATPS4r', 'BIOMASS_Ecoli_core_w_GAM', 'RPE', 'CS', 'RPI', 'CYTBD', 'ENO', 'SUCDi', 'TALA', 'TKT1', 'TKT2', 'TPI', 'EX_for_e', 'EX_glc__D_e', 'EX_nh4_e', 'EX_o2_e', 'EX_pi_e', 'FBA', 'FBP', 'FORt', 'FUM', 'G6PDH2r', 'GAPD', 'GLCpts', 'GLUDy', 'GLUN', 'GND', 'ICDHyr', 'ICL', 'MALS', 'MDH', 'ME1', 'NADH16', 'NADTRHD', 'NH4t', 'O2t', 'PDH']","[3.228262033139999, -19.85346117235258, 7.033178378042521, 19.386533486062493, 6.791737816042428, -0.5937081520249876, -5.1834305750675185, -5.1834305750675185, 6.2079470876775, 6.207947087677553, 10.00881608936561, -0.16139075000000003, 13.040363328474996, -5.183430575067499, -6.346170157587494, 4.880880301779996, -6.791737816042428, -5.009306094892499, 6.491050633862528, 6.491050633862528, 6.549312694612468, -6.801655239702541, 3.228262033139999, 0.5000127900400013, 0.8800314815999855, -2.4404401508900264, 0.5937081520249876, -6.801655239702541, 6.8016552397025, -3.2282620331400267, -5.0093060948925086, 19.386533486062604, -7.033178378042521, -0.5000127900400013, 0.8387638668250474, 0.04126761477500002, 19.386533486062493, -0.17412448017500992, -5.009306094892499, -5.009306094892499, -5.471787428092512, -4.546824761692498, 9.890186396672497, 41.540288910699985, -0.8800314815999855, 2.4404401508899127, -14.025858955949998]","[3.228262033139999, 19.85346117235258, 7.033178378042521, 19.386533486062493, 6.791737816042428, 0.5937081520249876, 5.1834305750675185, 5.1834305750675185, 6.2079470876775, 6.207947087677553, 10.00881608936561, 0.16139075000000003, 13.040363328474996, 5.183430575067499, 6.346170157587494, 4.880880301779996, 6.791737816042428, 5.009306094892499, 6.491050633862528, 6.491050633862528, 6.549312694612468, 6.801655239702541, 3.228262033139999, 0.5000127900400013, 0.8800314815999855, 2.4404401508900264, 0.5937081520249876, 6.801655239702541, 6.8016552397025, 3.2282620331400267, 5.0093060948925086, 19.386533486062604, 7.033178378042521, 0.5000127900400013, 0.8387638668250474, 0.04126761477500002, 19.386533486062493, 0.17412448017500992, 5.009306094892499, 5.009306094892499, 5.471787428092512, 4.546824761692498, 9.890186396672497, 41.540288910699985, 0.8800314815999855, 2.4404401508899127, 14.025858955949998]","['PFL', 'PPS', 'ADK1', 'EX_for_e', 'FBP', 'FORt', 'GLUN', 'NADTRHD']","['SUCDi', 'TPI', 'FBA', 'FUM', 'ICL', 'MALS', 'MDH', 'ME1', 'PDH']","['PGI', 'PGK', 'PGL', 'PGM', 'PIt2r', 'ACONTa', 'ACONTb', 'ATPS4r', 'BIOMASS_Ecoli_core_w_GAM', 'RPE', 'CS', 'RPI', 'CYTBD', 'ENO', 'TALA', 'TKT1', 'TKT2', 'EX_glc__D_e', 'EX_nh4_e', 'EX_o2_e', 'EX_pi_e', 'G6PDH2r', 'GAPD', 'GLCpts', 'GLUDy', 'GND', 'ICDHyr', 'NADH16', 'NH4t', 'O2t']",FBA,NADTRHD,325.65560853483134,1,47,30,-1.0,-80.60694808728793,e_coli_core,PSL,True,False,-9.37935004501003,0.0,0.0,4.95998494457467
6,"['GLUDy', 'GLUN', 'GLUSy']","[4.314762087645022, -4.314762087644981, 4.314762087645]","[4.314762087645022, 4.314762087644981, 4.314762087645]",['GLUSy'],"['GLUDy', 'GLUN']",[],GLUDy,GLUSy,12.94428626293498,1,3,0,-1.0,-4.3147620876450405,e_coli_core,PSL,True,False,-9.89503553349255,0.0,0.0,-4.76531919319746
7,"['PFK', 'PFL', 'PGI', 'PGK', 'PGL', 'ACALD', 'PGM', 'PIt2r', 'ALCD2x', 'ACKr', 'PPC', 'ACONTa', 'ACONTb', 'ACt2r', 'AKGDH', 'ATPS4r', 'PTAr', 'PYK', 'BIOMASS_Ecoli_core_w_GAM', 'CO2t', 'CS', 'RPI', 'CYTBD', 'ENO', 'ETOHt2r', 'SUCDi', 'SUCOAS', 'TALA', 'THD2', 'TKT1', 'TKT2', 'TPI', 'EX_ac_e', 'EX_co2_e', 'EX_etoh_e', 'EX_for_e', 'EX_h_e', 'EX_h2o_e', 'EX_nh4_e', 'EX_o2_e', 'EX_pi_e', 'FBA', 'FORt', 'FUM', 'G6PDH2r', 'GAPD', 'GLNS', 'GLUDy', 'GND', 'H2Ot', 'ICDHyr', 'MDH', 'NADH16', 'NH4t', 'O2t', 'PDH']","[0.6308558263700004, 16.350293538655563, 0.5978245302400182, -1.4059032768899442, -0.5023179617399998, -5.791787998508312, -2.10286828409005, -1.713853724589967, -5.791787998508312, -5.091179973148428, -1.3350420619199999, -4.137408921356837, -4.137408921356837, -5.091179973148428, -3.63476483962676, -33.894964887411675, 5.091179973148428, 3.6797516128800005, -0.46588569999999996, 18.290230575619034, -4.13740892135676, 0.5023179617400046, -30.73652269405924, 2.10286828409005, -5.791787998508312, -3.63476483962676, 3.6347648396267687, -0.08409236884995153, -3.348722037663239, -0.08409236884995153, 0.08409236884995153, 0.6308558263700661, 5.091179973148439, -18.290230575619034, 5.7917879985083225, 16.350293538655563, 12.095806369804109, -27.475716367207497, 2.5403815449600415, 15.368261347029602, 1.713853724589967, 0.6308558263700661, -16.350293538655592, -3.6347648396267687, -0.5023179617400046, 1.4059032768899442, -0.11912697349, 2.421254571470058, -0.5023179617399998, 27.475716367207383, -4.137408921356723, -3.6347648396267687, -27.101757854432485, -2.5403815449600415, -15.368261347029602, -11.350780914815562]","[0.6308558263700004, 16.350293538655563, 0.5978245302400182, 1.4059032768899442, 0.5023179617399998, 5.791787998508312, 2.10286828409005, 1.713853724589967, 5.791787998508312, 5.091179973148428, 1.3350420619199999, 4.137408921356837, 4.137408921356837, 5.091179973148428, 3.63476483962676, 33.894964887411675, 5.091179973148428, 3.6797516128800005, 0.46588569999999996, 18.290230575619034, 4.13740892135676, 0.5023179617400046, 30.73652269405924, 2.10286828409005, 5.791787998508312, 3.63476483962676, 3.6347648396267687, 0.08409236884995153, 3.348722037663239, 0.08409236884995153, 0.08409236884995153, 0.6308558263700661, 5.091179973148439, 18.290230575619034, 5.7917879985083225, 16.350293538655563, 12.095806369804109, 27.475716367207497, 2.5403815449600415, 15.368261347029602, 1.713853724589967, 0.6308558263700661, 16.350293538655592, 3.6347648396267687, 0.5023179617400046, 1.4059032768899442, 0.11912697349, 2.421254571470058, 0.5023179617399998, 27.475716367207383, 4.137408921356723, 3.6347648396267687, 27.101757854432485, 2.5403815449600415, 15.368261347029602, 11.350780914815562]","['PPC', 'AKGDH', 'SUCOAS', 'EX_h2o_e', 'H2Ot', 'PDH']","['PFL', 'ACALD', 'ALCD2x', 'ETOHt2r', 'EX_etoh_e', 'EX_for_e', 'FORt']","['PFK', 'PGI', 'PGK', 'PGL', 'PGM', 'PIt2r', 'ACKr', 'ACONTa', 'ACONTb', 'ACt2r', 'ATPS4r', 'PTAr', 'PYK', 'BIOMASS_Ecoli_core_w_GAM', 'CO2t', 'CS', 'RPI', 'CYTBD', 'ENO', 'SUCDi', 'TALA', 'THD2', 'TKT1', 'TKT2', 'TPI', 'EX_ac_e', 'EX_co2_e', 'EX_h_e', 'EX_nh4_e', 'EX_o2_e', 'EX_pi_e', 'FBA', 'FUM', 'G6PDH2r', 'GAPD', 'GLNS', 'GLUDy', 'GND', 'ICDHyr', 'MDH', 'NADH16', 'NH4t', 'O2t']",H2Ot,PFL,396.4021992677331,1,56,43,12.0,111.44153951528645,e_coli_core,PSL,True,False,-58.4587922508451,0.0,0.0,0.0
8,"['PFK', 'PFL', 'PGI', 'PGK', 'PGL', 'ACALD', 'PGM', 'PIt2r', 'ALCD2x', 'ACKr', 'PPC', 'ACONTa', 'ACONTb', 'ACt2r', 'AKGDH', 'ATPS4r', 'PTAr', 'PYK', 'BIOMASS_Ecoli_core_w_GAM', 'CO2t', 'CS', 'RPI', 'CYTBD', 'ENO', 'ETOHt2r', 'SUCDi', 'SUCOAS', 'TALA', 'THD2', 'TKT1', 'TKT2', 'TPI', 'EX_ac_e', 'EX_co2_e', 'EX_etoh_e', 'EX_for_e', 'EX_h_e', 'EX_h2o_e', 'EX_nh4_e', 'EX_o2_e', 'EX_pi_e', 'FBA', 'FORt', 'FUM', 'G6PDH2r', 'GAPD', 'GLNS', 'GLUDy', 'GND', 'H2Ot', 'ICDHyr', 'ICL', 'MALS', 'MDH', 'NADH16', 'NH4t', 'O2t', 'PDH']","[0.6308558263700004, 10.8701607222135, 0.5978245302400182, -1.4059032768899442, -0.5023179617399998, -5.791787998508312, -2.1028682840899364, -1.713853724589967, -5.791787998508312, -6.711848172572218, -2.3790926167199995, -5.7580771207806265, -5.7580771207806265, -6.711848172572218, -6.299483593850548, -33.89496488741156, 6.711848172572218, 4.723802167680001, -0.46588569999999996, 16.051434158024563, -5.758077120780548, 0.5023179617400046, -31.739062675312404, 2.1028682840899364, -5.791787998508312, -5.255433039050548, 6.299483593850596, -0.08409236884995153, -0.684003283439452, -0.08409236884995153, 0.08409236884995153, 0.6308558263700661, 6.711848172572189, -16.051434158024563, 5.791787998508358, 10.8701607222135, 8.23634175278562, -25.23691994961291, 2.5403815449600415, 15.869531337656213, 1.713853724589967, 0.6308558263700661, -10.87016072221354, -5.255433039050558, -0.5023179617400046, 1.4059032768899442, -0.11912697349, 2.421254571470058, -0.5023179617399998, 25.23691994961291, -6.80212767558055, 1.0440505547999999, 1.0440505547999999, -4.211382484250635, -26.483629636261856, -2.5403815449600415, -15.869531337656213, -4.826597543573499]","[0.6308558263700004, 10.8701607222135, 0.5978245302400182, 1.4059032768899442, 0.5023179617399998, 5.791787998508312, 2.1028682840899364, 1.713853724589967, 5.791787998508312, 6.711848172572218, 2.3790926167199995, 5.7580771207806265, 5.7580771207806265, 6.711848172572218, 6.299483593850548, 33.89496488741156, 6.711848172572218, 4.723802167680001, 0.46588569999999996, 16.051434158024563, 5.758077120780548, 0.5023179617400046, 31.739062675312404, 2.1028682840899364, 5.791787998508312, 5.255433039050548, 6.299483593850596, 0.08409236884995153, 0.684003283439452, 0.08409236884995153, 0.08409236884995153, 0.6308558263700661, 6.711848172572189, 16.051434158024563, 5.791787998508358, 10.8701607222135, 8.23634175278562, 25.23691994961291, 2.5403815449600415, 15.869531337656213, 1.713853724589967, 0.6308558263700661, 10.87016072221354, 5.255433039050558, 0.5023179617400046, 1.4059032768899442, 0.11912697349, 2.421254571470058, 0.5023179617399998, 25.23691994961291, 6.80212767558055, 1.0440505547999999, 1.0440505547999999, 4.211382484250635, 26.483629636261856, 2.5403815449600415, 15.869531337656213, 4.826597543573499]","['PPC', 'AKGDH', 'SUCOAS', 'EX_h2o_e', 'H2Ot', 'PDH']","['ACALD', 'ALCD2x', 'ACKr', 'ACt2r', 'PTAr', 'ETOHt2r', 'EX_ac_e', 'EX_etoh_e', 'ICL', 'MALS']","['PFK', 'PFL', 'PGI', 'PGK', 'PGL', 'PGM', 'PIt2r', 'ACONTa', 'ACONTb', 'ATPS4r', 'PYK', 'BIOMASS_Ecoli_core_w_GAM', 'CO2t', 'CS', 'RPI', 'CYTBD', 'ENO', 'SUCDi', 'TALA', 'THD2', 'TKT1', 'TKT2', 'TPI', 'EX_co2_e', 'EX_for_e', 'EX_h_e', 'EX_nh4_e', 'EX_o2_e', 'EX_pi_e', 'FBA', 'FORt', 'FUM', 'G6PDH2r', 'GAPD', 'GLNS', 'GLUDy', 'GND', 'ICDHyr', 'MDH', 'NADH16', 'NH4t', 'O2t']",H2Ot,ACALD,386.6781900711898,1,58,42,10.0,121.23322287273008,e_coli_core,PSL,True,True,-58.4587922508451,-19.335885584075,0.0,0.0
9,"['PFK', 'PFL', 'PGI', 'PGK', 'PGL', 'ACALD', 'PGM', 'PIt2r', 'ALCD2x', 'ACKr', 'PPC', 'ACONTa', 'ACONTb', 'ACt2r', 'AKGDH', 'ATPS4r', 'PTAr', 'PYK', 'BIOMASS_Ecoli_core_w_GAM', 'CO2t', 'CS', 'RPI', 'CYTBD', 'ENO', 'ETOHt2r', 'SUCDi', 'SUCOAS', 'TALA', 'THD2', 'TKT1', 'TKT2', 'TPI', 'EX_ac_e', 'EX_co2_e', 'EX_etoh_e', 'EX_for_e', 'EX_h_e', 'EX_h2o_e', 'EX_nh4_e', 'EX_o2_e', 'EX_pi_e', 'FBA', 'FORt', 'FUM', 'G6PDH2r', 'GAPD', 'GLNS', 'GLUDy', 'GND', 'H2Ot', 'ICDHyr', 'MDH', 'NADH16', 'NH4t', 'O2t', 'PDH']","[0.6308558263700004, 11.218177573813497, 0.5978245302400182, -1.4059032768899442, -0.5023179617399998, -5.791787998508312, -2.1028682840899364, -1.713853724589967, -5.791787998508312, -6.711848172572218, -1.3350420619199994, -5.7580771207806265, -5.7580771207806265, -6.711848172572218, -5.255433039050546, -33.89496488741156, 6.711848172572218, 3.6797516128800023, -0.46588569999999996, 16.399451009624613, -5.758077120780547, 0.5023179617400046, -32.0870795269124, 2.1028682840899364, -5.791787998508312, -5.255433039050546, 5.255433039050558, -0.08409236884995153, -1.728053838239454, -0.08409236884995153, 0.08409236884995153, 0.6308558263700661, 6.711848172572189, -16.399451009624613, 5.791787998508358, 11.218177573813497, 8.58435860438567, -25.58493680121296, 2.5403815449600415, 16.043539763456124, 1.713853724589967, 0.6308558263700661, -11.218177573813591, -5.255433039050558, -0.5023179617400046, 1.4059032768899442, -0.11912697349, 2.421254571470058, -0.5023179617399998, 25.58493680121296, -5.758077120780513, -5.255433039050558, -26.83164648786185, -2.5403815449600415, -16.043539763456124, -6.218664949973494]","[0.6308558263700004, 11.218177573813497, 0.5978245302400182, 1.4059032768899442, 0.5023179617399998, 5.791787998508312, 2.1028682840899364, 1.713853724589967, 5.791787998508312, 6.711848172572218, 1.3350420619199994, 5.7580771207806265, 5.7580771207806265, 6.711848172572218, 5.255433039050546, 33.89496488741156, 6.711848172572218, 3.6797516128800023, 0.46588569999999996, 16.399451009624613, 5.758077120780547, 0.5023179617400046, 32.0870795269124, 2.1028682840899364, 5.791787998508312, 5.255433039050546, 5.255433039050558, 0.08409236884995153, 1.728053838239454, 0.08409236884995153, 0.08409236884995153, 0.6308558263700661, 6.711848172572189, 16.399451009624613, 5.791787998508358, 11.218177573813497, 8.58435860438567, 25.58493680121296, 2.5403815449600415, 16.043539763456124, 1.713853724589967, 0.6308558263700661, 11.218177573813591, 5.255433039050558, 0.5023179617400046, 1.4059032768899442, 0.11912697349, 2.421254571470058, 0.5023179617399998, 25.58493680121296, 5.758077120780513, 5.255433039050558, 26.83164648786185, 2.5403815449600415, 16.043539763456124, 6.218664949973494]","['PPC', 'AKGDH', 'SUCOAS', 'EX_h2o_e', 'H2Ot', 'PDH']","['ACALD', 'ALCD2x', 'ACKr', 'ACt2r', 'PTAr', 'ETOHt2r', 'EX_ac_e', 'EX_etoh_e']","['PFK', 'PFL', 'PGI', 'PGK', 'PGL', 'PGM', 'PIt2r', 'ACONTa', 'ACONTb', 'ATPS4r', 'PYK', 'BIOMASS_Ecoli_core_w_GAM', 'CO2t', 'CS', 'RPI', 'CYTBD', 'ENO', 'SUCDi', 'TALA', 'THD2', 'TKT1', 'TKT2', 'TPI', 'EX_co2_e', 'EX_for_e', 'EX_h_e', 'EX_nh4_e', 'EX_o2_e', 'EX_pi_e', 'FBA', 'FORt', 'FUM', 'G6PDH2r', 'GAPD', 'GLNS', 'GLUDy', 'GND', 'ICDHyr', 'MDH', 'NADH16', 'NH4t', 'O2t']",H2Ot,ALCD2x,386.67819007118976,1,56,42,12.0,125.75744194352998,e_coli_core,PSL,True,True,-58.4587922508451,-19.335885584075,0.0,0.0
10,"['PFK', 'PFL', 'PGI', 'PGK', 'PGL', 'ACALD', 'PGM', 'PIt2r', 'ALCD2x', 'ACKr', 'PPC', 'ACONTa', 'ACONTb', 'ACt2r', 'AKGDH', 'ATPS4r', 'PTAr', 'PYK', 'BIOMASS_Ecoli_core_w_GAM', 'CO2t', 'CS', 'RPI', 'CYTBD', 'ENO', 'ETOHt2r', 'SUCDi', 'SUCOAS', 'TALA', 'THD2', 'TKT1', 'TKT2', 'TPI', 'EX_ac_e', 'EX_co2_e', 'EX_etoh_e', 'EX_for_e', 'EX_h_e', 'EX_h2o_e', 'EX_nh4_e', 'EX_o2_e', 'EX_pi_e', 'FBA', 'FORt', 'FUM', 'G6PDH2r', 'GAPD', 'GLNS', 'GLUDy', 'GND', 'H2Ot', 'ICDHyr', 'MDH', 'NADH16', 'NH4t', 'O2t', 'PDH']","[0.6308558263700004, 11.218177573813497, 0.5978245302400182, -1.4059032768899442, -0.5023179617399998, -5.791787998508312, -2.1028682840899364, -1.713853724589967, -5.791787998508312, -6.711848172572218, -1.3350420619199994, -5.7580771207806265, -5.7580771207806265, -6.711848172572218, -5.255433039050546, -33.89496488741156, 6.711848172572218, 3.6797516128800023, -0.46588569999999996, 16.399451009624613, -5.758077120780547, 0.5023179617400046, -32.0870795269124, 2.1028682840899364, -5.791787998508312, -5.255433039050546, 5.255433039050558, -0.08409236884995153, -1.728053838239454, -0.08409236884995153, 0.08409236884995153, 0.6308558263700661, 6.711848172572189, -16.399451009624613, 5.791787998508358, 11.218177573813497, 8.58435860438567, -25.58493680121296, 2.5403815449600415, 16.043539763456124, 1.713853724589967, 0.6308558263700661, -11.218177573813591, -5.255433039050558, -0.5023179617400046, 1.4059032768899442, -0.11912697349, 2.421254571470058, -0.5023179617399998, 25.58493680121296, -5.758077120780513, -5.255433039050558, -26.83164648786185, -2.5403815449600415, -16.043539763456124, -6.218664949973494]","[0.6308558263700004, 11.218177573813497, 0.5978245302400182, 1.4059032768899442, 0.5023179617399998, 5.791787998508312, 2.1028682840899364, 1.713853724589967, 5.791787998508312, 6.711848172572218, 1.3350420619199994, 5.7580771207806265, 5.7580771207806265, 6.711848172572218, 5.255433039050546, 33.89496488741156, 6.711848172572218, 3.6797516128800023, 0.46588569999999996, 16.399451009624613, 5.758077120780547, 0.5023179617400046, 32.0870795269124, 2.1028682840899364, 5.791787998508312, 5.255433039050546, 5.255433039050558, 0.08409236884995153, 1.728053838239454, 0.08409236884995153, 0.08409236884995153, 0.6308558263700661, 6.711848172572189, 16.399451009624613, 5.791787998508358, 11.218177573813497, 8.58435860438567, 25.58493680121296, 2.5403815449600415, 16.043539763456124, 1.713853724589967, 0.6308558263700661, 11.218177573813591, 5.255433039050558, 0.5023179617400046, 1.4059032768899442, 0.11912697349, 2.421254571470058, 0.5023179617399998, 25.58493680121296, 5.758077120780513, 5.255433039050558, 26.83164648786185, 2.5403815449600415, 16.043539763456124, 6.218664949973494]","['PPC', 'AKGDH', 'SUCOAS', 'EX_h2o_e', 'H2Ot', 'PDH']","['ACALD', 'ALCD2x', 'ACKr', 'ACt2r', 'PTAr', 'ETOHt2r', 'EX_ac_e', 'EX_etoh_e']","['PFK', 'PFL', 'PGI', 'PGK', 'PGL', 'PGM', 'PIt2r', 'ACONTa', 'ACONTb', 'ATPS4r', 'PYK', 'BIOMASS_Ecoli_core_w_GAM', 'CO2t', 'CS', 'RPI', 'CYTBD', 'ENO', 'SUCDi', 'TALA', 'THD2', 'TKT1', 'TKT2', 'TPI', 'EX_co2_e', 'EX_for_e', 'EX_h_e', 'EX_nh4_e', 'EX_o2_e', 'EX_pi_e', 'FBA', 'FORt', 'FUM', 'G6PDH2r', 'GAPD', 'GLNS', 'GLUDy', 'GND', 'ICDHyr', 'MDH', 'NADH16', 'NH4t', 'O2t']",H2Ot,ETOHt2r,386.67819007118976,1,56,42,12.0,125.75744194352998,e_coli_core,PSL,True,True,-58.4587922508451,-19.335885584075,0.0,0.0
11,"['PFK', 'PFL', 'PGI', 'PGK', 'PGL', 'ACALD', 'PGM', 'PIt2r', 'ALCD2x', 'ACKr', 'PPC', 'ACONTa', 'ACONTb', 'ACt2r', 'AKGDH', 'ATPS4r', 'PTAr', 'PYK', 'BIOMASS_Ecoli_core_w_GAM', 'CO2t', 'CS', 'RPI', 'CYTBD', 'ENO', 'ETOHt2r', 'SUCDi', 'SUCOAS', 'TALA', 'THD2', 'TKT1', 'TKT2', 'TPI', 'EX_ac_e', 'EX_co2_e', 'EX_etoh_e', 'EX_for_e', 'EX_h_e', 'EX_h2o_e', 'EX_nh4_e', 'EX_o2_e', 'EX_pi_e', 'FBA', 'FORt', 'FUM', 'G6PDH2r', 'GAPD', 'GLNS', 'GLUDy', 'GND', 'H2Ot', 'ICDHyr', 'MDH', 'NADH16', 'NH4t', 'O2t', 'PDH']","[0.6308558263700004, 16.35029353865555, 0.5978245302400182, -1.4059032768899442, -0.5023179617399998, -5.791787998508312, -2.1028682840899364, -1.713853724589967, -5.791787998508312, -5.091179973148428, -1.3350420619199999, -4.137408921356837, -4.137408921356837, -5.091179973148428, -3.6347648396267402, -33.89496488741156, 5.091179973148428, 3.6797516128800005, -0.46588569999999996, 18.290230575619034, -4.137408921356741, 0.5023179617400046, -30.736522694059225, 2.1028682840899364, -5.791787998508312, -3.6347648396267402, 3.6347648396267687, -0.08409236884995153, -3.348722037663258, -0.08409236884995153, 0.08409236884995153, 0.6308558263700661, 5.091179973148382, -18.290230575619034, 5.791787998508358, 16.35029353865555, 12.095806369803881, -27.475716367207497, 2.5403815449600415, 15.368261347029602, 1.713853724589967, 0.6308558263700661, -16.350293538655592, -3.634764839626655, -0.5023179617400046, 1.4059032768899442, -0.11912697349, 2.421254571470058, -0.5023179617399998, 27.475716367207383, -4.137408921356723, -3.6347648396267687, -27.10175785443248, -2.5403815449600415, -15.368261347029602, -11.350780914815548]","[0.6308558263700004, 16.35029353865555, 0.5978245302400182, 1.4059032768899442, 0.5023179617399998, 5.791787998508312, 2.1028682840899364, 1.713853724589967, 5.791787998508312, 5.091179973148428, 1.3350420619199999, 4.137408921356837, 4.137408921356837, 5.091179973148428, 3.6347648396267402, 33.89496488741156, 5.091179973148428, 3.6797516128800005, 0.46588569999999996, 18.290230575619034, 4.137408921356741, 0.5023179617400046, 30.736522694059225, 2.1028682840899364, 5.791787998508312, 3.6347648396267402, 3.6347648396267687, 0.08409236884995153, 3.348722037663258, 0.08409236884995153, 0.08409236884995153, 0.6308558263700661, 5.091179973148382, 18.290230575619034, 5.791787998508358, 16.35029353865555, 12.095806369803881, 27.475716367207497, 2.5403815449600415, 15.368261347029602, 1.713853724589967, 0.6308558263700661, 16.350293538655592, 3.634764839626655, 0.5023179617400046, 1.4059032768899442, 0.11912697349, 2.421254571470058, 0.5023179617399998, 27.475716367207383, 4.137408921356723, 3.6347648396267687, 27.10175785443248, 2.5403815449600415, 15.368261347029602, 11.350780914815548]","['PPC', 'AKGDH', 'SUCOAS', 'EX_h2o_e', 'H2Ot', 'PDH']","['PFL', 'ACALD', 'ALCD2x', 'ETOHt2r', 'EX_etoh_e', 'EX_for_e', 'FORt']","['PFK', 'PGI', 'PGK', 'PGL', 'PGM', 'PIt2r', 'ACKr', 'ACONTa', 'ACONTb', 'ACt2r', 'ATPS4r', 'PTAr', 'PYK', 'BIOMASS_Ecoli_core_w_GAM', 'CO2t', 'CS', 'RPI', 'CYTBD', 'ENO', 'SUCDi', 'TALA', 'THD2', 'TKT1', 'TKT2', 'TPI', 'EX_ac_e', 'EX_co2_e', 'EX_h_e', 'EX_nh4_e', 'EX_o2_e', 'EX_pi_e', 'FBA', 'FUM', 'G6PDH2r', 'GAPD', 'GLNS', 'GLUDy', 'GND', 'ICDHyr', 'MDH', 'NADH16', 'NH4t', 'O2t']",H2Ot,FORt,396.40219926773244,1,56,43,12.0,111.44153951528645,e_coli_core,PSL,True,True,-58.4587922508451,-633.531351169279,0.0,22.809833310205
12,"['PFK', 'PFL', 'PGK', 'PGL', 'ACALD', 'PGM', 'PIt2r', 'ALCD2x', 'PPC', 'ACONTa', 'ACONTb', 'AKGDH', 'ATPS4r', 'PYK', 'BIOMASS_Ecoli_core_w_GAM', 'CO2t', 'RPE', 'CS', 'RPI', 'CYTBD', 'ENO', 'ETOHt2r', 'SUCDi', 'SUCOAS', 'THD2', 'TKT2', 'TPI', 'EX_co2_e', 'EX_etoh_e', 'EX_for_e', 'EX_h2o_e', 'EX_nh4_e', 'EX_o2_e', 'EX_pi_e', 'FBA', 'FORt', 'FUM', 'G6PDH2r', 'GAPD', 'GLNS', 'GLUDy', 'GND', 'H2Ot', 'ICDHyr', 'MDH', 'NADH16', 'NH4t', 'O2t', 'PDH']","[0.738365804279999, 11.91016105733307, -1.7850131730599514, -0.337662685035, -13.828178652583006, -2.726215663859989, -2.314439574135008, -13.828178652583006, -1.8028809208799996, -4.8323338566580105, -4.8323338566580105, -4.15354818331302, -39.53888338024694, 4.855686299294998, -0.62914605, 12.792893631724155, 0.22712172404999365, -4.832333856658019, 0.564784409085064, -39.87727201447119, 2.726215663859989, -13.828178652583006, -4.15354818331302, 4.153548183312978, -5.9585275345219815, 0.22712172404999365, 0.7383658042800789, -12.792893631724155, 13.828178652583016, 11.91016105733307, -31.204023770927165, 3.430607581439972, 19.938636007235573, 2.314439574135008, 0.7383658042800789, -11.910161057333084, -4.153548183312978, -0.33766268503495667, 1.7850131730599514, -0.16087264498499998, 3.269734936455052, -0.337662685035, 31.204023770927165, -4.8323338566580105, -4.153548183312978, -35.72372383115817, -3.430607581439972, -19.938636007235573, -5.272229827598073]","[0.738365804279999, 11.91016105733307, 1.7850131730599514, 0.337662685035, 13.828178652583006, 2.726215663859989, 2.314439574135008, 13.828178652583006, 1.8028809208799996, 4.8323338566580105, 4.8323338566580105, 4.15354818331302, 39.53888338024694, 4.855686299294998, 0.62914605, 12.792893631724155, 0.22712172404999365, 4.832333856658019, 0.564784409085064, 39.87727201447119, 2.726215663859989, 13.828178652583006, 4.15354818331302, 4.153548183312978, 5.9585275345219815, 0.22712172404999365, 0.7383658042800789, 12.792893631724155, 13.828178652583016, 11.91016105733307, 31.204023770927165, 3.430607581439972, 19.938636007235573, 2.314439574135008, 0.7383658042800789, 11.910161057333084, 4.153548183312978, 0.33766268503495667, 1.7850131730599514, 0.16087264498499998, 3.269734936455052, 0.337662685035, 31.204023770927165, 4.8323338566580105, 4.153548183312978, 35.72372383115817, 3.430607581439972, 19.938636007235573, 5.272229827598073]","['PGL', 'G6PDH2r', 'GND', 'NADH16']","['PFL', 'ACALD', 'ALCD2x', 'ETOHt2r', 'EX_etoh_e', 'EX_for_e', 'FORt']","['PFK', 'PGK', 'PGM', 'PIt2r', 'PPC', 'ACONTa', 'ACONTb', 'AKGDH', 'ATPS4r', 'PYK', 'BIOMASS_Ecoli_core_w_GAM', 'CO2t', 'RPE', 'CS', 'RPI', 'CYTBD', 'ENO', 'SUCDi', 'SUCOAS', 'THD2', 'TKT2', 'TPI', 'EX_co2_e', 'EX_h2o_e', 'EX_nh4_e', 'EX_o2_e', 'EX_pi_e', 'FBA', 'FUM', 'GAPD', 'GLNS', 'GLUDy', 'H2Ot', 'ICDHyr', 'MDH', 'NH4t', 'O2t', 'PDH']",NADH16,PFL,422.0371500259854,1,49,38,-11.0,-166.15315397759505,e_coli_core,PSL,False,False,0.0,0.0,0.0,0.0
13,"['PFK', 'PFL', 'PGK', 'PGL', 'ACALD', 'PGM', 'PIt2r', 'ALCD2x', 'PPC', 'ACONTa', 'ACONTb', 'AKGDH', 'ATPS4r', 'PYK', 'BIOMASS_Ecoli_core_w_GAM', 'CO2t', 'RPE', 'CS', 'RPI', 'CYTBD', 'ENO', 'ETOHt2r', 'SUCDi', 'SUCOAS', 'THD2', 'TKT2', 'TPI', 'EX_co2_e', 'EX_etoh_e', 'EX_for_e', 'EX_h2o_e', 'EX_nh4_e', 'EX_o2_e', 'EX_pi_e', 'FBA', 'FORt', 'FUM', 'G6PDH2r', 'GAPD', 'GLNS', 'GLUDy', 'GND', 'H2Ot', 'ICDHyr', 'MDH', 'NADH16', 'NH4t', 'O2t', 'PDH']","[0.7383658042799972, 11.910161057333124, -1.7850131730599514, -0.337662685035, -13.828178652583006, -2.726215663859989, -2.314439574135008, -13.828178652583006, -1.8028809208799996, -4.8323338566580105, -4.8323338566580105, -4.153548183313009, -39.53888338024694, 4.8556862992949945, -0.62914605, 12.792893631724155, 0.22712172404999365, -4.832333856658009, 0.564784409085064, -39.877272014471174, 2.726215663859989, -13.828178652583006, -4.153548183313009, 4.153548183312978, -5.958527534521992, 0.22712172404999365, 0.7383658042800789, -12.792893631724155, 13.828178652583002, 11.910161057333124, -31.204023770927165, 3.430607581439972, 19.938636007235573, 2.314439574135008, 0.7383658042800789, -11.910161057333084, -4.153548183312978, -0.33766268503495667, 1.7850131730599514, -0.16087264498499998, 3.269734936455052, -0.337662685035, 31.204023770927165, -4.8323338566580105, -4.153548183312978, -35.72372383115817, -3.430607581439972, -19.938636007235573, -5.27222982759813]","[0.7383658042799972, 11.910161057333124, 1.7850131730599514, 0.337662685035, 13.828178652583006, 2.726215663859989, 2.314439574135008, 13.828178652583006, 1.8028809208799996, 4.8323338566580105, 4.8323338566580105, 4.153548183313009, 39.53888338024694, 4.8556862992949945, 0.62914605, 12.792893631724155, 0.22712172404999365, 4.832333856658009, 0.564784409085064, 39.877272014471174, 2.726215663859989, 13.828178652583006, 4.153548183313009, 4.153548183312978, 5.958527534521992, 0.22712172404999365, 0.7383658042800789, 12.792893631724155, 13.828178652583002, 11.910161057333124, 31.204023770927165, 3.430607581439972, 19.938636007235573, 2.314439574135008, 0.7383658042800789, 11.910161057333084, 4.153548183312978, 0.33766268503495667, 1.7850131730599514, 0.16087264498499998, 3.269734936455052, 0.337662685035, 31.204023770927165, 4.8323338566580105, 4.153548183312978, 35.72372383115817, 3.430607581439972, 19.938636007235573, 5.27222982759813]","['PGL', 'G6PDH2r', 'GND', 'NADH16']","['PFL', 'ACALD', 'ALCD2x', 'ETOHt2r', 'EX_etoh_e', 'EX_for_e', 'FORt']","['PFK', 'PGK', 'PGM', 'PIt2r', 'PPC', 'ACONTa', 'ACONTb', 'AKGDH', 'ATPS4r', 'PYK', 'BIOMASS_Ecoli_core_w_GAM', 'CO2t', 'RPE', 'CS', 'RPI', 'CYTBD', 'ENO', 'SUCDi', 'SUCOAS', 'THD2', 'TKT2', 'TPI', 'EX_co2_e', 'EX_h2o_e', 'EX_nh4_e', 'EX_o2_e', 'EX_pi_e', 'FBA', 'FUM', 'GAPD', 'GLNS', 'GLUDy', 'H2Ot', 'ICDHyr', 'MDH', 'NH4t', 'O2t', 'PDH']",NADH16,FORt,422.0371500259857,1,49,38,-11.0,-166.153153977595,e_coli_core,PSL,False,True,0.0,-633.531351169279,0.0,22.809833310205
14,"['PFL', 'PGI', 'PIt2r', 'PPC', 'ACONTa', 'ACONTb', 'ATPM', 'AKGDH', 'BIOMASS_Ecoli_core_w_GAM', 'CO2t', 'CS', 'SUCDi', 'SUCOAS', 'EX_co2_e', 'EX_for_e', 'EX_h_e', 'EX_h2o_e', 'EX_nh4_e', 'EX_pi_e', 'FBP', 'FORt', 'FUM', 'GLUDy', 'GLUN', 'H2Ot', 'ICDHyr', 'MDH', 'ME1', 'NADTRHD', 'NH4t', 'PDH']","[5.6498574826814645, -0.502141624359183, -0.23774159172330656, 0.13022890735355608, 0.7407039729300777, 0.7407039729300777, 3.038992790544171, 0.8104295290531807, -0.06462652342491981, 2.899643465072245, 0.7407039729300342, 0.8104295290531807, -0.8104295290531809, -2.8996434650723586, 5.6498574826814645, 4.353449422777658, -3.3704089123089034, 0.35239550693142974, 0.23774159172330656, 0.10751268436969852, -5.649857482681455, 0.8104295290531809, 0.33587050489165904, 0.01652500203975199, 3.3704089123087897, 0.7407039729300777, 0.49500685617317686, 0.31542267288000647, 2.9493024856719927, -0.35239550693142974, -5.151360794243345]","[5.6498574826814645, 0.502141624359183, 0.23774159172330656, 0.13022890735355608, 0.7407039729300777, 0.7407039729300777, 3.038992790544171, 0.8104295290531807, 0.06462652342491981, 2.899643465072245, 0.7407039729300342, 0.8104295290531807, 0.8104295290531809, 2.8996434650723586, 5.6498574826814645, 4.353449422777658, 3.3704089123089034, 0.35239550693142974, 0.23774159172330656, 0.10751268436969852, 5.649857482681455, 0.8104295290531809, 0.33587050489165904, 0.01652500203975199, 3.3704089123087897, 0.7407039729300777, 0.49500685617317686, 0.31542267288000647, 2.9493024856719927, 0.35239550693142974, 5.151360794243345]",['PDH'],"['PFL', 'EX_for_e', 'FBP', 'FORt', 'GLUN', 'ME1']","['PGI', 'PIt2r', 'PPC', 'ACONTa', 'ACONTb', 'ATPM', 'AKGDH', 'BIOMASS_Ecoli_core_w_GAM', 'CO2t', 'CS', 'SUCDi', 'SUCOAS', 'EX_co2_e', 'EX_h_e', 'EX_h2o_e', 'EX_nh4_e', 'EX_pi_e', 'FUM', 'GLUDy', 'H2Ot', 'ICDHyr', 'MDH', 'NADTRHD', 'NH4t']",PDH,PFL,59.82545777559682,1,31,24,13.0,16.2577148171821,e_coli_core,PSL,False,False,0.0,0.0,0.223461729331828,0.0
15,"['PFL', 'PGI', 'PIt2r', 'PPC', 'ACONTa', 'ACONTb', 'ATPM', 'AKGDH', 'BIOMASS_Ecoli_core_w_GAM', 'CO2t', 'CS', 'SUCOAS', 'EX_co2_e', 'EX_for_e', 'EX_h_e', 'EX_h2o_e', 'EX_nh4_e', 'EX_pi_e', 'FBP', 'FORt', 'FRD7', 'FUM', 'GLUDy', 'GLUN', 'H2Ot', 'ICDHyr', 'MDH', 'ME1', 'NADTRHD', 'NH4t', 'PDH']","[5.649857482681471, -0.5021416243592967, -0.23774159172330656, 0.13022890735355652, 0.7407039729300777, 0.7407039729300777, 3.038992790544171, 0.8104295290531764, -0.06462652342491981, 2.899643465072245, 0.7407039729300311, -0.8104295290531809, -2.8996434650723586, 5.649857482681471, 4.353449422777658, -3.3704089123089034, 0.35239550693142974, 0.23774159172330656, 0.10751268436969807, -5.649857482681455, -0.8104295290531764, 0.8104295290531809, 0.33587050489165904, 0.01652500203975199, 3.3704089123087897, 0.7407039729300777, 0.49500685617317686, 0.31542267288000403, 2.9493024856719927, -0.35239550693142974, -5.151360794243354]","[5.649857482681471, 0.5021416243592967, 0.23774159172330656, 0.13022890735355652, 0.7407039729300777, 0.7407039729300777, 3.038992790544171, 0.8104295290531764, 0.06462652342491981, 2.899643465072245, 0.7407039729300311, 0.8104295290531809, 2.8996434650723586, 5.649857482681471, 4.353449422777658, 3.3704089123089034, 0.35239550693142974, 0.23774159172330656, 0.10751268436969807, 5.649857482681455, 0.8104295290531764, 0.8104295290531809, 0.33587050489165904, 0.01652500203975199, 3.3704089123087897, 0.7407039729300777, 0.49500685617317686, 0.31542267288000403, 2.9493024856719927, 0.35239550693142974, 5.151360794243354]","['FRD7', 'PDH']","['PFL', 'EX_for_e', 'FBP', 'FORt', 'GLUN', 'ME1']","['PGI', 'PIt2r', 'PPC', 'ACONTa', 'ACONTb', 'ATPM', 'AKGDH', 'BIOMASS_Ecoli_core_w_GAM', 'CO2t', 'CS', 'SUCOAS', 'EX_co2_e', 'EX_h_e', 'EX_h2o_e', 'EX_nh4_e', 'EX_pi_e', 'FUM', 'GLUDy', 'H2Ot', 'ICDHyr', 'MDH', 'NADTRHD', 'NH4t']",PDH,FORt,59.825457775596796,1,31,23,11.0,14.63685575907562,e_coli_core,PSL,False,True,0.0,-633.531351169279,0.223461729331828,22.809833310205
0,"['3HAD100', '3HAD40', '3HAD60', '3HAD80', '3OAR40', '3OAR60', '3OAR80', '3OAS100', '3OAR100', 'ACACT1r', 'ACACT2r', 'ACACT3r', '3OAS60', '3OAS80', 'ACACT4r', 'ACOAD1f', 'ACOAD2f', 'ACOAD3f', 'ACOAD4f', 'ACOATA', 'EAR100x', 'EAR40x', 'EAR60x', 'EAR80x', 'ECOAH1', 'ECOAH2', 'ECOAH3', 'ECOAH4', 'FADRx2', 'FA100ACPHi', 'FACOAE100', 'HACD1', 'HACD2', 'HACD3', 'HACD4', 'KAS15', 'MACPD']","[0.3321620571080232, 0.3321620571080232, 0.3321620571080232, 0.3321620571080232, 0.3321620571080075, 0.3321620571080075, 0.3321620571080075, 0.3321620571080232, 0.3321620571080075, -0.3321620571080075, -0.3321620571080075, -0.3321620571080075, 0.3321620571080232, 0.3321620571080232, -0.3321620571080075, 0.3321620571080075, 0.3321620571080075, 0.3321620571080075, 0.3321620571080075, 1.328648228433849, 0.3321620571080232, 0.3321620571080232, 0.3321620571080232, 0.3321620571080232, -0.3321620571080075, -0.3321620571080075, -0.3321620571080075, -0.3321620571080075, -1.3286482284319647, 0.332162057108, -0.332162057108, -0.3321620571080075, -0.3321620571080075, -0.3321620571080075, -0.3321620571080075, 0.3321620571080232, -1.328648228433904]","[0.3321620571080232, 0.3321620571080232, 0.3321620571080232, 0.3321620571080232, 0.3321620571080075, 0.3321620571080075, 0.3321620571080075, 0.3321620571080232, 0.3321620571080075, 0.3321620571080075, 0.3321620571080075, 0.3321620571080075, 0.3321620571080232, 0.3321620571080232, 0.3321620571080075, 0.3321620571080075, 0.3321620571080075, 0.3321620571080075, 0.3321620571080075, 1.328648228433849, 0.3321620571080232, 0.3321620571080232, 0.3321620571080232, 0.3321620571080232, 0.3321620571080075, 0.3321620571080075, 0.3321620571080075, 0.3321620571080075, 1.3286482284319647, 0.332162057108, 0.332162057108, 0.3321620571080075, 0.3321620571080075, 0.3321620571080075, 0.3321620571080075, 0.3321620571080232, 1.328648228433904]","['3HAD100', '3HAD40', '3HAD60', '3HAD80', '3OAR40', '3OAR60', '3OAR80', '3OAS100', '3OAR100', '3OAS60', '3OAS80', 'EAR100x', 'EAR40x', 'EAR60x', 'EAR80x', 'FA100ACPHi', 'KAS15']","['ACACT1r', 'ACACT2r', 'ACACT3r', 'ACACT4r', 'ACOAD1f', 'ACOAD2f', 'ACOAD3f', 'ACOAD4f', 'ACOATA', 'ECOAH1', 'ECOAH2', 'ECOAH3', 'ECOAH4', 'FADRx2', 'FACOAE100', 'HACD1', 'HACD2', 'HACD3', 'HACD4', 'MACPD']",[],ACACT1r,3HAD100,15.279454626968464,1,37,0,-7.0,-1.328648228432229,iECW_1372,PSL,True,False,-8.86501507738546,0.0,0.0,0.0
1,"['3HAD40', '3HAD60', '3HAD80', '3OAR40', '3OAR60', '3OAR80', 'ACACT1r', 'ACACT2r', 'ACACT3r', '3OAS60', '3OAS80', 'ACOAD1f', 'ACOAD2f', 'ACOAD3f', 'ACOATA', 'EAR40x', 'EAR60x', 'EAR80x', 'ECOAH1', 'ECOAH2', 'ECOAH3', 'FACOAE80', 'FADRx2', 'FA80ACPHi', 'HACD1', 'HACD2', 'HACD3', 'KAS15', 'MACPD']","[0.3321620571080003, 0.3321620571080003, 0.3321620571080003, 0.3321620571080003, 0.3321620571080003, 0.3321620571080003, -0.33216205710799995, -0.33216205710799995, -0.33216205710799995, 0.3321620571080003, 0.3321620571080003, 0.33216205710799995, 0.33216205710799995, 0.33216205710799995, 0.9964861713240012, 0.3321620571080003, 0.3321620571080003, 0.3321620571080003, -0.33216205710799995, -0.33216205710799995, -0.33216205710799995, -0.33216205710799995, -0.9964861713238978, 0.33216205710842567, -0.33216205710799995, -0.33216205710799995, -0.33216205710799995, 0.3321620571080003, -0.9964861713240012]","[0.3321620571080003, 0.3321620571080003, 0.3321620571080003, 0.3321620571080003, 0.3321620571080003, 0.3321620571080003, 0.33216205710799995, 0.33216205710799995, 0.33216205710799995, 0.3321620571080003, 0.3321620571080003, 0.33216205710799995, 0.33216205710799995, 0.33216205710799995, 0.9964861713240012, 0.3321620571080003, 0.3321620571080003, 0.3321620571080003, 0.33216205710799995, 0.33216205710799995, 0.33216205710799995, 0.33216205710799995, 0.9964861713238978, 0.33216205710842567, 0.33216205710799995, 0.33216205710799995, 0.33216205710799995, 0.3321620571080003, 0.9964861713240012]","['3HAD40', '3HAD60', '3HAD80', '3OAR40', '3OAR60', '3OAR80', '3OAS60', '3OAS80', 'EAR40x', 'EAR60x', 'EAR80x', 'FA80ACPHi', 'KAS15']","['ACACT1r', 'ACACT2r', 'ACACT3r', 'ACOAD1f', 'ACOAD2f', 'ACOAD3f', 'ACOATA', 'ECOAH1', 'ECOAH2', 'ECOAH3', 'FACOAE80', 'FADRx2', 'HACD1', 'HACD2', 'HACD3', 'MACPD']",[],ACACT1r,3HAD40,11.62567199878003,1,29,0,-5.0,-0.9964861713245319,iECW_1372,PSL,True,False,-8.86501507738546,0.0,0.0,0.0
2,"['3HAD40', '3HAD60', '3HAD80', '3OAR40', '3OAR60', '3OAR80', 'ACACT1r', 'ACACT2r', 'ACACT3r', '3OAS60', '3OAS80', 'ACOAD1f', 'ACOAD2f', 'ACOAD3f', 'ACOATA', 'EAR40x', 'EAR60x', 'EAR80x', 'ECOAH1', 'ECOAH2', 'ECOAH3', 'FACOAE80', 'FADRx2', 'FA80ACPHi', 'HACD1', 'HACD2', 'HACD3', 'KAS15', 'MACPD']","[0.3321620571080003, 0.3321620571080003, 0.3321620571080003, 0.3321620571080003, 0.3321620571080003, 0.3321620571080003, -0.33216205710799995, -0.33216205710799995, -0.33216205710799995, 0.3321620571080003, 0.3321620571080003, 0.33216205710799995, 0.33216205710799995, 0.33216205710799995, 0.9964861713240012, 0.3321620571080003, 0.3321620571080003, 0.3321620571080003, -0.33216205710799995, -0.33216205710799995, -0.33216205710799995, -0.33216205710799995, -0.9964861713238978, 0.33216205710842567, -0.33216205710799995, -0.33216205710799995, -0.33216205710799995, 0.3321620571080003, -0.9964861713240012]","[0.3321620571080003, 0.3321620571080003, 0.3321620571080003, 0.3321620571080003, 0.3321620571080003, 0.3321620571080003, 0.33216205710799995, 0.33216205710799995, 0.33216205710799995, 0.3321620571080003, 0.3321620571080003, 0.33216205710799995, 0.33216205710799995, 0.33216205710799995, 0.9964861713240012, 0.3321620571080003, 0.3321620571080003, 0.3321620571080003, 0.33216205710799995, 0.33216205710799995, 0.33216205710799995, 0.33216205710799995, 0.9964861713238978, 0.33216205710842567, 0.33216205710799995, 0.33216205710799995, 0.33216205710799995, 0.3321620571080003, 0.9964861713240012]","['3HAD40', '3HAD60', '3HAD80', '3OAR40', '3OAR60', '3OAR80', '3OAS60', '3OAS80', 'EAR40x', 'EAR60x', 'EAR80x', 'FA80ACPHi', 'KAS15']","['ACACT1r', 'ACACT2r', 'ACACT3r', 'ACOAD1f', 'ACOAD2f', 'ACOAD3f', 'ACOATA', 'ECOAH1', 'ECOAH2', 'ECOAH3', 'FACOAE80', 'FADRx2', 'HACD1', 'HACD2', 'HACD3', 'MACPD']",[],ACACT1r,3HAD60,11.62567199878003,1,29,0,-5.0,-0.9964861713245319,iECW_1372,PSL,True,False,-8.86501507738546,0.0,0.0,0.0
3,"['3HAD40', '3HAD60', '3HAD80', '3OAR40', '3OAR60', '3OAR80', 'ACACT1r', 'ACACT2r', 'ACACT3r', '3OAS60', '3OAS80', 'ACOAD1f', 'ACOAD2f', 'ACOAD3f', 'ACOATA', 'EAR40x', 'EAR60x', 'EAR80x', 'ECOAH1', 'ECOAH2', 'ECOAH3', 'FACOAE80', 'FADRx2', 'FA80ACPHi', 'HACD1', 'HACD2', 'HACD3', 'KAS15', 'MACPD']","[0.3321620571080003, 0.3321620571080003, 0.3321620571080003, 0.3321620571080003, 0.3321620571080003, 0.3321620571080003, -0.33216205710799995, -0.33216205710799995, -0.33216205710799995, 0.3321620571080003, 0.3321620571080003, 0.33216205710799995, 0.33216205710799995, 0.33216205710799995, 0.9964861713240012, 0.3321620571080003, 0.3321620571080003, 0.3321620571080003, -0.33216205710799995, -0.33216205710799995, -0.33216205710799995, -0.33216205710799995, -0.9964861713238978, 0.33216205710842567, -0.33216205710799995, -0.33216205710799995, -0.33216205710799995, 0.3321620571080003, -0.9964861713240012]","[0.3321620571080003, 0.3321620571080003, 0.3321620571080003, 0.3321620571080003, 0.3321620571080003, 0.3321620571080003, 0.33216205710799995, 0.33216205710799995, 0.33216205710799995, 0.3321620571080003, 0.3321620571080003, 0.33216205710799995, 0.33216205710799995, 0.33216205710799995, 0.9964861713240012, 0.3321620571080003, 0.3321620571080003, 0.3321620571080003, 0.33216205710799995, 0.33216205710799995, 0.33216205710799995, 0.33216205710799995, 0.9964861713238978, 0.33216205710842567, 0.33216205710799995, 0.33216205710799995, 0.33216205710799995, 0.3321620571080003, 0.9964861713240012]","['3HAD40', '3HAD60', '3HAD80', '3OAR40', '3OAR60', '3OAR80', '3OAS60', '3OAS80', 'EAR40x', 'EAR60x', 'EAR80x', 'FA80ACPHi', 'KAS15']","['ACACT1r', 'ACACT2r', 'ACACT3r', 'ACOAD1f', 'ACOAD2f', 'ACOAD3f', 'ACOATA', 'ECOAH1', 'ECOAH2', 'ECOAH3', 'FACOAE80', 'FADRx2', 'HACD1', 'HACD2', 'HACD3', 'MACPD']",[],ACACT1r,3HAD80,11.62567199878003,1,29,0,-5.0,-0.9964861713245319,iECW_1372,PSL,True,False,-8.86501507738546,0.0,0.0,-0.0051138002733068
4,"['3HAD40', '3HAD60', '3HAD80', '3OAR40', '3OAR60', '3OAR80', 'ACACT1r', 'ACACT2r', 'ACACT3r', '3OAS60', '3OAS80', 'ACOAD1f', 'ACOAD2f', 'ACOAD3f', 'ACOATA', 'EAR40x', 'EAR60x', 'EAR80x', 'ECOAH1', 'ECOAH2', 'ECOAH3', 'FACOAE80', 'FADRx2', 'FA80ACPHi', 'HACD1', 'HACD2', 'HACD3', 'KAS15', 'MACPD']","[0.3321620571080003, 0.3321620571080003, 0.3321620571080003, 0.3321620571080003, 0.3321620571080003, 0.3321620571080003, -0.33216205710799995, -0.33216205710799995, -0.33216205710799995, 0.3321620571080003, 0.3321620571080003, 0.33216205710799995, 0.33216205710799995, 0.33216205710799995, 0.9964861713240012, 0.3321620571080003, 0.3321620571080003, 0.3321620571080003, -0.33216205710799995, -0.33216205710799995, -0.33216205710799995, -0.33216205710799995, -0.9964861713238978, 0.33216205710842567, -0.33216205710799995, -0.33216205710799995, -0.33216205710799995, 0.3321620571080003, -0.9964861713240012]","[0.3321620571080003, 0.3321620571080003, 0.3321620571080003, 0.3321620571080003, 0.3321620571080003, 0.3321620571080003, 0.33216205710799995, 0.33216205710799995, 0.33216205710799995, 0.3321620571080003, 0.3321620571080003, 0.33216205710799995, 0.33216205710799995, 0.33216205710799995, 0.9964861713240012, 0.3321620571080003, 0.3321620571080003, 0.3321620571080003, 0.33216205710799995, 0.33216205710799995, 0.33216205710799995, 0.33216205710799995, 0.9964861713238978, 0.33216205710842567, 0.33216205710799995, 0.33216205710799995, 0.33216205710799995, 0.3321620571080003, 0.9964861713240012]","['3HAD40', '3HAD60', '3HAD80', '3OAR40', '3OAR60', '3OAR80', '3OAS60', '3OAS80', 'EAR40x', 'EAR60x', 'EAR80x', 'FA80ACPHi', 'KAS15']","['ACACT1r', 'ACACT2r', 'ACACT3r', 'ACOAD1f', 'ACOAD2f', 'ACOAD3f', 'ACOATA', 'ECOAH1', 'ECOAH2', 'ECOAH3', 'FACOAE80', 'FADRx2', 'HACD1', 'HACD2', 'HACD3', 'MACPD']",[],ACACT1r,3OAR40,11.62567199878003,1,29,0,-5.0,-0.9964861713245319,iECW_1372,PSL,True,False,-8.86501507738546,0.0,0.0,0.0
5,"['3HAD40', '3HAD60', '3HAD80', '3OAR40', '3OAR60', '3OAR80', 'ACACT1r', 'ACACT2r', 'ACACT3r', '3OAS60', '3OAS80', 'ACOAD1f', 'ACOAD2f', 'ACOAD3f', 'ACOATA', 'EAR40x', 'EAR60x', 'EAR80x', 'ECOAH1', 'ECOAH2', 'ECOAH3', 'FACOAE80', 'FADRx2', 'FA80ACPHi', 'HACD1', 'HACD2', 'HACD3', 'KAS15', 'MACPD']","[0.3321620571080003, 0.3321620571080003, 0.3321620571080003, 0.3321620571080003, 0.3321620571080003, 0.3321620571080003, -0.33216205710799995, -0.33216205710799995, -0.33216205710799995, 0.3321620571080003, 0.3321620571080003, 0.33216205710799995, 0.33216205710799995, 0.33216205710799995, 0.9964861713240012, 0.3321620571080003, 0.3321620571080003, 0.3321620571080003, -0.33216205710799995, -0.33216205710799995, -0.33216205710799995, -0.33216205710799995, -0.9964861713238978, 0.33216205710842567, -0.33216205710799995, -0.33216205710799995, -0.33216205710799995, 0.3321620571080003, -0.9964861713240012]","[0.3321620571080003, 0.3321620571080003, 0.3321620571080003, 0.3321620571080003, 0.3321620571080003, 0.3321620571080003, 0.33216205710799995, 0.33216205710799995, 0.33216205710799995, 0.3321620571080003, 0.3321620571080003, 0.33216205710799995, 0.33216205710799995, 0.33216205710799995, 0.9964861713240012, 0.3321620571080003, 0.3321620571080003, 0.3321620571080003, 0.33216205710799995, 0.33216205710799995, 0.33216205710799995, 0.33216205710799995, 0.9964861713238978, 0.33216205710842567, 0.33216205710799995, 0.33216205710799995, 0.33216205710799995, 0.3321620571080003, 0.9964861713240012]","['3HAD40', '3HAD60', '3HAD80', '3OAR40', '3OAR60', '3OAR80', '3OAS60', '3OAS80', 'EAR40x', 'EAR60x', 'EAR80x', 'FA80ACPHi', 'KAS15']","['ACACT1r', 'ACACT2r', 'ACACT3r', 'ACOAD1f', 'ACOAD2f', 'ACOAD3f', 'ACOATA', 'ECOAH1', 'ECOAH2', 'ECOAH3', 'FACOAE80', 'FADRx2', 'HACD1', 'HACD2', 'HACD3', 'MACPD']",[],ACACT1r,3OAR60,11.62567199878003,1,29,0,-5.0,-0.9964861713245319,iECW_1372,PSL,True,False,-8.86501507738546,0.0,0.0,0.0
6,"['3HAD40', '3HAD60', '3HAD80', '3OAR40', '3OAR60', '3OAR80', 'ACACT1r', 'ACACT2r', 'ACACT3r', '3OAS60', '3OAS80', 'ACOAD1f', 'ACOAD2f', 'ACOAD3f', 'ACOATA', 'EAR40x', 'EAR60x', 'EAR80x', 'ECOAH1', 'ECOAH2', 'ECOAH3', 'FACOAE80', 'FADRx2', 'FA80ACPHi', 'HACD1', 'HACD2', 'HACD3', 'KAS15', 'MACPD']","[0.3321620571080003, 0.3321620571080003, 0.3321620571080003, 0.3321620571080003, 0.3321620571080003, 0.3321620571080003, -0.33216205710799995, -0.33216205710799995, -0.33216205710799995, 0.3321620571080003, 0.3321620571080003, 0.33216205710799995, 0.33216205710799995, 0.33216205710799995, 0.9964861713240012, 0.3321620571080003, 0.3321620571080003, 0.3321620571080003, -0.33216205710799995, -0.33216205710799995, -0.33216205710799995, -0.33216205710799995, -0.9964861713238978, 0.33216205710842567, -0.33216205710799995, -0.33216205710799995, -0.33216205710799995, 0.3321620571080003, -0.9964861713240012]","[0.3321620571080003, 0.3321620571080003, 0.3321620571080003, 0.3321620571080003, 0.3321620571080003, 0.3321620571080003, 0.33216205710799995, 0.33216205710799995, 0.33216205710799995, 0.3321620571080003, 0.3321620571080003, 0.33216205710799995, 0.33216205710799995, 0.33216205710799995, 0.9964861713240012, 0.3321620571080003, 0.3321620571080003, 0.3321620571080003, 0.33216205710799995, 0.33216205710799995, 0.33216205710799995, 0.33216205710799995, 0.9964861713238978, 0.33216205710842567, 0.33216205710799995, 0.33216205710799995, 0.33216205710799995, 0.3321620571080003, 0.9964861713240012]","['3HAD40', '3HAD60', '3HAD80', '3OAR40', '3OAR60', '3OAR80', '3OAS60', '3OAS80', 'EAR40x', 'EAR60x', 'EAR80x', 'FA80ACPHi', 'KAS15']","['ACACT1r', 'ACACT2r', 'ACACT3r', 'ACOAD1f', 'ACOAD2f', 'ACOAD3f', 'ACOATA', 'ECOAH1', 'ECOAH2', 'ECOAH3', 'FACOAE80', 'FADRx2', 'HACD1', 'HACD2', 'HACD3', 'MACPD']",[],ACACT1r,3OAR80,11.62567199878003,1,29,0,-5.0,-0.9964861713245319,iECW_1372,PSL,True,False,-8.86501507738546,0.0,0.0,0.0
7,"['3HAD100', '3HAD40', '3HAD60', '3HAD80', '3OAR40', '3OAR60', '3OAR80', '3OAS100', '3OAR100', 'ACACT1r', 'ACACT2r', 'ACACT3r', '3OAS60', '3OAS80', 'ACACT4r', 'ACOAD1f', 'ACOAD2f', 'ACOAD3f', 'ACOAD4f', 'ACOATA', 'EAR100x', 'EAR40x', 'EAR60x', 'EAR80x', 'ECOAH1', 'ECOAH2', 'ECOAH3', 'ECOAH4', 'FADRx2', 'FA100ACPHi', 'FACOAE100', 'HACD1', 'HACD2', 'HACD3', 'HACD4', 'KAS15', 'MACPD']","[0.3321620571080232, 0.3321620571080232, 0.3321620571080232, 0.3321620571080232, 0.3321620571080075, 0.3321620571080075, 0.3321620571080075, 0.3321620571080232, 0.3321620571080075, -0.3321620571080075, -0.3321620571080075, -0.3321620571080075, 0.3321620571080232, 0.3321620571080232, -0.3321620571080075, 0.3321620571080075, 0.3321620571080075, 0.3321620571080075, 0.3321620571080075, 1.328648228433849, 0.3321620571080232, 0.3321620571080232, 0.3321620571080232, 0.3321620571080232, -0.3321620571080075, -0.3321620571080075, -0.3321620571080075, -0.3321620571080075, -1.3286482284319647, 0.332162057108, -0.332162057108, -0.3321620571080075, -0.3321620571080075, -0.3321620571080075, -0.3321620571080075, 0.3321620571080232, -1.328648228433904]","[0.3321620571080232, 0.3321620571080232, 0.3321620571080232, 0.3321620571080232, 0.3321620571080075, 0.3321620571080075, 0.3321620571080075, 0.3321620571080232, 0.3321620571080075, 0.3321620571080075, 0.3321620571080075, 0.3321620571080075, 0.3321620571080232, 0.3321620571080232, 0.3321620571080075, 0.3321620571080075, 0.3321620571080075, 0.3321620571080075, 0.3321620571080075, 1.328648228433849, 0.3321620571080232, 0.3321620571080232, 0.3321620571080232, 0.3321620571080232, 0.3321620571080075, 0.3321620571080075, 0.3321620571080075, 0.3321620571080075, 1.3286482284319647, 0.332162057108, 0.332162057108, 0.3321620571080075, 0.3321620571080075, 0.3321620571080075, 0.3321620571080075, 0.3321620571080232, 1.328648228433904]","['3HAD100', '3HAD40', '3HAD60', '3HAD80', '3OAR40', '3OAR60', '3OAR80', '3OAS100', '3OAR100', '3OAS60', '3OAS80', 'EAR100x', 'EAR40x', 'EAR60x', 'EAR80x', 'FA100ACPHi', 'KAS15']","['ACACT1r', 'ACACT2r', 'ACACT3r', 'ACACT4r', 'ACOAD1f', 'ACOAD2f', 'ACOAD3f', 'ACOAD4f', 'ACOATA', 'ECOAH1', 'ECOAH2', 'ECOAH3', 'ECOAH4', 'FADRx2', 'FACOAE100', 'HACD1', 'HACD2', 'HACD3', 'HACD4', 'MACPD']",[],ACACT1r,3OAS100,15.279454626968464,1,37,0,-7.0,-1.328648228432229,iECW_1372,PSL,True,False,-8.86501507738546,0.0,0.0,0.0
8,"['3HAD100', '3HAD40', '3HAD60', '3HAD80', '3OAR40', '3OAR60', '3OAR80', '3OAS100', '3OAR100', 'ACACT1r', 'ACACT2r', 'ACACT3r', '3OAS60', '3OAS80', 'ACACT4r', 'ACOAD1f', 'ACOAD2f', 'ACOAD3f', 'ACOAD4f', 'ACOATA', 'EAR100x', 'EAR40x', 'EAR60x', 'EAR80x', 'ECOAH1', 'ECOAH2', 'ECOAH3', 'ECOAH4', 'FADRx2', 'FA100ACPHi', 'FACOAE100', 'KAS15', 'MACPD']","[0.3321620571079319, 0.3321620571079319, 0.3321620571079319, 0.3321620571079319, 0.3321620571078938, 0.3321620571078938, 0.3321620571078938, 0.3321620571079319, 0.3321620571078938, -0.3321620571080075, -0.3321620571080075, -0.3321620571080075, 0.3321620571079319, 0.3321620571079319, -0.3321620571080075, 0.3321620571080075, 0.3321620571080075, 0.3321620571080075, 0.3321620571080075, 1.3286482284318026, 0.3321620571079319, 0.3321620571079319, 0.3321620571079319, 0.3321620571079319, -0.3321620571080075, -0.3321620571080075, -0.3321620571080075, -0.3321620571080075, -1.3286482284320686, 0.33216205710796637, -0.33216205710796637, 0.3321620571079319, -1.3286482284318453]","[0.3321620571079319, 0.3321620571079319, 0.3321620571079319, 0.3321620571079319, 0.3321620571078938, 0.3321620571078938, 0.3321620571078938, 0.3321620571079319, 0.3321620571078938, 0.3321620571080075, 0.3321620571080075, 0.3321620571080075, 0.3321620571079319, 0.3321620571079319, 0.3321620571080075, 0.3321620571080075, 0.3321620571080075, 0.3321620571080075, 0.3321620571080075, 1.3286482284318026, 0.3321620571079319, 0.3321620571079319, 0.3321620571079319, 0.3321620571079319, 0.3321620571080075, 0.3321620571080075, 0.3321620571080075, 0.3321620571080075, 1.3286482284320686, 0.33216205710796637, 0.33216205710796637, 0.3321620571079319, 1.3286482284318453]","['ACACT1r', 'ACACT2r', 'ACACT3r', 'ACACT4r', 'ACOAD1f', 'ACOAD2f', 'ACOAD3f', 'ACOAD4f', 'ACOATA', 'ECOAH1', 'ECOAH2', 'ECOAH3', 'ECOAH4', 'FADRx2', 'FACOAE100', 'MACPD']","['3HAD100', '3HAD40', '3HAD60', '3HAD80', '3OAR40', '3OAR60', '3OAR80', '3OAS100', '3OAR100', '3OAS60', '3OAS80', 'EAR100x', 'EAR40x', 'EAR60x', 'EAR80x', 'FA100ACPHi', 'KAS15']",[],ACACT1r,3OAR100,15.27945462696826,1,33,0,-11.0,-2.6572964568626167,iECW_1372,PSL,True,False,-8.86501507738546,0.0,0.0,0.0
9,"['3HAD40', '3HAD60', '3HAD80', '3OAR40', '3OAR60', '3OAR80', 'ACACT1r', 'ACACT2r', 'ACACT3r', '3OAS60', '3OAS80', 'ACOAD1f', 'ACOAD2f', 'ACOAD3f', 'ACOATA', 'EAR40x', 'EAR60x', 'EAR80x', 'ECOAH1', 'ECOAH2', 'ECOAH3', 'FACOAE80', 'FADRx2', 'FA80ACPHi', 'HACD1', 'HACD2', 'HACD3', 'KAS15', 'MACPD']","[0.3321620571080003, 0.3321620571080003, 0.3321620571080003, 0.3321620571080003, 0.3321620571080003, 0.3321620571080003, -0.33216205710799995, -0.33216205710799995, -0.33216205710799995, 0.3321620571080003, 0.3321620571080003, 0.33216205710799995, 0.33216205710799995, 0.33216205710799995, 0.9964861713240012, 0.3321620571080003, 0.3321620571080003, 0.3321620571080003, -0.33216205710799995, -0.33216205710799995, -0.33216205710799995, -0.33216205710799995, -0.9964861713238978, 0.33216205710842567, -0.33216205710799995, -0.33216205710799995, -0.33216205710799995, 0.3321620571080003, -0.9964861713240012]","[0.3321620571080003, 0.3321620571080003, 0.3321620571080003, 0.3321620571080003, 0.3321620571080003, 0.3321620571080003, 0.33216205710799995, 0.33216205710799995, 0.33216205710799995, 0.3321620571080003, 0.3321620571080003, 0.33216205710799995, 0.33216205710799995, 0.33216205710799995, 0.9964861713240012, 0.3321620571080003, 0.3321620571080003, 0.3321620571080003, 0.33216205710799995, 0.33216205710799995, 0.33216205710799995, 0.33216205710799995, 0.9964861713238978, 0.33216205710842567, 0.33216205710799995, 0.33216205710799995, 0.33216205710799995, 0.3321620571080003, 0.9964861713240012]","['3HAD40', '3HAD60', '3HAD80', '3OAR40', '3OAR60', '3OAR80', '3OAS60', '3OAS80', 'EAR40x', 'EAR60x', 'EAR80x', 'FA80ACPHi', 'KAS15']","['ACACT1r', 'ACACT2r', 'ACACT3r', 'ACOAD1f', 'ACOAD2f', 'ACOAD3f', 'ACOATA', 'ECOAH1', 'ECOAH2', 'ECOAH3', 'FACOAE80', 'FADRx2', 'HACD1', 'HACD2', 'HACD3', 'MACPD']",[],ACACT1r,3OAS60,11.62567199878003,1,29,0,-5.0,-0.9964861713245319,iECW_1372,PSL,True,False,-8.86501507738546,0.0,0.0,0.0
10,"['3HAD40', '3HAD60', '3HAD80', '3OAR40', '3OAR60', '3OAR80', 'ACACT1r', 'ACACT2r', 'ACACT3r', '3OAS60', '3OAS80', 'ACOAD1f', 'ACOAD2f', 'ACOAD3f', 'ACOATA', 'EAR40x', 'EAR60x', 'EAR80x', 'ECOAH1', 'ECOAH2', 'ECOAH3', 'FACOAE80', 'FADRx2', 'FA80ACPHi', 'HACD1', 'HACD2', 'HACD3', 'KAS15', 'MACPD']","[0.3321620571080003, 0.3321620571080003, 0.3321620571080003, 0.3321620571080003, 0.3321620571080003, 0.3321620571080003, -0.33216205710799995, -0.33216205710799995, -0.33216205710799995, 0.3321620571080003, 0.3321620571080003, 0.33216205710799995, 0.33216205710799995, 0.33216205710799995, 0.9964861713240012, 0.3321620571080003, 0.3321620571080003, 0.3321620571080003, -0.33216205710799995, -0.33216205710799995, -0.33216205710799995, -0.33216205710799995, -0.9964861713238978, 0.33216205710842567, -0.33216205710799995, -0.33216205710799995, -0.33216205710799995, 0.3321620571080003, -0.9964861713240012]","[0.3321620571080003, 0.3321620571080003, 0.3321620571080003, 0.3321620571080003, 0.3321620571080003, 0.3321620571080003, 0.33216205710799995, 0.33216205710799995, 0.33216205710799995, 0.3321620571080003, 0.3321620571080003, 0.33216205710799995, 0.33216205710799995, 0.33216205710799995, 0.9964861713240012, 0.3321620571080003, 0.3321620571080003, 0.3321620571080003, 0.33216205710799995, 0.33216205710799995, 0.33216205710799995, 0.33216205710799995, 0.9964861713238978, 0.33216205710842567, 0.33216205710799995, 0.33216205710799995, 0.33216205710799995, 0.3321620571080003, 0.9964861713240012]","['3HAD40', '3HAD60', '3HAD80', '3OAR40', '3OAR60', '3OAR80', '3OAS60', '3OAS80', 'EAR40x', 'EAR60x', 'EAR80x', 'FA80ACPHi', 'KAS15']","['ACACT1r', 'ACACT2r', 'ACACT3r', 'ACOAD1f', 'ACOAD2f', 'ACOAD3f', 'ACOATA', 'ECOAH1', 'ECOAH2', 'ECOAH3', 'FACOAE80', 'FADRx2', 'HACD1', 'HACD2', 'HACD3', 'MACPD']",[],ACACT1r,3OAS80,11.62567199878003,1,29,0,-5.0,-0.9964861713245319,iECW_1372,PSL,True,False,-8.86501507738546,0.0,0.0,0.0
11,"['3HAD100', '3HAD40', '3HAD60', '3HAD80', '3OAR40', '3OAR60', '3OAR80', '3OAS100', '3OAR100', 'ACACT1r', 'ACACT2r', 'ACACT3r', '3OAS60', '3OAS80', 'ACACT4r', 'ACOAD1f', 'ACOAD2f', 'ACOAD3f', 'ACOAD4f', 'ACOATA', 'EAR100x', 'EAR40x', 'EAR60x', 'EAR80x', 'ECOAH1', 'ECOAH2', 'ECOAH3', 'ECOAH4', 'FADRx2', 'FA100ACPHi', 'FACOAE100', 'KAS15', 'MACPD']","[0.33216205710808006, 0.33216205710808006, 0.33216205710808006, 0.33216205710808006, 0.3321620571081212, 0.3321620571081212, 0.3321620571081212, 0.33216205710808006, 0.3321620571081212, -0.3321620571081212, -0.3321620571081212, -0.3321620571081212, 0.33216205710808006, 0.33216205710808006, -0.3321620571081212, 0.3321620571081212, 0.3321620571081212, 0.3321620571081212, 0.3321620571081212, 1.328648228432371, 0.33216205710808006, 0.33216205710808006, 0.33216205710808006, 0.33216205710808006, -0.3321620571081212, -0.3321620571081212, -0.3321620571081212, -0.3321620571081212, -1.3286482284317613, 0.33216205710808006, -0.33216205710808006, 0.33216205710808006, -1.3286482284323202]","[0.33216205710808006, 0.33216205710808006, 0.33216205710808006, 0.33216205710808006, 0.3321620571081212, 0.3321620571081212, 0.3321620571081212, 0.33216205710808006, 0.3321620571081212, 0.3321620571081212, 0.3321620571081212, 0.3321620571081212, 0.33216205710808006, 0.33216205710808006, 0.3321620571081212, 0.3321620571081212, 0.3321620571081212, 0.3321620571081212, 0.3321620571081212, 1.328648228432371, 0.33216205710808006, 0.33216205710808006, 0.33216205710808006, 0.33216205710808006, 0.3321620571081212, 0.3321620571081212, 0.3321620571081212, 0.3321620571081212, 1.3286482284317613, 0.33216205710808006, 0.33216205710808006, 0.33216205710808006, 1.3286482284323202]","['ACACT1r', 'ACACT2r', 'ACACT3r', 'ACACT4r', 'ACOAD1f', 'ACOAD2f', 'ACOAD3f', 'ACOAD4f', 'ACOATA', 'ECOAH1', 'ECOAH2', 'ECOAH3', 'ECOAH4', 'FADRx2', 'FACOAE100', 'MACPD']","['3HAD100', '3HAD40', '3HAD60', '3HAD80', '3OAR40', '3OAR60', '3OAR80', '3OAS100', '3OAR100', '3OAS60', '3OAS80', 'EAR100x', 'EAR40x', 'EAR60x', 'EAR80x', 'FA100ACPHi', 'KAS15']",[],ACACT2r,3HAD100,15.279454626973873,1,33,0,-11.0,-2.657296456865251,iECW_1372,PSL,True,False,-8.86501507738546,0.0,0.0,0.0
12,"['3HAD40', '3HAD60', '3HAD80', '3OAR40', '3OAR60', '3OAR80', 'ACACT1r', 'ACACT2r', 'ACACT3r', '3OAS60', '3OAS80', 'ACOAD1f', 'ACOAD2f', 'ACOAD3f', 'ACOATA', 'EAR40x', 'EAR60x', 'EAR80x', 'ECOAH1', 'ECOAH2', 'ECOAH3', 'FACOAE80', 'FADRx2', 'FA80ACPHi', 'HACD1', 'HACD2', 'HACD3', 'KAS15', 'MACPD']","[0.33216205710800445, 0.33216205710800445, 0.33216205710800445, 0.3321620571080075, 0.3321620571080075, 0.3321620571080075, -0.3321620571080075, -0.3321620571080075, -0.3321620571080075, 0.33216205710800445, 0.33216205710800445, 0.3321620571080075, 0.3321620571080075, 0.3321620571080075, 0.9964861713240225, 0.33216205710800445, 0.33216205710800445, 0.33216205710800445, -0.3321620571080075, -0.3321620571080075, -0.3321620571080075, -0.332162057108, -0.9964861713245349, 0.3321620571062943, -0.3321620571080075, -0.3321620571080075, -0.3321620571080075, 0.33216205710800445, -0.9964861713240336]","[0.33216205710800445, 0.33216205710800445, 0.33216205710800445, 0.3321620571080075, 0.3321620571080075, 0.3321620571080075, 0.3321620571080075, 0.3321620571080075, 0.3321620571080075, 0.33216205710800445, 0.33216205710800445, 0.3321620571080075, 0.3321620571080075, 0.3321620571080075, 0.9964861713240225, 0.33216205710800445, 0.33216205710800445, 0.33216205710800445, 0.3321620571080075, 0.3321620571080075, 0.3321620571080075, 0.332162057108, 0.9964861713245349, 0.3321620571062943, 0.3321620571080075, 0.3321620571080075, 0.3321620571080075, 0.33216205710800445, 0.9964861713240336]","['3HAD40', '3HAD60', '3HAD80', '3OAR40', '3OAR60', '3OAR80', '3OAS60', '3OAS80', 'EAR40x', 'EAR60x', 'EAR80x', 'FA80ACPHi', 'KAS15']","['ACACT1r', 'ACACT2r', 'ACACT3r', 'ACOAD1f', 'ACOAD2f', 'ACOAD3f', 'ACOATA', 'ECOAH1', 'ECOAH2', 'ECOAH3', 'FACOAE80', 'FADRx2', 'HACD1', 'HACD2', 'HACD3', 'MACPD']",[],ACACT2r,3HAD40,11.625671998780085,1,29,0,-5.0,-0.9964861713217656,iECW_1372,PSL,True,False,-8.86501507738546,0.0,0.0,0.0
13,"['3HAD40', '3HAD60', '3HAD80', '3OAR40', '3OAR60', '3OAR80', 'ACACT1r', 'ACACT2r', 'ACACT3r', '3OAS60', '3OAS80', 'ACOAD1f', 'ACOAD2f', 'ACOAD3f', 'ACOATA', 'EAR40x', 'EAR60x', 'EAR80x', 'ECOAH1', 'ECOAH2', 'ECOAH3', 'FACOAE80', 'FADRx2', 'FA80ACPHi', 'HACD1', 'HACD2', 'HACD3', 'KAS15', 'MACPD']","[0.33216205710800445, 0.33216205710800445, 0.33216205710800445, 0.3321620571080075, 0.3321620571080075, 0.3321620571080075, -0.3321620571080075, -0.3321620571080075, -0.3321620571080075, 0.33216205710800445, 0.33216205710800445, 0.3321620571080075, 0.3321620571080075, 0.3321620571080075, 0.9964861713240225, 0.33216205710800445, 0.33216205710800445, 0.33216205710800445, -0.3321620571080075, -0.3321620571080075, -0.3321620571080075, -0.332162057108, -0.9964861713245349, 0.3321620571062943, -0.3321620571080075, -0.3321620571080075, -0.3321620571080075, 0.33216205710800445, -0.9964861713240336]","[0.33216205710800445, 0.33216205710800445, 0.33216205710800445, 0.3321620571080075, 0.3321620571080075, 0.3321620571080075, 0.3321620571080075, 0.3321620571080075, 0.3321620571080075, 0.33216205710800445, 0.33216205710800445, 0.3321620571080075, 0.3321620571080075, 0.3321620571080075, 0.9964861713240225, 0.33216205710800445, 0.33216205710800445, 0.33216205710800445, 0.3321620571080075, 0.3321620571080075, 0.3321620571080075, 0.332162057108, 0.9964861713245349, 0.3321620571062943, 0.3321620571080075, 0.3321620571080075, 0.3321620571080075, 0.33216205710800445, 0.9964861713240336]","['3HAD40', '3HAD60', '3HAD80', '3OAR40', '3OAR60', '3OAR80', '3OAS60', '3OAS80', 'EAR40x', 'EAR60x', 'EAR80x', 'FA80ACPHi', 'KAS15']","['ACACT1r', 'ACACT2r', 'ACACT3r', 'ACOAD1f', 'ACOAD2f', 'ACOAD3f', 'ACOATA', 'ECOAH1', 'ECOAH2', 'ECOAH3', 'FACOAE80', 'FADRx2', 'HACD1', 'HACD2', 'HACD3', 'MACPD']",[],ACACT2r,3HAD60,11.625671998780085,1,29,0,-5.0,-0.9964861713217656,iECW_1372,PSL,True,False,-8.86501507738546,0.0,0.0,0.0
14,"['3HAD40', '3HAD60', '3HAD80', '3OAR40', '3OAR60', '3OAR80', 'ACACT1r', 'ACACT2r', 'ACACT3r', '3OAS60', '3OAS80', 'ACOAD1f', 'ACOAD2f', 'ACOAD3f', 'ACOATA', 'EAR40x', 'EAR60x', 'EAR80x', 'ECOAH1', 'ECOAH2', 'ECOAH3', 'FACOAE80', 'FADRx2', 'FA80ACPHi', 'HACD1', 'HACD2', 'HACD3', 'KAS15', 'MACPD']","[0.33216205710800445, 0.33216205710800445, 0.33216205710800445, 0.3321620571080075, 0.3321620571080075, 0.3321620571080075, -0.3321620571080075, -0.3321620571080075, -0.3321620571080075, 0.33216205710800445, 0.33216205710800445, 0.3321620571080075, 0.3321620571080075, 0.3321620571080075, 0.9964861713240225, 0.33216205710800445, 0.33216205710800445, 0.33216205710800445, -0.3321620571080075, -0.3321620571080075, -0.3321620571080075, -0.332162057108, -0.9964861713245349, 0.3321620571062943, -0.3321620571080075, -0.3321620571080075, -0.3321620571080075, 0.33216205710800445, -0.9964861713240336]","[0.33216205710800445, 0.33216205710800445, 0.33216205710800445, 0.3321620571080075, 0.3321620571080075, 0.3321620571080075, 0.3321620571080075, 0.3321620571080075, 0.3321620571080075, 0.33216205710800445, 0.33216205710800445, 0.3321620571080075, 0.3321620571080075, 0.3321620571080075, 0.9964861713240225, 0.33216205710800445, 0.33216205710800445, 0.33216205710800445, 0.3321620571080075, 0.3321620571080075, 0.3321620571080075, 0.332162057108, 0.9964861713245349, 0.3321620571062943, 0.3321620571080075, 0.3321620571080075, 0.3321620571080075, 0.33216205710800445, 0.9964861713240336]","['3HAD40', '3HAD60', '3HAD80', '3OAR40', '3OAR60', '3OAR80', '3OAS60', '3OAS80', 'EAR40x', 'EAR60x', 'EAR80x', 'FA80ACPHi', 'KAS15']","['ACACT1r', 'ACACT2r', 'ACACT3r', 'ACOAD1f', 'ACOAD2f', 'ACOAD3f', 'ACOATA', 'ECOAH1', 'ECOAH2', 'ECOAH3', 'FACOAE80', 'FADRx2', 'HACD1', 'HACD2', 'HACD3', 'MACPD']",[],ACACT2r,3HAD80,11.625671998780085,1,29,0,-5.0,-0.9964861713217656,iECW_1372,PSL,True,False,-8.86501507738546,0.0,0.0,-0.0051138002733068
15,"['3HAD40', '3HAD60', '3HAD80', '3OAR40', '3OAR60', '3OAR80', 'ACACT1r', 'ACACT2r', 'ACACT3r', '3OAS60', '3OAS80', 'ACOAD1f', 'ACOAD2f', 'ACOAD3f', 'ACOATA', 'EAR40x', 'EAR60x', 'EAR80x', 'ECOAH1', 'ECOAH2', 'ECOAH3', 'FACOAE80', 'FADRx2', 'FA80ACPHi', 'HACD1', 'HACD2', 'HACD3', 'KAS15', 'MACPD']","[0.33216205710800445, 0.33216205710800445, 0.33216205710800445, 0.3321620571080075, 0.3321620571080075, 0.3321620571080075, -0.3321620571080075, -0.3321620571080075, -0.3321620571080075, 0.33216205710800445, 0.33216205710800445, 0.3321620571080075, 0.3321620571080075, 0.3321620571080075, 0.9964861713240225, 0.33216205710800445, 0.33216205710800445, 0.33216205710800445, -0.3321620571080075, -0.3321620571080075, -0.3321620571080075, -0.332162057108, -0.9964861713245349, 0.3321620571062943, -0.3321620571080075, -0.3321620571080075, -0.3321620571080075, 0.33216205710800445, -0.9964861713240336]","[0.33216205710800445, 0.33216205710800445, 0.33216205710800445, 0.3321620571080075, 0.3321620571080075, 0.3321620571080075, 0.3321620571080075, 0.3321620571080075, 0.3321620571080075, 0.33216205710800445, 0.33216205710800445, 0.3321620571080075, 0.3321620571080075, 0.3321620571080075, 0.9964861713240225, 0.33216205710800445, 0.33216205710800445, 0.33216205710800445, 0.3321620571080075, 0.3321620571080075, 0.3321620571080075, 0.332162057108, 0.9964861713245349, 0.3321620571062943, 0.3321620571080075, 0.3321620571080075, 0.3321620571080075, 0.33216205710800445, 0.9964861713240336]","['3HAD40', '3HAD60', '3HAD80', '3OAR40', '3OAR60', '3OAR80', '3OAS60', '3OAS80', 'EAR40x', 'EAR60x', 'EAR80x', 'FA80ACPHi', 'KAS15']","['ACACT1r', 'ACACT2r', 'ACACT3r', 'ACOAD1f', 'ACOAD2f', 'ACOAD3f', 'ACOATA', 'ECOAH1', 'ECOAH2', 'ECOAH3', 'FACOAE80', 'FADRx2', 'HACD1', 'HACD2', 'HACD3', 'MACPD']",[],ACACT2r,3OAR40,11.625671998780085,1,29,0,-5.0,-0.9964861713217656,iECW_1372,PSL,True,False,-8.86501507738546,0.0,0.0,0.0
16,"['3HAD40', '3HAD60', '3HAD80', '3OAR40', '3OAR60', '3OAR80', 'ACACT1r', 'ACACT2r', 'ACACT3r', '3OAS60', '3OAS80', 'ACOAD1f', 'ACOAD2f', 'ACOAD3f', 'ACOATA', 'EAR40x', 'EAR60x', 'EAR80x', 'ECOAH1', 'ECOAH2', 'ECOAH3', 'FACOAE80', 'FADRx2', 'FA80ACPHi', 'HACD1', 'HACD2', 'HACD3', 'KAS15', 'MACPD']","[0.33216205710800445, 0.33216205710800445, 0.33216205710800445, 0.3321620571080075, 0.3321620571080075, 0.3321620571080075, -0.3321620571080075, -0.3321620571080075, -0.3321620571080075, 0.33216205710800445, 0.33216205710800445, 0.3321620571080075, 0.3321620571080075, 0.3321620571080075, 0.9964861713240225, 0.33216205710800445, 0.33216205710800445, 0.33216205710800445, -0.3321620571080075, -0.3321620571080075, -0.3321620571080075, -0.332162057108, -0.9964861713245349, 0.3321620571062943, -0.3321620571080075, -0.3321620571080075, -0.3321620571080075, 0.33216205710800445, -0.9964861713240336]","[0.33216205710800445, 0.33216205710800445, 0.33216205710800445, 0.3321620571080075, 0.3321620571080075, 0.3321620571080075, 0.3321620571080075, 0.3321620571080075, 0.3321620571080075, 0.33216205710800445, 0.33216205710800445, 0.3321620571080075, 0.3321620571080075, 0.3321620571080075, 0.9964861713240225, 0.33216205710800445, 0.33216205710800445, 0.33216205710800445, 0.3321620571080075, 0.3321620571080075, 0.3321620571080075, 0.332162057108, 0.9964861713245349, 0.3321620571062943, 0.3321620571080075, 0.3321620571080075, 0.3321620571080075, 0.33216205710800445, 0.9964861713240336]","['3HAD40', '3HAD60', '3HAD80', '3OAR40', '3OAR60', '3OAR80', '3OAS60', '3OAS80', 'EAR40x', 'EAR60x', 'EAR80x', 'FA80ACPHi', 'KAS15']","['ACACT1r', 'ACACT2r', 'ACACT3r', 'ACOAD1f', 'ACOAD2f', 'ACOAD3f', 'ACOATA', 'ECOAH1', 'ECOAH2', 'ECOAH3', 'FACOAE80', 'FADRx2', 'HACD1', 'HACD2', 'HACD3', 'MACPD']",[],ACACT2r,3OAR60,11.625671998780085,1,29,0,-5.0,-0.9964861713217656,iECW_1372,PSL,True,False,-8.86501507738546,0.0,0.0,0.0
17,"['3HAD40', '3HAD60', '3HAD80', '3OAR40', '3OAR60', '3OAR80', 'ACACT1r', 'ACACT2r', 'ACACT3r', '3OAS60', '3OAS80', 'ACOAD1f', 'ACOAD2f', 'ACOAD3f', 'ACOATA', 'EAR40x', 'EAR60x', 'EAR80x', 'ECOAH1', 'ECOAH2', 'ECOAH3', 'FACOAE80', 'FADRx2', 'FA80ACPHi', 'HACD1', 'HACD2', 'HACD3', 'KAS15', 'MACPD']","[0.33216205710800445, 0.33216205710800445, 0.33216205710800445, 0.3321620571080075, 0.3321620571080075, 0.3321620571080075, -0.3321620571080075, -0.3321620571080075, -0.3321620571080075, 0.33216205710800445, 0.33216205710800445, 0.3321620571080075, 0.3321620571080075, 0.3321620571080075, 0.9964861713240225, 0.33216205710800445, 0.33216205710800445, 0.33216205710800445, -0.3321620571080075, -0.3321620571080075, -0.3321620571080075, -0.332162057108, -0.9964861713245349, 0.3321620571062943, -0.3321620571080075, -0.3321620571080075, -0.3321620571080075, 0.33216205710800445, -0.9964861713240336]","[0.33216205710800445, 0.33216205710800445, 0.33216205710800445, 0.3321620571080075, 0.3321620571080075, 0.3321620571080075, 0.3321620571080075, 0.3321620571080075, 0.3321620571080075, 0.33216205710800445, 0.33216205710800445, 0.3321620571080075, 0.3321620571080075, 0.3321620571080075, 0.9964861713240225, 0.33216205710800445, 0.33216205710800445, 0.33216205710800445, 0.3321620571080075, 0.3321620571080075, 0.3321620571080075, 0.332162057108, 0.9964861713245349, 0.3321620571062943, 0.3321620571080075, 0.3321620571080075, 0.3321620571080075, 0.33216205710800445, 0.9964861713240336]","['3HAD40', '3HAD60', '3HAD80', '3OAR40', '3OAR60', '3OAR80', '3OAS60', '3OAS80', 'EAR40x', 'EAR60x', 'EAR80x', 'FA80ACPHi', 'KAS15']","['ACACT1r', 'ACACT2r', 'ACACT3r', 'ACOAD1f', 'ACOAD2f', 'ACOAD3f', 'ACOATA', 'ECOAH1', 'ECOAH2', 'ECOAH3', 'FACOAE80', 'FADRx2', 'HACD1', 'HACD2', 'HACD3', 'MACPD']",[],ACACT2r,3OAR80,11.625671998780085,1,29,0,-5.0,-0.9964861713217656,iECW_1372,PSL,True,False,-8.86501507738546,0.0,0.0,0.0
18,"['3HAD100', '3HAD40', '3HAD60', '3HAD80', '3OAR40', '3OAR60', '3OAR80', '3OAS100', '3OAR100', 'ACACT1r', 'ACACT2r', 'ACACT3r', '3OAS60', '3OAS80', 'ACACT4r', 'ACOAD1f', 'ACOAD2f', 'ACOAD3f', 'ACOAD4f', 'ACOATA', 'EAR100x', 'EAR40x', 'EAR60x', 'EAR80x', 'ECOAH1', 'ECOAH2', 'ECOAH3', 'ECOAH4', 'FADRx2', 'FA100ACPHi', 'FACOAE100', 'KAS15', 'MACPD']","[0.33216205710808006, 0.33216205710808006, 0.33216205710808006, 0.33216205710808006, 0.3321620571081212, 0.3321620571081212, 0.3321620571081212, 0.33216205710808006, 0.3321620571081212, -0.3321620571081212, -0.3321620571081212, -0.3321620571081212, 0.33216205710808006, 0.33216205710808006, -0.3321620571081212, 0.3321620571081212, 0.3321620571081212, 0.3321620571081212, 0.3321620571081212, 1.328648228432371, 0.33216205710808006, 0.33216205710808006, 0.33216205710808006, 0.33216205710808006, -0.3321620571081212, -0.3321620571081212, -0.3321620571081212, -0.3321620571081212, -1.3286482284317613, 0.33216205710808006, -0.33216205710808006, 0.33216205710808006, -1.3286482284323202]","[0.33216205710808006, 0.33216205710808006, 0.33216205710808006, 0.33216205710808006, 0.3321620571081212, 0.3321620571081212, 0.3321620571081212, 0.33216205710808006, 0.3321620571081212, 0.3321620571081212, 0.3321620571081212, 0.3321620571081212, 0.33216205710808006, 0.33216205710808006, 0.3321620571081212, 0.3321620571081212, 0.3321620571081212, 0.3321620571081212, 0.3321620571081212, 1.328648228432371, 0.33216205710808006, 0.33216205710808006, 0.33216205710808006, 0.33216205710808006, 0.3321620571081212, 0.3321620571081212, 0.3321620571081212, 0.3321620571081212, 1.3286482284317613, 0.33216205710808006, 0.33216205710808006, 0.33216205710808006, 1.3286482284323202]","['ACACT1r', 'ACACT2r', 'ACACT3r', 'ACACT4r', 'ACOAD1f', 'ACOAD2f', 'ACOAD3f', 'ACOAD4f', 'ACOATA', 'ECOAH1', 'ECOAH2', 'ECOAH3', 'ECOAH4', 'FADRx2', 'FACOAE100', 'MACPD']","['3HAD100', '3HAD40', '3HAD60', '3HAD80', '3OAR40', '3OAR60', '3OAR80', '3OAS100', '3OAR100', '3OAS60', '3OAS80', 'EAR100x', 'EAR40x', 'EAR60x', 'EAR80x', 'FA100ACPHi', 'KAS15']",[],ACACT2r,3OAS100,15.279454626973873,1,33,0,-11.0,-2.657296456865251,iECW_1372,PSL,True,False,-8.86501507738546,0.0,0.0,0.0
19,"['3HAD100', '3HAD40', '3HAD60', '3HAD80', '3OAR40', '3OAR60', '3OAR80', '3OAS100', '3OAR100', 'ACACT1r', 'ACACT2r', 'ACACT3r', '3OAS60', '3OAS80', 'ACACT4r', 'ACOAD1f', 'ACOAD2f', 'ACOAD3f', 'ACOAD4f', 'ACOATA', 'EAR100x', 'EAR40x', 'EAR60x', 'EAR80x', 'ECOAH1', 'ECOAH2', 'ECOAH3', 'ECOAH4', 'FADRx2', 'FA100ACPHi', 'FACOAE100', 'KAS15', 'MACPD']","[0.33216205710808006, 0.33216205710808006, 0.33216205710808006, 0.33216205710808006, 0.3321620571081212, 0.3321620571081212, 0.3321620571081212, 0.33216205710808006, 0.3321620571081212, -0.3321620571081212, -0.3321620571081212, -0.3321620571081212, 0.33216205710808006, 0.33216205710808006, -0.3321620571081212, 0.3321620571081212, 0.3321620571081212, 0.3321620571081212, 0.3321620571081212, 1.328648228432371, 0.33216205710808006, 0.33216205710808006, 0.33216205710808006, 0.33216205710808006, -0.3321620571081212, -0.3321620571081212, -0.3321620571081212, -0.3321620571081212, -1.3286482284317613, 0.33216205710808006, -0.33216205710808006, 0.33216205710808006, -1.3286482284323202]","[0.33216205710808006, 0.33216205710808006, 0.33216205710808006, 0.33216205710808006, 0.3321620571081212, 0.3321620571081212, 0.3321620571081212, 0.33216205710808006, 0.3321620571081212, 0.3321620571081212, 0.3321620571081212, 0.3321620571081212, 0.33216205710808006, 0.33216205710808006, 0.3321620571081212, 0.3321620571081212, 0.3321620571081212, 0.3321620571081212, 0.3321620571081212, 1.328648228432371, 0.33216205710808006, 0.33216205710808006, 0.33216205710808006, 0.33216205710808006, 0.3321620571081212, 0.3321620571081212, 0.3321620571081212, 0.3321620571081212, 1.3286482284317613, 0.33216205710808006, 0.33216205710808006, 0.33216205710808006, 1.3286482284323202]","['ACACT1r', 'ACACT2r', 'ACACT3r', 'ACACT4r', 'ACOAD1f', 'ACOAD2f', 'ACOAD3f', 'ACOAD4f', 'ACOATA', 'ECOAH1', 'ECOAH2', 'ECOAH3', 'ECOAH4', 'FADRx2', 'FACOAE100', 'MACPD']","['3HAD100', '3HAD40', '3HAD60', '3HAD80', '3OAR40', '3OAR60', '3OAR80', '3OAS100', '3OAR100', '3OAS60', '3OAS80', 'EAR100x', 'EAR40x', 'EAR60x', 'EAR80x', 'FA100ACPHi', 'KAS15']",[],ACACT2r,3OAR100,15.279454626973873,1,33,0,-11.0,-2.657296456865251,iECW_1372,PSL,True,False,-8.86501507738546,0.0,0.0,0.0
20,"['3HAD40', '3HAD60', '3HAD80', '3OAR40', '3OAR60', '3OAR80', 'ACACT1r', 'ACACT2r', 'ACACT3r', '3OAS60', '3OAS80', 'ACOAD1f', 'ACOAD2f', 'ACOAD3f', 'ACOATA', 'EAR40x', 'EAR60x', 'EAR80x', 'ECOAH1', 'ECOAH2', 'ECOAH3', 'FACOAE80', 'FADRx2', 'FA80ACPHi', 'HACD1', 'HACD2', 'HACD3', 'KAS15', 'MACPD']","[0.33216205710800445, 0.33216205710800445, 0.33216205710800445, 0.3321620571080075, 0.3321620571080075, 0.3321620571080075, -0.3321620571080075, -0.3321620571080075, -0.3321620571080075, 0.33216205710800445, 0.33216205710800445, 0.3321620571080075, 0.3321620571080075, 0.3321620571080075, 0.9964861713240225, 0.33216205710800445, 0.33216205710800445, 0.33216205710800445, -0.3321620571080075, -0.3321620571080075, -0.3321620571080075, -0.332162057108, -0.9964861713245349, 0.3321620571062943, -0.3321620571080075, -0.3321620571080075, -0.3321620571080075, 0.33216205710800445, -0.9964861713240336]","[0.33216205710800445, 0.33216205710800445, 0.33216205710800445, 0.3321620571080075, 0.3321620571080075, 0.3321620571080075, 0.3321620571080075, 0.3321620571080075, 0.3321620571080075, 0.33216205710800445, 0.33216205710800445, 0.3321620571080075, 0.3321620571080075, 0.3321620571080075, 0.9964861713240225, 0.33216205710800445, 0.33216205710800445, 0.33216205710800445, 0.3321620571080075, 0.3321620571080075, 0.3321620571080075, 0.332162057108, 0.9964861713245349, 0.3321620571062943, 0.3321620571080075, 0.3321620571080075, 0.3321620571080075, 0.33216205710800445, 0.9964861713240336]","['3HAD40', '3HAD60', '3HAD80', '3OAR40', '3OAR60', '3OAR80', '3OAS60', '3OAS80', 'EAR40x', 'EAR60x', 'EAR80x', 'FA80ACPHi', 'KAS15']","['ACACT1r', 'ACACT2r', 'ACACT3r', 'ACOAD1f', 'ACOAD2f', 'ACOAD3f', 'ACOATA', 'ECOAH1', 'ECOAH2', 'ECOAH3', 'FACOAE80', 'FADRx2', 'HACD1', 'HACD2', 'HACD3', 'MACPD']",[],ACACT2r,3OAS60,11.625671998780085,1,29,0,-5.0,-0.9964861713217656,iECW_1372,PSL,True,False,-8.86501507738546,0.0,0.0,0.0
21,"['3HAD40', '3HAD60', '3HAD80', '3OAR40', '3OAR60', '3OAR80', 'ACACT1r', 'ACACT2r', 'ACACT3r', '3OAS60', '3OAS80', 'ACOAD1f', 'ACOAD2f', 'ACOAD3f', 'ACOATA', 'EAR40x', 'EAR60x', 'EAR80x', 'ECOAH1', 'ECOAH2', 'ECOAH3', 'FACOAE80', 'FADRx2', 'FA80ACPHi', 'HACD1', 'HACD2', 'HACD3', 'KAS15', 'MACPD']","[0.33216205710800445, 0.33216205710800445, 0.33216205710800445, 0.3321620571080075, 0.3321620571080075, 0.3321620571080075, -0.3321620571080075, -0.3321620571080075, -0.3321620571080075, 0.33216205710800445, 0.33216205710800445, 0.3321620571080075, 0.3321620571080075, 0.3321620571080075, 0.9964861713240225, 0.33216205710800445, 0.33216205710800445, 0.33216205710800445, -0.3321620571080075, -0.3321620571080075, -0.3321620571080075, -0.332162057108, -0.9964861713245349, 0.3321620571062943, -0.3321620571080075, -0.3321620571080075, -0.3321620571080075, 0.33216205710800445, -0.9964861713240336]","[0.33216205710800445, 0.33216205710800445, 0.33216205710800445, 0.3321620571080075, 0.3321620571080075, 0.3321620571080075, 0.3321620571080075, 0.3321620571080075, 0.3321620571080075, 0.33216205710800445, 0.33216205710800445, 0.3321620571080075, 0.3321620571080075, 0.3321620571080075, 0.9964861713240225, 0.33216205710800445, 0.33216205710800445, 0.33216205710800445, 0.3321620571080075, 0.3321620571080075, 0.3321620571080075, 0.332162057108, 0.9964861713245349, 0.3321620571062943, 0.3321620571080075, 0.3321620571080075, 0.3321620571080075, 0.33216205710800445, 0.9964861713240336]","['3HAD40', '3HAD60', '3HAD80', '3OAR40', '3OAR60', '3OAR80', '3OAS60', '3OAS80', 'EAR40x', 'EAR60x', 'EAR80x', 'FA80ACPHi', 'KAS15']","['ACACT1r', 'ACACT2r', 'ACACT3r', 'ACOAD1f', 'ACOAD2f', 'ACOAD3f', 'ACOATA', 'ECOAH1', 'ECOAH2', 'ECOAH3', 'FACOAE80', 'FADRx2', 'HACD1', 'HACD2', 'HACD3', 'MACPD']",[],ACACT2r,3OAS80,11.625671998780085,1,29,0,-5.0,-0.9964861713217656,iECW_1372,PSL,True,False,-8.86501507738546,0.0,0.0,0.0
22,"['3HAD100', '3HAD40', '3HAD60', '3HAD80', '3OAR40', '3OAR60', '3OAR80', '3OAS100', '3OAR100', 'ACACT1r', 'ACACT2r', 'ACACT3r', '3OAS60', '3OAS80', 'ACACT4r', 'ACOAD1f', 'ACOAD2f', 'ACOAD3f', 'ACOAD4f', 'ACOATA', 'EAR100x', 'EAR40x', 'EAR60x', 'EAR80x', 'ECOAH1', 'ECOAH2', 'ECOAH3', 'ECOAH4', 'FADRx2', 'FA100ACPHi', 'FACOAE100', 'KAS15', 'MACPD']","[0.3321620571079667, 0.3321620571079667, 0.3321620571079667, 0.3321620571079667, 0.3321620571079667, 0.3321620571079667, 0.3321620571079667, 0.3321620571079667, 0.3321620571079667, -0.3321620571080075, -0.3321620571080075, -0.3321620571080075, 0.3321620571079667, 0.3321620571079667, -0.3321620571080075, 0.3321620571080075, 0.3321620571080075, 0.3321620571080075, 0.3321620571080075, 1.3286482284209036, 0.3321620571079667, 0.3321620571079667, 0.3321620571079667, 0.3321620571079667, -0.3321620571080075, -0.3321620571080075, -0.3321620571080075, -0.3321620571080075, -1.3286482284221526, 0.3321620571079667, -0.3321620571079667, 0.3321620571079667, -1.3286482284209036]","[0.3321620571079667, 0.3321620571079667, 0.3321620571079667, 0.3321620571079667, 0.3321620571079667, 0.3321620571079667, 0.3321620571079667, 0.3321620571079667, 0.3321620571079667, 0.3321620571080075, 0.3321620571080075, 0.3321620571080075, 0.3321620571079667, 0.3321620571079667, 0.3321620571080075, 0.3321620571080075, 0.3321620571080075, 0.3321620571080075, 0.3321620571080075, 1.3286482284209036, 0.3321620571079667, 0.3321620571079667, 0.3321620571079667, 0.3321620571079667, 0.3321620571080075, 0.3321620571080075, 0.3321620571080075, 0.3321620571080075, 1.3286482284221526, 0.3321620571079667, 0.3321620571079667, 0.3321620571079667, 1.3286482284209036]","['ACACT1r', 'ACACT2r', 'ACACT3r', 'ACACT4r', 'ACOAD1f', 'ACOAD2f', 'ACOAD3f', 'ACOAD4f', 'ACOATA', 'ECOAH1', 'ECOAH2', 'ECOAH3', 'ECOAH4', 'FADRx2', 'FACOAE100', 'MACPD']","['3HAD100', '3HAD40', '3HAD60', '3HAD80', '3OAR40', '3OAR60', '3OAR80', '3OAS100', '3OAR100', '3OAS60', '3OAS80', 'EAR100x', 'EAR40x', 'EAR60x', 'EAR80x', 'FA100ACPHi', 'KAS15']",[],ACACT3r,3HAD100,15.279454626963426,1,33,0,-11.0,-2.6572964568732846,iECW_1372,PSL,True,False,-8.86501507738456,0.0,0.0,0.0
23,"['3HAD40', '3HAD60', '3HAD80', '3OAR40', '3OAR60', '3OAR80', 'ACACT1r', 'ACACT2r', 'ACACT3r', '3OAS60', '3OAS80', 'ACOAD1f', 'ACOAD2f', 'ACOAD3f', 'ACOATA', 'EAR40x', 'EAR60x', 'EAR80x', 'ECOAH1', 'ECOAH2', 'ECOAH3', 'FACOAE80', 'FADRx2', 'FA80ACPHi', 'KAS15', 'MACPD']","[0.3321620571079658, 0.3321620571079658, 0.3321620571079658, 0.3321620571079658, 0.3321620571079658, 0.3321620571079658, -0.3321620571080075, -0.3321620571080075, -0.3321620571080075, 0.3321620571079658, 0.3321620571079658, 0.3321620571080075, 0.3321620571080075, 0.3321620571080075, 0.996486171323826, 0.3321620571079658, 0.3321620571079658, 0.3321620571079658, -0.3321620571080075, -0.3321620571080075, -0.3321620571080075, -0.3321620571079658, -0.996486171324361, 0.3321620571079658, 0.3321620571079658, -0.996486171323826]","[0.3321620571079658, 0.3321620571079658, 0.3321620571079658, 0.3321620571079658, 0.3321620571079658, 0.3321620571079658, 0.3321620571080075, 0.3321620571080075, 0.3321620571080075, 0.3321620571079658, 0.3321620571079658, 0.3321620571080075, 0.3321620571080075, 0.3321620571080075, 0.996486171323826, 0.3321620571079658, 0.3321620571079658, 0.3321620571079658, 0.3321620571080075, 0.3321620571080075, 0.3321620571080075, 0.3321620571079658, 0.996486171324361, 0.3321620571079658, 0.3321620571079658, 0.996486171323826]","['ACACT1r', 'ACACT2r', 'ACACT3r', 'ACOAD1f', 'ACOAD2f', 'ACOAD3f', 'ACOATA', 'ECOAH1', 'ECOAH2', 'ECOAH3', 'FACOAE80', 'FADRx2', 'MACPD']","['3HAD40', '3HAD60', '3HAD80', '3OAR40', '3OAR60', '3OAR80', '3OAS60', '3OAS80', 'EAR40x', 'EAR60x', 'EAR80x', 'FA80ACPHi', 'KAS15']",[],ACACT3r,3HAD40,11.625671998780799,1,26,0,-8.0,-1.992972342647206,iECW_1372,PSL,True,False,-8.86501507738456,0.0,0.0,0.0
24,"['3HAD40', '3HAD60', '3HAD80', '3OAR40', '3OAR60', '3OAR80', 'ACACT1r', 'ACACT2r', 'ACACT3r', '3OAS60', '3OAS80', 'ACOAD1f', 'ACOAD2f', 'ACOAD3f', 'ACOATA', 'EAR40x', 'EAR60x', 'EAR80x', 'ECOAH1', 'ECOAH2', 'ECOAH3', 'FACOAE80', 'FADRx2', 'FA80ACPHi', 'KAS15', 'MACPD']","[0.3321620571079658, 0.3321620571079658, 0.3321620571079658, 0.3321620571079658, 0.3321620571079658, 0.3321620571079658, -0.3321620571080075, -0.3321620571080075, -0.3321620571080075, 0.3321620571079658, 0.3321620571079658, 0.3321620571080075, 0.3321620571080075, 0.3321620571080075, 0.996486171323826, 0.3321620571079658, 0.3321620571079658, 0.3321620571079658, -0.3321620571080075, -0.3321620571080075, -0.3321620571080075, -0.3321620571079658, -0.996486171324361, 0.3321620571079658, 0.3321620571079658, -0.996486171323826]","[0.3321620571079658, 0.3321620571079658, 0.3321620571079658, 0.3321620571079658, 0.3321620571079658, 0.3321620571079658, 0.3321620571080075, 0.3321620571080075, 0.3321620571080075, 0.3321620571079658, 0.3321620571079658, 0.3321620571080075, 0.3321620571080075, 0.3321620571080075, 0.996486171323826, 0.3321620571079658, 0.3321620571079658, 0.3321620571079658, 0.3321620571080075, 0.3321620571080075, 0.3321620571080075, 0.3321620571079658, 0.996486171324361, 0.3321620571079658, 0.3321620571079658, 0.996486171323826]","['ACACT1r', 'ACACT2r', 'ACACT3r', 'ACOAD1f', 'ACOAD2f', 'ACOAD3f', 'ACOATA', 'ECOAH1', 'ECOAH2', 'ECOAH3', 'FACOAE80', 'FADRx2', 'MACPD']","['3HAD40', '3HAD60', '3HAD80', '3OAR40', '3OAR60', '3OAR80', '3OAS60', '3OAS80', 'EAR40x', 'EAR60x', 'EAR80x', 'FA80ACPHi', 'KAS15']",[],ACACT3r,3HAD60,11.625671998780799,1,26,0,-8.0,-1.992972342647206,iECW_1372,PSL,True,False,-8.86501507738456,0.0,0.0,0.0
25,"['3HAD40', '3HAD60', '3HAD80', '3OAR40', '3OAR60', '3OAR80', 'ACACT1r', 'ACACT2r', 'ACACT3r', '3OAS60', '3OAS80', 'ACOAD1f', 'ACOAD2f', 'ACOAD3f', 'ACOATA', 'EAR40x', 'EAR60x', 'EAR80x', 'ECOAH1', 'ECOAH2', 'ECOAH3', 'FACOAE80', 'FADRx2', 'FA80ACPHi', 'KAS15', 'MACPD']","[0.3321620571079658, 0.3321620571079658, 0.3321620571079658, 0.3321620571079658, 0.3321620571079658, 0.3321620571079658, -0.3321620571080075, -0.3321620571080075, -0.3321620571080075, 0.3321620571079658, 0.3321620571079658, 0.3321620571080075, 0.3321620571080075, 0.3321620571080075, 0.996486171323826, 0.3321620571079658, 0.3321620571079658, 0.3321620571079658, -0.3321620571080075, -0.3321620571080075, -0.3321620571080075, -0.3321620571079658, -0.996486171324361, 0.3321620571079658, 0.3321620571079658, -0.996486171323826]","[0.3321620571079658, 0.3321620571079658, 0.3321620571079658, 0.3321620571079658, 0.3321620571079658, 0.3321620571079658, 0.3321620571080075, 0.3321620571080075, 0.3321620571080075, 0.3321620571079658, 0.3321620571079658, 0.3321620571080075, 0.3321620571080075, 0.3321620571080075, 0.996486171323826, 0.3321620571079658, 0.3321620571079658, 0.3321620571079658, 0.3321620571080075, 0.3321620571080075, 0.3321620571080075, 0.3321620571079658, 0.996486171324361, 0.3321620571079658, 0.3321620571079658, 0.996486171323826]","['ACACT1r', 'ACACT2r', 'ACACT3r', 'ACOAD1f', 'ACOAD2f', 'ACOAD3f', 'ACOATA', 'ECOAH1', 'ECOAH2', 'ECOAH3', 'FACOAE80', 'FADRx2', 'MACPD']","['3HAD40', '3HAD60', '3HAD80', '3OAR40', '3OAR60', '3OAR80', '3OAS60', '3OAS80', 'EAR40x', 'EAR60x', 'EAR80x', 'FA80ACPHi', 'KAS15']",[],ACACT3r,3HAD80,11.625671998780799,1,26,0,-8.0,-1.992972342647206,iECW_1372,PSL,True,False,-8.86501507738456,0.0,0.0,-0.0051138002733068
26,"['3HAD40', '3HAD60', '3HAD80', '3OAR40', '3OAR60', '3OAR80', 'ACACT1r', 'ACACT2r', 'ACACT3r', '3OAS60', '3OAS80', 'ACOAD1f', 'ACOAD2f', 'ACOAD3f', 'ACOATA', 'EAR40x', 'EAR60x', 'EAR80x', 'ECOAH1', 'ECOAH2', 'ECOAH3', 'FACOAE80', 'FADRx2', 'FA80ACPHi', 'KAS15', 'MACPD']","[0.3321620571079658, 0.3321620571079658, 0.3321620571079658, 0.3321620571079658, 0.3321620571079658, 0.3321620571079658, -0.3321620571080075, -0.3321620571080075, -0.3321620571080075, 0.3321620571079658, 0.3321620571079658, 0.3321620571080075, 0.3321620571080075, 0.3321620571080075, 0.996486171323826, 0.3321620571079658, 0.3321620571079658, 0.3321620571079658, -0.3321620571080075, -0.3321620571080075, -0.3321620571080075, -0.3321620571079658, -0.996486171324361, 0.3321620571079658, 0.3321620571079658, -0.996486171323826]","[0.3321620571079658, 0.3321620571079658, 0.3321620571079658, 0.3321620571079658, 0.3321620571079658, 0.3321620571079658, 0.3321620571080075, 0.3321620571080075, 0.3321620571080075, 0.3321620571079658, 0.3321620571079658, 0.3321620571080075, 0.3321620571080075, 0.3321620571080075, 0.996486171323826, 0.3321620571079658, 0.3321620571079658, 0.3321620571079658, 0.3321620571080075, 0.3321620571080075, 0.3321620571080075, 0.3321620571079658, 0.996486171324361, 0.3321620571079658, 0.3321620571079658, 0.996486171323826]","['ACACT1r', 'ACACT2r', 'ACACT3r', 'ACOAD1f', 'ACOAD2f', 'ACOAD3f', 'ACOATA', 'ECOAH1', 'ECOAH2', 'ECOAH3', 'FACOAE80', 'FADRx2', 'MACPD']","['3HAD40', '3HAD60', '3HAD80', '3OAR40', '3OAR60', '3OAR80', '3OAS60', '3OAS80', 'EAR40x', 'EAR60x', 'EAR80x', 'FA80ACPHi', 'KAS15']",[],ACACT3r,3OAR40,11.625671998780799,1,26,0,-8.0,-1.992972342647206,iECW_1372,PSL,True,False,-8.86501507738456,0.0,0.0,0.0
27,"['3HAD40', '3HAD60', '3HAD80', '3OAR40', '3OAR60', '3OAR80', 'ACACT1r', 'ACACT2r', 'ACACT3r', '3OAS60', '3OAS80', 'ACOAD1f', 'ACOAD2f', 'ACOAD3f', 'ACOATA', 'EAR40x', 'EAR60x', 'EAR80x', 'ECOAH1', 'ECOAH2', 'ECOAH3', 'FACOAE80', 'FADRx2', 'FA80ACPHi', 'KAS15', 'MACPD']","[0.3321620571079658, 0.3321620571079658, 0.3321620571079658, 0.3321620571079658, 0.3321620571079658, 0.3321620571079658, -0.3321620571080075, -0.3321620571080075, -0.3321620571080075, 0.3321620571079658, 0.3321620571079658, 0.3321620571080075, 0.3321620571080075, 0.3321620571080075, 0.996486171323826, 0.3321620571079658, 0.3321620571079658, 0.3321620571079658, -0.3321620571080075, -0.3321620571080075, -0.3321620571080075, -0.3321620571079658, -0.996486171324361, 0.3321620571079658, 0.3321620571079658, -0.996486171323826]","[0.3321620571079658, 0.3321620571079658, 0.3321620571079658, 0.3321620571079658, 0.3321620571079658, 0.3321620571079658, 0.3321620571080075, 0.3321620571080075, 0.3321620571080075, 0.3321620571079658, 0.3321620571079658, 0.3321620571080075, 0.3321620571080075, 0.3321620571080075, 0.996486171323826, 0.3321620571079658, 0.3321620571079658, 0.3321620571079658, 0.3321620571080075, 0.3321620571080075, 0.3321620571080075, 0.3321620571079658, 0.996486171324361, 0.3321620571079658, 0.3321620571079658, 0.996486171323826]","['ACACT1r', 'ACACT2r', 'ACACT3r', 'ACOAD1f', 'ACOAD2f', 'ACOAD3f', 'ACOATA', 'ECOAH1', 'ECOAH2', 'ECOAH3', 'FACOAE80', 'FADRx2', 'MACPD']","['3HAD40', '3HAD60', '3HAD80', '3OAR40', '3OAR60', '3OAR80', '3OAS60', '3OAS80', 'EAR40x', 'EAR60x', 'EAR80x', 'FA80ACPHi', 'KAS15']",[],ACACT3r,3OAR60,11.625671998780799,1,26,0,-8.0,-1.992972342647206,iECW_1372,PSL,True,False,-8.86501507738456,0.0,0.0,0.0
28,"['3HAD40', '3HAD60', '3HAD80', '3OAR40', '3OAR60', '3OAR80', 'ACACT1r', 'ACACT2r', 'ACACT3r', '3OAS60', '3OAS80', 'ACOAD1f', 'ACOAD2f', 'ACOAD3f', 'ACOATA', 'EAR40x', 'EAR60x', 'EAR80x', 'ECOAH1', 'ECOAH2', 'ECOAH3', 'FACOAE80', 'FADRx2', 'FA80ACPHi', 'KAS15', 'MACPD']","[0.3321620571079658, 0.3321620571079658, 0.3321620571079658, 0.3321620571079658, 0.3321620571079658, 0.3321620571079658, -0.3321620571080075, -0.3321620571080075, -0.3321620571080075, 0.3321620571079658, 0.3321620571079658, 0.3321620571080075, 0.3321620571080075, 0.3321620571080075, 0.996486171323826, 0.3321620571079658, 0.3321620571079658, 0.3321620571079658, -0.3321620571080075, -0.3321620571080075, -0.3321620571080075, -0.3321620571079658, -0.996486171324361, 0.3321620571079658, 0.3321620571079658, -0.996486171323826]","[0.3321620571079658, 0.3321620571079658, 0.3321620571079658, 0.3321620571079658, 0.3321620571079658, 0.3321620571079658, 0.3321620571080075, 0.3321620571080075, 0.3321620571080075, 0.3321620571079658, 0.3321620571079658, 0.3321620571080075, 0.3321620571080075, 0.3321620571080075, 0.996486171323826, 0.3321620571079658, 0.3321620571079658, 0.3321620571079658, 0.3321620571080075, 0.3321620571080075, 0.3321620571080075, 0.3321620571079658, 0.996486171324361, 0.3321620571079658, 0.3321620571079658, 0.996486171323826]","['ACACT1r', 'ACACT2r', 'ACACT3r', 'ACOAD1f', 'ACOAD2f', 'ACOAD3f', 'ACOATA', 'ECOAH1', 'ECOAH2', 'ECOAH3', 'FACOAE80', 'FADRx2', 'MACPD']","['3HAD40', '3HAD60', '3HAD80', '3OAR40', '3OAR60', '3OAR80', '3OAS60', '3OAS80', 'EAR40x', 'EAR60x', 'EAR80x', 'FA80ACPHi', 'KAS15']",[],ACACT3r,3OAR80,11.625671998780799,1,26,0,-8.0,-1.992972342647206,iECW_1372,PSL,True,False,-8.86501507738456,0.0,0.0,0.0
29,"['3HAD100', '3HAD40', '3HAD60', '3HAD80', '3OAR40', '3OAR60', '3OAR80', '3OAS100', '3OAR100', 'ACACT1r', 'ACACT2r', 'ACACT3r', '3OAS60', '3OAS80', 'ACACT4r', 'ACOAD1f', 'ACOAD2f', 'ACOAD3f', 'ACOAD4f', 'ACOATA', 'EAR100x', 'EAR40x', 'EAR60x', 'EAR80x', 'ECOAH1', 'ECOAH2', 'ECOAH3', 'ECOAH4', 'FADRx2', 'FA100ACPHi', 'FACOAE100', 'KAS15', 'MACPD']","[0.3321620571079667, 0.3321620571079667, 0.3321620571079667, 0.3321620571079667, 0.3321620571079667, 0.3321620571079667, 0.3321620571079667, 0.3321620571079667, 0.3321620571079667, -0.3321620571080075, -0.3321620571080075, -0.3321620571080075, 0.3321620571079667, 0.3321620571079667, -0.3321620571080075, 0.3321620571080075, 0.3321620571080075, 0.3321620571080075, 0.3321620571080075, 1.3286482284209036, 0.3321620571079667, 0.3321620571079667, 0.3321620571079667, 0.3321620571079667, -0.3321620571080075, -0.3321620571080075, -0.3321620571080075, -0.3321620571080075, -1.3286482284221526, 0.3321620571079667, -0.3321620571079667, 0.3321620571079667, -1.3286482284209036]","[0.3321620571079667, 0.3321620571079667, 0.3321620571079667, 0.3321620571079667, 0.3321620571079667, 0.3321620571079667, 0.3321620571079667, 0.3321620571079667, 0.3321620571079667, 0.3321620571080075, 0.3321620571080075, 0.3321620571080075, 0.3321620571079667, 0.3321620571079667, 0.3321620571080075, 0.3321620571080075, 0.3321620571080075, 0.3321620571080075, 0.3321620571080075, 1.3286482284209036, 0.3321620571079667, 0.3321620571079667, 0.3321620571079667, 0.3321620571079667, 0.3321620571080075, 0.3321620571080075, 0.3321620571080075, 0.3321620571080075, 1.3286482284221526, 0.3321620571079667, 0.3321620571079667, 0.3321620571079667, 1.3286482284209036]","['ACACT1r', 'ACACT2r', 'ACACT3r', 'ACACT4r', 'ACOAD1f', 'ACOAD2f', 'ACOAD3f', 'ACOAD4f', 'ACOATA', 'ECOAH1', 'ECOAH2', 'ECOAH3', 'ECOAH4', 'FADRx2', 'FACOAE100', 'MACPD']","['3HAD100', '3HAD40', '3HAD60', '3HAD80', '3OAR40', '3OAR60', '3OAR80', '3OAS100', '3OAR100', '3OAS60', '3OAS80', 'EAR100x', 'EAR40x', 'EAR60x', 'EAR80x', 'FA100ACPHi', 'KAS15']",[],ACACT3r,3OAS100,15.279454626963426,1,33,0,-11.0,-2.6572964568732846,iECW_1372,PSL,True,False,-8.86501507738456,0.0,0.0,0.0
30,"['3HAD100', '3HAD40', '3HAD60', '3HAD80', '3OAR40', '3OAR60', '3OAR80', '3OAS100', '3OAR100', 'ACACT1r', 'ACACT2r', 'ACACT3r', '3OAS60', '3OAS80', 'ACACT4r', 'ACOAD1f', 'ACOAD2f', 'ACOAD3f', 'ACOAD4f', 'ACOATA', 'EAR100x', 'EAR40x', 'EAR60x', 'EAR80x', 'ECOAH1', 'ECOAH2', 'ECOAH3', 'ECOAH4', 'FADRx2', 'FA100ACPHi', 'FACOAE100', 'KAS15', 'MACPD']","[0.3321620571079667, 0.3321620571079667, 0.3321620571079667, 0.3321620571079667, 0.3321620571079667, 0.3321620571079667, 0.3321620571079667, 0.3321620571079667, 0.3321620571079667, -0.3321620571080075, -0.3321620571080075, -0.3321620571080075, 0.3321620571079667, 0.3321620571079667, -0.3321620571080075, 0.3321620571080075, 0.3321620571080075, 0.3321620571080075, 0.3321620571080075, 1.3286482284209036, 0.3321620571079667, 0.3321620571079667, 0.3321620571079667, 0.3321620571079667, -0.3321620571080075, -0.3321620571080075, -0.3321620571080075, -0.3321620571080075, -1.3286482284221526, 0.3321620571079667, -0.3321620571079667, 0.3321620571079667, -1.3286482284209036]","[0.3321620571079667, 0.3321620571079667, 0.3321620571079667, 0.3321620571079667, 0.3321620571079667, 0.3321620571079667, 0.3321620571079667, 0.3321620571079667, 0.3321620571079667, 0.3321620571080075, 0.3321620571080075, 0.3321620571080075, 0.3321620571079667, 0.3321620571079667, 0.3321620571080075, 0.3321620571080075, 0.3321620571080075, 0.3321620571080075, 0.3321620571080075, 1.3286482284209036, 0.3321620571079667, 0.3321620571079667, 0.3321620571079667, 0.3321620571079667, 0.3321620571080075, 0.3321620571080075, 0.3321620571080075, 0.3321620571080075, 1.3286482284221526, 0.3321620571079667, 0.3321620571079667, 0.3321620571079667, 1.3286482284209036]","['ACACT1r', 'ACACT2r', 'ACACT3r', 'ACACT4r', 'ACOAD1f', 'ACOAD2f', 'ACOAD3f', 'ACOAD4f', 'ACOATA', 'ECOAH1', 'ECOAH2', 'ECOAH3', 'ECOAH4', 'FADRx2', 'FACOAE100', 'MACPD']","['3HAD100', '3HAD40', '3HAD60', '3HAD80', '3OAR40', '3OAR60', '3OAR80', '3OAS100', '3OAR100', '3OAS60', '3OAS80', 'EAR100x', 'EAR40x', 'EAR60x', 'EAR80x', 'FA100ACPHi', 'KAS15']",[],ACACT3r,3OAR100,15.279454626963426,1,33,0,-11.0,-2.6572964568732846,iECW_1372,PSL,True,False,-8.86501507738456,0.0,0.0,0.0
31,"['3HAD40', '3HAD60', '3HAD80', '3OAR40', '3OAR60', '3OAR80', 'ACACT1r', 'ACACT2r', 'ACACT3r', '3OAS60', '3OAS80', 'ACOAD1f', 'ACOAD2f', 'ACOAD3f', 'ACOATA', 'EAR40x', 'EAR60x', 'EAR80x', 'ECOAH1', 'ECOAH2', 'ECOAH3', 'FACOAE80', 'FADRx2', 'FA80ACPHi', 'KAS15', 'MACPD']","[0.3321620571079658, 0.3321620571079658, 0.3321620571079658, 0.3321620571079658, 0.3321620571079658, 0.3321620571079658, -0.3321620571080075, -0.3321620571080075, -0.3321620571080075, 0.3321620571079658, 0.3321620571079658, 0.3321620571080075, 0.3321620571080075, 0.3321620571080075, 0.996486171323826, 0.3321620571079658, 0.3321620571079658, 0.3321620571079658, -0.3321620571080075, -0.3321620571080075, -0.3321620571080075, -0.3321620571079658, -0.996486171324361, 0.3321620571079658, 0.3321620571079658, -0.996486171323826]","[0.3321620571079658, 0.3321620571079658, 0.3321620571079658, 0.3321620571079658, 0.3321620571079658, 0.3321620571079658, 0.3321620571080075, 0.3321620571080075, 0.3321620571080075, 0.3321620571079658, 0.3321620571079658, 0.3321620571080075, 0.3321620571080075, 0.3321620571080075, 0.996486171323826, 0.3321620571079658, 0.3321620571079658, 0.3321620571079658, 0.3321620571080075, 0.3321620571080075, 0.3321620571080075, 0.3321620571079658, 0.996486171324361, 0.3321620571079658, 0.3321620571079658, 0.996486171323826]","['ACACT1r', 'ACACT2r', 'ACACT3r', 'ACOAD1f', 'ACOAD2f', 'ACOAD3f', 'ACOATA', 'ECOAH1', 'ECOAH2', 'ECOAH3', 'FACOAE80', 'FADRx2', 'MACPD']","['3HAD40', '3HAD60', '3HAD80', '3OAR40', '3OAR60', '3OAR80', '3OAS60', '3OAS80', 'EAR40x', 'EAR60x', 'EAR80x', 'FA80ACPHi', 'KAS15']",[],ACACT3r,3OAS60,11.625671998780799,1,26,0,-8.0,-1.992972342647206,iECW_1372,PSL,True,False,-8.86501507738456,0.0,0.0,0.0
32,"['3HAD40', '3HAD60', '3HAD80', '3OAR40', '3OAR60', '3OAR80', 'ACACT1r', 'ACACT2r', 'ACACT3r', '3OAS60', '3OAS80', 'ACOAD1f', 'ACOAD2f', 'ACOAD3f', 'ACOATA', 'EAR40x', 'EAR60x', 'EAR80x', 'ECOAH1', 'ECOAH2', 'ECOAH3', 'FACOAE80', 'FADRx2', 'FA80ACPHi', 'KAS15', 'MACPD']","[0.3321620571079658, 0.3321620571079658, 0.3321620571079658, 0.3321620571079658, 0.3321620571079658, 0.3321620571079658, -0.3321620571080075, -0.3321620571080075, -0.3321620571080075, 0.3321620571079658, 0.3321620571079658, 0.3321620571080075, 0.3321620571080075, 0.3321620571080075, 0.996486171323826, 0.3321620571079658, 0.3321620571079658, 0.3321620571079658, -0.3321620571080075, -0.3321620571080075, -0.3321620571080075, -0.3321620571079658, -0.996486171324361, 0.3321620571079658, 0.3321620571079658, -0.996486171323826]","[0.3321620571079658, 0.3321620571079658, 0.3321620571079658, 0.3321620571079658, 0.3321620571079658, 0.3321620571079658, 0.3321620571080075, 0.3321620571080075, 0.3321620571080075, 0.3321620571079658, 0.3321620571079658, 0.3321620571080075, 0.3321620571080075, 0.3321620571080075, 0.996486171323826, 0.3321620571079658, 0.3321620571079658, 0.3321620571079658, 0.3321620571080075, 0.3321620571080075, 0.3321620571080075, 0.3321620571079658, 0.996486171324361, 0.3321620571079658, 0.3321620571079658, 0.996486171323826]","['ACACT1r', 'ACACT2r', 'ACACT3r', 'ACOAD1f', 'ACOAD2f', 'ACOAD3f', 'ACOATA', 'ECOAH1', 'ECOAH2', 'ECOAH3', 'FACOAE80', 'FADRx2', 'MACPD']","['3HAD40', '3HAD60', '3HAD80', '3OAR40', '3OAR60', '3OAR80', '3OAS60', '3OAS80', 'EAR40x', 'EAR60x', 'EAR80x', 'FA80ACPHi', 'KAS15']",[],ACACT3r,3OAS80,11.625671998780799,1,26,0,-8.0,-1.992972342647206,iECW_1372,PSL,True,False,-8.86501507738456,0.0,0.0,0.0
33,"['3HAD100', '3OAS100', '3OAR100', 'ACACT4r', 'AACPS8', 'AACPS9', 'ACOAD4f', 'ACOATA', 'EAR100x', 'ECOAH4', 'FACOAE80', 'FADRx2', 'FACOAE100', 'HACD4', 'MACPD']","[0.3321620571080117, 0.3321620571080117, 0.3321620571080075, -0.3321620571080075, -0.3321620571079971, 0.3321620571079971, 0.3321620571080075, 0.3321620571080075, 0.3321620571080117, -0.3321620571080075, 0.3321620571079971, -0.3321620571080015, -0.3321620571079971, -0.3321620571080075, -0.33216205710803526]","[0.3321620571080117, 0.3321620571080117, 0.3321620571080075, 0.3321620571080075, 0.3321620571079971, 0.3321620571079971, 0.3321620571080075, 0.3321620571080075, 0.3321620571080117, 0.3321620571080075, 0.3321620571079971, 0.3321620571080015, 0.3321620571079971, 0.3321620571080075, 0.33216205710803526]","['3HAD100', '3OAS100', '3OAR100', 'AACPS9', 'EAR100x', 'FACOAE80']","['ACACT4r', 'AACPS8', 'ACOAD4f', 'ACOATA', 'ECOAH4', 'FADRx2', 'FACOAE100', 'HACD4', 'MACPD']",[],ACACT4r,3HAD100,4.982430856620094,1,15,0,-1.0,-0.3321620571079984,iECW_1372,PSL,True,False,-18.5716616014862,0.0,0.0,0.0
34,"['3HAD100', '3OAS100', '3OAR100', 'ACACT4r', 'AACPS8', 'AACPS9', 'ACOAD4f', 'ACOATA', 'EAR100x', 'ECOAH4', 'FACOAE80', 'FADRx2', 'FACOAE100', 'HACD4', 'MACPD']","[0.3321620571080117, 0.3321620571080117, 0.3321620571080075, -0.3321620571080075, -0.3321620571079971, 0.3321620571079971, 0.3321620571080075, 0.3321620571080075, 0.3321620571080117, -0.3321620571080075, 0.3321620571079971, -0.3321620571080015, -0.3321620571079971, -0.3321620571080075, -0.33216205710803526]","[0.3321620571080117, 0.3321620571080117, 0.3321620571080075, 0.3321620571080075, 0.3321620571079971, 0.3321620571079971, 0.3321620571080075, 0.3321620571080075, 0.3321620571080117, 0.3321620571080075, 0.3321620571079971, 0.3321620571080015, 0.3321620571079971, 0.3321620571080075, 0.33216205710803526]","['3HAD100', '3OAS100', '3OAR100', 'AACPS9', 'EAR100x', 'FACOAE80']","['ACACT4r', 'AACPS8', 'ACOAD4f', 'ACOATA', 'ECOAH4', 'FADRx2', 'FACOAE100', 'HACD4', 'MACPD']",[],ACACT4r,3OAS100,4.982430856620094,1,15,0,-1.0,-0.3321620571079984,iECW_1372,PSL,True,False,-18.5716616014862,0.0,0.0,0.0
35,"['3HAD100', '3OAS100', '3OAR100', 'ACACT4r', 'AACPS8', 'AACPS9', 'ACOAD4f', 'ACOATA', 'EAR100x', 'ECOAH4', 'FACOAE80', 'FADRx2', 'FACOAE100', 'HACD4', 'MACPD']","[0.3321620571080117, 0.3321620571080117, 0.3321620571080075, -0.3321620571080075, -0.3321620571079971, 0.3321620571079971, 0.3321620571080075, 0.3321620571080075, 0.3321620571080117, -0.3321620571080075, 0.3321620571079971, -0.3321620571080015, -0.3321620571079971, -0.3321620571080075, -0.33216205710803526]","[0.3321620571080117, 0.3321620571080117, 0.3321620571080075, 0.3321620571080075, 0.3321620571079971, 0.3321620571079971, 0.3321620571080075, 0.3321620571080075, 0.3321620571080117, 0.3321620571080075, 0.3321620571079971, 0.3321620571080015, 0.3321620571079971, 0.3321620571080075, 0.33216205710803526]","['3HAD100', '3OAS100', '3OAR100', 'AACPS9', 'EAR100x', 'FACOAE80']","['ACACT4r', 'AACPS8', 'ACOAD4f', 'ACOATA', 'ECOAH4', 'FADRx2', 'FACOAE100', 'HACD4', 'MACPD']",[],ACACT4r,3OAR100,4.982430856620094,1,15,0,-1.0,-0.3321620571079984,iECW_1372,PSL,True,False,-18.5716616014862,0.0,0.0,0.0
36,"['3HAD160', '3OAR160', '3OAS160', 'ACACT7r', 'AACPS1', 'AACPS3', 'ACOAD7f', 'ACOATA', 'EAR160x', 'FACOAE140', 'FACOAE160', 'ECOAH7', 'FADRx2', 'HACD7', 'MACPD']","[0.1191221170748, 0.11912211707476672, 0.1191221170748, -0.11912211707476672, 0.1191221170748, -0.1191221170748, 0.11912211707476672, 0.11912211707476672, 0.1191221170748, 0.11912211707479997, -0.1191221170748, -0.11912211707476672, -0.11912211707480114, -0.11912211707476672, -0.11912211707479999]","[0.1191221170748, 0.11912211707476672, 0.1191221170748, 0.11912211707476672, 0.1191221170748, 0.1191221170748, 0.11912211707476672, 0.11912211707476672, 0.1191221170748, 0.11912211707479997, 0.1191221170748, 0.11912211707476672, 0.11912211707480114, 0.11912211707476672, 0.11912211707479999]","['AACPS3', 'ACOAD7f', 'ACOATA', 'FACOAE160', 'FADRx2', 'MACPD']","['3HAD160', '3OAR160', '3OAS160', 'AACPS1', 'EAR160x', 'FACOAE140']","['ACACT7r', 'ECOAH7', 'HACD7']",AACPS3,3HAD160,1.7868317561220013,1,15,3,1.0,0.11912211707479874,iECW_1372,PSL,False,False,0.0,0.0,0.0,0.0
37,"['3HAD160', '3OAR160', '3OAS160', 'ACACT7r', 'AACPS1', 'AACPS3', 'ACOAD7f', 'ACOATA', 'EAR160x', 'FACOAE140', 'FACOAE160', 'ECOAH7', 'FADRx2', 'HACD7', 'MACPD']","[0.1191221170748, 0.11912211707476672, 0.1191221170748, -0.11912211707476672, 0.1191221170748, -0.1191221170748, 0.11912211707476672, 0.11912211707476672, 0.1191221170748, 0.11912211707479997, -0.1191221170748, -0.11912211707476672, -0.11912211707480114, -0.11912211707476672, -0.11912211707479999]","[0.1191221170748, 0.11912211707476672, 0.1191221170748, 0.11912211707476672, 0.1191221170748, 0.1191221170748, 0.11912211707476672, 0.11912211707476672, 0.1191221170748, 0.11912211707479997, 0.1191221170748, 0.11912211707476672, 0.11912211707480114, 0.11912211707476672, 0.11912211707479999]","['AACPS3', 'ACOAD7f', 'ACOATA', 'FACOAE160', 'FADRx2', 'MACPD']","['3HAD160', '3OAR160', '3OAS160', 'AACPS1', 'EAR160x', 'FACOAE140']","['ACACT7r', 'ECOAH7', 'HACD7']",AACPS3,3OAR160,1.7868317561220013,1,15,3,1.0,0.11912211707479874,iECW_1372,PSL,False,False,0.0,0.0,0.0,19.6708458129551
38,"['3HAD160', '3OAR160', '3OAS160', 'ACACT7r', 'AACPS1', 'AACPS3', 'ACOAD7f', 'ACOATA', 'EAR160x', 'FACOAE140', 'FACOAE160', 'ECOAH7', 'FADRx2', 'HACD7', 'MACPD']","[0.1191221170748, 0.11912211707476672, 0.1191221170748, -0.11912211707476672, 0.1191221170748, -0.1191221170748, 0.11912211707476672, 0.11912211707476672, 0.1191221170748, 0.11912211707479997, -0.1191221170748, -0.11912211707476672, -0.11912211707480114, -0.11912211707476672, -0.11912211707479999]","[0.1191221170748, 0.11912211707476672, 0.1191221170748, 0.11912211707476672, 0.1191221170748, 0.1191221170748, 0.11912211707476672, 0.11912211707476672, 0.1191221170748, 0.11912211707479997, 0.1191221170748, 0.11912211707476672, 0.11912211707480114, 0.11912211707476672, 0.11912211707479999]","['AACPS3', 'ACOAD7f', 'ACOATA', 'FACOAE160', 'FADRx2', 'MACPD']","['3HAD160', '3OAR160', '3OAS160', 'AACPS1', 'EAR160x', 'FACOAE140']","['ACACT7r', 'ECOAH7', 'HACD7']",AACPS3,3OAS160,1.7868317561220013,1,15,3,1.0,0.11912211707479874,iECW_1372,PSL,False,False,0.0,0.0,0.0,0.0
39,"['3HAD161', '3OAR161', '3OAS161', 'ACACT7r', 'AACPS2', 'AACPS4', 'ACOAD6f', 'ACOATA', 'CTECOAI7_copy1', 'EAR161x', 'FACOAE141', 'FACOAE161', 'ECOAH7', 'FADRx2', 'MACPD', 'CTECOAI6_copy2']","[0.14040259055477022, 0.14040259055477022, 0.14040259055477022, -0.14040259055488336, 0.14040259055602078, -0.1404025905548501, 0.14040259055612592, 0.14040259055154145, 0.14040259055485008, 0.14040259055477022, 0.14040259055602078, -0.14040259055485008, -0.14040259055488336, -0.14040259055491333, -0.14040259055154145, -0.14040259055602078]","[0.14040259055477022, 0.14040259055477022, 0.14040259055477022, 0.14040259055488336, 0.14040259055602078, 0.1404025905548501, 0.14040259055612592, 0.14040259055154145, 0.14040259055485008, 0.14040259055477022, 0.14040259055602078, 0.14040259055485008, 0.14040259055488336, 0.14040259055491333, 0.14040259055154145, 0.14040259055602078]","['3HAD161', '3OAR161', '3OAS161', 'EAR161x']","['AACPS4', 'ACOATA', 'CTECOAI7_copy1', 'FACOAE161', 'FADRx2', 'MACPD', 'CTECOAI6_copy2']","['ACACT7r', 'AACPS2', 'ACOAD6f', 'FACOAE141', 'ECOAH7']",AACPS4,3HAD161,2.3868440394460926,1,16,5,2.0,0.28080518111169744,iECW_1372,PSL,False,False,0.0,0.0,0.0,0.0
40,"['3HAD161', '3OAR161', '3OAS161', 'ACACT7r', 'AACPS2', 'AACPS4', 'ACOAD6f', 'ACOATA', 'CTECOAI7_copy1', 'EAR161x', 'FACOAE141', 'FACOAE161', 'ECOAH7', 'FADRx2', 'MACPD', 'CTECOAI6_copy2']","[0.14040259055477022, 0.14040259055477022, 0.14040259055477022, -0.14040259055488336, 0.14040259055602078, -0.1404025905548501, 0.14040259055612592, 0.14040259055154145, 0.14040259055485008, 0.14040259055477022, 0.14040259055602078, -0.14040259055485008, -0.14040259055488336, -0.14040259055491333, -0.14040259055154145, -0.14040259055602078]","[0.14040259055477022, 0.14040259055477022, 0.14040259055477022, 0.14040259055488336, 0.14040259055602078, 0.1404025905548501, 0.14040259055612592, 0.14040259055154145, 0.14040259055485008, 0.14040259055477022, 0.14040259055602078, 0.14040259055485008, 0.14040259055488336, 0.14040259055491333, 0.14040259055154145, 0.14040259055602078]","['3HAD161', '3OAR161', '3OAS161', 'EAR161x']","['AACPS4', 'ACOATA', 'CTECOAI7_copy1', 'FACOAE161', 'FADRx2', 'MACPD', 'CTECOAI6_copy2']","['ACACT7r', 'AACPS2', 'ACOAD6f', 'FACOAE141', 'ECOAH7']",AACPS4,3OAR161,2.3868440394460926,1,16,5,2.0,0.28080518111169744,iECW_1372,PSL,False,False,0.0,0.0,0.0,-2.45619609131609e-05
41,"['3HAD161', '3OAR161', '3OAS161', 'ACACT7r', 'AACPS2', 'AACPS4', 'ACOAD6f', 'ACOATA', 'CTECOAI7_copy1', 'EAR161x', 'FACOAE141', 'FACOAE161', 'ECOAH7', 'FADRx2', 'MACPD', 'CTECOAI6_copy2']","[0.14040259055477022, 0.14040259055477022, 0.14040259055477022, -0.14040259055488336, 0.14040259055602078, -0.1404025905548501, 0.14040259055612592, 0.14040259055154145, 0.14040259055485008, 0.14040259055477022, 0.14040259055602078, -0.14040259055485008, -0.14040259055488336, -0.14040259055491333, -0.14040259055154145, -0.14040259055602078]","[0.14040259055477022, 0.14040259055477022, 0.14040259055477022, 0.14040259055488336, 0.14040259055602078, 0.1404025905548501, 0.14040259055612592, 0.14040259055154145, 0.14040259055485008, 0.14040259055477022, 0.14040259055602078, 0.14040259055485008, 0.14040259055488336, 0.14040259055491333, 0.14040259055154145, 0.14040259055602078]","['3HAD161', '3OAR161', '3OAS161', 'EAR161x']","['AACPS4', 'ACOATA', 'CTECOAI7_copy1', 'FACOAE161', 'FADRx2', 'MACPD', 'CTECOAI6_copy2']","['ACACT7r', 'AACPS2', 'ACOAD6f', 'FACOAE141', 'ECOAH7']",AACPS4,3OAS161,2.3868440394460926,1,16,5,2.0,0.28080518111169744,iECW_1372,PSL,False,False,0.0,0.0,0.0,0.0
42,"['3HAD120', '3OAR120', '3OAS120', 'ACACT5r', 'AACPS7', 'AACPS8', 'ACOAD5f', 'ACOATA', 'EAR120x', 'FACOAE120', 'ECOAH5', 'FADRx2', 'FACOAE100', 'HACD5', 'MACPD']","[0.0726373494784, 0.0726373494784, 0.0726373494784, -0.0726373494784, -0.0726373494784, 0.07263734947768247, 0.0726373494784, 0.07263734947839996, 0.0726373494784, -0.0726373494784, -0.0726373494784, -0.07263734947852529, 0.0726373494784, -0.0726373494784, -0.07263734947839996]","[0.0726373494784, 0.0726373494784, 0.0726373494784, 0.0726373494784, 0.0726373494784, 0.07263734947768247, 0.0726373494784, 0.07263734947839996, 0.0726373494784, 0.0726373494784, 0.0726373494784, 0.07263734947852529, 0.0726373494784, 0.0726373494784, 0.07263734947839996]","['AACPS7', 'ACOATA', 'FACOAE120', 'FADRx2', 'MACPD']","['3HAD120', '3OAR120', '3OAS120', 'EAR120x', 'FACOAE100']","['ACACT5r', 'AACPS8', 'ACOAD5f', 'ECOAH5', 'HACD5']",AACPS7,3HAD120,1.0895602421760002,1,15,5,1.0,0.07263734947755716,iECW_1372,PSL,False,False,0.0,0.0,0.0,0.0
43,"['3HAD120', '3OAR120', '3OAS120', 'ACACT5r', 'AACPS7', 'AACPS8', 'ACOAD5f', 'ACOATA', 'EAR120x', 'FACOAE120', 'ECOAH5', 'FADRx2', 'FACOAE100', 'HACD5', 'MACPD']","[0.0726373494784, 0.0726373494784, 0.0726373494784, -0.0726373494784, -0.0726373494784, 0.07263734947768247, 0.0726373494784, 0.07263734947839996, 0.0726373494784, -0.0726373494784, -0.0726373494784, -0.07263734947852529, 0.0726373494784, -0.0726373494784, -0.07263734947839996]","[0.0726373494784, 0.0726373494784, 0.0726373494784, 0.0726373494784, 0.0726373494784, 0.07263734947768247, 0.0726373494784, 0.07263734947839996, 0.0726373494784, 0.0726373494784, 0.0726373494784, 0.07263734947852529, 0.0726373494784, 0.0726373494784, 0.07263734947839996]","['AACPS7', 'ACOATA', 'FACOAE120', 'FADRx2', 'MACPD']","['3HAD120', '3OAR120', '3OAS120', 'EAR120x', 'FACOAE100']","['ACACT5r', 'AACPS8', 'ACOAD5f', 'ECOAH5', 'HACD5']",AACPS7,3OAR120,1.0895602421760002,1,15,5,1.0,0.07263734947755716,iECW_1372,PSL,False,False,0.0,0.0,0.0,0.0
44,"['3HAD120', '3OAR120', '3OAS120', 'ACACT5r', 'AACPS7', 'AACPS8', 'ACOAD5f', 'ACOATA', 'EAR120x', 'FACOAE120', 'ECOAH5', 'FADRx2', 'FACOAE100', 'HACD5', 'MACPD']","[0.0726373494784, 0.0726373494784, 0.0726373494784, -0.0726373494784, -0.0726373494784, 0.07263734947768247, 0.0726373494784, 0.07263734947839996, 0.0726373494784, -0.0726373494784, -0.0726373494784, -0.07263734947852529, 0.0726373494784, -0.0726373494784, -0.07263734947839996]","[0.0726373494784, 0.0726373494784, 0.0726373494784, 0.0726373494784, 0.0726373494784, 0.07263734947768247, 0.0726373494784, 0.07263734947839996, 0.0726373494784, 0.0726373494784, 0.0726373494784, 0.07263734947852529, 0.0726373494784, 0.0726373494784, 0.07263734947839996]","['AACPS7', 'ACOATA', 'FACOAE120', 'FADRx2', 'MACPD']","['3HAD120', '3OAR120', '3OAS120', 'EAR120x', 'FACOAE100']","['ACACT5r', 'AACPS8', 'ACOAD5f', 'ECOAH5', 'HACD5']",AACPS7,3OAS120,1.0895602421760002,1,15,5,1.0,0.07263734947755716,iECW_1372,PSL,False,False,0.0,0.0,0.0,0.0
45,"['3HAD100', '3HAD40', '3HAD60', '3HAD80', '3OAR40', '3OAR60', '3OAR80', '3OAS100', '3OAR100', 'ACACT1r', 'ACACT2r', 'ACACT3r', '3OAS60', '3OAS80', 'ACACT4r', 'ACOAD1f', 'ACOAD2f', 'ACOAD3f', 'ACOAD4f', 'ACOATA', 'EAR100x', 'EAR40x', 'EAR60x', 'EAR80x', 'ECOAH1', 'ECOAH2', 'ECOAH3', 'ECOAH4', 'FADRx2', 'FA100ACPHi', 'FACOAE100', 'KAS15', 'MACPD']","[0.33216205710808006, 0.33216205710808006, 0.33216205710808006, 0.33216205710808006, 0.3321620571081212, 0.3321620571081212, 0.3321620571081212, 0.33216205710808006, 0.3321620571081212, -0.3321620571081212, -0.3321620571081212, -0.3321620571081212, 0.33216205710808006, 0.33216205710808006, -0.3321620571081212, 0.3321620571081212, 0.3321620571081212, 0.3321620571081212, 0.3321620571081212, 1.328648228432371, 0.33216205710808006, 0.33216205710808006, 0.33216205710808006, 0.33216205710808006, -0.3321620571081212, -0.3321620571081212, -0.3321620571081212, -0.3321620571081212, -1.3286482284317613, 0.33216205710808006, -0.33216205710808006, 0.33216205710808006, -1.3286482284323202]","[0.33216205710808006, 0.33216205710808006, 0.33216205710808006, 0.33216205710808006, 0.3321620571081212, 0.3321620571081212, 0.3321620571081212, 0.33216205710808006, 0.3321620571081212, 0.3321620571081212, 0.3321620571081212, 0.3321620571081212, 0.33216205710808006, 0.33216205710808006, 0.3321620571081212, 0.3321620571081212, 0.3321620571081212, 0.3321620571081212, 0.3321620571081212, 1.328648228432371, 0.33216205710808006, 0.33216205710808006, 0.33216205710808006, 0.33216205710808006, 0.3321620571081212, 0.3321620571081212, 0.3321620571081212, 0.3321620571081212, 1.3286482284317613, 0.33216205710808006, 0.33216205710808006, 0.33216205710808006, 1.3286482284323202]","['ACACT1r', 'ACACT2r', 'ACACT3r', 'ACACT4r', 'ACOAD1f', 'ACOAD2f', 'ACOAD3f', 'ACOAD4f', 'ACOATA', 'ECOAH1', 'ECOAH2', 'ECOAH3', 'ECOAH4', 'FADRx2', 'FACOAE100', 'MACPD']","['3HAD100', '3HAD40', '3HAD60', '3HAD80', '3OAR40', '3OAR60', '3OAR80', '3OAS100', '3OAR100', '3OAS60', '3OAS80', 'EAR100x', 'EAR40x', 'EAR60x', 'EAR80x', 'FA100ACPHi', 'KAS15']",[],ACOAD1f,3HAD100,15.279454626973873,1,33,0,-11.0,-2.657296456865251,iECW_1372,PSL,True,False,-7.25128880445573,0.0,0.0,0.0
46,"['3HAD40', '3HAD60', '3HAD80', '3OAR40', '3OAR60', '3OAR80', 'ACACT1r', 'ACACT2r', 'ACACT3r', '3OAS60', '3OAS80', 'ACOAD1f', 'ACOAD2f', 'ACOAD3f', 'ACOATA', 'EAR40x', 'EAR60x', 'EAR80x', 'ECOAH1', 'ECOAH2', 'ECOAH3', 'FACOAE80', 'FADRx2', 'FA80ACPHi', 'HACD1', 'HACD2', 'HACD3', 'KAS15', 'MACPD']","[0.33216205710800445, 0.33216205710800445, 0.33216205710800445, 0.3321620571080075, 0.3321620571080075, 0.3321620571080075, -0.3321620571080075, -0.3321620571080075, -0.3321620571080075, 0.33216205710800445, 0.33216205710800445, 0.3321620571080075, 0.3321620571080075, 0.3321620571080075, 0.9964861713240225, 0.33216205710800445, 0.33216205710800445, 0.33216205710800445, -0.3321620571080075, -0.3321620571080075, -0.3321620571080075, -0.332162057108, -0.9964861713245349, 0.3321620571062943, -0.3321620571080075, -0.3321620571080075, -0.3321620571080075, 0.33216205710800445, -0.9964861713240336]","[0.33216205710800445, 0.33216205710800445, 0.33216205710800445, 0.3321620571080075, 0.3321620571080075, 0.3321620571080075, 0.3321620571080075, 0.3321620571080075, 0.3321620571080075, 0.33216205710800445, 0.33216205710800445, 0.3321620571080075, 0.3321620571080075, 0.3321620571080075, 0.9964861713240225, 0.33216205710800445, 0.33216205710800445, 0.33216205710800445, 0.3321620571080075, 0.3321620571080075, 0.3321620571080075, 0.332162057108, 0.9964861713245349, 0.3321620571062943, 0.3321620571080075, 0.3321620571080075, 0.3321620571080075, 0.33216205710800445, 0.9964861713240336]","['3HAD40', '3HAD60', '3HAD80', '3OAR40', '3OAR60', '3OAR80', '3OAS60', '3OAS80', 'EAR40x', 'EAR60x', 'EAR80x', 'FA80ACPHi', 'KAS15']","['ACACT1r', 'ACACT2r', 'ACACT3r', 'ACOAD1f', 'ACOAD2f', 'ACOAD3f', 'ACOATA', 'ECOAH1', 'ECOAH2', 'ECOAH3', 'FACOAE80', 'FADRx2', 'HACD1', 'HACD2', 'HACD3', 'MACPD']",[],ACOAD1f,3HAD40,11.625671998780085,1,29,0,-5.0,-0.9964861713217656,iECW_1372,PSL,True,False,-7.25128880445573,0.0,0.0,0.0
47,"['3HAD40', '3HAD60', '3HAD80', '3OAR40', '3OAR60', '3OAR80', 'ACACT1r', 'ACACT2r', 'ACACT3r', '3OAS60', '3OAS80', 'ACOAD1f', 'ACOAD2f', 'ACOAD3f', 'ACOATA', 'EAR40x', 'EAR60x', 'EAR80x', 'ECOAH1', 'ECOAH2', 'ECOAH3', 'FACOAE80', 'FADRx2', 'FA80ACPHi', 'HACD1', 'HACD2', 'HACD3', 'KAS15', 'MACPD']","[0.33216205710800445, 0.33216205710800445, 0.33216205710800445, 0.3321620571080075, 0.3321620571080075, 0.3321620571080075, -0.3321620571080075, -0.3321620571080075, -0.3321620571080075, 0.33216205710800445, 0.33216205710800445, 0.3321620571080075, 0.3321620571080075, 0.3321620571080075, 0.9964861713240225, 0.33216205710800445, 0.33216205710800445, 0.33216205710800445, -0.3321620571080075, -0.3321620571080075, -0.3321620571080075, -0.332162057108, -0.9964861713245349, 0.3321620571062943, -0.3321620571080075, -0.3321620571080075, -0.3321620571080075, 0.33216205710800445, -0.9964861713240336]","[0.33216205710800445, 0.33216205710800445, 0.33216205710800445, 0.3321620571080075, 0.3321620571080075, 0.3321620571080075, 0.3321620571080075, 0.3321620571080075, 0.3321620571080075, 0.33216205710800445, 0.33216205710800445, 0.3321620571080075, 0.3321620571080075, 0.3321620571080075, 0.9964861713240225, 0.33216205710800445, 0.33216205710800445, 0.33216205710800445, 0.3321620571080075, 0.3321620571080075, 0.3321620571080075, 0.332162057108, 0.9964861713245349, 0.3321620571062943, 0.3321620571080075, 0.3321620571080075, 0.3321620571080075, 0.33216205710800445, 0.9964861713240336]","['3HAD40', '3HAD60', '3HAD80', '3OAR40', '3OAR60', '3OAR80', '3OAS60', '3OAS80', 'EAR40x', 'EAR60x', 'EAR80x', 'FA80ACPHi', 'KAS15']","['ACACT1r', 'ACACT2r', 'ACACT3r', 'ACOAD1f', 'ACOAD2f', 'ACOAD3f', 'ACOATA', 'ECOAH1', 'ECOAH2', 'ECOAH3', 'FACOAE80', 'FADRx2', 'HACD1', 'HACD2', 'HACD3', 'MACPD']",[],ACOAD1f,3HAD60,11.625671998780085,1,29,0,-5.0,-0.9964861713217656,iECW_1372,PSL,True,False,-7.25128880445573,0.0,0.0,0.0
48,"['3HAD40', '3HAD60', '3HAD80', '3OAR40', '3OAR60', '3OAR80', 'ACACT1r', 'ACACT2r', 'ACACT3r', '3OAS60', '3OAS80', 'ACOAD1f', 'ACOAD2f', 'ACOAD3f', 'ACOATA', 'EAR40x', 'EAR60x', 'EAR80x', 'ECOAH1', 'ECOAH2', 'ECOAH3', 'FACOAE80', 'FADRx2', 'FA80ACPHi', 'HACD1', 'HACD2', 'HACD3', 'KAS15', 'MACPD']","[0.33216205710800445, 0.33216205710800445, 0.33216205710800445, 0.3321620571080075, 0.3321620571080075, 0.3321620571080075, -0.3321620571080075, -0.3321620571080075, -0.3321620571080075, 0.33216205710800445, 0.33216205710800445, 0.3321620571080075, 0.3321620571080075, 0.3321620571080075, 0.9964861713240225, 0.33216205710800445, 0.33216205710800445, 0.33216205710800445, -0.3321620571080075, -0.3321620571080075, -0.3321620571080075, -0.332162057108, -0.9964861713245349, 0.3321620571062943, -0.3321620571080075, -0.3321620571080075, -0.3321620571080075, 0.33216205710800445, -0.9964861713240336]","[0.33216205710800445, 0.33216205710800445, 0.33216205710800445, 0.3321620571080075, 0.3321620571080075, 0.3321620571080075, 0.3321620571080075, 0.3321620571080075, 0.3321620571080075, 0.33216205710800445, 0.33216205710800445, 0.3321620571080075, 0.3321620571080075, 0.3321620571080075, 0.9964861713240225, 0.33216205710800445, 0.33216205710800445, 0.33216205710800445, 0.3321620571080075, 0.3321620571080075, 0.3321620571080075, 0.332162057108, 0.9964861713245349, 0.3321620571062943, 0.3321620571080075, 0.3321620571080075, 0.3321620571080075, 0.33216205710800445, 0.9964861713240336]","['3HAD40', '3HAD60', '3HAD80', '3OAR40', '3OAR60', '3OAR80', '3OAS60', '3OAS80', 'EAR40x', 'EAR60x', 'EAR80x', 'FA80ACPHi', 'KAS15']","['ACACT1r', 'ACACT2r', 'ACACT3r', 'ACOAD1f', 'ACOAD2f', 'ACOAD3f', 'ACOATA', 'ECOAH1', 'ECOAH2', 'ECOAH3', 'FACOAE80', 'FADRx2', 'HACD1', 'HACD2', 'HACD3', 'MACPD']",[],ACOAD1f,3HAD80,11.625671998780085,1,29,0,-5.0,-0.9964861713217656,iECW_1372,PSL,True,False,-7.25128880445573,0.0,0.0,-0.0051138002733068
49,"['3HAD40', '3HAD60', '3HAD80', '3OAR40', '3OAR60', '3OAR80', 'ACACT1r', 'ACACT2r', 'ACACT3r', '3OAS60', '3OAS80', 'ACOAD1f', 'ACOAD2f', 'ACOAD3f', 'ACOATA', 'EAR40x', 'EAR60x', 'EAR80x', 'ECOAH1', 'ECOAH2', 'ECOAH3', 'FACOAE80', 'FADRx2', 'FA80ACPHi', 'HACD1', 'HACD2', 'HACD3', 'KAS15', 'MACPD']","[0.33216205710800445, 0.33216205710800445, 0.33216205710800445, 0.3321620571080075, 0.3321620571080075, 0.3321620571080075, -0.3321620571080075, -0.3321620571080075, -0.3321620571080075, 0.33216205710800445, 0.33216205710800445, 0.3321620571080075, 0.3321620571080075, 0.3321620571080075, 0.9964861713240225, 0.33216205710800445, 0.33216205710800445, 0.33216205710800445, -0.3321620571080075, -0.3321620571080075, -0.3321620571080075, -0.332162057108, -0.9964861713245349, 0.3321620571062943, -0.3321620571080075, -0.3321620571080075, -0.3321620571080075, 0.33216205710800445, -0.9964861713240336]","[0.33216205710800445, 0.33216205710800445, 0.33216205710800445, 0.3321620571080075, 0.3321620571080075, 0.3321620571080075, 0.3321620571080075, 0.3321620571080075, 0.3321620571080075, 0.33216205710800445, 0.33216205710800445, 0.3321620571080075, 0.3321620571080075, 0.3321620571080075, 0.9964861713240225, 0.33216205710800445, 0.33216205710800445, 0.33216205710800445, 0.3321620571080075, 0.3321620571080075, 0.3321620571080075, 0.332162057108, 0.9964861713245349, 0.3321620571062943, 0.3321620571080075, 0.3321620571080075, 0.3321620571080075, 0.33216205710800445, 0.9964861713240336]","['3HAD40', '3HAD60', '3HAD80', '3OAR40', '3OAR60', '3OAR80', '3OAS60', '3OAS80', 'EAR40x', 'EAR60x', 'EAR80x', 'FA80ACPHi', 'KAS15']","['ACACT1r', 'ACACT2r', 'ACACT3r', 'ACOAD1f', 'ACOAD2f', 'ACOAD3f', 'ACOATA', 'ECOAH1', 'ECOAH2', 'ECOAH3', 'FACOAE80', 'FADRx2', 'HACD1', 'HACD2', 'HACD3', 'MACPD']",[],ACOAD1f,3OAR40,11.625671998780085,1,29,0,-5.0,-0.9964861713217656,iECW_1372,PSL,True,False,-7.25128880445573,0.0,0.0,0.0
50,"['3HAD40', '3HAD60', '3HAD80', '3OAR40', '3OAR60', '3OAR80', 'ACACT1r', 'ACACT2r', 'ACACT3r', '3OAS60', '3OAS80', 'ACOAD1f', 'ACOAD2f', 'ACOAD3f', 'ACOATA', 'EAR40x', 'EAR60x', 'EAR80x', 'ECOAH1', 'ECOAH2', 'ECOAH3', 'FACOAE80', 'FADRx2', 'FA80ACPHi', 'HACD1', 'HACD2', 'HACD3', 'KAS15', 'MACPD']","[0.33216205710800445, 0.33216205710800445, 0.33216205710800445, 0.3321620571080075, 0.3321620571080075, 0.3321620571080075, -0.3321620571080075, -0.3321620571080075, -0.3321620571080075, 0.33216205710800445, 0.33216205710800445, 0.3321620571080075, 0.3321620571080075, 0.3321620571080075, 0.9964861713240225, 0.33216205710800445, 0.33216205710800445, 0.33216205710800445, -0.3321620571080075, -0.3321620571080075, -0.3321620571080075, -0.332162057108, -0.9964861713245349, 0.3321620571062943, -0.3321620571080075, -0.3321620571080075, -0.3321620571080075, 0.33216205710800445, -0.9964861713240336]","[0.33216205710800445, 0.33216205710800445, 0.33216205710800445, 0.3321620571080075, 0.3321620571080075, 0.3321620571080075, 0.3321620571080075, 0.3321620571080075, 0.3321620571080075, 0.33216205710800445, 0.33216205710800445, 0.3321620571080075, 0.3321620571080075, 0.3321620571080075, 0.9964861713240225, 0.33216205710800445, 0.33216205710800445, 0.33216205710800445, 0.3321620571080075, 0.3321620571080075, 0.3321620571080075, 0.332162057108, 0.9964861713245349, 0.3321620571062943, 0.3321620571080075, 0.3321620571080075, 0.3321620571080075, 0.33216205710800445, 0.9964861713240336]","['3HAD40', '3HAD60', '3HAD80', '3OAR40', '3OAR60', '3OAR80', '3OAS60', '3OAS80', 'EAR40x', 'EAR60x', 'EAR80x', 'FA80ACPHi', 'KAS15']","['ACACT1r', 'ACACT2r', 'ACACT3r', 'ACOAD1f', 'ACOAD2f', 'ACOAD3f', 'ACOATA', 'ECOAH1', 'ECOAH2', 'ECOAH3', 'FACOAE80', 'FADRx2', 'HACD1', 'HACD2', 'HACD3', 'MACPD']",[],ACOAD1f,3OAR60,11.625671998780085,1,29,0,-5.0,-0.9964861713217656,iECW_1372,PSL,True,False,-7.25128880445573,0.0,0.0,0.0
51,"['3HAD40', '3HAD60', '3HAD80', '3OAR40', '3OAR60', '3OAR80', 'ACACT1r', 'ACACT2r', 'ACACT3r', '3OAS60', '3OAS80', 'ACOAD1f', 'ACOAD2f', 'ACOAD3f', 'ACOATA', 'EAR40x', 'EAR60x', 'EAR80x', 'ECOAH1', 'ECOAH2', 'ECOAH3', 'FACOAE80', 'FADRx2', 'FA80ACPHi', 'HACD1', 'HACD2', 'HACD3', 'KAS15', 'MACPD']","[0.33216205710800445, 0.33216205710800445, 0.33216205710800445, 0.3321620571080075, 0.3321620571080075, 0.3321620571080075, -0.3321620571080075, -0.3321620571080075, -0.3321620571080075, 0.33216205710800445, 0.33216205710800445, 0.3321620571080075, 0.3321620571080075, 0.3321620571080075, 0.9964861713240225, 0.33216205710800445, 0.33216205710800445, 0.33216205710800445, -0.3321620571080075, -0.3321620571080075, -0.3321620571080075, -0.332162057108, -0.9964861713245349, 0.3321620571062943, -0.3321620571080075, -0.3321620571080075, -0.3321620571080075, 0.33216205710800445, -0.9964861713240336]","[0.33216205710800445, 0.33216205710800445, 0.33216205710800445, 0.3321620571080075, 0.3321620571080075, 0.3321620571080075, 0.3321620571080075, 0.3321620571080075, 0.3321620571080075, 0.33216205710800445, 0.33216205710800445, 0.3321620571080075, 0.3321620571080075, 0.3321620571080075, 0.9964861713240225, 0.33216205710800445, 0.33216205710800445, 0.33216205710800445, 0.3321620571080075, 0.3321620571080075, 0.3321620571080075, 0.332162057108, 0.9964861713245349, 0.3321620571062943, 0.3321620571080075, 0.3321620571080075, 0.3321620571080075, 0.33216205710800445, 0.9964861713240336]","['3HAD40', '3HAD60', '3HAD80', '3OAR40', '3OAR60', '3OAR80', '3OAS60', '3OAS80', 'EAR40x', 'EAR60x', 'EAR80x', 'FA80ACPHi', 'KAS15']","['ACACT1r', 'ACACT2r', 'ACACT3r', 'ACOAD1f', 'ACOAD2f', 'ACOAD3f', 'ACOATA', 'ECOAH1', 'ECOAH2', 'ECOAH3', 'FACOAE80', 'FADRx2', 'HACD1', 'HACD2', 'HACD3', 'MACPD']",[],ACOAD1f,3OAR80,11.625671998780085,1,29,0,-5.0,-0.9964861713217656,iECW_1372,PSL,True,False,-7.25128880445573,0.0,0.0,0.0
52,"['3HAD100', '3HAD40', '3HAD60', '3HAD80', '3OAR40', '3OAR60', '3OAR80', '3OAS100', '3OAR100', 'ACACT1r', 'ACACT2r', 'ACACT3r', '3OAS60', '3OAS80', 'ACACT4r', 'ACOAD1f', 'ACOAD2f', 'ACOAD3f', 'ACOAD4f', 'ACOATA', 'EAR100x', 'EAR40x', 'EAR60x', 'EAR80x', 'ECOAH1', 'ECOAH2', 'ECOAH3', 'ECOAH4', 'FADRx2', 'FA100ACPHi', 'FACOAE100', 'KAS15', 'MACPD']","[0.33216205710808006, 0.33216205710808006, 0.33216205710808006, 0.33216205710808006, 0.3321620571081212, 0.3321620571081212, 0.3321620571081212, 0.33216205710808006, 0.3321620571081212, -0.3321620571081212, -0.3321620571081212, -0.3321620571081212, 0.33216205710808006, 0.33216205710808006, -0.3321620571081212, 0.3321620571081212, 0.3321620571081212, 0.3321620571081212, 0.3321620571081212, 1.328648228432371, 0.33216205710808006, 0.33216205710808006, 0.33216205710808006, 0.33216205710808006, -0.3321620571081212, -0.3321620571081212, -0.3321620571081212, -0.3321620571081212, -1.3286482284317613, 0.33216205710808006, -0.33216205710808006, 0.33216205710808006, -1.3286482284323202]","[0.33216205710808006, 0.33216205710808006, 0.33216205710808006, 0.33216205710808006, 0.3321620571081212, 0.3321620571081212, 0.3321620571081212, 0.33216205710808006, 0.3321620571081212, 0.3321620571081212, 0.3321620571081212, 0.3321620571081212, 0.33216205710808006, 0.33216205710808006, 0.3321620571081212, 0.3321620571081212, 0.3321620571081212, 0.3321620571081212, 0.3321620571081212, 1.328648228432371, 0.33216205710808006, 0.33216205710808006, 0.33216205710808006, 0.33216205710808006, 0.3321620571081212, 0.3321620571081212, 0.3321620571081212, 0.3321620571081212, 1.3286482284317613, 0.33216205710808006, 0.33216205710808006, 0.33216205710808006, 1.3286482284323202]","['ACACT1r', 'ACACT2r', 'ACACT3r', 'ACACT4r', 'ACOAD1f', 'ACOAD2f', 'ACOAD3f', 'ACOAD4f', 'ACOATA', 'ECOAH1', 'ECOAH2', 'ECOAH3', 'ECOAH4', 'FADRx2', 'FACOAE100', 'MACPD']","['3HAD100', '3HAD40', '3HAD60', '3HAD80', '3OAR40', '3OAR60', '3OAR80', '3OAS100', '3OAR100', '3OAS60', '3OAS80', 'EAR100x', 'EAR40x', 'EAR60x', 'EAR80x', 'FA100ACPHi', 'KAS15']",[],ACOAD1f,3OAS100,15.279454626973873,1,33,0,-11.0,-2.657296456865251,iECW_1372,PSL,True,False,-7.25128880445573,0.0,0.0,0.0
53,"['3HAD100', '3HAD40', '3HAD60', '3HAD80', '3OAR40', '3OAR60', '3OAR80', '3OAS100', '3OAR100', 'ACACT1r', 'ACACT2r', 'ACACT3r', '3OAS60', '3OAS80', 'ACACT4r', 'ACOAD1f', 'ACOAD2f', 'ACOAD3f', 'ACOAD4f', 'ACOATA', 'EAR100x', 'EAR40x', 'EAR60x', 'EAR80x', 'ECOAH1', 'ECOAH2', 'ECOAH3', 'ECOAH4', 'FADRx2', 'FA100ACPHi', 'FACOAE100', 'KAS15', 'MACPD']","[0.33216205710808006, 0.33216205710808006, 0.33216205710808006, 0.33216205710808006, 0.3321620571081212, 0.3321620571081212, 0.3321620571081212, 0.33216205710808006, 0.3321620571081212, -0.3321620571081212, -0.3321620571081212, -0.3321620571081212, 0.33216205710808006, 0.33216205710808006, -0.3321620571081212, 0.3321620571081212, 0.3321620571081212, 0.3321620571081212, 0.3321620571081212, 1.328648228432371, 0.33216205710808006, 0.33216205710808006, 0.33216205710808006, 0.33216205710808006, -0.3321620571081212, -0.3321620571081212, -0.3321620571081212, -0.3321620571081212, -1.3286482284317613, 0.33216205710808006, -0.33216205710808006, 0.33216205710808006, -1.3286482284323202]","[0.33216205710808006, 0.33216205710808006, 0.33216205710808006, 0.33216205710808006, 0.3321620571081212, 0.3321620571081212, 0.3321620571081212, 0.33216205710808006, 0.3321620571081212, 0.3321620571081212, 0.3321620571081212, 0.3321620571081212, 0.33216205710808006, 0.33216205710808006, 0.3321620571081212, 0.3321620571081212, 0.3321620571081212, 0.3321620571081212, 0.3321620571081212, 1.328648228432371, 0.33216205710808006, 0.33216205710808006, 0.33216205710808006, 0.33216205710808006, 0.3321620571081212, 0.3321620571081212, 0.3321620571081212, 0.3321620571081212, 1.3286482284317613, 0.33216205710808006, 0.33216205710808006, 0.33216205710808006, 1.3286482284323202]","['ACACT1r', 'ACACT2r', 'ACACT3r', 'ACACT4r', 'ACOAD1f', 'ACOAD2f', 'ACOAD3f', 'ACOAD4f', 'ACOATA', 'ECOAH1', 'ECOAH2', 'ECOAH3', 'ECOAH4', 'FADRx2', 'FACOAE100', 'MACPD']","['3HAD100', '3HAD40', '3HAD60', '3HAD80', '3OAR40', '3OAR60', '3OAR80', '3OAS100', '3OAR100', '3OAS60', '3OAS80', 'EAR100x', 'EAR40x', 'EAR60x', 'EAR80x', 'FA100ACPHi', 'KAS15']",[],ACOAD1f,3OAR100,15.279454626973873,1,33,0,-11.0,-2.657296456865251,iECW_1372,PSL,True,False,-7.25128880445573,0.0,0.0,0.0
54,"['3HAD40', '3HAD60', '3HAD80', '3OAR40', '3OAR60', '3OAR80', 'ACACT1r', 'ACACT2r', 'ACACT3r', '3OAS60', '3OAS80', 'ACOAD1f', 'ACOAD2f', 'ACOAD3f', 'ACOATA', 'EAR40x', 'EAR60x', 'EAR80x', 'ECOAH1', 'ECOAH2', 'ECOAH3', 'FACOAE80', 'FADRx2', 'FA80ACPHi', 'HACD1', 'HACD2', 'HACD3', 'KAS15', 'MACPD']","[0.33216205710800445, 0.33216205710800445, 0.33216205710800445, 0.3321620571080075, 0.3321620571080075, 0.3321620571080075, -0.3321620571080075, -0.3321620571080075, -0.3321620571080075, 0.33216205710800445, 0.33216205710800445, 0.3321620571080075, 0.3321620571080075, 0.3321620571080075, 0.9964861713240225, 0.33216205710800445, 0.33216205710800445, 0.33216205710800445, -0.3321620571080075, -0.3321620571080075, -0.3321620571080075, -0.332162057108, -0.9964861713245349, 0.3321620571062943, -0.3321620571080075, -0.3321620571080075, -0.3321620571080075, 0.33216205710800445, -0.9964861713240336]","[0.33216205710800445, 0.33216205710800445, 0.33216205710800445, 0.3321620571080075, 0.3321620571080075, 0.3321620571080075, 0.3321620571080075, 0.3321620571080075, 0.3321620571080075, 0.33216205710800445, 0.33216205710800445, 0.3321620571080075, 0.3321620571080075, 0.3321620571080075, 0.9964861713240225, 0.33216205710800445, 0.33216205710800445, 0.33216205710800445, 0.3321620571080075, 0.3321620571080075, 0.3321620571080075, 0.332162057108, 0.9964861713245349, 0.3321620571062943, 0.3321620571080075, 0.3321620571080075, 0.3321620571080075, 0.33216205710800445, 0.9964861713240336]","['3HAD40', '3HAD60', '3HAD80', '3OAR40', '3OAR60', '3OAR80', '3OAS60', '3OAS80', 'EAR40x', 'EAR60x', 'EAR80x', 'FA80ACPHi', 'KAS15']","['ACACT1r', 'ACACT2r', 'ACACT3r', 'ACOAD1f', 'ACOAD2f', 'ACOAD3f', 'ACOATA', 'ECOAH1', 'ECOAH2', 'ECOAH3', 'FACOAE80', 'FADRx2', 'HACD1', 'HACD2', 'HACD3', 'MACPD']",[],ACOAD1f,3OAS60,11.625671998780085,1,29,0,-5.0,-0.9964861713217656,iECW_1372,PSL,True,False,-7.25128880445573,0.0,0.0,0.0
55,"['3HAD40', '3HAD60', '3HAD80', '3OAR40', '3OAR60', '3OAR80', 'ACACT1r', 'ACACT2r', 'ACACT3r', '3OAS60', '3OAS80', 'ACOAD1f', 'ACOAD2f', 'ACOAD3f', 'ACOATA', 'EAR40x', 'EAR60x', 'EAR80x', 'ECOAH1', 'ECOAH2', 'ECOAH3', 'FACOAE80', 'FADRx2', 'FA80ACPHi', 'HACD1', 'HACD2', 'HACD3', 'KAS15', 'MACPD']","[0.33216205710800445, 0.33216205710800445, 0.33216205710800445, 0.3321620571080075, 0.3321620571080075, 0.3321620571080075, -0.3321620571080075, -0.3321620571080075, -0.3321620571080075, 0.33216205710800445, 0.33216205710800445, 0.3321620571080075, 0.3321620571080075, 0.3321620571080075, 0.9964861713240225, 0.33216205710800445, 0.33216205710800445, 0.33216205710800445, -0.3321620571080075, -0.3321620571080075, -0.3321620571080075, -0.332162057108, -0.9964861713245349, 0.3321620571062943, -0.3321620571080075, -0.3321620571080075, -0.3321620571080075, 0.33216205710800445, -0.9964861713240336]","[0.33216205710800445, 0.33216205710800445, 0.33216205710800445, 0.3321620571080075, 0.3321620571080075, 0.3321620571080075, 0.3321620571080075, 0.3321620571080075, 0.3321620571080075, 0.33216205710800445, 0.33216205710800445, 0.3321620571080075, 0.3321620571080075, 0.3321620571080075, 0.9964861713240225, 0.33216205710800445, 0.33216205710800445, 0.33216205710800445, 0.3321620571080075, 0.3321620571080075, 0.3321620571080075, 0.332162057108, 0.9964861713245349, 0.3321620571062943, 0.3321620571080075, 0.3321620571080075, 0.3321620571080075, 0.33216205710800445, 0.9964861713240336]","['3HAD40', '3HAD60', '3HAD80', '3OAR40', '3OAR60', '3OAR80', '3OAS60', '3OAS80', 'EAR40x', 'EAR60x', 'EAR80x', 'FA80ACPHi', 'KAS15']","['ACACT1r', 'ACACT2r', 'ACACT3r', 'ACOAD1f', 'ACOAD2f', 'ACOAD3f', 'ACOATA', 'ECOAH1', 'ECOAH2', 'ECOAH3', 'FACOAE80', 'FADRx2', 'HACD1', 'HACD2', 'HACD3', 'MACPD']",[],ACOAD1f,3OAS80,11.625671998780085,1,29,0,-5.0,-0.9964861713217656,iECW_1372,PSL,True,False,-7.25128880445573,0.0,0.0,0.0
56,"['3HAD100', '3HAD40', '3HAD60', '3HAD80', '3OAR40', '3OAR60', '3OAR80', '3OAS100', '3OAR100', 'ACACT1r', 'ACACT2r', 'ACACT3r', '3OAS60', '3OAS80', 'ACACT4r', 'ACOAD1f', 'ACOAD2f', 'ACOAD3f', 'ACOAD4f', 'ACOATA', 'EAR100x', 'EAR40x', 'EAR60x', 'EAR80x', 'ECOAH1', 'ECOAH2', 'ECOAH3', 'ECOAH4', 'FADRx2', 'FA100ACPHi', 'FACOAE100', 'KAS15', 'MACPD']","[0.33216205710796537, 0.33216205710796537, 0.33216205710796537, 0.33216205710796537, 0.33216205710796537, 0.33216205710796537, 0.33216205710796537, 0.33216205710796537, 0.33216205710796537, -0.3321620571080075, -0.3321620571080075, -0.3321620571080075, 0.33216205710796537, 0.33216205710796537, -0.3321620571080075, 0.3321620571080075, 0.3321620571080075, 0.3321620571080075, 0.3321620571080075, 1.3286482284330123, 0.33216205710796537, 0.33216205710796537, 0.33216205710796537, 0.33216205710796537, -0.3321620571080075, -0.3321620571080075, -0.3321620571080075, -0.3321620571080075, -1.3286482284320629, 0.33216205710796537, -0.33216205710796537, 0.33216205710796537, -1.3286482284330123]","[0.33216205710796537, 0.33216205710796537, 0.33216205710796537, 0.33216205710796537, 0.33216205710796537, 0.33216205710796537, 0.33216205710796537, 0.33216205710796537, 0.33216205710796537, 0.3321620571080075, 0.3321620571080075, 0.3321620571080075, 0.33216205710796537, 0.33216205710796537, 0.3321620571080075, 0.3321620571080075, 0.3321620571080075, 0.3321620571080075, 0.3321620571080075, 1.3286482284330123, 0.33216205710796537, 0.33216205710796537, 0.33216205710796537, 0.33216205710796537, 0.3321620571080075, 0.3321620571080075, 0.3321620571080075, 0.3321620571080075, 1.3286482284320629, 0.33216205710796537, 0.33216205710796537, 0.33216205710796537, 1.3286482284330123]","['ACACT1r', 'ACACT2r', 'ACACT3r', 'ACACT4r', 'ACOAD1f', 'ACOAD2f', 'ACOAD3f', 'ACOAD4f', 'ACOATA', 'ECOAH1', 'ECOAH2', 'ECOAH3', 'ECOAH4', 'FADRx2', 'FACOAE100', 'MACPD']","['3HAD100', '3HAD40', '3HAD60', '3HAD80', '3OAR40', '3OAR60', '3OAR80', '3OAS100', '3OAR100', '3OAS60', '3OAS80', 'EAR100x', 'EAR40x', 'EAR60x', 'EAR80x', 'FA100ACPHi', 'KAS15']",[],ACOAD2f,3HAD100,15.279454626982393,1,33,0,-11.0,-2.657296456863353,iECW_1372,PSL,True,False,-7.25128880445573,0.0,0.0,0.0
57,"['3HAD40', '3HAD60', '3HAD80', '3OAR40', '3OAR60', '3OAR80', 'ACACT1r', 'ACACT2r', 'ACACT3r', '3OAS60', '3OAS80', 'ACOAD1f', 'ACOAD2f', 'ACOAD3f', 'ACOATA', 'EAR40x', 'EAR60x', 'EAR80x', 'ECOAH1', 'ECOAH2', 'ECOAH3', 'FACOAE80', 'FADRx2', 'FA80ACPHi', 'KAS15', 'MACPD']","[0.33216205710796776, 0.33216205710796776, 0.33216205710796776, 0.3321620571080075, 0.3321620571080075, 0.3321620571080075, -0.3321620571080075, -0.3321620571080075, -0.3321620571080075, 0.33216205710796776, 0.33216205710796776, 0.3321620571080075, 0.3321620571080075, 0.3321620571080075, 0.9964861713239088, 0.33216205710796776, 0.33216205710796776, 0.33216205710796776, -0.3321620571080075, -0.3321620571080075, -0.3321620571080075, -0.33216205710796776, -0.9964861713237975, 0.33216205710796776, 0.33216205710796776, -0.9964861713239183]","[0.33216205710796776, 0.33216205710796776, 0.33216205710796776, 0.3321620571080075, 0.3321620571080075, 0.3321620571080075, 0.3321620571080075, 0.3321620571080075, 0.3321620571080075, 0.33216205710796776, 0.33216205710796776, 0.3321620571080075, 0.3321620571080075, 0.3321620571080075, 0.9964861713239088, 0.33216205710796776, 0.33216205710796776, 0.33216205710796776, 0.3321620571080075, 0.3321620571080075, 0.3321620571080075, 0.33216205710796776, 0.9964861713237975, 0.33216205710796776, 0.33216205710796776, 0.9964861713239183]","['ACACT1r', 'ACACT2r', 'ACACT3r', 'ACOAD1f', 'ACOAD2f', 'ACOAD3f', 'ACOATA', 'ECOAH1', 'ECOAH2', 'ECOAH3', 'FACOAE80', 'FADRx2', 'MACPD']","['3HAD40', '3HAD60', '3HAD80', '3OAR40', '3OAR60', '3OAR80', '3OAS60', '3OAS80', 'EAR40x', 'EAR60x', 'EAR80x', 'FA80ACPHi', 'KAS15']",[],ACOAD2f,3HAD40,11.625671998761073,1,26,0,-8.0,-1.9929723426479033,iECW_1372,PSL,True,False,-7.25128880445573,0.0,0.0,0.0
58,"['3HAD40', '3HAD60', '3HAD80', '3OAR40', '3OAR60', '3OAR80', 'ACACT1r', 'ACACT2r', 'ACACT3r', '3OAS60', '3OAS80', 'ACOAD1f', 'ACOAD2f', 'ACOAD3f', 'ACOATA', 'EAR40x', 'EAR60x', 'EAR80x', 'ECOAH1', 'ECOAH2', 'ECOAH3', 'FACOAE80', 'FADRx2', 'FA80ACPHi', 'KAS15', 'MACPD']","[0.33216205710796776, 0.33216205710796776, 0.33216205710796776, 0.3321620571080075, 0.3321620571080075, 0.3321620571080075, -0.3321620571080075, -0.3321620571080075, -0.3321620571080075, 0.33216205710796776, 0.33216205710796776, 0.3321620571080075, 0.3321620571080075, 0.3321620571080075, 0.9964861713239088, 0.33216205710796776, 0.33216205710796776, 0.33216205710796776, -0.3321620571080075, -0.3321620571080075, -0.3321620571080075, -0.33216205710796776, -0.9964861713237975, 0.33216205710796776, 0.33216205710796776, -0.9964861713239183]","[0.33216205710796776, 0.33216205710796776, 0.33216205710796776, 0.3321620571080075, 0.3321620571080075, 0.3321620571080075, 0.3321620571080075, 0.3321620571080075, 0.3321620571080075, 0.33216205710796776, 0.33216205710796776, 0.3321620571080075, 0.3321620571080075, 0.3321620571080075, 0.9964861713239088, 0.33216205710796776, 0.33216205710796776, 0.33216205710796776, 0.3321620571080075, 0.3321620571080075, 0.3321620571080075, 0.33216205710796776, 0.9964861713237975, 0.33216205710796776, 0.33216205710796776, 0.9964861713239183]","['ACACT1r', 'ACACT2r', 'ACACT3r', 'ACOAD1f', 'ACOAD2f', 'ACOAD3f', 'ACOATA', 'ECOAH1', 'ECOAH2', 'ECOAH3', 'FACOAE80', 'FADRx2', 'MACPD']","['3HAD40', '3HAD60', '3HAD80', '3OAR40', '3OAR60', '3OAR80', '3OAS60', '3OAS80', 'EAR40x', 'EAR60x', 'EAR80x', 'FA80ACPHi', 'KAS15']",[],ACOAD2f,3HAD60,11.625671998761073,1,26,0,-8.0,-1.9929723426479033,iECW_1372,PSL,True,False,-7.25128880445573,0.0,0.0,0.0
59,"['3HAD40', '3HAD60', '3HAD80', '3OAR40', '3OAR60', '3OAR80', 'ACACT1r', 'ACACT2r', 'ACACT3r', '3OAS60', '3OAS80', 'ACOAD1f', 'ACOAD2f', 'ACOAD3f', 'ACOATA', 'EAR40x', 'EAR60x', 'EAR80x', 'ECOAH1', 'ECOAH2', 'ECOAH3', 'FACOAE80', 'FADRx2', 'FA80ACPHi', 'KAS15', 'MACPD']","[0.33216205710796776, 0.33216205710796776, 0.33216205710796776, 0.3321620571080075, 0.3321620571080075, 0.3321620571080075, -0.3321620571080075, -0.3321620571080075, -0.3321620571080075, 0.33216205710796776, 0.33216205710796776, 0.3321620571080075, 0.3321620571080075, 0.3321620571080075, 0.9964861713239088, 0.33216205710796776, 0.33216205710796776, 0.33216205710796776, -0.3321620571080075, -0.3321620571080075, -0.3321620571080075, -0.33216205710796776, -0.9964861713237975, 0.33216205710796776, 0.33216205710796776, -0.9964861713239183]","[0.33216205710796776, 0.33216205710796776, 0.33216205710796776, 0.3321620571080075, 0.3321620571080075, 0.3321620571080075, 0.3321620571080075, 0.3321620571080075, 0.3321620571080075, 0.33216205710796776, 0.33216205710796776, 0.3321620571080075, 0.3321620571080075, 0.3321620571080075, 0.9964861713239088, 0.33216205710796776, 0.33216205710796776, 0.33216205710796776, 0.3321620571080075, 0.3321620571080075, 0.3321620571080075, 0.33216205710796776, 0.9964861713237975, 0.33216205710796776, 0.33216205710796776, 0.9964861713239183]","['ACACT1r', 'ACACT2r', 'ACACT3r', 'ACOAD1f', 'ACOAD2f', 'ACOAD3f', 'ACOATA', 'ECOAH1', 'ECOAH2', 'ECOAH3', 'FACOAE80', 'FADRx2', 'MACPD']","['3HAD40', '3HAD60', '3HAD80', '3OAR40', '3OAR60', '3OAR80', '3OAS60', '3OAS80', 'EAR40x', 'EAR60x', 'EAR80x', 'FA80ACPHi', 'KAS15']",[],ACOAD2f,3HAD80,11.625671998761073,1,26,0,-8.0,-1.9929723426479033,iECW_1372,PSL,True,False,-7.25128880445573,0.0,0.0,-0.0051138002733068
60,"['3HAD40', '3HAD60', '3HAD80', '3OAR40', '3OAR60', '3OAR80', 'ACACT1r', 'ACACT2r', 'ACACT3r', '3OAS60', '3OAS80', 'ACOAD1f', 'ACOAD2f', 'ACOAD3f', 'ACOATA', 'EAR40x', 'EAR60x', 'EAR80x', 'ECOAH1', 'ECOAH2', 'ECOAH3', 'FACOAE80', 'FADRx2', 'FA80ACPHi', 'KAS15', 'MACPD']","[0.33216205710796776, 0.33216205710796776, 0.33216205710796776, 0.3321620571080075, 0.3321620571080075, 0.3321620571080075, -0.3321620571080075, -0.3321620571080075, -0.3321620571080075, 0.33216205710796776, 0.33216205710796776, 0.3321620571080075, 0.3321620571080075, 0.3321620571080075, 0.9964861713239088, 0.33216205710796776, 0.33216205710796776, 0.33216205710796776, -0.3321620571080075, -0.3321620571080075, -0.3321620571080075, -0.33216205710796776, -0.9964861713237975, 0.33216205710796776, 0.33216205710796776, -0.9964861713239183]","[0.33216205710796776, 0.33216205710796776, 0.33216205710796776, 0.3321620571080075, 0.3321620571080075, 0.3321620571080075, 0.3321620571080075, 0.3321620571080075, 0.3321620571080075, 0.33216205710796776, 0.33216205710796776, 0.3321620571080075, 0.3321620571080075, 0.3321620571080075, 0.9964861713239088, 0.33216205710796776, 0.33216205710796776, 0.33216205710796776, 0.3321620571080075, 0.3321620571080075, 0.3321620571080075, 0.33216205710796776, 0.9964861713237975, 0.33216205710796776, 0.33216205710796776, 0.9964861713239183]","['ACACT1r', 'ACACT2r', 'ACACT3r', 'ACOAD1f', 'ACOAD2f', 'ACOAD3f', 'ACOATA', 'ECOAH1', 'ECOAH2', 'ECOAH3', 'FACOAE80', 'FADRx2', 'MACPD']","['3HAD40', '3HAD60', '3HAD80', '3OAR40', '3OAR60', '3OAR80', '3OAS60', '3OAS80', 'EAR40x', 'EAR60x', 'EAR80x', 'FA80ACPHi', 'KAS15']",[],ACOAD2f,3OAR40,11.625671998761073,1,26,0,-8.0,-1.9929723426479033,iECW_1372,PSL,True,False,-7.25128880445573,0.0,0.0,0.0
61,"['3HAD40', '3HAD60', '3HAD80', '3OAR40', '3OAR60', '3OAR80', 'ACACT1r', 'ACACT2r', 'ACACT3r', '3OAS60', '3OAS80', 'ACOAD1f', 'ACOAD2f', 'ACOAD3f', 'ACOATA', 'EAR40x', 'EAR60x', 'EAR80x', 'ECOAH1', 'ECOAH2', 'ECOAH3', 'FACOAE80', 'FADRx2', 'FA80ACPHi', 'KAS15', 'MACPD']","[0.33216205710796776, 0.33216205710796776, 0.33216205710796776, 0.3321620571080075, 0.3321620571080075, 0.3321620571080075, -0.3321620571080075, -0.3321620571080075, -0.3321620571080075, 0.33216205710796776, 0.33216205710796776, 0.3321620571080075, 0.3321620571080075, 0.3321620571080075, 0.9964861713239088, 0.33216205710796776, 0.33216205710796776, 0.33216205710796776, -0.3321620571080075, -0.3321620571080075, -0.3321620571080075, -0.33216205710796776, -0.9964861713237975, 0.33216205710796776, 0.33216205710796776, -0.9964861713239183]","[0.33216205710796776, 0.33216205710796776, 0.33216205710796776, 0.3321620571080075, 0.3321620571080075, 0.3321620571080075, 0.3321620571080075, 0.3321620571080075, 0.3321620571080075, 0.33216205710796776, 0.33216205710796776, 0.3321620571080075, 0.3321620571080075, 0.3321620571080075, 0.9964861713239088, 0.33216205710796776, 0.33216205710796776, 0.33216205710796776, 0.3321620571080075, 0.3321620571080075, 0.3321620571080075, 0.33216205710796776, 0.9964861713237975, 0.33216205710796776, 0.33216205710796776, 0.9964861713239183]","['ACACT1r', 'ACACT2r', 'ACACT3r', 'ACOAD1f', 'ACOAD2f', 'ACOAD3f', 'ACOATA', 'ECOAH1', 'ECOAH2', 'ECOAH3', 'FACOAE80', 'FADRx2', 'MACPD']","['3HAD40', '3HAD60', '3HAD80', '3OAR40', '3OAR60', '3OAR80', '3OAS60', '3OAS80', 'EAR40x', 'EAR60x', 'EAR80x', 'FA80ACPHi', 'KAS15']",[],ACOAD2f,3OAR60,11.625671998761073,1,26,0,-8.0,-1.9929723426479033,iECW_1372,PSL,True,False,-7.25128880445573,0.0,0.0,0.0
62,"['3HAD40', '3HAD60', '3HAD80', '3OAR40', '3OAR60', '3OAR80', 'ACACT1r', 'ACACT2r', 'ACACT3r', '3OAS60', '3OAS80', 'ACOAD1f', 'ACOAD2f', 'ACOAD3f', 'ACOATA', 'EAR40x', 'EAR60x', 'EAR80x', 'ECOAH1', 'ECOAH2', 'ECOAH3', 'FACOAE80', 'FADRx2', 'FA80ACPHi', 'KAS15', 'MACPD']","[0.33216205710796776, 0.33216205710796776, 0.33216205710796776, 0.3321620571080075, 0.3321620571080075, 0.3321620571080075, -0.3321620571080075, -0.3321620571080075, -0.3321620571080075, 0.33216205710796776, 0.33216205710796776, 0.3321620571080075, 0.3321620571080075, 0.3321620571080075, 0.9964861713239088, 0.33216205710796776, 0.33216205710796776, 0.33216205710796776, -0.3321620571080075, -0.3321620571080075, -0.3321620571080075, -0.33216205710796776, -0.9964861713237975, 0.33216205710796776, 0.33216205710796776, -0.9964861713239183]","[0.33216205710796776, 0.33216205710796776, 0.33216205710796776, 0.3321620571080075, 0.3321620571080075, 0.3321620571080075, 0.3321620571080075, 0.3321620571080075, 0.3321620571080075, 0.33216205710796776, 0.33216205710796776, 0.3321620571080075, 0.3321620571080075, 0.3321620571080075, 0.9964861713239088, 0.33216205710796776, 0.33216205710796776, 0.33216205710796776, 0.3321620571080075, 0.3321620571080075, 0.3321620571080075, 0.33216205710796776, 0.9964861713237975, 0.33216205710796776, 0.33216205710796776, 0.9964861713239183]","['ACACT1r', 'ACACT2r', 'ACACT3r', 'ACOAD1f', 'ACOAD2f', 'ACOAD3f', 'ACOATA', 'ECOAH1', 'ECOAH2', 'ECOAH3', 'FACOAE80', 'FADRx2', 'MACPD']","['3HAD40', '3HAD60', '3HAD80', '3OAR40', '3OAR60', '3OAR80', '3OAS60', '3OAS80', 'EAR40x', 'EAR60x', 'EAR80x', 'FA80ACPHi', 'KAS15']",[],ACOAD2f,3OAR80,11.625671998761073,1,26,0,-8.0,-1.9929723426479033,iECW_1372,PSL,True,False,-7.25128880445573,0.0,0.0,0.0
63,"['3HAD100', '3HAD40', '3HAD60', '3HAD80', '3OAR40', '3OAR60', '3OAR80', '3OAS100', '3OAR100', 'ACACT1r', 'ACACT2r', 'ACACT3r', '3OAS60', '3OAS80', 'ACACT4r', 'ACOAD1f', 'ACOAD2f', 'ACOAD3f', 'ACOAD4f', 'ACOATA', 'EAR100x', 'EAR40x', 'EAR60x', 'EAR80x', 'ECOAH1', 'ECOAH2', 'ECOAH3', 'ECOAH4', 'FADRx2', 'FA100ACPHi', 'FACOAE100', 'KAS15', 'MACPD']","[0.33216205710796537, 0.33216205710796537, 0.33216205710796537, 0.33216205710796537, 0.33216205710796537, 0.33216205710796537, 0.33216205710796537, 0.33216205710796537, 0.33216205710796537, -0.3321620571080075, -0.3321620571080075, -0.3321620571080075, 0.33216205710796537, 0.33216205710796537, -0.3321620571080075, 0.3321620571080075, 0.3321620571080075, 0.3321620571080075, 0.3321620571080075, 1.3286482284330123, 0.33216205710796537, 0.33216205710796537, 0.33216205710796537, 0.33216205710796537, -0.3321620571080075, -0.3321620571080075, -0.3321620571080075, -0.3321620571080075, -1.3286482284320629, 0.33216205710796537, -0.33216205710796537, 0.33216205710796537, -1.3286482284330123]","[0.33216205710796537, 0.33216205710796537, 0.33216205710796537, 0.33216205710796537, 0.33216205710796537, 0.33216205710796537, 0.33216205710796537, 0.33216205710796537, 0.33216205710796537, 0.3321620571080075, 0.3321620571080075, 0.3321620571080075, 0.33216205710796537, 0.33216205710796537, 0.3321620571080075, 0.3321620571080075, 0.3321620571080075, 0.3321620571080075, 0.3321620571080075, 1.3286482284330123, 0.33216205710796537, 0.33216205710796537, 0.33216205710796537, 0.33216205710796537, 0.3321620571080075, 0.3321620571080075, 0.3321620571080075, 0.3321620571080075, 1.3286482284320629, 0.33216205710796537, 0.33216205710796537, 0.33216205710796537, 1.3286482284330123]","['ACACT1r', 'ACACT2r', 'ACACT3r', 'ACACT4r', 'ACOAD1f', 'ACOAD2f', 'ACOAD3f', 'ACOAD4f', 'ACOATA', 'ECOAH1', 'ECOAH2', 'ECOAH3', 'ECOAH4', 'FADRx2', 'FACOAE100', 'MACPD']","['3HAD100', '3HAD40', '3HAD60', '3HAD80', '3OAR40', '3OAR60', '3OAR80', '3OAS100', '3OAR100', '3OAS60', '3OAS80', 'EAR100x', 'EAR40x', 'EAR60x', 'EAR80x', 'FA100ACPHi', 'KAS15']",[],ACOAD2f,3OAS100,15.279454626982393,1,33,0,-11.0,-2.657296456863353,iECW_1372,PSL,True,False,-7.25128880445573,0.0,0.0,0.0
64,"['3HAD100', '3HAD40', '3HAD60', '3HAD80', '3OAR40', '3OAR60', '3OAR80', '3OAS100', '3OAR100', 'ACACT1r', 'ACACT2r', 'ACACT3r', '3OAS60', '3OAS80', 'ACACT4r', 'ACOAD1f', 'ACOAD2f', 'ACOAD3f', 'ACOAD4f', 'ACOATA', 'EAR100x', 'EAR40x', 'EAR60x', 'EAR80x', 'ECOAH1', 'ECOAH2', 'ECOAH3', 'ECOAH4', 'FADRx2', 'FA100ACPHi', 'FACOAE100', 'KAS15', 'MACPD']","[0.33216205710796537, 0.33216205710796537, 0.33216205710796537, 0.33216205710796537, 0.33216205710796537, 0.33216205710796537, 0.33216205710796537, 0.33216205710796537, 0.33216205710796537, -0.3321620571080075, -0.3321620571080075, -0.3321620571080075, 0.33216205710796537, 0.33216205710796537, -0.3321620571080075, 0.3321620571080075, 0.3321620571080075, 0.3321620571080075, 0.3321620571080075, 1.3286482284330123, 0.33216205710796537, 0.33216205710796537, 0.33216205710796537, 0.33216205710796537, -0.3321620571080075, -0.3321620571080075, -0.3321620571080075, -0.3321620571080075, -1.3286482284320629, 0.33216205710796537, -0.33216205710796537, 0.33216205710796537, -1.3286482284330123]","[0.33216205710796537, 0.33216205710796537, 0.33216205710796537, 0.33216205710796537, 0.33216205710796537, 0.33216205710796537, 0.33216205710796537, 0.33216205710796537, 0.33216205710796537, 0.3321620571080075, 0.3321620571080075, 0.3321620571080075, 0.33216205710796537, 0.33216205710796537, 0.3321620571080075, 0.3321620571080075, 0.3321620571080075, 0.3321620571080075, 0.3321620571080075, 1.3286482284330123, 0.33216205710796537, 0.33216205710796537, 0.33216205710796537, 0.33216205710796537, 0.3321620571080075, 0.3321620571080075, 0.3321620571080075, 0.3321620571080075, 1.3286482284320629, 0.33216205710796537, 0.33216205710796537, 0.33216205710796537, 1.3286482284330123]","['ACACT1r', 'ACACT2r', 'ACACT3r', 'ACACT4r', 'ACOAD1f', 'ACOAD2f', 'ACOAD3f', 'ACOAD4f', 'ACOATA', 'ECOAH1', 'ECOAH2', 'ECOAH3', 'ECOAH4', 'FADRx2', 'FACOAE100', 'MACPD']","['3HAD100', '3HAD40', '3HAD60', '3HAD80', '3OAR40', '3OAR60', '3OAR80', '3OAS100', '3OAR100', '3OAS60', '3OAS80', 'EAR100x', 'EAR40x', 'EAR60x', 'EAR80x', 'FA100ACPHi', 'KAS15']",[],ACOAD2f,3OAR100,15.279454626982393,1,33,0,-11.0,-2.657296456863353,iECW_1372,PSL,True,False,-7.25128880445573,0.0,0.0,0.0
65,"['3HAD40', '3HAD60', '3HAD80', '3OAR40', '3OAR60', '3OAR80', 'ACACT1r', 'ACACT2r', 'ACACT3r', '3OAS60', '3OAS80', 'ACOAD1f', 'ACOAD2f', 'ACOAD3f', 'ACOATA', 'EAR40x', 'EAR60x', 'EAR80x', 'ECOAH1', 'ECOAH2', 'ECOAH3', 'FACOAE80', 'FADRx2', 'FA80ACPHi', 'KAS15', 'MACPD']","[0.33216205710796776, 0.33216205710796776, 0.33216205710796776, 0.3321620571080075, 0.3321620571080075, 0.3321620571080075, -0.3321620571080075, -0.3321620571080075, -0.3321620571080075, 0.33216205710796776, 0.33216205710796776, 0.3321620571080075, 0.3321620571080075, 0.3321620571080075, 0.9964861713239088, 0.33216205710796776, 0.33216205710796776, 0.33216205710796776, -0.3321620571080075, -0.3321620571080075, -0.3321620571080075, -0.33216205710796776, -0.9964861713237975, 0.33216205710796776, 0.33216205710796776, -0.9964861713239183]","[0.33216205710796776, 0.33216205710796776, 0.33216205710796776, 0.3321620571080075, 0.3321620571080075, 0.3321620571080075, 0.3321620571080075, 0.3321620571080075, 0.3321620571080075, 0.33216205710796776, 0.33216205710796776, 0.3321620571080075, 0.3321620571080075, 0.3321620571080075, 0.9964861713239088, 0.33216205710796776, 0.33216205710796776, 0.33216205710796776, 0.3321620571080075, 0.3321620571080075, 0.3321620571080075, 0.33216205710796776, 0.9964861713237975, 0.33216205710796776, 0.33216205710796776, 0.9964861713239183]","['ACACT1r', 'ACACT2r', 'ACACT3r', 'ACOAD1f', 'ACOAD2f', 'ACOAD3f', 'ACOATA', 'ECOAH1', 'ECOAH2', 'ECOAH3', 'FACOAE80', 'FADRx2', 'MACPD']","['3HAD40', '3HAD60', '3HAD80', '3OAR40', '3OAR60', '3OAR80', '3OAS60', '3OAS80', 'EAR40x', 'EAR60x', 'EAR80x', 'FA80ACPHi', 'KAS15']",[],ACOAD2f,3OAS60,11.625671998761073,1,26,0,-8.0,-1.9929723426479033,iECW_1372,PSL,True,False,-7.25128880445573,0.0,0.0,0.0
66,"['3HAD40', '3HAD60', '3HAD80', '3OAR40', '3OAR60', '3OAR80', 'ACACT1r', 'ACACT2r', 'ACACT3r', '3OAS60', '3OAS80', 'ACOAD1f', 'ACOAD2f', 'ACOAD3f', 'ACOATA', 'EAR40x', 'EAR60x', 'EAR80x', 'ECOAH1', 'ECOAH2', 'ECOAH3', 'FACOAE80', 'FADRx2', 'FA80ACPHi', 'KAS15', 'MACPD']","[0.33216205710796776, 0.33216205710796776, 0.33216205710796776, 0.3321620571080075, 0.3321620571080075, 0.3321620571080075, -0.3321620571080075, -0.3321620571080075, -0.3321620571080075, 0.33216205710796776, 0.33216205710796776, 0.3321620571080075, 0.3321620571080075, 0.3321620571080075, 0.9964861713239088, 0.33216205710796776, 0.33216205710796776, 0.33216205710796776, -0.3321620571080075, -0.3321620571080075, -0.3321620571080075, -0.33216205710796776, -0.9964861713237975, 0.33216205710796776, 0.33216205710796776, -0.9964861713239183]","[0.33216205710796776, 0.33216205710796776, 0.33216205710796776, 0.3321620571080075, 0.3321620571080075, 0.3321620571080075, 0.3321620571080075, 0.3321620571080075, 0.3321620571080075, 0.33216205710796776, 0.33216205710796776, 0.3321620571080075, 0.3321620571080075, 0.3321620571080075, 0.9964861713239088, 0.33216205710796776, 0.33216205710796776, 0.33216205710796776, 0.3321620571080075, 0.3321620571080075, 0.3321620571080075, 0.33216205710796776, 0.9964861713237975, 0.33216205710796776, 0.33216205710796776, 0.9964861713239183]","['ACACT1r', 'ACACT2r', 'ACACT3r', 'ACOAD1f', 'ACOAD2f', 'ACOAD3f', 'ACOATA', 'ECOAH1', 'ECOAH2', 'ECOAH3', 'FACOAE80', 'FADRx2', 'MACPD']","['3HAD40', '3HAD60', '3HAD80', '3OAR40', '3OAR60', '3OAR80', '3OAS60', '3OAS80', 'EAR40x', 'EAR60x', 'EAR80x', 'FA80ACPHi', 'KAS15']",[],ACOAD2f,3OAS80,11.625671998761073,1,26,0,-8.0,-1.9929723426479033,iECW_1372,PSL,True,False,-7.25128880445573,0.0,0.0,0.0
67,"['3HAD100', '3HAD40', '3HAD60', '3HAD80', '3OAR40', '3OAR60', '3OAR80', '3OAS100', '3OAR100', 'ACACT1r', 'ACACT2r', 'ACACT3r', '3OAS60', '3OAS80', 'ACACT4r', 'ACOAD1f', 'ACOAD2f', 'ACOAD3f', 'ACOAD4f', 'ACOATA', 'EAR100x', 'EAR40x', 'EAR60x', 'EAR80x', 'ECOAH1', 'ECOAH2', 'ECOAH3', 'ECOAH4', 'FADRx2', 'FA100ACPHi', 'FACOAE100', 'KAS15', 'MACPD']","[0.3321620571079994, 0.3321620571079994, 0.3321620571079994, 0.3321620571079994, 0.3321620571080075, 0.3321620571080075, 0.3321620571080075, 0.3321620571079994, 0.3321620571080075, -0.3321620571080075, -0.3321620571080075, -0.3321620571080075, 0.3321620571079994, 0.3321620571079994, -0.3321620571080075, 0.3321620571080075, 0.3321620571080075, 0.3321620571080075, 0.3321620571080075, 1.32864822843203, 0.3321620571079994, 0.3321620571079994, 0.3321620571079994, 0.3321620571079994, -0.3321620571080075, -0.3321620571080075, -0.3321620571080075, -0.3321620571080075, -1.3286482284323144, 0.3321620571079994, -0.3321620571079994, 0.3321620571079994, -1.3286482284319967]","[0.3321620571079994, 0.3321620571079994, 0.3321620571079994, 0.3321620571079994, 0.3321620571080075, 0.3321620571080075, 0.3321620571080075, 0.3321620571079994, 0.3321620571080075, 0.3321620571080075, 0.3321620571080075, 0.3321620571080075, 0.3321620571079994, 0.3321620571079994, 0.3321620571080075, 0.3321620571080075, 0.3321620571080075, 0.3321620571080075, 0.3321620571080075, 1.32864822843203, 0.3321620571079994, 0.3321620571079994, 0.3321620571079994, 0.3321620571079994, 0.3321620571080075, 0.3321620571080075, 0.3321620571080075, 0.3321620571080075, 1.3286482284323144, 0.3321620571079994, 0.3321620571079994, 0.3321620571079994, 1.3286482284319967]","['ACACT1r', 'ACACT2r', 'ACACT3r', 'ACACT4r', 'ACOAD1f', 'ACOAD2f', 'ACOAD3f', 'ACOAD4f', 'ACOATA', 'ECOAH1', 'ECOAH2', 'ECOAH3', 'ECOAH4', 'FACOAE100', 'MACPD']","['3HAD100', '3HAD40', '3HAD60', '3HAD80', '3OAR40', '3OAR60', '3OAR80', '3OAS100', '3OAR100', '3OAS60', '3OAS80', 'EAR100x', 'EAR40x', 'EAR60x', 'EAR80x', 'FA100ACPHi', 'KAS15']",['FADRx2'],ACOAD3f,3HAD100,15.279454626965604,1,33,1,-11.0,-2.6572964568637114,iECW_1372,PSL,True,False,-2.39738813340819,0.0,0.0,0.0
68,"['3HAD40', '3HAD60', '3HAD80', '3OAR40', '3OAR60', '3OAR80', 'ACACT1r', 'ACACT2r', 'ACACT3r', '3OAS60', '3OAS80', 'ACOAD1f', 'ACOAD2f', 'ACOAD3f', 'ACOATA', 'EAR40x', 'EAR60x', 'EAR80x', 'ECOAH1', 'ECOAH2', 'ECOAH3', 'FACOAE80', 'FADRx2', 'FA80ACPHi', 'HACD1', 'HACD3', 'KAS15', 'MACPD', 'HACD2i']","[0.3321620571079981, 0.3321620571079981, 0.3321620571079981, 0.3321620571079981, 0.3321620571079981, 0.3321620571079981, -0.33216205710799857, -0.33216205710799857, -0.33216205710799857, 0.3321620571079981, 0.3321620571079981, 0.33216205710799857, 0.33216205710799857, 0.33216205710799857, 0.9964861713239932, 0.3321620571079981, 0.3321620571079981, 0.3321620571079981, -0.33216205710799857, -0.33216205710799857, -0.33216205710799857, -0.33216205710799857, -0.9964861713231704, 0.33216205710608426, -0.33216205710799857, -0.33216205710799857, 0.3321620571079981, -0.9964861713239932, 0.33216205710799857]","[0.3321620571079981, 0.3321620571079981, 0.3321620571079981, 0.3321620571079981, 0.3321620571079981, 0.3321620571079981, 0.33216205710799857, 0.33216205710799857, 0.33216205710799857, 0.3321620571079981, 0.3321620571079981, 0.33216205710799857, 0.33216205710799857, 0.33216205710799857, 0.9964861713239932, 0.3321620571079981, 0.3321620571079981, 0.3321620571079981, 0.33216205710799857, 0.33216205710799857, 0.33216205710799857, 0.33216205710799857, 0.9964861713231704, 0.33216205710608426, 0.33216205710799857, 0.33216205710799857, 0.3321620571079981, 0.9964861713239932, 0.33216205710799857]","['3HAD40', '3HAD60', '3HAD80', '3OAR40', '3OAR60', '3OAR80', '3OAS60', '3OAS80', 'EAR40x', 'EAR60x', 'EAR80x', 'FA80ACPHi', 'KAS15', 'HACD2i']","['ACACT1r', 'ACACT2r', 'ACACT3r', 'ACOAD1f', 'ACOAD2f', 'ACOAD3f', 'ACOATA', 'ECOAH1', 'ECOAH2', 'ECOAH3', 'FACOAE80', 'FADRx2', 'HACD1', 'HACD3', 'MACPD']",[],ACOAD3f,3HAD40,11.625671998779728,1,29,0,-7.0,-1.6608102855388984,iECW_1372,PSL,True,False,-2.39738813340819,0.0,0.0,0.0
69,"['3HAD40', '3HAD60', '3HAD80', '3OAR40', '3OAR60', '3OAR80', 'ACACT1r', 'ACACT2r', 'ACACT3r', '3OAS60', '3OAS80', 'ACOAD1f', 'ACOAD2f', 'ACOAD3f', 'ACOATA', 'EAR40x', 'EAR60x', 'EAR80x', 'ECOAH1', 'ECOAH2', 'ECOAH3', 'FACOAE80', 'FADRx2', 'FA80ACPHi', 'HACD1', 'HACD3', 'KAS15', 'MACPD', 'HACD2i']","[0.3321620571079981, 0.3321620571079981, 0.3321620571079981, 0.3321620571079981, 0.3321620571079981, 0.3321620571079981, -0.33216205710799857, -0.33216205710799857, -0.33216205710799857, 0.3321620571079981, 0.3321620571079981, 0.33216205710799857, 0.33216205710799857, 0.33216205710799857, 0.9964861713239932, 0.3321620571079981, 0.3321620571079981, 0.3321620571079981, -0.33216205710799857, -0.33216205710799857, -0.33216205710799857, -0.33216205710799857, -0.9964861713231704, 0.33216205710608426, -0.33216205710799857, -0.33216205710799857, 0.3321620571079981, -0.9964861713239932, 0.33216205710799857]","[0.3321620571079981, 0.3321620571079981, 0.3321620571079981, 0.3321620571079981, 0.3321620571079981, 0.3321620571079981, 0.33216205710799857, 0.33216205710799857, 0.33216205710799857, 0.3321620571079981, 0.3321620571079981, 0.33216205710799857, 0.33216205710799857, 0.33216205710799857, 0.9964861713239932, 0.3321620571079981, 0.3321620571079981, 0.3321620571079981, 0.33216205710799857, 0.33216205710799857, 0.33216205710799857, 0.33216205710799857, 0.9964861713231704, 0.33216205710608426, 0.33216205710799857, 0.33216205710799857, 0.3321620571079981, 0.9964861713239932, 0.33216205710799857]","['3HAD40', '3HAD60', '3HAD80', '3OAR40', '3OAR60', '3OAR80', '3OAS60', '3OAS80', 'EAR40x', 'EAR60x', 'EAR80x', 'FA80ACPHi', 'KAS15', 'HACD2i']","['ACACT1r', 'ACACT2r', 'ACACT3r', 'ACOAD1f', 'ACOAD2f', 'ACOAD3f', 'ACOATA', 'ECOAH1', 'ECOAH2', 'ECOAH3', 'FACOAE80', 'FADRx2', 'HACD1', 'HACD3', 'MACPD']",[],ACOAD3f,3HAD60,11.625671998779728,1,29,0,-7.0,-1.6608102855388984,iECW_1372,PSL,True,False,-2.39738813340819,0.0,0.0,0.0
70,"['3HAD40', '3HAD60', '3HAD80', '3OAR40', '3OAR60', '3OAR80', 'ACACT1r', 'ACACT2r', 'ACACT3r', '3OAS60', '3OAS80', 'ACOAD1f', 'ACOAD2f', 'ACOAD3f', 'ACOATA', 'EAR40x', 'EAR60x', 'EAR80x', 'ECOAH1', 'ECOAH2', 'ECOAH3', 'FACOAE80', 'FADRx2', 'FA80ACPHi', 'HACD1', 'HACD3', 'KAS15', 'MACPD', 'HACD2i']","[0.3321620571079981, 0.3321620571079981, 0.3321620571079981, 0.3321620571079981, 0.3321620571079981, 0.3321620571079981, -0.33216205710799857, -0.33216205710799857, -0.33216205710799857, 0.3321620571079981, 0.3321620571079981, 0.33216205710799857, 0.33216205710799857, 0.33216205710799857, 0.9964861713239932, 0.3321620571079981, 0.3321620571079981, 0.3321620571079981, -0.33216205710799857, -0.33216205710799857, -0.33216205710799857, -0.33216205710799857, -0.9964861713231704, 0.33216205710608426, -0.33216205710799857, -0.33216205710799857, 0.3321620571079981, -0.9964861713239932, 0.33216205710799857]","[0.3321620571079981, 0.3321620571079981, 0.3321620571079981, 0.3321620571079981, 0.3321620571079981, 0.3321620571079981, 0.33216205710799857, 0.33216205710799857, 0.33216205710799857, 0.3321620571079981, 0.3321620571079981, 0.33216205710799857, 0.33216205710799857, 0.33216205710799857, 0.9964861713239932, 0.3321620571079981, 0.3321620571079981, 0.3321620571079981, 0.33216205710799857, 0.33216205710799857, 0.33216205710799857, 0.33216205710799857, 0.9964861713231704, 0.33216205710608426, 0.33216205710799857, 0.33216205710799857, 0.3321620571079981, 0.9964861713239932, 0.33216205710799857]","['3HAD40', '3HAD60', '3HAD80', '3OAR40', '3OAR60', '3OAR80', '3OAS60', '3OAS80', 'EAR40x', 'EAR60x', 'EAR80x', 'FA80ACPHi', 'KAS15', 'HACD2i']","['ACACT1r', 'ACACT2r', 'ACACT3r', 'ACOAD1f', 'ACOAD2f', 'ACOAD3f', 'ACOATA', 'ECOAH1', 'ECOAH2', 'ECOAH3', 'FACOAE80', 'FADRx2', 'HACD1', 'HACD3', 'MACPD']",[],ACOAD3f,3HAD80,11.625671998779728,1,29,0,-7.0,-1.6608102855388984,iECW_1372,PSL,True,False,-2.39738813340819,0.0,0.0,-0.0051138002733068
71,"['3HAD40', '3HAD60', '3HAD80', '3OAR40', '3OAR60', '3OAR80', 'ACACT1r', 'ACACT2r', 'ACACT3r', '3OAS60', '3OAS80', 'ACOAD1f', 'ACOAD2f', 'ACOAD3f', 'ACOATA', 'EAR40x', 'EAR60x', 'EAR80x', 'ECOAH1', 'ECOAH2', 'ECOAH3', 'FACOAE80', 'FADRx2', 'FA80ACPHi', 'HACD1', 'HACD3', 'KAS15', 'MACPD', 'HACD2i']","[0.3321620571079981, 0.3321620571079981, 0.3321620571079981, 0.3321620571079981, 0.3321620571079981, 0.3321620571079981, -0.33216205710799857, -0.33216205710799857, -0.33216205710799857, 0.3321620571079981, 0.3321620571079981, 0.33216205710799857, 0.33216205710799857, 0.33216205710799857, 0.9964861713239932, 0.3321620571079981, 0.3321620571079981, 0.3321620571079981, -0.33216205710799857, -0.33216205710799857, -0.33216205710799857, -0.33216205710799857, -0.9964861713231704, 0.33216205710608426, -0.33216205710799857, -0.33216205710799857, 0.3321620571079981, -0.9964861713239932, 0.33216205710799857]","[0.3321620571079981, 0.3321620571079981, 0.3321620571079981, 0.3321620571079981, 0.3321620571079981, 0.3321620571079981, 0.33216205710799857, 0.33216205710799857, 0.33216205710799857, 0.3321620571079981, 0.3321620571079981, 0.33216205710799857, 0.33216205710799857, 0.33216205710799857, 0.9964861713239932, 0.3321620571079981, 0.3321620571079981, 0.3321620571079981, 0.33216205710799857, 0.33216205710799857, 0.33216205710799857, 0.33216205710799857, 0.9964861713231704, 0.33216205710608426, 0.33216205710799857, 0.33216205710799857, 0.3321620571079981, 0.9964861713239932, 0.33216205710799857]","['3HAD40', '3HAD60', '3HAD80', '3OAR40', '3OAR60', '3OAR80', '3OAS60', '3OAS80', 'EAR40x', 'EAR60x', 'EAR80x', 'FA80ACPHi', 'KAS15', 'HACD2i']","['ACACT1r', 'ACACT2r', 'ACACT3r', 'ACOAD1f', 'ACOAD2f', 'ACOAD3f', 'ACOATA', 'ECOAH1', 'ECOAH2', 'ECOAH3', 'FACOAE80', 'FADRx2', 'HACD1', 'HACD3', 'MACPD']",[],ACOAD3f,3OAR40,11.625671998779728,1,29,0,-7.0,-1.6608102855388984,iECW_1372,PSL,True,False,-2.39738813340819,0.0,0.0,0.0
72,"['3HAD40', '3HAD60', '3HAD80', '3OAR40', '3OAR60', '3OAR80', 'ACACT1r', 'ACACT2r', 'ACACT3r', '3OAS60', '3OAS80', 'ACOAD1f', 'ACOAD2f', 'ACOAD3f', 'ACOATA', 'EAR40x', 'EAR60x', 'EAR80x', 'ECOAH1', 'ECOAH2', 'ECOAH3', 'FACOAE80', 'FADRx2', 'FA80ACPHi', 'HACD1', 'HACD3', 'KAS15', 'MACPD', 'HACD2i']","[0.3321620571079981, 0.3321620571079981, 0.3321620571079981, 0.3321620571079981, 0.3321620571079981, 0.3321620571079981, -0.33216205710799857, -0.33216205710799857, -0.33216205710799857, 0.3321620571079981, 0.3321620571079981, 0.33216205710799857, 0.33216205710799857, 0.33216205710799857, 0.9964861713239932, 0.3321620571079981, 0.3321620571079981, 0.3321620571079981, -0.33216205710799857, -0.33216205710799857, -0.33216205710799857, -0.33216205710799857, -0.9964861713231704, 0.33216205710608426, -0.33216205710799857, -0.33216205710799857, 0.3321620571079981, -0.9964861713239932, 0.33216205710799857]","[0.3321620571079981, 0.3321620571079981, 0.3321620571079981, 0.3321620571079981, 0.3321620571079981, 0.3321620571079981, 0.33216205710799857, 0.33216205710799857, 0.33216205710799857, 0.3321620571079981, 0.3321620571079981, 0.33216205710799857, 0.33216205710799857, 0.33216205710799857, 0.9964861713239932, 0.3321620571079981, 0.3321620571079981, 0.3321620571079981, 0.33216205710799857, 0.33216205710799857, 0.33216205710799857, 0.33216205710799857, 0.9964861713231704, 0.33216205710608426, 0.33216205710799857, 0.33216205710799857, 0.3321620571079981, 0.9964861713239932, 0.33216205710799857]","['3HAD40', '3HAD60', '3HAD80', '3OAR40', '3OAR60', '3OAR80', '3OAS60', '3OAS80', 'EAR40x', 'EAR60x', 'EAR80x', 'FA80ACPHi', 'KAS15', 'HACD2i']","['ACACT1r', 'ACACT2r', 'ACACT3r', 'ACOAD1f', 'ACOAD2f', 'ACOAD3f', 'ACOATA', 'ECOAH1', 'ECOAH2', 'ECOAH3', 'FACOAE80', 'FADRx2', 'HACD1', 'HACD3', 'MACPD']",[],ACOAD3f,3OAR60,11.625671998779728,1,29,0,-7.0,-1.6608102855388984,iECW_1372,PSL,True,False,-2.39738813340819,0.0,0.0,0.0
73,"['3HAD40', '3HAD60', '3HAD80', '3OAR40', '3OAR60', '3OAR80', 'ACACT1r', 'ACACT2r', 'ACACT3r', '3OAS60', '3OAS80', 'ACOAD1f', 'ACOAD2f', 'ACOAD3f', 'ACOATA', 'EAR40x', 'EAR60x', 'EAR80x', 'ECOAH1', 'ECOAH2', 'ECOAH3', 'FACOAE80', 'FADRx2', 'FA80ACPHi', 'HACD1', 'HACD3', 'KAS15', 'MACPD', 'HACD2i']","[0.3321620571079981, 0.3321620571079981, 0.3321620571079981, 0.3321620571079981, 0.3321620571079981, 0.3321620571079981, -0.33216205710799857, -0.33216205710799857, -0.33216205710799857, 0.3321620571079981, 0.3321620571079981, 0.33216205710799857, 0.33216205710799857, 0.33216205710799857, 0.9964861713239932, 0.3321620571079981, 0.3321620571079981, 0.3321620571079981, -0.33216205710799857, -0.33216205710799857, -0.33216205710799857, -0.33216205710799857, -0.9964861713231704, 0.33216205710608426, -0.33216205710799857, -0.33216205710799857, 0.3321620571079981, -0.9964861713239932, 0.33216205710799857]","[0.3321620571079981, 0.3321620571079981, 0.3321620571079981, 0.3321620571079981, 0.3321620571079981, 0.3321620571079981, 0.33216205710799857, 0.33216205710799857, 0.33216205710799857, 0.3321620571079981, 0.3321620571079981, 0.33216205710799857, 0.33216205710799857, 0.33216205710799857, 0.9964861713239932, 0.3321620571079981, 0.3321620571079981, 0.3321620571079981, 0.33216205710799857, 0.33216205710799857, 0.33216205710799857, 0.33216205710799857, 0.9964861713231704, 0.33216205710608426, 0.33216205710799857, 0.33216205710799857, 0.3321620571079981, 0.9964861713239932, 0.33216205710799857]","['3HAD40', '3HAD60', '3HAD80', '3OAR40', '3OAR60', '3OAR80', '3OAS60', '3OAS80', 'EAR40x', 'EAR60x', 'EAR80x', 'FA80ACPHi', 'KAS15', 'HACD2i']","['ACACT1r', 'ACACT2r', 'ACACT3r', 'ACOAD1f', 'ACOAD2f', 'ACOAD3f', 'ACOATA', 'ECOAH1', 'ECOAH2', 'ECOAH3', 'FACOAE80', 'FADRx2', 'HACD1', 'HACD3', 'MACPD']",[],ACOAD3f,3OAR80,11.625671998779728,1,29,0,-7.0,-1.6608102855388984,iECW_1372,PSL,True,False,-2.39738813340819,0.0,0.0,0.0
74,"['3HAD100', '3HAD40', '3HAD60', '3HAD80', '3OAR40', '3OAR60', '3OAR80', '3OAS100', '3OAR100', 'ACACT1r', 'ACACT2r', 'ACACT3r', '3OAS60', '3OAS80', 'ACACT4r', 'ACOAD1f', 'ACOAD2f', 'ACOAD3f', 'ACOAD4f', 'ACOATA', 'EAR100x', 'EAR40x', 'EAR60x', 'EAR80x', 'ECOAH1', 'ECOAH2', 'ECOAH3', 'ECOAH4', 'FADRx2', 'FA100ACPHi', 'FACOAE100', 'KAS15', 'MACPD']","[0.3321620571079994, 0.3321620571079994, 0.3321620571079994, 0.3321620571079994, 0.3321620571080075, 0.3321620571080075, 0.3321620571080075, 0.3321620571079994, 0.3321620571080075, -0.3321620571080075, -0.3321620571080075, -0.3321620571080075, 0.3321620571079994, 0.3321620571079994, -0.3321620571080075, 0.3321620571080075, 0.3321620571080075, 0.3321620571080075, 0.3321620571080075, 1.32864822843203, 0.3321620571079994, 0.3321620571079994, 0.3321620571079994, 0.3321620571079994, -0.3321620571080075, -0.3321620571080075, -0.3321620571080075, -0.3321620571080075, -1.3286482284323144, 0.3321620571079994, -0.3321620571079994, 0.3321620571079994, -1.3286482284319967]","[0.3321620571079994, 0.3321620571079994, 0.3321620571079994, 0.3321620571079994, 0.3321620571080075, 0.3321620571080075, 0.3321620571080075, 0.3321620571079994, 0.3321620571080075, 0.3321620571080075, 0.3321620571080075, 0.3321620571080075, 0.3321620571079994, 0.3321620571079994, 0.3321620571080075, 0.3321620571080075, 0.3321620571080075, 0.3321620571080075, 0.3321620571080075, 1.32864822843203, 0.3321620571079994, 0.3321620571079994, 0.3321620571079994, 0.3321620571079994, 0.3321620571080075, 0.3321620571080075, 0.3321620571080075, 0.3321620571080075, 1.3286482284323144, 0.3321620571079994, 0.3321620571079994, 0.3321620571079994, 1.3286482284319967]","['ACACT1r', 'ACACT2r', 'ACACT3r', 'ACACT4r', 'ACOAD1f', 'ACOAD2f', 'ACOAD3f', 'ACOAD4f', 'ACOATA', 'ECOAH1', 'ECOAH2', 'ECOAH3', 'ECOAH4', 'FACOAE100', 'MACPD']","['3HAD100', '3HAD40', '3HAD60', '3HAD80', '3OAR40', '3OAR60', '3OAR80', '3OAS100', '3OAR100', '3OAS60', '3OAS80', 'EAR100x', 'EAR40x', 'EAR60x', 'EAR80x', 'FA100ACPHi', 'KAS15']",['FADRx2'],ACOAD3f,3OAS100,15.279454626965604,1,33,1,-11.0,-2.6572964568637114,iECW_1372,PSL,True,False,-2.39738813340819,0.0,0.0,0.0
75,"['3HAD100', '3HAD40', '3HAD60', '3HAD80', '3OAR40', '3OAR60', '3OAR80', '3OAS100', '3OAR100', 'ACACT1r', 'ACACT2r', 'ACACT3r', '3OAS60', '3OAS80', 'ACACT4r', 'ACOAD1f', 'ACOAD2f', 'ACOAD3f', 'ACOAD4f', 'ACOATA', 'EAR100x', 'EAR40x', 'EAR60x', 'EAR80x', 'ECOAH1', 'ECOAH2', 'ECOAH3', 'ECOAH4', 'FADRx2', 'FA100ACPHi', 'FACOAE100', 'KAS15', 'MACPD']","[0.3321620571079994, 0.3321620571079994, 0.3321620571079994, 0.3321620571079994, 0.3321620571080075, 0.3321620571080075, 0.3321620571080075, 0.3321620571079994, 0.3321620571080075, -0.3321620571080075, -0.3321620571080075, -0.3321620571080075, 0.3321620571079994, 0.3321620571079994, -0.3321620571080075, 0.3321620571080075, 0.3321620571080075, 0.3321620571080075, 0.3321620571080075, 1.32864822843203, 0.3321620571079994, 0.3321620571079994, 0.3321620571079994, 0.3321620571079994, -0.3321620571080075, -0.3321620571080075, -0.3321620571080075, -0.3321620571080075, -1.3286482284323144, 0.3321620571079994, -0.3321620571079994, 0.3321620571079994, -1.3286482284319967]","[0.3321620571079994, 0.3321620571079994, 0.3321620571079994, 0.3321620571079994, 0.3321620571080075, 0.3321620571080075, 0.3321620571080075, 0.3321620571079994, 0.3321620571080075, 0.3321620571080075, 0.3321620571080075, 0.3321620571080075, 0.3321620571079994, 0.3321620571079994, 0.3321620571080075, 0.3321620571080075, 0.3321620571080075, 0.3321620571080075, 0.3321620571080075, 1.32864822843203, 0.3321620571079994, 0.3321620571079994, 0.3321620571079994, 0.3321620571079994, 0.3321620571080075, 0.3321620571080075, 0.3321620571080075, 0.3321620571080075, 1.3286482284323144, 0.3321620571079994, 0.3321620571079994, 0.3321620571079994, 1.3286482284319967]","['ACACT1r', 'ACACT2r', 'ACACT3r', 'ACACT4r', 'ACOAD1f', 'ACOAD2f', 'ACOAD3f', 'ACOAD4f', 'ACOATA', 'ECOAH1', 'ECOAH2', 'ECOAH3', 'ECOAH4', 'FACOAE100', 'MACPD']","['3HAD100', '3HAD40', '3HAD60', '3HAD80', '3OAR40', '3OAR60', '3OAR80', '3OAS100', '3OAR100', '3OAS60', '3OAS80', 'EAR100x', 'EAR40x', 'EAR60x', 'EAR80x', 'FA100ACPHi', 'KAS15']",['FADRx2'],ACOAD3f,3OAR100,15.279454626965604,1,33,1,-11.0,-2.6572964568637114,iECW_1372,PSL,True,False,-2.39738813340819,0.0,0.0,0.0
76,"['3HAD40', '3HAD60', '3HAD80', '3OAR40', '3OAR60', '3OAR80', 'ACACT1r', 'ACACT2r', 'ACACT3r', '3OAS60', '3OAS80', 'ACOAD1f', 'ACOAD2f', 'ACOAD3f', 'ACOATA', 'EAR40x', 'EAR60x', 'EAR80x', 'ECOAH1', 'ECOAH2', 'ECOAH3', 'FACOAE80', 'FADRx2', 'FA80ACPHi', 'HACD1', 'HACD3', 'KAS15', 'MACPD', 'HACD2i']","[0.3321620571079981, 0.3321620571079981, 0.3321620571079981, 0.3321620571079981, 0.3321620571079981, 0.3321620571079981, -0.33216205710799857, -0.33216205710799857, -0.33216205710799857, 0.3321620571079981, 0.3321620571079981, 0.33216205710799857, 0.33216205710799857, 0.33216205710799857, 0.9964861713239932, 0.3321620571079981, 0.3321620571079981, 0.3321620571079981, -0.33216205710799857, -0.33216205710799857, -0.33216205710799857, -0.33216205710799857, -0.9964861713231704, 0.33216205710608426, -0.33216205710799857, -0.33216205710799857, 0.3321620571079981, -0.9964861713239932, 0.33216205710799857]","[0.3321620571079981, 0.3321620571079981, 0.3321620571079981, 0.3321620571079981, 0.3321620571079981, 0.3321620571079981, 0.33216205710799857, 0.33216205710799857, 0.33216205710799857, 0.3321620571079981, 0.3321620571079981, 0.33216205710799857, 0.33216205710799857, 0.33216205710799857, 0.9964861713239932, 0.3321620571079981, 0.3321620571079981, 0.3321620571079981, 0.33216205710799857, 0.33216205710799857, 0.33216205710799857, 0.33216205710799857, 0.9964861713231704, 0.33216205710608426, 0.33216205710799857, 0.33216205710799857, 0.3321620571079981, 0.9964861713239932, 0.33216205710799857]","['3HAD40', '3HAD60', '3HAD80', '3OAR40', '3OAR60', '3OAR80', '3OAS60', '3OAS80', 'EAR40x', 'EAR60x', 'EAR80x', 'FA80ACPHi', 'KAS15', 'HACD2i']","['ACACT1r', 'ACACT2r', 'ACACT3r', 'ACOAD1f', 'ACOAD2f', 'ACOAD3f', 'ACOATA', 'ECOAH1', 'ECOAH2', 'ECOAH3', 'FACOAE80', 'FADRx2', 'HACD1', 'HACD3', 'MACPD']",[],ACOAD3f,3OAS60,11.625671998779728,1,29,0,-7.0,-1.6608102855388984,iECW_1372,PSL,True,False,-2.39738813340819,0.0,0.0,0.0
77,"['3HAD40', '3HAD60', '3HAD80', '3OAR40', '3OAR60', '3OAR80', 'ACACT1r', 'ACACT2r', 'ACACT3r', '3OAS60', '3OAS80', 'ACOAD1f', 'ACOAD2f', 'ACOAD3f', 'ACOATA', 'EAR40x', 'EAR60x', 'EAR80x', 'ECOAH1', 'ECOAH2', 'ECOAH3', 'FACOAE80', 'FADRx2', 'FA80ACPHi', 'HACD1', 'HACD3', 'KAS15', 'MACPD', 'HACD2i']","[0.3321620571079981, 0.3321620571079981, 0.3321620571079981, 0.3321620571079981, 0.3321620571079981, 0.3321620571079981, -0.33216205710799857, -0.33216205710799857, -0.33216205710799857, 0.3321620571079981, 0.3321620571079981, 0.33216205710799857, 0.33216205710799857, 0.33216205710799857, 0.9964861713239932, 0.3321620571079981, 0.3321620571079981, 0.3321620571079981, -0.33216205710799857, -0.33216205710799857, -0.33216205710799857, -0.33216205710799857, -0.9964861713231704, 0.33216205710608426, -0.33216205710799857, -0.33216205710799857, 0.3321620571079981, -0.9964861713239932, 0.33216205710799857]","[0.3321620571079981, 0.3321620571079981, 0.3321620571079981, 0.3321620571079981, 0.3321620571079981, 0.3321620571079981, 0.33216205710799857, 0.33216205710799857, 0.33216205710799857, 0.3321620571079981, 0.3321620571079981, 0.33216205710799857, 0.33216205710799857, 0.33216205710799857, 0.9964861713239932, 0.3321620571079981, 0.3321620571079981, 0.3321620571079981, 0.33216205710799857, 0.33216205710799857, 0.33216205710799857, 0.33216205710799857, 0.9964861713231704, 0.33216205710608426, 0.33216205710799857, 0.33216205710799857, 0.3321620571079981, 0.9964861713239932, 0.33216205710799857]","['3HAD40', '3HAD60', '3HAD80', '3OAR40', '3OAR60', '3OAR80', '3OAS60', '3OAS80', 'EAR40x', 'EAR60x', 'EAR80x', 'FA80ACPHi', 'KAS15', 'HACD2i']","['ACACT1r', 'ACACT2r', 'ACACT3r', 'ACOAD1f', 'ACOAD2f', 'ACOAD3f', 'ACOATA', 'ECOAH1', 'ECOAH2', 'ECOAH3', 'FACOAE80', 'FADRx2', 'HACD1', 'HACD3', 'MACPD']",[],ACOAD3f,3OAS80,11.625671998779728,1,29,0,-7.0,-1.6608102855388984,iECW_1372,PSL,True,False,-2.39738813340819,0.0,0.0,0.0
78,"['3HAD100', '3OAS100', '3OAR100', 'ACACT4r', 'AACPS8', 'AACPS9', 'ACOAD4f', 'ACOATA', 'EAR100x', 'ECOAH4', 'FACOAE80', 'FADRx2', 'FACOAE100', 'HACD4', 'MACPD']","[0.332162057108, 0.332162057108, 0.3321620571080075, -0.3321620571080075, -0.332162057108, 0.332162057108, 0.3321620571080075, 0.33216205710573377, 0.332162057108, -0.3321620571080075, 0.332162057108, -0.33216205711101043, -0.332162057108, -0.3321620571080075, -0.33216205710570246]","[0.332162057108, 0.332162057108, 0.3321620571080075, 0.3321620571080075, 0.332162057108, 0.332162057108, 0.3321620571080075, 0.33216205710573377, 0.332162057108, 0.3321620571080075, 0.332162057108, 0.33216205711101043, 0.332162057108, 0.3321620571080075, 0.33216205710570246]","['3HAD100', '3OAS100', '3OAR100', 'AACPS9', 'EAR100x', 'FACOAE80']","['ACACT4r', 'AACPS8', 'ACOAD4f', 'ACOATA', 'ECOAH4', 'FADRx2', 'FACOAE100', 'HACD4', 'MACPD']",[],ACOAD4f,3HAD100,4.982430856619846,1,15,0,-1.0,-0.33216205710501323,iECW_1372,PSL,True,False,-2.39738813340819,0.0,0.0,0.0
79,"['3HAD100', '3OAS100', '3OAR100', 'ACACT4r', 'AACPS8', 'AACPS9', 'ACOAD4f', 'ACOATA', 'EAR100x', 'ECOAH4', 'FACOAE80', 'FADRx2', 'FACOAE100', 'HACD4', 'MACPD']","[0.332162057108, 0.332162057108, 0.3321620571080075, -0.3321620571080075, -0.332162057108, 0.332162057108, 0.3321620571080075, 0.33216205710573377, 0.332162057108, -0.3321620571080075, 0.332162057108, -0.33216205711101043, -0.332162057108, -0.3321620571080075, -0.33216205710570246]","[0.332162057108, 0.332162057108, 0.3321620571080075, 0.3321620571080075, 0.332162057108, 0.332162057108, 0.3321620571080075, 0.33216205710573377, 0.332162057108, 0.3321620571080075, 0.332162057108, 0.33216205711101043, 0.332162057108, 0.3321620571080075, 0.33216205710570246]","['3HAD100', '3OAS100', '3OAR100', 'AACPS9', 'EAR100x', 'FACOAE80']","['ACACT4r', 'AACPS8', 'ACOAD4f', 'ACOATA', 'ECOAH4', 'FADRx2', 'FACOAE100', 'HACD4', 'MACPD']",[],ACOAD4f,3OAS100,4.982430856619846,1,15,0,-1.0,-0.33216205710501323,iECW_1372,PSL,True,False,-2.39738813340819,0.0,0.0,0.0
80,"['3HAD100', '3OAS100', '3OAR100', 'ACACT4r', 'AACPS8', 'AACPS9', 'ACOAD4f', 'ACOATA', 'EAR100x', 'ECOAH4', 'FACOAE80', 'FADRx2', 'FACOAE100', 'HACD4', 'MACPD']","[0.332162057108, 0.332162057108, 0.3321620571080075, -0.3321620571080075, -0.332162057108, 0.332162057108, 0.3321620571080075, 0.33216205710573377, 0.332162057108, -0.3321620571080075, 0.332162057108, -0.33216205711101043, -0.332162057108, -0.3321620571080075, -0.33216205710570246]","[0.332162057108, 0.332162057108, 0.3321620571080075, 0.3321620571080075, 0.332162057108, 0.332162057108, 0.3321620571080075, 0.33216205710573377, 0.332162057108, 0.3321620571080075, 0.332162057108, 0.33216205711101043, 0.332162057108, 0.3321620571080075, 0.33216205710570246]","['3HAD100', '3OAS100', '3OAR100', 'AACPS9', 'EAR100x', 'FACOAE80']","['ACACT4r', 'AACPS8', 'ACOAD4f', 'ACOATA', 'ECOAH4', 'FADRx2', 'FACOAE100', 'HACD4', 'MACPD']",[],ACOAD4f,3OAR100,4.982430856619846,1,15,0,-1.0,-0.33216205710501323,iECW_1372,PSL,True,False,-2.39738813340819,0.0,0.0,0.0
81,"['ALATA_L', 'VALTA', 'VPAMTr_copy1']","[0.5426110061595182, -0.5426110061596319, -0.5426110061595182]","[0.5426110061595182, 0.5426110061596319, 0.5426110061595182]",['ALATA_L'],['VPAMTr_copy1'],['VALTA'],ALATA_L,VPAMTr_copy1,1.6278330184787004,1,3,1,1.0,0.5426110061596319,iECW_1372,PSL,True,True,-1000.0,-1000.0,0.0,0.0
82,"['ASNS2', 'ASNS1', 'GLUN']","[-0.22498967257549998, 0.22498967257549998, -0.22498967258500951]","[0.22498967257549998, 0.22498967257549998, 0.22498967258500951]",['ASNS1'],"['ASNS2', 'GLUN']",[],ASNS2,ASNS1,0.6749690177257883,1,3,0,-1.0,-0.22498967258500951,iECW_1372,PSL,False,False,0.0,0.0,0.0,0.0
83,"['DM_5drib_c', 'EX_quin_e', 'EX_glyc_e', '5DOAN', 'AMPN', 'CPPPGO', 'CPPPGO2', 'F6PP', 'G3PD5', 'G3PT', 'GLCt2pp', 'GLCtex_copy2', 'GLYCtex', 'GLYCtpp', 'GLYOX3', 'METAT', 'MGSA', 'NTPP6', 'QUIN2tex', 'QUIN2tpp', 'QUINDH', 'XYLI2']","[0.0004162759286, -5.2034492144859e-05, -5.203449111593206e-05, 0.0004162759286, -0.0004162759289604301, -0.00020813796430460362, 0.00020813796429999996, -0.0002081379689975186, 5.203449146981565e-05, -5.203449111593206e-05, 0.00020813796947313814, 0.00026017245743403805, 5.2034491091035306e-05, -5.2034491091035306e-05, -5.203449185409159e-05, 0.00041627592848209743, -5.203449185409159e-05, -0.0004162759295240903, 5.2034492114216846e-05, 5.2034492114216846e-05, 5.2034492114216846e-05, 0.00020813796902530157]","[0.0004162759286, 5.2034492144859e-05, 5.203449111593206e-05, 0.0004162759286, 0.0004162759289604301, 0.00020813796430460362, 0.00020813796429999996, 0.0002081379689975186, 5.203449146981565e-05, 5.203449111593206e-05, 0.00020813796947313814, 0.00026017245743403805, 5.2034491091035306e-05, 5.2034491091035306e-05, 5.203449185409159e-05, 0.00041627592848209743, 5.203449185409159e-05, 0.0004162759295240903, 5.2034492114216846e-05, 5.2034492114216846e-05, 5.2034492114216846e-05, 0.00020813796902530157]","['CPPPGO2', 'G3PD5', 'GLCt2pp', 'GLCtex_copy2']","['EX_quin_e', 'EX_glyc_e', 'AMPN', 'CPPPGO', 'F6PP', 'G3PT', 'GLYCtex', 'GLYCtpp', 'GLYOX3', 'MGSA', 'NTPP6', 'QUIN2tex', 'QUIN2tpp', 'QUINDH', 'XYLI2']","['DM_5drib_c', '5DOAN', 'METAT']",CPPPGO,CPPPGO2,0.006114052709435548,1,22,3,2.0,0.0008325518638554923,iECW_1372,PSL,False,False,0.0,0.0,-0.349644426752548,-0.349644426752548
84,"['3HAD161', '3OAR161', '3OAS161', 'ACACT7r', 'AACPS2', 'AACPS4', 'ACOAD6f', 'ACOATA', 'CTECOAI6_copy1', 'CTECOAI7_copy1', 'EAR161x', 'FACOAE141', 'FACOAE161', 'ECOAH7', 'FADRx2', 'HACD7', 'MACPD']","[0.14040259055479998, 0.14040259055479998, 0.14040259055479998, -0.14040259055479792, 0.14040259056175153, -0.14040259055479998, 0.14040259055479792, 0.14040259055483062, -0.14040259055479998, 0.14040259055479998, 0.14040259055479998, 0.14040259055479998, -0.14040259055479998, -0.14040259055479792, -0.14040259054501913, -0.14040259055479792, -0.14040259055483062]","[0.14040259055479998, 0.14040259055479998, 0.14040259055479998, 0.14040259055479792, 0.14040259056175153, 0.14040259055479998, 0.14040259055479792, 0.14040259055483062, 0.14040259055479998, 0.14040259055479998, 0.14040259055479998, 0.14040259055479998, 0.14040259055479998, 0.14040259055479792, 0.14040259054501913, 0.14040259055479792, 0.14040259055483062]","['AACPS4', 'ACOATA', 'CTECOAI7_copy1', 'FACOAE161', 'FADRx2', 'MACPD']","['3HAD161', '3OAR161', '3OAS161', 'CTECOAI6_copy1', 'EAR161x', 'FACOAE141']","['ACACT7r', 'AACPS2', 'ACOAD6f', 'ECOAH7', 'HACD7']",CTECOAI7_copy1,3HAD161,2.3868440394315886,1,17,5,-1.0,-0.14040259057153642,iECW_1372,PSL,True,False,-1000.0,0.0,0.0,0.0
85,"['3HAD161', '3OAR161', '3OAS161', 'ACACT7r', 'AACPS2', 'AACPS4', 'ACOAD6f', 'ACOATA', 'CTECOAI6_copy1', 'CTECOAI7_copy1', 'EAR161x', 'FACOAE141', 'FACOAE161', 'ECOAH7', 'FADRx2', 'HACD7', 'MACPD']","[0.14040259055479998, 0.14040259055479998, 0.14040259055479998, -0.14040259055479792, 0.14040259056175153, -0.14040259055479998, 0.14040259055479792, 0.14040259055483062, -0.14040259055479998, 0.14040259055479998, 0.14040259055479998, 0.14040259055479998, -0.14040259055479998, -0.14040259055479792, -0.14040259054501913, -0.14040259055479792, -0.14040259055483062]","[0.14040259055479998, 0.14040259055479998, 0.14040259055479998, 0.14040259055479792, 0.14040259056175153, 0.14040259055479998, 0.14040259055479792, 0.14040259055483062, 0.14040259055479998, 0.14040259055479998, 0.14040259055479998, 0.14040259055479998, 0.14040259055479998, 0.14040259055479792, 0.14040259054501913, 0.14040259055479792, 0.14040259055483062]","['AACPS4', 'ACOATA', 'CTECOAI7_copy1', 'FACOAE161', 'FADRx2', 'MACPD']","['3HAD161', '3OAR161', '3OAS161', 'CTECOAI6_copy1', 'EAR161x', 'FACOAE141']","['ACACT7r', 'AACPS2', 'ACOAD6f', 'ECOAH7', 'HACD7']",CTECOAI7_copy1,3OAR161,2.3868440394315886,1,17,5,-1.0,-0.14040259057153642,iECW_1372,PSL,True,False,-1000.0,0.0,0.0,-2.45619609131609e-05
86,"['3HAD161', '3OAR161', '3OAS161', 'ACACT7r', 'AACPS2', 'AACPS4', 'ACOAD6f', 'ACOATA', 'CTECOAI6_copy1', 'CTECOAI7_copy1', 'EAR161x', 'FACOAE141', 'FACOAE161', 'ECOAH7', 'FADRx2', 'HACD7', 'MACPD']","[0.14040259055479998, 0.14040259055479998, 0.14040259055479998, -0.14040259055479792, 0.14040259056175153, -0.14040259055479998, 0.14040259055479792, 0.14040259055483062, -0.14040259055479998, 0.14040259055479998, 0.14040259055479998, 0.14040259055479998, -0.14040259055479998, -0.14040259055479792, -0.14040259054501913, -0.14040259055479792, -0.14040259055483062]","[0.14040259055479998, 0.14040259055479998, 0.14040259055479998, 0.14040259055479792, 0.14040259056175153, 0.14040259055479998, 0.14040259055479792, 0.14040259055483062, 0.14040259055479998, 0.14040259055479998, 0.14040259055479998, 0.14040259055479998, 0.14040259055479998, 0.14040259055479792, 0.14040259054501913, 0.14040259055479792, 0.14040259055483062]","['AACPS4', 'ACOATA', 'CTECOAI7_copy1', 'FACOAE161', 'FADRx2', 'MACPD']","['3HAD161', '3OAR161', '3OAS161', 'CTECOAI6_copy1', 'EAR161x', 'FACOAE141']","['ACACT7r', 'AACPS2', 'ACOAD6f', 'ECOAH7', 'HACD7']",CTECOAI7_copy1,3OAS161,2.3868440394315886,1,17,5,-1.0,-0.14040259057153642,iECW_1372,PSL,True,False,-1000.0,0.0,0.0,0.0
87,"['EX_ala__D_e', 'EX_alaala_e', 'ALAALAD', 'ALAALAabcpp', 'ALAALAr', 'ALAALAtex', 'DALAt2pp', 'DALAtex']","[0.0129680218654, -0.006484010932420053, 0.003242005430799593, 0.006484010937255976, -0.0032420055016204596, 0.006484010932420053, -0.0129680218654, -0.0129680218654]","[0.0129680218654, 0.006484010932420053, 0.003242005430799593, 0.006484010937255976, 0.0032420055016204596, 0.006484010932420053, 0.0129680218654, 0.0129680218654]","['EX_alaala_e', 'ALAALAtex', 'DALAt2pp']","['EX_ala__D_e', 'ALAALAD', 'ALAALAabcpp', 'DALAtex']",['ALAALAr'],DALAt2pp,DALAtex,0.0875341476089624,1,8,1,0.0,-0.006484010998964888,iECW_1372,PSL,False,True,0.0,-13.8392011967799,0.0,0.0
88,"['DMPPS', 'IPDDI', 'IPDPS']","[-0.00025947243979999976, 0.00025947243977952894, 0.00025947243979999954]","[0.00025947243979999976, 0.00025947243977952894, 0.00025947243979999954]",['DMPPS'],['IPDDI'],['IPDPS'],DMPPS,IPDDI,0.0007784173193999993,1,3,1,1.0,0.0002594724397795287,iECW_1372,PSL,False,True,0.0,-0.0020740119840638,0.0,0.0
89,"['3HAD120', '3OAR120', '3OAS120', 'ACACT5r', 'AACPS7', 'AACPS8', 'ACOAD5f', 'ACOATA', 'EAR120x', 'FACOAE120', 'ECOAH5', 'FADRx2', 'FACOAE100', 'HACD5', 'MACPD']","[0.07263734947840063, 0.07263734947840063, 0.07263734947840063, -0.07263734947847728, -0.07263734947840063, 0.07263734947840063, 0.07263734947847728, 0.07263734947840063, 0.07263734947840063, -0.07263734947847728, -0.07263734947847728, -0.07263734947766842, 0.07263734947840063, -0.07263734947847728, -0.07263734947840063]","[0.07263734947840063, 0.07263734947840063, 0.07263734947840063, 0.07263734947847728, 0.07263734947840063, 0.07263734947840063, 0.07263734947847728, 0.07263734947840063, 0.07263734947840063, 0.07263734947847728, 0.07263734947847728, 0.07263734947766842, 0.07263734947840063, 0.07263734947847728, 0.07263734947840063]","['AACPS7', 'ACOATA', 'FACOAE120', 'FADRx2', 'MACPD']","['3HAD120', '3OAR120', '3OAS120', 'AACPS8', 'EAR120x', 'FACOAE100']","['ACACT5r', 'ACOAD5f', 'ECOAH5', 'HACD5']",FACOAE120,3HAD120,1.0895602421765456,1,15,4,1.0,0.07263734947890287,iECW_1372,PSL,False,False,0.0,0.0,0.0,0.0
90,"['3HAD120', '3OAR120', '3OAS120', 'ACACT5r', 'AACPS7', 'AACPS8', 'ACOAD5f', 'ACOATA', 'EAR120x', 'FACOAE120', 'ECOAH5', 'FADRx2', 'FACOAE100', 'HACD5', 'MACPD']","[0.07263734947840063, 0.07263734947840063, 0.07263734947840063, -0.07263734947847728, -0.07263734947840063, 0.07263734947840063, 0.07263734947847728, 0.07263734947840063, 0.07263734947840063, -0.07263734947847728, -0.07263734947847728, -0.07263734947766842, 0.07263734947840063, -0.07263734947847728, -0.07263734947840063]","[0.07263734947840063, 0.07263734947840063, 0.07263734947840063, 0.07263734947847728, 0.07263734947840063, 0.07263734947840063, 0.07263734947847728, 0.07263734947840063, 0.07263734947840063, 0.07263734947847728, 0.07263734947847728, 0.07263734947766842, 0.07263734947840063, 0.07263734947847728, 0.07263734947840063]","['AACPS7', 'ACOATA', 'FACOAE120', 'FADRx2', 'MACPD']","['3HAD120', '3OAR120', '3OAS120', 'AACPS8', 'EAR120x', 'FACOAE100']","['ACACT5r', 'ACOAD5f', 'ECOAH5', 'HACD5']",FACOAE120,3OAR120,1.0895602421765456,1,15,4,1.0,0.07263734947890287,iECW_1372,PSL,False,False,0.0,0.0,0.0,0.0
91,"['3HAD120', '3OAR120', '3OAS120', 'ACACT5r', 'AACPS7', 'AACPS8', 'ACOAD5f', 'ACOATA', 'EAR120x', 'FACOAE120', 'ECOAH5', 'FADRx2', 'FACOAE100', 'HACD5', 'MACPD']","[0.07263734947840063, 0.07263734947840063, 0.07263734947840063, -0.07263734947847728, -0.07263734947840063, 0.07263734947840063, 0.07263734947847728, 0.07263734947840063, 0.07263734947840063, -0.07263734947847728, -0.07263734947847728, -0.07263734947766842, 0.07263734947840063, -0.07263734947847728, -0.07263734947840063]","[0.07263734947840063, 0.07263734947840063, 0.07263734947840063, 0.07263734947847728, 0.07263734947840063, 0.07263734947840063, 0.07263734947847728, 0.07263734947840063, 0.07263734947840063, 0.07263734947847728, 0.07263734947847728, 0.07263734947766842, 0.07263734947840063, 0.07263734947847728, 0.07263734947840063]","['AACPS7', 'ACOATA', 'FACOAE120', 'FADRx2', 'MACPD']","['3HAD120', '3OAR120', '3OAS120', 'AACPS8', 'EAR120x', 'FACOAE100']","['ACACT5r', 'ACOAD5f', 'ECOAH5', 'HACD5']",FACOAE120,3OAS120,1.0895602421765456,1,15,4,1.0,0.07263734947890287,iECW_1372,PSL,False,False,0.0,0.0,0.0,0.0
92,"['3HAD100', '3HAD40', '3HAD60', '3HAD80', '3OAR40', '3OAR60', '3OAR80', '3OAS100', '3OAR100', 'ACACT1r', 'ACACT2r', 'ACACT3r', '3OAS60', '3OAS80', 'ACACT4r', 'ACOAD1f', 'ACOAD2f', 'ACOAD3f', 'ACOAD4f', 'ACOATA', 'EAR100x', 'EAR40x', 'EAR60x', 'EAR80x', 'ECOAH1', 'ECOAH2', 'ECOAH3', 'ECOAH4', 'FADRx2', 'FA100ACPHi', 'FACOAE100', 'KAS15', 'MACPD']","[0.33216205710808006, 0.33216205710808006, 0.33216205710808006, 0.33216205710808006, 0.3321620571081212, 0.3321620571081212, 0.3321620571081212, 0.33216205710808006, 0.3321620571081212, -0.3321620571081212, -0.3321620571081212, -0.3321620571081212, 0.33216205710808006, 0.33216205710808006, -0.3321620571081212, 0.3321620571081212, 0.3321620571081212, 0.3321620571081212, 0.3321620571081212, 1.328648228432371, 0.33216205710808006, 0.33216205710808006, 0.33216205710808006, 0.33216205710808006, -0.3321620571081212, -0.3321620571081212, -0.3321620571081212, -0.3321620571081212, -1.3286482284317613, 0.33216205710808006, -0.33216205710808006, 0.33216205710808006, -1.3286482284323202]","[0.33216205710808006, 0.33216205710808006, 0.33216205710808006, 0.33216205710808006, 0.3321620571081212, 0.3321620571081212, 0.3321620571081212, 0.33216205710808006, 0.3321620571081212, 0.3321620571081212, 0.3321620571081212, 0.3321620571081212, 0.33216205710808006, 0.33216205710808006, 0.3321620571081212, 0.3321620571081212, 0.3321620571081212, 0.3321620571081212, 0.3321620571081212, 1.328648228432371, 0.33216205710808006, 0.33216205710808006, 0.33216205710808006, 0.33216205710808006, 0.3321620571081212, 0.3321620571081212, 0.3321620571081212, 0.3321620571081212, 1.3286482284317613, 0.33216205710808006, 0.33216205710808006, 0.33216205710808006, 1.3286482284323202]","['ACACT1r', 'ACACT2r', 'ACACT3r', 'ACACT4r', 'ACOAD1f', 'ACOAD2f', 'ACOAD3f', 'ACOAD4f', 'ACOATA', 'ECOAH1', 'ECOAH2', 'ECOAH3', 'ECOAH4', 'FADRx2', 'FACOAE100', 'MACPD']","['3HAD100', '3HAD40', '3HAD60', '3HAD80', '3OAR40', '3OAR60', '3OAR80', '3OAS100', '3OAR100', '3OAS60', '3OAS80', 'EAR100x', 'EAR40x', 'EAR60x', 'EAR80x', 'FA100ACPHi', 'KAS15']",[],ECOAH1,3HAD100,15.279454626973873,1,33,0,-11.0,-2.657296456865251,iECW_1372,PSL,True,False,-8.86501507738546,0.0,0.0,0.0
93,"['3HAD40', '3HAD60', '3HAD80', '3OAR40', '3OAR60', '3OAR80', 'ACACT1r', 'ACACT2r', 'ACACT3r', '3OAS60', '3OAS80', 'ACOAD1f', 'ACOAD2f', 'ACOAD3f', 'ACOATA', 'EAR40x', 'EAR60x', 'EAR80x', 'ECOAH1', 'ECOAH2', 'ECOAH3', 'FACOAE80', 'FADRx2', 'FA80ACPHi', 'HACD1', 'HACD2', 'HACD3', 'KAS15', 'MACPD']","[0.33216205710800445, 0.33216205710800445, 0.33216205710800445, 0.3321620571080075, 0.3321620571080075, 0.3321620571080075, -0.3321620571080075, -0.3321620571080075, -0.3321620571080075, 0.33216205710800445, 0.33216205710800445, 0.3321620571080075, 0.3321620571080075, 0.3321620571080075, 0.9964861713240225, 0.33216205710800445, 0.33216205710800445, 0.33216205710800445, -0.3321620571080075, -0.3321620571080075, -0.3321620571080075, -0.332162057108, -0.9964861713245349, 0.3321620571062943, -0.3321620571080075, -0.3321620571080075, -0.3321620571080075, 0.33216205710800445, -0.9964861713240336]","[0.33216205710800445, 0.33216205710800445, 0.33216205710800445, 0.3321620571080075, 0.3321620571080075, 0.3321620571080075, 0.3321620571080075, 0.3321620571080075, 0.3321620571080075, 0.33216205710800445, 0.33216205710800445, 0.3321620571080075, 0.3321620571080075, 0.3321620571080075, 0.9964861713240225, 0.33216205710800445, 0.33216205710800445, 0.33216205710800445, 0.3321620571080075, 0.3321620571080075, 0.3321620571080075, 0.332162057108, 0.9964861713245349, 0.3321620571062943, 0.3321620571080075, 0.3321620571080075, 0.3321620571080075, 0.33216205710800445, 0.9964861713240336]","['3HAD40', '3HAD60', '3HAD80', '3OAR40', '3OAR60', '3OAR80', '3OAS60', '3OAS80', 'EAR40x', 'EAR60x', 'EAR80x', 'FA80ACPHi', 'KAS15']","['ACACT1r', 'ACACT2r', 'ACACT3r', 'ACOAD1f', 'ACOAD2f', 'ACOAD3f', 'ACOATA', 'ECOAH1', 'ECOAH2', 'ECOAH3', 'FACOAE80', 'FADRx2', 'HACD1', 'HACD2', 'HACD3', 'MACPD']",[],ECOAH1,3HAD40,11.625671998780085,1,29,0,-5.0,-0.9964861713217656,iECW_1372,PSL,True,False,-8.86501507738546,0.0,0.0,0.0
94,"['3HAD40', '3HAD60', '3HAD80', '3OAR40', '3OAR60', '3OAR80', 'ACACT1r', 'ACACT2r', 'ACACT3r', '3OAS60', '3OAS80', 'ACOAD1f', 'ACOAD2f', 'ACOAD3f', 'ACOATA', 'EAR40x', 'EAR60x', 'EAR80x', 'ECOAH1', 'ECOAH2', 'ECOAH3', 'FACOAE80', 'FADRx2', 'FA80ACPHi', 'HACD1', 'HACD2', 'HACD3', 'KAS15', 'MACPD']","[0.33216205710800445, 0.33216205710800445, 0.33216205710800445, 0.3321620571080075, 0.3321620571080075, 0.3321620571080075, -0.3321620571080075, -0.3321620571080075, -0.3321620571080075, 0.33216205710800445, 0.33216205710800445, 0.3321620571080075, 0.3321620571080075, 0.3321620571080075, 0.9964861713240225, 0.33216205710800445, 0.33216205710800445, 0.33216205710800445, -0.3321620571080075, -0.3321620571080075, -0.3321620571080075, -0.332162057108, -0.9964861713245349, 0.3321620571062943, -0.3321620571080075, -0.3321620571080075, -0.3321620571080075, 0.33216205710800445, -0.9964861713240336]","[0.33216205710800445, 0.33216205710800445, 0.33216205710800445, 0.3321620571080075, 0.3321620571080075, 0.3321620571080075, 0.3321620571080075, 0.3321620571080075, 0.3321620571080075, 0.33216205710800445, 0.33216205710800445, 0.3321620571080075, 0.3321620571080075, 0.3321620571080075, 0.9964861713240225, 0.33216205710800445, 0.33216205710800445, 0.33216205710800445, 0.3321620571080075, 0.3321620571080075, 0.3321620571080075, 0.332162057108, 0.9964861713245349, 0.3321620571062943, 0.3321620571080075, 0.3321620571080075, 0.3321620571080075, 0.33216205710800445, 0.9964861713240336]","['3HAD40', '3HAD60', '3HAD80', '3OAR40', '3OAR60', '3OAR80', '3OAS60', '3OAS80', 'EAR40x', 'EAR60x', 'EAR80x', 'FA80ACPHi', 'KAS15']","['ACACT1r', 'ACACT2r', 'ACACT3r', 'ACOAD1f', 'ACOAD2f', 'ACOAD3f', 'ACOATA', 'ECOAH1', 'ECOAH2', 'ECOAH3', 'FACOAE80', 'FADRx2', 'HACD1', 'HACD2', 'HACD3', 'MACPD']",[],ECOAH1,3HAD60,11.625671998780085,1,29,0,-5.0,-0.9964861713217656,iECW_1372,PSL,True,False,-8.86501507738546,0.0,0.0,0.0
95,"['3HAD40', '3HAD60', '3HAD80', '3OAR40', '3OAR60', '3OAR80', 'ACACT1r', 'ACACT2r', 'ACACT3r', '3OAS60', '3OAS80', 'ACOAD1f', 'ACOAD2f', 'ACOAD3f', 'ACOATA', 'EAR40x', 'EAR60x', 'EAR80x', 'ECOAH1', 'ECOAH2', 'ECOAH3', 'FACOAE80', 'FADRx2', 'FA80ACPHi', 'HACD1', 'HACD2', 'HACD3', 'KAS15', 'MACPD']","[0.33216205710800445, 0.33216205710800445, 0.33216205710800445, 0.3321620571080075, 0.3321620571080075, 0.3321620571080075, -0.3321620571080075, -0.3321620571080075, -0.3321620571080075, 0.33216205710800445, 0.33216205710800445, 0.3321620571080075, 0.3321620571080075, 0.3321620571080075, 0.9964861713240225, 0.33216205710800445, 0.33216205710800445, 0.33216205710800445, -0.3321620571080075, -0.3321620571080075, -0.3321620571080075, -0.332162057108, -0.9964861713245349, 0.3321620571062943, -0.3321620571080075, -0.3321620571080075, -0.3321620571080075, 0.33216205710800445, -0.9964861713240336]","[0.33216205710800445, 0.33216205710800445, 0.33216205710800445, 0.3321620571080075, 0.3321620571080075, 0.3321620571080075, 0.3321620571080075, 0.3321620571080075, 0.3321620571080075, 0.33216205710800445, 0.33216205710800445, 0.3321620571080075, 0.3321620571080075, 0.3321620571080075, 0.9964861713240225, 0.33216205710800445, 0.33216205710800445, 0.33216205710800445, 0.3321620571080075, 0.3321620571080075, 0.3321620571080075, 0.332162057108, 0.9964861713245349, 0.3321620571062943, 0.3321620571080075, 0.3321620571080075, 0.3321620571080075, 0.33216205710800445, 0.9964861713240336]","['3HAD40', '3HAD60', '3HAD80', '3OAR40', '3OAR60', '3OAR80', '3OAS60', '3OAS80', 'EAR40x', 'EAR60x', 'EAR80x', 'FA80ACPHi', 'KAS15']","['ACACT1r', 'ACACT2r', 'ACACT3r', 'ACOAD1f', 'ACOAD2f', 'ACOAD3f', 'ACOATA', 'ECOAH1', 'ECOAH2', 'ECOAH3', 'FACOAE80', 'FADRx2', 'HACD1', 'HACD2', 'HACD3', 'MACPD']",[],ECOAH1,3HAD80,11.625671998780085,1,29,0,-5.0,-0.9964861713217656,iECW_1372,PSL,True,False,-8.86501507738546,0.0,0.0,-0.0051138002733068
96,"['3HAD40', '3HAD60', '3HAD80', '3OAR40', '3OAR60', '3OAR80', 'ACACT1r', 'ACACT2r', 'ACACT3r', '3OAS60', '3OAS80', 'ACOAD1f', 'ACOAD2f', 'ACOAD3f', 'ACOATA', 'EAR40x', 'EAR60x', 'EAR80x', 'ECOAH1', 'ECOAH2', 'ECOAH3', 'FACOAE80', 'FADRx2', 'FA80ACPHi', 'KAS15', 'MACPD']","[0.3321620571080121, 0.3321620571080121, 0.3321620571080121, 0.3321620571080121, 0.3321620571080121, 0.3321620571080121, -0.3321620571078938, -0.3321620571078938, -0.3321620571078938, 0.3321620571080121, 0.3321620571080121, 0.3321620571078938, 0.3321620571078938, 0.3321620571078938, 0.99648617132405, 0.3321620571080121, 0.3321620571080121, 0.3321620571080121, -0.3321620571078938, -0.3321620571078938, -0.3321620571078938, -0.3321620571080121, -0.9964861713224309, 0.3321620571080121, 0.3321620571080121, -0.99648617132405]","[0.3321620571080121, 0.3321620571080121, 0.3321620571080121, 0.3321620571080121, 0.3321620571080121, 0.3321620571080121, 0.3321620571078938, 0.3321620571078938, 0.3321620571078938, 0.3321620571080121, 0.3321620571080121, 0.3321620571078938, 0.3321620571078938, 0.3321620571078938, 0.99648617132405, 0.3321620571080121, 0.3321620571080121, 0.3321620571080121, 0.3321620571078938, 0.3321620571078938, 0.3321620571078938, 0.3321620571080121, 0.9964861713224309, 0.3321620571080121, 0.3321620571080121, 0.99648617132405]","['ACACT1r', 'ACACT2r', 'ACACT3r', 'ACOAD1f', 'ACOAD2f', 'ACOAD3f', 'ACOATA', 'ECOAH1', 'ECOAH2', 'ECOAH3', 'FACOAE80', 'FADRx2', 'MACPD']","['3HAD40', '3HAD60', '3HAD80', '3OAR40', '3OAR60', '3OAR80', '3OAS60', '3OAS80', 'EAR40x', 'EAR60x', 'EAR80x', 'FA80ACPHi', 'KAS15']",[],ECOAH1,3OAR40,11.625671998775903,1,26,0,-8.0,-1.9929723426500328,iECW_1372,PSL,True,False,-8.86501507738546,0.0,0.0,0.0
97,"['3HAD40', '3HAD60', '3HAD80', '3OAR40', '3OAR60', '3OAR80', 'ACACT1r', 'ACACT2r', 'ACACT3r', '3OAS60', '3OAS80', 'ACOAD1f', 'ACOAD2f', 'ACOAD3f', 'ACOATA', 'EAR40x', 'EAR60x', 'EAR80x', 'ECOAH1', 'ECOAH2', 'ECOAH3', 'FACOAE80', 'FADRx2', 'FA80ACPHi', 'HACD1', 'HACD2', 'HACD3', 'KAS15', 'MACPD']","[0.33216205710800445, 0.33216205710800445, 0.33216205710800445, 0.3321620571080075, 0.3321620571080075, 0.3321620571080075, -0.3321620571080075, -0.3321620571080075, -0.3321620571080075, 0.33216205710800445, 0.33216205710800445, 0.3321620571080075, 0.3321620571080075, 0.3321620571080075, 0.9964861713240225, 0.33216205710800445, 0.33216205710800445, 0.33216205710800445, -0.3321620571080075, -0.3321620571080075, -0.3321620571080075, -0.332162057108, -0.9964861713245349, 0.3321620571062943, -0.3321620571080075, -0.3321620571080075, -0.3321620571080075, 0.33216205710800445, -0.9964861713240336]","[0.33216205710800445, 0.33216205710800445, 0.33216205710800445, 0.3321620571080075, 0.3321620571080075, 0.3321620571080075, 0.3321620571080075, 0.3321620571080075, 0.3321620571080075, 0.33216205710800445, 0.33216205710800445, 0.3321620571080075, 0.3321620571080075, 0.3321620571080075, 0.9964861713240225, 0.33216205710800445, 0.33216205710800445, 0.33216205710800445, 0.3321620571080075, 0.3321620571080075, 0.3321620571080075, 0.332162057108, 0.9964861713245349, 0.3321620571062943, 0.3321620571080075, 0.3321620571080075, 0.3321620571080075, 0.33216205710800445, 0.9964861713240336]","['3HAD40', '3HAD60', '3HAD80', '3OAR40', '3OAR60', '3OAR80', '3OAS60', '3OAS80', 'EAR40x', 'EAR60x', 'EAR80x', 'FA80ACPHi', 'KAS15']","['ACACT1r', 'ACACT2r', 'ACACT3r', 'ACOAD1f', 'ACOAD2f', 'ACOAD3f', 'ACOATA', 'ECOAH1', 'ECOAH2', 'ECOAH3', 'FACOAE80', 'FADRx2', 'HACD1', 'HACD2', 'HACD3', 'MACPD']",[],ECOAH1,3OAR60,11.625671998780085,1,29,0,-5.0,-0.9964861713217656,iECW_1372,PSL,True,False,-8.86501507738546,0.0,0.0,0.0
98,"['3HAD40', '3HAD60', '3HAD80', '3OAR40', '3OAR60', '3OAR80', 'ACACT1r', 'ACACT2r', 'ACACT3r', '3OAS60', '3OAS80', 'ACOAD1f', 'ACOAD2f', 'ACOAD3f', 'ACOATA', 'EAR40x', 'EAR60x', 'EAR80x', 'ECOAH1', 'ECOAH2', 'ECOAH3', 'FACOAE80', 'FADRx2', 'FA80ACPHi', 'KAS15', 'MACPD']","[0.3321620571080121, 0.3321620571080121, 0.3321620571080121, 0.3321620571080121, 0.3321620571080121, 0.3321620571080121, -0.3321620571078938, -0.3321620571078938, -0.3321620571078938, 0.3321620571080121, 0.3321620571080121, 0.3321620571078938, 0.3321620571078938, 0.3321620571078938, 0.99648617132405, 0.3321620571080121, 0.3321620571080121, 0.3321620571080121, -0.3321620571078938, -0.3321620571078938, -0.3321620571078938, -0.3321620571080121, -0.9964861713224309, 0.3321620571080121, 0.3321620571080121, -0.99648617132405]","[0.3321620571080121, 0.3321620571080121, 0.3321620571080121, 0.3321620571080121, 0.3321620571080121, 0.3321620571080121, 0.3321620571078938, 0.3321620571078938, 0.3321620571078938, 0.3321620571080121, 0.3321620571080121, 0.3321620571078938, 0.3321620571078938, 0.3321620571078938, 0.99648617132405, 0.3321620571080121, 0.3321620571080121, 0.3321620571080121, 0.3321620571078938, 0.3321620571078938, 0.3321620571078938, 0.3321620571080121, 0.9964861713224309, 0.3321620571080121, 0.3321620571080121, 0.99648617132405]","['ACACT1r', 'ACACT2r', 'ACACT3r', 'ACOAD1f', 'ACOAD2f', 'ACOAD3f', 'ACOATA', 'ECOAH1', 'ECOAH2', 'ECOAH3', 'FACOAE80', 'FADRx2', 'MACPD']","['3HAD40', '3HAD60', '3HAD80', '3OAR40', '3OAR60', '3OAR80', '3OAS60', '3OAS80', 'EAR40x', 'EAR60x', 'EAR80x', 'FA80ACPHi', 'KAS15']",[],ECOAH1,3OAR80,11.625671998775903,1,26,0,-8.0,-1.9929723426500328,iECW_1372,PSL,True,False,-8.86501507738546,0.0,0.0,0.0
99,"['3HAD100', '3HAD40', '3HAD60', '3HAD80', '3OAR40', '3OAR60', '3OAR80', '3OAS100', '3OAR100', 'ACACT1r', 'ACACT2r', 'ACACT3r', '3OAS60', '3OAS80', 'ACACT4r', 'ACOAD1f', 'ACOAD2f', 'ACOAD3f', 'ACOAD4f', 'ACOATA', 'EAR100x', 'EAR40x', 'EAR60x', 'EAR80x', 'ECOAH1', 'ECOAH2', 'ECOAH3', 'ECOAH4', 'FADRx2', 'FA100ACPHi', 'FACOAE100', 'KAS15', 'MACPD']","[0.33216205710808006, 0.33216205710808006, 0.33216205710808006, 0.33216205710808006, 0.3321620571081212, 0.3321620571081212, 0.3321620571081212, 0.33216205710808006, 0.3321620571081212, -0.3321620571081212, -0.3321620571081212, -0.3321620571081212, 0.33216205710808006, 0.33216205710808006, -0.3321620571081212, 0.3321620571081212, 0.3321620571081212, 0.3321620571081212, 0.3321620571081212, 1.328648228432371, 0.33216205710808006, 0.33216205710808006, 0.33216205710808006, 0.33216205710808006, -0.3321620571081212, -0.3321620571081212, -0.3321620571081212, -0.3321620571081212, -1.3286482284317613, 0.33216205710808006, -0.33216205710808006, 0.33216205710808006, -1.3286482284323202]","[0.33216205710808006, 0.33216205710808006, 0.33216205710808006, 0.33216205710808006, 0.3321620571081212, 0.3321620571081212, 0.3321620571081212, 0.33216205710808006, 0.3321620571081212, 0.3321620571081212, 0.3321620571081212, 0.3321620571081212, 0.33216205710808006, 0.33216205710808006, 0.3321620571081212, 0.3321620571081212, 0.3321620571081212, 0.3321620571081212, 0.3321620571081212, 1.328648228432371, 0.33216205710808006, 0.33216205710808006, 0.33216205710808006, 0.33216205710808006, 0.3321620571081212, 0.3321620571081212, 0.3321620571081212, 0.3321620571081212, 1.3286482284317613, 0.33216205710808006, 0.33216205710808006, 0.33216205710808006, 1.3286482284323202]","['ACACT1r', 'ACACT2r', 'ACACT3r', 'ACACT4r', 'ACOAD1f', 'ACOAD2f', 'ACOAD3f', 'ACOAD4f', 'ACOATA', 'ECOAH1', 'ECOAH2', 'ECOAH3', 'ECOAH4', 'FADRx2', 'FACOAE100', 'MACPD']","['3HAD100', '3HAD40', '3HAD60', '3HAD80', '3OAR40', '3OAR60', '3OAR80', '3OAS100', '3OAR100', '3OAS60', '3OAS80', 'EAR100x', 'EAR40x', 'EAR60x', 'EAR80x', 'FA100ACPHi', 'KAS15']",[],ECOAH1,3OAS100,15.279454626973873,1,33,0,-11.0,-2.657296456865251,iECW_1372,PSL,True,False,-8.86501507738546,0.0,0.0,0.0
100,"['3HAD100', '3HAD40', '3HAD60', '3HAD80', '3OAR40', '3OAR60', '3OAR80', '3OAS100', '3OAR100', 'ACACT1r', 'ACACT2r', 'ACACT3r', '3OAS60', '3OAS80', 'ACACT4r', 'ACOAD1f', 'ACOAD2f', 'ACOAD3f', 'ACOAD4f', 'ACOATA', 'EAR100x', 'EAR40x', 'EAR60x', 'EAR80x', 'ECOAH1', 'ECOAH2', 'ECOAH3', 'ECOAH4', 'FADRx2', 'FA100ACPHi', 'FACOAE100', 'KAS15', 'MACPD']","[0.33216205710808006, 0.33216205710808006, 0.33216205710808006, 0.33216205710808006, 0.3321620571081212, 0.3321620571081212, 0.3321620571081212, 0.33216205710808006, 0.3321620571081212, -0.3321620571081212, -0.3321620571081212, -0.3321620571081212, 0.33216205710808006, 0.33216205710808006, -0.3321620571081212, 0.3321620571081212, 0.3321620571081212, 0.3321620571081212, 0.3321620571081212, 1.328648228432371, 0.33216205710808006, 0.33216205710808006, 0.33216205710808006, 0.33216205710808006, -0.3321620571081212, -0.3321620571081212, -0.3321620571081212, -0.3321620571081212, -1.3286482284317613, 0.33216205710808006, -0.33216205710808006, 0.33216205710808006, -1.3286482284323202]","[0.33216205710808006, 0.33216205710808006, 0.33216205710808006, 0.33216205710808006, 0.3321620571081212, 0.3321620571081212, 0.3321620571081212, 0.33216205710808006, 0.3321620571081212, 0.3321620571081212, 0.3321620571081212, 0.3321620571081212, 0.33216205710808006, 0.33216205710808006, 0.3321620571081212, 0.3321620571081212, 0.3321620571081212, 0.3321620571081212, 0.3321620571081212, 1.328648228432371, 0.33216205710808006, 0.33216205710808006, 0.33216205710808006, 0.33216205710808006, 0.3321620571081212, 0.3321620571081212, 0.3321620571081212, 0.3321620571081212, 1.3286482284317613, 0.33216205710808006, 0.33216205710808006, 0.33216205710808006, 1.3286482284323202]","['ACACT1r', 'ACACT2r', 'ACACT3r', 'ACACT4r', 'ACOAD1f', 'ACOAD2f', 'ACOAD3f', 'ACOAD4f', 'ACOATA', 'ECOAH1', 'ECOAH2', 'ECOAH3', 'ECOAH4', 'FADRx2', 'FACOAE100', 'MACPD']","['3HAD100', '3HAD40', '3HAD60', '3HAD80', '3OAR40', '3OAR60', '3OAR80', '3OAS100', '3OAR100', '3OAS60', '3OAS80', 'EAR100x', 'EAR40x', 'EAR60x', 'EAR80x', 'FA100ACPHi', 'KAS15']",[],ECOAH1,3OAR100,15.279454626973873,1,33,0,-11.0,-2.657296456865251,iECW_1372,PSL,True,False,-8.86501507738546,0.0,0.0,0.0
101,"['3HAD40', '3HAD60', '3HAD80', '3OAR40', '3OAR60', '3OAR80', 'ACACT1r', 'ACACT2r', 'ACACT3r', '3OAS60', '3OAS80', 'ACOAD1f', 'ACOAD2f', 'ACOAD3f', 'ACOATA', 'EAR40x', 'EAR60x', 'EAR80x', 'ECOAH1', 'ECOAH2', 'ECOAH3', 'FACOAE80', 'FADRx2', 'FA80ACPHi', 'KAS15', 'MACPD']","[0.3321620571080121, 0.3321620571080121, 0.3321620571080121, 0.3321620571080121, 0.3321620571080121, 0.3321620571080121, -0.3321620571078938, -0.3321620571078938, -0.3321620571078938, 0.3321620571080121, 0.3321620571080121, 0.3321620571078938, 0.3321620571078938, 0.3321620571078938, 0.99648617132405, 0.3321620571080121, 0.3321620571080121, 0.3321620571080121, -0.3321620571078938, -0.3321620571078938, -0.3321620571078938, -0.3321620571080121, -0.9964861713224309, 0.3321620571080121, 0.3321620571080121, -0.99648617132405]","[0.3321620571080121, 0.3321620571080121, 0.3321620571080121, 0.3321620571080121, 0.3321620571080121, 0.3321620571080121, 0.3321620571078938, 0.3321620571078938, 0.3321620571078938, 0.3321620571080121, 0.3321620571080121, 0.3321620571078938, 0.3321620571078938, 0.3321620571078938, 0.99648617132405, 0.3321620571080121, 0.3321620571080121, 0.3321620571080121, 0.3321620571078938, 0.3321620571078938, 0.3321620571078938, 0.3321620571080121, 0.9964861713224309, 0.3321620571080121, 0.3321620571080121, 0.99648617132405]","['ACACT1r', 'ACACT2r', 'ACACT3r', 'ACOAD1f', 'ACOAD2f', 'ACOAD3f', 'ACOATA', 'ECOAH1', 'ECOAH2', 'ECOAH3', 'FACOAE80', 'FADRx2', 'MACPD']","['3HAD40', '3HAD60', '3HAD80', '3OAR40', '3OAR60', '3OAR80', '3OAS60', '3OAS80', 'EAR40x', 'EAR60x', 'EAR80x', 'FA80ACPHi', 'KAS15']",[],ECOAH1,3OAS60,11.625671998775903,1,26,0,-8.0,-1.9929723426500328,iECW_1372,PSL,True,False,-8.86501507738546,0.0,0.0,0.0
102,"['3HAD40', '3HAD60', '3HAD80', '3OAR40', '3OAR60', '3OAR80', 'ACACT1r', 'ACACT2r', 'ACACT3r', '3OAS60', '3OAS80', 'ACOAD1f', 'ACOAD2f', 'ACOAD3f', 'ACOATA', 'EAR40x', 'EAR60x', 'EAR80x', 'ECOAH1', 'ECOAH2', 'ECOAH3', 'FACOAE80', 'FADRx2', 'FA80ACPHi', 'HACD1', 'HACD2', 'HACD3', 'KAS15', 'MACPD']","[0.33216205710800445, 0.33216205710800445, 0.33216205710800445, 0.3321620571080075, 0.3321620571080075, 0.3321620571080075, -0.3321620571080075, -0.3321620571080075, -0.3321620571080075, 0.33216205710800445, 0.33216205710800445, 0.3321620571080075, 0.3321620571080075, 0.3321620571080075, 0.9964861713240225, 0.33216205710800445, 0.33216205710800445, 0.33216205710800445, -0.3321620571080075, -0.3321620571080075, -0.3321620571080075, -0.332162057108, -0.9964861713245349, 0.3321620571062943, -0.3321620571080075, -0.3321620571080075, -0.3321620571080075, 0.33216205710800445, -0.9964861713240336]","[0.33216205710800445, 0.33216205710800445, 0.33216205710800445, 0.3321620571080075, 0.3321620571080075, 0.3321620571080075, 0.3321620571080075, 0.3321620571080075, 0.3321620571080075, 0.33216205710800445, 0.33216205710800445, 0.3321620571080075, 0.3321620571080075, 0.3321620571080075, 0.9964861713240225, 0.33216205710800445, 0.33216205710800445, 0.33216205710800445, 0.3321620571080075, 0.3321620571080075, 0.3321620571080075, 0.332162057108, 0.9964861713245349, 0.3321620571062943, 0.3321620571080075, 0.3321620571080075, 0.3321620571080075, 0.33216205710800445, 0.9964861713240336]","['3HAD40', '3HAD60', '3HAD80', '3OAR40', '3OAR60', '3OAR80', '3OAS60', '3OAS80', 'EAR40x', 'EAR60x', 'EAR80x', 'FA80ACPHi', 'KAS15']","['ACACT1r', 'ACACT2r', 'ACACT3r', 'ACOAD1f', 'ACOAD2f', 'ACOAD3f', 'ACOATA', 'ECOAH1', 'ECOAH2', 'ECOAH3', 'FACOAE80', 'FADRx2', 'HACD1', 'HACD2', 'HACD3', 'MACPD']",[],ECOAH1,3OAS80,11.625671998780085,1,29,0,-5.0,-0.9964861713217656,iECW_1372,PSL,True,False,-8.86501507738546,0.0,0.0,0.0
103,"['3HAD160', '3OAR160', '3OAS160', 'ACACT7r', 'AACPS1', 'AACPS3', 'ACOAD7f', 'ACOATA', 'EAR160x', 'FACOAE140', 'FACOAE160', 'ECOAH7', 'FADRx2', 'HACD7', 'MACPD']","[0.1191221170748, 0.11912211707476672, 0.1191221170748, -0.11912211707476672, 0.1191221170748, -0.1191221170748, 0.11912211707476672, 0.11912211707476672, 0.1191221170748, 0.11912211707613882, -0.1191221170748, -0.11912211707476672, -0.11912211707456821, -0.11912211707476672, -0.11912211707480001]","[0.1191221170748, 0.11912211707476672, 0.1191221170748, 0.11912211707476672, 0.1191221170748, 0.1191221170748, 0.11912211707476672, 0.11912211707476672, 0.1191221170748, 0.11912211707613882, 0.1191221170748, 0.11912211707476672, 0.11912211707456821, 0.11912211707476672, 0.11912211707480001]","['ACOAD7f', 'ACOATA', 'FACOAE160', 'FADRx2', 'MACPD']","['3HAD160', '3OAR160', '3OAS160', 'AACPS1', 'EAR160x']","['ACACT7r', 'AACPS3', 'FACOAE140', 'ECOAH7', 'HACD7']",FACOAE160,3HAD160,1.7868317561219997,1,15,5,1.0,0.11912211707637056,iECW_1372,PSL,False,False,0.0,0.0,0.31771780740961,0.0
104,"['3HAD160', '3OAR160', '3OAS160', 'ACACT7r', 'AACPS1', 'AACPS3', 'ACOAD7f', 'ACOATA', 'EAR160x', 'FACOAE140', 'FACOAE160', 'ECOAH7', 'FADRx2', 'HACD7', 'MACPD']","[0.1191221170748, 0.11912211707476672, 0.1191221170748, -0.11912211707476672, 0.1191221170748, -0.1191221170748, 0.11912211707476672, 0.11912211707476672, 0.1191221170748, 0.11912211707613882, -0.1191221170748, -0.11912211707476672, -0.11912211707456821, -0.11912211707476672, -0.11912211707480001]","[0.1191221170748, 0.11912211707476672, 0.1191221170748, 0.11912211707476672, 0.1191221170748, 0.1191221170748, 0.11912211707476672, 0.11912211707476672, 0.1191221170748, 0.11912211707613882, 0.1191221170748, 0.11912211707476672, 0.11912211707456821, 0.11912211707476672, 0.11912211707480001]","['ACOAD7f', 'ACOATA', 'FACOAE160', 'FADRx2', 'MACPD']","['3HAD160', '3OAR160', '3OAS160', 'AACPS1', 'EAR160x']","['ACACT7r', 'AACPS3', 'FACOAE140', 'ECOAH7', 'HACD7']",FACOAE160,3OAR160,1.7868317561219997,1,15,5,1.0,0.11912211707637056,iECW_1372,PSL,False,False,0.0,0.0,0.31771780740961,19.6708458129551
105,"['3HAD160', '3OAR160', '3OAS160', 'ACACT7r', 'AACPS1', 'AACPS3', 'ACOAD7f', 'ACOATA', 'EAR160x', 'FACOAE140', 'FACOAE160', 'ECOAH7', 'FADRx2', 'HACD7', 'MACPD']","[0.1191221170748, 0.11912211707476672, 0.1191221170748, -0.11912211707476672, 0.1191221170748, -0.1191221170748, 0.11912211707476672, 0.11912211707476672, 0.1191221170748, 0.11912211707613882, -0.1191221170748, -0.11912211707476672, -0.11912211707456821, -0.11912211707476672, -0.11912211707480001]","[0.1191221170748, 0.11912211707476672, 0.1191221170748, 0.11912211707476672, 0.1191221170748, 0.1191221170748, 0.11912211707476672, 0.11912211707476672, 0.1191221170748, 0.11912211707613882, 0.1191221170748, 0.11912211707476672, 0.11912211707456821, 0.11912211707476672, 0.11912211707480001]","['ACOAD7f', 'ACOATA', 'FACOAE160', 'FADRx2', 'MACPD']","['3HAD160', '3OAR160', '3OAS160', 'AACPS1', 'EAR160x']","['ACACT7r', 'AACPS3', 'FACOAE140', 'ECOAH7', 'HACD7']",FACOAE160,3OAS160,1.7868317561219997,1,15,5,1.0,0.11912211707637056,iECW_1372,PSL,False,False,0.0,0.0,0.31771780740961,0.0
106,"['3HAD161', '3OAR161', '3OAS161', 'ACACT7r', 'AACPS2', 'AACPS4', 'ACOAD6f', 'ACOATA', 'CTECOAI6_copy1', 'CTECOAI7_copy1', 'EAR161x', 'FACOAE141', 'FACOAE161', 'ECOAH7', 'FADRx2', 'HACD7', 'MACPD']","[0.14040259055479998, 0.14040259055479998, 0.14040259055479998, -0.1404025905548, 0.14040259055479998, -0.1404025905549543, 0.1404025905548, 0.14040259055479998, -0.14040259055479998, 0.14040259055479998, 0.14040259055479998, 0.14040259055479998, -0.14040259055479998, -0.1404025905548, -0.14040259055440674, -0.1404025905548, -0.14040259055479998]","[0.14040259055479998, 0.14040259055479998, 0.14040259055479998, 0.1404025905548, 0.14040259055479998, 0.1404025905549543, 0.1404025905548, 0.14040259055479998, 0.14040259055479998, 0.14040259055479998, 0.14040259055479998, 0.14040259055479998, 0.14040259055479998, 0.1404025905548, 0.14040259055440674, 0.1404025905548, 0.14040259055479998]","['ACOATA', 'CTECOAI7_copy1', 'FACOAE161', 'FADRx2', 'MACPD']","['3HAD161', '3OAR161', '3OAS161', 'AACPS2', 'CTECOAI6_copy1', 'EAR161x', 'FACOAE141']","['ACACT7r', 'AACPS4', 'ACOAD6f', 'ECOAH7', 'HACD7']",FACOAE161,3HAD161,2.3868440394316,1,17,5,1.0,0.1404025905550389,iECW_1372,PSL,False,False,0.0,0.0,0.0,0.0
107,"['3HAD161', '3OAR161', '3OAS161', 'ACACT7r', 'AACPS2', 'AACPS4', 'ACOAD6f', 'ACOATA', 'CTECOAI6_copy1', 'CTECOAI7_copy1', 'EAR161x', 'FACOAE141', 'FACOAE161', 'ECOAH7', 'FADRx2', 'HACD7', 'MACPD']","[0.14040259055479998, 0.14040259055479998, 0.14040259055479998, -0.1404025905548, 0.14040259055479998, -0.1404025905549543, 0.1404025905548, 0.14040259055479998, -0.14040259055479998, 0.14040259055479998, 0.14040259055479998, 0.14040259055479998, -0.14040259055479998, -0.1404025905548, -0.14040259055440674, -0.1404025905548, -0.14040259055479998]","[0.14040259055479998, 0.14040259055479998, 0.14040259055479998, 0.1404025905548, 0.14040259055479998, 0.1404025905549543, 0.1404025905548, 0.14040259055479998, 0.14040259055479998, 0.14040259055479998, 0.14040259055479998, 0.14040259055479998, 0.14040259055479998, 0.1404025905548, 0.14040259055440674, 0.1404025905548, 0.14040259055479998]","['ACOATA', 'CTECOAI7_copy1', 'FACOAE161', 'FADRx2', 'MACPD']","['3HAD161', '3OAR161', '3OAS161', 'AACPS2', 'CTECOAI6_copy1', 'EAR161x', 'FACOAE141']","['ACACT7r', 'AACPS4', 'ACOAD6f', 'ECOAH7', 'HACD7']",FACOAE161,3OAR161,2.3868440394316,1,17,5,1.0,0.1404025905550389,iECW_1372,PSL,False,False,0.0,0.0,0.0,-2.45619609131609e-05
108,"['3HAD161', '3OAR161', '3OAS161', 'ACACT7r', 'AACPS2', 'AACPS4', 'ACOAD6f', 'ACOATA', 'CTECOAI6_copy1', 'CTECOAI7_copy1', 'EAR161x', 'FACOAE141', 'FACOAE161', 'ECOAH7', 'FADRx2', 'HACD7', 'MACPD']","[0.14040259055479998, 0.14040259055479998, 0.14040259055479998, -0.1404025905548, 0.14040259055479998, -0.1404025905549543, 0.1404025905548, 0.14040259055479998, -0.14040259055479998, 0.14040259055479998, 0.14040259055479998, 0.14040259055479998, -0.14040259055479998, -0.1404025905548, -0.14040259055440674, -0.1404025905548, -0.14040259055479998]","[0.14040259055479998, 0.14040259055479998, 0.14040259055479998, 0.1404025905548, 0.14040259055479998, 0.1404025905549543, 0.1404025905548, 0.14040259055479998, 0.14040259055479998, 0.14040259055479998, 0.14040259055479998, 0.14040259055479998, 0.14040259055479998, 0.1404025905548, 0.14040259055440674, 0.1404025905548, 0.14040259055479998]","['ACOATA', 'CTECOAI7_copy1', 'FACOAE161', 'FADRx2', 'MACPD']","['3HAD161', '3OAR161', '3OAS161', 'AACPS2', 'CTECOAI6_copy1', 'EAR161x', 'FACOAE141']","['ACACT7r', 'AACPS4', 'ACOAD6f', 'ECOAH7', 'HACD7']",FACOAE161,3OAS161,2.3868440394316,1,17,5,1.0,0.1404025905550389,iECW_1372,PSL,False,False,0.0,0.0,0.0,0.0
109,"['3HAD100', '3HAD40', '3HAD60', '3HAD80', '3OAR40', '3OAR60', '3OAR80', '3OAS100', '3OAR100', 'ACACT1r', 'ACACT2r', 'ACACT3r', '3OAS60', '3OAS80', 'ACACT4r', 'ACOAD1f', 'ACOAD2f', 'ACOAD3f', 'ACOAD4f', 'ACOATA', 'EAR100x', 'EAR40x', 'EAR60x', 'EAR80x', 'ECOAH1', 'ECOAH2', 'ECOAH3', 'ECOAH4', 'FADRx2', 'FA100ACPHi', 'FACOAE100', 'KAS15', 'MACPD']","[0.33216205710796537, 0.33216205710796537, 0.33216205710796537, 0.33216205710796537, 0.33216205710796537, 0.33216205710796537, 0.33216205710796537, 0.33216205710796537, 0.33216205710796537, -0.3321620571080075, -0.3321620571080075, -0.3321620571080075, 0.33216205710796537, 0.33216205710796537, -0.3321620571080075, 0.3321620571080075, 0.3321620571080075, 0.3321620571080075, 0.3321620571080075, 1.3286482284330123, 0.33216205710796537, 0.33216205710796537, 0.33216205710796537, 0.33216205710796537, -0.3321620571080075, -0.3321620571080075, -0.3321620571080075, -0.3321620571080075, -1.3286482284320629, 0.33216205710796537, -0.33216205710796537, 0.33216205710796537, -1.3286482284330123]","[0.33216205710796537, 0.33216205710796537, 0.33216205710796537, 0.33216205710796537, 0.33216205710796537, 0.33216205710796537, 0.33216205710796537, 0.33216205710796537, 0.33216205710796537, 0.3321620571080075, 0.3321620571080075, 0.3321620571080075, 0.33216205710796537, 0.33216205710796537, 0.3321620571080075, 0.3321620571080075, 0.3321620571080075, 0.3321620571080075, 0.3321620571080075, 1.3286482284330123, 0.33216205710796537, 0.33216205710796537, 0.33216205710796537, 0.33216205710796537, 0.3321620571080075, 0.3321620571080075, 0.3321620571080075, 0.3321620571080075, 1.3286482284320629, 0.33216205710796537, 0.33216205710796537, 0.33216205710796537, 1.3286482284330123]","['ACACT1r', 'ACACT2r', 'ACACT3r', 'ACACT4r', 'ACOAD1f', 'ACOAD2f', 'ACOAD3f', 'ACOAD4f', 'ACOATA', 'ECOAH1', 'ECOAH2', 'ECOAH3', 'ECOAH4', 'FADRx2', 'FACOAE100', 'MACPD']","['3HAD100', '3HAD40', '3HAD60', '3HAD80', '3OAR40', '3OAR60', '3OAR80', '3OAS100', '3OAR100', '3OAS60', '3OAS80', 'EAR100x', 'EAR40x', 'EAR60x', 'EAR80x', 'FA100ACPHi', 'KAS15']",[],ECOAH2,3HAD100,15.279454626982393,1,33,0,-11.0,-2.657296456863353,iECW_1372,PSL,True,False,-8.86501507738546,0.0,0.0002190926918225,0.0
110,"['3HAD40', '3HAD60', '3HAD80', '3OAR40', '3OAR60', '3OAR80', 'ACACT1r', 'ACACT2r', 'ACACT3r', '3OAS60', '3OAS80', 'ACOAD1f', 'ACOAD2f', 'ACOAD3f', 'ACOATA', 'EAR40x', 'EAR60x', 'EAR80x', 'ECOAH1', 'ECOAH2', 'ECOAH3', 'FACOAE80', 'FADRx2', 'FA80ACPHi', 'KAS15', 'MACPD']","[0.33216205710796776, 0.33216205710796776, 0.33216205710796776, 0.3321620571080075, 0.3321620571080075, 0.3321620571080075, -0.3321620571080075, -0.3321620571080075, -0.3321620571080075, 0.33216205710796776, 0.33216205710796776, 0.3321620571080075, 0.3321620571080075, 0.3321620571080075, 0.9964861713239088, 0.33216205710796776, 0.33216205710796776, 0.33216205710796776, -0.3321620571080075, -0.3321620571080075, -0.3321620571080075, -0.33216205710796776, -0.9964861713237975, 0.33216205710796776, 0.33216205710796776, -0.9964861713239183]","[0.33216205710796776, 0.33216205710796776, 0.33216205710796776, 0.3321620571080075, 0.3321620571080075, 0.3321620571080075, 0.3321620571080075, 0.3321620571080075, 0.3321620571080075, 0.33216205710796776, 0.33216205710796776, 0.3321620571080075, 0.3321620571080075, 0.3321620571080075, 0.9964861713239088, 0.33216205710796776, 0.33216205710796776, 0.33216205710796776, 0.3321620571080075, 0.3321620571080075, 0.3321620571080075, 0.33216205710796776, 0.9964861713237975, 0.33216205710796776, 0.33216205710796776, 0.9964861713239183]","['ACACT1r', 'ACACT2r', 'ACACT3r', 'ACOAD1f', 'ACOAD2f', 'ACOAD3f', 'ACOATA', 'ECOAH1', 'ECOAH2', 'ECOAH3', 'FACOAE80', 'FADRx2', 'MACPD']","['3HAD40', '3HAD60', '3HAD80', '3OAR40', '3OAR60', '3OAR80', '3OAS60', '3OAS80', 'EAR40x', 'EAR60x', 'EAR80x', 'FA80ACPHi', 'KAS15']",[],ECOAH2,3HAD40,11.625671998761073,1,26,0,-8.0,-1.9929723426479033,iECW_1372,PSL,True,False,-8.86501507738546,0.0,0.0002190926918225,0.0
111,"['3HAD40', '3HAD60', '3HAD80', '3OAR40', '3OAR60', '3OAR80', 'ACACT1r', 'ACACT2r', 'ACACT3r', '3OAS60', '3OAS80', 'ACOAD1f', 'ACOAD2f', 'ACOAD3f', 'ACOATA', 'EAR40x', 'EAR60x', 'EAR80x', 'ECOAH1', 'ECOAH2', 'ECOAH3', 'FACOAE80', 'FADRx2', 'FA80ACPHi', 'KAS15', 'MACPD']","[0.33216205710796776, 0.33216205710796776, 0.33216205710796776, 0.3321620571080075, 0.3321620571080075, 0.3321620571080075, -0.3321620571080075, -0.3321620571080075, -0.3321620571080075, 0.33216205710796776, 0.33216205710796776, 0.3321620571080075, 0.3321620571080075, 0.3321620571080075, 0.9964861713239088, 0.33216205710796776, 0.33216205710796776, 0.33216205710796776, -0.3321620571080075, -0.3321620571080075, -0.3321620571080075, -0.33216205710796776, -0.9964861713237975, 0.33216205710796776, 0.33216205710796776, -0.9964861713239183]","[0.33216205710796776, 0.33216205710796776, 0.33216205710796776, 0.3321620571080075, 0.3321620571080075, 0.3321620571080075, 0.3321620571080075, 0.3321620571080075, 0.3321620571080075, 0.33216205710796776, 0.33216205710796776, 0.3321620571080075, 0.3321620571080075, 0.3321620571080075, 0.9964861713239088, 0.33216205710796776, 0.33216205710796776, 0.33216205710796776, 0.3321620571080075, 0.3321620571080075, 0.3321620571080075, 0.33216205710796776, 0.9964861713237975, 0.33216205710796776, 0.33216205710796776, 0.9964861713239183]","['ACACT1r', 'ACACT2r', 'ACACT3r', 'ACOAD1f', 'ACOAD2f', 'ACOAD3f', 'ACOATA', 'ECOAH1', 'ECOAH2', 'ECOAH3', 'FACOAE80', 'FADRx2', 'MACPD']","['3HAD40', '3HAD60', '3HAD80', '3OAR40', '3OAR60', '3OAR80', '3OAS60', '3OAS80', 'EAR40x', 'EAR60x', 'EAR80x', 'FA80ACPHi', 'KAS15']",[],ECOAH2,3HAD60,11.625671998761073,1,26,0,-8.0,-1.9929723426479033,iECW_1372,PSL,True,False,-8.86501507738546,0.0,0.0002190926918225,0.0
112,"['3HAD40', '3HAD60', '3HAD80', '3OAR40', '3OAR60', '3OAR80', 'ACACT1r', 'ACACT2r', 'ACACT3r', '3OAS60', '3OAS80', 'ACOAD1f', 'ACOAD2f', 'ACOAD3f', 'ACOATA', 'EAR40x', 'EAR60x', 'EAR80x', 'ECOAH1', 'ECOAH2', 'ECOAH3', 'FACOAE80', 'FADRx2', 'FA80ACPHi', 'KAS15', 'MACPD']","[0.33216205710796776, 0.33216205710796776, 0.33216205710796776, 0.3321620571080075, 0.3321620571080075, 0.3321620571080075, -0.3321620571080075, -0.3321620571080075, -0.3321620571080075, 0.33216205710796776, 0.33216205710796776, 0.3321620571080075, 0.3321620571080075, 0.3321620571080075, 0.9964861713239088, 0.33216205710796776, 0.33216205710796776, 0.33216205710796776, -0.3321620571080075, -0.3321620571080075, -0.3321620571080075, -0.33216205710796776, -0.9964861713237975, 0.33216205710796776, 0.33216205710796776, -0.9964861713239183]","[0.33216205710796776, 0.33216205710796776, 0.33216205710796776, 0.3321620571080075, 0.3321620571080075, 0.3321620571080075, 0.3321620571080075, 0.3321620571080075, 0.3321620571080075, 0.33216205710796776, 0.33216205710796776, 0.3321620571080075, 0.3321620571080075, 0.3321620571080075, 0.9964861713239088, 0.33216205710796776, 0.33216205710796776, 0.33216205710796776, 0.3321620571080075, 0.3321620571080075, 0.3321620571080075, 0.33216205710796776, 0.9964861713237975, 0.33216205710796776, 0.33216205710796776, 0.9964861713239183]","['ACACT1r', 'ACACT2r', 'ACACT3r', 'ACOAD1f', 'ACOAD2f', 'ACOAD3f', 'ACOATA', 'ECOAH1', 'ECOAH2', 'ECOAH3', 'FACOAE80', 'FADRx2', 'MACPD']","['3HAD40', '3HAD60', '3HAD80', '3OAR40', '3OAR60', '3OAR80', '3OAS60', '3OAS80', 'EAR40x', 'EAR60x', 'EAR80x', 'FA80ACPHi', 'KAS15']",[],ECOAH2,3HAD80,11.625671998761073,1,26,0,-8.0,-1.9929723426479033,iECW_1372,PSL,True,False,-8.86501507738546,0.0,0.0002190926918225,-0.0051138002733068
113,"['3HAD40', '3HAD60', '3HAD80', '3OAR40', '3OAR60', '3OAR80', 'ACACT1r', 'ACACT2r', 'ACACT3r', '3OAS60', '3OAS80', 'ACOAD1f', 'ACOAD2f', 'ACOAD3f', 'ACOATA', 'EAR40x', 'EAR60x', 'EAR80x', 'ECOAH1', 'ECOAH2', 'ECOAH3', 'FACOAE80', 'FADRx2', 'FA80ACPHi', 'KAS15', 'MACPD']","[0.33216205710796776, 0.33216205710796776, 0.33216205710796776, 0.3321620571080075, 0.3321620571080075, 0.3321620571080075, -0.3321620571080075, -0.3321620571080075, -0.3321620571080075, 0.33216205710796776, 0.33216205710796776, 0.3321620571080075, 0.3321620571080075, 0.3321620571080075, 0.9964861713239088, 0.33216205710796776, 0.33216205710796776, 0.33216205710796776, -0.3321620571080075, -0.3321620571080075, -0.3321620571080075, -0.33216205710796776, -0.9964861713237975, 0.33216205710796776, 0.33216205710796776, -0.9964861713239183]","[0.33216205710796776, 0.33216205710796776, 0.33216205710796776, 0.3321620571080075, 0.3321620571080075, 0.3321620571080075, 0.3321620571080075, 0.3321620571080075, 0.3321620571080075, 0.33216205710796776, 0.33216205710796776, 0.3321620571080075, 0.3321620571080075, 0.3321620571080075, 0.9964861713239088, 0.33216205710796776, 0.33216205710796776, 0.33216205710796776, 0.3321620571080075, 0.3321620571080075, 0.3321620571080075, 0.33216205710796776, 0.9964861713237975, 0.33216205710796776, 0.33216205710796776, 0.9964861713239183]","['ACACT1r', 'ACACT2r', 'ACACT3r', 'ACOAD1f', 'ACOAD2f', 'ACOAD3f', 'ACOATA', 'ECOAH1', 'ECOAH2', 'ECOAH3', 'FACOAE80', 'FADRx2', 'MACPD']","['3HAD40', '3HAD60', '3HAD80', '3OAR40', '3OAR60', '3OAR80', '3OAS60', '3OAS80', 'EAR40x', 'EAR60x', 'EAR80x', 'FA80ACPHi', 'KAS15']",[],ECOAH2,3OAR40,11.625671998761073,1,26,0,-8.0,-1.9929723426479033,iECW_1372,PSL,True,False,-8.86501507738546,0.0,0.0002190926918225,0.0
114,"['3HAD40', '3HAD60', '3HAD80', '3OAR40', '3OAR60', '3OAR80', 'ACACT1r', 'ACACT2r', 'ACACT3r', '3OAS60', '3OAS80', 'ACOAD1f', 'ACOAD2f', 'ACOAD3f', 'ACOATA', 'EAR40x', 'EAR60x', 'EAR80x', 'ECOAH1', 'ECOAH2', 'ECOAH3', 'FACOAE80', 'FADRx2', 'FA80ACPHi', 'KAS15', 'MACPD']","[0.33216205710796776, 0.33216205710796776, 0.33216205710796776, 0.3321620571080075, 0.3321620571080075, 0.3321620571080075, -0.3321620571080075, -0.3321620571080075, -0.3321620571080075, 0.33216205710796776, 0.33216205710796776, 0.3321620571080075, 0.3321620571080075, 0.3321620571080075, 0.9964861713239088, 0.33216205710796776, 0.33216205710796776, 0.33216205710796776, -0.3321620571080075, -0.3321620571080075, -0.3321620571080075, -0.33216205710796776, -0.9964861713237975, 0.33216205710796776, 0.33216205710796776, -0.9964861713239183]","[0.33216205710796776, 0.33216205710796776, 0.33216205710796776, 0.3321620571080075, 0.3321620571080075, 0.3321620571080075, 0.3321620571080075, 0.3321620571080075, 0.3321620571080075, 0.33216205710796776, 0.33216205710796776, 0.3321620571080075, 0.3321620571080075, 0.3321620571080075, 0.9964861713239088, 0.33216205710796776, 0.33216205710796776, 0.33216205710796776, 0.3321620571080075, 0.3321620571080075, 0.3321620571080075, 0.33216205710796776, 0.9964861713237975, 0.33216205710796776, 0.33216205710796776, 0.9964861713239183]","['ACACT1r', 'ACACT2r', 'ACACT3r', 'ACOAD1f', 'ACOAD2f', 'ACOAD3f', 'ACOATA', 'ECOAH1', 'ECOAH2', 'ECOAH3', 'FACOAE80', 'FADRx2', 'MACPD']","['3HAD40', '3HAD60', '3HAD80', '3OAR40', '3OAR60', '3OAR80', '3OAS60', '3OAS80', 'EAR40x', 'EAR60x', 'EAR80x', 'FA80ACPHi', 'KAS15']",[],ECOAH2,3OAR60,11.625671998761073,1,26,0,-8.0,-1.9929723426479033,iECW_1372,PSL,True,False,-8.86501507738546,0.0,0.0002190926918225,0.0
115,"['3HAD40', '3HAD60', '3HAD80', '3OAR40', '3OAR60', '3OAR80', 'ACACT1r', 'ACACT2r', 'ACACT3r', '3OAS60', '3OAS80', 'ACOAD1f', 'ACOAD2f', 'ACOAD3f', 'ACOATA', 'EAR40x', 'EAR60x', 'EAR80x', 'ECOAH1', 'ECOAH2', 'ECOAH3', 'FACOAE80', 'FADRx2', 'FA80ACPHi', 'KAS15', 'MACPD']","[0.33216205710796776, 0.33216205710796776, 0.33216205710796776, 0.3321620571080075, 0.3321620571080075, 0.3321620571080075, -0.3321620571080075, -0.3321620571080075, -0.3321620571080075, 0.33216205710796776, 0.33216205710796776, 0.3321620571080075, 0.3321620571080075, 0.3321620571080075, 0.9964861713239088, 0.33216205710796776, 0.33216205710796776, 0.33216205710796776, -0.3321620571080075, -0.3321620571080075, -0.3321620571080075, -0.33216205710796776, -0.9964861713237975, 0.33216205710796776, 0.33216205710796776, -0.9964861713239183]","[0.33216205710796776, 0.33216205710796776, 0.33216205710796776, 0.3321620571080075, 0.3321620571080075, 0.3321620571080075, 0.3321620571080075, 0.3321620571080075, 0.3321620571080075, 0.33216205710796776, 0.33216205710796776, 0.3321620571080075, 0.3321620571080075, 0.3321620571080075, 0.9964861713239088, 0.33216205710796776, 0.33216205710796776, 0.33216205710796776, 0.3321620571080075, 0.3321620571080075, 0.3321620571080075, 0.33216205710796776, 0.9964861713237975, 0.33216205710796776, 0.33216205710796776, 0.9964861713239183]","['ACACT1r', 'ACACT2r', 'ACACT3r', 'ACOAD1f', 'ACOAD2f', 'ACOAD3f', 'ACOATA', 'ECOAH1', 'ECOAH2', 'ECOAH3', 'FACOAE80', 'FADRx2', 'MACPD']","['3HAD40', '3HAD60', '3HAD80', '3OAR40', '3OAR60', '3OAR80', '3OAS60', '3OAS80', 'EAR40x', 'EAR60x', 'EAR80x', 'FA80ACPHi', 'KAS15']",[],ECOAH2,3OAR80,11.625671998761073,1,26,0,-8.0,-1.9929723426479033,iECW_1372,PSL,True,False,-8.86501507738546,0.0,0.0002190926918225,0.0
116,"['3HAD100', '3HAD40', '3HAD60', '3HAD80', '3OAR40', '3OAR60', '3OAR80', '3OAS100', '3OAR100', 'ACACT1r', 'ACACT2r', 'ACACT3r', '3OAS60', '3OAS80', 'ACACT4r', 'ACOAD1f', 'ACOAD2f', 'ACOAD3f', 'ACOAD4f', 'ACOATA', 'EAR100x', 'EAR40x', 'EAR60x', 'EAR80x', 'ECOAH1', 'ECOAH2', 'ECOAH3', 'ECOAH4', 'FADRx2', 'FA100ACPHi', 'FACOAE100', 'KAS15', 'MACPD']","[0.33216205710796537, 0.33216205710796537, 0.33216205710796537, 0.33216205710796537, 0.33216205710796537, 0.33216205710796537, 0.33216205710796537, 0.33216205710796537, 0.33216205710796537, -0.3321620571080075, -0.3321620571080075, -0.3321620571080075, 0.33216205710796537, 0.33216205710796537, -0.3321620571080075, 0.3321620571080075, 0.3321620571080075, 0.3321620571080075, 0.3321620571080075, 1.3286482284330123, 0.33216205710796537, 0.33216205710796537, 0.33216205710796537, 0.33216205710796537, -0.3321620571080075, -0.3321620571080075, -0.3321620571080075, -0.3321620571080075, -1.3286482284320629, 0.33216205710796537, -0.33216205710796537, 0.33216205710796537, -1.3286482284330123]","[0.33216205710796537, 0.33216205710796537, 0.33216205710796537, 0.33216205710796537, 0.33216205710796537, 0.33216205710796537, 0.33216205710796537, 0.33216205710796537, 0.33216205710796537, 0.3321620571080075, 0.3321620571080075, 0.3321620571080075, 0.33216205710796537, 0.33216205710796537, 0.3321620571080075, 0.3321620571080075, 0.3321620571080075, 0.3321620571080075, 0.3321620571080075, 1.3286482284330123, 0.33216205710796537, 0.33216205710796537, 0.33216205710796537, 0.33216205710796537, 0.3321620571080075, 0.3321620571080075, 0.3321620571080075, 0.3321620571080075, 1.3286482284320629, 0.33216205710796537, 0.33216205710796537, 0.33216205710796537, 1.3286482284330123]","['ACACT1r', 'ACACT2r', 'ACACT3r', 'ACACT4r', 'ACOAD1f', 'ACOAD2f', 'ACOAD3f', 'ACOAD4f', 'ACOATA', 'ECOAH1', 'ECOAH2', 'ECOAH3', 'ECOAH4', 'FADRx2', 'FACOAE100', 'MACPD']","['3HAD100', '3HAD40', '3HAD60', '3HAD80', '3OAR40', '3OAR60', '3OAR80', '3OAS100', '3OAR100', '3OAS60', '3OAS80', 'EAR100x', 'EAR40x', 'EAR60x', 'EAR80x', 'FA100ACPHi', 'KAS15']",[],ECOAH2,3OAS100,15.279454626982393,1,33,0,-11.0,-2.657296456863353,iECW_1372,PSL,True,False,-8.86501507738546,0.0,0.0002190926918225,0.0
117,"['3HAD100', '3HAD40', '3HAD60', '3HAD80', '3OAR40', '3OAR60', '3OAR80', '3OAS100', '3OAR100', 'ACACT1r', 'ACACT2r', 'ACACT3r', '3OAS60', '3OAS80', 'ACACT4r', 'ACOAD1f', 'ACOAD2f', 'ACOAD3f', 'ACOAD4f', 'ACOATA', 'EAR100x', 'EAR40x', 'EAR60x', 'EAR80x', 'ECOAH1', 'ECOAH2', 'ECOAH3', 'ECOAH4', 'FADRx2', 'FA100ACPHi', 'FACOAE100', 'KAS15', 'MACPD']","[0.33216205710796537, 0.33216205710796537, 0.33216205710796537, 0.33216205710796537, 0.33216205710796537, 0.33216205710796537, 0.33216205710796537, 0.33216205710796537, 0.33216205710796537, -0.3321620571080075, -0.3321620571080075, -0.3321620571080075, 0.33216205710796537, 0.33216205710796537, -0.3321620571080075, 0.3321620571080075, 0.3321620571080075, 0.3321620571080075, 0.3321620571080075, 1.3286482284330123, 0.33216205710796537, 0.33216205710796537, 0.33216205710796537, 0.33216205710796537, -0.3321620571080075, -0.3321620571080075, -0.3321620571080075, -0.3321620571080075, -1.3286482284320629, 0.33216205710796537, -0.33216205710796537, 0.33216205710796537, -1.3286482284330123]","[0.33216205710796537, 0.33216205710796537, 0.33216205710796537, 0.33216205710796537, 0.33216205710796537, 0.33216205710796537, 0.33216205710796537, 0.33216205710796537, 0.33216205710796537, 0.3321620571080075, 0.3321620571080075, 0.3321620571080075, 0.33216205710796537, 0.33216205710796537, 0.3321620571080075, 0.3321620571080075, 0.3321620571080075, 0.3321620571080075, 0.3321620571080075, 1.3286482284330123, 0.33216205710796537, 0.33216205710796537, 0.33216205710796537, 0.33216205710796537, 0.3321620571080075, 0.3321620571080075, 0.3321620571080075, 0.3321620571080075, 1.3286482284320629, 0.33216205710796537, 0.33216205710796537, 0.33216205710796537, 1.3286482284330123]","['ACACT1r', 'ACACT2r', 'ACACT3r', 'ACACT4r', 'ACOAD1f', 'ACOAD2f', 'ACOAD3f', 'ACOAD4f', 'ACOATA', 'ECOAH1', 'ECOAH2', 'ECOAH3', 'ECOAH4', 'FADRx2', 'FACOAE100', 'MACPD']","['3HAD100', '3HAD40', '3HAD60', '3HAD80', '3OAR40', '3OAR60', '3OAR80', '3OAS100', '3OAR100', '3OAS60', '3OAS80', 'EAR100x', 'EAR40x', 'EAR60x', 'EAR80x', 'FA100ACPHi', 'KAS15']",[],ECOAH2,3OAR100,15.279454626982393,1,33,0,-11.0,-2.657296456863353,iECW_1372,PSL,True,False,-8.86501507738546,0.0,0.0002190926918225,0.0
118,"['3HAD40', '3HAD60', '3HAD80', '3OAR40', '3OAR60', '3OAR80', 'ACACT1r', 'ACACT2r', 'ACACT3r', '3OAS60', '3OAS80', 'ACOAD1f', 'ACOAD2f', 'ACOAD3f', 'ACOATA', 'EAR40x', 'EAR60x', 'EAR80x', 'ECOAH1', 'ECOAH2', 'ECOAH3', 'FACOAE80', 'FADRx2', 'FA80ACPHi', 'KAS15', 'MACPD']","[0.33216205710796776, 0.33216205710796776, 0.33216205710796776, 0.3321620571080075, 0.3321620571080075, 0.3321620571080075, -0.3321620571080075, -0.3321620571080075, -0.3321620571080075, 0.33216205710796776, 0.33216205710796776, 0.3321620571080075, 0.3321620571080075, 0.3321620571080075, 0.9964861713239088, 0.33216205710796776, 0.33216205710796776, 0.33216205710796776, -0.3321620571080075, -0.3321620571080075, -0.3321620571080075, -0.33216205710796776, -0.9964861713237975, 0.33216205710796776, 0.33216205710796776, -0.9964861713239183]","[0.33216205710796776, 0.33216205710796776, 0.33216205710796776, 0.3321620571080075, 0.3321620571080075, 0.3321620571080075, 0.3321620571080075, 0.3321620571080075, 0.3321620571080075, 0.33216205710796776, 0.33216205710796776, 0.3321620571080075, 0.3321620571080075, 0.3321620571080075, 0.9964861713239088, 0.33216205710796776, 0.33216205710796776, 0.33216205710796776, 0.3321620571080075, 0.3321620571080075, 0.3321620571080075, 0.33216205710796776, 0.9964861713237975, 0.33216205710796776, 0.33216205710796776, 0.9964861713239183]","['ACACT1r', 'ACACT2r', 'ACACT3r', 'ACOAD1f', 'ACOAD2f', 'ACOAD3f', 'ACOATA', 'ECOAH1', 'ECOAH2', 'ECOAH3', 'FACOAE80', 'FADRx2', 'MACPD']","['3HAD40', '3HAD60', '3HAD80', '3OAR40', '3OAR60', '3OAR80', '3OAS60', '3OAS80', 'EAR40x', 'EAR60x', 'EAR80x', 'FA80ACPHi', 'KAS15']",[],ECOAH2,3OAS60,11.625671998761073,1,26,0,-8.0,-1.9929723426479033,iECW_1372,PSL,True,False,-8.86501507738546,0.0,0.0002190926918225,0.0
119,"['3HAD40', '3HAD60', '3HAD80', '3OAR40', '3OAR60', '3OAR80', 'ACACT1r', 'ACACT2r', 'ACACT3r', '3OAS60', '3OAS80', 'ACOAD1f', 'ACOAD2f', 'ACOAD3f', 'ACOATA', 'EAR40x', 'EAR60x', 'EAR80x', 'ECOAH1', 'ECOAH2', 'ECOAH3', 'FACOAE80', 'FADRx2', 'FA80ACPHi', 'KAS15', 'MACPD']","[0.33216205710796776, 0.33216205710796776, 0.33216205710796776, 0.3321620571080075, 0.3321620571080075, 0.3321620571080075, -0.3321620571080075, -0.3321620571080075, -0.3321620571080075, 0.33216205710796776, 0.33216205710796776, 0.3321620571080075, 0.3321620571080075, 0.3321620571080075, 0.9964861713239088, 0.33216205710796776, 0.33216205710796776, 0.33216205710796776, -0.3321620571080075, -0.3321620571080075, -0.3321620571080075, -0.33216205710796776, -0.9964861713237975, 0.33216205710796776, 0.33216205710796776, -0.9964861713239183]","[0.33216205710796776, 0.33216205710796776, 0.33216205710796776, 0.3321620571080075, 0.3321620571080075, 0.3321620571080075, 0.3321620571080075, 0.3321620571080075, 0.3321620571080075, 0.33216205710796776, 0.33216205710796776, 0.3321620571080075, 0.3321620571080075, 0.3321620571080075, 0.9964861713239088, 0.33216205710796776, 0.33216205710796776, 0.33216205710796776, 0.3321620571080075, 0.3321620571080075, 0.3321620571080075, 0.33216205710796776, 0.9964861713237975, 0.33216205710796776, 0.33216205710796776, 0.9964861713239183]","['ACACT1r', 'ACACT2r', 'ACACT3r', 'ACOAD1f', 'ACOAD2f', 'ACOAD3f', 'ACOATA', 'ECOAH1', 'ECOAH2', 'ECOAH3', 'FACOAE80', 'FADRx2', 'MACPD']","['3HAD40', '3HAD60', '3HAD80', '3OAR40', '3OAR60', '3OAR80', '3OAS60', '3OAS80', 'EAR40x', 'EAR60x', 'EAR80x', 'FA80ACPHi', 'KAS15']",[],ECOAH2,3OAS80,11.625671998761073,1,26,0,-8.0,-1.9929723426479033,iECW_1372,PSL,True,False,-8.86501507738546,0.0,0.0002190926918225,0.0
120,"['3HAD100', '3HAD40', '3HAD60', '3HAD80', '3OAR40', '3OAR60', '3OAR80', '3OAS100', '3OAR100', 'ACACT1r', 'ACACT2r', 'ACACT3r', '3OAS60', '3OAS80', 'ACACT4r', 'ACOAD1f', 'ACOAD2f', 'ACOAD3f', 'ACOAD4f', 'ACOATA', 'EAR100x', 'EAR40x', 'EAR60x', 'EAR80x', 'ECOAH1', 'ECOAH2', 'ECOAH3', 'ECOAH4', 'FADRx2', 'FA100ACPHi', 'FACOAE100', 'KAS15', 'MACPD']","[0.3321620571080049, 0.3321620571080049, 0.3321620571080049, 0.3321620571080049, 0.3321620571080075, 0.3321620571080075, 0.3321620571080075, 0.3321620571080049, 0.3321620571080075, -0.3321620571080075, -0.3321620571080075, -0.3321620571080075, 0.3321620571080049, 0.3321620571080049, -0.3321620571080075, 0.3321620571080075, 0.3321620571080075, 0.3321620571080075, 0.3321620571080075, 1.32864822843203, 0.3321620571080049, 0.3321620571080049, 0.3321620571080049, 0.3321620571080049, -0.3321620571080075, -0.3321620571080075, -0.3321620571080075, -0.3321620571080075, -1.3286482284323087, 0.3321620571080049, -0.3321620571080049, 0.3321620571080049, -1.3286482284320262]","[0.3321620571080049, 0.3321620571080049, 0.3321620571080049, 0.3321620571080049, 0.3321620571080075, 0.3321620571080075, 0.3321620571080075, 0.3321620571080049, 0.3321620571080075, 0.3321620571080075, 0.3321620571080075, 0.3321620571080075, 0.3321620571080049, 0.3321620571080049, 0.3321620571080075, 0.3321620571080075, 0.3321620571080075, 0.3321620571080075, 0.3321620571080075, 1.32864822843203, 0.3321620571080049, 0.3321620571080049, 0.3321620571080049, 0.3321620571080049, 0.3321620571080075, 0.3321620571080075, 0.3321620571080075, 0.3321620571080075, 1.3286482284323087, 0.3321620571080049, 0.3321620571080049, 0.3321620571080049, 1.3286482284320262]","['ACACT1r', 'ACACT2r', 'ACACT3r', 'ACACT4r', 'ACOAD1f', 'ACOAD2f', 'ACOAD3f', 'ACOAD4f', 'ACOATA', 'ECOAH1', 'ECOAH2', 'ECOAH3', 'ECOAH4', 'FACOAE100', 'MACPD']","['3HAD100', '3HAD40', '3HAD60', '3HAD80', '3OAR40', '3OAR60', '3OAR80', '3OAS100', '3OAR100', '3OAS60', '3OAS80', 'EAR100x', 'EAR40x', 'EAR60x', 'EAR80x', 'FA100ACPHi', 'KAS15']",['FADRx2'],ECOAH3,3HAD100,15.279454626963682,1,33,1,-11.0,-2.6572964568637527,iECW_1372,PSL,True,False,-8.86501507738456,0.0,0.0,0.0
121,"['3HAD40', '3HAD60', '3HAD80', '3OAR40', '3OAR60', '3OAR80', 'ACACT1r', 'ACACT2r', 'ACACT3r', '3OAS60', '3OAS80', 'ACOAD1f', 'ACOAD2f', 'ACOAD3f', 'ACOATA', 'EAR40x', 'EAR60x', 'EAR80x', 'ECOAH1', 'ECOAH2', 'ECOAH3', 'FACOAE80', 'FADRx2', 'FA80ACPHi', 'HACD1', 'HACD3', 'KAS15', 'MACPD', 'HACD2i']","[0.3321620571079981, 0.3321620571079981, 0.3321620571079981, 0.3321620571079981, 0.3321620571079981, 0.3321620571079981, -0.33216205710799857, -0.33216205710799857, -0.33216205710799857, 0.3321620571079981, 0.3321620571079981, 0.33216205710799857, 0.33216205710799857, 0.33216205710799857, 0.9964861713239932, 0.3321620571079981, 0.3321620571079981, 0.3321620571079981, -0.33216205710799857, -0.33216205710799857, -0.33216205710799857, -0.33216205710799857, -0.9964861713231704, 0.33216205710608426, -0.33216205710799857, -0.33216205710799857, 0.3321620571079981, -0.9964861713239932, 0.33216205710799857]","[0.3321620571079981, 0.3321620571079981, 0.3321620571079981, 0.3321620571079981, 0.3321620571079981, 0.3321620571079981, 0.33216205710799857, 0.33216205710799857, 0.33216205710799857, 0.3321620571079981, 0.3321620571079981, 0.33216205710799857, 0.33216205710799857, 0.33216205710799857, 0.9964861713239932, 0.3321620571079981, 0.3321620571079981, 0.3321620571079981, 0.33216205710799857, 0.33216205710799857, 0.33216205710799857, 0.33216205710799857, 0.9964861713231704, 0.33216205710608426, 0.33216205710799857, 0.33216205710799857, 0.3321620571079981, 0.9964861713239932, 0.33216205710799857]","['3HAD40', '3HAD60', '3HAD80', '3OAR40', '3OAR60', '3OAR80', '3OAS60', '3OAS80', 'EAR40x', 'EAR60x', 'EAR80x', 'FA80ACPHi', 'KAS15', 'HACD2i']","['ACACT1r', 'ACACT2r', 'ACACT3r', 'ACOAD1f', 'ACOAD2f', 'ACOAD3f', 'ACOATA', 'ECOAH1', 'ECOAH2', 'ECOAH3', 'FACOAE80', 'FADRx2', 'HACD1', 'HACD3', 'MACPD']",[],ECOAH3,3HAD40,11.625671998779728,1,29,0,-7.0,-1.6608102855388984,iECW_1372,PSL,True,False,-8.86501507738456,0.0,0.0,0.0
122,"['3HAD40', '3HAD60', '3HAD80', '3OAR40', '3OAR60', '3OAR80', 'ACACT1r', 'ACACT2r', 'ACACT3r', '3OAS60', '3OAS80', 'ACOAD1f', 'ACOAD2f', 'ACOAD3f', 'ACOATA', 'EAR40x', 'EAR60x', 'EAR80x', 'ECOAH1', 'ECOAH2', 'ECOAH3', 'FACOAE80', 'FADRx2', 'FA80ACPHi', 'HACD1', 'HACD3', 'KAS15', 'MACPD', 'HACD2i']","[0.3321620571079981, 0.3321620571079981, 0.3321620571079981, 0.3321620571079981, 0.3321620571079981, 0.3321620571079981, -0.33216205710799857, -0.33216205710799857, -0.33216205710799857, 0.3321620571079981, 0.3321620571079981, 0.33216205710799857, 0.33216205710799857, 0.33216205710799857, 0.9964861713239932, 0.3321620571079981, 0.3321620571079981, 0.3321620571079981, -0.33216205710799857, -0.33216205710799857, -0.33216205710799857, -0.33216205710799857, -0.9964861713231704, 0.33216205710608426, -0.33216205710799857, -0.33216205710799857, 0.3321620571079981, -0.9964861713239932, 0.33216205710799857]","[0.3321620571079981, 0.3321620571079981, 0.3321620571079981, 0.3321620571079981, 0.3321620571079981, 0.3321620571079981, 0.33216205710799857, 0.33216205710799857, 0.33216205710799857, 0.3321620571079981, 0.3321620571079981, 0.33216205710799857, 0.33216205710799857, 0.33216205710799857, 0.9964861713239932, 0.3321620571079981, 0.3321620571079981, 0.3321620571079981, 0.33216205710799857, 0.33216205710799857, 0.33216205710799857, 0.33216205710799857, 0.9964861713231704, 0.33216205710608426, 0.33216205710799857, 0.33216205710799857, 0.3321620571079981, 0.9964861713239932, 0.33216205710799857]","['3HAD40', '3HAD60', '3HAD80', '3OAR40', '3OAR60', '3OAR80', '3OAS60', '3OAS80', 'EAR40x', 'EAR60x', 'EAR80x', 'FA80ACPHi', 'KAS15', 'HACD2i']","['ACACT1r', 'ACACT2r', 'ACACT3r', 'ACOAD1f', 'ACOAD2f', 'ACOAD3f', 'ACOATA', 'ECOAH1', 'ECOAH2', 'ECOAH3', 'FACOAE80', 'FADRx2', 'HACD1', 'HACD3', 'MACPD']",[],ECOAH3,3HAD60,11.625671998779728,1,29,0,-7.0,-1.6608102855388984,iECW_1372,PSL,True,False,-8.86501507738456,0.0,0.0,0.0
123,"['3HAD40', '3HAD60', '3HAD80', '3OAR40', '3OAR60', '3OAR80', 'ACACT1r', 'ACACT2r', 'ACACT3r', '3OAS60', '3OAS80', 'ACOAD1f', 'ACOAD2f', 'ACOAD3f', 'ACOATA', 'EAR40x', 'EAR60x', 'EAR80x', 'ECOAH1', 'ECOAH2', 'ECOAH3', 'FACOAE80', 'FADRx2', 'FA80ACPHi', 'HACD1', 'HACD3', 'KAS15', 'MACPD', 'HACD2i']","[0.3321620571079981, 0.3321620571079981, 0.3321620571079981, 0.3321620571079981, 0.3321620571079981, 0.3321620571079981, -0.33216205710799857, -0.33216205710799857, -0.33216205710799857, 0.3321620571079981, 0.3321620571079981, 0.33216205710799857, 0.33216205710799857, 0.33216205710799857, 0.9964861713239932, 0.3321620571079981, 0.3321620571079981, 0.3321620571079981, -0.33216205710799857, -0.33216205710799857, -0.33216205710799857, -0.33216205710799857, -0.9964861713231704, 0.33216205710608426, -0.33216205710799857, -0.33216205710799857, 0.3321620571079981, -0.9964861713239932, 0.33216205710799857]","[0.3321620571079981, 0.3321620571079981, 0.3321620571079981, 0.3321620571079981, 0.3321620571079981, 0.3321620571079981, 0.33216205710799857, 0.33216205710799857, 0.33216205710799857, 0.3321620571079981, 0.3321620571079981, 0.33216205710799857, 0.33216205710799857, 0.33216205710799857, 0.9964861713239932, 0.3321620571079981, 0.3321620571079981, 0.3321620571079981, 0.33216205710799857, 0.33216205710799857, 0.33216205710799857, 0.33216205710799857, 0.9964861713231704, 0.33216205710608426, 0.33216205710799857, 0.33216205710799857, 0.3321620571079981, 0.9964861713239932, 0.33216205710799857]","['3HAD40', '3HAD60', '3HAD80', '3OAR40', '3OAR60', '3OAR80', '3OAS60', '3OAS80', 'EAR40x', 'EAR60x', 'EAR80x', 'FA80ACPHi', 'KAS15', 'HACD2i']","['ACACT1r', 'ACACT2r', 'ACACT3r', 'ACOAD1f', 'ACOAD2f', 'ACOAD3f', 'ACOATA', 'ECOAH1', 'ECOAH2', 'ECOAH3', 'FACOAE80', 'FADRx2', 'HACD1', 'HACD3', 'MACPD']",[],ECOAH3,3HAD80,11.625671998779728,1,29,0,-7.0,-1.6608102855388984,iECW_1372,PSL,True,False,-8.86501507738456,0.0,0.0,-0.0051138002733068
124,"['3HAD40', '3HAD60', '3HAD80', '3OAR40', '3OAR60', '3OAR80', 'ACACT1r', 'ACACT2r', 'ACACT3r', '3OAS60', '3OAS80', 'ACOAD1f', 'ACOAD2f', 'ACOAD3f', 'ACOATA', 'EAR40x', 'EAR60x', 'EAR80x', 'ECOAH1', 'ECOAH2', 'ECOAH3', 'FACOAE80', 'FADRx2', 'FA80ACPHi', 'HACD1', 'HACD3', 'KAS15', 'MACPD', 'HACD2i']","[0.3321620571079981, 0.3321620571079981, 0.3321620571079981, 0.3321620571079981, 0.3321620571079981, 0.3321620571079981, -0.33216205710799857, -0.33216205710799857, -0.33216205710799857, 0.3321620571079981, 0.3321620571079981, 0.33216205710799857, 0.33216205710799857, 0.33216205710799857, 0.9964861713239932, 0.3321620571079981, 0.3321620571079981, 0.3321620571079981, -0.33216205710799857, -0.33216205710799857, -0.33216205710799857, -0.33216205710799857, -0.9964861713231704, 0.33216205710608426, -0.33216205710799857, -0.33216205710799857, 0.3321620571079981, -0.9964861713239932, 0.33216205710799857]","[0.3321620571079981, 0.3321620571079981, 0.3321620571079981, 0.3321620571079981, 0.3321620571079981, 0.3321620571079981, 0.33216205710799857, 0.33216205710799857, 0.33216205710799857, 0.3321620571079981, 0.3321620571079981, 0.33216205710799857, 0.33216205710799857, 0.33216205710799857, 0.9964861713239932, 0.3321620571079981, 0.3321620571079981, 0.3321620571079981, 0.33216205710799857, 0.33216205710799857, 0.33216205710799857, 0.33216205710799857, 0.9964861713231704, 0.33216205710608426, 0.33216205710799857, 0.33216205710799857, 0.3321620571079981, 0.9964861713239932, 0.33216205710799857]","['3HAD40', '3HAD60', '3HAD80', '3OAR40', '3OAR60', '3OAR80', '3OAS60', '3OAS80', 'EAR40x', 'EAR60x', 'EAR80x', 'FA80ACPHi', 'KAS15', 'HACD2i']","['ACACT1r', 'ACACT2r', 'ACACT3r', 'ACOAD1f', 'ACOAD2f', 'ACOAD3f', 'ACOATA', 'ECOAH1', 'ECOAH2', 'ECOAH3', 'FACOAE80', 'FADRx2', 'HACD1', 'HACD3', 'MACPD']",[],ECOAH3,3OAR40,11.625671998779728,1,29,0,-7.0,-1.6608102855388984,iECW_1372,PSL,True,False,-8.86501507738456,0.0,0.0,0.0
125,"['3HAD40', '3HAD60', '3HAD80', '3OAR40', '3OAR60', '3OAR80', 'ACACT1r', 'ACACT2r', 'ACACT3r', '3OAS60', '3OAS80', 'ACOAD1f', 'ACOAD2f', 'ACOAD3f', 'ACOATA', 'EAR40x', 'EAR60x', 'EAR80x', 'ECOAH1', 'ECOAH2', 'ECOAH3', 'FACOAE80', 'FADRx2', 'FA80ACPHi', 'HACD1', 'HACD3', 'KAS15', 'MACPD', 'HACD2i']","[0.3321620571079981, 0.3321620571079981, 0.3321620571079981, 0.3321620571079981, 0.3321620571079981, 0.3321620571079981, -0.33216205710799857, -0.33216205710799857, -0.33216205710799857, 0.3321620571079981, 0.3321620571079981, 0.33216205710799857, 0.33216205710799857, 0.33216205710799857, 0.9964861713239932, 0.3321620571079981, 0.3321620571079981, 0.3321620571079981, -0.33216205710799857, -0.33216205710799857, -0.33216205710799857, -0.33216205710799857, -0.9964861713231704, 0.33216205710608426, -0.33216205710799857, -0.33216205710799857, 0.3321620571079981, -0.9964861713239932, 0.33216205710799857]","[0.3321620571079981, 0.3321620571079981, 0.3321620571079981, 0.3321620571079981, 0.3321620571079981, 0.3321620571079981, 0.33216205710799857, 0.33216205710799857, 0.33216205710799857, 0.3321620571079981, 0.3321620571079981, 0.33216205710799857, 0.33216205710799857, 0.33216205710799857, 0.9964861713239932, 0.3321620571079981, 0.3321620571079981, 0.3321620571079981, 0.33216205710799857, 0.33216205710799857, 0.33216205710799857, 0.33216205710799857, 0.9964861713231704, 0.33216205710608426, 0.33216205710799857, 0.33216205710799857, 0.3321620571079981, 0.9964861713239932, 0.33216205710799857]","['3HAD40', '3HAD60', '3HAD80', '3OAR40', '3OAR60', '3OAR80', '3OAS60', '3OAS80', 'EAR40x', 'EAR60x', 'EAR80x', 'FA80ACPHi', 'KAS15', 'HACD2i']","['ACACT1r', 'ACACT2r', 'ACACT3r', 'ACOAD1f', 'ACOAD2f', 'ACOAD3f', 'ACOATA', 'ECOAH1', 'ECOAH2', 'ECOAH3', 'FACOAE80', 'FADRx2', 'HACD1', 'HACD3', 'MACPD']",[],ECOAH3,3OAR60,11.625671998779728,1,29,0,-7.0,-1.6608102855388984,iECW_1372,PSL,True,False,-8.86501507738456,0.0,0.0,0.0
126,"['3HAD40', '3HAD60', '3HAD80', '3OAR40', '3OAR60', '3OAR80', 'ACACT1r', 'ACACT2r', 'ACACT3r', '3OAS60', '3OAS80', 'ACOAD1f', 'ACOAD2f', 'ACOAD3f', 'ACOATA', 'EAR40x', 'EAR60x', 'EAR80x', 'ECOAH1', 'ECOAH2', 'ECOAH3', 'FACOAE80', 'FADRx2', 'FA80ACPHi', 'HACD1', 'HACD3', 'KAS15', 'MACPD', 'HACD2i']","[0.3321620571079981, 0.3321620571079981, 0.3321620571079981, 0.3321620571079981, 0.3321620571079981, 0.3321620571079981, -0.33216205710799857, -0.33216205710799857, -0.33216205710799857, 0.3321620571079981, 0.3321620571079981, 0.33216205710799857, 0.33216205710799857, 0.33216205710799857, 0.9964861713239932, 0.3321620571079981, 0.3321620571079981, 0.3321620571079981, -0.33216205710799857, -0.33216205710799857, -0.33216205710799857, -0.33216205710799857, -0.9964861713231704, 0.33216205710608426, -0.33216205710799857, -0.33216205710799857, 0.3321620571079981, -0.9964861713239932, 0.33216205710799857]","[0.3321620571079981, 0.3321620571079981, 0.3321620571079981, 0.3321620571079981, 0.3321620571079981, 0.3321620571079981, 0.33216205710799857, 0.33216205710799857, 0.33216205710799857, 0.3321620571079981, 0.3321620571079981, 0.33216205710799857, 0.33216205710799857, 0.33216205710799857, 0.9964861713239932, 0.3321620571079981, 0.3321620571079981, 0.3321620571079981, 0.33216205710799857, 0.33216205710799857, 0.33216205710799857, 0.33216205710799857, 0.9964861713231704, 0.33216205710608426, 0.33216205710799857, 0.33216205710799857, 0.3321620571079981, 0.9964861713239932, 0.33216205710799857]","['3HAD40', '3HAD60', '3HAD80', '3OAR40', '3OAR60', '3OAR80', '3OAS60', '3OAS80', 'EAR40x', 'EAR60x', 'EAR80x', 'FA80ACPHi', 'KAS15', 'HACD2i']","['ACACT1r', 'ACACT2r', 'ACACT3r', 'ACOAD1f', 'ACOAD2f', 'ACOAD3f', 'ACOATA', 'ECOAH1', 'ECOAH2', 'ECOAH3', 'FACOAE80', 'FADRx2', 'HACD1', 'HACD3', 'MACPD']",[],ECOAH3,3OAR80,11.625671998779728,1,29,0,-7.0,-1.6608102855388984,iECW_1372,PSL,True,False,-8.86501507738456,0.0,0.0,0.0
127,"['3HAD100', '3HAD40', '3HAD60', '3HAD80', '3OAR40', '3OAR60', '3OAR80', '3OAS100', '3OAR100', 'ACACT1r', 'ACACT2r', 'ACACT3r', '3OAS60', '3OAS80', 'ACACT4r', 'ACOAD1f', 'ACOAD2f', 'ACOAD3f', 'ACOAD4f', 'ACOATA', 'EAR100x', 'EAR40x', 'EAR60x', 'EAR80x', 'ECOAH1', 'ECOAH2', 'ECOAH3', 'ECOAH4', 'FADRx2', 'FA100ACPHi', 'FACOAE100', 'KAS15', 'MACPD']","[0.3321620571080049, 0.3321620571080049, 0.3321620571080049, 0.3321620571080049, 0.3321620571080075, 0.3321620571080075, 0.3321620571080075, 0.3321620571080049, 0.3321620571080075, -0.3321620571080075, -0.3321620571080075, -0.3321620571080075, 0.3321620571080049, 0.3321620571080049, -0.3321620571080075, 0.3321620571080075, 0.3321620571080075, 0.3321620571080075, 0.3321620571080075, 1.32864822843203, 0.3321620571080049, 0.3321620571080049, 0.3321620571080049, 0.3321620571080049, -0.3321620571080075, -0.3321620571080075, -0.3321620571080075, -0.3321620571080075, -1.3286482284323087, 0.3321620571080049, -0.3321620571080049, 0.3321620571080049, -1.3286482284320262]","[0.3321620571080049, 0.3321620571080049, 0.3321620571080049, 0.3321620571080049, 0.3321620571080075, 0.3321620571080075, 0.3321620571080075, 0.3321620571080049, 0.3321620571080075, 0.3321620571080075, 0.3321620571080075, 0.3321620571080075, 0.3321620571080049, 0.3321620571080049, 0.3321620571080075, 0.3321620571080075, 0.3321620571080075, 0.3321620571080075, 0.3321620571080075, 1.32864822843203, 0.3321620571080049, 0.3321620571080049, 0.3321620571080049, 0.3321620571080049, 0.3321620571080075, 0.3321620571080075, 0.3321620571080075, 0.3321620571080075, 1.3286482284323087, 0.3321620571080049, 0.3321620571080049, 0.3321620571080049, 1.3286482284320262]","['ACACT1r', 'ACACT2r', 'ACACT3r', 'ACACT4r', 'ACOAD1f', 'ACOAD2f', 'ACOAD3f', 'ACOAD4f', 'ACOATA', 'ECOAH1', 'ECOAH2', 'ECOAH3', 'ECOAH4', 'FACOAE100', 'MACPD']","['3HAD100', '3HAD40', '3HAD60', '3HAD80', '3OAR40', '3OAR60', '3OAR80', '3OAS100', '3OAR100', '3OAS60', '3OAS80', 'EAR100x', 'EAR40x', 'EAR60x', 'EAR80x', 'FA100ACPHi', 'KAS15']",['FADRx2'],ECOAH3,3OAS100,15.279454626963682,1,33,1,-11.0,-2.6572964568637527,iECW_1372,PSL,True,False,-8.86501507738456,0.0,0.0,0.0
128,"['3HAD100', '3HAD40', '3HAD60', '3HAD80', '3OAR40', '3OAR60', '3OAR80', '3OAS100', '3OAR100', 'ACACT1r', 'ACACT2r', 'ACACT3r', '3OAS60', '3OAS80', 'ACACT4r', 'ACOAD1f', 'ACOAD2f', 'ACOAD3f', 'ACOAD4f', 'ACOATA', 'EAR100x', 'EAR40x', 'EAR60x', 'EAR80x', 'ECOAH1', 'ECOAH2', 'ECOAH3', 'ECOAH4', 'FADRx2', 'FA100ACPHi', 'FACOAE100', 'KAS15', 'MACPD']","[0.3321620571080049, 0.3321620571080049, 0.3321620571080049, 0.3321620571080049, 0.3321620571080075, 0.3321620571080075, 0.3321620571080075, 0.3321620571080049, 0.3321620571080075, -0.3321620571080075, -0.3321620571080075, -0.3321620571080075, 0.3321620571080049, 0.3321620571080049, -0.3321620571080075, 0.3321620571080075, 0.3321620571080075, 0.3321620571080075, 0.3321620571080075, 1.32864822843203, 0.3321620571080049, 0.3321620571080049, 0.3321620571080049, 0.3321620571080049, -0.3321620571080075, -0.3321620571080075, -0.3321620571080075, -0.3321620571080075, -1.3286482284323087, 0.3321620571080049, -0.3321620571080049, 0.3321620571080049, -1.3286482284320262]","[0.3321620571080049, 0.3321620571080049, 0.3321620571080049, 0.3321620571080049, 0.3321620571080075, 0.3321620571080075, 0.3321620571080075, 0.3321620571080049, 0.3321620571080075, 0.3321620571080075, 0.3321620571080075, 0.3321620571080075, 0.3321620571080049, 0.3321620571080049, 0.3321620571080075, 0.3321620571080075, 0.3321620571080075, 0.3321620571080075, 0.3321620571080075, 1.32864822843203, 0.3321620571080049, 0.3321620571080049, 0.3321620571080049, 0.3321620571080049, 0.3321620571080075, 0.3321620571080075, 0.3321620571080075, 0.3321620571080075, 1.3286482284323087, 0.3321620571080049, 0.3321620571080049, 0.3321620571080049, 1.3286482284320262]","['ACACT1r', 'ACACT2r', 'ACACT3r', 'ACACT4r', 'ACOAD1f', 'ACOAD2f', 'ACOAD3f', 'ACOAD4f', 'ACOATA', 'ECOAH1', 'ECOAH2', 'ECOAH3', 'ECOAH4', 'FACOAE100', 'MACPD']","['3HAD100', '3HAD40', '3HAD60', '3HAD80', '3OAR40', '3OAR60', '3OAR80', '3OAS100', '3OAR100', '3OAS60', '3OAS80', 'EAR100x', 'EAR40x', 'EAR60x', 'EAR80x', 'FA100ACPHi', 'KAS15']",['FADRx2'],ECOAH3,3OAR100,15.279454626963682,1,33,1,-11.0,-2.6572964568637527,iECW_1372,PSL,True,False,-8.86501507738456,0.0,0.0,0.0
129,"['3HAD40', '3HAD60', '3HAD80', '3OAR40', '3OAR60', '3OAR80', 'ACACT1r', 'ACACT2r', 'ACACT3r', '3OAS60', '3OAS80', 'ACOAD1f', 'ACOAD2f', 'ACOAD3f', 'ACOATA', 'EAR40x', 'EAR60x', 'EAR80x', 'ECOAH1', 'ECOAH2', 'ECOAH3', 'FACOAE80', 'FADRx2', 'FA80ACPHi', 'HACD1', 'HACD3', 'KAS15', 'MACPD', 'HACD2i']","[0.3321620571079981, 0.3321620571079981, 0.3321620571079981, 0.3321620571079981, 0.3321620571079981, 0.3321620571079981, -0.33216205710799857, -0.33216205710799857, -0.33216205710799857, 0.3321620571079981, 0.3321620571079981, 0.33216205710799857, 0.33216205710799857, 0.33216205710799857, 0.9964861713239932, 0.3321620571079981, 0.3321620571079981, 0.3321620571079981, -0.33216205710799857, -0.33216205710799857, -0.33216205710799857, -0.33216205710799857, -0.9964861713231704, 0.33216205710608426, -0.33216205710799857, -0.33216205710799857, 0.3321620571079981, -0.9964861713239932, 0.33216205710799857]","[0.3321620571079981, 0.3321620571079981, 0.3321620571079981, 0.3321620571079981, 0.3321620571079981, 0.3321620571079981, 0.33216205710799857, 0.33216205710799857, 0.33216205710799857, 0.3321620571079981, 0.3321620571079981, 0.33216205710799857, 0.33216205710799857, 0.33216205710799857, 0.9964861713239932, 0.3321620571079981, 0.3321620571079981, 0.3321620571079981, 0.33216205710799857, 0.33216205710799857, 0.33216205710799857, 0.33216205710799857, 0.9964861713231704, 0.33216205710608426, 0.33216205710799857, 0.33216205710799857, 0.3321620571079981, 0.9964861713239932, 0.33216205710799857]","['3HAD40', '3HAD60', '3HAD80', '3OAR40', '3OAR60', '3OAR80', '3OAS60', '3OAS80', 'EAR40x', 'EAR60x', 'EAR80x', 'FA80ACPHi', 'KAS15', 'HACD2i']","['ACACT1r', 'ACACT2r', 'ACACT3r', 'ACOAD1f', 'ACOAD2f', 'ACOAD3f', 'ACOATA', 'ECOAH1', 'ECOAH2', 'ECOAH3', 'FACOAE80', 'FADRx2', 'HACD1', 'HACD3', 'MACPD']",[],ECOAH3,3OAS60,11.625671998779728,1,29,0,-7.0,-1.6608102855388984,iECW_1372,PSL,True,False,-8.86501507738456,0.0,0.0,0.0
130,"['3HAD40', '3HAD60', '3HAD80', '3OAR40', '3OAR60', '3OAR80', 'ACACT1r', 'ACACT2r', 'ACACT3r', '3OAS60', '3OAS80', 'ACOAD1f', 'ACOAD2f', 'ACOAD3f', 'ACOATA', 'EAR40x', 'EAR60x', 'EAR80x', 'ECOAH1', 'ECOAH2', 'ECOAH3', 'FACOAE80', 'FADRx2', 'FA80ACPHi', 'HACD1', 'HACD3', 'KAS15', 'MACPD', 'HACD2i']","[0.3321620571079981, 0.3321620571079981, 0.3321620571079981, 0.3321620571079981, 0.3321620571079981, 0.3321620571079981, -0.33216205710799857, -0.33216205710799857, -0.33216205710799857, 0.3321620571079981, 0.3321620571079981, 0.33216205710799857, 0.33216205710799857, 0.33216205710799857, 0.9964861713239932, 0.3321620571079981, 0.3321620571079981, 0.3321620571079981, -0.33216205710799857, -0.33216205710799857, -0.33216205710799857, -0.33216205710799857, -0.9964861713231704, 0.33216205710608426, -0.33216205710799857, -0.33216205710799857, 0.3321620571079981, -0.9964861713239932, 0.33216205710799857]","[0.3321620571079981, 0.3321620571079981, 0.3321620571079981, 0.3321620571079981, 0.3321620571079981, 0.3321620571079981, 0.33216205710799857, 0.33216205710799857, 0.33216205710799857, 0.3321620571079981, 0.3321620571079981, 0.33216205710799857, 0.33216205710799857, 0.33216205710799857, 0.9964861713239932, 0.3321620571079981, 0.3321620571079981, 0.3321620571079981, 0.33216205710799857, 0.33216205710799857, 0.33216205710799857, 0.33216205710799857, 0.9964861713231704, 0.33216205710608426, 0.33216205710799857, 0.33216205710799857, 0.3321620571079981, 0.9964861713239932, 0.33216205710799857]","['3HAD40', '3HAD60', '3HAD80', '3OAR40', '3OAR60', '3OAR80', '3OAS60', '3OAS80', 'EAR40x', 'EAR60x', 'EAR80x', 'FA80ACPHi', 'KAS15', 'HACD2i']","['ACACT1r', 'ACACT2r', 'ACACT3r', 'ACOAD1f', 'ACOAD2f', 'ACOAD3f', 'ACOATA', 'ECOAH1', 'ECOAH2', 'ECOAH3', 'FACOAE80', 'FADRx2', 'HACD1', 'HACD3', 'MACPD']",[],ECOAH3,3OAS80,11.625671998779728,1,29,0,-7.0,-1.6608102855388984,iECW_1372,PSL,True,False,-8.86501507738456,0.0,0.0,0.0
131,"['3HAD100', '3OAS100', '3OAR100', 'ACACT4r', 'AACPS8', 'AACPS9', 'ACOAD4f', 'ACOATA', 'EAR100x', 'ECOAH4', 'FACOAE80', 'FADRx2', 'FACOAE100', 'HACD4', 'MACPD']","[0.332162057108, 0.332162057108, 0.3321620571080075, -0.3321620571080075, -0.332162057108, 0.332162057108, 0.3321620571080075, 0.33216205710573377, 0.332162057108, -0.3321620571080075, 0.332162057108, -0.33216205711101043, -0.332162057108, -0.3321620571080075, -0.33216205710570246]","[0.332162057108, 0.332162057108, 0.3321620571080075, 0.3321620571080075, 0.332162057108, 0.332162057108, 0.3321620571080075, 0.33216205710573377, 0.332162057108, 0.3321620571080075, 0.332162057108, 0.33216205711101043, 0.332162057108, 0.3321620571080075, 0.33216205710570246]","['3HAD100', '3OAS100', '3OAR100', 'AACPS9', 'EAR100x', 'FACOAE80']","['ACACT4r', 'AACPS8', 'ACOAD4f', 'ACOATA', 'ECOAH4', 'FADRx2', 'FACOAE100', 'HACD4', 'MACPD']",[],ECOAH4,3HAD100,4.982430856619846,1,15,0,-1.0,-0.33216205710501323,iECW_1372,PSL,True,False,-18.5716616014862,0.0,0.0,0.0
132,"['3HAD100', '3OAS100', '3OAR100', 'ACACT4r', 'AACPS8', 'AACPS9', 'ACOAD4f', 'ACOATA', 'EAR100x', 'ECOAH4', 'FACOAE80', 'FADRx2', 'FACOAE100', 'HACD4', 'MACPD']","[0.332162057108, 0.332162057108, 0.3321620571080075, -0.3321620571080075, -0.332162057108, 0.332162057108, 0.3321620571080075, 0.33216205710573377, 0.332162057108, -0.3321620571080075, 0.332162057108, -0.33216205711101043, -0.332162057108, -0.3321620571080075, -0.33216205710570246]","[0.332162057108, 0.332162057108, 0.3321620571080075, 0.3321620571080075, 0.332162057108, 0.332162057108, 0.3321620571080075, 0.33216205710573377, 0.332162057108, 0.3321620571080075, 0.332162057108, 0.33216205711101043, 0.332162057108, 0.3321620571080075, 0.33216205710570246]","['3HAD100', '3OAS100', '3OAR100', 'AACPS9', 'EAR100x', 'FACOAE80']","['ACACT4r', 'AACPS8', 'ACOAD4f', 'ACOATA', 'ECOAH4', 'FADRx2', 'FACOAE100', 'HACD4', 'MACPD']",[],ECOAH4,3OAS100,4.982430856619846,1,15,0,-1.0,-0.33216205710501323,iECW_1372,PSL,True,False,-18.5716616014862,0.0,0.0,0.0
133,"['3HAD100', '3OAS100', '3OAR100', 'ACACT4r', 'AACPS8', 'AACPS9', 'ACOAD4f', 'ACOATA', 'EAR100x', 'ECOAH4', 'FACOAE80', 'FADRx2', 'FACOAE100', 'HACD4', 'MACPD']","[0.332162057108, 0.332162057108, 0.3321620571080075, -0.3321620571080075, -0.332162057108, 0.332162057108, 0.3321620571080075, 0.33216205710573377, 0.332162057108, -0.3321620571080075, 0.332162057108, -0.33216205711101043, -0.332162057108, -0.3321620571080075, -0.33216205710570246]","[0.332162057108, 0.332162057108, 0.3321620571080075, 0.3321620571080075, 0.332162057108, 0.332162057108, 0.3321620571080075, 0.33216205710573377, 0.332162057108, 0.3321620571080075, 0.332162057108, 0.33216205711101043, 0.332162057108, 0.3321620571080075, 0.33216205710570246]","['3HAD100', '3OAS100', '3OAR100', 'AACPS9', 'EAR100x', 'FACOAE80']","['ACACT4r', 'AACPS8', 'ACOAD4f', 'ACOATA', 'ECOAH4', 'FADRx2', 'FACOAE100', 'HACD4', 'MACPD']",[],ECOAH4,3OAR100,4.982430856619846,1,15,0,-1.0,-0.33216205710501323,iECW_1372,PSL,True,False,-18.5716616014862,0.0,0.0,0.0
134,"['DM_4crsol_c', 'DM_5drib_c', 'DM_mththf_c', 'BIOMASS_Ec_iJO1366_core_53p95M', 'EX_ca2_e', 'EX_cl_e', 'EX_cobalt2_e', 'EX_for_e', 'EX_mal__L_e', 'EX_cu2_e', 'EX_mg2_e', 'EX_mn2_e', 'EX_mobd_e', 'EX_ni2_e', 'EX_fe3_e', 'EX_succ_e', 'EX_pi_e', 'EX_so4_e', 'EX_ura_e', 'EX_zn2_e', '12DGR141tipp', '2MAHMP', 'EX_glyclt_e', 'EX_gua_e', '3OAR140', '3OAS140', 'ACACT1r', 'ACACT2r', 'ACACT3r', 'ACACT4r', 'ACACT5r', 'ACACT6r', 'ACACT7r', '3PEPTabcpp', 'ACALD', '5DOAN', 'A5PISO', 'ACGAMK', 'ACHBS', 'ACLS', 'ACM6PH', 'AACTOOR', 'ACOAD1f', 'ACOAD2f', 'ACOAD3f', 'ACOAD4f', 'ACOAD5f', 'ACOAD6f', 'ACOTA', 'ACOAD7f', 'ACOATA', 'ACODA', 'ACONTa', 'EX_indole_e', 'ACONTb', 'ADCL', 'AHCYSNS', 'ADCS', 'ALAALAD', 'ALAALAabcpp', 'ALAGLUE', 'EX_k_e', 'ALCD19', 'ADSL1r', 'ADSS', 'AGDC', 'AGM3PApp', 'AGMH', 'AGMt2pp', 'AGPAT120', 'AMPMS2', 'AMPN', 'ASNt2rpp', 'ANHMK', 'ASP1DC', 'ASPO6', 'AOBUTDs', 'ASPabcpp', 'ATPM', 'ATPPRT', 'CDPMEK', 'BMOCOS', 'BMOGDS1', 'BMOGDS2', 'CHORM', 'CHRPL', 'CA2tex', 'CLt3_2pp', 'CLtex', 'CMPN', 'MLDCP2Bpp', 'COBALT2abcpp', 'COBALT2tex', 'CU2abcpp', 'CU2tex', 'APRAUR', 'CPMPS', 'CYSDS', 'CPPPGO', 'CYSTL', 'CS', 'CSND', 'DAGK141', 'CTECOAI7_copy1', 'DASYN120', 'DALAt2pp', 'DB4PS', 'DAPDC', 'DAPE', 'DMATT', 'DHAD1', 'DNMPPA', 'DNTPPA', 'DHAD2', 'DPCOAK', 'DPR', 'DHDPRy', 'DHDPS', 'DHFR', 'DRPA', 'DHFS', 'DHNPA2r', 'DHPPDA2', 'DHPS2', 'DHPTDCs2', 'DURIPP', 'DXPRIi', 'DXPS', 'E4PD', 'ARGSL', 'ARGSS', 'ECOAH1', 'ECOAH2', 'ECOAH3', 'ECOAH4', 'ECOAH5', 'ECOAH6', 'ECOAH7', 'FACOAL120t2pp', 'FACOAL160t2pp', 'ASNNpp', 'FACOAL161t2pp', 'FE3abcpp', 'FBA3', 'ETHAAL', 'ETHAt2pp', 'FE3tex', 'FCLT', 'FDH5pp', 'FUM', 'G1SAT', 'G3PAT120', 'G3PD5', 'G3PGabcpp', 'GCALDD', 'G5SADs', 'G6PDA', 'HPPK2', 'GLYCLTt2rpp', 'GLYCLTtex', 'GLYCTO4', 'GLYOX3', 'GLUN', 'GLUTRR', 'GLUTRS', 'GLYAT', 'FEROpp', 'GPDDA2pp', 'GPDDA4', 'GRTT', 'GLYC3Pabcpp', 'GLYCK2', 'GTPCI', 'GTPCII2', 'GUAtex', 'GUAtpp', 'H2SO', 'HSST', 'FMNAT', 'HSTPT', 'I2FE2SS', 'I2FE2SS2', 'I2FE2ST', 'HBZOPT', 'I4FE4SR', 'I4FE4ST', 'ICDHyr', 'ICYSDS', 'IG3PS', 'IGPDH', 'ILETA', 'FORt2pp', 'HISTD', 'FORtex', 'HISTP', 'INDOLEt2rpp', 'INDOLEtex', 'HMBS', 'FRD3', 'IPDPS', 'IPMD', 'IPPMIa', 'IPPMIb', 'IPPS', 'K2L4Aabcpp', 'K2L4Aabctex', 'KARA1', 'KARA2', 'LPADSS', 'KDOCT2', 'KDOPP', 'KDOPS', 'Kt2pp', 'Ktex', 'LPLIPAL1E160pp', 'LADGMDH', 'LPLIPAL1E161pp', 'LPLIPAL1G120pp', 'LPLIPAL1G160pp', 'LPLIPAL1G161pp', 'LALGP', 'LDH_D', 'LDH_D2', 'LEUTAi', 'MDDEP2pp', 'MDH', 'ME2', 'MECDPS', 'MLTGY3pp', 'MEPCT', 'METAT', 'MN2tpp', 'METS', 'MNtex', 'MOADSUx', 'MOAT', 'MOAT2', 'MOBDabcpp', 'MOBDtex', 'MG2t3_2pp', 'MG2tex', 'MOCOS', 'MGSA', 'MOHMT', 'MOX', 'MPTAT', 'MLDCP1App', 'MPTS', 'MPTSS', 'MTHFR2', 'MTHTHFSs', 'NACODA', 'NADPPPS', 'NADS1', 'MACPD', 'NTD1', 'MALS', 'NI2abcpp', 'NI2tex', 'NNATr', 'NNDPR', 'NTD8', 'NTD9', 'NTPTP2', 'NTPP1', 'NTPP4', 'OCBT', 'NTPP7', 'NTPP8', 'OCTDPS', 'PACCOAL', 'OHPBAT', 'PANTS', 'OMCDC', 'PAPA141pp', 'MALt2_3pp', 'OPHBDC', 'OPHHX', 'OPHHX3', 'MALtex', 'PDX5PO2', 'PDX5PS', 'P5CD', 'PERD', 'PA141abcpp', 'PFK_3', 'PFL', 'PGP120abcpp', 'PGP160abcpp', 'PGP161abcpp', 'PGPP120pp', 'PGPP160pp', 'PGPP161pp', 'PGSA120', 'PGSA160', 'PGSA161', 'PLIPA2E160pp', 'PLIPA2E161pp', 'PLIPA2G120pp', 'PRATPP', 'PLIPA2G160pp', 'PLIPA2G161pp', 'PHETA1', 'PItex', 'PMDPHT', 'PNTK', 'PRMICI', 'PPA2', 'PROD2', 'PPBNGS', 'PPC', 'PPCDC', 'PPM2', 'PPNCL2', 'PPND', 'PPNDH', 'PPPGO', 'PPS', 'QULNS', 'PRAMPC', 'PRASCSi_copy1', 'RBFK', 'RBFSa', 'RNTR1c2', 'RNTR3c2', 'RBFSb', 'RHCCE', 'SDPDS', 'SDPTA', 'SHCHD2', 'SHCHF', 'SHSL1', 'SO4t2pp', 'SERD_L', 'SO4tex', 'SUCCt3pp', 'TDP', 'SUCCtex', 'TDSK', 'SUCOAS', 'THDPS', 'THRD', 'THRD_L', 'THZPSN3', 'TRPAS2', 'TMDS', 'TMPPP', 'TYRL', 'TYRTA', 'PTPATi', 'U23GAAT', 'UHGADA', 'UAGAAT', 'UDCPDPS', 'UPP3MT', 'UPP3S', 'UPPDC1', 'URAtex', 'PUNP3', 'ZN2abcpp', 'USHD', 'PUNP4', 'Zn2tex', 'MECDPDH2', 'GLYALDDr', 'DMALRED', 'PHACTE']","[-1.1335945259833554e-05, -1.1437612930325329e-05, -2.2773558190152595e-05, -0.05083383524589036, 0.0002645901124651573, 0.00026459011245485997, 1.270845881147258e-06, -0.8624544978428921, -0.25660581018428275, 3.604118918933629e-05, 0.00044098352075809793, 3.512618015491021e-05, 6.557564746719846e-06, 1.6419328784422586e-05, 0.0008164422278842459, 0.9431166196205792, 0.049035893325206525, 0.012820801586715863, 0.016815578530213315, 1.7334337818848613e-05, 0.04339669264603896, 1.1335945259833554e-05, -0.000624413892899911, 0.022785656642886502, -0.003956092394176158, -0.003956092394176158, -0.018090745287395293, -0.018090745287387577, -0.018090745287387577, -0.018090745287387577, -0.018090745287387577, -0.01413465289317628, -0.014134652893131289, 0.001412570613812801, 0.0061096678243381525, -1.1437612930325329e-05, -0.001978046197088086, 0.001412570613812801, -0.014768703320153231, -0.04444244630593919, 0.001412570613812801, 0.06663121205609301, 0.018090745287387577, 0.018090745287387577, 0.018090745287387577, 0.018090745287387577, 0.018090745287395293, 0.014134652893131289, 0.015036241795099103, 0.006487820724795784, -0.0039450614519278004, -0.015036241795099103, -0.05465613298576544, 0.0028895476968821415, -0.05465613298576544, -3.400783577945808e-05, -2.2773558190152595e-05, -3.400783577945808e-05, 0.0007062853069064005, 0.0007062853069064005, 0.001412570613812801, 0.009922408803151067, -0.005639200679167594, -0.015201197590236248, -0.015201197590236248, 0.002825141227625602, 0.001412570613812801, 0.001412570613812801, 0.001412570613812801, 0.001978046197088079, -1.1335945259833554e-05, 3.421117112054062e-05, -0.012253750155198112, 0.001412570613812801, -2.9280288451381722e-05, -0.00011579947699047466, 0.06663121205609301, 0.012253750155198112, 1.7746009163810315, -0.004815895883525156, -0.00012144203240243819, -6.201727899998621e-06, -6.201727899998621e-06, -6.201727899998621e-06, -0.016438848977156972, -1.1335945259833554e-05, -0.0002645901124651573, -0.00013229505622742999, -0.00026459011245485997, 0.015485460397120255, 0.0007062853069064005, 1.270845881147258e-06, -1.270845881147258e-06, 3.604118918933629e-05, -3.604118918933629e-05, -2.2671890647875208e-05, -1.2403455799997243e-05, 0.012600284409419182, -1.1335945259833554e-05, -0.007823886416530312, -0.05465613298576544, 0.015485460397120255, 0.04339669264603896, 0.007646832168368783, 0.001978046197088079, 0.000706285306906404, -4.5343781295750416e-05, -0.017444189736814997, -0.018856760350627777, -1.4131806198358144e-05, -0.04444244630593919, -3.400783577945808e-05, -3.400783577945808e-05, -0.014768703320153231, -2.9280288451381722e-05, -2.9280288451381722e-05, -0.018856760350627777, -0.018856760350627777, -0.001364125968823425, 0.0027034958598520092, -3.400783577945808e-05, -3.400783577945808e-05, -2.2671890647875208e-05, -3.400783577945808e-05, -2.2773558190152595e-05, 0.0013301181330439733, -0.00012144203240243819, -0.00014411392292210546, -1.1335945259833554e-05, -0.015036241795099103, -0.015036241795099103, -0.018090745287387577, -0.018090745287387577, -0.018090745287387577, -0.018090745287387577, -0.018090745287395293, -0.01413465289317628, -0.01413465289317628, 0.003956092394176158, 0.006487820724762505, 0.012253750155198112, 0.007646832168368783, -0.00039691058559991176, 0.009130502373168406, 0.0034061719644861432, 0.0034061719644861432, -0.0008164422278842459, -1.1335945259833554e-05, 0.6835363981724066, -0.9733427230607076, -0.00018137512415733687, 0.001978046197088079, 0.0014281257673980727, 0.005639200679167594, -3.400783577945808e-05, 0.015036241795099103, 0.004803187424713681, -3.400783577945808e-05, 0.000624413892899911, 0.000624413892899911, 0.0005904060571204529, 0.17576821990876113, 0.0005053391563683007, -0.00018137512415733687, -0.00018137512415733687, 0.031142739157385413, 0.00010488291057108353, 0.0034061719644861432, 0.005639200679167594, -1.4131806198358144e-05, 0.0034061719644861432, 0.005639200679167594, -3.400783577945808e-05, -2.2671890647875208e-05, -0.022785656642886502, -0.022785656642886502, 0.012600284409419182, -0.007823886416530312, -1.1335945388041681e-05, -0.004815895883525156, -1.4538476880324646e-05, -1.3216797163931494e-05, -1.4233473868849268e-06, -1.1335945259833554e-05, -1.3216797163931494e-05, -1.3216797163931494e-05, -0.05465613298576544, -9.175507261883218e-05, -0.004815895883525156, -0.004815895883525156, 0.014768703320153231, 0.17891809967048544, -0.004815895883525156, 0.8624544978428921, -0.004815895883525156, -0.0028895476968821415, -0.0028895476968821415, -2.267189051966711e-05, 0.0005904060571204529, -0.00010731022620407999, -0.022902218627166182, 0.022902218627166182, 0.022902218627166182, -0.022902218627166182, -0.000989023098544043, -0.000989023098544043, 0.04444244630593919, -0.014768703320153231, -0.000989023098544043, -0.001978046197088086, -0.001978046197088086, -0.001978046197088086, -0.009922408803151067, -0.009922408803151067, 0.0023356113942076817, 0.001412570613812801, 0.0010705605702784511, 0.001978046197088079, 0.0009082989681735675, 0.002752855513905937, 0.001412570613812801, 0.004400045918008008, 0.17278074460456594, -0.022902218627166182, 0.0007062853069064005, -0.18132357369872637, -0.31640071984240903, -0.00012144203240243819, 0.0007062853069064005, -0.00012144203240243819, -4.564878405080965e-05, -3.512618015491021e-05, -0.007846659974720421, -3.512618015491021e-05, -2.4806911599994485e-05, -0.000989023098544043, -0.000989023098544043, -6.557564746719846e-06, -6.557564746719846e-06, -0.00044098352075809793, -0.00044098352075809793, -6.201727899998621e-06, 0.10913700785266811, -2.9280288451381722e-05, -0.06651541257910254, -1.2403455799997243e-05, 0.0007062853069064005, -1.2403455799997243e-05, -2.4806911599994485e-05, -0.007846659974720421, -2.2773558190152595e-05, 0.015036241795099103, 2.2722724353037597e-05, -0.00011579947699047466, 0.0039450614519278004, 0.0013301181330439733, 0.0005904060571204529, 1.6419328784422586e-05, -1.6419328784422586e-05, -0.00011579947699047466, -0.00011579947699047466, 0.00137337772683822, 0.010396637651970908, 0.011015641264077374, 0.00137337772683822, 0.015636182717974054, -0.015036241795099103, 0.0013301181330439664, 0.001978046197088086, -1.1335945259833581e-05, 0.007254852465029216, -1.1335945259833554e-05, -2.9280288451381722e-05, -0.022902218627166182, 0.04339669264603896, 0.25660581018428275, -1.1335945259833554e-05, -0.0002081379643, 0.00019680201904016643, 0.25660581018428275, -1.1335945259833554e-05, -1.1335945259833554e-05, 0.026273315245375517, -1.1335945259833554e-05, 0.04339669264603896, 0.009130502373168406, -0.1928266944972017, 0.001978046197088079, 0.0009082989681735675, 0.002752855513905937, 0.001978046197088079, 0.0009082989681735675, 0.002752855513905937, 0.001978046197088079, 0.0009082989681735709, 0.002752855513905937, 0.0023356113942076817, 0.0010705605702784511, 0.001978046197088079, -0.004815895883525156, 0.0009082989681735675, 0.002752855513905937, 0.009417730486829867, -0.049035893325206525, -2.2671890647875208e-05, -2.9280288451381722e-05, -0.004815895883525156, 0.011015641264077374, 0.011237073450276469, -9.068756207866843e-05, 0.27135421012461247, -2.9280288451381722e-05, 0.0027034958598520092, -2.9280288451381722e-05, -0.007021118490327133, -0.009417730486829867, -1.1335945259833554e-05, 0.2307685777319648, -0.00011579947699047466, -0.004815895883525156, 1.1335945259833554e-05, -1.1335945388041681e-05, -4.5343781295750416e-05, -0.0013301181330439664, -0.00137337772683822, -2.2671890647875208e-05, -2.2773558190152595e-05, -0.018856760350627777, 0.018856760350627777, -1.1335945259833554e-05, -1.1335945259833554e-05, -0.007823886416530312, -0.012820801586715863, 0.014630689457460655, -0.012820801586715863, 0.9431166196205792, 1.1335945259833554e-05, -0.9431166196205792, -0.000989023098544043, -0.02668064676715809, -0.018856760350627777, 0.0354884728987076, -0.014768703320153231, -1.1335945259833554e-05, 0.0028895476968821415, -0.0013301181330439664, -1.1335945259833554e-05, -1.1335945259833554e-05, 0.007021118490327133, -2.9280288451381722e-05, -0.001978046197088086, -0.001978046197088086, -0.001978046197088086, -2.795860938524556e-06, -1.1335945259833554e-05, -2.267189051966711e-05, -1.1335945259833554e-05, -0.016815578530213315, 0.021412278916048282, 1.7334337818848613e-05, -0.000989023098544043, 0.00137337772683822, -1.7334337818848613e-05, -0.00012144203240243819, 0.005639200679167594, -0.15190680069906648, 0.007254852465029216]","[1.1335945259833554e-05, 1.1437612930325329e-05, 2.2773558190152595e-05, 0.05083383524589036, 0.0002645901124651573, 0.00026459011245485997, 1.270845881147258e-06, 0.8624544978428921, 0.25660581018428275, 3.604118918933629e-05, 0.00044098352075809793, 3.512618015491021e-05, 6.557564746719846e-06, 1.6419328784422586e-05, 0.0008164422278842459, 0.9431166196205792, 0.049035893325206525, 0.012820801586715863, 0.016815578530213315, 1.7334337818848613e-05, 0.04339669264603896, 1.1335945259833554e-05, 0.000624413892899911, 0.022785656642886502, 0.003956092394176158, 0.003956092394176158, 0.018090745287395293, 0.018090745287387577, 0.018090745287387577, 0.018090745287387577, 0.018090745287387577, 0.01413465289317628, 0.014134652893131289, 0.001412570613812801, 0.0061096678243381525, 1.1437612930325329e-05, 0.001978046197088086, 0.001412570613812801, 0.014768703320153231, 0.04444244630593919, 0.001412570613812801, 0.06663121205609301, 0.018090745287387577, 0.018090745287387577, 0.018090745287387577, 0.018090745287387577, 0.018090745287395293, 0.014134652893131289, 0.015036241795099103, 0.006487820724795784, 0.0039450614519278004, 0.015036241795099103, 0.05465613298576544, 0.0028895476968821415, 0.05465613298576544, 3.400783577945808e-05, 2.2773558190152595e-05, 3.400783577945808e-05, 0.0007062853069064005, 0.0007062853069064005, 0.001412570613812801, 0.009922408803151067, 0.005639200679167594, 0.015201197590236248, 0.015201197590236248, 0.002825141227625602, 0.001412570613812801, 0.001412570613812801, 0.001412570613812801, 0.001978046197088079, 1.1335945259833554e-05, 3.421117112054062e-05, 0.012253750155198112, 0.001412570613812801, 2.9280288451381722e-05, 0.00011579947699047466, 0.06663121205609301, 0.012253750155198112, 1.7746009163810315, 0.004815895883525156, 0.00012144203240243819, 6.201727899998621e-06, 6.201727899998621e-06, 6.201727899998621e-06, 0.016438848977156972, 1.1335945259833554e-05, 0.0002645901124651573, 0.00013229505622742999, 0.00026459011245485997, 0.015485460397120255, 0.0007062853069064005, 1.270845881147258e-06, 1.270845881147258e-06, 3.604118918933629e-05, 3.604118918933629e-05, 2.2671890647875208e-05, 1.2403455799997243e-05, 0.012600284409419182, 1.1335945259833554e-05, 0.007823886416530312, 0.05465613298576544, 0.015485460397120255, 0.04339669264603896, 0.007646832168368783, 0.001978046197088079, 0.000706285306906404, 4.5343781295750416e-05, 0.017444189736814997, 0.018856760350627777, 1.4131806198358144e-05, 0.04444244630593919, 3.400783577945808e-05, 3.400783577945808e-05, 0.014768703320153231, 2.9280288451381722e-05, 2.9280288451381722e-05, 0.018856760350627777, 0.018856760350627777, 0.001364125968823425, 0.0027034958598520092, 3.400783577945808e-05, 3.400783577945808e-05, 2.2671890647875208e-05, 3.400783577945808e-05, 2.2773558190152595e-05, 0.0013301181330439733, 0.00012144203240243819, 0.00014411392292210546, 1.1335945259833554e-05, 0.015036241795099103, 0.015036241795099103, 0.018090745287387577, 0.018090745287387577, 0.018090745287387577, 0.018090745287387577, 0.018090745287395293, 0.01413465289317628, 0.01413465289317628, 0.003956092394176158, 0.006487820724762505, 0.012253750155198112, 0.007646832168368783, 0.00039691058559991176, 0.009130502373168406, 0.0034061719644861432, 0.0034061719644861432, 0.0008164422278842459, 1.1335945259833554e-05, 0.6835363981724066, 0.9733427230607076, 0.00018137512415733687, 0.001978046197088079, 0.0014281257673980727, 0.005639200679167594, 3.400783577945808e-05, 0.015036241795099103, 0.004803187424713681, 3.400783577945808e-05, 0.000624413892899911, 0.000624413892899911, 0.0005904060571204529, 0.17576821990876113, 0.0005053391563683007, 0.00018137512415733687, 0.00018137512415733687, 0.031142739157385413, 0.00010488291057108353, 0.0034061719644861432, 0.005639200679167594, 1.4131806198358144e-05, 0.0034061719644861432, 0.005639200679167594, 3.400783577945808e-05, 2.2671890647875208e-05, 0.022785656642886502, 0.022785656642886502, 0.012600284409419182, 0.007823886416530312, 1.1335945388041681e-05, 0.004815895883525156, 1.4538476880324646e-05, 1.3216797163931494e-05, 1.4233473868849268e-06, 1.1335945259833554e-05, 1.3216797163931494e-05, 1.3216797163931494e-05, 0.05465613298576544, 9.175507261883218e-05, 0.004815895883525156, 0.004815895883525156, 0.014768703320153231, 0.17891809967048544, 0.004815895883525156, 0.8624544978428921, 0.004815895883525156, 0.0028895476968821415, 0.0028895476968821415, 2.267189051966711e-05, 0.0005904060571204529, 0.00010731022620407999, 0.022902218627166182, 0.022902218627166182, 0.022902218627166182, 0.022902218627166182, 0.000989023098544043, 0.000989023098544043, 0.04444244630593919, 0.014768703320153231, 0.000989023098544043, 0.001978046197088086, 0.001978046197088086, 0.001978046197088086, 0.009922408803151067, 0.009922408803151067, 0.0023356113942076817, 0.001412570613812801, 0.0010705605702784511, 0.001978046197088079, 0.0009082989681735675, 0.002752855513905937, 0.001412570613812801, 0.004400045918008008, 0.17278074460456594, 0.022902218627166182, 0.0007062853069064005, 0.18132357369872637, 0.31640071984240903, 0.00012144203240243819, 0.0007062853069064005, 0.00012144203240243819, 4.564878405080965e-05, 3.512618015491021e-05, 0.007846659974720421, 3.512618015491021e-05, 2.4806911599994485e-05, 0.000989023098544043, 0.000989023098544043, 6.557564746719846e-06, 6.557564746719846e-06, 0.00044098352075809793, 0.00044098352075809793, 6.201727899998621e-06, 0.10913700785266811, 2.9280288451381722e-05, 0.06651541257910254, 1.2403455799997243e-05, 0.0007062853069064005, 1.2403455799997243e-05, 2.4806911599994485e-05, 0.007846659974720421, 2.2773558190152595e-05, 0.015036241795099103, 2.2722724353037597e-05, 0.00011579947699047466, 0.0039450614519278004, 0.0013301181330439733, 0.0005904060571204529, 1.6419328784422586e-05, 1.6419328784422586e-05, 0.00011579947699047466, 0.00011579947699047466, 0.00137337772683822, 0.010396637651970908, 0.011015641264077374, 0.00137337772683822, 0.015636182717974054, 0.015036241795099103, 0.0013301181330439664, 0.001978046197088086, 1.1335945259833581e-05, 0.007254852465029216, 1.1335945259833554e-05, 2.9280288451381722e-05, 0.022902218627166182, 0.04339669264603896, 0.25660581018428275, 1.1335945259833554e-05, 0.0002081379643, 0.00019680201904016643, 0.25660581018428275, 1.1335945259833554e-05, 1.1335945259833554e-05, 0.026273315245375517, 1.1335945259833554e-05, 0.04339669264603896, 0.009130502373168406, 0.1928266944972017, 0.001978046197088079, 0.0009082989681735675, 0.002752855513905937, 0.001978046197088079, 0.0009082989681735675, 0.002752855513905937, 0.001978046197088079, 0.0009082989681735709, 0.002752855513905937, 0.0023356113942076817, 0.0010705605702784511, 0.001978046197088079, 0.004815895883525156, 0.0009082989681735675, 0.002752855513905937, 0.009417730486829867, 0.049035893325206525, 2.2671890647875208e-05, 2.9280288451381722e-05, 0.004815895883525156, 0.011015641264077374, 0.011237073450276469, 9.068756207866843e-05, 0.27135421012461247, 2.9280288451381722e-05, 0.0027034958598520092, 2.9280288451381722e-05, 0.007021118490327133, 0.009417730486829867, 1.1335945259833554e-05, 0.2307685777319648, 0.00011579947699047466, 0.004815895883525156, 1.1335945259833554e-05, 1.1335945388041681e-05, 4.5343781295750416e-05, 0.0013301181330439664, 0.00137337772683822, 2.2671890647875208e-05, 2.2773558190152595e-05, 0.018856760350627777, 0.018856760350627777, 1.1335945259833554e-05, 1.1335945259833554e-05, 0.007823886416530312, 0.012820801586715863, 0.014630689457460655, 0.012820801586715863, 0.9431166196205792, 1.1335945259833554e-05, 0.9431166196205792, 0.000989023098544043, 0.02668064676715809, 0.018856760350627777, 0.0354884728987076, 0.014768703320153231, 1.1335945259833554e-05, 0.0028895476968821415, 0.0013301181330439664, 1.1335945259833554e-05, 1.1335945259833554e-05, 0.007021118490327133, 2.9280288451381722e-05, 0.001978046197088086, 0.001978046197088086, 0.001978046197088086, 2.795860938524556e-06, 1.1335945259833554e-05, 2.267189051966711e-05, 1.1335945259833554e-05, 0.016815578530213315, 0.021412278916048282, 1.7334337818848613e-05, 0.000989023098544043, 0.00137337772683822, 1.7334337818848613e-05, 0.00012144203240243819, 0.005639200679167594, 0.15190680069906648, 0.007254852465029216]","['EX_for_e', 'EX_mal__L_e', 'EX_glyclt_e', 'FE3abcpp', 'FUM', 'GLYCLTt2rpp', 'GLYCLTtex', 'FORtex', 'IPDPS', 'ME2', 'OPHHX', 'MALtex', 'PFL', 'PPPGO', 'RNTR1c2', 'RNTR3c2', 'MECDPDH2', 'DMALRED']","['EX_succ_e', 'EX_ura_e', '12DGR141tipp', '2MAHMP', 'EX_gua_e', '3PEPTabcpp', 'ACALD', 'ACGAMK', 'ACM6PH', 'AACTOOR', 'ACOATA', 'EX_indole_e', 'ALAALAD', 'ALAALAabcpp', 'ALAGLUE', 'ALCD19', 'AGDC', 'AGM3PApp', 'AGMH', 'AGMt2pp', 'AGPAT120', 'AMPN', 'ASNt2rpp', 'ANHMK', 'AOBUTDs', 'ASPabcpp', 'CMPN', 'MLDCP2Bpp', 'COBALT2abcpp', 'CU2abcpp', 'CYSDS', 'CSND', 'DAGK141', 'DASYN120', 'DRPA', 'DURIPP', 'FACOAL120t2pp', 'FACOAL160t2pp', 'ASNNpp', 'FACOAL161t2pp', 'FBA3', 'ETHAAL', 'ETHAt2pp', 'FDH5pp', 'G3PAT120', 'G3PD5', 'G3PGabcpp', 'G6PDA', 'GLYCTO4', 'GLYOX3', 'GLUN', 'GLYAT', 'FEROpp', 'GPDDA2pp', 'GPDDA4', 'GLYC3Pabcpp', 'GLYCK2', 'GUAtex', 'GUAtpp', 'H2SO', 'FORt2pp', 'INDOLEt2rpp', 'INDOLEtex', 'FRD3', 'LPLIPAL1E160pp', 'LADGMDH', 'LPLIPAL1E161pp', 'LPLIPAL1G120pp', 'LPLIPAL1G160pp', 'LPLIPAL1G161pp', 'LALGP', 'LDH_D', 'LDH_D2', 'MDDEP2pp', 'MLTGY3pp', 'MGSA', 'MLDCP1App', 'NACODA', 'NADPPPS', 'MACPD', 'NTD1', 'MALS', 'NI2abcpp', 'NTD8', 'NTD9', 'NTPTP2', 'NTPP1', 'NTPP4', 'NTPP7', 'NTPP8', 'PACCOAL', 'PAPA141pp', 'MALt2_3pp', 'OPHHX3', 'P5CD', 'PA141abcpp', 'PFK_3', 'PGP120abcpp', 'PGP160abcpp', 'PGP161abcpp', 'PGPP120pp', 'PGPP160pp', 'PGPP161pp', 'PGSA120', 'PGSA160', 'PGSA161', 'PLIPA2E160pp', 'PLIPA2E161pp', 'PLIPA2G120pp', 'PLIPA2G160pp', 'PLIPA2G161pp', 'PPA2', 'PROD2', 'PPM2', 'PPS', 'PRASCSi_copy1', 'SERD_L', 'SUCCt3pp', 'TDP', 'SUCCtex', 'THRD', 'URAtex', 'PUNP3', 'ZN2abcpp', 'PUNP4', 'GLYALDDr', 'PHACTE']","['DM_4crsol_c', 'DM_5drib_c', 'DM_mththf_c', 'BIOMASS_Ec_iJO1366_core_53p95M', 'EX_ca2_e', 'EX_cl_e', 'EX_cobalt2_e', 'EX_cu2_e', 'EX_mg2_e', 'EX_mn2_e', 'EX_mobd_e', 'EX_ni2_e', 'EX_fe3_e', 'EX_pi_e', 'EX_so4_e', 'EX_zn2_e', '3OAR140', '3OAS140', 'ACACT1r', 'ACACT2r', 'ACACT3r', 'ACACT4r', 'ACACT5r', 'ACACT6r', 'ACACT7r', '5DOAN', 'A5PISO', 'ACHBS', 'ACLS', 'ACOAD1f', 'ACOAD2f', 'ACOAD3f', 'ACOAD4f', 'ACOAD5f', 'ACOAD6f', 'ACOTA', 'ACOAD7f', 'ACODA', 'ACONTa', 'ACONTb', 'ADCL', 'AHCYSNS', 'ADCS', 'EX_k_e', 'ADSL1r', 'ADSS', 'AMPMS2', 'ASP1DC', 'ASPO6', 'ATPM', 'ATPPRT', 'CDPMEK', 'BMOCOS', 'BMOGDS1', 'BMOGDS2', 'CHORM', 'CHRPL', 'CA2tex', 'CLt3_2pp', 'CLtex', 'COBALT2tex', 'CU2tex', 'APRAUR', 'CPMPS', 'CPPPGO', 'CYSTL', 'CS', 'CTECOAI7_copy1', 'DALAt2pp', 'DB4PS', 'DAPDC', 'DAPE', 'DMATT', 'DHAD1', 'DNMPPA', 'DNTPPA', 'DHAD2', 'DPCOAK', 'DPR', 'DHDPRy', 'DHDPS', 'DHFR', 'DHFS', 'DHNPA2r', 'DHPPDA2', 'DHPS2', 'DHPTDCs2', 'DXPRIi', 'DXPS', 'E4PD', 'ARGSL', 'ARGSS', 'ECOAH1', 'ECOAH2', 'ECOAH3', 'ECOAH4', 'ECOAH5', 'ECOAH6', 'ECOAH7', 'FE3tex', 'FCLT', 'G1SAT', 'GCALDD', 'G5SADs', 'HPPK2', 'GLUTRR', 'GLUTRS', 'GRTT', 'GTPCI', 'GTPCII2', 'HSST', 'FMNAT', 'HSTPT', 'I2FE2SS', 'I2FE2SS2', 'I2FE2ST', 'HBZOPT', 'I4FE4SR', 'I4FE4ST', 'ICDHyr', 'ICYSDS', 'IG3PS', 'IGPDH', 'ILETA', 'HISTD', 'HISTP', 'HMBS', 'IPMD', 'IPPMIa', 'IPPMIb', 'IPPS', 'K2L4Aabcpp', 'K2L4Aabctex', 'KARA1', 'KARA2', 'LPADSS', 'KDOCT2', 'KDOPP', 'KDOPS', 'Kt2pp', 'Ktex', 'LEUTAi', 'MDH', 'MECDPS', 'MEPCT', 'METAT', 'MN2tpp', 'METS', 'MNtex', 'MOADSUx', 'MOAT', 'MOAT2', 'MOBDabcpp', 'MOBDtex', 'MG2t3_2pp', 'MG2tex', 'MOCOS', 'MOHMT', 'MOX', 'MPTAT', 'MPTS', 'MPTSS', 'MTHFR2', 'MTHTHFSs', 'NADS1', 'NI2tex', 'NNATr', 'NNDPR', 'OCBT', 'OCTDPS', 'OHPBAT', 'PANTS', 'OMCDC', 'OPHBDC', 'PDX5PO2', 'PDX5PS', 'PERD', 'PRATPP', 'PHETA1', 'PItex', 'PMDPHT', 'PNTK', 'PRMICI', 'PPBNGS', 'PPC', 'PPCDC', 'PPNCL2', 'PPND', 'PPNDH', 'QULNS', 'PRAMPC', 'RBFK', 'RBFSa', 'RBFSb', 'RHCCE', 'SDPDS', 'SDPTA', 'SHCHD2', 'SHCHF', 'SHSL1', 'SO4t2pp', 'SO4tex', 'TDSK', 'SUCOAS', 'THDPS', 'THRD_L', 'THZPSN3', 'TRPAS2', 'TMDS', 'TMPPP', 'TYRL', 'TYRTA', 'PTPATi', 'U23GAAT', 'UHGADA', 'UAGAAT', 'UDCPDPS', 'UPP3MT', 'UPP3S', 'UPPDC1', 'USHD', 'Zn2tex']",FUM,SUCCtex,19.23710407844671,1,367,222,55.0,-2.786477378211096,iECW_1372,PSL,True,True,-16.1036392151435,-16.5367458747266,0.0,0.0
135,"['ACPPAT160', 'APG3PAT160', 'G3PAT160']","[0.0595610585374, 0.0595610585374, -0.0595610585374]","[0.0595610585374, 0.0595610585374, 0.0595610585374]",['G3PAT160'],"['ACPPAT160', 'APG3PAT160']",[],G3PAT160,ACPPAT160,0.17868317561219998,1,3,0,1.0,0.0595610585374,iECW_1372,PSL,False,False,0.0,0.0,0.0,0.0
136,"['ACPPAT160', 'APG3PAT160', 'G3PAT160']","[0.0595610585374, 0.0595610585374, -0.0595610585374]","[0.0595610585374, 0.0595610585374, 0.0595610585374]",['G3PAT160'],"['ACPPAT160', 'APG3PAT160']",[],G3PAT160,APG3PAT160,0.17868317561219998,1,3,0,1.0,0.0595610585374,iECW_1372,PSL,False,False,0.0,0.0,0.0,0.0
137,"['ACPPAT161', 'APG3PAT161', 'G3PAT161']","[0.07020129527739999, 0.07020129527739999, -0.07020129527739999]","[0.07020129527739999, 0.07020129527739999, 0.07020129527739999]",['G3PAT161'],"['ACPPAT161', 'APG3PAT161']",[],G3PAT161,ACPPAT161,0.21060388583219997,1,3,0,1.0,0.07020129527739999,iECW_1372,PSL,False,False,0.0,0.0,0.0,0.0
138,"['ACPPAT161', 'APG3PAT161', 'G3PAT161']","[0.07020129527739999, 0.07020129527739999, -0.07020129527739999]","[0.07020129527739999, 0.07020129527739999, 0.07020129527739999]",['G3PAT161'],"['ACPPAT161', 'APG3PAT161']",[],G3PAT161,APG3PAT161,0.21060388583219997,1,3,0,1.0,0.07020129527739999,iECW_1372,PSL,False,False,0.0,0.0,0.0,0.0
139,"['ACALD', 'ACGK', 'ACGS', 'AGPR', 'ALDD2x', 'G5SD', 'GLU5K', 'NACODA']","[0.20632259058027103, 0.20632259057582214, 0.20632259057582214, -0.20632259057583724, -0.20632259058153402, -0.20632259057550803, -0.20632259057550803, 0.20632259057550803]","[0.20632259058027103, 0.20632259057582214, 0.20632259057582214, 0.20632259057583724, 0.20632259058153402, 0.20632259057550803, 0.20632259057550803, 0.20632259057550803]",['NACODA'],"['ACALD', 'ALDD2x', 'G5SD', 'GLU5K']","['ACGK', 'ACGS', 'AGPR']",G5SD,NACODA,1.6505807246039017,1,8,3,0.0,-9.640066522820234e-13,iECW_1372,PSL,False,False,0.0,0.0,0.0,0.0
140,"['GLCtex_copy1', 'GLCtex_copy2']","[-9.50655831402645, 9.506558314024673]","[9.50655831402645, 9.506558314024673]",['GLCtex_copy1'],['GLCtex_copy2'],[],GLCtex_copy1,GLCtex_copy2,19.013116628068754,1,2,0,-0.0,1.7763568394002505e-12,iECW_1372,PSL,True,False,-999.375312720312,0.0,0.0,0.0
141,"['ACALD', 'ACGK', 'ACGS', 'AGPR', 'ALDD2x', 'G5SD', 'GLU5K', 'NACODA']","[0.20632259058027103, 0.20632259057582214, 0.20632259057582214, -0.20632259057583724, -0.20632259058153402, -0.20632259057550803, -0.20632259057550803, 0.20632259057550803]","[0.20632259058027103, 0.20632259057582214, 0.20632259057582214, 0.20632259057583724, 0.20632259058153402, 0.20632259057550803, 0.20632259057550803, 0.20632259057550803]",['NACODA'],"['ACALD', 'ALDD2x', 'G5SD', 'GLU5K']","['ACGK', 'ACGS', 'AGPR']",GLU5K,NACODA,1.6505807246039017,1,8,3,0.0,-9.640066522820234e-13,iECW_1372,PSL,False,False,0.0,0.0,0.0,0.0
142,"['GLUDy', 'GLUN', 'GLUSy']","[7.930805923176763, -7.930805923196828, 7.930805923175212]","[7.930805923176763, 7.930805923196828, 7.930805923175212]",['GLUSy'],"['GLUDy', 'GLUN']",[],GLUDy,GLUSy,23.7924177695257,1,3,0,-1.0,-7.930805923155147,iECW_1372,PSL,True,False,-484.485054094221,0.0,0.0,0.0
143,"['3HAD100', '3HAD40', '3HAD60', '3HAD80', '3OAR40', '3OAR60', '3OAR80', '3OAS100', '3OAR100', 'ACACT1r', 'ACACT2r', 'ACACT3r', '3OAS60', '3OAS80', 'ACACT4r', 'ACOAD1f', 'ACOAD2f', 'ACOAD3f', 'ACOAD4f', 'ACOATA', 'EAR100x', 'EAR40x', 'EAR60x', 'EAR80x', 'ECOAH1', 'ECOAH2', 'ECOAH3', 'ECOAH4', 'FADRx2', 'FA100ACPHi', 'FACOAE100', 'HACD1', 'KAS15', 'MACPD']","[0.3321620571082476, 0.3321620571087023, 0.3321620571087023, 0.3321620571082476, 0.3321620571087023, 0.3321620571087023, 0.3321620571082476, 0.3321620571082476, 0.3321620571082476, -0.33216205710677776, -0.33216205710677776, -0.33216205710677776, 0.3321620571087023, 0.3321620571082476, -0.33216205710677776, 0.33216205710677776, 0.33216205710677776, 0.33216205710677776, 0.33216205710675695, 1.3286482284352132, 0.3321620571082476, 0.3321620571082476, 0.3321620571082476, 0.3321620571082476, -0.33216205710677776, -0.33216205710677776, -0.33216205710677776, -0.33216205710675695, -1.3286482284256331, 0.33216205710677776, -0.33216205710675695, -0.33216205710677776, 0.3321620571087023, -1.3286482284352132]","[0.3321620571082476, 0.3321620571087023, 0.3321620571087023, 0.3321620571082476, 0.3321620571087023, 0.3321620571087023, 0.3321620571082476, 0.3321620571082476, 0.3321620571082476, 0.33216205710677776, 0.33216205710677776, 0.33216205710677776, 0.3321620571087023, 0.3321620571082476, 0.33216205710677776, 0.33216205710677776, 0.33216205710677776, 0.33216205710677776, 0.33216205710675695, 1.3286482284352132, 0.3321620571082476, 0.3321620571082476, 0.3321620571082476, 0.3321620571082476, 0.33216205710677776, 0.33216205710677776, 0.33216205710677776, 0.33216205710675695, 1.3286482284256331, 0.33216205710677776, 0.33216205710675695, 0.33216205710677776, 0.3321620571087023, 1.3286482284352132]","['3HAD100', '3HAD80', '3OAR80', '3OAS100', '3OAR100', '3OAS80', 'EAR100x', 'EAR40x', 'EAR60x', 'EAR80x', 'FA100ACPHi']","['ACACT1r', 'ACACT2r', 'ACACT3r', 'ACACT4r', 'ACOAD1f', 'ACOAD2f', 'ACOAD3f', 'ACOAD4f', 'ACOATA', 'ECOAH1', 'ECOAH2', 'ECOAH3', 'ECOAH4', 'FADRx2', 'FACOAE100', 'HACD1', 'MACPD']","['3HAD40', '3HAD60', '3OAR40', '3OAR60', '3OAS60', 'KAS15']",HACD1,3HAD100,15.27945462699952,1,34,6,-10.0,-2.3251343997751883,iECW_1372,PSL,True,False,-8.86501507738546,0.0,0.0,0.0
144,"['3HAD40', '3HAD60', '3HAD80', '3OAR40', '3OAR60', '3OAR80', 'ACACT1r', 'ACACT2r', 'ACACT3r', '3OAS60', '3OAS80', 'ACOAD1f', 'ACOAD2f', 'ACOAD3f', 'ACOATA', 'EAR40x', 'EAR60x', 'EAR80x', 'ECOAH1', 'ECOAH2', 'ECOAH3', 'FACOAE80', 'FADRx2', 'FA80ACPHi', 'HACD1', 'KAS15', 'MACPD']","[0.33216205710800417, 0.33216205710800417, 0.33216205710800417, 0.33216205710800417, 0.33216205710800417, 0.33216205710800417, -0.332162057108, -0.3321620571080075, -0.332162057108, 0.33216205710800417, 0.33216205710800417, 0.332162057108, 0.332162057108, 0.332162057108, 0.9964861713240304, 0.33216205710800417, 0.33216205710800417, 0.33216205710800417, -0.332162057108, -0.3321620571080075, -0.332162057108, -0.332162057108, -0.9964861713239999, 0.332162057108, -0.332162057108, 0.33216205710800417, -0.9964861713240304]","[0.33216205710800417, 0.33216205710800417, 0.33216205710800417, 0.33216205710800417, 0.33216205710800417, 0.33216205710800417, 0.332162057108, 0.3321620571080075, 0.332162057108, 0.33216205710800417, 0.33216205710800417, 0.332162057108, 0.332162057108, 0.332162057108, 0.9964861713240304, 0.33216205710800417, 0.33216205710800417, 0.33216205710800417, 0.332162057108, 0.3321620571080075, 0.332162057108, 0.332162057108, 0.9964861713239999, 0.332162057108, 0.332162057108, 0.33216205710800417, 0.9964861713240304]","['3HAD40', '3HAD60', '3HAD80', '3OAR40', '3OAR60', '3OAR80', '3OAS60', '3OAS80', 'EAR40x', 'EAR60x', 'EAR80x', 'FA80ACPHi', 'KAS15']","['ACACT1r', 'ACACT2r', 'ACACT3r', 'ACOAD1f', 'ACOAD2f', 'ACOAD3f', 'ACOATA', 'ECOAH1', 'ECOAH2', 'ECOAH3', 'FACOAE80', 'FADRx2', 'HACD1', 'MACPD']",[],HACD1,3HAD40,11.625671998780184,1,27,0,-7.0,-1.6608102855400348,iECW_1372,PSL,True,False,-8.86501507738546,0.0,0.0,0.0
145,"['3HAD40', '3HAD60', '3HAD80', '3OAR40', '3OAR60', '3OAR80', 'ACACT1r', 'ACACT2r', 'ACACT3r', '3OAS60', '3OAS80', 'ACOAD1f', 'ACOAD2f', 'ACOAD3f', 'ACOATA', 'EAR40x', 'EAR60x', 'EAR80x', 'ECOAH1', 'ECOAH2', 'ECOAH3', 'FACOAE80', 'FADRx2', 'FA80ACPHi', 'HACD1', 'KAS15', 'MACPD']","[0.33216205710800417, 0.33216205710800417, 0.33216205710800417, 0.33216205710800417, 0.33216205710800417, 0.33216205710800417, -0.332162057108, -0.3321620571080075, -0.332162057108, 0.33216205710800417, 0.33216205710800417, 0.332162057108, 0.332162057108, 0.332162057108, 0.9964861713240304, 0.33216205710800417, 0.33216205710800417, 0.33216205710800417, -0.332162057108, -0.3321620571080075, -0.332162057108, -0.332162057108, -0.9964861713239999, 0.332162057108, -0.332162057108, 0.33216205710800417, -0.9964861713240304]","[0.33216205710800417, 0.33216205710800417, 0.33216205710800417, 0.33216205710800417, 0.33216205710800417, 0.33216205710800417, 0.332162057108, 0.3321620571080075, 0.332162057108, 0.33216205710800417, 0.33216205710800417, 0.332162057108, 0.332162057108, 0.332162057108, 0.9964861713240304, 0.33216205710800417, 0.33216205710800417, 0.33216205710800417, 0.332162057108, 0.3321620571080075, 0.332162057108, 0.332162057108, 0.9964861713239999, 0.332162057108, 0.332162057108, 0.33216205710800417, 0.9964861713240304]","['3HAD40', '3HAD60', '3HAD80', '3OAR40', '3OAR60', '3OAR80', '3OAS60', '3OAS80', 'EAR40x', 'EAR60x', 'EAR80x', 'FA80ACPHi', 'KAS15']","['ACACT1r', 'ACACT2r', 'ACACT3r', 'ACOAD1f', 'ACOAD2f', 'ACOAD3f', 'ACOATA', 'ECOAH1', 'ECOAH2', 'ECOAH3', 'FACOAE80', 'FADRx2', 'HACD1', 'MACPD']",[],HACD1,3HAD60,11.625671998780184,1,27,0,-7.0,-1.6608102855400348,iECW_1372,PSL,True,False,-8.86501507738546,0.0,0.0,0.0
146,"['3HAD40', '3HAD60', '3HAD80', '3OAR40', '3OAR60', '3OAR80', 'ACACT1r', 'ACACT2r', 'ACACT3r', '3OAS60', '3OAS80', 'ACOAD1f', 'ACOAD2f', 'ACOAD3f', 'ACOATA', 'EAR40x', 'EAR60x', 'EAR80x', 'ECOAH1', 'ECOAH2', 'ECOAH3', 'FACOAE80', 'FADRx2', 'FA80ACPHi', 'HACD1', 'KAS15', 'MACPD']","[0.33216205710800417, 0.33216205710800417, 0.33216205710800417, 0.33216205710800417, 0.33216205710800417, 0.33216205710800417, -0.332162057108, -0.3321620571080075, -0.332162057108, 0.33216205710800417, 0.33216205710800417, 0.332162057108, 0.332162057108, 0.332162057108, 0.9964861713240304, 0.33216205710800417, 0.33216205710800417, 0.33216205710800417, -0.332162057108, -0.3321620571080075, -0.332162057108, -0.332162057108, -0.9964861713239999, 0.332162057108, -0.332162057108, 0.33216205710800417, -0.9964861713240304]","[0.33216205710800417, 0.33216205710800417, 0.33216205710800417, 0.33216205710800417, 0.33216205710800417, 0.33216205710800417, 0.332162057108, 0.3321620571080075, 0.332162057108, 0.33216205710800417, 0.33216205710800417, 0.332162057108, 0.332162057108, 0.332162057108, 0.9964861713240304, 0.33216205710800417, 0.33216205710800417, 0.33216205710800417, 0.332162057108, 0.3321620571080075, 0.332162057108, 0.332162057108, 0.9964861713239999, 0.332162057108, 0.332162057108, 0.33216205710800417, 0.9964861713240304]","['3HAD40', '3HAD60', '3HAD80', '3OAR40', '3OAR60', '3OAR80', '3OAS60', '3OAS80', 'EAR40x', 'EAR60x', 'EAR80x', 'FA80ACPHi', 'KAS15']","['ACACT1r', 'ACACT2r', 'ACACT3r', 'ACOAD1f', 'ACOAD2f', 'ACOAD3f', 'ACOATA', 'ECOAH1', 'ECOAH2', 'ECOAH3', 'FACOAE80', 'FADRx2', 'HACD1', 'MACPD']",[],HACD1,3HAD80,11.625671998780184,1,27,0,-7.0,-1.6608102855400348,iECW_1372,PSL,True,False,-8.86501507738546,0.0,0.0,-0.0051138002733068
147,"['3HAD40', '3HAD60', '3HAD80', '3OAR40', '3OAR60', '3OAR80', 'ACACT1r', 'ACACT2r', 'ACACT3r', '3OAS60', '3OAS80', 'ACOAD1f', 'ACOAD2f', 'ACOAD3f', 'ACOATA', 'EAR40x', 'EAR60x', 'EAR80x', 'ECOAH1', 'ECOAH2', 'ECOAH3', 'FACOAE80', 'FADRx2', 'FA80ACPHi', 'HACD1', 'KAS15', 'MACPD']","[0.33216205710800417, 0.33216205710800417, 0.33216205710800417, 0.33216205710800417, 0.33216205710800417, 0.33216205710800417, -0.332162057108, -0.3321620571080075, -0.332162057108, 0.33216205710800417, 0.33216205710800417, 0.332162057108, 0.332162057108, 0.332162057108, 0.9964861713240304, 0.33216205710800417, 0.33216205710800417, 0.33216205710800417, -0.332162057108, -0.3321620571080075, -0.332162057108, -0.332162057108, -0.9964861713239999, 0.332162057108, -0.332162057108, 0.33216205710800417, -0.9964861713240304]","[0.33216205710800417, 0.33216205710800417, 0.33216205710800417, 0.33216205710800417, 0.33216205710800417, 0.33216205710800417, 0.332162057108, 0.3321620571080075, 0.332162057108, 0.33216205710800417, 0.33216205710800417, 0.332162057108, 0.332162057108, 0.332162057108, 0.9964861713240304, 0.33216205710800417, 0.33216205710800417, 0.33216205710800417, 0.332162057108, 0.3321620571080075, 0.332162057108, 0.332162057108, 0.9964861713239999, 0.332162057108, 0.332162057108, 0.33216205710800417, 0.9964861713240304]","['3HAD40', '3HAD60', '3HAD80', '3OAR40', '3OAR60', '3OAR80', '3OAS60', '3OAS80', 'EAR40x', 'EAR60x', 'EAR80x', 'FA80ACPHi', 'KAS15']","['ACACT1r', 'ACACT2r', 'ACACT3r', 'ACOAD1f', 'ACOAD2f', 'ACOAD3f', 'ACOATA', 'ECOAH1', 'ECOAH2', 'ECOAH3', 'FACOAE80', 'FADRx2', 'HACD1', 'MACPD']",[],HACD1,3OAR40,11.625671998780184,1,27,0,-7.0,-1.6608102855400348,iECW_1372,PSL,True,False,-8.86501507738546,0.0,0.0,0.0
148,"['3HAD40', '3HAD60', '3HAD80', '3OAR40', '3OAR60', '3OAR80', 'ACACT1r', 'ACACT2r', 'ACACT3r', '3OAS60', '3OAS80', 'ACOAD1f', 'ACOAD2f', 'ACOAD3f', 'ACOATA', 'EAR40x', 'EAR60x', 'EAR80x', 'ECOAH1', 'ECOAH2', 'ECOAH3', 'FACOAE80', 'FADRx2', 'FA80ACPHi', 'HACD1', 'KAS15', 'MACPD']","[0.33216205710800417, 0.33216205710800417, 0.33216205710800417, 0.33216205710800417, 0.33216205710800417, 0.33216205710800417, -0.332162057108, -0.3321620571080075, -0.332162057108, 0.33216205710800417, 0.33216205710800417, 0.332162057108, 0.332162057108, 0.332162057108, 0.9964861713240304, 0.33216205710800417, 0.33216205710800417, 0.33216205710800417, -0.332162057108, -0.3321620571080075, -0.332162057108, -0.332162057108, -0.9964861713239999, 0.332162057108, -0.332162057108, 0.33216205710800417, -0.9964861713240304]","[0.33216205710800417, 0.33216205710800417, 0.33216205710800417, 0.33216205710800417, 0.33216205710800417, 0.33216205710800417, 0.332162057108, 0.3321620571080075, 0.332162057108, 0.33216205710800417, 0.33216205710800417, 0.332162057108, 0.332162057108, 0.332162057108, 0.9964861713240304, 0.33216205710800417, 0.33216205710800417, 0.33216205710800417, 0.332162057108, 0.3321620571080075, 0.332162057108, 0.332162057108, 0.9964861713239999, 0.332162057108, 0.332162057108, 0.33216205710800417, 0.9964861713240304]","['3HAD40', '3HAD60', '3HAD80', '3OAR40', '3OAR60', '3OAR80', '3OAS60', '3OAS80', 'EAR40x', 'EAR60x', 'EAR80x', 'FA80ACPHi', 'KAS15']","['ACACT1r', 'ACACT2r', 'ACACT3r', 'ACOAD1f', 'ACOAD2f', 'ACOAD3f', 'ACOATA', 'ECOAH1', 'ECOAH2', 'ECOAH3', 'FACOAE80', 'FADRx2', 'HACD1', 'MACPD']",[],HACD1,3OAR60,11.625671998780184,1,27,0,-7.0,-1.6608102855400348,iECW_1372,PSL,True,False,-8.86501507738546,0.0,0.0,0.0
149,"['3HAD40', '3HAD60', '3HAD80', '3OAR40', '3OAR60', '3OAR80', 'ACACT1r', 'ACACT2r', 'ACACT3r', '3OAS60', '3OAS80', 'ACOAD1f', 'ACOAD2f', 'ACOAD3f', 'ACOATA', 'EAR40x', 'EAR60x', 'EAR80x', 'ECOAH1', 'ECOAH2', 'ECOAH3', 'FACOAE80', 'FADRx2', 'FA80ACPHi', 'HACD1', 'KAS15', 'MACPD']","[0.33216205710800417, 0.33216205710800417, 0.33216205710800417, 0.33216205710800417, 0.33216205710800417, 0.33216205710800417, -0.332162057108, -0.3321620571080075, -0.332162057108, 0.33216205710800417, 0.33216205710800417, 0.332162057108, 0.332162057108, 0.332162057108, 0.9964861713240304, 0.33216205710800417, 0.33216205710800417, 0.33216205710800417, -0.332162057108, -0.3321620571080075, -0.332162057108, -0.332162057108, -0.9964861713239999, 0.332162057108, -0.332162057108, 0.33216205710800417, -0.9964861713240304]","[0.33216205710800417, 0.33216205710800417, 0.33216205710800417, 0.33216205710800417, 0.33216205710800417, 0.33216205710800417, 0.332162057108, 0.3321620571080075, 0.332162057108, 0.33216205710800417, 0.33216205710800417, 0.332162057108, 0.332162057108, 0.332162057108, 0.9964861713240304, 0.33216205710800417, 0.33216205710800417, 0.33216205710800417, 0.332162057108, 0.3321620571080075, 0.332162057108, 0.332162057108, 0.9964861713239999, 0.332162057108, 0.332162057108, 0.33216205710800417, 0.9964861713240304]","['3HAD40', '3HAD60', '3HAD80', '3OAR40', '3OAR60', '3OAR80', '3OAS60', '3OAS80', 'EAR40x', 'EAR60x', 'EAR80x', 'FA80ACPHi', 'KAS15']","['ACACT1r', 'ACACT2r', 'ACACT3r', 'ACOAD1f', 'ACOAD2f', 'ACOAD3f', 'ACOATA', 'ECOAH1', 'ECOAH2', 'ECOAH3', 'FACOAE80', 'FADRx2', 'HACD1', 'MACPD']",[],HACD1,3OAR80,11.625671998780184,1,27,0,-7.0,-1.6608102855400348,iECW_1372,PSL,True,False,-8.86501507738546,0.0,0.0,0.0
150,"['3HAD100', '3HAD40', '3HAD60', '3HAD80', '3OAR40', '3OAR60', '3OAR80', '3OAS100', '3OAR100', 'ACACT1r', 'ACACT2r', 'ACACT3r', '3OAS60', '3OAS80', 'ACACT4r', 'ACOAD1f', 'ACOAD2f', 'ACOAD3f', 'ACOAD4f', 'ACOATA', 'EAR100x', 'EAR40x', 'EAR60x', 'EAR80x', 'ECOAH1', 'ECOAH2', 'ECOAH3', 'ECOAH4', 'FADRx2', 'FA100ACPHi', 'FACOAE100', 'HACD1', 'KAS15', 'MACPD']","[0.3321620571082476, 0.3321620571087023, 0.3321620571087023, 0.3321620571082476, 0.3321620571087023, 0.3321620571087023, 0.3321620571082476, 0.3321620571082476, 0.3321620571082476, -0.33216205710677776, -0.33216205710677776, -0.33216205710677776, 0.3321620571087023, 0.3321620571082476, -0.33216205710677776, 0.33216205710677776, 0.33216205710677776, 0.33216205710677776, 0.33216205710675695, 1.3286482284352132, 0.3321620571082476, 0.3321620571082476, 0.3321620571082476, 0.3321620571082476, -0.33216205710677776, -0.33216205710677776, -0.33216205710677776, -0.33216205710675695, -1.3286482284256331, 0.33216205710677776, -0.33216205710675695, -0.33216205710677776, 0.3321620571087023, -1.3286482284352132]","[0.3321620571082476, 0.3321620571087023, 0.3321620571087023, 0.3321620571082476, 0.3321620571087023, 0.3321620571087023, 0.3321620571082476, 0.3321620571082476, 0.3321620571082476, 0.33216205710677776, 0.33216205710677776, 0.33216205710677776, 0.3321620571087023, 0.3321620571082476, 0.33216205710677776, 0.33216205710677776, 0.33216205710677776, 0.33216205710677776, 0.33216205710675695, 1.3286482284352132, 0.3321620571082476, 0.3321620571082476, 0.3321620571082476, 0.3321620571082476, 0.33216205710677776, 0.33216205710677776, 0.33216205710677776, 0.33216205710675695, 1.3286482284256331, 0.33216205710677776, 0.33216205710675695, 0.33216205710677776, 0.3321620571087023, 1.3286482284352132]","['3HAD100', '3HAD80', '3OAR80', '3OAS100', '3OAR100', '3OAS80', 'EAR100x', 'EAR40x', 'EAR60x', 'EAR80x', 'FA100ACPHi']","['ACACT1r', 'ACACT2r', 'ACACT3r', 'ACACT4r', 'ACOAD1f', 'ACOAD2f', 'ACOAD3f', 'ACOAD4f', 'ACOATA', 'ECOAH1', 'ECOAH2', 'ECOAH3', 'ECOAH4', 'FADRx2', 'FACOAE100', 'HACD1', 'MACPD']","['3HAD40', '3HAD60', '3OAR40', '3OAR60', '3OAS60', 'KAS15']",HACD1,3OAS100,15.27945462699952,1,34,6,-10.0,-2.3251343997751883,iECW_1372,PSL,True,False,-8.86501507738546,0.0,0.0,0.0
151,"['3HAD100', '3HAD40', '3HAD60', '3HAD80', '3OAR40', '3OAR60', '3OAR80', '3OAS100', '3OAR100', 'ACACT1r', 'ACACT2r', 'ACACT3r', '3OAS60', '3OAS80', 'ACACT4r', 'ACOAD1f', 'ACOAD2f', 'ACOAD3f', 'ACOAD4f', 'ACOATA', 'EAR100x', 'EAR40x', 'EAR60x', 'EAR80x', 'ECOAH1', 'ECOAH2', 'ECOAH3', 'ECOAH4', 'FADRx2', 'FA100ACPHi', 'FACOAE100', 'HACD1', 'KAS15', 'MACPD']","[0.3321620571082476, 0.3321620571087023, 0.3321620571087023, 0.3321620571082476, 0.3321620571087023, 0.3321620571087023, 0.3321620571082476, 0.3321620571082476, 0.3321620571082476, -0.33216205710677776, -0.33216205710677776, -0.33216205710677776, 0.3321620571087023, 0.3321620571082476, -0.33216205710677776, 0.33216205710677776, 0.33216205710677776, 0.33216205710677776, 0.33216205710675695, 1.3286482284352132, 0.3321620571082476, 0.3321620571082476, 0.3321620571082476, 0.3321620571082476, -0.33216205710677776, -0.33216205710677776, -0.33216205710677776, -0.33216205710675695, -1.3286482284256331, 0.33216205710677776, -0.33216205710675695, -0.33216205710677776, 0.3321620571087023, -1.3286482284352132]","[0.3321620571082476, 0.3321620571087023, 0.3321620571087023, 0.3321620571082476, 0.3321620571087023, 0.3321620571087023, 0.3321620571082476, 0.3321620571082476, 0.3321620571082476, 0.33216205710677776, 0.33216205710677776, 0.33216205710677776, 0.3321620571087023, 0.3321620571082476, 0.33216205710677776, 0.33216205710677776, 0.33216205710677776, 0.33216205710677776, 0.33216205710675695, 1.3286482284352132, 0.3321620571082476, 0.3321620571082476, 0.3321620571082476, 0.3321620571082476, 0.33216205710677776, 0.33216205710677776, 0.33216205710677776, 0.33216205710675695, 1.3286482284256331, 0.33216205710677776, 0.33216205710675695, 0.33216205710677776, 0.3321620571087023, 1.3286482284352132]","['3HAD100', '3HAD80', '3OAR80', '3OAS100', '3OAR100', '3OAS80', 'EAR100x', 'EAR40x', 'EAR60x', 'EAR80x', 'FA100ACPHi']","['ACACT1r', 'ACACT2r', 'ACACT3r', 'ACACT4r', 'ACOAD1f', 'ACOAD2f', 'ACOAD3f', 'ACOAD4f', 'ACOATA', 'ECOAH1', 'ECOAH2', 'ECOAH3', 'ECOAH4', 'FADRx2', 'FACOAE100', 'HACD1', 'MACPD']","['3HAD40', '3HAD60', '3OAR40', '3OAR60', '3OAS60', 'KAS15']",HACD1,3OAR100,15.27945462699952,1,34,6,-10.0,-2.3251343997751883,iECW_1372,PSL,True,False,-8.86501507738546,0.0,0.0,0.0
152,"['3HAD40', '3HAD60', '3HAD80', '3OAR40', '3OAR60', '3OAR80', 'ACACT1r', 'ACACT2r', 'ACACT3r', '3OAS60', '3OAS80', 'ACOAD1f', 'ACOAD2f', 'ACOAD3f', 'ACOATA', 'EAR40x', 'EAR60x', 'EAR80x', 'ECOAH1', 'ECOAH2', 'ECOAH3', 'FACOAE80', 'FADRx2', 'FA80ACPHi', 'HACD1', 'KAS15', 'MACPD']","[0.33216205710800417, 0.33216205710800417, 0.33216205710800417, 0.33216205710800417, 0.33216205710800417, 0.33216205710800417, -0.332162057108, -0.3321620571080075, -0.332162057108, 0.33216205710800417, 0.33216205710800417, 0.332162057108, 0.332162057108, 0.332162057108, 0.9964861713240304, 0.33216205710800417, 0.33216205710800417, 0.33216205710800417, -0.332162057108, -0.3321620571080075, -0.332162057108, -0.332162057108, -0.9964861713239999, 0.332162057108, -0.332162057108, 0.33216205710800417, -0.9964861713240304]","[0.33216205710800417, 0.33216205710800417, 0.33216205710800417, 0.33216205710800417, 0.33216205710800417, 0.33216205710800417, 0.332162057108, 0.3321620571080075, 0.332162057108, 0.33216205710800417, 0.33216205710800417, 0.332162057108, 0.332162057108, 0.332162057108, 0.9964861713240304, 0.33216205710800417, 0.33216205710800417, 0.33216205710800417, 0.332162057108, 0.3321620571080075, 0.332162057108, 0.332162057108, 0.9964861713239999, 0.332162057108, 0.332162057108, 0.33216205710800417, 0.9964861713240304]","['3HAD40', '3HAD60', '3HAD80', '3OAR40', '3OAR60', '3OAR80', '3OAS60', '3OAS80', 'EAR40x', 'EAR60x', 'EAR80x', 'FA80ACPHi', 'KAS15']","['ACACT1r', 'ACACT2r', 'ACACT3r', 'ACOAD1f', 'ACOAD2f', 'ACOAD3f', 'ACOATA', 'ECOAH1', 'ECOAH2', 'ECOAH3', 'FACOAE80', 'FADRx2', 'HACD1', 'MACPD']",[],HACD1,3OAS60,11.625671998780184,1,27,0,-7.0,-1.6608102855400348,iECW_1372,PSL,True,False,-8.86501507738546,0.0,0.0,0.0
153,"['3HAD40', '3HAD60', '3HAD80', '3OAR40', '3OAR60', '3OAR80', 'ACACT1r', 'ACACT2r', 'ACACT3r', '3OAS60', '3OAS80', 'ACOAD1f', 'ACOAD2f', 'ACOAD3f', 'ACOATA', 'EAR40x', 'EAR60x', 'EAR80x', 'ECOAH1', 'ECOAH2', 'ECOAH3', 'FACOAE80', 'FADRx2', 'FA80ACPHi', 'HACD1', 'KAS15', 'MACPD']","[0.33216205710800417, 0.33216205710800417, 0.33216205710800417, 0.33216205710800417, 0.33216205710800417, 0.33216205710800417, -0.332162057108, -0.3321620571080075, -0.332162057108, 0.33216205710800417, 0.33216205710800417, 0.332162057108, 0.332162057108, 0.332162057108, 0.9964861713240304, 0.33216205710800417, 0.33216205710800417, 0.33216205710800417, -0.332162057108, -0.3321620571080075, -0.332162057108, -0.332162057108, -0.9964861713239999, 0.332162057108, -0.332162057108, 0.33216205710800417, -0.9964861713240304]","[0.33216205710800417, 0.33216205710800417, 0.33216205710800417, 0.33216205710800417, 0.33216205710800417, 0.33216205710800417, 0.332162057108, 0.3321620571080075, 0.332162057108, 0.33216205710800417, 0.33216205710800417, 0.332162057108, 0.332162057108, 0.332162057108, 0.9964861713240304, 0.33216205710800417, 0.33216205710800417, 0.33216205710800417, 0.332162057108, 0.3321620571080075, 0.332162057108, 0.332162057108, 0.9964861713239999, 0.332162057108, 0.332162057108, 0.33216205710800417, 0.9964861713240304]","['3HAD40', '3HAD60', '3HAD80', '3OAR40', '3OAR60', '3OAR80', '3OAS60', '3OAS80', 'EAR40x', 'EAR60x', 'EAR80x', 'FA80ACPHi', 'KAS15']","['ACACT1r', 'ACACT2r', 'ACACT3r', 'ACOAD1f', 'ACOAD2f', 'ACOAD3f', 'ACOATA', 'ECOAH1', 'ECOAH2', 'ECOAH3', 'FACOAE80', 'FADRx2', 'HACD1', 'MACPD']",[],HACD1,3OAS80,11.625671998780184,1,27,0,-7.0,-1.6608102855400348,iECW_1372,PSL,True,False,-8.86501507738546,0.0,0.0,0.0
154,"['3HAD100', '3HAD40', '3HAD60', '3HAD80', '3OAR40', '3OAR60', '3OAR80', '3OAS100', '3OAR100', 'ACACT1r', 'ACACT2r', 'ACACT3r', '3OAS60', '3OAS80', 'ACACT4r', 'ACOAD1f', 'ACOAD2f', 'ACOAD3f', 'ACOAD4f', 'ACOATA', 'EAR100x', 'EAR40x', 'EAR60x', 'EAR80x', 'ECOAH1', 'ECOAH2', 'ECOAH3', 'ECOAH4', 'FADRx2', 'FA100ACPHi', 'FACOAE100', 'HACD1', 'HACD2', 'HACD3', 'HACD4', 'KAS15', 'MACPD']","[0.3321620571080942, 0.3321620571080942, 0.3321620571080942, 0.3321620571080942, 0.3321620571081212, 0.3321620571081212, 0.3321620571081212, 0.3321620571080942, 0.3321620571081212, -0.3321620571080075, -0.3321620571080075, -0.3321620571080075, 0.3321620571080942, 0.3321620571080942, -0.3321620571080075, 0.3321620571080075, 0.3321620571080075, 0.3321620571080075, 0.3321620571080075, 1.3286482284315753, 0.3321620571080942, 0.3321620571080942, 0.3321620571080942, 0.3321620571080942, -0.3321620571080075, -0.3321620571080075, -0.3321620571080075, -0.3321620571080075, -1.328648228432097, 0.33216205710952174, -0.33216205710800545, -0.3321620571080075, -0.3321620571080075, -0.3321620571080075, -0.3321620571080075, 0.3321620571080942, -1.328648228431519]","[0.3321620571080942, 0.3321620571080942, 0.3321620571080942, 0.3321620571080942, 0.3321620571081212, 0.3321620571081212, 0.3321620571081212, 0.3321620571080942, 0.3321620571081212, 0.3321620571080075, 0.3321620571080075, 0.3321620571080075, 0.3321620571080942, 0.3321620571080942, 0.3321620571080075, 0.3321620571080075, 0.3321620571080075, 0.3321620571080075, 0.3321620571080075, 1.3286482284315753, 0.3321620571080942, 0.3321620571080942, 0.3321620571080942, 0.3321620571080942, 0.3321620571080075, 0.3321620571080075, 0.3321620571080075, 0.3321620571080075, 1.328648228432097, 0.33216205710952174, 0.33216205710800545, 0.3321620571080075, 0.3321620571080075, 0.3321620571080075, 0.3321620571080075, 0.3321620571080942, 1.328648228431519]","['3HAD100', '3HAD40', '3HAD60', '3HAD80', '3OAR40', '3OAR60', '3OAR80', '3OAS100', '3OAR100', '3OAS60', '3OAS80', 'EAR100x', 'EAR40x', 'EAR60x', 'EAR80x', 'FA100ACPHi', 'KAS15']","['ACACT1r', 'ACACT2r', 'ACACT3r', 'ACACT4r', 'ACOAD1f', 'ACOAD2f', 'ACOAD3f', 'ACOAD4f', 'ACOATA', 'ECOAH1', 'ECOAH2', 'ECOAH3', 'ECOAH4', 'FADRx2', 'FACOAE100', 'HACD1', 'HACD2', 'HACD3', 'HACD4', 'MACPD']",[],HACD2,3HAD100,15.279454626969127,1,37,0,-7.0,-1.3286482284350305,iECW_1372,PSL,True,False,-8.86501507738546,0.0,0.0,0.0
155,"['3HAD40', '3HAD60', '3HAD80', '3OAR40', '3OAR60', '3OAR80', 'ACACT1r', 'ACACT2r', 'ACACT3r', '3OAS60', '3OAS80', 'ACOAD1f', 'ACOAD2f', 'ACOAD3f', 'ACOATA', 'EAR40x', 'EAR60x', 'EAR80x', 'ECOAH1', 'ECOAH2', 'ECOAH3', 'FACOAE80', 'FADRx2', 'FA80ACPHi', 'HACD1', 'HACD2', 'KAS15', 'MACPD', 'HACD3i']","[0.33216205710800056, 0.33216205710800056, 0.33216205710800056, 0.33216205710800056, 0.33216205710800056, 0.33216205710800056, -0.332162057108, -0.332162057108, -0.332162057108, 0.33216205710800056, 0.33216205710800056, 0.332162057108, 0.332162057108, 0.332162057108, 0.9964861713242456, 0.33216205710800056, 0.33216205710800056, 0.33216205710800056, -0.332162057108, -0.332162057108, -0.332162057108, -0.33216205710800056, -0.996486171325708, 0.33216205710800056, -0.332162057108, -0.332162057108, 0.33216205710800056, -0.9964861713242456, 0.332162057108]","[0.33216205710800056, 0.33216205710800056, 0.33216205710800056, 0.33216205710800056, 0.33216205710800056, 0.33216205710800056, 0.332162057108, 0.332162057108, 0.332162057108, 0.33216205710800056, 0.33216205710800056, 0.332162057108, 0.332162057108, 0.332162057108, 0.9964861713242456, 0.33216205710800056, 0.33216205710800056, 0.33216205710800056, 0.332162057108, 0.332162057108, 0.332162057108, 0.33216205710800056, 0.996486171325708, 0.33216205710800056, 0.332162057108, 0.332162057108, 0.33216205710800056, 0.9964861713242456, 0.332162057108]","['3HAD40', '3HAD60', '3HAD80', '3OAR40', '3OAR60', '3OAR80', '3OAS60', '3OAS80', 'EAR40x', 'EAR60x', 'EAR80x', 'FA80ACPHi', 'KAS15', 'HACD3i']","['ACACT1r', 'ACACT2r', 'ACACT3r', 'ACOAD1f', 'ACOAD2f', 'ACOAD3f', 'ACOATA', 'ECOAH1', 'ECOAH2', 'ECOAH3', 'FACOAE80', 'FADRx2', 'HACD1', 'HACD2', 'MACPD']",[],HACD2,3HAD40,11.625671998780136,1,29,0,-7.0,-1.6608102855382985,iECW_1372,PSL,True,False,-8.86501507738546,0.0,0.0,0.0
156,"['3HAD40', '3HAD60', '3HAD80', '3OAR40', '3OAR60', '3OAR80', 'ACACT1r', 'ACACT2r', 'ACACT3r', '3OAS60', '3OAS80', 'ACOAD1f', 'ACOAD2f', 'ACOAD3f', 'ACOATA', 'EAR40x', 'EAR60x', 'EAR80x', 'ECOAH1', 'ECOAH2', 'ECOAH3', 'FACOAE80', 'FADRx2', 'FA80ACPHi', 'HACD1', 'HACD2', 'KAS15', 'MACPD', 'HACD3i']","[0.33216205710800056, 0.33216205710800056, 0.33216205710800056, 0.33216205710800056, 0.33216205710800056, 0.33216205710800056, -0.332162057108, -0.332162057108, -0.332162057108, 0.33216205710800056, 0.33216205710800056, 0.332162057108, 0.332162057108, 0.332162057108, 0.9964861713242456, 0.33216205710800056, 0.33216205710800056, 0.33216205710800056, -0.332162057108, -0.332162057108, -0.332162057108, -0.33216205710800056, -0.996486171325708, 0.33216205710800056, -0.332162057108, -0.332162057108, 0.33216205710800056, -0.9964861713242456, 0.332162057108]","[0.33216205710800056, 0.33216205710800056, 0.33216205710800056, 0.33216205710800056, 0.33216205710800056, 0.33216205710800056, 0.332162057108, 0.332162057108, 0.332162057108, 0.33216205710800056, 0.33216205710800056, 0.332162057108, 0.332162057108, 0.332162057108, 0.9964861713242456, 0.33216205710800056, 0.33216205710800056, 0.33216205710800056, 0.332162057108, 0.332162057108, 0.332162057108, 0.33216205710800056, 0.996486171325708, 0.33216205710800056, 0.332162057108, 0.332162057108, 0.33216205710800056, 0.9964861713242456, 0.332162057108]","['3HAD40', '3HAD60', '3HAD80', '3OAR40', '3OAR60', '3OAR80', '3OAS60', '3OAS80', 'EAR40x', 'EAR60x', 'EAR80x', 'FA80ACPHi', 'KAS15', 'HACD3i']","['ACACT1r', 'ACACT2r', 'ACACT3r', 'ACOAD1f', 'ACOAD2f', 'ACOAD3f', 'ACOATA', 'ECOAH1', 'ECOAH2', 'ECOAH3', 'FACOAE80', 'FADRx2', 'HACD1', 'HACD2', 'MACPD']",[],HACD2,3HAD60,11.625671998780136,1,29,0,-7.0,-1.6608102855382985,iECW_1372,PSL,True,False,-8.86501507738546,0.0,0.0,0.0
157,"['3HAD40', '3HAD60', '3HAD80', '3OAR40', '3OAR60', '3OAR80', 'ACACT1r', 'ACACT2r', 'ACACT3r', '3OAS60', '3OAS80', 'ACOAD1f', 'ACOAD2f', 'ACOAD3f', 'ACOATA', 'EAR40x', 'EAR60x', 'EAR80x', 'ECOAH1', 'ECOAH2', 'ECOAH3', 'FACOAE80', 'FADRx2', 'FA80ACPHi', 'HACD1', 'HACD2', 'KAS15', 'MACPD', 'HACD3i']","[0.33216205710800056, 0.33216205710800056, 0.33216205710800056, 0.33216205710800056, 0.33216205710800056, 0.33216205710800056, -0.332162057108, -0.332162057108, -0.332162057108, 0.33216205710800056, 0.33216205710800056, 0.332162057108, 0.332162057108, 0.332162057108, 0.9964861713242456, 0.33216205710800056, 0.33216205710800056, 0.33216205710800056, -0.332162057108, -0.332162057108, -0.332162057108, -0.33216205710800056, -0.996486171325708, 0.33216205710800056, -0.332162057108, -0.332162057108, 0.33216205710800056, -0.9964861713242456, 0.332162057108]","[0.33216205710800056, 0.33216205710800056, 0.33216205710800056, 0.33216205710800056, 0.33216205710800056, 0.33216205710800056, 0.332162057108, 0.332162057108, 0.332162057108, 0.33216205710800056, 0.33216205710800056, 0.332162057108, 0.332162057108, 0.332162057108, 0.9964861713242456, 0.33216205710800056, 0.33216205710800056, 0.33216205710800056, 0.332162057108, 0.332162057108, 0.332162057108, 0.33216205710800056, 0.996486171325708, 0.33216205710800056, 0.332162057108, 0.332162057108, 0.33216205710800056, 0.9964861713242456, 0.332162057108]","['3HAD40', '3HAD60', '3HAD80', '3OAR40', '3OAR60', '3OAR80', '3OAS60', '3OAS80', 'EAR40x', 'EAR60x', 'EAR80x', 'FA80ACPHi', 'KAS15', 'HACD3i']","['ACACT1r', 'ACACT2r', 'ACACT3r', 'ACOAD1f', 'ACOAD2f', 'ACOAD3f', 'ACOATA', 'ECOAH1', 'ECOAH2', 'ECOAH3', 'FACOAE80', 'FADRx2', 'HACD1', 'HACD2', 'MACPD']",[],HACD2,3HAD80,11.625671998780136,1,29,0,-7.0,-1.6608102855382985,iECW_1372,PSL,True,False,-8.86501507738546,0.0,0.0,-0.0051138002733068
158,"['3HAD40', '3HAD60', '3HAD80', '3OAR40', '3OAR60', '3OAR80', 'ACACT1r', 'ACACT2r', 'ACACT3r', '3OAS60', '3OAS80', 'ACOAD1f', 'ACOAD2f', 'ACOAD3f', 'ACOATA', 'EAR40x', 'EAR60x', 'EAR80x', 'ECOAH1', 'ECOAH2', 'ECOAH3', 'FACOAE80', 'FADRx2', 'FA80ACPHi', 'HACD1', 'HACD2', 'KAS15', 'MACPD', 'HACD3i']","[0.33216205710800056, 0.33216205710800056, 0.33216205710800056, 0.33216205710800056, 0.33216205710800056, 0.33216205710800056, -0.332162057108, -0.332162057108, -0.332162057108, 0.33216205710800056, 0.33216205710800056, 0.332162057108, 0.332162057108, 0.332162057108, 0.9964861713242456, 0.33216205710800056, 0.33216205710800056, 0.33216205710800056, -0.332162057108, -0.332162057108, -0.332162057108, -0.33216205710800056, -0.996486171325708, 0.33216205710800056, -0.332162057108, -0.332162057108, 0.33216205710800056, -0.9964861713242456, 0.332162057108]","[0.33216205710800056, 0.33216205710800056, 0.33216205710800056, 0.33216205710800056, 0.33216205710800056, 0.33216205710800056, 0.332162057108, 0.332162057108, 0.332162057108, 0.33216205710800056, 0.33216205710800056, 0.332162057108, 0.332162057108, 0.332162057108, 0.9964861713242456, 0.33216205710800056, 0.33216205710800056, 0.33216205710800056, 0.332162057108, 0.332162057108, 0.332162057108, 0.33216205710800056, 0.996486171325708, 0.33216205710800056, 0.332162057108, 0.332162057108, 0.33216205710800056, 0.9964861713242456, 0.332162057108]","['3HAD40', '3HAD60', '3HAD80', '3OAR40', '3OAR60', '3OAR80', '3OAS60', '3OAS80', 'EAR40x', 'EAR60x', 'EAR80x', 'FA80ACPHi', 'KAS15', 'HACD3i']","['ACACT1r', 'ACACT2r', 'ACACT3r', 'ACOAD1f', 'ACOAD2f', 'ACOAD3f', 'ACOATA', 'ECOAH1', 'ECOAH2', 'ECOAH3', 'FACOAE80', 'FADRx2', 'HACD1', 'HACD2', 'MACPD']",[],HACD2,3OAR40,11.625671998780136,1,29,0,-7.0,-1.6608102855382985,iECW_1372,PSL,True,False,-8.86501507738546,0.0,0.0,0.0
159,"['3HAD40', '3HAD60', '3HAD80', '3OAR40', '3OAR60', '3OAR80', 'ACACT1r', 'ACACT2r', 'ACACT3r', '3OAS60', '3OAS80', 'ACOAD1f', 'ACOAD2f', 'ACOAD3f', 'ACOATA', 'EAR40x', 'EAR60x', 'EAR80x', 'ECOAH1', 'ECOAH2', 'ECOAH3', 'FACOAE80', 'FADRx2', 'FA80ACPHi', 'HACD1', 'HACD2', 'KAS15', 'MACPD', 'HACD3i']","[0.33216205710800056, 0.33216205710800056, 0.33216205710800056, 0.33216205710800056, 0.33216205710800056, 0.33216205710800056, -0.332162057108, -0.332162057108, -0.332162057108, 0.33216205710800056, 0.33216205710800056, 0.332162057108, 0.332162057108, 0.332162057108, 0.9964861713242456, 0.33216205710800056, 0.33216205710800056, 0.33216205710800056, -0.332162057108, -0.332162057108, -0.332162057108, -0.33216205710800056, -0.996486171325708, 0.33216205710800056, -0.332162057108, -0.332162057108, 0.33216205710800056, -0.9964861713242456, 0.332162057108]","[0.33216205710800056, 0.33216205710800056, 0.33216205710800056, 0.33216205710800056, 0.33216205710800056, 0.33216205710800056, 0.332162057108, 0.332162057108, 0.332162057108, 0.33216205710800056, 0.33216205710800056, 0.332162057108, 0.332162057108, 0.332162057108, 0.9964861713242456, 0.33216205710800056, 0.33216205710800056, 0.33216205710800056, 0.332162057108, 0.332162057108, 0.332162057108, 0.33216205710800056, 0.996486171325708, 0.33216205710800056, 0.332162057108, 0.332162057108, 0.33216205710800056, 0.9964861713242456, 0.332162057108]","['3HAD40', '3HAD60', '3HAD80', '3OAR40', '3OAR60', '3OAR80', '3OAS60', '3OAS80', 'EAR40x', 'EAR60x', 'EAR80x', 'FA80ACPHi', 'KAS15', 'HACD3i']","['ACACT1r', 'ACACT2r', 'ACACT3r', 'ACOAD1f', 'ACOAD2f', 'ACOAD3f', 'ACOATA', 'ECOAH1', 'ECOAH2', 'ECOAH3', 'FACOAE80', 'FADRx2', 'HACD1', 'HACD2', 'MACPD']",[],HACD2,3OAR60,11.625671998780136,1,29,0,-7.0,-1.6608102855382985,iECW_1372,PSL,True,False,-8.86501507738546,0.0,0.0,0.0
160,"['3HAD40', '3HAD60', '3HAD80', '3OAR40', '3OAR60', '3OAR80', 'ACACT1r', 'ACACT2r', 'ACACT3r', '3OAS60', '3OAS80', 'ACOAD1f', 'ACOAD2f', 'ACOAD3f', 'ACOATA', 'EAR40x', 'EAR60x', 'EAR80x', 'ECOAH1', 'ECOAH2', 'ECOAH3', 'FACOAE80', 'FADRx2', 'FA80ACPHi', 'HACD1', 'HACD2', 'KAS15', 'MACPD', 'HACD3i']","[0.33216205710800056, 0.33216205710800056, 0.33216205710800056, 0.33216205710800056, 0.33216205710800056, 0.33216205710800056, -0.332162057108, -0.332162057108, -0.332162057108, 0.33216205710800056, 0.33216205710800056, 0.332162057108, 0.332162057108, 0.332162057108, 0.9964861713242456, 0.33216205710800056, 0.33216205710800056, 0.33216205710800056, -0.332162057108, -0.332162057108, -0.332162057108, -0.33216205710800056, -0.996486171325708, 0.33216205710800056, -0.332162057108, -0.332162057108, 0.33216205710800056, -0.9964861713242456, 0.332162057108]","[0.33216205710800056, 0.33216205710800056, 0.33216205710800056, 0.33216205710800056, 0.33216205710800056, 0.33216205710800056, 0.332162057108, 0.332162057108, 0.332162057108, 0.33216205710800056, 0.33216205710800056, 0.332162057108, 0.332162057108, 0.332162057108, 0.9964861713242456, 0.33216205710800056, 0.33216205710800056, 0.33216205710800056, 0.332162057108, 0.332162057108, 0.332162057108, 0.33216205710800056, 0.996486171325708, 0.33216205710800056, 0.332162057108, 0.332162057108, 0.33216205710800056, 0.9964861713242456, 0.332162057108]","['3HAD40', '3HAD60', '3HAD80', '3OAR40', '3OAR60', '3OAR80', '3OAS60', '3OAS80', 'EAR40x', 'EAR60x', 'EAR80x', 'FA80ACPHi', 'KAS15', 'HACD3i']","['ACACT1r', 'ACACT2r', 'ACACT3r', 'ACOAD1f', 'ACOAD2f', 'ACOAD3f', 'ACOATA', 'ECOAH1', 'ECOAH2', 'ECOAH3', 'FACOAE80', 'FADRx2', 'HACD1', 'HACD2', 'MACPD']",[],HACD2,3OAR80,11.625671998780136,1,29,0,-7.0,-1.6608102855382985,iECW_1372,PSL,True,False,-8.86501507738546,0.0,0.0,0.0
161,"['3HAD100', '3HAD40', '3HAD60', '3HAD80', '3OAR40', '3OAR60', '3OAR80', '3OAS100', '3OAR100', 'ACACT1r', 'ACACT2r', 'ACACT3r', '3OAS60', '3OAS80', 'ACACT4r', 'ACOAD1f', 'ACOAD2f', 'ACOAD3f', 'ACOAD4f', 'ACOATA', 'EAR100x', 'EAR40x', 'EAR60x', 'EAR80x', 'ECOAH1', 'ECOAH2', 'ECOAH3', 'ECOAH4', 'FADRx2', 'FA100ACPHi', 'FACOAE100', 'HACD1', 'HACD2', 'HACD3', 'HACD4', 'KAS15', 'MACPD']","[0.3321620571080942, 0.3321620571080942, 0.3321620571080942, 0.3321620571080942, 0.3321620571081212, 0.3321620571081212, 0.3321620571081212, 0.3321620571080942, 0.3321620571081212, -0.3321620571080075, -0.3321620571080075, -0.3321620571080075, 0.3321620571080942, 0.3321620571080942, -0.3321620571080075, 0.3321620571080075, 0.3321620571080075, 0.3321620571080075, 0.3321620571080075, 1.3286482284315753, 0.3321620571080942, 0.3321620571080942, 0.3321620571080942, 0.3321620571080942, -0.3321620571080075, -0.3321620571080075, -0.3321620571080075, -0.3321620571080075, -1.328648228432097, 0.33216205710952174, -0.33216205710800545, -0.3321620571080075, -0.3321620571080075, -0.3321620571080075, -0.3321620571080075, 0.3321620571080942, -1.328648228431519]","[0.3321620571080942, 0.3321620571080942, 0.3321620571080942, 0.3321620571080942, 0.3321620571081212, 0.3321620571081212, 0.3321620571081212, 0.3321620571080942, 0.3321620571081212, 0.3321620571080075, 0.3321620571080075, 0.3321620571080075, 0.3321620571080942, 0.3321620571080942, 0.3321620571080075, 0.3321620571080075, 0.3321620571080075, 0.3321620571080075, 0.3321620571080075, 1.3286482284315753, 0.3321620571080942, 0.3321620571080942, 0.3321620571080942, 0.3321620571080942, 0.3321620571080075, 0.3321620571080075, 0.3321620571080075, 0.3321620571080075, 1.328648228432097, 0.33216205710952174, 0.33216205710800545, 0.3321620571080075, 0.3321620571080075, 0.3321620571080075, 0.3321620571080075, 0.3321620571080942, 1.328648228431519]","['3HAD100', '3HAD40', '3HAD60', '3HAD80', '3OAR40', '3OAR60', '3OAR80', '3OAS100', '3OAR100', '3OAS60', '3OAS80', 'EAR100x', 'EAR40x', 'EAR60x', 'EAR80x', 'FA100ACPHi', 'KAS15']","['ACACT1r', 'ACACT2r', 'ACACT3r', 'ACACT4r', 'ACOAD1f', 'ACOAD2f', 'ACOAD3f', 'ACOAD4f', 'ACOATA', 'ECOAH1', 'ECOAH2', 'ECOAH3', 'ECOAH4', 'FADRx2', 'FACOAE100', 'HACD1', 'HACD2', 'HACD3', 'HACD4', 'MACPD']",[],HACD2,3OAS100,15.279454626969127,1,37,0,-7.0,-1.3286482284350305,iECW_1372,PSL,True,False,-8.86501507738546,0.0,0.0,0.0
162,"['3HAD100', '3HAD40', '3HAD60', '3HAD80', '3OAR40', '3OAR60', '3OAR80', '3OAS100', '3OAR100', 'ACACT1r', 'ACACT2r', 'ACACT3r', '3OAS60', '3OAS80', 'ACACT4r', 'ACOAD1f', 'ACOAD2f', 'ACOAD3f', 'ACOAD4f', 'ACOATA', 'EAR100x', 'EAR40x', 'EAR60x', 'EAR80x', 'ECOAH1', 'ECOAH2', 'ECOAH3', 'ECOAH4', 'FADRx2', 'FA100ACPHi', 'FACOAE100', 'HACD1', 'HACD2', 'HACD3', 'HACD4', 'KAS15', 'MACPD']","[0.3321620571080942, 0.3321620571080942, 0.3321620571080942, 0.3321620571080942, 0.3321620571081212, 0.3321620571081212, 0.3321620571081212, 0.3321620571080942, 0.3321620571081212, -0.3321620571080075, -0.3321620571080075, -0.3321620571080075, 0.3321620571080942, 0.3321620571080942, -0.3321620571080075, 0.3321620571080075, 0.3321620571080075, 0.3321620571080075, 0.3321620571080075, 1.3286482284315753, 0.3321620571080942, 0.3321620571080942, 0.3321620571080942, 0.3321620571080942, -0.3321620571080075, -0.3321620571080075, -0.3321620571080075, -0.3321620571080075, -1.328648228432097, 0.33216205710952174, -0.33216205710800545, -0.3321620571080075, -0.3321620571080075, -0.3321620571080075, -0.3321620571080075, 0.3321620571080942, -1.328648228431519]","[0.3321620571080942, 0.3321620571080942, 0.3321620571080942, 0.3321620571080942, 0.3321620571081212, 0.3321620571081212, 0.3321620571081212, 0.3321620571080942, 0.3321620571081212, 0.3321620571080075, 0.3321620571080075, 0.3321620571080075, 0.3321620571080942, 0.3321620571080942, 0.3321620571080075, 0.3321620571080075, 0.3321620571080075, 0.3321620571080075, 0.3321620571080075, 1.3286482284315753, 0.3321620571080942, 0.3321620571080942, 0.3321620571080942, 0.3321620571080942, 0.3321620571080075, 0.3321620571080075, 0.3321620571080075, 0.3321620571080075, 1.328648228432097, 0.33216205710952174, 0.33216205710800545, 0.3321620571080075, 0.3321620571080075, 0.3321620571080075, 0.3321620571080075, 0.3321620571080942, 1.328648228431519]","['3HAD100', '3HAD40', '3HAD60', '3HAD80', '3OAR40', '3OAR60', '3OAR80', '3OAS100', '3OAR100', '3OAS60', '3OAS80', 'EAR100x', 'EAR40x', 'EAR60x', 'EAR80x', 'FA100ACPHi', 'KAS15']","['ACACT1r', 'ACACT2r', 'ACACT3r', 'ACACT4r', 'ACOAD1f', 'ACOAD2f', 'ACOAD3f', 'ACOAD4f', 'ACOATA', 'ECOAH1', 'ECOAH2', 'ECOAH3', 'ECOAH4', 'FADRx2', 'FACOAE100', 'HACD1', 'HACD2', 'HACD3', 'HACD4', 'MACPD']",[],HACD2,3OAR100,15.279454626969127,1,37,0,-7.0,-1.3286482284350305,iECW_1372,PSL,True,False,-8.86501507738546,0.0,0.0,0.0
163,"['3HAD40', '3HAD60', '3HAD80', '3OAR40', '3OAR60', '3OAR80', 'ACACT1r', 'ACACT2r', 'ACACT3r', '3OAS60', '3OAS80', 'ACOAD1f', 'ACOAD2f', 'ACOAD3f', 'ACOATA', 'EAR40x', 'EAR60x', 'EAR80x', 'ECOAH1', 'ECOAH2', 'ECOAH3', 'FACOAE80', 'FADRx2', 'FA80ACPHi', 'HACD1', 'HACD2', 'KAS15', 'MACPD', 'HACD3i']","[0.33216205710800056, 0.33216205710800056, 0.33216205710800056, 0.33216205710800056, 0.33216205710800056, 0.33216205710800056, -0.332162057108, -0.332162057108, -0.332162057108, 0.33216205710800056, 0.33216205710800056, 0.332162057108, 0.332162057108, 0.332162057108, 0.9964861713242456, 0.33216205710800056, 0.33216205710800056, 0.33216205710800056, -0.332162057108, -0.332162057108, -0.332162057108, -0.33216205710800056, -0.996486171325708, 0.33216205710800056, -0.332162057108, -0.332162057108, 0.33216205710800056, -0.9964861713242456, 0.332162057108]","[0.33216205710800056, 0.33216205710800056, 0.33216205710800056, 0.33216205710800056, 0.33216205710800056, 0.33216205710800056, 0.332162057108, 0.332162057108, 0.332162057108, 0.33216205710800056, 0.33216205710800056, 0.332162057108, 0.332162057108, 0.332162057108, 0.9964861713242456, 0.33216205710800056, 0.33216205710800056, 0.33216205710800056, 0.332162057108, 0.332162057108, 0.332162057108, 0.33216205710800056, 0.996486171325708, 0.33216205710800056, 0.332162057108, 0.332162057108, 0.33216205710800056, 0.9964861713242456, 0.332162057108]","['3HAD40', '3HAD60', '3HAD80', '3OAR40', '3OAR60', '3OAR80', '3OAS60', '3OAS80', 'EAR40x', 'EAR60x', 'EAR80x', 'FA80ACPHi', 'KAS15', 'HACD3i']","['ACACT1r', 'ACACT2r', 'ACACT3r', 'ACOAD1f', 'ACOAD2f', 'ACOAD3f', 'ACOATA', 'ECOAH1', 'ECOAH2', 'ECOAH3', 'FACOAE80', 'FADRx2', 'HACD1', 'HACD2', 'MACPD']",[],HACD2,3OAS60,11.625671998780136,1,29,0,-7.0,-1.6608102855382985,iECW_1372,PSL,True,False,-8.86501507738546,0.0,0.0,0.0
164,"['3HAD40', '3HAD60', '3HAD80', '3OAR40', '3OAR60', '3OAR80', 'ACACT1r', 'ACACT2r', 'ACACT3r', '3OAS60', '3OAS80', 'ACOAD1f', 'ACOAD2f', 'ACOAD3f', 'ACOATA', 'EAR40x', 'EAR60x', 'EAR80x', 'ECOAH1', 'ECOAH2', 'ECOAH3', 'FACOAE80', 'FADRx2', 'FA80ACPHi', 'HACD1', 'HACD2', 'KAS15', 'MACPD', 'HACD3i']","[0.33216205710800056, 0.33216205710800056, 0.33216205710800056, 0.33216205710800056, 0.33216205710800056, 0.33216205710800056, -0.332162057108, -0.332162057108, -0.332162057108, 0.33216205710800056, 0.33216205710800056, 0.332162057108, 0.332162057108, 0.332162057108, 0.9964861713242456, 0.33216205710800056, 0.33216205710800056, 0.33216205710800056, -0.332162057108, -0.332162057108, -0.332162057108, -0.33216205710800056, -0.996486171325708, 0.33216205710800056, -0.332162057108, -0.332162057108, 0.33216205710800056, -0.9964861713242456, 0.332162057108]","[0.33216205710800056, 0.33216205710800056, 0.33216205710800056, 0.33216205710800056, 0.33216205710800056, 0.33216205710800056, 0.332162057108, 0.332162057108, 0.332162057108, 0.33216205710800056, 0.33216205710800056, 0.332162057108, 0.332162057108, 0.332162057108, 0.9964861713242456, 0.33216205710800056, 0.33216205710800056, 0.33216205710800056, 0.332162057108, 0.332162057108, 0.332162057108, 0.33216205710800056, 0.996486171325708, 0.33216205710800056, 0.332162057108, 0.332162057108, 0.33216205710800056, 0.9964861713242456, 0.332162057108]","['3HAD40', '3HAD60', '3HAD80', '3OAR40', '3OAR60', '3OAR80', '3OAS60', '3OAS80', 'EAR40x', 'EAR60x', 'EAR80x', 'FA80ACPHi', 'KAS15', 'HACD3i']","['ACACT1r', 'ACACT2r', 'ACACT3r', 'ACOAD1f', 'ACOAD2f', 'ACOAD3f', 'ACOATA', 'ECOAH1', 'ECOAH2', 'ECOAH3', 'FACOAE80', 'FADRx2', 'HACD1', 'HACD2', 'MACPD']",[],HACD2,3OAS80,11.625671998780136,1,29,0,-7.0,-1.6608102855382985,iECW_1372,PSL,True,False,-8.86501507738546,0.0,0.0,0.0
165,"['3HAD100', '3HAD40', '3HAD60', '3HAD80', '3OAR40', '3OAR60', '3OAR80', '3OAS100', '3OAR100', 'ACACT1r', 'ACACT2r', 'ACACT3r', '3OAS60', '3OAS80', 'ACACT4r', 'ACOAD1f', 'ACOAD2f', 'ACOAD3f', 'ACOAD4f', 'ACOATA', 'EAR100x', 'EAR40x', 'EAR60x', 'EAR80x', 'ECOAH1', 'ECOAH2', 'ECOAH3', 'ECOAH4', 'FADRx2', 'FA100ACPHi', 'FACOAE100', 'HACD1', 'HACD2', 'HACD3', 'HACD4', 'KAS15', 'MACPD']","[0.332162057108, 0.332162057108, 0.332162057108, 0.332162057108, 0.332162057108, 0.332162057108, 0.332162057108, 0.332162057108, 0.332162057108, -0.332162057108, -0.332162057108, -0.332162057108, 0.332162057108, 0.332162057108, -0.332162057108, 0.332162057108, 0.332162057108, 0.332162057108, 0.332162057108, 1.328648228432, 0.332162057108, 0.332162057108, 0.332162057108, 0.332162057108, -0.332162057108, -0.332162057108, -0.332162057108, -0.332162057108, -1.328648228432279, 0.332162057108, -0.332162057108, -0.332162057108, -0.332162057108, -0.332162057108, -0.332162057108, 0.332162057108, -1.328648228432]","[0.332162057108, 0.332162057108, 0.332162057108, 0.332162057108, 0.332162057108, 0.332162057108, 0.332162057108, 0.332162057108, 0.332162057108, 0.332162057108, 0.332162057108, 0.332162057108, 0.332162057108, 0.332162057108, 0.332162057108, 0.332162057108, 0.332162057108, 0.332162057108, 0.332162057108, 1.328648228432, 0.332162057108, 0.332162057108, 0.332162057108, 0.332162057108, 0.332162057108, 0.332162057108, 0.332162057108, 0.332162057108, 1.328648228432279, 0.332162057108, 0.332162057108, 0.332162057108, 0.332162057108, 0.332162057108, 0.332162057108, 0.332162057108, 1.328648228432]","['3HAD100', '3HAD40', '3HAD60', '3HAD80', '3OAR40', '3OAR60', '3OAR80', '3OAS100', '3OAR100', '3OAS60', '3OAS80', 'EAR100x', 'EAR40x', 'EAR60x', 'EAR80x', 'FA100ACPHi', 'KAS15']","['ACACT1r', 'ACACT2r', 'ACACT3r', 'ACACT4r', 'ACOAD1f', 'ACOAD2f', 'ACOAD3f', 'ACOAD4f', 'ACOATA', 'ECOAH1', 'ECOAH2', 'ECOAH3', 'ECOAH4', 'FADRx2', 'FACOAE100', 'HACD1', 'HACD2', 'HACD3', 'HACD4', 'MACPD']",[],HACD3,3HAD100,15.27945462697028,1,37,0,-7.0,-1.3286482284317216,iECW_1372,PSL,True,False,-8.86501507738456,0.0,0.0,0.0
166,"['3HAD40', '3HAD60', '3HAD80', '3OAR40', '3OAR60', '3OAR80', 'ACACT1r', 'ACACT2r', 'ACACT3r', '3OAS60', '3OAS80', 'ACOAD1f', 'ACOAD2f', 'ACOAD3f', 'ACOATA', 'EAR40x', 'EAR60x', 'EAR80x', 'ECOAH1', 'ECOAH2', 'ECOAH3', 'FACOAE80', 'FADRx2', 'FA80ACPHi', 'HACD3', 'KAS15', 'MACPD']","[0.33216205710796715, 0.33216205710796715, 0.33216205710796715, 0.33216205710796715, 0.33216205710796715, 0.33216205710796715, -0.3321620571080075, -0.3321620571080075, -0.3321620571080075, 0.33216205710796715, 0.33216205710796715, 0.3321620571080075, 0.3321620571080075, 0.3321620571080075, 0.996486171323924, 0.33216205710796715, 0.33216205710796715, 0.33216205710796715, -0.3321620571080075, -0.3321620571080075, -0.3321620571080075, -0.33216205710796676, -0.9964861713242381, 0.33216205710796676, -0.3321620571080075, 0.33216205710796715, -0.996486171323924]","[0.33216205710796715, 0.33216205710796715, 0.33216205710796715, 0.33216205710796715, 0.33216205710796715, 0.33216205710796715, 0.3321620571080075, 0.3321620571080075, 0.3321620571080075, 0.33216205710796715, 0.33216205710796715, 0.3321620571080075, 0.3321620571080075, 0.3321620571080075, 0.996486171323924, 0.33216205710796715, 0.33216205710796715, 0.33216205710796715, 0.3321620571080075, 0.3321620571080075, 0.3321620571080075, 0.33216205710796676, 0.9964861713242381, 0.33216205710796676, 0.3321620571080075, 0.33216205710796715, 0.996486171323924]","['3HAD40', '3HAD60', '3HAD80', '3OAR40', '3OAR60', '3OAR80', '3OAS60', '3OAS80', 'EAR40x', 'EAR60x', 'EAR80x', 'FA80ACPHi', 'KAS15']","['ACACT1r', 'ACACT2r', 'ACACT3r', 'ACOAD1f', 'ACOAD2f', 'ACOAD3f', 'ACOATA', 'ECOAH1', 'ECOAH2', 'ECOAH3', 'FACOAE80', 'FADRx2', 'HACD3', 'MACPD']",[],HACD3,3HAD40,11.625671998783437,1,27,0,-7.0,-1.6608102855393376,iECW_1372,PSL,True,False,-8.86501507738456,0.0,0.0,0.0
167,"['3HAD40', '3HAD60', '3HAD80', '3OAR40', '3OAR60', '3OAR80', 'ACACT1r', 'ACACT2r', 'ACACT3r', '3OAS60', '3OAS80', 'ACOAD1f', 'ACOAD2f', 'ACOAD3f', 'ACOATA', 'EAR40x', 'EAR60x', 'EAR80x', 'ECOAH1', 'ECOAH2', 'ECOAH3', 'FACOAE80', 'FADRx2', 'FA80ACPHi', 'HACD3', 'KAS15', 'MACPD']","[0.33216205710796715, 0.33216205710796715, 0.33216205710796715, 0.33216205710796715, 0.33216205710796715, 0.33216205710796715, -0.3321620571080075, -0.3321620571080075, -0.3321620571080075, 0.33216205710796715, 0.33216205710796715, 0.3321620571080075, 0.3321620571080075, 0.3321620571080075, 0.996486171323924, 0.33216205710796715, 0.33216205710796715, 0.33216205710796715, -0.3321620571080075, -0.3321620571080075, -0.3321620571080075, -0.33216205710796676, -0.9964861713242381, 0.33216205710796676, -0.3321620571080075, 0.33216205710796715, -0.996486171323924]","[0.33216205710796715, 0.33216205710796715, 0.33216205710796715, 0.33216205710796715, 0.33216205710796715, 0.33216205710796715, 0.3321620571080075, 0.3321620571080075, 0.3321620571080075, 0.33216205710796715, 0.33216205710796715, 0.3321620571080075, 0.3321620571080075, 0.3321620571080075, 0.996486171323924, 0.33216205710796715, 0.33216205710796715, 0.33216205710796715, 0.3321620571080075, 0.3321620571080075, 0.3321620571080075, 0.33216205710796676, 0.9964861713242381, 0.33216205710796676, 0.3321620571080075, 0.33216205710796715, 0.996486171323924]","['3HAD40', '3HAD60', '3HAD80', '3OAR40', '3OAR60', '3OAR80', '3OAS60', '3OAS80', 'EAR40x', 'EAR60x', 'EAR80x', 'FA80ACPHi', 'KAS15']","['ACACT1r', 'ACACT2r', 'ACACT3r', 'ACOAD1f', 'ACOAD2f', 'ACOAD3f', 'ACOATA', 'ECOAH1', 'ECOAH2', 'ECOAH3', 'FACOAE80', 'FADRx2', 'HACD3', 'MACPD']",[],HACD3,3HAD60,11.625671998783437,1,27,0,-7.0,-1.6608102855393376,iECW_1372,PSL,True,False,-8.86501507738456,0.0,0.0,0.0
168,"['3HAD40', '3HAD60', '3HAD80', '3OAR40', '3OAR60', '3OAR80', 'ACACT1r', 'ACACT2r', 'ACACT3r', '3OAS60', '3OAS80', 'ACOAD1f', 'ACOAD2f', 'ACOAD3f', 'ACOATA', 'EAR40x', 'EAR60x', 'EAR80x', 'ECOAH1', 'ECOAH2', 'ECOAH3', 'FACOAE80', 'FADRx2', 'FA80ACPHi', 'HACD3', 'KAS15', 'MACPD']","[0.33216205710796715, 0.33216205710796715, 0.33216205710796715, 0.33216205710796715, 0.33216205710796715, 0.33216205710796715, -0.3321620571080075, -0.3321620571080075, -0.3321620571080075, 0.33216205710796715, 0.33216205710796715, 0.3321620571080075, 0.3321620571080075, 0.3321620571080075, 0.996486171323924, 0.33216205710796715, 0.33216205710796715, 0.33216205710796715, -0.3321620571080075, -0.3321620571080075, -0.3321620571080075, -0.33216205710796676, -0.9964861713242381, 0.33216205710796676, -0.3321620571080075, 0.33216205710796715, -0.996486171323924]","[0.33216205710796715, 0.33216205710796715, 0.33216205710796715, 0.33216205710796715, 0.33216205710796715, 0.33216205710796715, 0.3321620571080075, 0.3321620571080075, 0.3321620571080075, 0.33216205710796715, 0.33216205710796715, 0.3321620571080075, 0.3321620571080075, 0.3321620571080075, 0.996486171323924, 0.33216205710796715, 0.33216205710796715, 0.33216205710796715, 0.3321620571080075, 0.3321620571080075, 0.3321620571080075, 0.33216205710796676, 0.9964861713242381, 0.33216205710796676, 0.3321620571080075, 0.33216205710796715, 0.996486171323924]","['3HAD40', '3HAD60', '3HAD80', '3OAR40', '3OAR60', '3OAR80', '3OAS60', '3OAS80', 'EAR40x', 'EAR60x', 'EAR80x', 'FA80ACPHi', 'KAS15']","['ACACT1r', 'ACACT2r', 'ACACT3r', 'ACOAD1f', 'ACOAD2f', 'ACOAD3f', 'ACOATA', 'ECOAH1', 'ECOAH2', 'ECOAH3', 'FACOAE80', 'FADRx2', 'HACD3', 'MACPD']",[],HACD3,3HAD80,11.625671998783437,1,27,0,-7.0,-1.6608102855393376,iECW_1372,PSL,True,False,-8.86501507738456,0.0,0.0,-0.0051138002733068
169,"['3HAD40', '3HAD60', '3HAD80', '3OAR40', '3OAR60', '3OAR80', 'ACACT1r', 'ACACT2r', 'ACACT3r', '3OAS60', '3OAS80', 'ACOAD1f', 'ACOAD2f', 'ACOAD3f', 'ACOATA', 'EAR40x', 'EAR60x', 'EAR80x', 'ECOAH1', 'ECOAH2', 'ECOAH3', 'FACOAE80', 'FADRx2', 'FA80ACPHi', 'HACD3', 'KAS15', 'MACPD']","[0.33216205710796715, 0.33216205710796715, 0.33216205710796715, 0.33216205710796715, 0.33216205710796715, 0.33216205710796715, -0.3321620571080075, -0.3321620571080075, -0.3321620571080075, 0.33216205710796715, 0.33216205710796715, 0.3321620571080075, 0.3321620571080075, 0.3321620571080075, 0.996486171323924, 0.33216205710796715, 0.33216205710796715, 0.33216205710796715, -0.3321620571080075, -0.3321620571080075, -0.3321620571080075, -0.33216205710796676, -0.9964861713242381, 0.33216205710796676, -0.3321620571080075, 0.33216205710796715, -0.996486171323924]","[0.33216205710796715, 0.33216205710796715, 0.33216205710796715, 0.33216205710796715, 0.33216205710796715, 0.33216205710796715, 0.3321620571080075, 0.3321620571080075, 0.3321620571080075, 0.33216205710796715, 0.33216205710796715, 0.3321620571080075, 0.3321620571080075, 0.3321620571080075, 0.996486171323924, 0.33216205710796715, 0.33216205710796715, 0.33216205710796715, 0.3321620571080075, 0.3321620571080075, 0.3321620571080075, 0.33216205710796676, 0.9964861713242381, 0.33216205710796676, 0.3321620571080075, 0.33216205710796715, 0.996486171323924]","['3HAD40', '3HAD60', '3HAD80', '3OAR40', '3OAR60', '3OAR80', '3OAS60', '3OAS80', 'EAR40x', 'EAR60x', 'EAR80x', 'FA80ACPHi', 'KAS15']","['ACACT1r', 'ACACT2r', 'ACACT3r', 'ACOAD1f', 'ACOAD2f', 'ACOAD3f', 'ACOATA', 'ECOAH1', 'ECOAH2', 'ECOAH3', 'FACOAE80', 'FADRx2', 'HACD3', 'MACPD']",[],HACD3,3OAR40,11.625671998783437,1,27,0,-7.0,-1.6608102855393376,iECW_1372,PSL,True,False,-8.86501507738456,0.0,0.0,0.0
170,"['3HAD40', '3HAD60', '3HAD80', '3OAR40', '3OAR60', '3OAR80', 'ACACT1r', 'ACACT2r', 'ACACT3r', '3OAS60', '3OAS80', 'ACOAD1f', 'ACOAD2f', 'ACOAD3f', 'ACOATA', 'EAR40x', 'EAR60x', 'EAR80x', 'ECOAH1', 'ECOAH2', 'ECOAH3', 'FACOAE80', 'FADRx2', 'FA80ACPHi', 'HACD3', 'KAS15', 'MACPD']","[0.33216205710796715, 0.33216205710796715, 0.33216205710796715, 0.33216205710796715, 0.33216205710796715, 0.33216205710796715, -0.3321620571080075, -0.3321620571080075, -0.3321620571080075, 0.33216205710796715, 0.33216205710796715, 0.3321620571080075, 0.3321620571080075, 0.3321620571080075, 0.996486171323924, 0.33216205710796715, 0.33216205710796715, 0.33216205710796715, -0.3321620571080075, -0.3321620571080075, -0.3321620571080075, -0.33216205710796676, -0.9964861713242381, 0.33216205710796676, -0.3321620571080075, 0.33216205710796715, -0.996486171323924]","[0.33216205710796715, 0.33216205710796715, 0.33216205710796715, 0.33216205710796715, 0.33216205710796715, 0.33216205710796715, 0.3321620571080075, 0.3321620571080075, 0.3321620571080075, 0.33216205710796715, 0.33216205710796715, 0.3321620571080075, 0.3321620571080075, 0.3321620571080075, 0.996486171323924, 0.33216205710796715, 0.33216205710796715, 0.33216205710796715, 0.3321620571080075, 0.3321620571080075, 0.3321620571080075, 0.33216205710796676, 0.9964861713242381, 0.33216205710796676, 0.3321620571080075, 0.33216205710796715, 0.996486171323924]","['3HAD40', '3HAD60', '3HAD80', '3OAR40', '3OAR60', '3OAR80', '3OAS60', '3OAS80', 'EAR40x', 'EAR60x', 'EAR80x', 'FA80ACPHi', 'KAS15']","['ACACT1r', 'ACACT2r', 'ACACT3r', 'ACOAD1f', 'ACOAD2f', 'ACOAD3f', 'ACOATA', 'ECOAH1', 'ECOAH2', 'ECOAH3', 'FACOAE80', 'FADRx2', 'HACD3', 'MACPD']",[],HACD3,3OAR60,11.625671998783437,1,27,0,-7.0,-1.6608102855393376,iECW_1372,PSL,True,False,-8.86501507738456,0.0,0.0,0.0
171,"['3HAD40', '3HAD60', '3HAD80', '3OAR40', '3OAR60', '3OAR80', 'ACACT1r', 'ACACT2r', 'ACACT3r', '3OAS60', '3OAS80', 'ACOAD1f', 'ACOAD2f', 'ACOAD3f', 'ACOATA', 'EAR40x', 'EAR60x', 'EAR80x', 'ECOAH1', 'ECOAH2', 'ECOAH3', 'FACOAE80', 'FADRx2', 'FA80ACPHi', 'HACD3', 'KAS15', 'MACPD']","[0.33216205710796715, 0.33216205710796715, 0.33216205710796715, 0.33216205710796715, 0.33216205710796715, 0.33216205710796715, -0.3321620571080075, -0.3321620571080075, -0.3321620571080075, 0.33216205710796715, 0.33216205710796715, 0.3321620571080075, 0.3321620571080075, 0.3321620571080075, 0.996486171323924, 0.33216205710796715, 0.33216205710796715, 0.33216205710796715, -0.3321620571080075, -0.3321620571080075, -0.3321620571080075, -0.33216205710796676, -0.9964861713242381, 0.33216205710796676, -0.3321620571080075, 0.33216205710796715, -0.996486171323924]","[0.33216205710796715, 0.33216205710796715, 0.33216205710796715, 0.33216205710796715, 0.33216205710796715, 0.33216205710796715, 0.3321620571080075, 0.3321620571080075, 0.3321620571080075, 0.33216205710796715, 0.33216205710796715, 0.3321620571080075, 0.3321620571080075, 0.3321620571080075, 0.996486171323924, 0.33216205710796715, 0.33216205710796715, 0.33216205710796715, 0.3321620571080075, 0.3321620571080075, 0.3321620571080075, 0.33216205710796676, 0.9964861713242381, 0.33216205710796676, 0.3321620571080075, 0.33216205710796715, 0.996486171323924]","['3HAD40', '3HAD60', '3HAD80', '3OAR40', '3OAR60', '3OAR80', '3OAS60', '3OAS80', 'EAR40x', 'EAR60x', 'EAR80x', 'FA80ACPHi', 'KAS15']","['ACACT1r', 'ACACT2r', 'ACACT3r', 'ACOAD1f', 'ACOAD2f', 'ACOAD3f', 'ACOATA', 'ECOAH1', 'ECOAH2', 'ECOAH3', 'FACOAE80', 'FADRx2', 'HACD3', 'MACPD']",[],HACD3,3OAR80,11.625671998783437,1,27,0,-7.0,-1.6608102855393376,iECW_1372,PSL,True,False,-8.86501507738456,0.0,0.0,0.0
172,"['3HAD100', '3HAD40', '3HAD60', '3HAD80', '3OAR40', '3OAR60', '3OAR80', '3OAS100', '3OAR100', 'ACACT1r', 'ACACT2r', 'ACACT3r', '3OAS60', '3OAS80', 'ACACT4r', 'ACOAD1f', 'ACOAD2f', 'ACOAD3f', 'ACOAD4f', 'ACOATA', 'EAR100x', 'EAR40x', 'EAR60x', 'EAR80x', 'ECOAH1', 'ECOAH2', 'ECOAH3', 'ECOAH4', 'FADRx2', 'FA100ACPHi', 'FACOAE100', 'HACD1', 'HACD2', 'HACD3', 'HACD4', 'KAS15', 'MACPD']","[0.332162057108, 0.332162057108, 0.332162057108, 0.332162057108, 0.332162057108, 0.332162057108, 0.332162057108, 0.332162057108, 0.332162057108, -0.332162057108, -0.332162057108, -0.332162057108, 0.332162057108, 0.332162057108, -0.332162057108, 0.332162057108, 0.332162057108, 0.332162057108, 0.332162057108, 1.328648228432, 0.332162057108, 0.332162057108, 0.332162057108, 0.332162057108, -0.332162057108, -0.332162057108, -0.332162057108, -0.332162057108, -1.328648228432279, 0.332162057108, -0.332162057108, -0.332162057108, -0.332162057108, -0.332162057108, -0.332162057108, 0.332162057108, -1.328648228432]","[0.332162057108, 0.332162057108, 0.332162057108, 0.332162057108, 0.332162057108, 0.332162057108, 0.332162057108, 0.332162057108, 0.332162057108, 0.332162057108, 0.332162057108, 0.332162057108, 0.332162057108, 0.332162057108, 0.332162057108, 0.332162057108, 0.332162057108, 0.332162057108, 0.332162057108, 1.328648228432, 0.332162057108, 0.332162057108, 0.332162057108, 0.332162057108, 0.332162057108, 0.332162057108, 0.332162057108, 0.332162057108, 1.328648228432279, 0.332162057108, 0.332162057108, 0.332162057108, 0.332162057108, 0.332162057108, 0.332162057108, 0.332162057108, 1.328648228432]","['3HAD100', '3HAD40', '3HAD60', '3HAD80', '3OAR40', '3OAR60', '3OAR80', '3OAS100', '3OAR100', '3OAS60', '3OAS80', 'EAR100x', 'EAR40x', 'EAR60x', 'EAR80x', 'FA100ACPHi', 'KAS15']","['ACACT1r', 'ACACT2r', 'ACACT3r', 'ACACT4r', 'ACOAD1f', 'ACOAD2f', 'ACOAD3f', 'ACOAD4f', 'ACOATA', 'ECOAH1', 'ECOAH2', 'ECOAH3', 'ECOAH4', 'FADRx2', 'FACOAE100', 'HACD1', 'HACD2', 'HACD3', 'HACD4', 'MACPD']",[],HACD3,3OAS100,15.27945462697028,1,37,0,-7.0,-1.3286482284317216,iECW_1372,PSL,True,False,-8.86501507738456,0.0,0.0,0.0
173,"['3HAD100', '3HAD40', '3HAD60', '3HAD80', '3OAR40', '3OAR60', '3OAR80', '3OAS100', '3OAR100', 'ACACT1r', 'ACACT2r', 'ACACT3r', '3OAS60', '3OAS80', 'ACACT4r', 'ACOAD1f', 'ACOAD2f', 'ACOAD3f', 'ACOAD4f', 'ACOATA', 'EAR100x', 'EAR40x', 'EAR60x', 'EAR80x', 'ECOAH1', 'ECOAH2', 'ECOAH3', 'ECOAH4', 'FADRx2', 'FA100ACPHi', 'FACOAE100', 'HACD1', 'HACD2', 'HACD3', 'HACD4', 'KAS15', 'MACPD']","[0.332162057108, 0.332162057108, 0.332162057108, 0.332162057108, 0.332162057108, 0.332162057108, 0.332162057108, 0.332162057108, 0.332162057108, -0.332162057108, -0.332162057108, -0.332162057108, 0.332162057108, 0.332162057108, -0.332162057108, 0.332162057108, 0.332162057108, 0.332162057108, 0.332162057108, 1.328648228432, 0.332162057108, 0.332162057108, 0.332162057108, 0.332162057108, -0.332162057108, -0.332162057108, -0.332162057108, -0.332162057108, -1.328648228432279, 0.332162057108, -0.332162057108, -0.332162057108, -0.332162057108, -0.332162057108, -0.332162057108, 0.332162057108, -1.328648228432]","[0.332162057108, 0.332162057108, 0.332162057108, 0.332162057108, 0.332162057108, 0.332162057108, 0.332162057108, 0.332162057108, 0.332162057108, 0.332162057108, 0.332162057108, 0.332162057108, 0.332162057108, 0.332162057108, 0.332162057108, 0.332162057108, 0.332162057108, 0.332162057108, 0.332162057108, 1.328648228432, 0.332162057108, 0.332162057108, 0.332162057108, 0.332162057108, 0.332162057108, 0.332162057108, 0.332162057108, 0.332162057108, 1.328648228432279, 0.332162057108, 0.332162057108, 0.332162057108, 0.332162057108, 0.332162057108, 0.332162057108, 0.332162057108, 1.328648228432]","['3HAD100', '3HAD40', '3HAD60', '3HAD80', '3OAR40', '3OAR60', '3OAR80', '3OAS100', '3OAR100', '3OAS60', '3OAS80', 'EAR100x', 'EAR40x', 'EAR60x', 'EAR80x', 'FA100ACPHi', 'KAS15']","['ACACT1r', 'ACACT2r', 'ACACT3r', 'ACACT4r', 'ACOAD1f', 'ACOAD2f', 'ACOAD3f', 'ACOAD4f', 'ACOATA', 'ECOAH1', 'ECOAH2', 'ECOAH3', 'ECOAH4', 'FADRx2', 'FACOAE100', 'HACD1', 'HACD2', 'HACD3', 'HACD4', 'MACPD']",[],HACD3,3OAR100,15.27945462697028,1,37,0,-7.0,-1.3286482284317216,iECW_1372,PSL,True,False,-8.86501507738456,0.0,0.0,0.0
174,"['3HAD40', '3HAD60', '3HAD80', '3OAR40', '3OAR60', '3OAR80', 'ACACT1r', 'ACACT2r', 'ACACT3r', '3OAS60', '3OAS80', 'ACOAD1f', 'ACOAD2f', 'ACOAD3f', 'ACOATA', 'EAR40x', 'EAR60x', 'EAR80x', 'ECOAH1', 'ECOAH2', 'ECOAH3', 'FACOAE80', 'FADRx2', 'FA80ACPHi', 'HACD3', 'KAS15', 'MACPD']","[0.33216205710796715, 0.33216205710796715, 0.33216205710796715, 0.33216205710796715, 0.33216205710796715, 0.33216205710796715, -0.3321620571080075, -0.3321620571080075, -0.3321620571080075, 0.33216205710796715, 0.33216205710796715, 0.3321620571080075, 0.3321620571080075, 0.3321620571080075, 0.996486171323924, 0.33216205710796715, 0.33216205710796715, 0.33216205710796715, -0.3321620571080075, -0.3321620571080075, -0.3321620571080075, -0.33216205710796676, -0.9964861713242381, 0.33216205710796676, -0.3321620571080075, 0.33216205710796715, -0.996486171323924]","[0.33216205710796715, 0.33216205710796715, 0.33216205710796715, 0.33216205710796715, 0.33216205710796715, 0.33216205710796715, 0.3321620571080075, 0.3321620571080075, 0.3321620571080075, 0.33216205710796715, 0.33216205710796715, 0.3321620571080075, 0.3321620571080075, 0.3321620571080075, 0.996486171323924, 0.33216205710796715, 0.33216205710796715, 0.33216205710796715, 0.3321620571080075, 0.3321620571080075, 0.3321620571080075, 0.33216205710796676, 0.9964861713242381, 0.33216205710796676, 0.3321620571080075, 0.33216205710796715, 0.996486171323924]","['3HAD40', '3HAD60', '3HAD80', '3OAR40', '3OAR60', '3OAR80', '3OAS60', '3OAS80', 'EAR40x', 'EAR60x', 'EAR80x', 'FA80ACPHi', 'KAS15']","['ACACT1r', 'ACACT2r', 'ACACT3r', 'ACOAD1f', 'ACOAD2f', 'ACOAD3f', 'ACOATA', 'ECOAH1', 'ECOAH2', 'ECOAH3', 'FACOAE80', 'FADRx2', 'HACD3', 'MACPD']",[],HACD3,3OAS60,11.625671998783437,1,27,0,-7.0,-1.6608102855393376,iECW_1372,PSL,True,False,-8.86501507738456,0.0,0.0,0.0
175,"['3HAD40', '3HAD60', '3HAD80', '3OAR40', '3OAR60', '3OAR80', 'ACACT1r', 'ACACT2r', 'ACACT3r', '3OAS60', '3OAS80', 'ACOAD1f', 'ACOAD2f', 'ACOAD3f', 'ACOATA', 'EAR40x', 'EAR60x', 'EAR80x', 'ECOAH1', 'ECOAH2', 'ECOAH3', 'FACOAE80', 'FADRx2', 'FA80ACPHi', 'HACD3', 'KAS15', 'MACPD']","[0.33216205710796715, 0.33216205710796715, 0.33216205710796715, 0.33216205710796715, 0.33216205710796715, 0.33216205710796715, -0.3321620571080075, -0.3321620571080075, -0.3321620571080075, 0.33216205710796715, 0.33216205710796715, 0.3321620571080075, 0.3321620571080075, 0.3321620571080075, 0.996486171323924, 0.33216205710796715, 0.33216205710796715, 0.33216205710796715, -0.3321620571080075, -0.3321620571080075, -0.3321620571080075, -0.33216205710796676, -0.9964861713242381, 0.33216205710796676, -0.3321620571080075, 0.33216205710796715, -0.996486171323924]","[0.33216205710796715, 0.33216205710796715, 0.33216205710796715, 0.33216205710796715, 0.33216205710796715, 0.33216205710796715, 0.3321620571080075, 0.3321620571080075, 0.3321620571080075, 0.33216205710796715, 0.33216205710796715, 0.3321620571080075, 0.3321620571080075, 0.3321620571080075, 0.996486171323924, 0.33216205710796715, 0.33216205710796715, 0.33216205710796715, 0.3321620571080075, 0.3321620571080075, 0.3321620571080075, 0.33216205710796676, 0.9964861713242381, 0.33216205710796676, 0.3321620571080075, 0.33216205710796715, 0.996486171323924]","['3HAD40', '3HAD60', '3HAD80', '3OAR40', '3OAR60', '3OAR80', '3OAS60', '3OAS80', 'EAR40x', 'EAR60x', 'EAR80x', 'FA80ACPHi', 'KAS15']","['ACACT1r', 'ACACT2r', 'ACACT3r', 'ACOAD1f', 'ACOAD2f', 'ACOAD3f', 'ACOATA', 'ECOAH1', 'ECOAH2', 'ECOAH3', 'FACOAE80', 'FADRx2', 'HACD3', 'MACPD']",[],HACD3,3OAS80,11.625671998783437,1,27,0,-7.0,-1.6608102855393376,iECW_1372,PSL,True,False,-8.86501507738456,0.0,0.0,0.0
176,"['3HAD100', '3OAS100', '3OAR100', 'ACACT4r', 'AACPS8', 'AACPS9', 'ACOAD4f', 'ACOATA', 'EAR100x', 'ECOAH4', 'FACOAE80', 'FADRx2', 'FACOAE100', 'HACD4', 'MACPD']","[0.3321620571080075, 0.3321620571080075, 0.3321620571080075, -0.3321620571078938, -0.3321620571085196, 0.3321620571080075, 0.3321620571078938, 0.33216205710797664, 0.3321620571080075, -0.3321620571078938, 0.3321620571080075, -0.33216205710778013, -0.3321620571079883, -0.3321620571078938, -0.33216205710797664]","[0.3321620571080075, 0.3321620571080075, 0.3321620571080075, 0.3321620571078938, 0.3321620571085196, 0.3321620571080075, 0.3321620571078938, 0.33216205710797664, 0.3321620571080075, 0.3321620571078938, 0.3321620571080075, 0.33216205710778013, 0.3321620571079883, 0.3321620571078938, 0.33216205710797664]","['3HAD100', '3OAS100', '3OAR100', 'AACPS9', 'EAR100x', 'FACOAE80']","['ACACT4r', 'ACOAD4f', 'ACOATA', 'ECOAH4', 'FADRx2', 'FACOAE100', 'HACD4', 'MACPD']",['AACPS8'],HACD4,3HAD100,4.982430856617681,1,15,1,-1.0,-0.3321620571079694,iECW_1372,PSL,True,False,-18.5716616014862,0.0,0.0,0.0
177,"['3HAD100', '3OAS100', '3OAR100', 'ACACT4r', 'AACPS8', 'AACPS9', 'ACOAD4f', 'ACOATA', 'EAR100x', 'ECOAH4', 'FACOAE80', 'FADRx2', 'FACOAE100', 'HACD4', 'MACPD']","[0.3321620571080075, 0.3321620571080075, 0.3321620571080075, -0.3321620571078938, -0.3321620571085196, 0.3321620571080075, 0.3321620571078938, 0.33216205710797664, 0.3321620571080075, -0.3321620571078938, 0.3321620571080075, -0.33216205710778013, -0.3321620571079883, -0.3321620571078938, -0.33216205710797664]","[0.3321620571080075, 0.3321620571080075, 0.3321620571080075, 0.3321620571078938, 0.3321620571085196, 0.3321620571080075, 0.3321620571078938, 0.33216205710797664, 0.3321620571080075, 0.3321620571078938, 0.3321620571080075, 0.33216205710778013, 0.3321620571079883, 0.3321620571078938, 0.33216205710797664]","['3HAD100', '3OAS100', '3OAR100', 'AACPS9', 'EAR100x', 'FACOAE80']","['ACACT4r', 'ACOAD4f', 'ACOATA', 'ECOAH4', 'FADRx2', 'FACOAE100', 'HACD4', 'MACPD']",['AACPS8'],HACD4,3OAS100,4.982430856617681,1,15,1,-1.0,-0.3321620571079694,iECW_1372,PSL,True,False,-18.5716616014862,0.0,0.0,0.0
178,"['3HAD100', '3OAS100', '3OAR100', 'ACACT4r', 'AACPS8', 'AACPS9', 'ACOAD4f', 'ACOATA', 'EAR100x', 'ECOAH4', 'FACOAE80', 'FADRx2', 'FACOAE100', 'HACD4', 'MACPD']","[0.3321620571080075, 0.3321620571080075, 0.3321620571080075, -0.3321620571078938, -0.3321620571085196, 0.3321620571080075, 0.3321620571078938, 0.33216205710797664, 0.3321620571080075, -0.3321620571078938, 0.3321620571080075, -0.33216205710778013, -0.3321620571079883, -0.3321620571078938, -0.33216205710797664]","[0.3321620571080075, 0.3321620571080075, 0.3321620571080075, 0.3321620571078938, 0.3321620571085196, 0.3321620571080075, 0.3321620571078938, 0.33216205710797664, 0.3321620571080075, 0.3321620571078938, 0.3321620571080075, 0.33216205710778013, 0.3321620571079883, 0.3321620571078938, 0.33216205710797664]","['3HAD100', '3OAS100', '3OAR100', 'AACPS9', 'EAR100x', 'FACOAE80']","['ACACT4r', 'ACOAD4f', 'ACOATA', 'ECOAH4', 'FADRx2', 'FACOAE100', 'HACD4', 'MACPD']",['AACPS8'],HACD4,3OAR100,4.982430856617681,1,15,1,-1.0,-0.3321620571079694,iECW_1372,PSL,True,False,-18.5716616014862,0.0,0.0,0.0
179,"['I2FE2SR', 'S2FE2SR']","[-1.8667082e-06, 1.8667082e-06]","[1.8667082e-06, 1.8667082e-06]",['I2FE2SR'],['S2FE2SR'],[],I2FE2SR,S2FE2SR,3.7334164e-06,1,2,0,0.0,0.0,iECW_1372,PSL,False,False,0.0,0.0,0.863949569693659,0.0
180,"['EX_ade_e', 'EX_arg__L_e', 'EX_asn__L_e', 'EX_cgly_e', 'EX_LalaDgluMdapDala_e', 'EX_leu__L_e', 'EX_lipa_cold_e', 'EX_cytd_e', 'EX_g3pe_e', 'EX_phe__L_e', 'EX_pro__L_e', 'EX_tyr__L_e', 'EX_uri_e', 'EX_val__L_e', 'EX_xtsn_e', 'EX_glyclt_e', '3HAD160', '3OAR160', '3OAS160', '4PCP', '4PEPTabcpp', '4PEPTtex', 'AACTOOR', 'EX_ile__L_e', 'ADEt2rpp', 'ADEtex', 'ALAGLUE', 'ALLTAMH', 'ALLTN', 'AMPTASECG', 'ASNabcpp', 'ASNtex', 'ASNS1', 'AOBUTDs', 'CGLYabcpp', 'CGLYtex', 'CLIPAabctex', 'CYTDtex', 'EAR160y', 'ARGabcpp', 'ARGtex', 'EDTXS3', 'EDTXS4', 'ETHAAL', 'FA160ACPHi', 'FA161ACPHi', 'G3PD6', 'G3PEabcpp', 'G3PEtex', 'GLYCLTt2rpp', 'GLYCLTtex', 'GLYCTO3', 'GPDDA2', 'GTPHs', 'I2FE2SR', 'I2FE2SS', 'I2FE2SS2', 'I2FE2ST', 'I4FE4SR', 'I4FE4ST', 'ICYSDS', 'ILEabcpp', 'ILEtex', 'LEUabcpp', 'LEUtex', 'LIPACabcpp', 'Kabcpp', 'LADGMDH', 'LALGP', 'MGSA', 'NTD10', 'NTD2', 'NTD4', 'NTPP11', 'NTPP8', 'OPHHX3', 'PFL', 'PHEt2rpp', 'PHEtex', 'PIuabcpp', 'PROabcpp', 'PROtex', 'S2FE2SR', 'S2FE2SS', 'S2FE2SS2', 'S2FE2ST', 'S4FE4SR', 'S4FE4ST', 'SCYSDS', 'SERD_L', 'THRD', 'TYRt2rpp', 'TYRtex', 'UGLYCH', 'URIC', 'URItex', 'VALabcpp', 'VALtex', 'XAND', 'XTSNtex', 'PUNP7', 'XTSNt2rpp']","[1.7253512807902105e-06, 2.495305889693711e-06, 4.031285607553059e-06, 2.281167543971563e-06, 3.1293314921235323e-06, 3.800686499744188e-06, 1.1728422730436505e-06, 1.3541912267100997e-06, 2.2584660825941683e-06, 1.5628984008086988e-06, 1.8648233934825953e-06, 1.165174016798387e-06, 1.2156635875726352e-06, 3.5746593596841514e-06, 2.3692450252521535e-06, -1.0716601778640398e-06, -1.1728423793128107e-06, -1.172842416963249e-06, -1.1728423793128107e-06, -2.9961318754705146e-06, -2.9961318754705146e-06, -3.129331503259891e-06, 2.1869453387113325e-06, 2.450907130302493e-06, -1.7253512396564474e-06, -1.7253512396564474e-06, -2.996131911459088e-06, -1.0660165297041541e-06, -1.0660165297041541e-06, -2.281167543971563e-06, -4.031285607553059e-06, -4.03128558446042e-06, 2.543734599513847e-06, 2.1869453387113325e-06, -2.281167543971563e-06, -2.281167553519481e-06, 1.1728422730436505e-06, -1.3541912267100997e-06, -1.1728423793128107e-06, -2.495305889693711e-06, -2.495305921002e-06, 1.1728422730436505e-06, 1.1728422730436505e-06, -1.3788343198525843e-06, -1.076671727426315e-06, -1.2690128747550045e-06, -1.0660165297041541e-06, -2.2584660825941683e-06, -2.2584661110158777e-06, 1.071660221896309e-06, 1.071660221896309e-06, 1.0660165297041541e-06, -1.3788343198525843e-06, 1.3032284955479994e-06, 1.8667043999999997e-06, -0.00026694114190041625, -0.00023894033969198392, -2.6134097808432364e-05, -0.00023894033969198392, -0.00023894033969198392, -0.0010099022567917797, -2.450907130302493e-06, -2.450907118145551e-06, -3.8006864665485196e-06, -3.800686499744188e-06, 1.1728422730436505e-06, -1.6466511621182622e-06, -2.9961318754705146e-06, -2.9961318754705146e-06, -2.1869453387113325e-06, 1.3032284955479994e-06, 1.215663639642095e-06, 1.3541911982051236e-06, 1.3032284955479994e-06, 1.2582401561767043e-06, -3.558127982139503e-06, 1.0048924318772912e-06, -1.5628984328941442e-06, -1.5628984328941442e-06, -5.159795680081958e-06, -1.8648233934825953e-06, -1.8648233890417032e-06, -1.8667212720308832e-06, 0.00026693872919999995, 0.00023893814632796906, 2.6133861599999997e-05, 0.00023893814632796906, 0.00023893814632796906, 0.0010098870297839072, 3.37436186476775e-06, 2.1869453387113325e-06, -1.1651740123852505e-06, -1.1651740123852505e-06, -1.0660165297041541e-06, -1.0660165297041541e-06, -1.2156635875726352e-06, -3.5746593596841514e-06, -3.574659331206931e-06, -1.0660165297041541e-06, -2.3692450668022502e-06, -1.0660165798981325e-06, -2.3692450668022502e-06]","[1.7253512807902105e-06, 2.495305889693711e-06, 4.031285607553059e-06, 2.281167543971563e-06, 3.1293314921235323e-06, 3.800686499744188e-06, 1.1728422730436505e-06, 1.3541912267100997e-06, 2.2584660825941683e-06, 1.5628984008086988e-06, 1.8648233934825953e-06, 1.165174016798387e-06, 1.2156635875726352e-06, 3.5746593596841514e-06, 2.3692450252521535e-06, 1.0716601778640398e-06, 1.1728423793128107e-06, 1.172842416963249e-06, 1.1728423793128107e-06, 2.9961318754705146e-06, 2.9961318754705146e-06, 3.129331503259891e-06, 2.1869453387113325e-06, 2.450907130302493e-06, 1.7253512396564474e-06, 1.7253512396564474e-06, 2.996131911459088e-06, 1.0660165297041541e-06, 1.0660165297041541e-06, 2.281167543971563e-06, 4.031285607553059e-06, 4.03128558446042e-06, 2.543734599513847e-06, 2.1869453387113325e-06, 2.281167543971563e-06, 2.281167553519481e-06, 1.1728422730436505e-06, 1.3541912267100997e-06, 1.1728423793128107e-06, 2.495305889693711e-06, 2.495305921002e-06, 1.1728422730436505e-06, 1.1728422730436505e-06, 1.3788343198525843e-06, 1.076671727426315e-06, 1.2690128747550045e-06, 1.0660165297041541e-06, 2.2584660825941683e-06, 2.2584661110158777e-06, 1.071660221896309e-06, 1.071660221896309e-06, 1.0660165297041541e-06, 1.3788343198525843e-06, 1.3032284955479994e-06, 1.8667043999999997e-06, 0.00026694114190041625, 0.00023894033969198392, 2.6134097808432364e-05, 0.00023894033969198392, 0.00023894033969198392, 0.0010099022567917797, 2.450907130302493e-06, 2.450907118145551e-06, 3.8006864665485196e-06, 3.800686499744188e-06, 1.1728422730436505e-06, 1.6466511621182622e-06, 2.9961318754705146e-06, 2.9961318754705146e-06, 2.1869453387113325e-06, 1.3032284955479994e-06, 1.215663639642095e-06, 1.3541911982051236e-06, 1.3032284955479994e-06, 1.2582401561767043e-06, 3.558127982139503e-06, 1.0048924318772912e-06, 1.5628984328941442e-06, 1.5628984328941442e-06, 5.159795680081958e-06, 1.8648233934825953e-06, 1.8648233890417032e-06, 1.8667212720308832e-06, 0.00026693872919999995, 0.00023893814632796906, 2.6133861599999997e-05, 0.00023893814632796906, 0.00023893814632796906, 0.0010098870297839072, 3.37436186476775e-06, 2.1869453387113325e-06, 1.1651740123852505e-06, 1.1651740123852505e-06, 1.0660165297041541e-06, 1.0660165297041541e-06, 1.2156635875726352e-06, 3.5746593596841514e-06, 3.574659331206931e-06, 1.0660165297041541e-06, 2.3692450668022502e-06, 1.0660165798981325e-06, 2.3692450668022502e-06]","['EX_glyclt_e', '3HAD160', '3OAR160', '3OAS160', '4PCP', '4PEPTabcpp', 'ALAGLUE', 'ALLTAMH', 'ALLTN', 'AMPTASECG', 'ASNabcpp', 'CGLYabcpp', 'EAR160y', 'ARGabcpp', 'FA160ACPHi', 'FA161ACPHi', 'G3PD6', 'G3PEabcpp', 'GLYCLTt2rpp', 'GLYCLTtex', 'I2FE2SS', 'I2FE2ST', 'ILEabcpp', 'LEUabcpp', 'Kabcpp', 'LADGMDH', 'LALGP', 'MGSA', 'OPHHX3', 'PIuabcpp', 'PROabcpp', 'S2FE2SR', 'UGLYCH', 'URIC', 'VALabcpp', 'XAND', 'PUNP7']","['EX_ade_e', 'EX_arg__L_e', 'EX_asn__L_e', 'EX_cgly_e', 'EX_LalaDgluMdapDala_e', 'EX_leu__L_e', 'EX_lipa_cold_e', 'EX_cytd_e', 'EX_g3pe_e', 'EX_phe__L_e', 'EX_pro__L_e', 'EX_tyr__L_e', 'EX_uri_e', 'EX_val__L_e', 'EX_xtsn_e', '4PEPTtex', 'AACTOOR', 'EX_ile__L_e', 'ADEt2rpp', 'ADEtex', 'ASNtex', 'ASNS1', 'AOBUTDs', 'CGLYtex', 'CLIPAabctex', 'CYTDtex', 'ARGtex', 'EDTXS3', 'EDTXS4', 'G3PEtex', 'GLYCTO3', 'GTPHs', 'I2FE2SR', 'ILEtex', 'LEUtex', 'LIPACabcpp', 'NTD2', 'NTPP11', 'NTPP8', 'PFL', 'PHEt2rpp', 'PHEtex', 'PROtex', 'S2FE2SS', 'S2FE2ST', 'SERD_L', 'THRD', 'TYRt2rpp', 'TYRtex', 'URItex', 'VALtex', 'XTSNtex', 'XTSNt2rpp']","['ETHAAL', 'GPDDA2', 'I2FE2SS2', 'I4FE4SR', 'I4FE4ST', 'ICYSDS', 'NTD10', 'NTD4', 'S2FE2SS2', 'S4FE4SR', 'S4FE4ST', 'SCYSDS']",I2FE2SS,S2FE2SS,0.004422911515676784,1,102,12,-18.0,-4.745113526816367e-05,iECW_1372,PSL,False,False,0.0,0.0,0.0,0.0
181,"['EX_ade_e', 'EX_arg__L_e', 'EX_asn__L_e', 'EX_cgly_e', 'EX_LalaDgluMdapDala_e', 'EX_leu__L_e', 'EX_lipa_cold_e', 'EX_cytd_e', 'EX_g3pe_e', 'EX_phe__L_e', 'EX_pro__L_e', 'EX_tyr__L_e', 'EX_uri_e', 'EX_val__L_e', 'EX_xtsn_e', 'EX_glyc_e', '3HAD160', '3OAR160', '3OAS160', '4PCP', '4PEPTabcpp', '4PEPTtex', 'EX_ile__L_e', 'ADEt2rpp', 'ADEtex', 'ALAGLUE', 'ALLTAMH', 'ALLTN', 'AMPTASECG', 'ASNabcpp', 'ASNtex', 'CGLYabcpp', 'CGLYtex', 'CLIPAabctex', 'CYTDtex', 'EAR160y', 'ARGabcpp', 'ARGtex', 'EDTXS3', 'EDTXS4', 'ETHAAL', 'FA160ACPHi', 'FA161ACPHi', 'G3PEabcpp', 'G3PEtex', 'G3PT', 'GLYCtex', 'GLYCtpp', 'GPDDA2', 'GTPHs', 'I2FE2SS', 'I2FE2SS2', 'I4FE4SR', 'I4FE4ST', 'ICYSDS', 'ILEabcpp', 'ILEtex', 'LEUabcpp', 'LEUtex', 'LIPACabcpp', 'Kabcpp', 'LADGMDH', 'LALGP', 'NTD10', 'NTD2', 'NTD4', 'NTPP11', 'NTPP8', 'OPHHX3', 'PHEt2rpp', 'PHEtex', 'PIuabcpp', 'PROabcpp', 'PROtex', 'S2FE2SS', 'S2FE2SS2', 'S4FE4SR', 'S4FE4ST', 'SCYSDS', 'SERD_L', 'THRA', 'TYRt2rpp', 'TYRtex', 'UGLYCH', 'URIC', 'URItex', 'VALabcpp', 'VALtex', 'XAND', 'XTSNtex', 'XTSNt2rpp', 'CYTDt2pp_copy2']","[1.666936100264138e-06, 2.4134530863251236e-06, 1.9668379512283174e-06, 3.2898120707614e-06, 2.538304192089765e-06, 3.6760136481461814e-06, 1.1343699433535859e-06, 1.5232662418651621e-06, 4.285234777912095e-06, 1.511631092632193e-06, 1.463733724449412e-06, 1.1269531475788241e-06, 1.431368218618445e-06, 3.45740175682356e-06, 2.368416767872805e-06, -3.1508648345862644e-06, -1.0413540231096752e-06, -1.0413540394438314e-06, -1.0413540231096752e-06, -2.8783997697984223e-06, -2.8783997697984223e-06, -2.5383042157045566e-06, 2.3705107263238823e-06, -1.666936100264138e-06, -1.666936100264138e-06, -2.311573894075991e-06, -1.0558786203168537e-06, -1.0558786203168537e-06, -3.289812117890367e-06, -1.9668379512283174e-06, -1.966837999134441e-06, -3.289812117890367e-06, -3.2898120707614e-06, 1.1343699433535859e-06, -1.523266291769687e-06, -1.0413540231096752e-06, -2.4134530863251236e-06, -2.4134531031450024e-06, 1.1343699433535859e-06, 1.1343699433535859e-06, -3.150864834575856e-06, -1.0413540231096752e-06, -1.1343699433119525e-06, -3.863840022211296e-06, -4.285234808776295e-06, -3.1508648345862644e-06, 3.1508648135059047e-06, -3.1508648135059047e-06, -3.150864834575856e-06, 1.3125381475559515e-06, -0.00024080697269714135, -0.00024080698901572385, -0.00024080698901572385, -0.00024080698901572385, -0.0009632337410003886, -2.3705107263238823e-06, -2.370510742366605e-06, -3.6760136378211072e-06, -3.6760136481461814e-06, 1.1343699433535859e-06, -1.5926365361240702e-06, -2.3115738069547087e-06, -2.3115738069547087e-06, 1.3125381475559515e-06, 1.4313681946376278e-06, 1.5232662418651621e-06, 1.3125381475559515e-06, 1.1757865057138162e-06, -2.7456896738442538e-06, -1.511631126049906e-06, -1.511631126049906e-06, -2.9382994276845424e-06, -1.4637336702705284e-06, -1.463733724449412e-06, 0.0002408046391398451, 0.00024080486759999993, 0.00024080486759999993, 0.00024080486759999993, 0.00096321901347969, 2.7558861271093082e-06, 2.5867538757419484e-06, -1.1269531796642696e-06, -1.1269531796642696e-06, -1.0558786203168537e-06, -1.0558786203168537e-06, -1.431368218618445e-06, -3.45740175682356e-06, -3.4574017035993165e-06, -1.0558786203168537e-06, -2.3684167445026105e-06, -2.3684167445026105e-06, -1.523266291769687e-06]","[1.666936100264138e-06, 2.4134530863251236e-06, 1.9668379512283174e-06, 3.2898120707614e-06, 2.538304192089765e-06, 3.6760136481461814e-06, 1.1343699433535859e-06, 1.5232662418651621e-06, 4.285234777912095e-06, 1.511631092632193e-06, 1.463733724449412e-06, 1.1269531475788241e-06, 1.431368218618445e-06, 3.45740175682356e-06, 2.368416767872805e-06, 3.1508648345862644e-06, 1.0413540231096752e-06, 1.0413540394438314e-06, 1.0413540231096752e-06, 2.8783997697984223e-06, 2.8783997697984223e-06, 2.5383042157045566e-06, 2.3705107263238823e-06, 1.666936100264138e-06, 1.666936100264138e-06, 2.311573894075991e-06, 1.0558786203168537e-06, 1.0558786203168537e-06, 3.289812117890367e-06, 1.9668379512283174e-06, 1.966837999134441e-06, 3.289812117890367e-06, 3.2898120707614e-06, 1.1343699433535859e-06, 1.523266291769687e-06, 1.0413540231096752e-06, 2.4134530863251236e-06, 2.4134531031450024e-06, 1.1343699433535859e-06, 1.1343699433535859e-06, 3.150864834575856e-06, 1.0413540231096752e-06, 1.1343699433119525e-06, 3.863840022211296e-06, 4.285234808776295e-06, 3.1508648345862644e-06, 3.1508648135059047e-06, 3.1508648135059047e-06, 3.150864834575856e-06, 1.3125381475559515e-06, 0.00024080697269714135, 0.00024080698901572385, 0.00024080698901572385, 0.00024080698901572385, 0.0009632337410003886, 2.3705107263238823e-06, 2.370510742366605e-06, 3.6760136378211072e-06, 3.6760136481461814e-06, 1.1343699433535859e-06, 1.5926365361240702e-06, 2.3115738069547087e-06, 2.3115738069547087e-06, 1.3125381475559515e-06, 1.4313681946376278e-06, 1.5232662418651621e-06, 1.3125381475559515e-06, 1.1757865057138162e-06, 2.7456896738442538e-06, 1.511631126049906e-06, 1.511631126049906e-06, 2.9382994276845424e-06, 1.4637336702705284e-06, 1.463733724449412e-06, 0.0002408046391398451, 0.00024080486759999993, 0.00024080486759999993, 0.00024080486759999993, 0.00096321901347969, 2.7558861271093082e-06, 2.5867538757419484e-06, 1.1269531796642696e-06, 1.1269531796642696e-06, 1.0558786203168537e-06, 1.0558786203168537e-06, 1.431368218618445e-06, 3.45740175682356e-06, 3.4574017035993165e-06, 1.0558786203168537e-06, 2.3684167445026105e-06, 2.3684167445026105e-06, 1.523266291769687e-06]","['EX_glyc_e', '3HAD160', '3OAR160', '3OAS160', '4PCP', '4PEPTabcpp', 'ALLTAMH', 'ALLTN', 'AMPTASECG', 'ASNabcpp', 'CGLYabcpp', 'EAR160y', 'ARGabcpp', 'FA160ACPHi', 'FA161ACPHi', 'G3PEabcpp', 'G3PT', 'GLYCtex', 'GLYCtpp', 'I2FE2SS', 'ILEabcpp', 'LEUabcpp', 'Kabcpp', 'OPHHX3', 'PIuabcpp', 'PROabcpp', 'UGLYCH', 'URIC', 'VALabcpp', 'XAND']","['EX_ade_e', 'EX_arg__L_e', 'EX_asn__L_e', 'EX_cgly_e', 'EX_LalaDgluMdapDala_e', 'EX_leu__L_e', 'EX_lipa_cold_e', 'EX_cytd_e', 'EX_g3pe_e', 'EX_phe__L_e', 'EX_pro__L_e', 'EX_tyr__L_e', 'EX_uri_e', 'EX_val__L_e', 'EX_xtsn_e', '4PEPTtex', 'EX_ile__L_e', 'ADEt2rpp', 'ADEtex', 'ASNtex', 'CGLYtex', 'CLIPAabctex', 'CYTDtex', 'ARGtex', 'EDTXS3', 'EDTXS4', 'G3PEtex', 'GTPHs', 'ILEtex', 'LEUtex', 'LIPACabcpp', 'NTD2', 'NTD4', 'NTPP11', 'NTPP8', 'PHEt2rpp', 'PHEtex', 'PROtex', 'S2FE2SS2', 'S4FE4SR', 'S4FE4ST', 'SERD_L', 'THRA', 'TYRt2rpp', 'TYRtex', 'URItex', 'VALtex', 'XTSNtex', 'XTSNt2rpp', 'CYTDt2pp_copy2']","['ALAGLUE', 'ETHAAL', 'GPDDA2', 'I2FE2SS2', 'I4FE4SR', 'I4FE4ST', 'ICYSDS', 'LADGMDH', 'LALGP', 'NTD10', 'S2FE2SS', 'SCYSDS']",I2FE2SS,S2FE2SS2,0.004217217116438263,1,92,12,-24.0,-5.9121658124097244e-05,iECW_1372,PSL,False,False,0.0,0.0,0.0,0.0
182,"['I2FE2SS', 'I2FE2ST', 'ICYSDS', 'S2FE2SS', 'S2FE2ST']","[-2.4267206599999996e-05, -2.4267093745848435e-05, -4.853495253786372e-05, 2.4267081498111038e-05, 2.4267081498111038e-05]","[2.4267206599999996e-05, 2.4267093745848435e-05, 4.853495253786372e-05, 2.4267081498111038e-05, 2.4267081498111038e-05]",['I2FE2SS'],['S2FE2ST'],"['I2FE2ST', 'ICYSDS', 'S2FE2SS']",I2FE2SS,S2FE2ST,0.00019265150897774478,1,5,3,-1.0,-4.853508988749008e-05,iECW_1372,PSL,False,False,0.0,0.0,0.0,0.0
183,"['EX_ade_e', 'EX_arg__L_e', 'EX_asn__L_e', 'EX_cgly_e', 'EX_LalaDgluMdapDala_e', 'EX_leu__L_e', 'EX_lipa_cold_e', 'EX_cytd_e', 'EX_g3pe_e', 'EX_phe__L_e', 'EX_pro__L_e', 'EX_tyr__L_e', 'EX_uri_e', 'EX_val__L_e', 'EX_xtsn_e', 'EX_glyc_e', '3HAD160', '3OAR160', '3OAS160', '4PCP', '4PEPTabcpp', '4PEPTtex', 'EX_ile__L_e', 'ADEt2rpp', 'ADEtex', 'ALAGLUE', 'ALLTAMH', 'ALLTN', 'AMPTASECG', 'ASNabcpp', 'ASNtex', 'CGLYabcpp', 'CGLYtex', 'CLIPAabctex', 'CYTDtex', 'EAR160y', 'ARGabcpp', 'ARGtex', 'EDTXS3', 'EDTXS4', 'ETHAAL', 'FA160ACPHi', 'FA161ACPHi', 'G3PEabcpp', 'G3PEtex', 'G3PT', 'GLYCtex', 'GLYCtpp', 'GPDDA2', 'GTPHs', 'I2FE2SS', 'I2FE2SS2', 'I4FE4SR', 'I4FE4ST', 'ICYSDS', 'ILEabcpp', 'ILEtex', 'LEUabcpp', 'LEUtex', 'LIPACabcpp', 'Kabcpp', 'LADGMDH', 'LALGP', 'NTD10', 'NTD2', 'NTD4', 'NTPP11', 'NTPP8', 'OPHHX3', 'PHEt2rpp', 'PHEtex', 'PIuabcpp', 'PROabcpp', 'PROtex', 'S2FE2SS', 'S2FE2SS2', 'S4FE4SR', 'S4FE4ST', 'SCYSDS', 'SERD_L', 'THRA', 'TYRt2rpp', 'TYRtex', 'UGLYCH', 'URIC', 'URItex', 'VALabcpp', 'VALtex', 'XAND', 'XTSNtex', 'XTSNt2rpp', 'CYTDt2pp_copy2']","[1.666936100264138e-06, 2.4134530863251236e-06, 1.9668379512283174e-06, 3.2898120707614e-06, 2.538304192089765e-06, 3.6760136481461814e-06, 1.1343699433535859e-06, 1.5232662418651621e-06, 4.285234777912095e-06, 1.511631092632193e-06, 1.463733724449412e-06, 1.1269531475788241e-06, 1.431368218618445e-06, 3.45740175682356e-06, 2.368416767872805e-06, -3.1508648345862644e-06, -1.0413540231096752e-06, -1.0413540394438314e-06, -1.0413540231096752e-06, -2.8783997697984223e-06, -2.8783997697984223e-06, -2.5383042157045566e-06, 2.3705107263238823e-06, -1.666936100264138e-06, -1.666936100264138e-06, -2.311573894075991e-06, -1.0558786203168537e-06, -1.0558786203168537e-06, -3.289812117890367e-06, -1.9668379512283174e-06, -1.966837999134441e-06, -3.289812117890367e-06, -3.2898120707614e-06, 1.1343699433535859e-06, -1.523266291769687e-06, -1.0413540231096752e-06, -2.4134530863251236e-06, -2.4134531031450024e-06, 1.1343699433535859e-06, 1.1343699433535859e-06, -3.150864834575856e-06, -1.0413540231096752e-06, -1.1343699433119525e-06, -3.863840022211296e-06, -4.285234808776295e-06, -3.1508648345862644e-06, 3.1508648135059047e-06, -3.1508648135059047e-06, -3.150864834575856e-06, 1.3125381475559515e-06, -0.00024080697269714135, -0.00024080698901572385, -0.00024080698901572385, -0.00024080698901572385, -0.0009632337410003886, -2.3705107263238823e-06, -2.370510742366605e-06, -3.6760136378211072e-06, -3.6760136481461814e-06, 1.1343699433535859e-06, -1.5926365361240702e-06, -2.3115738069547087e-06, -2.3115738069547087e-06, 1.3125381475559515e-06, 1.4313681946376278e-06, 1.5232662418651621e-06, 1.3125381475559515e-06, 1.1757865057138162e-06, -2.7456896738442538e-06, -1.511631126049906e-06, -1.511631126049906e-06, -2.9382994276845424e-06, -1.4637336702705284e-06, -1.463733724449412e-06, 0.0002408046391398451, 0.00024080486759999993, 0.00024080486759999993, 0.00024080486759999993, 0.00096321901347969, 2.7558861271093082e-06, 2.5867538757419484e-06, -1.1269531796642696e-06, -1.1269531796642696e-06, -1.0558786203168537e-06, -1.0558786203168537e-06, -1.431368218618445e-06, -3.45740175682356e-06, -3.4574017035993165e-06, -1.0558786203168537e-06, -2.3684167445026105e-06, -2.3684167445026105e-06, -1.523266291769687e-06]","[1.666936100264138e-06, 2.4134530863251236e-06, 1.9668379512283174e-06, 3.2898120707614e-06, 2.538304192089765e-06, 3.6760136481461814e-06, 1.1343699433535859e-06, 1.5232662418651621e-06, 4.285234777912095e-06, 1.511631092632193e-06, 1.463733724449412e-06, 1.1269531475788241e-06, 1.431368218618445e-06, 3.45740175682356e-06, 2.368416767872805e-06, 3.1508648345862644e-06, 1.0413540231096752e-06, 1.0413540394438314e-06, 1.0413540231096752e-06, 2.8783997697984223e-06, 2.8783997697984223e-06, 2.5383042157045566e-06, 2.3705107263238823e-06, 1.666936100264138e-06, 1.666936100264138e-06, 2.311573894075991e-06, 1.0558786203168537e-06, 1.0558786203168537e-06, 3.289812117890367e-06, 1.9668379512283174e-06, 1.966837999134441e-06, 3.289812117890367e-06, 3.2898120707614e-06, 1.1343699433535859e-06, 1.523266291769687e-06, 1.0413540231096752e-06, 2.4134530863251236e-06, 2.4134531031450024e-06, 1.1343699433535859e-06, 1.1343699433535859e-06, 3.150864834575856e-06, 1.0413540231096752e-06, 1.1343699433119525e-06, 3.863840022211296e-06, 4.285234808776295e-06, 3.1508648345862644e-06, 3.1508648135059047e-06, 3.1508648135059047e-06, 3.150864834575856e-06, 1.3125381475559515e-06, 0.00024080697269714135, 0.00024080698901572385, 0.00024080698901572385, 0.00024080698901572385, 0.0009632337410003886, 2.3705107263238823e-06, 2.370510742366605e-06, 3.6760136378211072e-06, 3.6760136481461814e-06, 1.1343699433535859e-06, 1.5926365361240702e-06, 2.3115738069547087e-06, 2.3115738069547087e-06, 1.3125381475559515e-06, 1.4313681946376278e-06, 1.5232662418651621e-06, 1.3125381475559515e-06, 1.1757865057138162e-06, 2.7456896738442538e-06, 1.511631126049906e-06, 1.511631126049906e-06, 2.9382994276845424e-06, 1.4637336702705284e-06, 1.463733724449412e-06, 0.0002408046391398451, 0.00024080486759999993, 0.00024080486759999993, 0.00024080486759999993, 0.00096321901347969, 2.7558861271093082e-06, 2.5867538757419484e-06, 1.1269531796642696e-06, 1.1269531796642696e-06, 1.0558786203168537e-06, 1.0558786203168537e-06, 1.431368218618445e-06, 3.45740175682356e-06, 3.4574017035993165e-06, 1.0558786203168537e-06, 2.3684167445026105e-06, 2.3684167445026105e-06, 1.523266291769687e-06]","['EX_glyc_e', '3HAD160', '3OAR160', '3OAS160', '4PCP', '4PEPTabcpp', 'ALLTAMH', 'ALLTN', 'AMPTASECG', 'ASNabcpp', 'CGLYabcpp', 'EAR160y', 'ARGabcpp', 'FA160ACPHi', 'FA161ACPHi', 'G3PEabcpp', 'G3PT', 'GLYCtex', 'GLYCtpp', 'I2FE2SS', 'ILEabcpp', 'LEUabcpp', 'Kabcpp', 'OPHHX3', 'PIuabcpp', 'PROabcpp', 'UGLYCH', 'URIC', 'VALabcpp', 'XAND']","['EX_ade_e', 'EX_arg__L_e', 'EX_asn__L_e', 'EX_cgly_e', 'EX_LalaDgluMdapDala_e', 'EX_leu__L_e', 'EX_lipa_cold_e', 'EX_cytd_e', 'EX_g3pe_e', 'EX_phe__L_e', 'EX_pro__L_e', 'EX_tyr__L_e', 'EX_uri_e', 'EX_val__L_e', 'EX_xtsn_e', '4PEPTtex', 'EX_ile__L_e', 'ADEt2rpp', 'ADEtex', 'ASNtex', 'CGLYtex', 'CLIPAabctex', 'CYTDtex', 'ARGtex', 'EDTXS3', 'EDTXS4', 'G3PEtex', 'GTPHs', 'ILEtex', 'LEUtex', 'LIPACabcpp', 'NTD2', 'NTD4', 'NTPP11', 'NTPP8', 'PHEt2rpp', 'PHEtex', 'PROtex', 'S2FE2SS2', 'S4FE4SR', 'S4FE4ST', 'SERD_L', 'THRA', 'TYRt2rpp', 'TYRtex', 'URItex', 'VALtex', 'XTSNtex', 'XTSNt2rpp', 'CYTDt2pp_copy2']","['ALAGLUE', 'ETHAAL', 'GPDDA2', 'I2FE2SS2', 'I4FE4SR', 'I4FE4ST', 'ICYSDS', 'LADGMDH', 'LALGP', 'NTD10', 'S2FE2SS', 'SCYSDS']",I2FE2SS,S4FE4SR,0.004217217116438263,1,92,12,-24.0,-5.9121658124097244e-05,iECW_1372,PSL,False,False,0.0,0.0,0.0,0.0
184,"['EX_ade_e', 'EX_arg__L_e', 'EX_asn__L_e', 'EX_cgly_e', 'EX_LalaDgluMdapDala_e', 'EX_leu__L_e', 'EX_lipa_cold_e', 'EX_cytd_e', 'EX_g3pe_e', 'EX_phe__L_e', 'EX_pro__L_e', 'EX_tyr__L_e', 'EX_uri_e', 'EX_val__L_e', 'EX_xtsn_e', 'EX_glyc_e', '3HAD160', '3OAR160', '3OAS160', '4PCP', '4PEPTabcpp', '4PEPTtex', 'EX_ile__L_e', 'ADEt2rpp', 'ADEtex', 'ALAGLUE', 'ALLTAMH', 'ALLTN', 'AMPTASECG', 'ASNabcpp', 'ASNtex', 'CGLYabcpp', 'CGLYtex', 'CLIPAabctex', 'CYTDtex', 'EAR160y', 'ARGabcpp', 'ARGtex', 'EDTXS3', 'EDTXS4', 'ETHAAL', 'FA160ACPHi', 'FA161ACPHi', 'G3PEabcpp', 'G3PEtex', 'G3PT', 'GLYCtex', 'GLYCtpp', 'GPDDA2', 'GTPHs', 'I2FE2SS', 'I2FE2SS2', 'I4FE4SR', 'I4FE4ST', 'ICYSDS', 'ILEabcpp', 'ILEtex', 'LEUabcpp', 'LEUtex', 'LIPACabcpp', 'Kabcpp', 'LADGMDH', 'LALGP', 'NTD10', 'NTD2', 'NTD4', 'NTPP11', 'NTPP8', 'OPHHX3', 'PHEt2rpp', 'PHEtex', 'PIuabcpp', 'PROabcpp', 'PROtex', 'S2FE2SS', 'S2FE2SS2', 'S4FE4SR', 'S4FE4ST', 'SCYSDS', 'SERD_L', 'THRA', 'TYRt2rpp', 'TYRtex', 'UGLYCH', 'URIC', 'URItex', 'VALabcpp', 'VALtex', 'XAND', 'XTSNtex', 'XTSNt2rpp', 'CYTDt2pp_copy2']","[1.666936100264138e-06, 2.4134530863251236e-06, 1.9668379512283174e-06, 3.2898120707614e-06, 2.538304192089765e-06, 3.6760136481461814e-06, 1.1343699433535859e-06, 1.5232662418651621e-06, 4.285234777912095e-06, 1.511631092632193e-06, 1.463733724449412e-06, 1.1269531475788241e-06, 1.431368218618445e-06, 3.45740175682356e-06, 2.368416767872805e-06, -3.1508648345862644e-06, -1.0413540231096752e-06, -1.0413540394438314e-06, -1.0413540231096752e-06, -2.8783997697984223e-06, -2.8783997697984223e-06, -2.5383042157045566e-06, 2.3705107263238823e-06, -1.666936100264138e-06, -1.666936100264138e-06, -2.311573894075991e-06, -1.0558786203168537e-06, -1.0558786203168537e-06, -3.289812117890367e-06, -1.9668379512283174e-06, -1.966837999134441e-06, -3.289812117890367e-06, -3.2898120707614e-06, 1.1343699433535859e-06, -1.523266291769687e-06, -1.0413540231096752e-06, -2.4134530863251236e-06, -2.4134531031450024e-06, 1.1343699433535859e-06, 1.1343699433535859e-06, -3.150864834575856e-06, -1.0413540231096752e-06, -1.1343699433119525e-06, -3.863840022211296e-06, -4.285234808776295e-06, -3.1508648345862644e-06, 3.1508648135059047e-06, -3.1508648135059047e-06, -3.150864834575856e-06, 1.3125381475559515e-06, -0.00024080697269714135, -0.00024080698901572385, -0.00024080698901572385, -0.00024080698901572385, -0.0009632337410003886, -2.3705107263238823e-06, -2.370510742366605e-06, -3.6760136378211072e-06, -3.6760136481461814e-06, 1.1343699433535859e-06, -1.5926365361240702e-06, -2.3115738069547087e-06, -2.3115738069547087e-06, 1.3125381475559515e-06, 1.4313681946376278e-06, 1.5232662418651621e-06, 1.3125381475559515e-06, 1.1757865057138162e-06, -2.7456896738442538e-06, -1.511631126049906e-06, -1.511631126049906e-06, -2.9382994276845424e-06, -1.4637336702705284e-06, -1.463733724449412e-06, 0.0002408046391398451, 0.00024080486759999993, 0.00024080486759999993, 0.00024080486759999993, 0.00096321901347969, 2.7558861271093082e-06, 2.5867538757419484e-06, -1.1269531796642696e-06, -1.1269531796642696e-06, -1.0558786203168537e-06, -1.0558786203168537e-06, -1.431368218618445e-06, -3.45740175682356e-06, -3.4574017035993165e-06, -1.0558786203168537e-06, -2.3684167445026105e-06, -2.3684167445026105e-06, -1.523266291769687e-06]","[1.666936100264138e-06, 2.4134530863251236e-06, 1.9668379512283174e-06, 3.2898120707614e-06, 2.538304192089765e-06, 3.6760136481461814e-06, 1.1343699433535859e-06, 1.5232662418651621e-06, 4.285234777912095e-06, 1.511631092632193e-06, 1.463733724449412e-06, 1.1269531475788241e-06, 1.431368218618445e-06, 3.45740175682356e-06, 2.368416767872805e-06, 3.1508648345862644e-06, 1.0413540231096752e-06, 1.0413540394438314e-06, 1.0413540231096752e-06, 2.8783997697984223e-06, 2.8783997697984223e-06, 2.5383042157045566e-06, 2.3705107263238823e-06, 1.666936100264138e-06, 1.666936100264138e-06, 2.311573894075991e-06, 1.0558786203168537e-06, 1.0558786203168537e-06, 3.289812117890367e-06, 1.9668379512283174e-06, 1.966837999134441e-06, 3.289812117890367e-06, 3.2898120707614e-06, 1.1343699433535859e-06, 1.523266291769687e-06, 1.0413540231096752e-06, 2.4134530863251236e-06, 2.4134531031450024e-06, 1.1343699433535859e-06, 1.1343699433535859e-06, 3.150864834575856e-06, 1.0413540231096752e-06, 1.1343699433119525e-06, 3.863840022211296e-06, 4.285234808776295e-06, 3.1508648345862644e-06, 3.1508648135059047e-06, 3.1508648135059047e-06, 3.150864834575856e-06, 1.3125381475559515e-06, 0.00024080697269714135, 0.00024080698901572385, 0.00024080698901572385, 0.00024080698901572385, 0.0009632337410003886, 2.3705107263238823e-06, 2.370510742366605e-06, 3.6760136378211072e-06, 3.6760136481461814e-06, 1.1343699433535859e-06, 1.5926365361240702e-06, 2.3115738069547087e-06, 2.3115738069547087e-06, 1.3125381475559515e-06, 1.4313681946376278e-06, 1.5232662418651621e-06, 1.3125381475559515e-06, 1.1757865057138162e-06, 2.7456896738442538e-06, 1.511631126049906e-06, 1.511631126049906e-06, 2.9382994276845424e-06, 1.4637336702705284e-06, 1.463733724449412e-06, 0.0002408046391398451, 0.00024080486759999993, 0.00024080486759999993, 0.00024080486759999993, 0.00096321901347969, 2.7558861271093082e-06, 2.5867538757419484e-06, 1.1269531796642696e-06, 1.1269531796642696e-06, 1.0558786203168537e-06, 1.0558786203168537e-06, 1.431368218618445e-06, 3.45740175682356e-06, 3.4574017035993165e-06, 1.0558786203168537e-06, 2.3684167445026105e-06, 2.3684167445026105e-06, 1.523266291769687e-06]","['EX_glyc_e', '3HAD160', '3OAR160', '3OAS160', '4PCP', '4PEPTabcpp', 'ALLTAMH', 'ALLTN', 'AMPTASECG', 'ASNabcpp', 'CGLYabcpp', 'EAR160y', 'ARGabcpp', 'FA160ACPHi', 'FA161ACPHi', 'G3PEabcpp', 'G3PT', 'GLYCtex', 'GLYCtpp', 'I2FE2SS', 'ILEabcpp', 'LEUabcpp', 'Kabcpp', 'OPHHX3', 'PIuabcpp', 'PROabcpp', 'UGLYCH', 'URIC', 'VALabcpp', 'XAND']","['EX_ade_e', 'EX_arg__L_e', 'EX_asn__L_e', 'EX_cgly_e', 'EX_LalaDgluMdapDala_e', 'EX_leu__L_e', 'EX_lipa_cold_e', 'EX_cytd_e', 'EX_g3pe_e', 'EX_phe__L_e', 'EX_pro__L_e', 'EX_tyr__L_e', 'EX_uri_e', 'EX_val__L_e', 'EX_xtsn_e', '4PEPTtex', 'EX_ile__L_e', 'ADEt2rpp', 'ADEtex', 'ASNtex', 'CGLYtex', 'CLIPAabctex', 'CYTDtex', 'ARGtex', 'EDTXS3', 'EDTXS4', 'G3PEtex', 'GTPHs', 'ILEtex', 'LEUtex', 'LIPACabcpp', 'NTD2', 'NTD4', 'NTPP11', 'NTPP8', 'PHEt2rpp', 'PHEtex', 'PROtex', 'S2FE2SS2', 'S4FE4SR', 'S4FE4ST', 'SERD_L', 'THRA', 'TYRt2rpp', 'TYRtex', 'URItex', 'VALtex', 'XTSNtex', 'XTSNt2rpp', 'CYTDt2pp_copy2']","['ALAGLUE', 'ETHAAL', 'GPDDA2', 'I2FE2SS2', 'I4FE4SR', 'I4FE4ST', 'ICYSDS', 'LADGMDH', 'LALGP', 'NTD10', 'S2FE2SS', 'SCYSDS']",I2FE2SS,S4FE4ST,0.004217217116438263,1,92,12,-24.0,-5.9121658124097244e-05,iECW_1372,PSL,False,False,0.0,0.0,0.0,0.0
185,"['EX_ade_e', 'EX_arg__L_e', 'EX_asn__L_e', 'EX_cgly_e', 'EX_LalaDgluMdapDala_e', 'EX_leu__L_e', 'EX_lipa_cold_e', 'EX_g3pe_e', 'EX_phe__L_e', 'EX_pro__L_e', 'EX_trp__L_e', 'EX_tyr__L_e', 'EX_uri_e', 'EX_val__L_e', 'EX_xtsn_e', 'EX_glyc_e', '3HAD160', '3OAR160', '3OAS160', '4PCP', '4PEPTabcpp', '4PEPTtex', 'EX_ile__L_e', 'ADEt2rpp', 'ADEtex', 'ALAGLUE', 'EX_kdo2lipid4_e', 'ADPT', 'AMPTASECG', 'ASNabcpp', 'ASNtex', 'ASNS1', 'ASPT', 'CGLYabcpp', 'CGLYtex', 'CLIPAabctex', 'EAR160x', 'ARGabcpp', 'ARGtex', 'EDTXS3', 'EDTXS4', 'ETHAAL', 'FA160ACPHi', 'FA161ACPHi', 'G3PEabcpp', 'G3PEtex', 'G3PT', 'GLYCtex', 'GLYCtpp', 'GPDDA2', 'GLYCL', 'GTPHs', 'H2SO', 'I2FE2SS', 'I2FE2SS2', 'I2FE2ST', 'I4FE4SR', 'I4FE4ST', 'ICYSDS', 'ILEabcpp', 'ILEtex', 'LEUabcpp', 'LEUtex', 'LIPACabcpp', 'Kabcpp', 'LADGMDH', 'LALGP', 'NTD10', 'NTD2', 'NTPP11', 'NTPP8', 'OPHHX3', 'PHEt2rpp', 'PHEtex', 'PIuabcpp', 'PROabcpp', 'PROtex', 'S2FE2SS', 'S2FE2SS2', 'S2FE2ST', 'S4FE4SR', 'S4FE4ST', 'SCYSDS', 'SERD_L', 'THRA', 'TRPS1', 'TRPt2rpp', 'TRPtex', 'TYRt2rpp', 'TYRtex', 'URItex', 'VALabcpp', 'VALtex', 'XTSNtex', 'XTSNt2rpp']","[1.747479924153934e-06, 2.530067240769096e-06, 3.3693231557218283e-06, 3.9591932820548514e-06, 3.3893315628177644e-06, 3.853632733807899e-06, 1.150730953164425e-06, 4.3192561642868554e-06, 1.5846706654665255e-06, 1.8908016838348196e-06, 2.16917985042947e-06, 1.181405703432059e-06, 1.818823761823296e-06, 3.624459282036696e-06, 2.9027122804559102e-06, -3.130075297563817e-06, -1.0916705675129146e-06, -1.0916705832642037e-06, -1.0916705675129146e-06, -3.281036915995378e-06, -3.281036915995378e-06, -3.3893315958266612e-06, 2.485049975797793e-06, -1.7474799278716091e-06, -1.7474799278716091e-06, -3.15164595576789e-06, -1.0292774954775985e-06, -1.3175653667085556e-06, -3.9591932820548514e-06, -3.3693231557218283e-06, -3.3693231671350077e-06, 1.3074507715037618e-06, 1.9923643618247056e-06, -3.9591932820548514e-06, -3.959193236369174e-06, 1.150730953164425e-06, -1.0916705675129146e-06, -2.530067240769096e-06, -2.5300672632511123e-06, 1.150730953164425e-06, 1.150730953164425e-06, -3.130075297549939e-06, -1.0916705675129146e-06, -1.150730953164425e-06, -4.251276057888609e-06, -4.319256163398677e-06, -3.130075297563817e-06, 3.130075242552266e-06, -3.130075242552266e-06, -3.130075297549939e-06, 1.0799323549026685e-06, 2.084633401344682e-06, -1.4949955341181376e-06, -0.00026694117551101564, -0.00024080709151910512, -2.6134101098980554e-05, -0.00024080709151910512, -0.00024080709151910512, -0.0010155026327307106, -2.485049975797793e-06, -2.4850500039974577e-06, -3.8536326796290155e-06, -3.853632733807899e-06, 1.150730953164425e-06, -1.6695901611518682e-06, -3.1516459317315615e-06, -3.1516459317315615e-06, 2.0846334013724377e-06, 1.818823805455061e-06, 2.084633401344682e-06, 1.8124495602678259e-06, -3.3426803966122437e-06, -1.5846707128730486e-06, -1.5846707128730486e-06, -3.3541435711381684e-06, -1.8908016838348196e-06, -1.8908016272689565e-06, 0.00026693872919999995, 0.00024080486759999993, 2.6133861599999997e-05, 0.00024080486759999993, 0.00024080486759999993, 0.0010154871935999998, 2.3430691957274097e-06, 2.7699824871984592e-06, 1.6829712592911217e-06, -2.169179879274452e-06, -2.169179879274452e-06, -1.1814056506409543e-06, -1.1814056506409543e-06, -1.818823761823296e-06, -3.624459282036696e-06, -3.624459282036696e-06, -2.9027122536717798e-06, -2.9027122536717798e-06]","[1.747479924153934e-06, 2.530067240769096e-06, 3.3693231557218283e-06, 3.9591932820548514e-06, 3.3893315628177644e-06, 3.853632733807899e-06, 1.150730953164425e-06, 4.3192561642868554e-06, 1.5846706654665255e-06, 1.8908016838348196e-06, 2.16917985042947e-06, 1.181405703432059e-06, 1.818823761823296e-06, 3.624459282036696e-06, 2.9027122804559102e-06, 3.130075297563817e-06, 1.0916705675129146e-06, 1.0916705832642037e-06, 1.0916705675129146e-06, 3.281036915995378e-06, 3.281036915995378e-06, 3.3893315958266612e-06, 2.485049975797793e-06, 1.7474799278716091e-06, 1.7474799278716091e-06, 3.15164595576789e-06, 1.0292774954775985e-06, 1.3175653667085556e-06, 3.9591932820548514e-06, 3.3693231557218283e-06, 3.3693231671350077e-06, 1.3074507715037618e-06, 1.9923643618247056e-06, 3.9591932820548514e-06, 3.959193236369174e-06, 1.150730953164425e-06, 1.0916705675129146e-06, 2.530067240769096e-06, 2.5300672632511123e-06, 1.150730953164425e-06, 1.150730953164425e-06, 3.130075297549939e-06, 1.0916705675129146e-06, 1.150730953164425e-06, 4.251276057888609e-06, 4.319256163398677e-06, 3.130075297563817e-06, 3.130075242552266e-06, 3.130075242552266e-06, 3.130075297549939e-06, 1.0799323549026685e-06, 2.084633401344682e-06, 1.4949955341181376e-06, 0.00026694117551101564, 0.00024080709151910512, 2.6134101098980554e-05, 0.00024080709151910512, 0.00024080709151910512, 0.0010155026327307106, 2.485049975797793e-06, 2.4850500039974577e-06, 3.8536326796290155e-06, 3.853632733807899e-06, 1.150730953164425e-06, 1.6695901611518682e-06, 3.1516459317315615e-06, 3.1516459317315615e-06, 2.0846334013724377e-06, 1.818823805455061e-06, 2.084633401344682e-06, 1.8124495602678259e-06, 3.3426803966122437e-06, 1.5846707128730486e-06, 1.5846707128730486e-06, 3.3541435711381684e-06, 1.8908016838348196e-06, 1.8908016272689565e-06, 0.00026693872919999995, 0.00024080486759999993, 2.6133861599999997e-05, 0.00024080486759999993, 0.00024080486759999993, 0.0010154871935999998, 2.3430691957274097e-06, 2.7699824871984592e-06, 1.6829712592911217e-06, 2.169179879274452e-06, 2.169179879274452e-06, 1.1814056506409543e-06, 1.1814056506409543e-06, 1.818823761823296e-06, 3.624459282036696e-06, 3.624459282036696e-06, 2.9027122536717798e-06, 2.9027122536717798e-06]","['EX_glyc_e', '3HAD160', '3OAR160', '3OAS160', '4PCP', 'ALAGLUE', 'EX_kdo2lipid4_e', 'ADPT', 'AMPTASECG', 'ASNabcpp', 'CGLYabcpp', 'EAR160x', 'ARGabcpp', 'FA160ACPHi', 'FA161ACPHi', 'G3PEabcpp', 'G3PT', 'GLYCtex', 'GLYCtpp', 'H2SO', 'I2FE2SS', 'I2FE2ST', 'ILEabcpp', 'LEUabcpp', 'Kabcpp', 'LADGMDH', 'LALGP', 'OPHHX3', 'PIuabcpp', 'PROabcpp', 'VALabcpp']","['EX_ade_e', 'EX_arg__L_e', 'EX_asn__L_e', 'EX_cgly_e', 'EX_LalaDgluMdapDala_e', 'EX_leu__L_e', 'EX_lipa_cold_e', 'EX_g3pe_e', 'EX_phe__L_e', 'EX_pro__L_e', 'EX_trp__L_e', 'EX_tyr__L_e', 'EX_uri_e', 'EX_val__L_e', 'EX_xtsn_e', '4PEPTtex', 'EX_ile__L_e', 'ADEt2rpp', 'ADEtex', 'ASNtex', 'ASNS1', 'ASPT', 'CGLYtex', 'CLIPAabctex', 'ARGtex', 'EDTXS3', 'EDTXS4', 'G3PEtex', 'GLYCL', 'GTPHs', 'ILEtex', 'LEUtex', 'LIPACabcpp', 'NTD10', 'NTD2', 'NTPP11', 'NTPP8', 'PHEt2rpp', 'PHEtex', 'PROtex', 'S2FE2SS', 'S2FE2SS2', 'S2FE2ST', 'S4FE4SR', 'S4FE4ST', 'SCYSDS', 'SERD_L', 'THRA', 'TRPS1', 'TRPt2rpp', 'TRPtex', 'TYRt2rpp', 'TYRtex', 'URItex', 'VALtex', 'XTSNtex', 'XTSNt2rpp']","['4PEPTabcpp', 'ETHAAL', 'GPDDA2', 'I2FE2SS2', 'I4FE4SR', 'I4FE4ST', 'ICYSDS']",I2FE2SS,SCYSDS,0.004446564623815284,1,95,7,-19.0,-6.0073292161581256e-05,iECW_1372,PSL,False,False,0.0,0.0,0.0,0.0
186,"['EX_ade_e', 'EX_arg__L_e', 'EX_asn__L_e', 'EX_cgly_e', 'EX_LalaDgluMdapDala_e', 'EX_leu__L_e', 'EX_lipa_cold_e', 'EX_cytd_e', 'EX_g3pe_e', 'EX_phe__L_e', 'EX_tyr__L_e', 'EX_uri_e', 'EX_val__L_e', 'EX_xtsn_e', 'EX_glyc_e', '3HAD160', '3OAR160', '3OAS160', '4PCP', '4PEPTabcpp', '4PEPTtex', 'EX_ile__L_e', 'ADEt2rpp', 'ADEtex', 'ALAGLUE', 'ALLTAMH', 'ALLTN', 'AMPN', 'AMPTASECG', 'ASNabcpp', 'ASNtex', 'ASPT', 'CGLYabcpp', 'CGLYtex', 'CLIPAabctex', 'CYSDS', 'CYTDtex', 'DHBD', 'DHBSH', 'EAR160x', 'ARGabcpp', 'ARGtex', 'EDTXS3', 'EDTXS4', 'ETHAAL', 'FA160ACPHi', 'FA161ACPHi', 'G3PEabcpp', 'G3PEtex', 'G3PT', 'GLYCtex', 'GLYCtpp', 'GPDDA2', 'GLYCL', 'GLYCLTDx', 'GTPHs', 'H2SO', 'I2FE2SS', 'I2FE2SS2', 'I4FE4SR', 'I4FE4ST', 'ICHORS_copy1', 'ICHORT', 'ICYSDS', 'ILEabcpp', 'ILEtex', 'LEUabcpp', 'LEUtex', 'LIPACabcpp', 'Kabcpp', 'LADGMDH', 'LALGP', 'NTD10', 'NTD2', 'NTD4', 'NTPP11', 'NTPP8', 'OPHHX3', 'P5CD', 'PHEt2rpp', 'PHEtex', 'PIuabcpp', 'PROD2', 'S2FE2SS', 'S2FE2SS2', 'S4FE4SR', 'S4FE4ST', 'SCYSDS', 'SERD_L', 'THRA', 'TYRt2rpp', 'TYRtex', 'UGLYCH', 'URItex', 'VALabcpp', 'VALtex', 'XTSNtex', 'XTSNt2rpp']","[1.65220997391715e-06, 2.392132180617512e-06, 1.9494625288773992e-06, 3.5649404541981955e-06, 3.104654821977614e-06, 3.6435390029510017e-06, 1.0825100760780693e-06, 1.2981993222638266e-06, 3.434738840096818e-06, 1.4982770546734248e-06, 1.1169974280800243e-06, 1.3770093119092053e-06, 3.4268581415218763e-06, 2.360588660606233e-06, -2.328812421667492e-06, -1.032154502644822e-06, -1.0321545005353983e-06, -1.032154502644822e-06, -3.0707307644376597e-06, -3.0707307644376597e-06, -3.1046548656377126e-06, 2.349569181547828e-06, -1.6522100168003817e-06, -1.6522100168003817e-06, -2.997586875608249e-06, -1.1748007909297142e-06, -1.1748007909297142e-06, 1.3221294623502354e-06, -3.5649404541981955e-06, -1.9494625288773992e-06, -1.94946255760442e-06, 1.5692024699087703e-06, -3.5649404541981955e-06, -3.5649404708237853e-06, 1.0825100760780693e-06, -1.9419544393384225e-06, -1.2981993222638266e-06, 1.0621217825246276e-06, -1.0621217351181045e-06, -1.032154502644822e-06, -2.392132180617512e-06, -2.392132159911853e-06, 1.0825100760780693e-06, 1.0825100760780693e-06, -2.3103901376775315e-06, -1.032154502644822e-06, -1.0825100760780693e-06, -3.434738840096818e-06, -3.434738800933701e-06, -2.328812421667492e-06, 2.328812456653395e-06, -2.328812456653395e-06, -2.3103901376775315e-06, 1.1258059692240184e-06, -1.4102325432453766e-06, 1.1857878696730495e-06, -1.5603476788972337e-06, -0.00024080718054220507, -0.00024080695410031087, -0.00024080695410031087, -0.00024080695410031087, 1.0621217825246276e-06, 1.0621217351181045e-06, -0.0009632340192917027, -2.349569181547828e-06, -2.3495691721109324e-06, -3.6435390307065774e-06, -3.6435390029510017e-06, 1.0825100760780693e-06, -1.5785668805723407e-06, -2.997586884281288e-06, -2.997586884281288e-06, 1.1857878696730495e-06, 1.1585171667827243e-06, 1.2981993222638266e-06, 1.1857878696730495e-06, 1.813993665611413e-06, -4.6113809615278e-06, 1.298820279771462e-06, -1.4982770153437741e-06, -1.4982770153437741e-06, -3.646111347455072e-06, 1.298820279771462e-06, 0.00024080486760000018, 0.00024080485142557916, 0.00024080485142557916, 0.00024080485142557916, 0.0009632194218767376, 3.116374002756772e-06, 2.310390137726104e-06, -1.1169973959113122e-06, -1.1169973959113122e-06, -1.1748007909297142e-06, -1.3770093119092053e-06, -3.4268581415218763e-06, -3.4268581430296763e-06, -2.3605886099176132e-06, -2.3605886099176132e-06]","[1.65220997391715e-06, 2.392132180617512e-06, 1.9494625288773992e-06, 3.5649404541981955e-06, 3.104654821977614e-06, 3.6435390029510017e-06, 1.0825100760780693e-06, 1.2981993222638266e-06, 3.434738840096818e-06, 1.4982770546734248e-06, 1.1169974280800243e-06, 1.3770093119092053e-06, 3.4268581415218763e-06, 2.360588660606233e-06, 2.328812421667492e-06, 1.032154502644822e-06, 1.0321545005353983e-06, 1.032154502644822e-06, 3.0707307644376597e-06, 3.0707307644376597e-06, 3.1046548656377126e-06, 2.349569181547828e-06, 1.6522100168003817e-06, 1.6522100168003817e-06, 2.997586875608249e-06, 1.1748007909297142e-06, 1.1748007909297142e-06, 1.3221294623502354e-06, 3.5649404541981955e-06, 1.9494625288773992e-06, 1.94946255760442e-06, 1.5692024699087703e-06, 3.5649404541981955e-06, 3.5649404708237853e-06, 1.0825100760780693e-06, 1.9419544393384225e-06, 1.2981993222638266e-06, 1.0621217825246276e-06, 1.0621217351181045e-06, 1.032154502644822e-06, 2.392132180617512e-06, 2.392132159911853e-06, 1.0825100760780693e-06, 1.0825100760780693e-06, 2.3103901376775315e-06, 1.032154502644822e-06, 1.0825100760780693e-06, 3.434738840096818e-06, 3.434738800933701e-06, 2.328812421667492e-06, 2.328812456653395e-06, 2.328812456653395e-06, 2.3103901376775315e-06, 1.1258059692240184e-06, 1.4102325432453766e-06, 1.1857878696730495e-06, 1.5603476788972337e-06, 0.00024080718054220507, 0.00024080695410031087, 0.00024080695410031087, 0.00024080695410031087, 1.0621217825246276e-06, 1.0621217351181045e-06, 0.0009632340192917027, 2.349569181547828e-06, 2.3495691721109324e-06, 3.6435390307065774e-06, 3.6435390029510017e-06, 1.0825100760780693e-06, 1.5785668805723407e-06, 2.997586884281288e-06, 2.997586884281288e-06, 1.1857878696730495e-06, 1.1585171667827243e-06, 1.2981993222638266e-06, 1.1857878696730495e-06, 1.813993665611413e-06, 4.6113809615278e-06, 1.298820279771462e-06, 1.4982770153437741e-06, 1.4982770153437741e-06, 3.646111347455072e-06, 1.298820279771462e-06, 0.00024080486760000018, 0.00024080485142557916, 0.00024080485142557916, 0.00024080485142557916, 0.0009632194218767376, 3.116374002756772e-06, 2.310390137726104e-06, 1.1169973959113122e-06, 1.1169973959113122e-06, 1.1748007909297142e-06, 1.3770093119092053e-06, 3.4268581415218763e-06, 3.4268581430296763e-06, 2.3605886099176132e-06, 2.3605886099176132e-06]","['EX_glyc_e', '3HAD160', '3OAR160', '3OAS160', '4PCP', '4PEPTabcpp', 'ALAGLUE', 'ALLTAMH', 'ALLTN', 'AMPTASECG', 'ASNabcpp', 'CGLYabcpp', 'CYSDS', 'DHBSH', 'EAR160x', 'ARGabcpp', 'FA160ACPHi', 'FA161ACPHi', 'G3PEabcpp', 'G3PT', 'GLYCtex', 'GLYCtpp', 'GLYCLTDx', 'H2SO', 'I2FE2SS2', 'I4FE4SR', 'I4FE4ST', 'ILEabcpp', 'LEUabcpp', 'Kabcpp', 'LADGMDH', 'LALGP', 'OPHHX3', 'PIuabcpp', 'UGLYCH', 'VALabcpp']","['EX_ade_e', 'EX_arg__L_e', 'EX_asn__L_e', 'EX_cgly_e', 'EX_LalaDgluMdapDala_e', 'EX_leu__L_e', 'EX_lipa_cold_e', 'EX_cytd_e', 'EX_g3pe_e', 'EX_phe__L_e', 'EX_tyr__L_e', 'EX_uri_e', 'EX_val__L_e', 'EX_xtsn_e', '4PEPTtex', 'EX_ile__L_e', 'ADEt2rpp', 'ADEtex', 'AMPN', 'ASNtex', 'ASPT', 'CGLYtex', 'CLIPAabctex', 'CYTDtex', 'DHBD', 'ARGtex', 'EDTXS3', 'EDTXS4', 'G3PEtex', 'GLYCL', 'GTPHs', 'ICHORS_copy1', 'ICHORT', 'ILEtex', 'LEUtex', 'LIPACabcpp', 'NTD2', 'NTD4', 'NTPP11', 'NTPP8', 'P5CD', 'PHEt2rpp', 'PHEtex', 'PROD2', 'S2FE2SS', 'SERD_L', 'THRA', 'TYRt2rpp', 'TYRtex', 'URItex', 'VALtex', 'XTSNtex', 'XTSNt2rpp']","['ETHAAL', 'GPDDA2', 'I2FE2SS', 'ICYSDS', 'NTD10', 'S2FE2SS2', 'S4FE4SR', 'S4FE4ST', 'SCYSDS']",I2FE2SS2,S2FE2SS,0.004217434476957646,1,98,9,-16.0,-5.249996796514246e-05,iECW_1372,PSL,False,False,0.0,0.0,0.0,0.0
187,"['EX_ade_e', 'EX_arg__L_e', 'EX_asn__L_e', 'EX_cgly_e', 'EX_LalaDgluMdapDala_e', 'EX_leu__L_e', 'EX_lipa_cold_e', 'EX_g3pe_e', 'EX_phe__L_e', 'EX_pro__L_e', 'EX_tyr__L_e', 'EX_uri_e', 'EX_val__L_e', 'EX_xtsn_e', 'EX_glyc_e', '4PCP', '4PEPTabcpp', '4PEPTtex', 'EX_ile__L_e', 'ADEt2rpp', 'ADEtex', 'ALAGLUE', 'AMPTASECG', 'ASNabcpp', 'ASNtex', 'CGLYabcpp', 'CGLYtex', 'CLIPAabctex', 'CYSDS', 'DHBD', 'DHBSH', 'ARGabcpp', 'ARGtex', 'EDTXS3', 'EDTXS4', 'ETHAAL', 'FA161ACPHi', 'G3PEabcpp', 'G3PEtex', 'G3PT', 'GLYCtex', 'GLYCtpp', 'GPDDA2', 'GTPHs', 'H2SO', 'I2FE2SR', 'I2FE2SS', 'I2FE2SS2', 'I2FE2ST', 'I4FE4SR', 'I4FE4ST', 'ICHORS_copy1', 'ICHORT', 'ICYSDS', 'ILEabcpp', 'ILEtex', 'LEUabcpp', 'LEUtex', 'LIPACabcpp', 'Kabcpp', 'LADGMDH', 'LALGP', 'NTD10', 'NTD2', 'NTPP11', 'NTPP8', 'OPHHX3', 'PHEt2rpp', 'PHEtex', 'PIuabcpp', 'PROabcpp', 'PROtex', 'S2FE2SR', 'S2FE2SS', 'S2FE2SS2', 'S2FE2ST', 'S4FE4SR', 'S4FE4ST', 'SCYSDS', 'SERD_L', 'THRA', 'TYRt2rpp', 'TYRtex', 'URItex', 'VALabcpp', 'VALtex', 'XTSNtex', 'XTSNt2rpp']","[1.5980539999072008e-06, 2.313720661173413e-06, 2.871733199627524e-06, 2.6636165044724436e-06, 3.0102883704086203e-06, 3.524107796692988e-06, 1.1633668369204209e-06, 3.4492376361633385e-06, 1.4491651444403786e-06, 1.3355755145438852e-06, 1.0803834538941626e-06, 1.5092771263880422e-06, 3.3145296325705776e-06, 2.548402324942245e-06, -3.5091494568068034e-06, -2.684246674433677e-06, -2.9651124100193993e-06, -3.010288423865859e-06, 2.2725528310840737e-06, -1.598054041096475e-06, -1.598054041096475e-06, -2.6842466240850626e-06, -2.6636165044724436e-06, -2.871733199627524e-06, -2.871733158826828e-06, -2.6636165044724436e-06, -2.6636165557647473e-06, 1.1633668369204209e-06, -1.680006698256964e-06, 1.2343612070253585e-06, -1.2343611701104429e-06, -2.313720661173413e-06, -2.3137206426326884e-06, 1.1633668369204209e-06, 1.1633668369204209e-06, -2.6479247198160642e-06, -1.1633668369204209e-06, -3.089842490144879e-06, -3.449237624408852e-06, -3.7900151724917786e-06, 3.5091494510197663e-06, -3.790015171034611e-06, -2.6479247198160642e-06, 2.0893310193059733e-06, -1.118275227085519e-06, -1.8667200442408919e-06, -0.00021467302410707506, -0.00024267360575131594, 2.6133861599999997e-05, -0.00024267360575131594, -0.00024267360575131594, 1.2343612070253585e-06, 1.2343611701104429e-06, -0.00091656554128866, -2.2725528310840737e-06, -2.2725528197042877e-06, -3.5241077402936583e-06, -3.524107796692988e-06, 1.1633668369204209e-06, -1.5268231562393098e-06, -2.684246674433677e-06, -2.684246674433677e-06, 2.0893310193059733e-06, 1.5092771382119174e-06, 2.0893310193059733e-06, 1.7478762999734165e-06, -3.869555202820445e-06, -1.4491650972559e-06, -1.4491650972559e-06, -2.65109726171886e-06, -1.3355755145438852e-06, -1.335575461780536e-06, 1.8667043999999997e-06, 0.00021467078698062745, 0.00024267157199999993, -2.6134080619372486e-05, 0.00024267157199999993, 0.00024267157199999993, 0.0009165514223612548, 2.8507628584001354e-06, 2.4365945346313533e-06, -1.0803834129546885e-06, -1.0803834129546885e-06, -1.5092771263880422e-06, -3.3145296325705776e-06, -3.314529635645158e-06, -2.5484023353783414e-06, -2.5484023353783414e-06]","[1.5980539999072008e-06, 2.313720661173413e-06, 2.871733199627524e-06, 2.6636165044724436e-06, 3.0102883704086203e-06, 3.524107796692988e-06, 1.1633668369204209e-06, 3.4492376361633385e-06, 1.4491651444403786e-06, 1.3355755145438852e-06, 1.0803834538941626e-06, 1.5092771263880422e-06, 3.3145296325705776e-06, 2.548402324942245e-06, 3.5091494568068034e-06, 2.684246674433677e-06, 2.9651124100193993e-06, 3.010288423865859e-06, 2.2725528310840737e-06, 1.598054041096475e-06, 1.598054041096475e-06, 2.6842466240850626e-06, 2.6636165044724436e-06, 2.871733199627524e-06, 2.871733158826828e-06, 2.6636165044724436e-06, 2.6636165557647473e-06, 1.1633668369204209e-06, 1.680006698256964e-06, 1.2343612070253585e-06, 1.2343611701104429e-06, 2.313720661173413e-06, 2.3137206426326884e-06, 1.1633668369204209e-06, 1.1633668369204209e-06, 2.6479247198160642e-06, 1.1633668369204209e-06, 3.089842490144879e-06, 3.449237624408852e-06, 3.7900151724917786e-06, 3.5091494510197663e-06, 3.790015171034611e-06, 2.6479247198160642e-06, 2.0893310193059733e-06, 1.118275227085519e-06, 1.8667200442408919e-06, 0.00021467302410707506, 0.00024267360575131594, 2.6133861599999997e-05, 0.00024267360575131594, 0.00024267360575131594, 1.2343612070253585e-06, 1.2343611701104429e-06, 0.00091656554128866, 2.2725528310840737e-06, 2.2725528197042877e-06, 3.5241077402936583e-06, 3.524107796692988e-06, 1.1633668369204209e-06, 1.5268231562393098e-06, 2.684246674433677e-06, 2.684246674433677e-06, 2.0893310193059733e-06, 1.5092771382119174e-06, 2.0893310193059733e-06, 1.7478762999734165e-06, 3.869555202820445e-06, 1.4491650972559e-06, 1.4491650972559e-06, 2.65109726171886e-06, 1.3355755145438852e-06, 1.335575461780536e-06, 1.8667043999999997e-06, 0.00021467078698062745, 0.00024267157199999993, 2.6134080619372486e-05, 0.00024267157199999993, 0.00024267157199999993, 0.0009165514223612548, 2.8507628584001354e-06, 2.4365945346313533e-06, 1.0803834129546885e-06, 1.0803834129546885e-06, 1.5092771263880422e-06, 3.3145296325705776e-06, 3.314529635645158e-06, 2.5484023353783414e-06, 2.5484023353783414e-06]","['EX_glyc_e', '4PCP', '4PEPTabcpp', 'ALAGLUE', 'AMPTASECG', 'ASNabcpp', 'CGLYabcpp', 'CYSDS', 'DHBSH', 'ARGabcpp', 'FA161ACPHi', 'G3PEabcpp', 'G3PT', 'GLYCtex', 'H2SO', 'I2FE2SR', 'I2FE2SS2', 'I4FE4SR', 'I4FE4ST', 'ILEabcpp', 'LEUabcpp', 'Kabcpp', 'LADGMDH', 'LALGP', 'OPHHX3', 'PIuabcpp', 'PROabcpp', 'S2FE2ST', 'VALabcpp']","['EX_ade_e', 'EX_arg__L_e', 'EX_asn__L_e', 'EX_cgly_e', 'EX_LalaDgluMdapDala_e', 'EX_leu__L_e', 'EX_lipa_cold_e', 'EX_g3pe_e', 'EX_phe__L_e', 'EX_pro__L_e', 'EX_tyr__L_e', 'EX_uri_e', 'EX_val__L_e', 'EX_xtsn_e', '4PEPTtex', 'EX_ile__L_e', 'ADEt2rpp', 'ADEtex', 'ASNtex', 'CGLYtex', 'CLIPAabctex', 'DHBD', 'ARGtex', 'EDTXS3', 'EDTXS4', 'G3PEtex', 'GTPHs', 'I2FE2ST', 'ICHORS_copy1', 'ICHORT', 'ILEtex', 'LEUtex', 'LIPACabcpp', 'NTD10', 'NTD2', 'NTPP11', 'NTPP8', 'PHEt2rpp', 'PHEtex', 'PROtex', 'S2FE2SR', 'S2FE2SS2', 'S4FE4SR', 'S4FE4ST', 'SERD_L', 'THRA', 'TYRt2rpp', 'TYRtex', 'URItex', 'VALtex', 'XTSNtex', 'XTSNt2rpp']","['ETHAAL', 'GLYCtpp', 'GPDDA2', 'I2FE2SS', 'ICYSDS', 'S2FE2SS', 'SCYSDS']",I2FE2SS2,S2FE2SS2,0.004120856597939418,1,88,7,-14.0,-4.6237034614173965e-05,iECW_1372,PSL,False,False,0.0,0.0,0.0,0.0
188,"['EX_ade_e', 'EX_arg__L_e', 'EX_asn__L_e', 'EX_cgly_e', 'EX_LalaDgluMdapDala_e', 'EX_leu__L_e', 'EX_lipa_cold_e', 'EX_g3pe_e', 'EX_phe__L_e', 'EX_pro__L_e', 'EX_tyr__L_e', 'EX_uri_e', 'EX_val__L_e', 'EX_xtsn_e', 'EX_glyc_e', '4PCP', '4PEPTabcpp', '4PEPTtex', 'EX_ile__L_e', 'ADEt2rpp', 'ADEtex', 'ALAGLUE', 'AMPTASECG', 'ASNabcpp', 'ASNtex', 'CGLYabcpp', 'CGLYtex', 'CLIPAabctex', 'CYSDS', 'DHBD', 'DHBSH', 'ARGabcpp', 'ARGtex', 'EDTXS3', 'EDTXS4', 'ETHAAL', 'FA161ACPHi', 'G3PEabcpp', 'G3PEtex', 'G3PT', 'GLYCtex', 'GLYCtpp', 'GPDDA2', 'GTPHs', 'H2SO', 'I2FE2SR', 'I2FE2SS', 'I2FE2SS2', 'I2FE2ST', 'I4FE4SR', 'I4FE4ST', 'ICHORS_copy1', 'ICHORT', 'ICYSDS', 'ILEabcpp', 'ILEtex', 'LEUabcpp', 'LEUtex', 'LIPACabcpp', 'Kabcpp', 'LADGMDH', 'LALGP', 'NTD10', 'NTD2', 'NTPP11', 'NTPP8', 'OPHHX3', 'PHEt2rpp', 'PHEtex', 'PIuabcpp', 'PROabcpp', 'PROtex', 'S2FE2SR', 'S2FE2SS', 'S2FE2SS2', 'S2FE2ST', 'S4FE4SR', 'S4FE4ST', 'SCYSDS', 'SERD_L', 'THRA', 'TYRt2rpp', 'TYRtex', 'URItex', 'VALabcpp', 'VALtex', 'XTSNtex', 'XTSNt2rpp']","[1.5980539999072008e-06, 2.313720661173413e-06, 2.871733199627524e-06, 2.6636165044724436e-06, 3.0102883704086203e-06, 3.524107796692988e-06, 1.1633668369204209e-06, 3.4492376361633385e-06, 1.4491651444403786e-06, 1.3355755145438852e-06, 1.0803834538941626e-06, 1.5092771263880422e-06, 3.3145296325705776e-06, 2.548402324942245e-06, -3.5091494568068034e-06, -2.684246674433677e-06, -2.9651124100193993e-06, -3.010288423865859e-06, 2.2725528310840737e-06, -1.598054041096475e-06, -1.598054041096475e-06, -2.6842466240850626e-06, -2.6636165044724436e-06, -2.871733199627524e-06, -2.871733158826828e-06, -2.6636165044724436e-06, -2.6636165557647473e-06, 1.1633668369204209e-06, -1.680006698256964e-06, 1.2343612070253585e-06, -1.2343611701104429e-06, -2.313720661173413e-06, -2.3137206426326884e-06, 1.1633668369204209e-06, 1.1633668369204209e-06, -2.6479247198160642e-06, -1.1633668369204209e-06, -3.089842490144879e-06, -3.449237624408852e-06, -3.7900151724917786e-06, 3.5091494510197663e-06, -3.790015171034611e-06, -2.6479247198160642e-06, 2.0893310193059733e-06, -1.118275227085519e-06, -1.8667200442408919e-06, -0.00021467302410707506, -0.00024267360575131594, 2.6133861599999997e-05, -0.00024267360575131594, -0.00024267360575131594, 1.2343612070253585e-06, 1.2343611701104429e-06, -0.00091656554128866, -2.2725528310840737e-06, -2.2725528197042877e-06, -3.5241077402936583e-06, -3.524107796692988e-06, 1.1633668369204209e-06, -1.5268231562393098e-06, -2.684246674433677e-06, -2.684246674433677e-06, 2.0893310193059733e-06, 1.5092771382119174e-06, 2.0893310193059733e-06, 1.7478762999734165e-06, -3.869555202820445e-06, -1.4491650972559e-06, -1.4491650972559e-06, -2.65109726171886e-06, -1.3355755145438852e-06, -1.335575461780536e-06, 1.8667043999999997e-06, 0.00021467078698062745, 0.00024267157199999993, -2.6134080619372486e-05, 0.00024267157199999993, 0.00024267157199999993, 0.0009165514223612548, 2.8507628584001354e-06, 2.4365945346313533e-06, -1.0803834129546885e-06, -1.0803834129546885e-06, -1.5092771263880422e-06, -3.3145296325705776e-06, -3.314529635645158e-06, -2.5484023353783414e-06, -2.5484023353783414e-06]","[1.5980539999072008e-06, 2.313720661173413e-06, 2.871733199627524e-06, 2.6636165044724436e-06, 3.0102883704086203e-06, 3.524107796692988e-06, 1.1633668369204209e-06, 3.4492376361633385e-06, 1.4491651444403786e-06, 1.3355755145438852e-06, 1.0803834538941626e-06, 1.5092771263880422e-06, 3.3145296325705776e-06, 2.548402324942245e-06, 3.5091494568068034e-06, 2.684246674433677e-06, 2.9651124100193993e-06, 3.010288423865859e-06, 2.2725528310840737e-06, 1.598054041096475e-06, 1.598054041096475e-06, 2.6842466240850626e-06, 2.6636165044724436e-06, 2.871733199627524e-06, 2.871733158826828e-06, 2.6636165044724436e-06, 2.6636165557647473e-06, 1.1633668369204209e-06, 1.680006698256964e-06, 1.2343612070253585e-06, 1.2343611701104429e-06, 2.313720661173413e-06, 2.3137206426326884e-06, 1.1633668369204209e-06, 1.1633668369204209e-06, 2.6479247198160642e-06, 1.1633668369204209e-06, 3.089842490144879e-06, 3.449237624408852e-06, 3.7900151724917786e-06, 3.5091494510197663e-06, 3.790015171034611e-06, 2.6479247198160642e-06, 2.0893310193059733e-06, 1.118275227085519e-06, 1.8667200442408919e-06, 0.00021467302410707506, 0.00024267360575131594, 2.6133861599999997e-05, 0.00024267360575131594, 0.00024267360575131594, 1.2343612070253585e-06, 1.2343611701104429e-06, 0.00091656554128866, 2.2725528310840737e-06, 2.2725528197042877e-06, 3.5241077402936583e-06, 3.524107796692988e-06, 1.1633668369204209e-06, 1.5268231562393098e-06, 2.684246674433677e-06, 2.684246674433677e-06, 2.0893310193059733e-06, 1.5092771382119174e-06, 2.0893310193059733e-06, 1.7478762999734165e-06, 3.869555202820445e-06, 1.4491650972559e-06, 1.4491650972559e-06, 2.65109726171886e-06, 1.3355755145438852e-06, 1.335575461780536e-06, 1.8667043999999997e-06, 0.00021467078698062745, 0.00024267157199999993, 2.6134080619372486e-05, 0.00024267157199999993, 0.00024267157199999993, 0.0009165514223612548, 2.8507628584001354e-06, 2.4365945346313533e-06, 1.0803834129546885e-06, 1.0803834129546885e-06, 1.5092771263880422e-06, 3.3145296325705776e-06, 3.314529635645158e-06, 2.5484023353783414e-06, 2.5484023353783414e-06]","['EX_glyc_e', '4PCP', '4PEPTabcpp', 'ALAGLUE', 'AMPTASECG', 'ASNabcpp', 'CGLYabcpp', 'CYSDS', 'DHBSH', 'ARGabcpp', 'FA161ACPHi', 'G3PEabcpp', 'G3PT', 'GLYCtex', 'H2SO', 'I2FE2SR', 'I2FE2SS2', 'I4FE4SR', 'I4FE4ST', 'ILEabcpp', 'LEUabcpp', 'Kabcpp', 'LADGMDH', 'LALGP', 'OPHHX3', 'PIuabcpp', 'PROabcpp', 'S2FE2ST', 'VALabcpp']","['EX_ade_e', 'EX_arg__L_e', 'EX_asn__L_e', 'EX_cgly_e', 'EX_LalaDgluMdapDala_e', 'EX_leu__L_e', 'EX_lipa_cold_e', 'EX_g3pe_e', 'EX_phe__L_e', 'EX_pro__L_e', 'EX_tyr__L_e', 'EX_uri_e', 'EX_val__L_e', 'EX_xtsn_e', '4PEPTtex', 'EX_ile__L_e', 'ADEt2rpp', 'ADEtex', 'ASNtex', 'CGLYtex', 'CLIPAabctex', 'DHBD', 'ARGtex', 'EDTXS3', 'EDTXS4', 'G3PEtex', 'GTPHs', 'I2FE2ST', 'ICHORS_copy1', 'ICHORT', 'ILEtex', 'LEUtex', 'LIPACabcpp', 'NTD10', 'NTD2', 'NTPP11', 'NTPP8', 'PHEt2rpp', 'PHEtex', 'PROtex', 'S2FE2SR', 'S2FE2SS2', 'S4FE4SR', 'S4FE4ST', 'SERD_L', 'THRA', 'TYRt2rpp', 'TYRtex', 'URItex', 'VALtex', 'XTSNtex', 'XTSNt2rpp']","['ETHAAL', 'GLYCtpp', 'GPDDA2', 'I2FE2SS', 'ICYSDS', 'S2FE2SS', 'SCYSDS']",I2FE2SS2,S4FE4SR,0.004120856597939418,1,88,7,-14.0,-4.6237034614173965e-05,iECW_1372,PSL,False,False,0.0,0.0,0.0,0.0
189,"['EX_ade_e', 'EX_arg__L_e', 'EX_asn__L_e', 'EX_cgly_e', 'EX_LalaDgluMdapDala_e', 'EX_leu__L_e', 'EX_lipa_cold_e', 'EX_g3pe_e', 'EX_phe__L_e', 'EX_pro__L_e', 'EX_tyr__L_e', 'EX_uri_e', 'EX_val__L_e', 'EX_xtsn_e', 'EX_glyc_e', '4PCP', '4PEPTabcpp', '4PEPTtex', 'EX_ile__L_e', 'ADEt2rpp', 'ADEtex', 'ALAGLUE', 'AMPTASECG', 'ASNabcpp', 'ASNtex', 'CGLYabcpp', 'CGLYtex', 'CLIPAabctex', 'CYSDS', 'DHBD', 'DHBSH', 'ARGabcpp', 'ARGtex', 'EDTXS3', 'EDTXS4', 'ETHAAL', 'FA161ACPHi', 'G3PEabcpp', 'G3PEtex', 'G3PT', 'GLYCtex', 'GLYCtpp', 'GPDDA2', 'GTPHs', 'H2SO', 'I2FE2SR', 'I2FE2SS', 'I2FE2SS2', 'I2FE2ST', 'I4FE4SR', 'I4FE4ST', 'ICHORS_copy1', 'ICHORT', 'ICYSDS', 'ILEabcpp', 'ILEtex', 'LEUabcpp', 'LEUtex', 'LIPACabcpp', 'Kabcpp', 'LADGMDH', 'LALGP', 'NTD10', 'NTD2', 'NTPP11', 'NTPP8', 'OPHHX3', 'PHEt2rpp', 'PHEtex', 'PIuabcpp', 'PROabcpp', 'PROtex', 'S2FE2SR', 'S2FE2SS', 'S2FE2SS2', 'S2FE2ST', 'S4FE4SR', 'S4FE4ST', 'SCYSDS', 'SERD_L', 'THRA', 'TYRt2rpp', 'TYRtex', 'URItex', 'VALabcpp', 'VALtex', 'XTSNtex', 'XTSNt2rpp']","[1.5980539999072008e-06, 2.313720661173413e-06, 2.871733199627524e-06, 2.6636165044724436e-06, 3.0102883704086203e-06, 3.524107796692988e-06, 1.1633668369204209e-06, 3.4492376361633385e-06, 1.4491651444403786e-06, 1.3355755145438852e-06, 1.0803834538941626e-06, 1.5092771263880422e-06, 3.3145296325705776e-06, 2.548402324942245e-06, -3.5091494568068034e-06, -2.684246674433677e-06, -2.9651124100193993e-06, -3.010288423865859e-06, 2.2725528310840737e-06, -1.598054041096475e-06, -1.598054041096475e-06, -2.6842466240850626e-06, -2.6636165044724436e-06, -2.871733199627524e-06, -2.871733158826828e-06, -2.6636165044724436e-06, -2.6636165557647473e-06, 1.1633668369204209e-06, -1.680006698256964e-06, 1.2343612070253585e-06, -1.2343611701104429e-06, -2.313720661173413e-06, -2.3137206426326884e-06, 1.1633668369204209e-06, 1.1633668369204209e-06, -2.6479247198160642e-06, -1.1633668369204209e-06, -3.089842490144879e-06, -3.449237624408852e-06, -3.7900151724917786e-06, 3.5091494510197663e-06, -3.790015171034611e-06, -2.6479247198160642e-06, 2.0893310193059733e-06, -1.118275227085519e-06, -1.8667200442408919e-06, -0.00021467302410707506, -0.00024267360575131594, 2.6133861599999997e-05, -0.00024267360575131594, -0.00024267360575131594, 1.2343612070253585e-06, 1.2343611701104429e-06, -0.00091656554128866, -2.2725528310840737e-06, -2.2725528197042877e-06, -3.5241077402936583e-06, -3.524107796692988e-06, 1.1633668369204209e-06, -1.5268231562393098e-06, -2.684246674433677e-06, -2.684246674433677e-06, 2.0893310193059733e-06, 1.5092771382119174e-06, 2.0893310193059733e-06, 1.7478762999734165e-06, -3.869555202820445e-06, -1.4491650972559e-06, -1.4491650972559e-06, -2.65109726171886e-06, -1.3355755145438852e-06, -1.335575461780536e-06, 1.8667043999999997e-06, 0.00021467078698062745, 0.00024267157199999993, -2.6134080619372486e-05, 0.00024267157199999993, 0.00024267157199999993, 0.0009165514223612548, 2.8507628584001354e-06, 2.4365945346313533e-06, -1.0803834129546885e-06, -1.0803834129546885e-06, -1.5092771263880422e-06, -3.3145296325705776e-06, -3.314529635645158e-06, -2.5484023353783414e-06, -2.5484023353783414e-06]","[1.5980539999072008e-06, 2.313720661173413e-06, 2.871733199627524e-06, 2.6636165044724436e-06, 3.0102883704086203e-06, 3.524107796692988e-06, 1.1633668369204209e-06, 3.4492376361633385e-06, 1.4491651444403786e-06, 1.3355755145438852e-06, 1.0803834538941626e-06, 1.5092771263880422e-06, 3.3145296325705776e-06, 2.548402324942245e-06, 3.5091494568068034e-06, 2.684246674433677e-06, 2.9651124100193993e-06, 3.010288423865859e-06, 2.2725528310840737e-06, 1.598054041096475e-06, 1.598054041096475e-06, 2.6842466240850626e-06, 2.6636165044724436e-06, 2.871733199627524e-06, 2.871733158826828e-06, 2.6636165044724436e-06, 2.6636165557647473e-06, 1.1633668369204209e-06, 1.680006698256964e-06, 1.2343612070253585e-06, 1.2343611701104429e-06, 2.313720661173413e-06, 2.3137206426326884e-06, 1.1633668369204209e-06, 1.1633668369204209e-06, 2.6479247198160642e-06, 1.1633668369204209e-06, 3.089842490144879e-06, 3.449237624408852e-06, 3.7900151724917786e-06, 3.5091494510197663e-06, 3.790015171034611e-06, 2.6479247198160642e-06, 2.0893310193059733e-06, 1.118275227085519e-06, 1.8667200442408919e-06, 0.00021467302410707506, 0.00024267360575131594, 2.6133861599999997e-05, 0.00024267360575131594, 0.00024267360575131594, 1.2343612070253585e-06, 1.2343611701104429e-06, 0.00091656554128866, 2.2725528310840737e-06, 2.2725528197042877e-06, 3.5241077402936583e-06, 3.524107796692988e-06, 1.1633668369204209e-06, 1.5268231562393098e-06, 2.684246674433677e-06, 2.684246674433677e-06, 2.0893310193059733e-06, 1.5092771382119174e-06, 2.0893310193059733e-06, 1.7478762999734165e-06, 3.869555202820445e-06, 1.4491650972559e-06, 1.4491650972559e-06, 2.65109726171886e-06, 1.3355755145438852e-06, 1.335575461780536e-06, 1.8667043999999997e-06, 0.00021467078698062745, 0.00024267157199999993, 2.6134080619372486e-05, 0.00024267157199999993, 0.00024267157199999993, 0.0009165514223612548, 2.8507628584001354e-06, 2.4365945346313533e-06, 1.0803834129546885e-06, 1.0803834129546885e-06, 1.5092771263880422e-06, 3.3145296325705776e-06, 3.314529635645158e-06, 2.5484023353783414e-06, 2.5484023353783414e-06]","['EX_glyc_e', '4PCP', '4PEPTabcpp', 'ALAGLUE', 'AMPTASECG', 'ASNabcpp', 'CGLYabcpp', 'CYSDS', 'DHBSH', 'ARGabcpp', 'FA161ACPHi', 'G3PEabcpp', 'G3PT', 'GLYCtex', 'H2SO', 'I2FE2SR', 'I2FE2SS2', 'I4FE4SR', 'I4FE4ST', 'ILEabcpp', 'LEUabcpp', 'Kabcpp', 'LADGMDH', 'LALGP', 'OPHHX3', 'PIuabcpp', 'PROabcpp', 'S2FE2ST', 'VALabcpp']","['EX_ade_e', 'EX_arg__L_e', 'EX_asn__L_e', 'EX_cgly_e', 'EX_LalaDgluMdapDala_e', 'EX_leu__L_e', 'EX_lipa_cold_e', 'EX_g3pe_e', 'EX_phe__L_e', 'EX_pro__L_e', 'EX_tyr__L_e', 'EX_uri_e', 'EX_val__L_e', 'EX_xtsn_e', '4PEPTtex', 'EX_ile__L_e', 'ADEt2rpp', 'ADEtex', 'ASNtex', 'CGLYtex', 'CLIPAabctex', 'DHBD', 'ARGtex', 'EDTXS3', 'EDTXS4', 'G3PEtex', 'GTPHs', 'I2FE2ST', 'ICHORS_copy1', 'ICHORT', 'ILEtex', 'LEUtex', 'LIPACabcpp', 'NTD10', 'NTD2', 'NTPP11', 'NTPP8', 'PHEt2rpp', 'PHEtex', 'PROtex', 'S2FE2SR', 'S2FE2SS2', 'S4FE4SR', 'S4FE4ST', 'SERD_L', 'THRA', 'TYRt2rpp', 'TYRtex', 'URItex', 'VALtex', 'XTSNtex', 'XTSNt2rpp']","['ETHAAL', 'GLYCtpp', 'GPDDA2', 'I2FE2SS', 'ICYSDS', 'S2FE2SS', 'SCYSDS']",I2FE2SS2,S4FE4ST,0.004120856597939418,1,88,7,-14.0,-4.6237034614173965e-05,iECW_1372,PSL,False,False,0.0,0.0,0.0,0.0
190,"['EX_ade_e', 'EX_arg__L_e', 'EX_asn__L_e', 'EX_cgly_e', 'EX_LalaDgluMdapDala_e', 'EX_leu__L_e', 'EX_lipa_cold_e', 'EX_cytd_e', 'EX_g3pe_e', 'EX_phe__L_e', 'EX_pro__L_e', 'EX_tyr__L_e', 'EX_uri_e', 'EX_val__L_e', 'EX_xtsn_e', 'EX_glyc_e', '4PCP', '4PEPTabcpp', '4PEPTtex', 'EX_ile__L_e', 'ADEt2rpp', 'ADEtex', 'ALAGLUE', 'EX_kdo2lipid4_e', 'ALLTAMH', 'ALLTN', 'AMPN', 'AMPTASECG', 'ASNabcpp', 'ASNtex', 'ASPT', 'CGLYabcpp', 'CGLYtex', 'CLIPAabctex', 'CYSDS', 'CYTDtex', 'DHBD', 'DHBSH', 'ARGabcpp', 'ARGtex', 'EDTXS3', 'EDTXS4', 'ETHAAL', 'FA160ACPHi', 'FA161ACPHi', 'G3PEabcpp', 'G3PEtex', 'G3PT', 'GLYCtex', 'GLYCtpp', 'GPDDA2', 'GLYCLTDx', 'GTPHs', 'H2SO', 'I2FE2SR', 'I2FE2SS', 'I2FE2SS2', 'I4FE4SR', 'I4FE4ST', 'ICHORS_copy1', 'ICHORT', 'ICYSDS', 'ILEabcpp', 'ILEtex', 'LEUabcpp', 'LEUtex', 'LIPACabcpp', 'Kabcpp', 'LADGMDH', 'LALGP', 'NTD10', 'NTD2', 'NTD4', 'NTPP11', 'NTPP8', 'MALt2_3pp', 'OPHHX', 'PHEt2rpp', 'PHEtex', 'PIuabcpp', 'PROabcpp', 'PROtex', 'S2FE2SR', 'S2FE2SS', 'S2FE2SS2', 'S4FE4SR', 'S4FE4ST', 'SCYSDS', 'SERD_L', 'THRA', 'TYRt2rpp', 'TYRtex', 'UGLYCH', 'URIC', 'URItex', 'VALabcpp', 'VALtex', 'XAND', 'XTSNtex', 'XTSNt2rpp']","[1.6749290807638317e-06, 2.422382181066496e-06, 1.862694960948208e-06, 3.1927284861732463e-06, 3.037878775927899e-06, 3.689613777169143e-06, 1.2163624878124002e-06, 1.0933608791674487e-06, 2.9389486339362336e-06, 1.5172236922655902e-06, 1.810325119644407e-06, 1.131122549596908e-06, 1.613867766536714e-06, 3.4701937465797528e-06, 2.3988671840058373e-06, -1.8190382142097006e-06, -2.8103095536802236e-06, -2.8103095536802236e-06, -3.0378787414520048e-06, 2.379280933217931e-06, -1.6749290807638317e-06, -1.6749290807638317e-06, -2.8103095246478915e-06, -1.0570279985293307e-06, -1.2877216581941298e-06, -1.2877216581941298e-06, 1.6731028271080165e-06, -3.1927284861732463e-06, -1.862694960948208e-06, -1.862694944065879e-06, 1.1165656873535212e-06, -3.1927284861732463e-06, -3.1927285135679995e-06, 1.2163624878124002e-06, -1.1911062031966235e-06, -1.0933608791674487e-06, 1.2699459830400883e-06, -1.2699460077629336e-06, -2.422382167521775e-06, -2.422382181066496e-06, 1.2163624878124002e-06, 1.2163624878124002e-06, -1.8003818299111574e-06, -1.0607710314858299e-06, -1.2163624878158696e-06, -2.554892671591258e-06, -2.93894868264033e-06, -1.8190382142097006e-06, 1.819038175199239e-06, -1.819038175199239e-06, -1.8003818299111574e-06, -1.2877216581941298e-06, 1.1111455258117076e-06, -1.162785486619189e-06, -1.8667207789565459e-06, -0.000240807209790786, -0.00024267370126435095, -0.00024267370126435095, -0.00024267370126435095, 1.2699459830400883e-06, 1.2699460077629336e-06, -0.0009688343656082826, -2.379280933217931e-06, -2.3792808860889636e-06, -3.689613777169143e-06, -3.689613777169143e-06, 1.2163624878124002e-06, -1.598528832552626e-06, -2.8103095536802236e-06, -2.8103095536802236e-06, 1.1111455258117076e-06, 1.613867725402951e-06, 1.093360865345172e-06, 1.1111455258117076e-06, 1.4013917116195707e-06, 1.1252546499029847e-06, 3.748901850811104e-06, -1.5172237226579455e-06, -1.5172237226579455e-06, -4.477520178625127e-06, -1.810325119644407e-06, -1.8103251022694167e-06, 1.8667043999999997e-06, 0.00024080486760000018, 0.00024267157200000018, 0.00024267157200000018, 0.00024267157200000018, 0.0009688195836000007, 2.006520213197749e-06, 1.8003818299111574e-06, -1.131122530750872e-06, -1.131122530750872e-06, -1.2877216581941298e-06, -1.2877216581941298e-06, -1.613867766536714e-06, -3.4701937465797528e-06, -3.4701937465797528e-06, -1.2877216581941298e-06, -2.3988671955521568e-06, -2.3988671955521568e-06]","[1.6749290807638317e-06, 2.422382181066496e-06, 1.862694960948208e-06, 3.1927284861732463e-06, 3.037878775927899e-06, 3.689613777169143e-06, 1.2163624878124002e-06, 1.0933608791674487e-06, 2.9389486339362336e-06, 1.5172236922655902e-06, 1.810325119644407e-06, 1.131122549596908e-06, 1.613867766536714e-06, 3.4701937465797528e-06, 2.3988671840058373e-06, 1.8190382142097006e-06, 2.8103095536802236e-06, 2.8103095536802236e-06, 3.0378787414520048e-06, 2.379280933217931e-06, 1.6749290807638317e-06, 1.6749290807638317e-06, 2.8103095246478915e-06, 1.0570279985293307e-06, 1.2877216581941298e-06, 1.2877216581941298e-06, 1.6731028271080165e-06, 3.1927284861732463e-06, 1.862694960948208e-06, 1.862694944065879e-06, 1.1165656873535212e-06, 3.1927284861732463e-06, 3.1927285135679995e-06, 1.2163624878124002e-06, 1.1911062031966235e-06, 1.0933608791674487e-06, 1.2699459830400883e-06, 1.2699460077629336e-06, 2.422382167521775e-06, 2.422382181066496e-06, 1.2163624878124002e-06, 1.2163624878124002e-06, 1.8003818299111574e-06, 1.0607710314858299e-06, 1.2163624878158696e-06, 2.554892671591258e-06, 2.93894868264033e-06, 1.8190382142097006e-06, 1.819038175199239e-06, 1.819038175199239e-06, 1.8003818299111574e-06, 1.2877216581941298e-06, 1.1111455258117076e-06, 1.162785486619189e-06, 1.8667207789565459e-06, 0.000240807209790786, 0.00024267370126435095, 0.00024267370126435095, 0.00024267370126435095, 1.2699459830400883e-06, 1.2699460077629336e-06, 0.0009688343656082826, 2.379280933217931e-06, 2.3792808860889636e-06, 3.689613777169143e-06, 3.689613777169143e-06, 1.2163624878124002e-06, 1.598528832552626e-06, 2.8103095536802236e-06, 2.8103095536802236e-06, 1.1111455258117076e-06, 1.613867725402951e-06, 1.093360865345172e-06, 1.1111455258117076e-06, 1.4013917116195707e-06, 1.1252546499029847e-06, 3.748901850811104e-06, 1.5172237226579455e-06, 1.5172237226579455e-06, 4.477520178625127e-06, 1.810325119644407e-06, 1.8103251022694167e-06, 1.8667043999999997e-06, 0.00024080486760000018, 0.00024267157200000018, 0.00024267157200000018, 0.00024267157200000018, 0.0009688195836000007, 2.006520213197749e-06, 1.8003818299111574e-06, 1.131122530750872e-06, 1.131122530750872e-06, 1.2877216581941298e-06, 1.2877216581941298e-06, 1.613867766536714e-06, 3.4701937465797528e-06, 3.4701937465797528e-06, 1.2877216581941298e-06, 2.3988671955521568e-06, 2.3988671955521568e-06]","['EX_glyc_e', '4PCP', '4PEPTabcpp', 'ALAGLUE', 'EX_kdo2lipid4_e', 'ALLTAMH', 'ALLTN', 'AMPTASECG', 'ASNabcpp', 'CGLYabcpp', 'CYSDS', 'DHBSH', 'ARGabcpp', 'FA160ACPHi', 'FA161ACPHi', 'G3PEabcpp', 'G3PT', 'GLYCtex', 'GLYCtpp', 'GLYCLTDx', 'H2SO', 'I2FE2SR', 'I2FE2SS2', 'I4FE4SR', 'I4FE4ST', 'ILEabcpp', 'LEUabcpp', 'Kabcpp', 'LADGMDH', 'LALGP', 'PIuabcpp', 'PROabcpp', 'UGLYCH', 'URIC', 'VALabcpp', 'XAND']","['EX_ade_e', 'EX_arg__L_e', 'EX_asn__L_e', 'EX_cgly_e', 'EX_LalaDgluMdapDala_e', 'EX_leu__L_e', 'EX_lipa_cold_e', 'EX_cytd_e', 'EX_g3pe_e', 'EX_phe__L_e', 'EX_pro__L_e', 'EX_tyr__L_e', 'EX_uri_e', 'EX_val__L_e', 'EX_xtsn_e', '4PEPTtex', 'EX_ile__L_e', 'ADEt2rpp', 'ADEtex', 'AMPN', 'ASNtex', 'ASPT', 'CGLYtex', 'CLIPAabctex', 'CYTDtex', 'DHBD', 'ARGtex', 'EDTXS3', 'EDTXS4', 'G3PEtex', 'GTPHs', 'ICHORS_copy1', 'ICHORT', 'ILEtex', 'LEUtex', 'LIPACabcpp', 'NTD10', 'NTD2', 'NTPP11', 'NTPP8', 'MALt2_3pp', 'OPHHX', 'PHEt2rpp', 'PHEtex', 'PROtex', 'S2FE2SR', 'S2FE2SS', 'S2FE2SS2', 'S4FE4SR', 'S4FE4ST', 'SCYSDS', 'SERD_L', 'THRA', 'TYRt2rpp', 'TYRtex', 'URItex', 'VALtex', 'XTSNtex', 'XTSNt2rpp']","['ETHAAL', 'GPDDA2', 'I2FE2SS', 'ICYSDS', 'NTD4']",I2FE2SS2,SCYSDS,0.004247716461933523,1,100,5,-16.0,-4.456684288551996e-05,iECW_1372,PSL,False,False,0.0,0.0,0.0,0.0
191,"['I2FE2SS', 'I2FE2ST', 'S2FE2SS', 'S2FE2ST', 'SCYSDS']","[-2.4267339011360803e-05, -2.4267218637396433e-05, 2.4267206599999996e-05, 2.4267205674046425e-05, 4.853441227404642e-05]","[2.4267339011360803e-05, 2.4267218637396433e-05, 2.4267206599999996e-05, 2.4267205674046425e-05, 4.853441227404642e-05]",['I2FE2ST'],['S2FE2SS'],"['I2FE2SS', 'S2FE2ST', 'SCYSDS']",I2FE2ST,S2FE2SS,0.00019506443034018753,1,5,3,1.0,4.8534266899335606e-05,iECW_1372,PSL,False,False,0.0,0.0,0.0,0.0
192,"['I2FE2SR', 'I2FE2SS2', 'I2FE2ST', 'I4FE4SR', 'I4FE4ST', 'S2FE2SR', 'S2FE2SS', 'S2FE2SS2', 'S2FE2ST', 'S4FE4SR', 'S4FE4ST']","[-1.8667082e-06, 1.2600280364754885e-05, -2.6133914799999995e-05, 1.2600280364754885e-05, 1.2600280364754885e-05, 1.8667082e-06, 1.1666926235244807e-05, -1.260028036475519e-05, 2.6133914799999995e-05, -1.260028036475519e-05, -1.260028036475519e-05]","[1.8667082e-06, 1.2600280364754885e-05, 2.6133914799999995e-05, 1.2600280364754885e-05, 1.2600280364754885e-05, 1.8667082e-06, 1.1666926235244807e-05, 1.260028036475519e-05, 2.6133914799999995e-05, 1.260028036475519e-05, 1.260028036475519e-05]","['S2FE2SR', 'S2FE2ST']","['I2FE2SR', 'I2FE2ST', 'S2FE2SS2', 'S4FE4SR', 'S4FE4ST']","['I2FE2SS2', 'I4FE4SR', 'I4FE4ST', 'S2FE2SS']",I2FE2ST,S2FE2ST,0.00015493678065902012,1,11,4,1.0,1.1666926235243892e-05,iECW_1372,PSL,False,False,0.0,0.0,0.0,0.0
193,"['I2FE2SR', 'I2FE2SS', 'I2FE2ST', 'S2FE2SR', 'S2FE2SS', 'S2FE2ST', 'SCYSDS']","[-1.8667092225091696e-06, -2.4265328506282492e-05, -2.6133929115128376e-05, 1.8667082e-06, 2.4267206599999996e-05, 2.6133914799999995e-05, 5.040112139999999e-05]","[1.8667092225091696e-06, 2.4265328506282492e-05, 2.6133929115128376e-05, 1.8667082e-06, 2.4267206599999996e-05, 2.6133914799999995e-05, 5.040112139999999e-05]","['I2FE2SR', 'I2FE2ST']","['S2FE2SR', 'S2FE2SS', 'S2FE2ST', 'SCYSDS']",['I2FE2SS'],I2FE2ST,SCYSDS,0.00020584567954245577,1,7,1,1.0,5.0402984156079944e-05,iECW_1372,PSL,False,False,0.0,0.0,0.0,0.0
194,"['EX_arg__L_e', 'EX_asn__L_e', 'EX_cgly_e', 'EX_LalaDgluMdapDala_e', 'EX_leu__L_e', 'EX_lipa_cold_e', 'EX_cytd_e', 'EX_g3pe_e', 'EX_phe__L_e', 'EX_pro__L_e', 'EX_tyr__L_e', 'EX_uri_e', 'EX_val__L_e', 'EX_xtsn_e', 'EX_glyc_e', '3HAD160', 'EX_gua_e', '3OAR160', '3OAS160', '4PCP', '4PEPTabcpp', '4PEPTtex', 'EX_his__L_e', 'EX_ile__L_e', 'ALAGLUE', 'EX_kdo2lipid4_e', 'AMPTASECG', 'ASNabcpp', 'ASNtex', 'CGLYabcpp', 'CGLYtex', 'CLIPAabctex', 'CYSDS', 'CYTDtex', 'DHBD', 'DHBSH', 'EAR160x', 'ARGabcpp', 'ARGtex', 'EDTXS3', 'EDTXS4', 'ETHAAL', 'FA160ACPHi', 'G3PEabcpp', 'G3PEtex', 'G3PT', 'GLYCtex', 'GLYCtpp', 'GPDDA2', 'GSNK', 'GLYCL', 'GUAtex', 'GUAtpp', 'H2SO', 'I2FE2SS', 'I2FE2SS2', 'I4FE4SR', 'I4FE4ST', 'ICHORS_copy1', 'ICHORT', 'ICYSDS', 'ILEabcpp', 'ILEtex', 'HISabcpp', 'HIStex', 'LEUabcpp', 'LEUtex', 'LIPACabcpp', 'Kabcpp', 'LADGMDH', 'LALGP', 'NTD10', 'NTD2', 'NTD4', 'NTPP2', 'NTPP4', 'NTPP8', 'OPHHX3', 'PHEt2rpp', 'PHEtex', 'PIuabcpp', 'PROabcpp', 'PROtex', 'S2FE2SS', 'S2FE2SS2', 'S4FE4SR', 'S4FE4ST', 'SCYSDS', 'SERD_L', 'THRA', 'TYRt2rpp', 'TYRtex', 'PUNP3', 'URItex', 'VALabcpp', 'VALtex', 'XTSNtex', 'XTSNt2rpp']","[2.3551715147007712e-06, 1.9193415204954434e-06, 4.039872653904819e-06, 2.736329225982992e-06, 3.5872429862138233e-06, 1.2236666967063714e-06, 1.278141098737251e-06, 2.576068781753981e-06, 1.4751272812973948e-06, 1.760096408759404e-06, 1.0997387794031699e-06, 1.3557332749769557e-06, 3.3739097269282117e-06, 2.164733635429128e-06, -1.4872281268565308e-06, -1.0162067560354204e-06, 1.4470582330727844e-06, -1.0162067383134854e-06, -1.0162067560354204e-06, -2.515074067732659e-06, -2.515074067732659e-06, -2.7363291792426025e-06, 1.7049891026896092e-06, 2.313266153408655e-06, -2.51507401571871e-06, -1.0687530520060717e-06, -4.039872653904819e-06, -1.9193415204954434e-06, -1.919341571010591e-06, -4.039872653904819e-06, -4.039872692374047e-06, 1.2236666967063714e-06, -2.6262777200747323e-06, -1.278141098737251e-06, 1.6763806343078613e-06, -1.676380686127521e-06, -1.0880266927415505e-06, -2.3551715147007712e-06, -2.355171545787016e-06, 1.2236666967063714e-06, 1.2236666967063714e-06, -2.0199207330859337e-06, -1.1122960973360945e-06, -2.576068781734442e-06, -2.5760688231457607e-06, -1.4872281268565308e-06, 1.4872281326461234e-06, -1.4872281326461234e-06, -2.0199207330859337e-06, -1.4470582330727844e-06, 1.2400850267656931e-06, -1.447058252779243e-06, -1.447058252779243e-06, -2.1637258086348865e-06, -0.0002408071448050978, -0.00024080692186194137, -0.00024080692186194137, -0.00024080692186194137, 1.6763806343078613e-06, 1.676380686127521e-06, -0.0009632337944978004, -2.313266153408655e-06, -2.3132661226554774e-06, -1.7049891026896092e-06, -1.704989131212642e-06, -3.5872429653971416e-06, -3.5872429862138233e-06, 1.2236666967063714e-06, -1.554176554757758e-06, -2.515074067732659e-06, -2.515074067732659e-06, 1.4441316162627782e-06, 1.3557332587676996e-06, 1.0630248454268632e-06, 1.940528916416495e-06, 2.324078362335013e-06, 1.1473928790972643e-06, -7.694681761782375e-06, -1.4751273056390346e-06, -1.4751273056390346e-06, -4.794736639723851e-06, -1.760096408759404e-06, -1.7600964383746032e-06, 0.00024080486759999993, 0.00024080485167548877, 0.00024080485167548877, 0.00024080485167548877, 0.0009632194226264663, 2.9735279816062166e-06, 2.0199207330928726e-06, -1.0997388244504691e-06, -1.0997388244504691e-06, 1.447058252779243e-06, -1.3557332749769557e-06, -3.3739097269282117e-06, -3.3739097489160486e-06, -2.1647335870511597e-06, -2.1647335870511597e-06]","[2.3551715147007712e-06, 1.9193415204954434e-06, 4.039872653904819e-06, 2.736329225982992e-06, 3.5872429862138233e-06, 1.2236666967063714e-06, 1.278141098737251e-06, 2.576068781753981e-06, 1.4751272812973948e-06, 1.760096408759404e-06, 1.0997387794031699e-06, 1.3557332749769557e-06, 3.3739097269282117e-06, 2.164733635429128e-06, 1.4872281268565308e-06, 1.0162067560354204e-06, 1.4470582330727844e-06, 1.0162067383134854e-06, 1.0162067560354204e-06, 2.515074067732659e-06, 2.515074067732659e-06, 2.7363291792426025e-06, 1.7049891026896092e-06, 2.313266153408655e-06, 2.51507401571871e-06, 1.0687530520060717e-06, 4.039872653904819e-06, 1.9193415204954434e-06, 1.919341571010591e-06, 4.039872653904819e-06, 4.039872692374047e-06, 1.2236666967063714e-06, 2.6262777200747323e-06, 1.278141098737251e-06, 1.6763806343078613e-06, 1.676380686127521e-06, 1.0880266927415505e-06, 2.3551715147007712e-06, 2.355171545787016e-06, 1.2236666967063714e-06, 1.2236666967063714e-06, 2.0199207330859337e-06, 1.1122960973360945e-06, 2.576068781734442e-06, 2.5760688231457607e-06, 1.4872281268565308e-06, 1.4872281326461234e-06, 1.4872281326461234e-06, 2.0199207330859337e-06, 1.4470582330727844e-06, 1.2400850267656931e-06, 1.447058252779243e-06, 1.447058252779243e-06, 2.1637258086348865e-06, 0.0002408071448050978, 0.00024080692186194137, 0.00024080692186194137, 0.00024080692186194137, 1.6763806343078613e-06, 1.676380686127521e-06, 0.0009632337944978004, 2.313266153408655e-06, 2.3132661226554774e-06, 1.7049891026896092e-06, 1.704989131212642e-06, 3.5872429653971416e-06, 3.5872429862138233e-06, 1.2236666967063714e-06, 1.554176554757758e-06, 2.515074067732659e-06, 2.515074067732659e-06, 1.4441316162627782e-06, 1.3557332587676996e-06, 1.0630248454268632e-06, 1.940528916416495e-06, 2.324078362335013e-06, 1.1473928790972643e-06, 7.694681761782375e-06, 1.4751273056390346e-06, 1.4751273056390346e-06, 4.794736639723851e-06, 1.760096408759404e-06, 1.7600964383746032e-06, 0.00024080486759999993, 0.00024080485167548877, 0.00024080485167548877, 0.00024080485167548877, 0.0009632194226264663, 2.9735279816062166e-06, 2.0199207330928726e-06, 1.0997388244504691e-06, 1.0997388244504691e-06, 1.447058252779243e-06, 1.3557332749769557e-06, 3.3739097269282117e-06, 3.3739097489160486e-06, 2.1647335870511597e-06, 2.1647335870511597e-06]","['EX_glyc_e', '3HAD160', '3OAR160', '3OAS160', '4PCP', '4PEPTabcpp', 'ALAGLUE', 'EX_kdo2lipid4_e', 'AMPTASECG', 'ASNabcpp', 'CGLYabcpp', 'CYSDS', 'DHBSH', 'EAR160x', 'ARGabcpp', 'FA160ACPHi', 'G3PEabcpp', 'G3PT', 'GLYCtex', 'GLYCtpp', 'GSNK', 'H2SO', 'I2FE2SS2', 'I4FE4SR', 'I4FE4ST', 'ILEabcpp', 'HISabcpp', 'LEUabcpp', 'Kabcpp', 'LADGMDH', 'LALGP', 'OPHHX3', 'PIuabcpp', 'PROabcpp', 'PUNP3', 'VALabcpp']","['EX_arg__L_e', 'EX_asn__L_e', 'EX_cgly_e', 'EX_LalaDgluMdapDala_e', 'EX_leu__L_e', 'EX_lipa_cold_e', 'EX_cytd_e', 'EX_g3pe_e', 'EX_phe__L_e', 'EX_pro__L_e', 'EX_tyr__L_e', 'EX_uri_e', 'EX_val__L_e', 'EX_xtsn_e', 'EX_gua_e', '4PEPTtex', 'EX_his__L_e', 'EX_ile__L_e', 'ASNtex', 'CGLYtex', 'CLIPAabctex', 'CYTDtex', 'DHBD', 'ARGtex', 'EDTXS3', 'EDTXS4', 'G3PEtex', 'GLYCL', 'GUAtex', 'GUAtpp', 'ICHORS_copy1', 'ICHORT', 'ILEtex', 'HIStex', 'LEUtex', 'LIPACabcpp', 'NTD2', 'NTPP2', 'NTPP4', 'NTPP8', 'PHEt2rpp', 'PHEtex', 'PROtex', 'S2FE2SS', 'SERD_L', 'THRA', 'TYRt2rpp', 'TYRtex', 'URItex', 'VALtex', 'XTSNtex', 'XTSNt2rpp']","['ETHAAL', 'GPDDA2', 'I2FE2SS', 'ICYSDS', 'NTD10', 'NTD4', 'S2FE2SS2', 'S4FE4SR', 'S4FE4ST', 'SCYSDS']",I4FE4SR,S2FE2SS,0.004216106858477627,1,98,10,-18.0,-5.364079348479624e-05,iECW_1372,PSL,False,False,0.0,0.0,0.0,0.0
195,"['EX_ade_e', 'EX_arg__L_e', 'EX_asn__L_e', 'EX_cgly_e', 'EX_LalaDgluMdapDala_e', 'EX_leu__L_e', 'EX_lipa_cold_e', 'EX_g3pe_e', 'EX_phe__L_e', 'EX_pro__L_e', 'EX_tyr__L_e', 'EX_uri_e', 'EX_val__L_e', 'EX_xtsn_e', 'EX_glyc_e', '4PCP', '4PEPTabcpp', '4PEPTtex', 'EX_ile__L_e', 'ADEt2rpp', 'ADEtex', 'ALAGLUE', 'AMPTASECG', 'ASNabcpp', 'ASNtex', 'CGLYabcpp', 'CGLYtex', 'CLIPAabctex', 'CYSDS', 'DHBD', 'DHBSH', 'ARGabcpp', 'ARGtex', 'EDTXS3', 'EDTXS4', 'ETHAAL', 'FA161ACPHi', 'G3PEabcpp', 'G3PEtex', 'G3PT', 'GLYCtex', 'GLYCtpp', 'GPDDA2', 'GTPHs', 'H2SO', 'I2FE2SR', 'I2FE2SS', 'I2FE2SS2', 'I2FE2ST', 'I4FE4SR', 'I4FE4ST', 'ICHORS_copy1', 'ICHORT', 'ICYSDS', 'ILEabcpp', 'ILEtex', 'LEUabcpp', 'LEUtex', 'LIPACabcpp', 'Kabcpp', 'LADGMDH', 'LALGP', 'NTD10', 'NTD2', 'NTPP11', 'NTPP8', 'OPHHX3', 'PHEt2rpp', 'PHEtex', 'PIuabcpp', 'PROabcpp', 'PROtex', 'S2FE2SR', 'S2FE2SS', 'S2FE2SS2', 'S2FE2ST', 'S4FE4SR', 'S4FE4ST', 'SCYSDS', 'SERD_L', 'THRA', 'TYRt2rpp', 'TYRtex', 'URItex', 'VALabcpp', 'VALtex', 'XTSNtex', 'XTSNt2rpp']","[1.5980539999072008e-06, 2.313720661173413e-06, 2.871733199627524e-06, 2.6636165044724436e-06, 3.0102883704086203e-06, 3.524107796692988e-06, 1.1633668369204209e-06, 3.4492376361633385e-06, 1.4491651444403786e-06, 1.3355755145438852e-06, 1.0803834538941626e-06, 1.5092771263880422e-06, 3.3145296325705776e-06, 2.548402324942245e-06, -3.5091494568068034e-06, -2.684246674433677e-06, -2.9651124100193993e-06, -3.010288423865859e-06, 2.2725528310840737e-06, -1.598054041096475e-06, -1.598054041096475e-06, -2.6842466240850626e-06, -2.6636165044724436e-06, -2.871733199627524e-06, -2.871733158826828e-06, -2.6636165044724436e-06, -2.6636165557647473e-06, 1.1633668369204209e-06, -1.680006698256964e-06, 1.2343612070253585e-06, -1.2343611701104429e-06, -2.313720661173413e-06, -2.3137206426326884e-06, 1.1633668369204209e-06, 1.1633668369204209e-06, -2.6479247198160642e-06, -1.1633668369204209e-06, -3.089842490144879e-06, -3.449237624408852e-06, -3.7900151724917786e-06, 3.5091494510197663e-06, -3.790015171034611e-06, -2.6479247198160642e-06, 2.0893310193059733e-06, -1.118275227085519e-06, -1.8667200442408919e-06, -0.00021467302410707506, -0.00024267360575131594, 2.6133861599999997e-05, -0.00024267360575131594, -0.00024267360575131594, 1.2343612070253585e-06, 1.2343611701104429e-06, -0.00091656554128866, -2.2725528310840737e-06, -2.2725528197042877e-06, -3.5241077402936583e-06, -3.524107796692988e-06, 1.1633668369204209e-06, -1.5268231562393098e-06, -2.684246674433677e-06, -2.684246674433677e-06, 2.0893310193059733e-06, 1.5092771382119174e-06, 2.0893310193059733e-06, 1.7478762999734165e-06, -3.869555202820445e-06, -1.4491650972559e-06, -1.4491650972559e-06, -2.65109726171886e-06, -1.3355755145438852e-06, -1.335575461780536e-06, 1.8667043999999997e-06, 0.00021467078698062745, 0.00024267157199999993, -2.6134080619372486e-05, 0.00024267157199999993, 0.00024267157199999993, 0.0009165514223612548, 2.8507628584001354e-06, 2.4365945346313533e-06, -1.0803834129546885e-06, -1.0803834129546885e-06, -1.5092771263880422e-06, -3.3145296325705776e-06, -3.314529635645158e-06, -2.5484023353783414e-06, -2.5484023353783414e-06]","[1.5980539999072008e-06, 2.313720661173413e-06, 2.871733199627524e-06, 2.6636165044724436e-06, 3.0102883704086203e-06, 3.524107796692988e-06, 1.1633668369204209e-06, 3.4492376361633385e-06, 1.4491651444403786e-06, 1.3355755145438852e-06, 1.0803834538941626e-06, 1.5092771263880422e-06, 3.3145296325705776e-06, 2.548402324942245e-06, 3.5091494568068034e-06, 2.684246674433677e-06, 2.9651124100193993e-06, 3.010288423865859e-06, 2.2725528310840737e-06, 1.598054041096475e-06, 1.598054041096475e-06, 2.6842466240850626e-06, 2.6636165044724436e-06, 2.871733199627524e-06, 2.871733158826828e-06, 2.6636165044724436e-06, 2.6636165557647473e-06, 1.1633668369204209e-06, 1.680006698256964e-06, 1.2343612070253585e-06, 1.2343611701104429e-06, 2.313720661173413e-06, 2.3137206426326884e-06, 1.1633668369204209e-06, 1.1633668369204209e-06, 2.6479247198160642e-06, 1.1633668369204209e-06, 3.089842490144879e-06, 3.449237624408852e-06, 3.7900151724917786e-06, 3.5091494510197663e-06, 3.790015171034611e-06, 2.6479247198160642e-06, 2.0893310193059733e-06, 1.118275227085519e-06, 1.8667200442408919e-06, 0.00021467302410707506, 0.00024267360575131594, 2.6133861599999997e-05, 0.00024267360575131594, 0.00024267360575131594, 1.2343612070253585e-06, 1.2343611701104429e-06, 0.00091656554128866, 2.2725528310840737e-06, 2.2725528197042877e-06, 3.5241077402936583e-06, 3.524107796692988e-06, 1.1633668369204209e-06, 1.5268231562393098e-06, 2.684246674433677e-06, 2.684246674433677e-06, 2.0893310193059733e-06, 1.5092771382119174e-06, 2.0893310193059733e-06, 1.7478762999734165e-06, 3.869555202820445e-06, 1.4491650972559e-06, 1.4491650972559e-06, 2.65109726171886e-06, 1.3355755145438852e-06, 1.335575461780536e-06, 1.8667043999999997e-06, 0.00021467078698062745, 0.00024267157199999993, 2.6134080619372486e-05, 0.00024267157199999993, 0.00024267157199999993, 0.0009165514223612548, 2.8507628584001354e-06, 2.4365945346313533e-06, 1.0803834129546885e-06, 1.0803834129546885e-06, 1.5092771263880422e-06, 3.3145296325705776e-06, 3.314529635645158e-06, 2.5484023353783414e-06, 2.5484023353783414e-06]","['EX_glyc_e', '4PCP', '4PEPTabcpp', 'ALAGLUE', 'AMPTASECG', 'ASNabcpp', 'CGLYabcpp', 'CYSDS', 'DHBSH', 'ARGabcpp', 'FA161ACPHi', 'G3PEabcpp', 'G3PT', 'GLYCtex', 'H2SO', 'I2FE2SR', 'I2FE2SS2', 'I4FE4SR', 'I4FE4ST', 'ILEabcpp', 'LEUabcpp', 'Kabcpp', 'LADGMDH', 'LALGP', 'OPHHX3', 'PIuabcpp', 'PROabcpp', 'S2FE2ST', 'VALabcpp']","['EX_ade_e', 'EX_arg__L_e', 'EX_asn__L_e', 'EX_cgly_e', 'EX_LalaDgluMdapDala_e', 'EX_leu__L_e', 'EX_lipa_cold_e', 'EX_g3pe_e', 'EX_phe__L_e', 'EX_pro__L_e', 'EX_tyr__L_e', 'EX_uri_e', 'EX_val__L_e', 'EX_xtsn_e', '4PEPTtex', 'EX_ile__L_e', 'ADEt2rpp', 'ADEtex', 'ASNtex', 'CGLYtex', 'CLIPAabctex', 'DHBD', 'ARGtex', 'EDTXS3', 'EDTXS4', 'G3PEtex', 'GTPHs', 'I2FE2ST', 'ICHORS_copy1', 'ICHORT', 'ILEtex', 'LEUtex', 'LIPACabcpp', 'NTD10', 'NTD2', 'NTPP11', 'NTPP8', 'PHEt2rpp', 'PHEtex', 'PROtex', 'S2FE2SR', 'S2FE2SS2', 'S4FE4SR', 'S4FE4ST', 'SERD_L', 'THRA', 'TYRt2rpp', 'TYRtex', 'URItex', 'VALtex', 'XTSNtex', 'XTSNt2rpp']","['ETHAAL', 'GLYCtpp', 'GPDDA2', 'I2FE2SS', 'ICYSDS', 'S2FE2SS', 'SCYSDS']",I4FE4SR,S2FE2SS2,0.004120856597939418,1,88,7,-14.0,-4.6237034614173965e-05,iECW_1372,PSL,False,False,0.0,0.0,0.0,0.0
196,"['EX_ade_e', 'EX_arg__L_e', 'EX_asn__L_e', 'EX_cgly_e', 'EX_LalaDgluMdapDala_e', 'EX_leu__L_e', 'EX_lipa_cold_e', 'EX_g3pe_e', 'EX_phe__L_e', 'EX_pro__L_e', 'EX_tyr__L_e', 'EX_uri_e', 'EX_val__L_e', 'EX_xtsn_e', 'EX_glyc_e', '4PCP', '4PEPTabcpp', '4PEPTtex', 'EX_ile__L_e', 'ADEt2rpp', 'ADEtex', 'ALAGLUE', 'AMPTASECG', 'ASNabcpp', 'ASNtex', 'CGLYabcpp', 'CGLYtex', 'CLIPAabctex', 'CYSDS', 'DHBD', 'DHBSH', 'ARGabcpp', 'ARGtex', 'EDTXS3', 'EDTXS4', 'ETHAAL', 'FA161ACPHi', 'G3PEabcpp', 'G3PEtex', 'G3PT', 'GLYCtex', 'GLYCtpp', 'GPDDA2', 'GTPHs', 'H2SO', 'I2FE2SR', 'I2FE2SS', 'I2FE2SS2', 'I2FE2ST', 'I4FE4SR', 'I4FE4ST', 'ICHORS_copy1', 'ICHORT', 'ICYSDS', 'ILEabcpp', 'ILEtex', 'LEUabcpp', 'LEUtex', 'LIPACabcpp', 'Kabcpp', 'LADGMDH', 'LALGP', 'NTD10', 'NTD2', 'NTPP11', 'NTPP8', 'OPHHX3', 'PHEt2rpp', 'PHEtex', 'PIuabcpp', 'PROabcpp', 'PROtex', 'S2FE2SR', 'S2FE2SS', 'S2FE2SS2', 'S2FE2ST', 'S4FE4SR', 'S4FE4ST', 'SCYSDS', 'SERD_L', 'THRA', 'TYRt2rpp', 'TYRtex', 'URItex', 'VALabcpp', 'VALtex', 'XTSNtex', 'XTSNt2rpp']","[1.5980539999072008e-06, 2.313720661173413e-06, 2.871733199627524e-06, 2.6636165044724436e-06, 3.0102883704086203e-06, 3.524107796692988e-06, 1.1633668369204209e-06, 3.4492376361633385e-06, 1.4491651444403786e-06, 1.3355755145438852e-06, 1.0803834538941626e-06, 1.5092771263880422e-06, 3.3145296325705776e-06, 2.548402324942245e-06, -3.5091494568068034e-06, -2.684246674433677e-06, -2.9651124100193993e-06, -3.010288423865859e-06, 2.2725528310840737e-06, -1.598054041096475e-06, -1.598054041096475e-06, -2.6842466240850626e-06, -2.6636165044724436e-06, -2.871733199627524e-06, -2.871733158826828e-06, -2.6636165044724436e-06, -2.6636165557647473e-06, 1.1633668369204209e-06, -1.680006698256964e-06, 1.2343612070253585e-06, -1.2343611701104429e-06, -2.313720661173413e-06, -2.3137206426326884e-06, 1.1633668369204209e-06, 1.1633668369204209e-06, -2.6479247198160642e-06, -1.1633668369204209e-06, -3.089842490144879e-06, -3.449237624408852e-06, -3.7900151724917786e-06, 3.5091494510197663e-06, -3.790015171034611e-06, -2.6479247198160642e-06, 2.0893310193059733e-06, -1.118275227085519e-06, -1.8667200442408919e-06, -0.00021467302410707506, -0.00024267360575131594, 2.6133861599999997e-05, -0.00024267360575131594, -0.00024267360575131594, 1.2343612070253585e-06, 1.2343611701104429e-06, -0.00091656554128866, -2.2725528310840737e-06, -2.2725528197042877e-06, -3.5241077402936583e-06, -3.524107796692988e-06, 1.1633668369204209e-06, -1.5268231562393098e-06, -2.684246674433677e-06, -2.684246674433677e-06, 2.0893310193059733e-06, 1.5092771382119174e-06, 2.0893310193059733e-06, 1.7478762999734165e-06, -3.869555202820445e-06, -1.4491650972559e-06, -1.4491650972559e-06, -2.65109726171886e-06, -1.3355755145438852e-06, -1.335575461780536e-06, 1.8667043999999997e-06, 0.00021467078698062745, 0.00024267157199999993, -2.6134080619372486e-05, 0.00024267157199999993, 0.00024267157199999993, 0.0009165514223612548, 2.8507628584001354e-06, 2.4365945346313533e-06, -1.0803834129546885e-06, -1.0803834129546885e-06, -1.5092771263880422e-06, -3.3145296325705776e-06, -3.314529635645158e-06, -2.5484023353783414e-06, -2.5484023353783414e-06]","[1.5980539999072008e-06, 2.313720661173413e-06, 2.871733199627524e-06, 2.6636165044724436e-06, 3.0102883704086203e-06, 3.524107796692988e-06, 1.1633668369204209e-06, 3.4492376361633385e-06, 1.4491651444403786e-06, 1.3355755145438852e-06, 1.0803834538941626e-06, 1.5092771263880422e-06, 3.3145296325705776e-06, 2.548402324942245e-06, 3.5091494568068034e-06, 2.684246674433677e-06, 2.9651124100193993e-06, 3.010288423865859e-06, 2.2725528310840737e-06, 1.598054041096475e-06, 1.598054041096475e-06, 2.6842466240850626e-06, 2.6636165044724436e-06, 2.871733199627524e-06, 2.871733158826828e-06, 2.6636165044724436e-06, 2.6636165557647473e-06, 1.1633668369204209e-06, 1.680006698256964e-06, 1.2343612070253585e-06, 1.2343611701104429e-06, 2.313720661173413e-06, 2.3137206426326884e-06, 1.1633668369204209e-06, 1.1633668369204209e-06, 2.6479247198160642e-06, 1.1633668369204209e-06, 3.089842490144879e-06, 3.449237624408852e-06, 3.7900151724917786e-06, 3.5091494510197663e-06, 3.790015171034611e-06, 2.6479247198160642e-06, 2.0893310193059733e-06, 1.118275227085519e-06, 1.8667200442408919e-06, 0.00021467302410707506, 0.00024267360575131594, 2.6133861599999997e-05, 0.00024267360575131594, 0.00024267360575131594, 1.2343612070253585e-06, 1.2343611701104429e-06, 0.00091656554128866, 2.2725528310840737e-06, 2.2725528197042877e-06, 3.5241077402936583e-06, 3.524107796692988e-06, 1.1633668369204209e-06, 1.5268231562393098e-06, 2.684246674433677e-06, 2.684246674433677e-06, 2.0893310193059733e-06, 1.5092771382119174e-06, 2.0893310193059733e-06, 1.7478762999734165e-06, 3.869555202820445e-06, 1.4491650972559e-06, 1.4491650972559e-06, 2.65109726171886e-06, 1.3355755145438852e-06, 1.335575461780536e-06, 1.8667043999999997e-06, 0.00021467078698062745, 0.00024267157199999993, 2.6134080619372486e-05, 0.00024267157199999993, 0.00024267157199999993, 0.0009165514223612548, 2.8507628584001354e-06, 2.4365945346313533e-06, 1.0803834129546885e-06, 1.0803834129546885e-06, 1.5092771263880422e-06, 3.3145296325705776e-06, 3.314529635645158e-06, 2.5484023353783414e-06, 2.5484023353783414e-06]","['EX_glyc_e', '4PCP', '4PEPTabcpp', 'ALAGLUE', 'AMPTASECG', 'ASNabcpp', 'CGLYabcpp', 'CYSDS', 'DHBSH', 'ARGabcpp', 'FA161ACPHi', 'G3PEabcpp', 'G3PT', 'GLYCtex', 'H2SO', 'I2FE2SR', 'I2FE2SS2', 'I4FE4SR', 'I4FE4ST', 'ILEabcpp', 'LEUabcpp', 'Kabcpp', 'LADGMDH', 'LALGP', 'OPHHX3', 'PIuabcpp', 'PROabcpp', 'S2FE2ST', 'VALabcpp']","['EX_ade_e', 'EX_arg__L_e', 'EX_asn__L_e', 'EX_cgly_e', 'EX_LalaDgluMdapDala_e', 'EX_leu__L_e', 'EX_lipa_cold_e', 'EX_g3pe_e', 'EX_phe__L_e', 'EX_pro__L_e', 'EX_tyr__L_e', 'EX_uri_e', 'EX_val__L_e', 'EX_xtsn_e', '4PEPTtex', 'EX_ile__L_e', 'ADEt2rpp', 'ADEtex', 'ASNtex', 'CGLYtex', 'CLIPAabctex', 'DHBD', 'ARGtex', 'EDTXS3', 'EDTXS4', 'G3PEtex', 'GTPHs', 'I2FE2ST', 'ICHORS_copy1', 'ICHORT', 'ILEtex', 'LEUtex', 'LIPACabcpp', 'NTD10', 'NTD2', 'NTPP11', 'NTPP8', 'PHEt2rpp', 'PHEtex', 'PROtex', 'S2FE2SR', 'S2FE2SS2', 'S4FE4SR', 'S4FE4ST', 'SERD_L', 'THRA', 'TYRt2rpp', 'TYRtex', 'URItex', 'VALtex', 'XTSNtex', 'XTSNt2rpp']","['ETHAAL', 'GLYCtpp', 'GPDDA2', 'I2FE2SS', 'ICYSDS', 'S2FE2SS', 'SCYSDS']",I4FE4SR,S4FE4SR,0.004120856597939418,1,88,7,-14.0,-4.6237034614173965e-05,iECW_1372,PSL,False,False,0.0,0.0,0.0,0.0
197,"['EX_ade_e', 'EX_arg__L_e', 'EX_asn__L_e', 'EX_cgly_e', 'EX_LalaDgluMdapDala_e', 'EX_leu__L_e', 'EX_lipa_cold_e', 'EX_g3pe_e', 'EX_phe__L_e', 'EX_pro__L_e', 'EX_tyr__L_e', 'EX_uri_e', 'EX_val__L_e', 'EX_xtsn_e', 'EX_glyc_e', '4PCP', '4PEPTabcpp', '4PEPTtex', 'EX_ile__L_e', 'ADEt2rpp', 'ADEtex', 'ALAGLUE', 'AMPTASECG', 'ASNabcpp', 'ASNtex', 'CGLYabcpp', 'CGLYtex', 'CLIPAabctex', 'CYSDS', 'DHBD', 'DHBSH', 'ARGabcpp', 'ARGtex', 'EDTXS3', 'EDTXS4', 'ETHAAL', 'FA161ACPHi', 'G3PEabcpp', 'G3PEtex', 'G3PT', 'GLYCtex', 'GLYCtpp', 'GPDDA2', 'GTPHs', 'H2SO', 'I2FE2SR', 'I2FE2SS', 'I2FE2SS2', 'I2FE2ST', 'I4FE4SR', 'I4FE4ST', 'ICHORS_copy1', 'ICHORT', 'ICYSDS', 'ILEabcpp', 'ILEtex', 'LEUabcpp', 'LEUtex', 'LIPACabcpp', 'Kabcpp', 'LADGMDH', 'LALGP', 'NTD10', 'NTD2', 'NTPP11', 'NTPP8', 'OPHHX3', 'PHEt2rpp', 'PHEtex', 'PIuabcpp', 'PROabcpp', 'PROtex', 'S2FE2SR', 'S2FE2SS', 'S2FE2SS2', 'S2FE2ST', 'S4FE4SR', 'S4FE4ST', 'SCYSDS', 'SERD_L', 'THRA', 'TYRt2rpp', 'TYRtex', 'URItex', 'VALabcpp', 'VALtex', 'XTSNtex', 'XTSNt2rpp']","[1.5980539999072008e-06, 2.313720661173413e-06, 2.871733199627524e-06, 2.6636165044724436e-06, 3.0102883704086203e-06, 3.524107796692988e-06, 1.1633668369204209e-06, 3.4492376361633385e-06, 1.4491651444403786e-06, 1.3355755145438852e-06, 1.0803834538941626e-06, 1.5092771263880422e-06, 3.3145296325705776e-06, 2.548402324942245e-06, -3.5091494568068034e-06, -2.684246674433677e-06, -2.9651124100193993e-06, -3.010288423865859e-06, 2.2725528310840737e-06, -1.598054041096475e-06, -1.598054041096475e-06, -2.6842466240850626e-06, -2.6636165044724436e-06, -2.871733199627524e-06, -2.871733158826828e-06, -2.6636165044724436e-06, -2.6636165557647473e-06, 1.1633668369204209e-06, -1.680006698256964e-06, 1.2343612070253585e-06, -1.2343611701104429e-06, -2.313720661173413e-06, -2.3137206426326884e-06, 1.1633668369204209e-06, 1.1633668369204209e-06, -2.6479247198160642e-06, -1.1633668369204209e-06, -3.089842490144879e-06, -3.449237624408852e-06, -3.7900151724917786e-06, 3.5091494510197663e-06, -3.790015171034611e-06, -2.6479247198160642e-06, 2.0893310193059733e-06, -1.118275227085519e-06, -1.8667200442408919e-06, -0.00021467302410707506, -0.00024267360575131594, 2.6133861599999997e-05, -0.00024267360575131594, -0.00024267360575131594, 1.2343612070253585e-06, 1.2343611701104429e-06, -0.00091656554128866, -2.2725528310840737e-06, -2.2725528197042877e-06, -3.5241077402936583e-06, -3.524107796692988e-06, 1.1633668369204209e-06, -1.5268231562393098e-06, -2.684246674433677e-06, -2.684246674433677e-06, 2.0893310193059733e-06, 1.5092771382119174e-06, 2.0893310193059733e-06, 1.7478762999734165e-06, -3.869555202820445e-06, -1.4491650972559e-06, -1.4491650972559e-06, -2.65109726171886e-06, -1.3355755145438852e-06, -1.335575461780536e-06, 1.8667043999999997e-06, 0.00021467078698062745, 0.00024267157199999993, -2.6134080619372486e-05, 0.00024267157199999993, 0.00024267157199999993, 0.0009165514223612548, 2.8507628584001354e-06, 2.4365945346313533e-06, -1.0803834129546885e-06, -1.0803834129546885e-06, -1.5092771263880422e-06, -3.3145296325705776e-06, -3.314529635645158e-06, -2.5484023353783414e-06, -2.5484023353783414e-06]","[1.5980539999072008e-06, 2.313720661173413e-06, 2.871733199627524e-06, 2.6636165044724436e-06, 3.0102883704086203e-06, 3.524107796692988e-06, 1.1633668369204209e-06, 3.4492376361633385e-06, 1.4491651444403786e-06, 1.3355755145438852e-06, 1.0803834538941626e-06, 1.5092771263880422e-06, 3.3145296325705776e-06, 2.548402324942245e-06, 3.5091494568068034e-06, 2.684246674433677e-06, 2.9651124100193993e-06, 3.010288423865859e-06, 2.2725528310840737e-06, 1.598054041096475e-06, 1.598054041096475e-06, 2.6842466240850626e-06, 2.6636165044724436e-06, 2.871733199627524e-06, 2.871733158826828e-06, 2.6636165044724436e-06, 2.6636165557647473e-06, 1.1633668369204209e-06, 1.680006698256964e-06, 1.2343612070253585e-06, 1.2343611701104429e-06, 2.313720661173413e-06, 2.3137206426326884e-06, 1.1633668369204209e-06, 1.1633668369204209e-06, 2.6479247198160642e-06, 1.1633668369204209e-06, 3.089842490144879e-06, 3.449237624408852e-06, 3.7900151724917786e-06, 3.5091494510197663e-06, 3.790015171034611e-06, 2.6479247198160642e-06, 2.0893310193059733e-06, 1.118275227085519e-06, 1.8667200442408919e-06, 0.00021467302410707506, 0.00024267360575131594, 2.6133861599999997e-05, 0.00024267360575131594, 0.00024267360575131594, 1.2343612070253585e-06, 1.2343611701104429e-06, 0.00091656554128866, 2.2725528310840737e-06, 2.2725528197042877e-06, 3.5241077402936583e-06, 3.524107796692988e-06, 1.1633668369204209e-06, 1.5268231562393098e-06, 2.684246674433677e-06, 2.684246674433677e-06, 2.0893310193059733e-06, 1.5092771382119174e-06, 2.0893310193059733e-06, 1.7478762999734165e-06, 3.869555202820445e-06, 1.4491650972559e-06, 1.4491650972559e-06, 2.65109726171886e-06, 1.3355755145438852e-06, 1.335575461780536e-06, 1.8667043999999997e-06, 0.00021467078698062745, 0.00024267157199999993, 2.6134080619372486e-05, 0.00024267157199999993, 0.00024267157199999993, 0.0009165514223612548, 2.8507628584001354e-06, 2.4365945346313533e-06, 1.0803834129546885e-06, 1.0803834129546885e-06, 1.5092771263880422e-06, 3.3145296325705776e-06, 3.314529635645158e-06, 2.5484023353783414e-06, 2.5484023353783414e-06]","['EX_glyc_e', '4PCP', '4PEPTabcpp', 'ALAGLUE', 'AMPTASECG', 'ASNabcpp', 'CGLYabcpp', 'CYSDS', 'DHBSH', 'ARGabcpp', 'FA161ACPHi', 'G3PEabcpp', 'G3PT', 'GLYCtex', 'H2SO', 'I2FE2SR', 'I2FE2SS2', 'I4FE4SR', 'I4FE4ST', 'ILEabcpp', 'LEUabcpp', 'Kabcpp', 'LADGMDH', 'LALGP', 'OPHHX3', 'PIuabcpp', 'PROabcpp', 'S2FE2ST', 'VALabcpp']","['EX_ade_e', 'EX_arg__L_e', 'EX_asn__L_e', 'EX_cgly_e', 'EX_LalaDgluMdapDala_e', 'EX_leu__L_e', 'EX_lipa_cold_e', 'EX_g3pe_e', 'EX_phe__L_e', 'EX_pro__L_e', 'EX_tyr__L_e', 'EX_uri_e', 'EX_val__L_e', 'EX_xtsn_e', '4PEPTtex', 'EX_ile__L_e', 'ADEt2rpp', 'ADEtex', 'ASNtex', 'CGLYtex', 'CLIPAabctex', 'DHBD', 'ARGtex', 'EDTXS3', 'EDTXS4', 'G3PEtex', 'GTPHs', 'I2FE2ST', 'ICHORS_copy1', 'ICHORT', 'ILEtex', 'LEUtex', 'LIPACabcpp', 'NTD10', 'NTD2', 'NTPP11', 'NTPP8', 'PHEt2rpp', 'PHEtex', 'PROtex', 'S2FE2SR', 'S2FE2SS2', 'S4FE4SR', 'S4FE4ST', 'SERD_L', 'THRA', 'TYRt2rpp', 'TYRtex', 'URItex', 'VALtex', 'XTSNtex', 'XTSNt2rpp']","['ETHAAL', 'GLYCtpp', 'GPDDA2', 'I2FE2SS', 'ICYSDS', 'S2FE2SS', 'SCYSDS']",I4FE4SR,S4FE4ST,0.004120856597939418,1,88,7,-14.0,-4.6237034614173965e-05,iECW_1372,PSL,False,False,0.0,0.0,0.0,0.0
198,"['EX_ade_e', 'EX_arg__L_e', 'EX_asn__L_e', 'EX_cgly_e', 'EX_LalaDgluMdapDala_e', 'EX_leu__L_e', 'EX_lipa_cold_e', 'EX_cytd_e', 'EX_g3pe_e', 'EX_phe__L_e', 'EX_pro__L_e', 'EX_tyr__L_e', 'EX_uri_e', 'EX_val__L_e', 'EX_xtsn_e', 'EX_glyc_e', 'EX_gua_e', '4PCP', '4PEPTabcpp', '4PEPTtex', 'EX_ile__L_e', 'ADEt2rpp', 'ADEtex', 'ALAGLUE', 'EX_kdo2lipid4_e', 'AMPTASECG', 'ASNabcpp', 'ASNtex', 'ASPT', 'CGLYabcpp', 'CGLYtex', 'CLIPAabctex', 'CYTDtex', 'DHORDfum', 'EAR160y', 'ARGabcpp', 'ARGtex', 'EDTXS3', 'EDTXS4', 'ETHAAL', 'FA160ACPHi', 'FA161ACPHi', 'G3PEabcpp', 'G3PEtex', 'G3PT', 'GLYCtex', 'GLYCtpp', 'GPDDA2', 'GUAPRT', 'GUAtex', 'GUAtpp', 'H2SO', 'I2FE2SR', 'I2FE2SS', 'I2FE2SS2', 'I4FE4SR', 'I4FE4ST', 'ICYSDS', 'ILEabcpp', 'ILEtex', 'LEUabcpp', 'LEUtex', 'LIPACabcpp', 'Kabcpp', 'LADGMDH', 'LALGP', 'NTD2', 'NTD4', 'NTPP2', 'NTPP4', 'NTPP8', 'OPHHX', 'PHEt2rpp', 'PHEtex', 'PIuabcpp', 'PROabcpp', 'PROtex', 'S2FE2SR', 'S2FE2SS', 'S2FE2SS2', 'S4FE4SR', 'S4FE4ST', 'SCYSDS', 'SERD_L', 'THRA', 'TYRt2rpp', 'TYRtex', 'URItex', 'VALabcpp', 'VALtex', 'XTSNtex', 'XTSNt2rpp']","[1.67507504640087e-06, 2.4372100603242686e-06, 1.9861986417513133e-06, 3.2862621064944086e-06, 2.5101571031402314e-06, 3.7121986906640814e-06, 1.1766782438311918e-06, 1.3226630244389526e-06, 3.821769918747886e-06, 1.5265109263862264e-06, 1.8214064871346913e-06, 1.1380463803001284e-06, 2.4500143354089232e-06, 3.4914351162013135e-06, 1.545825436510186e-06, -2.6762337350105803e-06, 1.2626175898144965e-06, -2.2811948834911e-06, -2.2811948834911e-06, -2.5101570599872502e-06, 2.3938449946747653e-06, -1.6750750546634663e-06, -1.6750750546634663e-06, -2.281194838360534e-06, -1.0163684358022174e-06, -3.2862621064944086e-06, -1.9861986417513133e-06, -1.9861986402247567e-06, 1.276434894392775e-06, -3.2862621064944086e-06, -3.2862620855667046e-06, 1.1766782438311918e-06, -1.3226630244389526e-06, 1.2681662656111037e-06, -1.0516046555913983e-06, -2.4372100603242686e-06, -2.437210014250013e-06, 1.1766782438311918e-06, 1.1766782438311918e-06, -2.1507230269280676e-06, -1.198538346844965e-06, -1.1766782438416001e-06, -3.99160064155522e-06, -3.821769951173337e-06, -2.6762337350105803e-06, 2.6762337483887677e-06, -2.6762337483887677e-06, -2.1507230269280676e-06, -1.2669155291352352e-06, -1.2626176157937152e-06, -1.2626176157937152e-06, -1.093330272400328e-06, -1.866720879215463e-06, -0.00024080722412781117, -0.00024267371429801017, -0.00024267371429801017, -0.00024267371429801017, -0.0009688344560919552, -2.3938449946747653e-06, -2.3938449658089667e-06, -3.712198704541869e-06, -3.7121986906640814e-06, 1.1766782438311918e-06, -1.6083137519551371e-06, -2.2811948834911e-06, -2.2811948834911e-06, 2.4555266981973745e-06, 1.3226630310655962e-06, 2.0124224117231337e-06, 1.1735675154167513e-06, 1.1873604325862708e-06, 2.012787586140965e-06, -1.526510914118262e-06, -1.526510914118262e-06, -3.4719564609986264e-06, -1.8214064871346913e-06, -1.8214064994026558e-06, 1.8667043999999997e-06, 0.00024080486760000018, 0.00024267157200000018, 0.00024267157200000018, 0.00024267157200000018, 0.0009688195836000007, 1.8884898649318416e-06, 1.2546244880784485e-06, -1.1380464002286317e-06, -1.1380464002286317e-06, -2.4500143354089232e-06, -3.4914351162013135e-06, -3.4914351090264972e-06, -1.5458253983524628e-06, -1.5458253983524628e-06]","[1.67507504640087e-06, 2.4372100603242686e-06, 1.9861986417513133e-06, 3.2862621064944086e-06, 2.5101571031402314e-06, 3.7121986906640814e-06, 1.1766782438311918e-06, 1.3226630244389526e-06, 3.821769918747886e-06, 1.5265109263862264e-06, 1.8214064871346913e-06, 1.1380463803001284e-06, 2.4500143354089232e-06, 3.4914351162013135e-06, 1.545825436510186e-06, 2.6762337350105803e-06, 1.2626175898144965e-06, 2.2811948834911e-06, 2.2811948834911e-06, 2.5101570599872502e-06, 2.3938449946747653e-06, 1.6750750546634663e-06, 1.6750750546634663e-06, 2.281194838360534e-06, 1.0163684358022174e-06, 3.2862621064944086e-06, 1.9861986417513133e-06, 1.9861986402247567e-06, 1.276434894392775e-06, 3.2862621064944086e-06, 3.2862620855667046e-06, 1.1766782438311918e-06, 1.3226630244389526e-06, 1.2681662656111037e-06, 1.0516046555913983e-06, 2.4372100603242686e-06, 2.437210014250013e-06, 1.1766782438311918e-06, 1.1766782438311918e-06, 2.1507230269280676e-06, 1.198538346844965e-06, 1.1766782438416001e-06, 3.99160064155522e-06, 3.821769951173337e-06, 2.6762337350105803e-06, 2.6762337483887677e-06, 2.6762337483887677e-06, 2.1507230269280676e-06, 1.2669155291352352e-06, 1.2626176157937152e-06, 1.2626176157937152e-06, 1.093330272400328e-06, 1.866720879215463e-06, 0.00024080722412781117, 0.00024267371429801017, 0.00024267371429801017, 0.00024267371429801017, 0.0009688344560919552, 2.3938449946747653e-06, 2.3938449658089667e-06, 3.712198704541869e-06, 3.7121986906640814e-06, 1.1766782438311918e-06, 1.6083137519551371e-06, 2.2811948834911e-06, 2.2811948834911e-06, 2.4555266981973745e-06, 1.3226630310655962e-06, 2.0124224117231337e-06, 1.1735675154167513e-06, 1.1873604325862708e-06, 2.012787586140965e-06, 1.526510914118262e-06, 1.526510914118262e-06, 3.4719564609986264e-06, 1.8214064871346913e-06, 1.8214064994026558e-06, 1.8667043999999997e-06, 0.00024080486760000018, 0.00024267157200000018, 0.00024267157200000018, 0.00024267157200000018, 0.0009688195836000007, 1.8884898649318416e-06, 1.2546244880784485e-06, 1.1380464002286317e-06, 1.1380464002286317e-06, 2.4500143354089232e-06, 3.4914351162013135e-06, 3.4914351090264972e-06, 1.5458253983524628e-06, 1.5458253983524628e-06]","['EX_glyc_e', '4PCP', '4PEPTabcpp', 'ALAGLUE', 'EX_kdo2lipid4_e', 'AMPTASECG', 'ASNabcpp', 'CGLYabcpp', 'EAR160y', 'ARGabcpp', 'FA160ACPHi', 'FA161ACPHi', 'G3PEabcpp', 'G3PT', 'GLYCtex', 'GLYCtpp', 'GUAPRT', 'H2SO', 'I2FE2SR', 'I2FE2SS2', 'I4FE4SR', 'I4FE4ST', 'ILEabcpp', 'LEUabcpp', 'Kabcpp', 'LADGMDH', 'LALGP', 'PIuabcpp', 'PROabcpp', 'VALabcpp']","['EX_ade_e', 'EX_arg__L_e', 'EX_asn__L_e', 'EX_cgly_e', 'EX_LalaDgluMdapDala_e', 'EX_leu__L_e', 'EX_lipa_cold_e', 'EX_cytd_e', 'EX_g3pe_e', 'EX_phe__L_e', 'EX_pro__L_e', 'EX_tyr__L_e', 'EX_uri_e', 'EX_val__L_e', 'EX_xtsn_e', 'EX_gua_e', '4PEPTtex', 'EX_ile__L_e', 'ADEt2rpp', 'ADEtex', 'ASNtex', 'ASPT', 'CGLYtex', 'CLIPAabctex', 'CYTDtex', 'DHORDfum', 'ARGtex', 'EDTXS3', 'EDTXS4', 'G3PEtex', 'GUAtex', 'GUAtpp', 'ILEtex', 'LEUtex', 'LIPACabcpp', 'NTD2', 'NTD4', 'NTPP2', 'NTPP4', 'NTPP8', 'OPHHX', 'PHEt2rpp', 'PHEtex', 'PROtex', 'S2FE2SR', 'S2FE2SS', 'S2FE2SS2', 'S4FE4SR', 'S4FE4ST', 'SCYSDS', 'SERD_L', 'THRA', 'TYRt2rpp', 'TYRtex', 'URItex', 'VALtex', 'XTSNtex', 'XTSNt2rpp']","['ETHAAL', 'GPDDA2', 'I2FE2SS', 'ICYSDS']",I4FE4SR,SCYSDS,0.004244937042230379,1,92,4,-16.0,-4.4786325721527225e-05,iECW_1372,PSL,False,False,0.0,0.0,0.0,0.0
199,"['EX_ade_e', 'EX_arg__L_e', 'EX_asn__L_e', 'EX_cgly_e', 'EX_LalaDgluMdapDala_e', 'EX_leu__L_e', 'EX_lipa_cold_e', 'EX_cytd_e', 'EX_g3pe_e', 'EX_phe__L_e', 'EX_pro__L_e', 'EX_tyr__L_e', 'EX_uri_e', 'EX_val__L_e', 'EX_xtsn_e', 'EX_glyc_e', '3HAD160', '3OAR160', '3OAS160', '4PCP', '4PEPTabcpp', '4PEPTtex', 'EX_ile__L_e', 'ADEt2rpp', 'ADEtex', 'ALAGLUE', 'ALLTAMH', 'ALLTN', 'AMPN', 'AMPTASECG', 'ASNabcpp', 'ASNtex', 'CGLYabcpp', 'CGLYtex', 'CLIPAabctex', 'CYSDS', 'CYTDtex', 'DHBD', 'DHBSH', 'EAR160x', 'ARGabcpp', 'ARGtex', 'EDTXS3', 'EDTXS4', 'ETHAAL', 'FA160ACPHi', 'FA161ACPHi', 'G3PEabcpp', 'G3PEtex', 'G3PT', 'GLYCtex', 'GLYCtpp', 'GPDDA2', 'H2SO', 'I2FE2SS', 'I2FE2SS2', 'I4FE4SR', 'I4FE4ST', 'ICHORS_copy1', 'ICHORT', 'ICYSDS', 'ILEabcpp', 'ILEtex', 'LEUabcpp', 'LEUtex', 'LIPACabcpp', 'Kabcpp', 'LADGMDH', 'LALGP', 'NTD2', 'NTD4', 'NTPTP2', 'NTPP8', 'OPHHX3', 'PHEt2rpp', 'PHEtex', 'PIuabcpp', 'PPK2', 'PROabcpp', 'PROtex', 'S2FE2SS', 'S2FE2SS2', 'S4FE4SR', 'S4FE4ST', 'SCYSDS', 'SERD_L', 'THRA', 'TYRt2rpp', 'TYRtex', 'UGLYCH', 'PUNP3', 'URItex', 'VALabcpp', 'VALtex', 'XTSNtex', 'PUNP7', 'XTSNt2rpp']","[1.6430607982765265e-06, 2.3788880980646354e-06, 1.938669293571893e-06, 3.345001209270615e-06, 2.9833334126427853e-06, 3.623366524152516e-06, 1.1181237179677672e-06, 1.2910121540699038e-06, 2.929241021777128e-06, 1.4899818160662992e-06, 1.7778205832486016e-06, 1.110813151183887e-06, 1.3693855862584314e-06, 3.4078852758335186e-06, 2.1199550578955865e-06, -1.8111173220869414e-06, -1.026439960166714e-06, -1.0264399179504835e-06, -1.026439960166714e-06, -2.96490018876841e-06, -2.759850175226841e-06, -2.9833333883289015e-06, 2.3365607483838424e-06, -1.6430608411610592e-06, -1.6430608411610592e-06, -2.9649002044607187e-06, -1.1339361436559251e-06, -1.1339361436559251e-06, 1.085411251170224e-06, -3.345001209270615e-06, -1.938669293571893e-06, -1.9386692429179675e-06, -3.345001209270615e-06, -3.3450012324465206e-06, 1.1181237179677672e-06, -1.3515069012281535e-06, -1.2910121540699038e-06, 1.005622493721603e-06, -1.0056224779928652e-06, -1.026439960166714e-06, -2.3788880966213455e-06, -2.3788880980646354e-06, 1.1181237179677672e-06, 1.1181237179677672e-06, -1.7652754329120983e-06, -1.026439960166714e-06, -1.2098074341215792e-06, -2.6038682225796787e-06, -2.929241077254119e-06, -1.8111173220869414e-06, 1.811117272154661e-06, -1.811117272154661e-06, -1.7652754329120983e-06, -1.3515069012281535e-06, -0.0002408071677365578, -0.00024080694254836337, -0.00024080694254836337, -0.00024080694254836337, 1.005622493721603e-06, 1.0056224779928652e-06, -0.0009632339387414951, -2.3365607483838424e-06, -2.336560783078312e-06, -3.623366509553083e-06, -3.623366524152516e-06, 1.1181237179677672e-06, -1.569827115882605e-06, -2.96490018876841e-06, -2.96490018876841e-06, 1.7971063652200137e-06, 1.2910121540699038e-06, 1.1339361436559251e-06, 1.3693854954976992e-06, -4.393146733551196e-06, -1.4899818552294164e-06, -1.4899818552294164e-06, -4.944429328190836e-06, -1.1339361662976444e-06, -1.7778205832486016e-06, -1.7778205574359163e-06, 0.00024080486759999993, 0.0002408048515151289, 0.0002408048515151289, 0.0002408048515151289, 0.0009632194221453868, 2.685492291659361e-06, 1.7652754329120983e-06, -1.1108131729997694e-06, -1.1108131729997694e-06, -1.1339361436559251e-06, 1.1339361662976444e-06, -1.3693855862584314e-06, -3.4078852758335186e-06, -3.407885287742829e-06, -2.1199550701567205e-06, -1.1339361662976444e-06, -2.1199550701567205e-06]","[1.6430607982765265e-06, 2.3788880980646354e-06, 1.938669293571893e-06, 3.345001209270615e-06, 2.9833334126427853e-06, 3.623366524152516e-06, 1.1181237179677672e-06, 1.2910121540699038e-06, 2.929241021777128e-06, 1.4899818160662992e-06, 1.7778205832486016e-06, 1.110813151183887e-06, 1.3693855862584314e-06, 3.4078852758335186e-06, 2.1199550578955865e-06, 1.8111173220869414e-06, 1.026439960166714e-06, 1.0264399179504835e-06, 1.026439960166714e-06, 2.96490018876841e-06, 2.759850175226841e-06, 2.9833333883289015e-06, 2.3365607483838424e-06, 1.6430608411610592e-06, 1.6430608411610592e-06, 2.9649002044607187e-06, 1.1339361436559251e-06, 1.1339361436559251e-06, 1.085411251170224e-06, 3.345001209270615e-06, 1.938669293571893e-06, 1.9386692429179675e-06, 3.345001209270615e-06, 3.3450012324465206e-06, 1.1181237179677672e-06, 1.3515069012281535e-06, 1.2910121540699038e-06, 1.005622493721603e-06, 1.0056224779928652e-06, 1.026439960166714e-06, 2.3788880966213455e-06, 2.3788880980646354e-06, 1.1181237179677672e-06, 1.1181237179677672e-06, 1.7652754329120983e-06, 1.026439960166714e-06, 1.2098074341215792e-06, 2.6038682225796787e-06, 2.929241077254119e-06, 1.8111173220869414e-06, 1.811117272154661e-06, 1.811117272154661e-06, 1.7652754329120983e-06, 1.3515069012281535e-06, 0.0002408071677365578, 0.00024080694254836337, 0.00024080694254836337, 0.00024080694254836337, 1.005622493721603e-06, 1.0056224779928652e-06, 0.0009632339387414951, 2.3365607483838424e-06, 2.336560783078312e-06, 3.623366509553083e-06, 3.623366524152516e-06, 1.1181237179677672e-06, 1.569827115882605e-06, 2.96490018876841e-06, 2.96490018876841e-06, 1.7971063652200137e-06, 1.2910121540699038e-06, 1.1339361436559251e-06, 1.3693854954976992e-06, 4.393146733551196e-06, 1.4899818552294164e-06, 1.4899818552294164e-06, 4.944429328190836e-06, 1.1339361662976444e-06, 1.7778205832486016e-06, 1.7778205574359163e-06, 0.00024080486759999993, 0.0002408048515151289, 0.0002408048515151289, 0.0002408048515151289, 0.0009632194221453868, 2.685492291659361e-06, 1.7652754329120983e-06, 1.1108131729997694e-06, 1.1108131729997694e-06, 1.1339361436559251e-06, 1.1339361662976444e-06, 1.3693855862584314e-06, 3.4078852758335186e-06, 3.407885287742829e-06, 2.1199550701567205e-06, 1.1339361662976444e-06, 2.1199550701567205e-06]","['3HAD160', '3OAR160', '3OAS160', '4PCP', '4PEPTabcpp', 'ALAGLUE', 'ALLTAMH', 'ALLTN', 'AMPTASECG', 'ASNabcpp', 'CGLYabcpp', 'CYSDS', 'DHBSH', 'EAR160x', 'ARGabcpp', 'FA160ACPHi', 'FA161ACPHi', 'G3PEabcpp', 'G3PT', 'H2SO', 'I2FE2SS2', 'I4FE4SR', 'I4FE4ST', 'ILEabcpp', 'LEUabcpp', 'Kabcpp', 'LADGMDH', 'LALGP', 'OPHHX3', 'PIuabcpp', 'PROabcpp', 'UGLYCH', 'VALabcpp']","['EX_ade_e', 'EX_arg__L_e', 'EX_asn__L_e', 'EX_cgly_e', 'EX_LalaDgluMdapDala_e', 'EX_leu__L_e', 'EX_lipa_cold_e', 'EX_cytd_e', 'EX_g3pe_e', 'EX_phe__L_e', 'EX_pro__L_e', 'EX_tyr__L_e', 'EX_uri_e', 'EX_val__L_e', 'EX_xtsn_e', '4PEPTtex', 'EX_ile__L_e', 'ADEt2rpp', 'ADEtex', 'AMPN', 'ASNtex', 'CGLYtex', 'CLIPAabctex', 'CYTDtex', 'DHBD', 'ARGtex', 'EDTXS3', 'EDTXS4', 'G3PEtex', 'ICHORS_copy1', 'ICHORT', 'ILEtex', 'LEUtex', 'LIPACabcpp', 'NTD4', 'NTPTP2', 'NTPP8', 'PHEt2rpp', 'PHEtex', 'PPK2', 'PROtex', 'S2FE2SS', 'SERD_L', 'THRA', 'TYRt2rpp', 'TYRtex', 'PUNP3', 'URItex', 'VALtex', 'XTSNtex', 'PUNP7', 'XTSNt2rpp']","['EX_glyc_e', 'ETHAAL', 'GLYCtex', 'GLYCtpp', 'GPDDA2', 'I2FE2SS', 'ICYSDS', 'NTD2', 'S2FE2SS2', 'S4FE4SR', 'S4FE4ST', 'SCYSDS']",I4FE4ST,S2FE2SS,0.0042161479535026995,1,97,12,-23.0,-5.8674884575459526e-05,iECW_1372,PSL,False,False,0.0,0.0,0.0,0.0
200,"['EX_ade_e', 'EX_arg__L_e', 'EX_asn__L_e', 'EX_cgly_e', 'EX_LalaDgluMdapDala_e', 'EX_leu__L_e', 'EX_lipa_cold_e', 'EX_cytd_e', 'EX_g3pe_e', 'EX_phe__L_e', 'EX_tyr__L_e', 'EX_uri_e', 'EX_val__L_e', 'EX_xtsn_e', 'EX_glyc_e', '4PCP', '4PEPTabcpp', '4PEPTtex', 'EX_ile__L_e', 'ADEt2rpp', 'ADEtex', 'ALAGLUE', 'ADNK1', 'ADNUC', 'EX_kdo2lipid4_e', 'AMPTASECG', 'ASNabcpp', 'ASNtex', 'ASNS1', 'CGLYabcpp', 'CGLYtex', 'CLIPAabctex', 'CYSDS', 'CYTDtex', 'ARGabcpp', 'ARGtex', 'FACOAL140t2pp', 'EDTXS3', 'EDTXS4', 'FACOAL161t2pp', 'ETHAAL', 'FA140ACPHi', 'G3PEabcpp', 'G3PEtex', 'G3PT', 'GLYCLTDy', 'GLYCtex', 'GLYCtpp', 'GPDDA2', 'GTPHs', 'H2SO', 'I2FE2SR', 'I2FE2SS', 'I2FE2SS2', 'I2FE2ST', 'I4FE4SR', 'I4FE4ST', 'ICYSDS', 'ILEabcpp', 'ILEtex', 'LEUabcpp', 'LEUtex', 'LIPACabcpp', 'Kabcpp', 'LADGMDH', 'LALGP', 'NTD10', 'NTD2', 'NTD4', 'NTPP11', 'NTPP4', 'NTPP8', 'OPHHX3', 'P5CD', 'PHEt2rpp', 'PHEtex', 'PIuabcpp', 'PROD2', 'S2FE2SR', 'S2FE2SS', 'S2FE2SS2', 'S2FE2ST', 'S4FE4SR', 'S4FE4ST', 'SCYSDS', 'SERD_L', 'THRA', 'TYRt2rpp', 'TYRtex', 'URItex', 'VALabcpp', 'VALtex', 'XTSNH', 'XTSNtex', 'XTSNt2rpp']","[1.5538672278672672e-06, 2.063503171667591e-06, 3.4990318303618206e-06, 3.5462444826495076e-06, 2.82139184321073e-06, 3.426682610552234e-06, 1.0322938449394692e-06, 1.2209331998747075e-06, 3.1858525033866875e-06, 1.4091024906903726e-06, 1.0505158929974279e-06, 1.0960370673274156e-06, 3.222896993153681e-06, 2.6292375214682917e-06, -3.2725592218253807e-06, -2.610039779860074e-06, -2.610039779860074e-06, -2.8213918312758324e-06, 2.209727350155344e-06, -1.5538672641923768e-06, -1.5538672641923768e-06, -2.6100398144990322e-06, -1.1681249731942955e-06, 1.1681249731942955e-06, -1.0861183373719885e-06, -3.5462444826495076e-06, -3.5794246318610057e-06, -3.4990317772098933e-06, 1.7459903571825919e-06, -3.5462444826495076e-06, -3.54624444298679e-06, 1.0322938449394692e-06, -1.660962361250593e-06, -1.2209331998747075e-06, -2.063503171667591e-06, -2.0635031887650257e-06, -1.2340982475517182e-06, 1.0322938449394692e-06, 1.0322938449394692e-06, 1.1441366122855179e-06, -3.1858522431676972e-06, -1.2340982475517182e-06, -2.836392695826362e-06, -3.1858525062489207e-06, -3.171657020517582e-06, -1.1035961617507362e-06, 3.272559183642443e-06, -3.171656999256811e-06, -3.1858522431676972e-06, 1.7668197642706218e-06, -1.660962361250593e-06, -1.8667196117506348e-06, -0.00021467296831583188, -0.0002426735495275825, 2.6133861599999997e-05, -0.0002426735495275825, -0.0002426735495275825, -0.0009165651630759304, -2.209727350155344e-06, -2.209727313129406e-06, -3.426682610552234e-06, -3.426682610552234e-06, 1.0322938449394692e-06, -1.4846136208446215e-06, -2.610039779860074e-06, -2.610039779860074e-06, 1.766819764187355e-06, 1.096037056835808e-06, 1.2209331998747075e-06, 1.7668197642706218e-06, 1.3443853514594206e-06, 1.096037056835808e-06, -5.12363771219956e-06, 1.0260486967561544e-06, -1.4091025377638289e-06, -1.4091025377638289e-06, -4.2986701169756e-06, 1.0260486967561544e-06, 1.8667043999999997e-06, 0.00021467079303549104, 0.00024267157199999993, -2.613407456450889e-05, 0.00024267157199999993, 0.00024267157199999993, 0.000916551434470982, 4.451912863655261e-06, 2.781348939606687e-06, -1.0505159480089787e-06, -1.0505159480089787e-06, -1.0960370673274156e-06, -3.222896993153681e-06, -3.222897021259996e-06, -1.1681249731942955e-06, -2.629237542350893e-06, -2.629237542350893e-06]","[1.5538672278672672e-06, 2.063503171667591e-06, 3.4990318303618206e-06, 3.5462444826495076e-06, 2.82139184321073e-06, 3.426682610552234e-06, 1.0322938449394692e-06, 1.2209331998747075e-06, 3.1858525033866875e-06, 1.4091024906903726e-06, 1.0505158929974279e-06, 1.0960370673274156e-06, 3.222896993153681e-06, 2.6292375214682917e-06, 3.2725592218253807e-06, 2.610039779860074e-06, 2.610039779860074e-06, 2.8213918312758324e-06, 2.209727350155344e-06, 1.5538672641923768e-06, 1.5538672641923768e-06, 2.6100398144990322e-06, 1.1681249731942955e-06, 1.1681249731942955e-06, 1.0861183373719885e-06, 3.5462444826495076e-06, 3.5794246318610057e-06, 3.4990317772098933e-06, 1.7459903571825919e-06, 3.5462444826495076e-06, 3.54624444298679e-06, 1.0322938449394692e-06, 1.660962361250593e-06, 1.2209331998747075e-06, 2.063503171667591e-06, 2.0635031887650257e-06, 1.2340982475517182e-06, 1.0322938449394692e-06, 1.0322938449394692e-06, 1.1441366122855179e-06, 3.1858522431676972e-06, 1.2340982475517182e-06, 2.836392695826362e-06, 3.1858525062489207e-06, 3.171657020517582e-06, 1.1035961617507362e-06, 3.272559183642443e-06, 3.171656999256811e-06, 3.1858522431676972e-06, 1.7668197642706218e-06, 1.660962361250593e-06, 1.8667196117506348e-06, 0.00021467296831583188, 0.0002426735495275825, 2.6133861599999997e-05, 0.0002426735495275825, 0.0002426735495275825, 0.0009165651630759304, 2.209727350155344e-06, 2.209727313129406e-06, 3.426682610552234e-06, 3.426682610552234e-06, 1.0322938449394692e-06, 1.4846136208446215e-06, 2.610039779860074e-06, 2.610039779860074e-06, 1.766819764187355e-06, 1.096037056835808e-06, 1.2209331998747075e-06, 1.7668197642706218e-06, 1.3443853514594206e-06, 1.096037056835808e-06, 5.12363771219956e-06, 1.0260486967561544e-06, 1.4091025377638289e-06, 1.4091025377638289e-06, 4.2986701169756e-06, 1.0260486967561544e-06, 1.8667043999999997e-06, 0.00021467079303549104, 0.00024267157199999993, 2.613407456450889e-05, 0.00024267157199999993, 0.00024267157199999993, 0.000916551434470982, 4.451912863655261e-06, 2.781348939606687e-06, 1.0505159480089787e-06, 1.0505159480089787e-06, 1.0960370673274156e-06, 3.222896993153681e-06, 3.222897021259996e-06, 1.1681249731942955e-06, 2.629237542350893e-06, 2.629237542350893e-06]","['EX_glyc_e', '4PCP', '4PEPTabcpp', 'ALAGLUE', 'ADNK1', 'EX_kdo2lipid4_e', 'AMPTASECG', 'ASNabcpp', 'CGLYabcpp', 'CYSDS', 'ARGabcpp', 'FACOAL140t2pp', 'FA140ACPHi', 'G3PEabcpp', 'G3PT', 'GLYCLTDy', 'GLYCtex', 'GLYCtpp', 'H2SO', 'I2FE2SR', 'I2FE2SS2', 'I4FE4SR', 'I4FE4ST', 'ILEabcpp', 'LEUabcpp', 'Kabcpp', 'LADGMDH', 'LALGP', 'OPHHX3', 'PIuabcpp', 'S2FE2ST', 'VALabcpp', 'XTSNH']","['EX_ade_e', 'EX_arg__L_e', 'EX_asn__L_e', 'EX_cgly_e', 'EX_LalaDgluMdapDala_e', 'EX_leu__L_e', 'EX_lipa_cold_e', 'EX_cytd_e', 'EX_g3pe_e', 'EX_phe__L_e', 'EX_tyr__L_e', 'EX_uri_e', 'EX_val__L_e', 'EX_xtsn_e', '4PEPTtex', 'EX_ile__L_e', 'ADEt2rpp', 'ADEtex', 'ADNUC', 'ASNtex', 'ASNS1', 'CGLYtex', 'CLIPAabctex', 'CYTDtex', 'ARGtex', 'EDTXS3', 'EDTXS4', 'FACOAL161t2pp', 'G3PEtex', 'GTPHs', 'I2FE2ST', 'ILEtex', 'LEUtex', 'LIPACabcpp', 'NTD10', 'NTD2', 'NTD4', 'NTPP11', 'NTPP4', 'NTPP8', 'P5CD', 'PHEt2rpp', 'PHEtex', 'PROD2', 'S2FE2SR', 'S2FE2SS2', 'S4FE4SR', 'S4FE4ST', 'SERD_L', 'THRA', 'TYRt2rpp', 'TYRtex', 'URItex', 'VALtex', 'XTSNtex', 'XTSNt2rpp']","['ETHAAL', 'GPDDA2', 'I2FE2SS', 'ICYSDS', 'S2FE2SS', 'SCYSDS']",I4FE4ST,S2FE2SS2,0.0041202690823696,1,95,6,-13.0,-4.952119669021052e-05,iECW_1372,PSL,False,False,0.0,0.0,0.0,0.0
201,"['EX_ade_e', 'EX_arg__L_e', 'EX_asn__L_e', 'EX_cgly_e', 'EX_LalaDgluMdapDala_e', 'EX_leu__L_e', 'EX_lipa_cold_e', 'EX_cytd_e', 'EX_g3pe_e', 'EX_phe__L_e', 'EX_tyr__L_e', 'EX_uri_e', 'EX_val__L_e', 'EX_xtsn_e', 'EX_glyc_e', '4PCP', '4PEPTabcpp', '4PEPTtex', 'EX_ile__L_e', 'ADEt2rpp', 'ADEtex', 'ALAGLUE', 'ADNK1', 'ADNUC', 'EX_kdo2lipid4_e', 'AMPTASECG', 'ASNabcpp', 'ASNtex', 'ASNS1', 'CGLYabcpp', 'CGLYtex', 'CLIPAabctex', 'CYSDS', 'CYTDtex', 'ARGabcpp', 'ARGtex', 'FACOAL140t2pp', 'EDTXS3', 'EDTXS4', 'FACOAL161t2pp', 'ETHAAL', 'FA140ACPHi', 'G3PEabcpp', 'G3PEtex', 'G3PT', 'GLYCLTDy', 'GLYCtex', 'GLYCtpp', 'GPDDA2', 'GTPHs', 'H2SO', 'I2FE2SR', 'I2FE2SS', 'I2FE2SS2', 'I2FE2ST', 'I4FE4SR', 'I4FE4ST', 'ICYSDS', 'ILEabcpp', 'ILEtex', 'LEUabcpp', 'LEUtex', 'LIPACabcpp', 'Kabcpp', 'LADGMDH', 'LALGP', 'NTD10', 'NTD2', 'NTD4', 'NTPP11', 'NTPP4', 'NTPP8', 'OPHHX3', 'P5CD', 'PHEt2rpp', 'PHEtex', 'PIuabcpp', 'PROD2', 'S2FE2SR', 'S2FE2SS', 'S2FE2SS2', 'S2FE2ST', 'S4FE4SR', 'S4FE4ST', 'SCYSDS', 'SERD_L', 'THRA', 'TYRt2rpp', 'TYRtex', 'URItex', 'VALabcpp', 'VALtex', 'XTSNH', 'XTSNtex', 'XTSNt2rpp']","[1.5538672278672672e-06, 2.063503171667591e-06, 3.4990318303618206e-06, 3.5462444826495076e-06, 2.82139184321073e-06, 3.426682610552234e-06, 1.0322938449394692e-06, 1.2209331998747075e-06, 3.1858525033866875e-06, 1.4091024906903726e-06, 1.0505158929974279e-06, 1.0960370673274156e-06, 3.222896993153681e-06, 2.6292375214682917e-06, -3.2725592218253807e-06, -2.610039779860074e-06, -2.610039779860074e-06, -2.8213918312758324e-06, 2.209727350155344e-06, -1.5538672641923768e-06, -1.5538672641923768e-06, -2.6100398144990322e-06, -1.1681249731942955e-06, 1.1681249731942955e-06, -1.0861183373719885e-06, -3.5462444826495076e-06, -3.5794246318610057e-06, -3.4990317772098933e-06, 1.7459903571825919e-06, -3.5462444826495076e-06, -3.54624444298679e-06, 1.0322938449394692e-06, -1.660962361250593e-06, -1.2209331998747075e-06, -2.063503171667591e-06, -2.0635031887650257e-06, -1.2340982475517182e-06, 1.0322938449394692e-06, 1.0322938449394692e-06, 1.1441366122855179e-06, -3.1858522431676972e-06, -1.2340982475517182e-06, -2.836392695826362e-06, -3.1858525062489207e-06, -3.171657020517582e-06, -1.1035961617507362e-06, 3.272559183642443e-06, -3.171656999256811e-06, -3.1858522431676972e-06, 1.7668197642706218e-06, -1.660962361250593e-06, -1.8667196117506348e-06, -0.00021467296831583188, -0.0002426735495275825, 2.6133861599999997e-05, -0.0002426735495275825, -0.0002426735495275825, -0.0009165651630759304, -2.209727350155344e-06, -2.209727313129406e-06, -3.426682610552234e-06, -3.426682610552234e-06, 1.0322938449394692e-06, -1.4846136208446215e-06, -2.610039779860074e-06, -2.610039779860074e-06, 1.766819764187355e-06, 1.096037056835808e-06, 1.2209331998747075e-06, 1.7668197642706218e-06, 1.3443853514594206e-06, 1.096037056835808e-06, -5.12363771219956e-06, 1.0260486967561544e-06, -1.4091025377638289e-06, -1.4091025377638289e-06, -4.2986701169756e-06, 1.0260486967561544e-06, 1.8667043999999997e-06, 0.00021467079303549104, 0.00024267157199999993, -2.613407456450889e-05, 0.00024267157199999993, 0.00024267157199999993, 0.000916551434470982, 4.451912863655261e-06, 2.781348939606687e-06, -1.0505159480089787e-06, -1.0505159480089787e-06, -1.0960370673274156e-06, -3.222896993153681e-06, -3.222897021259996e-06, -1.1681249731942955e-06, -2.629237542350893e-06, -2.629237542350893e-06]","[1.5538672278672672e-06, 2.063503171667591e-06, 3.4990318303618206e-06, 3.5462444826495076e-06, 2.82139184321073e-06, 3.426682610552234e-06, 1.0322938449394692e-06, 1.2209331998747075e-06, 3.1858525033866875e-06, 1.4091024906903726e-06, 1.0505158929974279e-06, 1.0960370673274156e-06, 3.222896993153681e-06, 2.6292375214682917e-06, 3.2725592218253807e-06, 2.610039779860074e-06, 2.610039779860074e-06, 2.8213918312758324e-06, 2.209727350155344e-06, 1.5538672641923768e-06, 1.5538672641923768e-06, 2.6100398144990322e-06, 1.1681249731942955e-06, 1.1681249731942955e-06, 1.0861183373719885e-06, 3.5462444826495076e-06, 3.5794246318610057e-06, 3.4990317772098933e-06, 1.7459903571825919e-06, 3.5462444826495076e-06, 3.54624444298679e-06, 1.0322938449394692e-06, 1.660962361250593e-06, 1.2209331998747075e-06, 2.063503171667591e-06, 2.0635031887650257e-06, 1.2340982475517182e-06, 1.0322938449394692e-06, 1.0322938449394692e-06, 1.1441366122855179e-06, 3.1858522431676972e-06, 1.2340982475517182e-06, 2.836392695826362e-06, 3.1858525062489207e-06, 3.171657020517582e-06, 1.1035961617507362e-06, 3.272559183642443e-06, 3.171656999256811e-06, 3.1858522431676972e-06, 1.7668197642706218e-06, 1.660962361250593e-06, 1.8667196117506348e-06, 0.00021467296831583188, 0.0002426735495275825, 2.6133861599999997e-05, 0.0002426735495275825, 0.0002426735495275825, 0.0009165651630759304, 2.209727350155344e-06, 2.209727313129406e-06, 3.426682610552234e-06, 3.426682610552234e-06, 1.0322938449394692e-06, 1.4846136208446215e-06, 2.610039779860074e-06, 2.610039779860074e-06, 1.766819764187355e-06, 1.096037056835808e-06, 1.2209331998747075e-06, 1.7668197642706218e-06, 1.3443853514594206e-06, 1.096037056835808e-06, 5.12363771219956e-06, 1.0260486967561544e-06, 1.4091025377638289e-06, 1.4091025377638289e-06, 4.2986701169756e-06, 1.0260486967561544e-06, 1.8667043999999997e-06, 0.00021467079303549104, 0.00024267157199999993, 2.613407456450889e-05, 0.00024267157199999993, 0.00024267157199999993, 0.000916551434470982, 4.451912863655261e-06, 2.781348939606687e-06, 1.0505159480089787e-06, 1.0505159480089787e-06, 1.0960370673274156e-06, 3.222896993153681e-06, 3.222897021259996e-06, 1.1681249731942955e-06, 2.629237542350893e-06, 2.629237542350893e-06]","['EX_glyc_e', '4PCP', '4PEPTabcpp', 'ALAGLUE', 'ADNK1', 'EX_kdo2lipid4_e', 'AMPTASECG', 'ASNabcpp', 'CGLYabcpp', 'CYSDS', 'ARGabcpp', 'FACOAL140t2pp', 'FA140ACPHi', 'G3PEabcpp', 'G3PT', 'GLYCLTDy', 'GLYCtex', 'GLYCtpp', 'H2SO', 'I2FE2SR', 'I2FE2SS2', 'I4FE4SR', 'I4FE4ST', 'ILEabcpp', 'LEUabcpp', 'Kabcpp', 'LADGMDH', 'LALGP', 'OPHHX3', 'PIuabcpp', 'S2FE2ST', 'VALabcpp', 'XTSNH']","['EX_ade_e', 'EX_arg__L_e', 'EX_asn__L_e', 'EX_cgly_e', 'EX_LalaDgluMdapDala_e', 'EX_leu__L_e', 'EX_lipa_cold_e', 'EX_cytd_e', 'EX_g3pe_e', 'EX_phe__L_e', 'EX_tyr__L_e', 'EX_uri_e', 'EX_val__L_e', 'EX_xtsn_e', '4PEPTtex', 'EX_ile__L_e', 'ADEt2rpp', 'ADEtex', 'ADNUC', 'ASNtex', 'ASNS1', 'CGLYtex', 'CLIPAabctex', 'CYTDtex', 'ARGtex', 'EDTXS3', 'EDTXS4', 'FACOAL161t2pp', 'G3PEtex', 'GTPHs', 'I2FE2ST', 'ILEtex', 'LEUtex', 'LIPACabcpp', 'NTD10', 'NTD2', 'NTD4', 'NTPP11', 'NTPP4', 'NTPP8', 'P5CD', 'PHEt2rpp', 'PHEtex', 'PROD2', 'S2FE2SR', 'S2FE2SS2', 'S4FE4SR', 'S4FE4ST', 'SERD_L', 'THRA', 'TYRt2rpp', 'TYRtex', 'URItex', 'VALtex', 'XTSNtex', 'XTSNt2rpp']","['ETHAAL', 'GPDDA2', 'I2FE2SS', 'ICYSDS', 'S2FE2SS', 'SCYSDS']",I4FE4ST,S4FE4SR,0.0041202690823696,1,95,6,-13.0,-4.952119669021052e-05,iECW_1372,PSL,False,False,0.0,0.0,0.0,0.0
202,"['EX_ade_e', 'EX_arg__L_e', 'EX_asn__L_e', 'EX_cgly_e', 'EX_LalaDgluMdapDala_e', 'EX_leu__L_e', 'EX_lipa_cold_e', 'EX_cytd_e', 'EX_g3pe_e', 'EX_phe__L_e', 'EX_tyr__L_e', 'EX_uri_e', 'EX_val__L_e', 'EX_xtsn_e', 'EX_glyc_e', '4PCP', '4PEPTabcpp', '4PEPTtex', 'EX_ile__L_e', 'ADEt2rpp', 'ADEtex', 'ALAGLUE', 'ADNK1', 'ADNUC', 'EX_kdo2lipid4_e', 'AMPTASECG', 'ASNabcpp', 'ASNtex', 'ASNS1', 'CGLYabcpp', 'CGLYtex', 'CLIPAabctex', 'CYSDS', 'CYTDtex', 'ARGabcpp', 'ARGtex', 'FACOAL140t2pp', 'EDTXS3', 'EDTXS4', 'FACOAL161t2pp', 'ETHAAL', 'FA140ACPHi', 'G3PEabcpp', 'G3PEtex', 'G3PT', 'GLYCLTDy', 'GLYCtex', 'GLYCtpp', 'GPDDA2', 'GTPHs', 'H2SO', 'I2FE2SR', 'I2FE2SS', 'I2FE2SS2', 'I2FE2ST', 'I4FE4SR', 'I4FE4ST', 'ICYSDS', 'ILEabcpp', 'ILEtex', 'LEUabcpp', 'LEUtex', 'LIPACabcpp', 'Kabcpp', 'LADGMDH', 'LALGP', 'NTD10', 'NTD2', 'NTD4', 'NTPP11', 'NTPP4', 'NTPP8', 'OPHHX3', 'P5CD', 'PHEt2rpp', 'PHEtex', 'PIuabcpp', 'PROD2', 'S2FE2SR', 'S2FE2SS', 'S2FE2SS2', 'S2FE2ST', 'S4FE4SR', 'S4FE4ST', 'SCYSDS', 'SERD_L', 'THRA', 'TYRt2rpp', 'TYRtex', 'URItex', 'VALabcpp', 'VALtex', 'XTSNH', 'XTSNtex', 'XTSNt2rpp']","[1.5538672278672672e-06, 2.063503171667591e-06, 3.4990318303618206e-06, 3.5462444826495076e-06, 2.82139184321073e-06, 3.426682610552234e-06, 1.0322938449394692e-06, 1.2209331998747075e-06, 3.1858525033866875e-06, 1.4091024906903726e-06, 1.0505158929974279e-06, 1.0960370673274156e-06, 3.222896993153681e-06, 2.6292375214682917e-06, -3.2725592218253807e-06, -2.610039779860074e-06, -2.610039779860074e-06, -2.8213918312758324e-06, 2.209727350155344e-06, -1.5538672641923768e-06, -1.5538672641923768e-06, -2.6100398144990322e-06, -1.1681249731942955e-06, 1.1681249731942955e-06, -1.0861183373719885e-06, -3.5462444826495076e-06, -3.5794246318610057e-06, -3.4990317772098933e-06, 1.7459903571825919e-06, -3.5462444826495076e-06, -3.54624444298679e-06, 1.0322938449394692e-06, -1.660962361250593e-06, -1.2209331998747075e-06, -2.063503171667591e-06, -2.0635031887650257e-06, -1.2340982475517182e-06, 1.0322938449394692e-06, 1.0322938449394692e-06, 1.1441366122855179e-06, -3.1858522431676972e-06, -1.2340982475517182e-06, -2.836392695826362e-06, -3.1858525062489207e-06, -3.171657020517582e-06, -1.1035961617507362e-06, 3.272559183642443e-06, -3.171656999256811e-06, -3.1858522431676972e-06, 1.7668197642706218e-06, -1.660962361250593e-06, -1.8667196117506348e-06, -0.00021467296831583188, -0.0002426735495275825, 2.6133861599999997e-05, -0.0002426735495275825, -0.0002426735495275825, -0.0009165651630759304, -2.209727350155344e-06, -2.209727313129406e-06, -3.426682610552234e-06, -3.426682610552234e-06, 1.0322938449394692e-06, -1.4846136208446215e-06, -2.610039779860074e-06, -2.610039779860074e-06, 1.766819764187355e-06, 1.096037056835808e-06, 1.2209331998747075e-06, 1.7668197642706218e-06, 1.3443853514594206e-06, 1.096037056835808e-06, -5.12363771219956e-06, 1.0260486967561544e-06, -1.4091025377638289e-06, -1.4091025377638289e-06, -4.2986701169756e-06, 1.0260486967561544e-06, 1.8667043999999997e-06, 0.00021467079303549104, 0.00024267157199999993, -2.613407456450889e-05, 0.00024267157199999993, 0.00024267157199999993, 0.000916551434470982, 4.451912863655261e-06, 2.781348939606687e-06, -1.0505159480089787e-06, -1.0505159480089787e-06, -1.0960370673274156e-06, -3.222896993153681e-06, -3.222897021259996e-06, -1.1681249731942955e-06, -2.629237542350893e-06, -2.629237542350893e-06]","[1.5538672278672672e-06, 2.063503171667591e-06, 3.4990318303618206e-06, 3.5462444826495076e-06, 2.82139184321073e-06, 3.426682610552234e-06, 1.0322938449394692e-06, 1.2209331998747075e-06, 3.1858525033866875e-06, 1.4091024906903726e-06, 1.0505158929974279e-06, 1.0960370673274156e-06, 3.222896993153681e-06, 2.6292375214682917e-06, 3.2725592218253807e-06, 2.610039779860074e-06, 2.610039779860074e-06, 2.8213918312758324e-06, 2.209727350155344e-06, 1.5538672641923768e-06, 1.5538672641923768e-06, 2.6100398144990322e-06, 1.1681249731942955e-06, 1.1681249731942955e-06, 1.0861183373719885e-06, 3.5462444826495076e-06, 3.5794246318610057e-06, 3.4990317772098933e-06, 1.7459903571825919e-06, 3.5462444826495076e-06, 3.54624444298679e-06, 1.0322938449394692e-06, 1.660962361250593e-06, 1.2209331998747075e-06, 2.063503171667591e-06, 2.0635031887650257e-06, 1.2340982475517182e-06, 1.0322938449394692e-06, 1.0322938449394692e-06, 1.1441366122855179e-06, 3.1858522431676972e-06, 1.2340982475517182e-06, 2.836392695826362e-06, 3.1858525062489207e-06, 3.171657020517582e-06, 1.1035961617507362e-06, 3.272559183642443e-06, 3.171656999256811e-06, 3.1858522431676972e-06, 1.7668197642706218e-06, 1.660962361250593e-06, 1.8667196117506348e-06, 0.00021467296831583188, 0.0002426735495275825, 2.6133861599999997e-05, 0.0002426735495275825, 0.0002426735495275825, 0.0009165651630759304, 2.209727350155344e-06, 2.209727313129406e-06, 3.426682610552234e-06, 3.426682610552234e-06, 1.0322938449394692e-06, 1.4846136208446215e-06, 2.610039779860074e-06, 2.610039779860074e-06, 1.766819764187355e-06, 1.096037056835808e-06, 1.2209331998747075e-06, 1.7668197642706218e-06, 1.3443853514594206e-06, 1.096037056835808e-06, 5.12363771219956e-06, 1.0260486967561544e-06, 1.4091025377638289e-06, 1.4091025377638289e-06, 4.2986701169756e-06, 1.0260486967561544e-06, 1.8667043999999997e-06, 0.00021467079303549104, 0.00024267157199999993, 2.613407456450889e-05, 0.00024267157199999993, 0.00024267157199999993, 0.000916551434470982, 4.451912863655261e-06, 2.781348939606687e-06, 1.0505159480089787e-06, 1.0505159480089787e-06, 1.0960370673274156e-06, 3.222896993153681e-06, 3.222897021259996e-06, 1.1681249731942955e-06, 2.629237542350893e-06, 2.629237542350893e-06]","['EX_glyc_e', '4PCP', '4PEPTabcpp', 'ALAGLUE', 'ADNK1', 'EX_kdo2lipid4_e', 'AMPTASECG', 'ASNabcpp', 'CGLYabcpp', 'CYSDS', 'ARGabcpp', 'FACOAL140t2pp', 'FA140ACPHi', 'G3PEabcpp', 'G3PT', 'GLYCLTDy', 'GLYCtex', 'GLYCtpp', 'H2SO', 'I2FE2SR', 'I2FE2SS2', 'I4FE4SR', 'I4FE4ST', 'ILEabcpp', 'LEUabcpp', 'Kabcpp', 'LADGMDH', 'LALGP', 'OPHHX3', 'PIuabcpp', 'S2FE2ST', 'VALabcpp', 'XTSNH']","['EX_ade_e', 'EX_arg__L_e', 'EX_asn__L_e', 'EX_cgly_e', 'EX_LalaDgluMdapDala_e', 'EX_leu__L_e', 'EX_lipa_cold_e', 'EX_cytd_e', 'EX_g3pe_e', 'EX_phe__L_e', 'EX_tyr__L_e', 'EX_uri_e', 'EX_val__L_e', 'EX_xtsn_e', '4PEPTtex', 'EX_ile__L_e', 'ADEt2rpp', 'ADEtex', 'ADNUC', 'ASNtex', 'ASNS1', 'CGLYtex', 'CLIPAabctex', 'CYTDtex', 'ARGtex', 'EDTXS3', 'EDTXS4', 'FACOAL161t2pp', 'G3PEtex', 'GTPHs', 'I2FE2ST', 'ILEtex', 'LEUtex', 'LIPACabcpp', 'NTD10', 'NTD2', 'NTD4', 'NTPP11', 'NTPP4', 'NTPP8', 'P5CD', 'PHEt2rpp', 'PHEtex', 'PROD2', 'S2FE2SR', 'S2FE2SS2', 'S4FE4SR', 'S4FE4ST', 'SERD_L', 'THRA', 'TYRt2rpp', 'TYRtex', 'URItex', 'VALtex', 'XTSNtex', 'XTSNt2rpp']","['ETHAAL', 'GPDDA2', 'I2FE2SS', 'ICYSDS', 'S2FE2SS', 'SCYSDS']",I4FE4ST,S4FE4ST,0.0041202690823696,1,95,6,-13.0,-4.952119669021052e-05,iECW_1372,PSL,False,False,0.0,0.0,0.0,0.0
203,"['EX_ade_e', 'EX_arg__L_e', 'EX_asn__L_e', 'EX_cgly_e', 'EX_LalaDgluMdapDala_e', 'EX_leu__L_e', 'EX_lipa_cold_e', 'EX_cytd_e', 'EX_g3pe_e', 'EX_phe__L_e', 'EX_pro__L_e', 'EX_tyr__L_e', 'EX_val__L_e', 'EX_xtsn_e', '4PCP', '4PEPTabcpp', '4PEPTtex', 'AACTOOR', 'EX_ile__L_e', 'ADEt2rpp', 'ADEtex', 'ALAGLUE', 'EX_kdo2lipid4_e', 'ALLTAMH', 'ALLTN', 'AMPTASECG', 'ASNabcpp', 'ASNtex', 'AOBUTDs', 'CGLYabcpp', 'CGLYtex', 'CLIPAabctex', 'CYSDS', 'CYTDtex', 'DHBD', 'DHBSH', 'ARGabcpp', 'ARGtex', 'ASNN', 'EDTXS3', 'EDTXS4', 'FA161ACPHi', 'G3PEabcpp', 'G3PEtex', 'GLYCLTDx', 'GTPHs', 'H2SO', 'I2FE2SR', 'I2FE2SS', 'I2FE2SS2', 'I4FE4SR', 'I4FE4ST', 'ICHORS_copy1', 'ICHORT', 'ICYSDS', 'ILEabcpp', 'ILEtex', 'LEUabcpp', 'LEUtex', 'LIPACabcpp', 'Kabcpp', 'LADGMDH', 'LALGP', 'MGSA', 'NTD10', 'NTD4', 'NTPTP2', 'NTPP11', 'NTPP4', 'NTPP8', 'OPHHX', 'PHEt2rpp', 'PHEtex', 'PIuabcpp', 'PPK2', 'PROabcpp', 'PROtex', 'S2FE2SR', 'S2FE2SS', 'S2FE2SS2', 'S4FE4SR', 'S4FE4ST', 'SCYSDS', 'SERD_L', 'THRD', 'TYRt2rpp', 'TYRtex', 'UGLYCH', 'URIC', 'PUNP3', 'VALabcpp', 'VALtex', 'XAND', 'XTSNtex', 'PUNP7', 'XTSNt2rpp']","[1.6432471346694566e-06, 2.3909033447511163e-06, 3.2413471831027607e-06, 2.5561916524585726e-06, 2.998401583131916e-06, 3.6416673765415908e-06, 1.201511288240198e-06, 1.2975325489605893e-06, 1.3951084106150762e-06, 1.4975073912848469e-06, 1.786799969677455e-06, 1.1164236276561823e-06, 3.425097854226067e-06, 2.9007259780070283e-06, -2.7737896197699285e-06, -2.7737896197699285e-06, -2.998401555487362e-06, 1.3827712355696238e-06, 2.3483622102471458e-06, -1.643247173888085e-06, -1.643247173888085e-06, -2.7737896743929014e-06, -1.044247348438998e-06, -1.380968714055657e-06, -1.380968714055657e-06, -2.5561916524585726e-06, -3.2413471831027607e-06, -3.2413471444669995e-06, 1.3827712355696238e-06, -2.5561916524585726e-06, -2.5561917027516756e-06, 1.201511288240198e-06, -1.9333614327821103e-06, -1.2975325489605893e-06, 1.432280555491161e-06, -1.4322805699081993e-06, -2.3909033447511163e-06, -2.39090331888292e-06, -1.2928860911309847e-06, 1.201511288240198e-06, 1.201511288240198e-06, -1.0460308952353614e-06, -1.02372431431963e-06, -1.3951083701613243e-06, -1.380968714055657e-06, 1.619756423654195e-06, -1.4129228464095393e-06, -1.8667205661122311e-06, -0.00024080717935404906, -0.00024267367359459004, -0.00024267367359459004, -0.00024267367359459004, 1.432280555491161e-06, 1.4322805699081993e-06, -0.0009688341735162888, -2.3483622102471458e-06, -2.348362158954842e-06, -3.6416673484529483e-06, -3.6416673765415908e-06, 1.201511288240198e-06, -1.577755972398398e-06, -2.7737896197699285e-06, -2.7737896197699285e-06, -1.2128434128122478e-06, 1.5197572639513712e-06, 1.2975325830444362e-06, 1.2024719353576074e-06, 1.619756423654195e-06, 1.7592283973327794e-06, 1.1648007184339448e-06, 5.591155946394925e-06, -1.4975073554523988e-06, -1.4975073554523988e-06, -5.545912839022282e-06, -1.2024719353576074e-06, -1.786799969677455e-06, -1.7867999986265204e-06, 1.8667043999999997e-06, 0.00024080486760000018, 0.00024267157200000018, 0.00024267157200000018, 0.00024267157200000018, 0.0009688195836000007, 3.1848041432205876e-06, 1.3827712355696238e-06, -1.1164236184413312e-06, -1.1164236184413312e-06, -1.380968714055657e-06, -1.380968714055657e-06, 1.2024719353576074e-06, -3.425097854226067e-06, -3.4250978160343948e-06, -1.380968714055657e-06, -2.9007260309299454e-06, -1.380968683406536e-06, -2.9007260309299454e-06]","[1.6432471346694566e-06, 2.3909033447511163e-06, 3.2413471831027607e-06, 2.5561916524585726e-06, 2.998401583131916e-06, 3.6416673765415908e-06, 1.201511288240198e-06, 1.2975325489605893e-06, 1.3951084106150762e-06, 1.4975073912848469e-06, 1.786799969677455e-06, 1.1164236276561823e-06, 3.425097854226067e-06, 2.9007259780070283e-06, 2.7737896197699285e-06, 2.7737896197699285e-06, 2.998401555487362e-06, 1.3827712355696238e-06, 2.3483622102471458e-06, 1.643247173888085e-06, 1.643247173888085e-06, 2.7737896743929014e-06, 1.044247348438998e-06, 1.380968714055657e-06, 1.380968714055657e-06, 2.5561916524585726e-06, 3.2413471831027607e-06, 3.2413471444669995e-06, 1.3827712355696238e-06, 2.5561916524585726e-06, 2.5561917027516756e-06, 1.201511288240198e-06, 1.9333614327821103e-06, 1.2975325489605893e-06, 1.432280555491161e-06, 1.4322805699081993e-06, 2.3909033447511163e-06, 2.39090331888292e-06, 1.2928860911309847e-06, 1.201511288240198e-06, 1.201511288240198e-06, 1.0460308952353614e-06, 1.02372431431963e-06, 1.3951083701613243e-06, 1.380968714055657e-06, 1.619756423654195e-06, 1.4129228464095393e-06, 1.8667205661122311e-06, 0.00024080717935404906, 0.00024267367359459004, 0.00024267367359459004, 0.00024267367359459004, 1.432280555491161e-06, 1.4322805699081993e-06, 0.0009688341735162888, 2.3483622102471458e-06, 2.348362158954842e-06, 3.6416673484529483e-06, 3.6416673765415908e-06, 1.201511288240198e-06, 1.577755972398398e-06, 2.7737896197699285e-06, 2.7737896197699285e-06, 1.2128434128122478e-06, 1.5197572639513712e-06, 1.2975325830444362e-06, 1.2024719353576074e-06, 1.619756423654195e-06, 1.7592283973327794e-06, 1.1648007184339448e-06, 5.591155946394925e-06, 1.4975073554523988e-06, 1.4975073554523988e-06, 5.545912839022282e-06, 1.2024719353576074e-06, 1.786799969677455e-06, 1.7867999986265204e-06, 1.8667043999999997e-06, 0.00024080486760000018, 0.00024267157200000018, 0.00024267157200000018, 0.00024267157200000018, 0.0009688195836000007, 3.1848041432205876e-06, 1.3827712355696238e-06, 1.1164236184413312e-06, 1.1164236184413312e-06, 1.380968714055657e-06, 1.380968714055657e-06, 1.2024719353576074e-06, 3.425097854226067e-06, 3.4250978160343948e-06, 1.380968714055657e-06, 2.9007260309299454e-06, 1.380968683406536e-06, 2.9007260309299454e-06]","['4PCP', '4PEPTabcpp', 'ALAGLUE', 'EX_kdo2lipid4_e', 'ALLTAMH', 'ALLTN', 'AMPTASECG', 'ASNabcpp', 'CGLYabcpp', 'CYSDS', 'DHBSH', 'ARGabcpp', 'ASNN', 'FA161ACPHi', 'G3PEabcpp', 'GLYCLTDx', 'H2SO', 'I2FE2SR', 'I2FE2SS2', 'I4FE4SR', 'I4FE4ST', 'ILEabcpp', 'LEUabcpp', 'Kabcpp', 'LADGMDH', 'LALGP', 'MGSA', 'PIuabcpp', 'PROabcpp', 'UGLYCH', 'URIC', 'VALabcpp', 'XAND']","['EX_ade_e', 'EX_arg__L_e', 'EX_asn__L_e', 'EX_cgly_e', 'EX_LalaDgluMdapDala_e', 'EX_leu__L_e', 'EX_lipa_cold_e', 'EX_cytd_e', 'EX_g3pe_e', 'EX_phe__L_e', 'EX_pro__L_e', 'EX_tyr__L_e', 'EX_val__L_e', 'EX_xtsn_e', '4PEPTtex', 'AACTOOR', 'EX_ile__L_e', 'ADEt2rpp', 'ADEtex', 'ASNtex', 'AOBUTDs', 'CGLYtex', 'CLIPAabctex', 'CYTDtex', 'DHBD', 'ARGtex', 'EDTXS3', 'EDTXS4', 'G3PEtex', 'GTPHs', 'ICHORS_copy1', 'ICHORT', 'ILEtex', 'LEUtex', 'LIPACabcpp', 'NTD10', 'NTD4', 'NTPTP2', 'NTPP11', 'NTPP4', 'NTPP8', 'OPHHX', 'PHEt2rpp', 'PHEtex', 'PPK2', 'PROtex', 'S2FE2SR', 'S2FE2SS', 'S2FE2SS2', 'S4FE4SR', 'S4FE4ST', 'SCYSDS', 'SERD_L', 'THRD', 'TYRt2rpp', 'TYRtex', 'VALtex', 'XTSNtex', 'PUNP7', 'XTSNt2rpp']","['I2FE2SS', 'ICYSDS', 'PUNP3']",I4FE4ST,SCYSDS,0.004245848651120452,1,96,3,-14.0,-3.677340709838184e-05,iECW_1372,PSL,False,False,0.0,0.0,0.0,0.0
204,"['HXAND', 'HXPRT', 'IMPD', 'XPPT']","[0.22747332783549348, -0.22747332783058616, -0.22747332783572832, 0.22747332783549348]","[0.22747332783549348, 0.22747332783058616, 0.22747332783572832, 0.22747332783549348]","['HXPRT', 'IMPD']","['HXAND', 'XPPT']",[],IMPD,HXAND,0.9098933113215549,1,4,0,0.0,4.672484621437434e-12,iECW_1372,PSL,False,False,0.0,0.0,0.0,0.0
205,"['HXAND', 'HXPRT', 'IMPD', 'XPPT']","[0.2274733278354688, -0.22747332783572194, -0.22747332783572194, 0.2274733278354688]","[0.2274733278354688, 0.22747332783572194, 0.22747332783572194, 0.2274733278354688]","['HXPRT', 'IMPD']","['HXAND', 'XPPT']",[],IMPD,XPPT,0.9098933113419889,1,4,0,0.0,-5.062616992290714e-13,iECW_1372,PSL,False,False,0.0,0.0,0.0,0.0002190926918226
206,"['DMPPS', 'IPDDI', 'IPDPS']","[0.00197031050509999, -0.0019703105051, -0.0019703105051000745]","[0.00197031050509999, 0.0019703105051, 0.0019703105051000745]",['IPDPS'],['IPDDI'],['DMPPS'],IPDPS,IPDDI,0.005910931515706794,1,3,1,-1.0,-0.0019703105051000844,iECW_1372,PSL,False,True,0.0,-0.0020740119840638,0.0,0.0
207,"['EX_ade_e', 'EX_anhgm_e', 'EX_arg__L_e', 'EX_asn__L_e', 'EX_cgly_e', 'EX_5mtr_e', 'EX_LalaDgluMdapDala_e', 'EX_feenter_e', 'EX_leu__L_e', 'EX_lipa_e', 'EX_lipa_cold_e', 'EX_cytd_e', 'EX_enlipa_e', 'EX_g3pe_e', 'EX_spmd_e', 'EX_phe__L_e', 'EX_pheme_e', 'EX_pro__L_e', 'EX_thym_e', 'EX_trp__L_e', 'EX_tyr__L_e', 'EX_uri_e', 'EX_val__L_e', '2AGPEAT160', '2AGPEAT161', 'EX_xtsn_e', '12DGR161tipp', 'EX_glyc_e', 'EX_glyclt_e', '3HAD160', 'EX_gua_e', '3OAR160', '3OAS160', '4PCP', 'ACALD', '4PEPTabcpp', '4PEPTtex', '5MTRtex', '5MTRtpp', 'EX_his__L_e', 'AACTOOR', 'ABTA', 'ABUTD', 'EX_ile__L_e', 'ADEt2rpp', 'ADEtex', 'ADMDC', 'ALAGLUE', 'ADNK1', 'EX_kdo2lipid4_e', 'ADPT', 'ALDD2x', 'ALLTAMH', 'ALLTN', 'AGM4PApp', 'AMPN', 'AMPTASECG', 'ASNabcpp', 'ANHGMtex', 'ASNtex', 'ASPT', 'AOBUTDs', 'CBPS', 'CGLYabcpp', 'CGLYtex', 'CA2t3pp', 'CLIPAabctex', 'CPPPGO', 'CYTDK2', 'CYTDtex', 'DAAD', 'DHBD', 'DRPA', 'DHORDfum', 'EAR160y', 'ARGabcpp', 'ARGtex', 'FACOAE140', 'FACOAL160t2pp', 'EDTXS3', 'EDTXS4', 'ENLIPAabctex', 'FADRx_copy1', 'ETHAAL', 'FCLT', 'FA140ACPHi', 'FA160ACPHi', 'FE2t2pp', 'FA161ACPHi', 'FE3Ri', 'G1SAT', 'G3PEabcpp', 'G3PEtex', 'G3PT', 'GLYCLTDy', 'GLYCLTt2rpp', 'GLYCLTtex', 'GLYCTO2', 'GLYCtex', 'GLYCtpp', 'GLYOX3', 'GLUTRR', 'GLUTRS', 'GLYAT', 'GPDDA2', 'FLDR2', 'GUAPRT', 'GTPHs', 'GUAtex', 'GUAtpp', 'H2SO', 'ICHORS_copy1', 'ICHORT', 'ILEabcpp', 'ILEtex', 'HISabcpp', 'HIStex', 'HMBS', 'LEUabcpp', 'LEUtex', 'LIPACabcpp', 'LIPAabctex', 'Kabcpp', 'Kt2pp', 'LPLIPAL1E160pp', 'LADGMDH', 'LALGP', 'LPLIPAL2E160', 'LPLIPAL2E161', 'MDDCP4pp', 'MDDEP3pp', 'ME1', 'MLTGY1pp', 'MN2t3pp', 'MG2uabcpp', 'MGSA', 'MOX', 'MTAN', 'NTD10', 'NDPK5', 'NTD2', 'NTD4', 'NTPP11', 'NTPP2', 'NTPP4', 'NTPP7', 'NTPP8', 'PAPA161', 'OPHHX', 'OPHHX3', 'PETNT161pp', 'PFL', 'PLIPA2E160pp', 'PHEMEtiex', 'PHEt2rpp', 'PHEtex', 'PIuabcpp', 'PPA', 'PPBNGS', 'PPM2', 'PPPGO', 'PPPGO3', 'PROabcpp', 'PROtex', 'RNDR2', 'SERD_L', 'SPMDabcpp', 'SPMDtex', 'SPMS', 'SSALx', 'THIORDXi', 'THRA', 'THYMt3pp', 'THYMtex', 'TRPS1', 'TRPt2rpp', 'TRPtex', 'TMDK1', 'TMDPP', 'TYRt2rpp', 'TYRtex', 'UGLYCH', 'PTRCTA', 'UPP3S', 'UPPDC1', 'PUNP1', 'URIC', 'URItex', 'VALabcpp', 'VALtex', 'XAND', 'XTSNtex', 'PUNP7', 'MECDPDH2', 'PHEMEabcpp', 'XTSNt2rpp']","[0.00047896066562943694, 9.689154187737098e-05, 0.0006934577926624441, 0.0005651318095799551, 0.0006922701938560649, 2.820923611224213e-05, 0.0008696566328509035, 5.623908724542229e-05, 0.0010562294883129653, -0.0001909556721779171, 0.0003259386663972373, 0.0003763364532005653, 0.0001909556721779171, 0.0011603476903789753, 2.820923611224213e-05, 0.0004343371624808967, 9.649429854667943e-05, 0.0005182436048482564, 6.134383825047787e-05, 0.0002903663537489748, 0.00032380759746686305, 0.0004915850757925, 0.0009934157047837289, -4.1889922107296584e-05, -0.00017633247153449327, 0.0005586742243817879, 0.0001909556721779171, -0.0008344090240070545, -0.00024643807549942136, -1.124928569960909e-05, 0.0002580885292218227, -1.1249285648773366e-05, -1.124928569960909e-05, -0.0008045101611967032, -0.00010244315058116626, -0.0008045101611967032, -0.0008696566328580957, -2.820923612034676e-05, 2.820923611224213e-05, 0.00022210473699356414, 8.989464455940233e-05, -2.820923611224213e-05, -2.820923611224213e-05, 0.0006811191616247769, -0.0004789606656459, -0.0004789606656459, 2.820923611224213e-05, -0.0008045101611742211, -0.000244869665054175, -0.00028032582083424226, -4.742013048409418e-05, -7.587563543341985e-05, -0.000244869665054175, -0.000244869665054175, 6.514647165420037e-05, 0.00015951192976492107, -0.0006922701938560649, -0.0005651318095799551, -9.68915418297911e-05, -0.000565131809594277, 0.00036030772044676196, 8.989464455940233e-05, 1.0740548678278561e-05, -0.0006922701938560649, -0.0006922701938947284, 1.220265528142396e-05, 0.0003259386663972373, 9.570774891230521e-05, -3.860287979640109e-05, -0.0003763364532005653, -0.00037637630820178125, 0.0001687172617721444, 6.13438382504795e-05, 0.00015374618303265475, -1.124928569960909e-05, -0.0006934577926624441, -0.0006934577926358543, 0.0003146893807024487, 0.00021543254546024793, 0.0003259386663972373, 0.0003259386663972373, 0.0001909556721779171, 6.755664390656335e-05, -0.0008344090240070545, 9.597149506392099e-05, -0.00031468938069763167, -1.124928569960909e-05, 0.00011507981298231393, -0.0003259386663972408, -1.8966966059083892e-05, 0.0007635895326529862, -0.0010526314176488444, -0.0011603476904156196, -0.0008344090240070545, -0.00023952909894393946, 0.000246438075464539, 0.000246438075464539, 5.34056610490552e-06, 0.0008344090240370861, -0.0008344090240370861, 3.174507022317058e-05, 0.0007635895326493008, 0.0007635895326493008, 8.98946445886395e-05, -0.0008344090240070545, -0.0001494188212096681, -0.0002580885292218227, 1.4782065022700408e-05, -0.0002580885292218227, -0.0002580885292218227, -0.00013936577583871772, 0.0001687172617721444, 0.00016871726173626686, -0.0006811191616247769, -0.0006811191616407086, -0.00022210473699356414, -0.0002221047369630469, 9.54486915811626e-05, -0.0010562294882998091, -0.0010562294883129653, 0.0003259386663972373, -0.0001909556721779171, 0.18207366856469998, -0.1825312810320097, 0.0001077162727301309, -0.0008045101611967032, -0.0008045101611967032, 4.1889922107296584e-05, 0.00017633247153449327, 3.257323582710886e-05, 3.257323582710886e-05, -0.00019410070374195778, 3.257323582710886e-05, 1.619987473480168e-06, -2.0337758802373845e-05, -5.8149574336231746e-05, 0.00019410070376579824, 2.820923611224213e-05, 0.00031380455932761286, -3.860287972656806e-05, 0.0004915850757925, 0.0003377335734041642, 1.4782065022700408e-05, 0.0005565882200683492, 0.00019233195723700192, 6.134383825047787e-05, 0.0003378388927328113, -0.0001909556721779171, 0.00020801170170000002, -0.00020853450518275838, 0.0001909556721779171, 5.750838215589499e-06, 0.0001077162727301309, 9.649429854667943e-05, -0.00043433716245999676, -0.00043433716245999676, -0.0008189617342252431, -5.989969331120009e-06, 0.0003817947663246504, 6.134383829703438e-05, 2.6943381433776873e-05, 6.902811363014414e-05, -0.0005182436048482564, -0.0005182436048016825, -3.860287976442667e-05, 0.0006419637849177651, -2.820923611224213e-05, -2.820923612034676e-05, 2.820923611224213e-05, -2.820923611224213e-05, 3.860287976442667e-05, 0.0005947463996885394, 6.134383825047787e-05, -6.134383829703438e-05, 0.0001571030426707823, -0.00029036635373813624, -0.00029036635373813624, -6.134383825047787e-05, 6.134383829703438e-05, -0.0003238075975104948, -0.0003238075975104948, -0.000244869665054175, -2.820923611224213e-05, 9.54486915811626e-05, 9.597149506392099e-05, 0.00024486966503900476, -0.000244869665054175, -0.0004915850757925, -0.0009934157047837289, -0.0009934157047837289, -0.000244869665054175, -0.0005586742244076959, -0.00024486966503900476, -5.600796055200627e-06, 9.649429854667943e-05, -0.0005586742244076959]","[0.00047896066562943694, 9.689154187737098e-05, 0.0006934577926624441, 0.0005651318095799551, 0.0006922701938560649, 2.820923611224213e-05, 0.0008696566328509035, 5.623908724542229e-05, 0.0010562294883129653, 0.0001909556721779171, 0.0003259386663972373, 0.0003763364532005653, 0.0001909556721779171, 0.0011603476903789753, 2.820923611224213e-05, 0.0004343371624808967, 9.649429854667943e-05, 0.0005182436048482564, 6.134383825047787e-05, 0.0002903663537489748, 0.00032380759746686305, 0.0004915850757925, 0.0009934157047837289, 4.1889922107296584e-05, 0.00017633247153449327, 0.0005586742243817879, 0.0001909556721779171, 0.0008344090240070545, 0.00024643807549942136, 1.124928569960909e-05, 0.0002580885292218227, 1.1249285648773366e-05, 1.124928569960909e-05, 0.0008045101611967032, 0.00010244315058116626, 0.0008045101611967032, 0.0008696566328580957, 2.820923612034676e-05, 2.820923611224213e-05, 0.00022210473699356414, 8.989464455940233e-05, 2.820923611224213e-05, 2.820923611224213e-05, 0.0006811191616247769, 0.0004789606656459, 0.0004789606656459, 2.820923611224213e-05, 0.0008045101611742211, 0.000244869665054175, 0.00028032582083424226, 4.742013048409418e-05, 7.587563543341985e-05, 0.000244869665054175, 0.000244869665054175, 6.514647165420037e-05, 0.00015951192976492107, 0.0006922701938560649, 0.0005651318095799551, 9.68915418297911e-05, 0.000565131809594277, 0.00036030772044676196, 8.989464455940233e-05, 1.0740548678278561e-05, 0.0006922701938560649, 0.0006922701938947284, 1.220265528142396e-05, 0.0003259386663972373, 9.570774891230521e-05, 3.860287979640109e-05, 0.0003763364532005653, 0.00037637630820178125, 0.0001687172617721444, 6.13438382504795e-05, 0.00015374618303265475, 1.124928569960909e-05, 0.0006934577926624441, 0.0006934577926358543, 0.0003146893807024487, 0.00021543254546024793, 0.0003259386663972373, 0.0003259386663972373, 0.0001909556721779171, 6.755664390656335e-05, 0.0008344090240070545, 9.597149506392099e-05, 0.00031468938069763167, 1.124928569960909e-05, 0.00011507981298231393, 0.0003259386663972408, 1.8966966059083892e-05, 0.0007635895326529862, 0.0010526314176488444, 0.0011603476904156196, 0.0008344090240070545, 0.00023952909894393946, 0.000246438075464539, 0.000246438075464539, 5.34056610490552e-06, 0.0008344090240370861, 0.0008344090240370861, 3.174507022317058e-05, 0.0007635895326493008, 0.0007635895326493008, 8.98946445886395e-05, 0.0008344090240070545, 0.0001494188212096681, 0.0002580885292218227, 1.4782065022700408e-05, 0.0002580885292218227, 0.0002580885292218227, 0.00013936577583871772, 0.0001687172617721444, 0.00016871726173626686, 0.0006811191616247769, 0.0006811191616407086, 0.00022210473699356414, 0.0002221047369630469, 9.54486915811626e-05, 0.0010562294882998091, 0.0010562294883129653, 0.0003259386663972373, 0.0001909556721779171, 0.18207366856469998, 0.1825312810320097, 0.0001077162727301309, 0.0008045101611967032, 0.0008045101611967032, 4.1889922107296584e-05, 0.00017633247153449327, 3.257323582710886e-05, 3.257323582710886e-05, 0.00019410070374195778, 3.257323582710886e-05, 1.619987473480168e-06, 2.0337758802373845e-05, 5.8149574336231746e-05, 0.00019410070376579824, 2.820923611224213e-05, 0.00031380455932761286, 3.860287972656806e-05, 0.0004915850757925, 0.0003377335734041642, 1.4782065022700408e-05, 0.0005565882200683492, 0.00019233195723700192, 6.134383825047787e-05, 0.0003378388927328113, 0.0001909556721779171, 0.00020801170170000002, 0.00020853450518275838, 0.0001909556721779171, 5.750838215589499e-06, 0.0001077162727301309, 9.649429854667943e-05, 0.00043433716245999676, 0.00043433716245999676, 0.0008189617342252431, 5.989969331120009e-06, 0.0003817947663246504, 6.134383829703438e-05, 2.6943381433776873e-05, 6.902811363014414e-05, 0.0005182436048482564, 0.0005182436048016825, 3.860287976442667e-05, 0.0006419637849177651, 2.820923611224213e-05, 2.820923612034676e-05, 2.820923611224213e-05, 2.820923611224213e-05, 3.860287976442667e-05, 0.0005947463996885394, 6.134383825047787e-05, 6.134383829703438e-05, 0.0001571030426707823, 0.00029036635373813624, 0.00029036635373813624, 6.134383825047787e-05, 6.134383829703438e-05, 0.0003238075975104948, 0.0003238075975104948, 0.000244869665054175, 2.820923611224213e-05, 9.54486915811626e-05, 9.597149506392099e-05, 0.00024486966503900476, 0.000244869665054175, 0.0004915850757925, 0.0009934157047837289, 0.0009934157047837289, 0.000244869665054175, 0.0005586742244076959, 0.00024486966503900476, 5.600796055200627e-06, 9.649429854667943e-05, 0.0005586742244076959]","['EX_lipa_e', '2AGPEAT160', '2AGPEAT161', 'EX_glyc_e', 'EX_glyclt_e', '3HAD160', '3OAR160', '3OAS160', '4PCP', '4PEPTabcpp', 'ABTA', 'ABUTD', 'ALAGLUE', 'EX_kdo2lipid4_e', 'ADPT', 'ALDD2x', 'ALLTAMH', 'ALLTN', 'AMPTASECG', 'ASNabcpp', 'CGLYabcpp', 'CYTDK2', 'DAAD', 'EAR160y', 'ARGabcpp', 'FA140ACPHi', 'FA160ACPHi', 'FA161ACPHi', 'FE3Ri', 'G3PEabcpp', 'G3PT', 'GLYCLTDy', 'GLYCLTt2rpp', 'GLYCLTtex', 'GLYCtex', 'GLYCtpp', 'FLDR2', 'GUAPRT', 'H2SO', 'ILEabcpp', 'HISabcpp', 'LEUabcpp', 'LIPAabctex', 'Kt2pp', 'LADGMDH', 'LALGP', 'ME1', 'MG2uabcpp', 'MGSA', 'NDPK5', 'PAPA161', 'OPHHX3', 'PIuabcpp', 'PPA', 'PROabcpp', 'RNDR2', 'SPMDabcpp', 'SSALx', 'TMDK1', 'UGLYCH', 'PTRCTA', 'URIC', 'VALabcpp', 'XAND', 'MECDPDH2']","['EX_ade_e', 'EX_anhgm_e', 'EX_arg__L_e', 'EX_asn__L_e', 'EX_cgly_e', 'EX_5mtr_e', 'EX_LalaDgluMdapDala_e', 'EX_feenter_e', 'EX_leu__L_e', 'EX_lipa_cold_e', 'EX_cytd_e', 'EX_enlipa_e', 'EX_g3pe_e', 'EX_spmd_e', 'EX_phe__L_e', 'EX_pheme_e', 'EX_pro__L_e', 'EX_thym_e', 'EX_trp__L_e', 'EX_tyr__L_e', 'EX_uri_e', 'EX_val__L_e', 'EX_xtsn_e', '12DGR161tipp', 'EX_gua_e', '4PEPTtex', '5MTRtex', '5MTRtpp', 'EX_his__L_e', 'AACTOOR', 'EX_ile__L_e', 'ADEt2rpp', 'ADEtex', 'ADMDC', 'AMPN', 'ANHGMtex', 'ASNtex', 'ASPT', 'AOBUTDs', 'CBPS', 'CGLYtex', 'CA2t3pp', 'CLIPAabctex', 'CPPPGO', 'CYTDtex', 'DHBD', 'DHORDfum', 'ARGtex', 'FACOAL160t2pp', 'EDTXS3', 'EDTXS4', 'ENLIPAabctex', 'FADRx_copy1', 'FE2t2pp', 'G3PEtex', 'GLYCTO2', 'GLYAT', 'GTPHs', 'GUAtex', 'GUAtpp', 'ICHORS_copy1', 'ICHORT', 'ILEtex', 'HIStex', 'LEUtex', 'LIPACabcpp', 'Kabcpp', 'LPLIPAL1E160pp', 'LPLIPAL2E160', 'LPLIPAL2E161', 'MDDCP4pp', 'MDDEP3pp', 'MN2t3pp', 'MTAN', 'NTD10', 'NTD2', 'NTPP11', 'NTPP2', 'NTPP4', 'NTPP7', 'NTPP8', 'OPHHX', 'PETNT161pp', 'PFL', 'PLIPA2E160pp', 'PHEMEtiex', 'PHEt2rpp', 'PHEtex', 'PPPGO', 'PROtex', 'SERD_L', 'SPMDtex', 'SPMS', 'THIORDXi', 'THRA', 'THYMt3pp', 'THYMtex', 'TRPS1', 'TRPt2rpp', 'TRPtex', 'TMDPP', 'TYRt2rpp', 'TYRtex', 'URItex', 'VALtex', 'XTSNtex', 'PUNP7', 'PHEMEabcpp', 'XTSNt2rpp']","['ACALD', 'ADNK1', 'AGM4PApp', 'DRPA', 'FACOAE140', 'ETHAAL', 'FCLT', 'G1SAT', 'GLYOX3', 'GLUTRR', 'GLUTRS', 'GPDDA2', 'HMBS', 'MLTGY1pp', 'MOX', 'NTD4', 'PPBNGS', 'PPM2', 'PPPGO3', 'UPP3S', 'UPPDC1', 'PUNP1']",Kt2pp,Kabcpp,0.5150299903868302,1,196,22,6.0,-0.010031402982176045,iECW_1372,PSL,False,False,0.0,0.0,4.08368037523269,0.0
208,"['EX_ade_e', 'EX_agm_e', 'EX_ala__L_e', 'EX_lys__L_e', 'EX_g3pe_e', 'EX_succ_e', 'EX_thr__L_e', 'EX_ptrc_e', '2AGPE120tipp', '2AGPE180tipp', 'EX_val__L_e', '2AGPG120tipp', '2AGPG180tipp', '2AGPGAT161', '2AGPGAT180', 'EX_gly_e', '2AGPA120tipp', '3HAD100', '3HAD120', '2AGPA161tipp', '3HAD140', '3OAR120', '3OAS100', '3OAS120', '3OAR100', 'ACPPAT140', 'EX_indole_e', 'ADEt2rpp', 'ADEtex', 'ALAabcpp', 'ALAtex', 'AGMtex', 'ASPT', 'CITL', 'CLPNH120pp', 'CLPNH161pp', 'CLPNS120pp', 'CLPNS161pp', 'APH140', 'DMQMT', 'DHBD', 'DHBS', 'ARGDC', 'EAR100y', 'EAR120y', 'EAR140y', 'FACOAE140', 'FACOAE80', 'FE3abcpp', 'FA100ACPHi', 'FE2t2pp', 'FA80ACPHi', 'FACOAE100', 'FE3Ri', 'G3PEtex', 'GLYOX', 'GLYtex', 'FEROpp', 'ICHORT', 'FRD2', 'INDOLEt2rpp', 'INDOLEtex', 'LGTHL', 'L_LACD3', 'LPLIPAL1E180pp', 'LPLIPAL1G120pp', 'LALDO3', 'LPLIPAL1G161pp', 'LPLIPAL2A120', 'LCADi', 'LPLIPAL2E180', 'LDH_D', 'LPLIPAL2A161', 'LPLIPAL2G120', 'LPLIPAL2E120', 'MDH2', 'LPLIPAL2G161', 'MN2tpp', 'MNt2pp', 'LYSt2pp', 'LYStex', 'NTD6', 'NTPP2', 'NTPP4', 'NTPP5', 'PAPA141', 'OMBZLM', 'OMMBLHX', 'ORNDC', 'PG161abcpp', 'PG180abcpp', 'PLIPA2E180pp', 'PLIPA2G120pp', 'PLIPA2G161pp', 'PLIPA1A120pp', 'PLIPA1A161pp', 'PLIPA1E120pp', 'PLIPA1E180pp', 'PLIPA1G120pp', 'PLIPA1G180pp', 'RNTR4c2', 'SERASr', 'SUCCtex', 'TARTRt7pp', 'THRabcpp', 'THRtex', 'PTRCtex', 'PUNP2', 'VALt2rpp', 'VALtex', 'TARTRtpp', 'HDCAt2pp', 'HACD7i']","[-3.5392276326634184e-06, 3.6439483892536373e-06, 2.392742979751006e-06, 1.098284005910527e-06, 2.205634463657062e-06, 4.596795349587346e-06, -6.690119361829616e-06, -3.6439483892536373e-06, 2.052958228072381e-06, -2.0710884813396335e-06, 1.252873157775447e-06, -1.8277609794212224e-06, -2.0710884813396335e-06, -1.8277609794212224e-06, -2.0710884813396335e-06, 2.7262957473794813e-06, 3.844458700962006e-06, -4.61985049600433e-06, 1.8983052350110552e-06, -3.655521958842445e-06, 1.8983052350110552e-06, 1.8983052350110552e-06, -4.61985049600433e-06, 1.8983052350110552e-06, -4.61985049600433e-06, 1.8983052350110552e-06, 1.056087312600873e-06, 3.5392276326634184e-06, 3.5392276326634184e-06, -2.392742979751006e-06, -2.392742979751006e-06, -3.6439483892536373e-06, 2.7585753913372812e-06, -1.945103198508491e-06, 3.844458700962006e-06, -3.655521958842445e-06, 3.844458700962006e-06, -3.655521958842445e-06, 1.8983052350110552e-06, -1.1205228995340186e-06, -1.0994762115826024e-06, -1.0994762115826024e-06, 3.6439483602768163e-06, -4.61985049600433e-06, 1.8983052350110552e-06, 1.8983052350110552e-06, -1.8983052350110552e-06, -2.4484997813850606e-06, 4.0259465265909955e-06, -6.518155731015385e-06, -4.0259465265909955e-06, 2.4484997813850606e-06, 6.518155731015385e-06, 2.0245319971353565e-06, -2.205634463657062e-06, -2.7980127586396675e-06, -2.7262957473794813e-06, 1.0064866316477489e-06, -1.0994762115826024e-06, 3.7346334189614083e-06, -1.056087312600873e-06, -1.056087312600873e-06, -2.7980127586396675e-06, 2.877047881974515e-06, 2.0710884813396335e-06, -2.0348279748047537e-06, 2.877047881974515e-06, 1.8277609794212224e-06, 3.844458700962006e-06, 2.877047881974515e-06, -2.0710884813396335e-06, -2.7980127586396675e-06, -3.655521958842445e-06, -1.8277609794212224e-06, 2.052958228072381e-06, 1.9451031970907882e-06, 1.8277609794212224e-06, -0.0006449490725222037, 0.0006449470266499999, -1.098284005910527e-06, -1.098284005910527e-06, -1.8918316085081432e-06, 1.0049273854671726e-06, -2.635639160796085e-06, -2.616509633956987e-06, 3.8072276028668778e-06, -1.1205228995340186e-06, -1.1205228995340186e-06, -3.6439483602768163e-06, -1.8277609794212224e-06, -2.0710884813396335e-06, 2.0710884813396335e-06, -2.0348279748047537e-06, 1.8277609794212224e-06, 3.844458700962006e-06, -3.655521958842445e-06, 2.052958228072381e-06, -2.0710884813396335e-06, -1.8277609794212224e-06, -2.0710884813396335e-06, 1.5466153252541304e-06, -1.0994762115826024e-06, -4.596795349587346e-06, 4.596795349587346e-06, 6.690119361829616e-06, 6.690119361829616e-06, 3.6439483892536373e-06, -1.8918316085081432e-06, -1.252873157775447e-06, -1.252873157775447e-06, -4.596795349587346e-06, 1.326899556633454e-06, -1.8983052350110552e-06]","[3.5392276326634184e-06, 3.6439483892536373e-06, 2.392742979751006e-06, 1.098284005910527e-06, 2.205634463657062e-06, 4.596795349587346e-06, 6.690119361829616e-06, 3.6439483892536373e-06, 2.052958228072381e-06, 2.0710884813396335e-06, 1.252873157775447e-06, 1.8277609794212224e-06, 2.0710884813396335e-06, 1.8277609794212224e-06, 2.0710884813396335e-06, 2.7262957473794813e-06, 3.844458700962006e-06, 4.61985049600433e-06, 1.8983052350110552e-06, 3.655521958842445e-06, 1.8983052350110552e-06, 1.8983052350110552e-06, 4.61985049600433e-06, 1.8983052350110552e-06, 4.61985049600433e-06, 1.8983052350110552e-06, 1.056087312600873e-06, 3.5392276326634184e-06, 3.5392276326634184e-06, 2.392742979751006e-06, 2.392742979751006e-06, 3.6439483892536373e-06, 2.7585753913372812e-06, 1.945103198508491e-06, 3.844458700962006e-06, 3.655521958842445e-06, 3.844458700962006e-06, 3.655521958842445e-06, 1.8983052350110552e-06, 1.1205228995340186e-06, 1.0994762115826024e-06, 1.0994762115826024e-06, 3.6439483602768163e-06, 4.61985049600433e-06, 1.8983052350110552e-06, 1.8983052350110552e-06, 1.8983052350110552e-06, 2.4484997813850606e-06, 4.0259465265909955e-06, 6.518155731015385e-06, 4.0259465265909955e-06, 2.4484997813850606e-06, 6.518155731015385e-06, 2.0245319971353565e-06, 2.205634463657062e-06, 2.7980127586396675e-06, 2.7262957473794813e-06, 1.0064866316477489e-06, 1.0994762115826024e-06, 3.7346334189614083e-06, 1.056087312600873e-06, 1.056087312600873e-06, 2.7980127586396675e-06, 2.877047881974515e-06, 2.0710884813396335e-06, 2.0348279748047537e-06, 2.877047881974515e-06, 1.8277609794212224e-06, 3.844458700962006e-06, 2.877047881974515e-06, 2.0710884813396335e-06, 2.7980127586396675e-06, 3.655521958842445e-06, 1.8277609794212224e-06, 2.052958228072381e-06, 1.9451031970907882e-06, 1.8277609794212224e-06, 0.0006449490725222037, 0.0006449470266499999, 1.098284005910527e-06, 1.098284005910527e-06, 1.8918316085081432e-06, 1.0049273854671726e-06, 2.635639160796085e-06, 2.616509633956987e-06, 3.8072276028668778e-06, 1.1205228995340186e-06, 1.1205228995340186e-06, 3.6439483602768163e-06, 1.8277609794212224e-06, 2.0710884813396335e-06, 2.0710884813396335e-06, 2.0348279748047537e-06, 1.8277609794212224e-06, 3.844458700962006e-06, 3.655521958842445e-06, 2.052958228072381e-06, 2.0710884813396335e-06, 1.8277609794212224e-06, 2.0710884813396335e-06, 1.5466153252541304e-06, 1.0994762115826024e-06, 4.596795349587346e-06, 4.596795349587346e-06, 6.690119361829616e-06, 6.690119361829616e-06, 3.6439483892536373e-06, 1.8918316085081432e-06, 1.252873157775447e-06, 1.252873157775447e-06, 4.596795349587346e-06, 1.326899556633454e-06, 1.8983052350110552e-06]","['EX_lys__L_e', 'EX_g3pe_e', 'EX_thr__L_e', '2AGPE180tipp', 'EX_gly_e', '3HAD100', '3HAD120', '3HAD140', '3OAR120', '3OAS100', '3OAS120', '3OAR100', 'ACPPAT140', 'EX_indole_e', 'DHBD', 'DHBS', 'EAR100y', 'EAR120y', 'EAR140y', 'FA100ACPHi', 'FACOAE100', 'FE3Ri', 'G3PEtex', 'GLYtex', 'ICHORT', 'FRD2', 'INDOLEt2rpp', 'INDOLEtex', 'LPLIPAL1E180pp', 'LALDO3', 'LCADi', 'LPLIPAL2E180', 'LPLIPAL2G161', 'MN2tpp', 'LYSt2pp', 'LYStex', 'NTD6', 'PLIPA2E180pp', 'PLIPA1E180pp', 'RNTR4c2', 'SERASr', 'THRtex', 'PUNP2']","['EX_ade_e', 'EX_agm_e', 'EX_ala__L_e', 'EX_succ_e', 'EX_ptrc_e', '2AGPE120tipp', 'EX_val__L_e', '2AGPG120tipp', '2AGPG180tipp', '2AGPGAT161', '2AGPGAT180', '2AGPA120tipp', '2AGPA161tipp', 'ADEt2rpp', 'ADEtex', 'ALAabcpp', 'ALAtex', 'AGMtex', 'ASPT', 'CITL', 'CLPNH120pp', 'CLPNS120pp', 'APH140', 'ARGDC', 'FACOAE140', 'FE3abcpp', 'FE2t2pp', 'FA80ACPHi', 'GLYOX', 'FEROpp', 'LGTHL', 'L_LACD3', 'LPLIPAL1G120pp', 'LPLIPAL1G161pp', 'LPLIPAL2A120', 'LPLIPAL2A161', 'LPLIPAL2G120', 'LPLIPAL2E120', 'MDH2', 'MNt2pp', 'NTPP2', 'NTPP4', 'NTPP5', 'PAPA141', 'ORNDC', 'PG161abcpp', 'PG180abcpp', 'PLIPA2G120pp', 'PLIPA2G161pp', 'PLIPA1A120pp', 'PLIPA1A161pp', 'PLIPA1E120pp', 'PLIPA1G120pp', 'PLIPA1G180pp', 'SUCCtex', 'TARTRt7pp', 'THRabcpp', 'PTRCtex', 'VALt2rpp', 'VALtex', 'TARTRtpp', 'HDCAt2pp', 'HACD7i']","['CLPNH161pp', 'CLPNS161pp', 'DMQMT', 'FACOAE80', 'LDH_D', 'OMBZLM', 'OMMBLHX']",MN2tpp,MNt2pp,0.001446949795156828,1,113,7,-9.0,-1.2987601706846279e-05,iECW_1372,PSL,False,False,0.0,0.0,0.0,0.0
209,"['ADK1', 'ADK3', 'NDPK1']","[0.7127166575921124, -0.7127166575917603, -0.712716657595714]","[0.7127166575921124, 0.7127166575917603, 0.712716657595714]",['NDPK1'],['ADK3'],['ADK1'],NDPK1,ADK3,2.1381499727805573,1,3,1,1.0,0.7127166575953618,iECW_1372,PSL,True,True,-999.962488596967,-1000.0,0.0,0.0
210,"['EX_ade_e', 'EX_arg__L_e', 'EX_cgly_e', 'EX_LalaDgluMdapDala_e', 'EX_leu__L_e', 'EX_g3pe_e', 'EX_pro__L_e', 'EX_val__L_e', 'EX_xan_e', 'EX_xtsn_e', 'EX_glyc_e', 'EX_glyclt_e', '4PCP', '4PEPTabcpp', '4PEPTtex', 'EX_ile__L_e', 'ADEt2rpp', 'ADEtex', 'ALAGLUE', 'ALLTAMH', 'ALLTN', 'AMPTASECG', 'CGLYabcpp', 'CGLYtex', 'ARGabcpp', 'ARGtex', 'ETHAAL', 'G3PEabcpp', 'G3PEtex', 'G3PT', 'GLYCLTDy', 'GLYCLTt2rpp', 'GLYCLTtex', 'GLYCtex', 'GLYCtpp', 'GPDDA2', 'ILEabcpp', 'ILEtex', 'LEUabcpp', 'LEUtex', 'Kabcpp', 'LADGMDH', 'LALGP', 'NTD10', 'NI2tpp', 'NI2uabcpp', 'NTPP2', 'PIuabcpp', 'PROabcpp', 'PROtex', 'UGLYCH', 'VALabcpp', 'VALtex', 'XANtex', 'XANtpp', 'XTSNtex', 'XTSNt2rpp']","[1.0510626742720364e-06, 1.0356442646242137e-06, 1.1306457737558784e-06, 1.9084322204499424e-06, 2.31786009408097e-06, 2.158198695657933e-06, 1.1372681540944285e-06, 2.1800176350134136e-06, 1.3770070930726542e-06, 1.1381049566661083e-06, -1.4429372587540512e-06, -1.3804489170944059e-06, -1.895297044902275e-06, -1.895297044902275e-06, -1.9084321820628247e-06, 1.4946930833037442e-06, -1.051062668011582e-06, -1.051062668011582e-06, -1.9244698705733754e-06, -1.3770070930726542e-06, -1.3770070930726542e-06, -1.1306457737558784e-06, -1.1306457737558784e-06, -1.1306457281534676e-06, -1.0356442646242137e-06, -1.035644231706101e-06, -1.2224129714291722e-06, -1.4877141965283906e-06, -2.1581986402452458e-06, -1.3890820706463636e-06, -1.3770070930726542e-06, 1.3804489071844728e-06, 1.3804489071844728e-06, 1.4429372185986722e-06, -1.3799327689412166e-06, -1.2224129714291722e-06, -1.4946930833037442e-06, -1.4946930377846002e-06, -2.3178600629392143e-06, -2.31786009408097e-06, -1.0042151627753793e-06, -1.9244698921697937e-06, -1.9244698921697937e-06, 1.1381049566661083e-06, -0.0003014747291975911, 0.0003014730674499999, 1.136957682001949e-06, -2.7374932336510227e-06, -1.1372681540944285e-06, -1.1372681001375895e-06, -1.3770070930726542e-06, -2.1800176350134136e-06, -2.1800176455144538e-06, -1.3770070381724508e-06, -1.3770070381724508e-06, -1.1381049489500583e-06, -1.1381049489500583e-06]","[1.0510626742720364e-06, 1.0356442646242137e-06, 1.1306457737558784e-06, 1.9084322204499424e-06, 2.31786009408097e-06, 2.158198695657933e-06, 1.1372681540944285e-06, 2.1800176350134136e-06, 1.3770070930726542e-06, 1.1381049566661083e-06, 1.4429372587540512e-06, 1.3804489170944059e-06, 1.895297044902275e-06, 1.895297044902275e-06, 1.9084321820628247e-06, 1.4946930833037442e-06, 1.051062668011582e-06, 1.051062668011582e-06, 1.9244698705733754e-06, 1.3770070930726542e-06, 1.3770070930726542e-06, 1.1306457737558784e-06, 1.1306457737558784e-06, 1.1306457281534676e-06, 1.0356442646242137e-06, 1.035644231706101e-06, 1.2224129714291722e-06, 1.4877141965283906e-06, 2.1581986402452458e-06, 1.3890820706463636e-06, 1.3770070930726542e-06, 1.3804489071844728e-06, 1.3804489071844728e-06, 1.4429372185986722e-06, 1.3799327689412166e-06, 1.2224129714291722e-06, 1.4946930833037442e-06, 1.4946930377846002e-06, 2.3178600629392143e-06, 2.31786009408097e-06, 1.0042151627753793e-06, 1.9244698921697937e-06, 1.9244698921697937e-06, 1.1381049566661083e-06, 0.0003014747291975911, 0.0003014730674499999, 1.136957682001949e-06, 2.7374932336510227e-06, 1.1372681540944285e-06, 1.1372681001375895e-06, 1.3770070930726542e-06, 2.1800176350134136e-06, 2.1800176455144538e-06, 1.3770070381724508e-06, 1.3770070381724508e-06, 1.1381049489500583e-06, 1.1381049489500583e-06]","['EX_glyc_e', 'EX_glyclt_e', 'ALAGLUE', 'ALLTAMH', 'ALLTN', 'AMPTASECG', 'CGLYabcpp', 'ARGabcpp', 'G3PEabcpp', 'G3PT', 'GLYCLTDy', 'GLYCLTt2rpp', 'GLYCLTtex', 'GLYCtex', 'GLYCtpp', 'ILEabcpp', 'LEUabcpp', 'Kabcpp', 'LADGMDH', 'LALGP', 'NI2tpp', 'PIuabcpp', 'PROabcpp', 'UGLYCH', 'VALabcpp']","['EX_ade_e', 'EX_arg__L_e', 'EX_cgly_e', 'EX_LalaDgluMdapDala_e', 'EX_leu__L_e', 'EX_g3pe_e', 'EX_pro__L_e', 'EX_val__L_e', 'EX_xan_e', 'EX_xtsn_e', '4PEPTtex', 'EX_ile__L_e', 'ADEt2rpp', 'ADEtex', 'CGLYtex', 'ARGtex', 'G3PEtex', 'ILEtex', 'LEUtex', 'NTD10', 'NI2uabcpp', 'NTPP2', 'PROtex', 'VALtex', 'XANtex', 'XANtpp', 'XTSNtex', 'XTSNt2rpp']","['4PCP', '4PEPTabcpp', 'ETHAAL', 'GPDDA2']",NI2tpp,NI2uabcpp,0.0008283836714513397,1,57,4,-23.0,-3.585439481666172e-05,iECW_1372,PSL,False,False,0.0,0.0,0.0,0.0
211,"['DM_4crsol_c', 'DM_5drib_c', 'DM_amob_c', 'DM_mththf_c', 'BIOMASS_Ec_iJO1366_core_53p95M', 'EX_ca2_e', 'EX_ac_e', 'EX_cl_e', 'EX_co2_e', 'EX_cobalt2_e', 'EX_for_e', 'EX_cu2_e', 'EX_meoh_e', 'EX_mg2_e', 'EX_mn2_e', 'EX_mobd_e', 'EX_nh4_e', 'EX_ni2_e', 'EX_etoh_e', 'EX_fe2_e', 'EX_fe3_e', 'EX_o2_e', 'EX_succ_e', 'EX_pi_e', 'EX_so4_e', 'EX_zn2_e', 'EX_glyclt_e', '3OAR140', 'EX_h_e', 'EX_h2o_e', '3OAS140', 'ACACT1r', 'ACACT2r', 'ACACT3r', 'ACACT4r', 'ACACT5r', 'ACACT6r', 'ACACT7r', 'ACALD', 'ACCOAC', '5DOAN', 'A5PISO', 'ACGK', 'ACGS', 'AACPS3', 'AACPS4', 'AACPS7', 'ACHBS', 'ACLS', 'ACOAD1f', 'ACOAD2f', 'ACOAD3f', 'ACOAD4f', 'ACOAD5f', 'ACOAD6f', 'ACOTA', 'ACOAD7f', 'ACODA', 'ACONTa', 'ACONTb', 'ACt2rpp', 'ACt4pp', 'ACtex', 'ADCL', 'AGPR', 'AHCYSNS', 'ADCS', 'AICART', 'AIRC2', 'AIRC3', 'AKGDH', 'ALAALAr', 'ALAR', 'ADNK1', 'EX_k_e', 'ADSK', 'ALCD2x', 'ADSL1r', 'ADSL2r', 'ADSS', 'AGPAT160', 'AMAOTr', 'AGPAT161', 'ASNS2', 'AMPMS2', 'ASP1DC', 'ASPCT', 'ASPK', 'ANPRT', 'ASPO6', 'ANS', 'ASPTA', 'CBMKr', 'AOXSr2', 'ATPPRT', 'ATPS4rpp', 'CDPMEK', 'BMOCOS', 'BMOGDS1', 'BMOGDS2', 'BPNT', 'BTS5', 'CHORM', 'CHORS', 'CHRPL', 'CA2tex', 'CAt6pp', 'CLt3_2pp', 'CLtex', 'CO2tex', 'CO2tpp', 'CTPS2', 'COBALT2tex', 'CU2tex', 'COBALT2tpp', 'CU2tpp', 'APRAUR', 'CPMPS', 'CPPPGO', 'CPPPGO2', 'CYSS', 'CYSTL', 'CYTBO3_4pp', 'CS', 'CYTK1', 'DASYN160', 'DASYN161', 'DALAt2pp', 'DB4PS', 'DBTS', 'DAPDC', 'DAPE', 'DHQS', 'DHQTi', 'DMATT', 'DDPA', 'DMPPS', 'DHAD1', 'DNMPPA', 'DNTPPA', 'DHAD2', 'DHAPT', 'DPCOAK', 'DPR', 'DHDPRy', 'DHDPS', 'DHFR', 'DHFS', 'DHNPA2r', 'DHORD2', 'DTMPK', 'DHORTS', 'DHPPDA2', 'DHPS2', 'DHPTDCs2', 'DXPRIi', 'DXPS', 'E4PD', 'ARGSL', 'ARGSS', 'FACOAE120', 'ASAD', 'ECOAH1', 'FACOAE160', 'FACOAE161', 'ECOAH2', 'ECOAH3', 'ECOAH4', 'ECOAH5', 'ECOAH6', 'ECOAH7', 'EGMEACPR', 'ENO', 'FE3abcpp', 'EPMEACPR', 'ETOHtex', 'ETOHtrpp', 'FE3tex', 'FCLT', 'F6PA', 'FE2tex', 'FE2tpp', 'FUM', 'G1PACT', 'G1SAT', 'G3PAT160', 'G3PAT161', 'G3PD2', 'GAPD', 'GARFT', 'GART', 'GCALDD', 'G5SADs', 'G5SD', 'G6PDH2r', 'GF6PTA', 'GHMT2r', 'GK1', 'HPPK2', 'GLYCLTt4pp', 'GLYCLTtex', 'GLYCTO2', 'GLNS', 'GLU5K', 'GLUDy', 'GLUPRT', 'GLUR', 'GLUTRR', 'GLUTRS', 'GMPS2', 'GND', 'GRTT', 'GTPCI', 'GTPCII2', 'H2Otex', 'H2Otpp', 'HSDy', 'HSK', 'HSST', 'FMNAT', 'HSTPT', 'Htex', 'I2FE2SR', 'I2FE2SS', 'I2FE2SS2', 'I2FE2ST', 'HBZOPT', 'HCO3E', 'I4FE4SR', 'I4FE4ST', 'ICDHyr', 'ICYSDS', 'IG3PS', 'IGPDH', 'IGPS', 'ILETA', 'HISTD', 'FORtex', 'HISTP', 'IMPC', 'FORtppi', 'IMPD', 'HMBS', 'IPDPS', 'IPMD', 'IPPMIa', 'IPPMIb', 'IPPS', 'K2L4Aabcpp', 'K2L4Aabctex', 'KARA1', 'KARA2', 'LPADSS', 'KDOCT2', 'KDOPP', 'KDOPS', 'Kt2pp', 'Ktex', 'LEUTAi', 'MCTP1App', 'MDH', 'MECDPS', 'MEOHtex', 'MEOHtrpp', 'MEPCT', 'METAT', 'MN2tpp', 'METS', 'MNtex', 'MOADSUx', 'MOAT', 'MOAT2', 'MOBDabcpp', 'MOBDtex', 'MG2t3_2pp', 'MG2tex', 'MOCOS', 'MOHMT', 'MOX', 'MPTAT', 'MPTG', 'MPTS', 'MPTSS', 'MTHFC', 'MTHFD', 'NADH16pp', 'MTHFR2', 'MTHTHFSs', 'NADK', 'NADS1', 'MALCOAMT', 'NDPK2', 'NDPK3', 'NDPK4', 'NDPK6', 'NH4tex', 'MALS', 'NH4tpp', 'NI2tex', 'NI2tpp', 'NNATr', 'NNDPR', 'O2tex', 'O2tpp', 'OCBT', 'OCTDPS', 'OGMEACPD', 'OGMEACPR', 'OGMEACPS', 'OHPBAT', 'PANTS', 'OMCDC', 'OMPDC', 'OPHBDC', 'OPHHX', 'OPHHX3', 'PAPPT3', 'OPMEACPD', 'OPMEACPR', 'OPMEACPS', 'PAPSR', 'PDX5PO2', 'PDX5POi', 'ORPT', 'PDX5PS', 'P5CR', 'PE160abcpp', 'PE161abcpp', 'PERD', 'PFL', 'PGAMT', 'PGCD', 'PGI', 'PGK', 'PGL', 'PGM', 'MCOATA', 'PRATPP', 'PHETA1', 'PIt2rpp', 'PItex', 'PMDPHT', 'PMEACPE', 'PMPK', 'PNTK', 'PRFGS', 'POR5', 'PRMICI', 'PPBNGS', 'PPC', 'PPCDC', 'PPNCL2', 'PPND', 'PYK', 'PPNDH', 'PPPGO3', 'PRAGSr', 'PRAIS', 'QULNS', 'PRAIi', 'PRAMPC', 'RBFK', 'RBFSa', 'RNTR1c2', 'RNTR2c2', 'RNTR3c2', 'RNTR4c2', 'RBFSb', 'RPI', 'RHCCE', 'SADT2', 'SDPDS', 'SDPTA', 'SHCHD2', 'SHCHF', 'PSCVT', 'SHK3Dr', 'SHKK', 'SHSL1', 'SO4t2pp', 'SERAT', 'SO4tex', 'PSD160', 'PSD161', 'SUCCtex', 'SUCDi', 'TDSK', 'SUCOAS', 'PSERT', 'SULR', 'THD2pp', 'THDPS', 'TALA', 'PSP_L', 'TARTRt7pp', 'THRD_L', 'THRS', 'PSSA160', 'PSSA161', 'THZPSN3', 'TKT1', 'TRPAS2', 'TKT2', 'TRPS3', 'TMDS', 'TMPK', 'TMPPP', 'TPI', 'TRDR', 'TYRL', 'TYRTA', 'PTPATi', 'U23GAAT', 'UGMDDS', 'UHGADA', 'UAAGDS', 'UAGAAT', 'UAGCVT', 'UAGDP', 'UAGPT3', 'UMPK', 'UAMAGS', 'UAMAS', 'UAPGR', 'UDCPDP', 'UDCPDPS', 'UPP3MT', 'UPP3S', 'UPPDC1', 'PUNP1', 'USHD', 'ZN2tpp', 'Zn2tex', 'TARTRtpp', 'MECDPDH2', 'PRASCSi_copy2', 'URIDK2r', 'CTECOAI7_copy2', 'DMALRED']","[-0.0001569139054, -5.58730872e-05, -1.4072996e-06, -0.00031523511039991103, -0.7036498, 0.0036624972090066876, 6.1103700862865935, 0.0036624972090066876, -12.013388996895628, 1.7591244954928698e-05, 7.658177883022648, 0.0004988877082041654, -1.4072996e-06, 0.006104162014935355, 0.0004862220117729521, 9.07708242721128e-05, 7.599997647438727, 0.00022727888540430286, 10.356392565606944, 0.0058072217993867525, 0.005494097638461426, 16.99970160138514, 0.07613870609519997, 0.6787624102245218, 0.17746751605875488, 0.00023994458183551615, 0.00015367217670000932, -0.05476084203519349, 7.450187346880625, -40.87412096424714, -0.05476084203520001, -0.25041489082400403, -0.25041489082400403, -0.25041489082400403, -0.25041489082400403, -0.25041489082400403, -0.19565404878881054, -0.19565404878881054, -10.356392565606939, -0.05476506393399999, -5.58730872e-05, -0.027380421017596746, -0.2081339816415948, -0.2081339816415948, -0.08980541667440001, -0.10584863211439999, -0.05476084203520001, -0.20443067274419996, -0.6151792069969124, 0.25041489082400403, 0.25041489082400403, 0.25041489082400403, 0.25041489082400403, 0.25041489082400403, 0.19565404878881054, 0.2081339816415948, 0.08980541667438047, -0.2081339816415948, -6.4370830645273145, -6.4370830645273145, -6.1068612612542665, -0.0035088250323066783, -6.1103700862865935, -0.0004707417161999572, 0.2081339816415948, -0.00031523511039991103, -0.0004707417161999572, -0.381908039899713, -0.3152456651473338, 0.3152456651473585, -5.680524428765688, -0.019553020642433694, -0.029329530963536854, -0.00037110819759991103, 0.13734751541130663, -0.17441508322637056, -10.356392565606939, -0.2104173252430428, -0.3152456651473585, -0.21041732524308204, -0.044902708337200004, -1.4072995782044018e-06, -0.052924316057199994, -0.16961830253899998, -0.0001569139054, -0.00040530228557056347, -0.23276383559100006, -0.752255113584738, -0.039997565581399996, -0.0016029142445679323, -0.039997565581399996, 2.060060742815949, -0.4408978172325533, -1.4072996e-06, -0.0666623747524, -54.448229240526985, -0.0016810193721997733, -8.584527559999999e-05, -8.584527559999999e-05, -8.584527559999999e-05, -0.17441508322637056, -1.4072996e-06, -0.2275490869232, -0.2681743081261999, -0.00015691390539997034, -0.0036624972090066876, 0.0036624972090066876, -0.0018312486045000004, -0.0036624972090066876, 12.013388996895628, 12.013388996895628, -0.11295338414500003, -1.7591244954928698e-05, -0.0004988877082041654, -1.7591245e-05, -0.0004988877082000001, -0.0003138278108213556, -0.00017169055119999998, -0.0002081379643, 5.12240589e-05, -0.17441508322637056, -0.10829944436780001, -33.99877878887727, -6.437083064527322, -0.1272937670697729, -0.044902708337200004, -0.052924316057199994, -0.0097765103212, -0.0006276556216427112, -1.4072996e-06, -0.24146516901779996, -0.2610181896601489, -0.2681743081261999, -0.2681743081261999, -0.0001956146443999713, -0.2681743081261999, -0.0001956146443999713, -0.6151792069969124, -0.0004707417161999572, -0.0004707417161999572, -0.20443067274419996, 0.8854605273771412, -0.00040530228557056347, -0.00040530228557056347, -0.26101818966019996, -0.26101818966019996, -0.018882442383073794, -0.0004707417161999572, -0.00047074171618533, -0.23276383559100006, -0.018411700666774777, 0.23276383559095848, -0.0003138278108213556, -0.0004707417161999572, -0.00031523511039991103, -0.0016810193721997733, -0.0019948471829997734, -0.0001569139053572144, -0.2081339816415948, -0.2081339816415948, -0.05476084203520001, 0.752255113584738, -0.25041489082400403, -0.08980541667440001, -0.10584863211439999, -0.25041489082400403, -0.25041489082400403, -0.25041489082400403, -0.25041489082400403, -0.19565404878881054, -0.19565404878881054, -1.4072996e-06, 3.1370831764982086, -0.005494097638399999, -1.4072996e-06, -10.356392565606939, -10.356392565606939, -0.005494097638461426, -0.0001569139054, 0.8854605273771767, -0.0058072217993867525, -0.005807221799399999, -6.490460106893011, -0.06648646230239999, -0.0025106224863975513, -0.044902708337200004, -0.052924316057199994, 0.09782702439440527, 1.9665138860106026, -0.236831635083945, -0.078570943968737, -0.0004707417161999572, -0.1555453065390111, -0.1555453065390111, -0.8189740650747126, -0.06648646230239999, -0.7464851852250831, -0.1714907146566702, -0.0004707417161999572, -0.00015367217670000932, -0.00015367217667972, -0.0006244138928999665, -1.274038882627543, -0.1555453065390111, 5.978984826532155, -0.31540257905273383, 0.019553020642433694, -0.0025106224864, -0.0025106224864, -0.17149071465667556, -0.8189740650747369, -0.0001956146443999713, -0.0004707417161999572, -0.0003138278108213556, 40.87412096424714, 40.87412096424714, 0.49123692392458906, -0.3829374795567999, -0.10829944436780001, -0.00015691390542135563, -0.0666623747524, -7.450187346880625, -1.4072996e-06, -0.0002012438428, -0.00018294894799999998, -1.9702194399999996e-05, -0.00015691390539997034, -0.3700107290812866, -0.00018294894799999998, -0.00018294894799999998, -6.4370830645273145, -0.001270087889, -0.0666623747524, -0.0666623747524, -0.039997565581399996, 0.20443067274413806, -0.0666623747524, -7.658177883022631, -0.0666623747524, 0.381908039899713, 7.658177883022648, -0.17149071465667556, -0.0003138278108, -0.001485404727799802, -0.3170160480437971, 0.3170160480437971, 0.3170160480437971, -0.3170160480437971, -0.013690210508800002, -0.013690210508800002, 0.6151792069969133, -0.20443067274413806, -0.013690210508800002, -0.027380421017600003, -0.027380421017600003, -0.027380421017600003, -0.1373475154114, -0.13734751541130663, -0.3170160480437971, -0.0097765103212, -4.9545351496493595, -0.0016810193721997733, 1.4072995782044018e-06, 1.4072995782044018e-06, -0.0016810193721997733, -0.0005294294025999112, -0.00048622201179999996, -0.10861467947819992, -0.0004862220117729521, -0.00034338110239999996, -0.013690210508800002, -0.013690210508800002, -9.077082419999998e-05, -9.07708242721128e-05, -0.006104162014935355, -0.006104162014935355, -8.584527559999999e-05, -0.00040530228557056347, 0.001551690185578991, -0.00017169055119999998, -0.0097765103212, -0.00017169055119999998, -0.00034338110239999996, -0.6188965888891289, -0.6188965888891289, -28.00825666281628, -0.10861467947819992, -0.00031523511039991103, -0.0003145314605992322, -0.0016029142445679323, -1.4072996e-06, -0.2992502978934226, -0.1272937670697729, -0.018411700666774777, 0.018411700666774777, -7.599997647438727, -0.0006244138928999665, -7.599997647438727, -0.00022727888540430286, -0.00022727888539999998, -0.001602914244472231, -0.0016029142445679323, -16.99970160138514, -16.99970160138514, -0.2081339816415948, -0.00015691390539997034, -1.4072996e-06, -1.4072996e-06, -1.4072996e-06, -0.0001569139053572144, -0.00040530228557056347, -0.3170160480437971, -0.23276383559100006, -0.0001569139054, -0.0002081379643, 5.122405889999999e-05, -0.0195530206424, -1.4072996e-06, -1.4072996e-06, -1.4072996e-06, -0.17441508322637056, -0.0002081379643, 5.122405889999999e-05, 0.23276383559095848, -0.0001569139054, -0.1555453065390111, -0.0323298937108, -0.014818864788, -0.0001569139053572144, 7.581332992013374, 0.06648646230246413, -1.1705692904874887, 0.8189740650747126, -1.9665138860106026, -0.8189740650747369, -3.1370831764982086, -0.05476365663446359, -0.0666623747524, 0.1303616801969838, -0.6787624102245218, -0.6787624102245218, -0.0003138278108213556, -1.4072996e-06, -0.0001569139054, -0.00040530228557056347, -0.31540257905273383, -0.0748444146267957, -0.06666237475235448, -0.0012553112432, -2.006059286557446, -0.00040530228557056347, -0.00040530228557056347, -0.09718740672619999, 4.8409639935908455, -0.130361680197, -0.0001569139054, -0.31540257905271574, -0.31540257905273383, -0.0016029142445679323, -0.039997565581399996, -0.0666623747524, -0.00015691390542135563, -0.0006276556216427112, -0.018411700666799997, -0.0190105066466, -0.0190105066466, -0.018411700666799997, -0.0003138278108213556, 0.7909659884355733, -0.00031523511039991103, -0.17441508322637056, -0.26101818966019996, 0.2610181896601489, -0.0001569139054, -0.0001569139054, -0.26817430812627663, -0.26817430812627663, -0.2681743081261999, -0.10829944436780001, -0.17746751605877056, -0.1744150832263358, -0.17746751605875488, -0.044902708337200004, -0.052924316057199994, -0.07613870609520745, -5.757133876577088, -0.013690210508800002, 5.3112067947377, -1.1705692904874887, -0.17441508322637056, -1.2904899440474322, -0.26101818966019996, -0.13416561101576008, -1.1705692904874887, 0.07613870609520745, -0.20443067274419996, -0.3829374795567999, -0.044902708337200004, -0.052924316057199994, -0.0001569139054, -0.13416561101576008, 0.0399975655813023, 0.13416561101576008, -0.039997565581399996, -0.018411700666799997, -0.0001569139054, -0.0001569139054, 0.9848904660161679, -0.17441508322637056, -0.0001569139054, 0.09718740672622062, -0.00040530228557056347, -0.027380421017600003, -0.0195530206424, -0.027380421017600003, -0.0195530206424, -0.027380421017596746, -0.0195530206424, -0.06648646230239999, -0.0195530206424, -0.26600706674219055, -0.0195530206424, -0.0195530206424, -0.0195530206424, -0.0195530206424, -3.870073900000097e-05, -0.0001569139054, -0.0003138278108, -0.0001569139054, 0.0003711081975552588, -0.013690210508800002, -0.00023994458179999996, -0.00023994458183551615, -0.07613870609520745, -0.0016810193721997733, -0.3152456651473585, 0.018411700666774777, 0.10584863211439999, -1.5381010613220951]","[0.0001569139054, 5.58730872e-05, 1.4072996e-06, 0.00031523511039991103, 0.7036498, 0.0036624972090066876, 6.1103700862865935, 0.0036624972090066876, 12.013388996895628, 1.7591244954928698e-05, 7.658177883022648, 0.0004988877082041654, 1.4072996e-06, 0.006104162014935355, 0.0004862220117729521, 9.07708242721128e-05, 7.599997647438727, 0.00022727888540430286, 10.356392565606944, 0.0058072217993867525, 0.005494097638461426, 16.99970160138514, 0.07613870609519997, 0.6787624102245218, 0.17746751605875488, 0.00023994458183551615, 0.00015367217670000932, 0.05476084203519349, 7.450187346880625, 40.87412096424714, 0.05476084203520001, 0.25041489082400403, 0.25041489082400403, 0.25041489082400403, 0.25041489082400403, 0.25041489082400403, 0.19565404878881054, 0.19565404878881054, 10.356392565606939, 0.05476506393399999, 5.58730872e-05, 0.027380421017596746, 0.2081339816415948, 0.2081339816415948, 0.08980541667440001, 0.10584863211439999, 0.05476084203520001, 0.20443067274419996, 0.6151792069969124, 0.25041489082400403, 0.25041489082400403, 0.25041489082400403, 0.25041489082400403, 0.25041489082400403, 0.19565404878881054, 0.2081339816415948, 0.08980541667438047, 0.2081339816415948, 6.4370830645273145, 6.4370830645273145, 6.1068612612542665, 0.0035088250323066783, 6.1103700862865935, 0.0004707417161999572, 0.2081339816415948, 0.00031523511039991103, 0.0004707417161999572, 0.381908039899713, 0.3152456651473338, 0.3152456651473585, 5.680524428765688, 0.019553020642433694, 0.029329530963536854, 0.00037110819759991103, 0.13734751541130663, 0.17441508322637056, 10.356392565606939, 0.2104173252430428, 0.3152456651473585, 0.21041732524308204, 0.044902708337200004, 1.4072995782044018e-06, 0.052924316057199994, 0.16961830253899998, 0.0001569139054, 0.00040530228557056347, 0.23276383559100006, 0.752255113584738, 0.039997565581399996, 0.0016029142445679323, 0.039997565581399996, 2.060060742815949, 0.4408978172325533, 1.4072996e-06, 0.0666623747524, 54.448229240526985, 0.0016810193721997733, 8.584527559999999e-05, 8.584527559999999e-05, 8.584527559999999e-05, 0.17441508322637056, 1.4072996e-06, 0.2275490869232, 0.2681743081261999, 0.00015691390539997034, 0.0036624972090066876, 0.0036624972090066876, 0.0018312486045000004, 0.0036624972090066876, 12.013388996895628, 12.013388996895628, 0.11295338414500003, 1.7591244954928698e-05, 0.0004988877082041654, 1.7591245e-05, 0.0004988877082000001, 0.0003138278108213556, 0.00017169055119999998, 0.0002081379643, 5.12240589e-05, 0.17441508322637056, 0.10829944436780001, 33.99877878887727, 6.437083064527322, 0.1272937670697729, 0.044902708337200004, 0.052924316057199994, 0.0097765103212, 0.0006276556216427112, 1.4072996e-06, 0.24146516901779996, 0.2610181896601489, 0.2681743081261999, 0.2681743081261999, 0.0001956146443999713, 0.2681743081261999, 0.0001956146443999713, 0.6151792069969124, 0.0004707417161999572, 0.0004707417161999572, 0.20443067274419996, 0.8854605273771412, 0.00040530228557056347, 0.00040530228557056347, 0.26101818966019996, 0.26101818966019996, 0.018882442383073794, 0.0004707417161999572, 0.00047074171618533, 0.23276383559100006, 0.018411700666774777, 0.23276383559095848, 0.0003138278108213556, 0.0004707417161999572, 0.00031523511039991103, 0.0016810193721997733, 0.0019948471829997734, 0.0001569139053572144, 0.2081339816415948, 0.2081339816415948, 0.05476084203520001, 0.752255113584738, 0.25041489082400403, 0.08980541667440001, 0.10584863211439999, 0.25041489082400403, 0.25041489082400403, 0.25041489082400403, 0.25041489082400403, 0.19565404878881054, 0.19565404878881054, 1.4072996e-06, 3.1370831764982086, 0.005494097638399999, 1.4072996e-06, 10.356392565606939, 10.356392565606939, 0.005494097638461426, 0.0001569139054, 0.8854605273771767, 0.0058072217993867525, 0.005807221799399999, 6.490460106893011, 0.06648646230239999, 0.0025106224863975513, 0.044902708337200004, 0.052924316057199994, 0.09782702439440527, 1.9665138860106026, 0.236831635083945, 0.078570943968737, 0.0004707417161999572, 0.1555453065390111, 0.1555453065390111, 0.8189740650747126, 0.06648646230239999, 0.7464851852250831, 0.1714907146566702, 0.0004707417161999572, 0.00015367217670000932, 0.00015367217667972, 0.0006244138928999665, 1.274038882627543, 0.1555453065390111, 5.978984826532155, 0.31540257905273383, 0.019553020642433694, 0.0025106224864, 0.0025106224864, 0.17149071465667556, 0.8189740650747369, 0.0001956146443999713, 0.0004707417161999572, 0.0003138278108213556, 40.87412096424714, 40.87412096424714, 0.49123692392458906, 0.3829374795567999, 0.10829944436780001, 0.00015691390542135563, 0.0666623747524, 7.450187346880625, 1.4072996e-06, 0.0002012438428, 0.00018294894799999998, 1.9702194399999996e-05, 0.00015691390539997034, 0.3700107290812866, 0.00018294894799999998, 0.00018294894799999998, 6.4370830645273145, 0.001270087889, 0.0666623747524, 0.0666623747524, 0.039997565581399996, 0.20443067274413806, 0.0666623747524, 7.658177883022631, 0.0666623747524, 0.381908039899713, 7.658177883022648, 0.17149071465667556, 0.0003138278108, 0.001485404727799802, 0.3170160480437971, 0.3170160480437971, 0.3170160480437971, 0.3170160480437971, 0.013690210508800002, 0.013690210508800002, 0.6151792069969133, 0.20443067274413806, 0.013690210508800002, 0.027380421017600003, 0.027380421017600003, 0.027380421017600003, 0.1373475154114, 0.13734751541130663, 0.3170160480437971, 0.0097765103212, 4.9545351496493595, 0.0016810193721997733, 1.4072995782044018e-06, 1.4072995782044018e-06, 0.0016810193721997733, 0.0005294294025999112, 0.00048622201179999996, 0.10861467947819992, 0.0004862220117729521, 0.00034338110239999996, 0.013690210508800002, 0.013690210508800002, 9.077082419999998e-05, 9.07708242721128e-05, 0.006104162014935355, 0.006104162014935355, 8.584527559999999e-05, 0.00040530228557056347, 0.001551690185578991, 0.00017169055119999998, 0.0097765103212, 0.00017169055119999998, 0.00034338110239999996, 0.6188965888891289, 0.6188965888891289, 28.00825666281628, 0.10861467947819992, 0.00031523511039991103, 0.0003145314605992322, 0.0016029142445679323, 1.4072996e-06, 0.2992502978934226, 0.1272937670697729, 0.018411700666774777, 0.018411700666774777, 7.599997647438727, 0.0006244138928999665, 7.599997647438727, 0.00022727888540430286, 0.00022727888539999998, 0.001602914244472231, 0.0016029142445679323, 16.99970160138514, 16.99970160138514, 0.2081339816415948, 0.00015691390539997034, 1.4072996e-06, 1.4072996e-06, 1.4072996e-06, 0.0001569139053572144, 0.00040530228557056347, 0.3170160480437971, 0.23276383559100006, 0.0001569139054, 0.0002081379643, 5.122405889999999e-05, 0.0195530206424, 1.4072996e-06, 1.4072996e-06, 1.4072996e-06, 0.17441508322637056, 0.0002081379643, 5.122405889999999e-05, 0.23276383559095848, 0.0001569139054, 0.1555453065390111, 0.0323298937108, 0.014818864788, 0.0001569139053572144, 7.581332992013374, 0.06648646230246413, 1.1705692904874887, 0.8189740650747126, 1.9665138860106026, 0.8189740650747369, 3.1370831764982086, 0.05476365663446359, 0.0666623747524, 0.1303616801969838, 0.6787624102245218, 0.6787624102245218, 0.0003138278108213556, 1.4072996e-06, 0.0001569139054, 0.00040530228557056347, 0.31540257905273383, 0.0748444146267957, 0.06666237475235448, 0.0012553112432, 2.006059286557446, 0.00040530228557056347, 0.00040530228557056347, 0.09718740672619999, 4.8409639935908455, 0.130361680197, 0.0001569139054, 0.31540257905271574, 0.31540257905273383, 0.0016029142445679323, 0.039997565581399996, 0.0666623747524, 0.00015691390542135563, 0.0006276556216427112, 0.018411700666799997, 0.0190105066466, 0.0190105066466, 0.018411700666799997, 0.0003138278108213556, 0.7909659884355733, 0.00031523511039991103, 0.17441508322637056, 0.26101818966019996, 0.2610181896601489, 0.0001569139054, 0.0001569139054, 0.26817430812627663, 0.26817430812627663, 0.2681743081261999, 0.10829944436780001, 0.17746751605877056, 0.1744150832263358, 0.17746751605875488, 0.044902708337200004, 0.052924316057199994, 0.07613870609520745, 5.757133876577088, 0.013690210508800002, 5.3112067947377, 1.1705692904874887, 0.17441508322637056, 1.2904899440474322, 0.26101818966019996, 0.13416561101576008, 1.1705692904874887, 0.07613870609520745, 0.20443067274419996, 0.3829374795567999, 0.044902708337200004, 0.052924316057199994, 0.0001569139054, 0.13416561101576008, 0.0399975655813023, 0.13416561101576008, 0.039997565581399996, 0.018411700666799997, 0.0001569139054, 0.0001569139054, 0.9848904660161679, 0.17441508322637056, 0.0001569139054, 0.09718740672622062, 0.00040530228557056347, 0.027380421017600003, 0.0195530206424, 0.027380421017600003, 0.0195530206424, 0.027380421017596746, 0.0195530206424, 0.06648646230239999, 0.0195530206424, 0.26600706674219055, 0.0195530206424, 0.0195530206424, 0.0195530206424, 0.0195530206424, 3.870073900000097e-05, 0.0001569139054, 0.0003138278108, 0.0001569139054, 0.0003711081975552588, 0.013690210508800002, 0.00023994458179999996, 0.00023994458183551615, 0.07613870609520745, 0.0016810193721997733, 0.3152456651473585, 0.018411700666774777, 0.10584863211439999, 1.5381010613220951]","['EX_ac_e', 'EX_etoh_e', 'EX_succ_e', 'EX_glyclt_e', 'ACALD', 'ACtex', 'ALCD2x', 'CPPPGO2', 'ETOHtex', 'ETOHtrpp', 'GLYCLTtex', 'OPHHX3', 'PDX5POi', 'PYK', 'SUCCtex', 'TARTRt7pp', 'TARTRtpp', 'CTECOAI7_copy2']","['EX_o2_e', 'ACt4pp', 'AKGDH', 'ADNK1', 'CPPPGO', 'CYTBO3_4pp', 'DHORD2', 'G6PDH2r', 'GLYCLTt4pp', 'GLYCTO2', 'GND', 'IPDPS', 'NADH16pp', 'MALS', 'O2tex', 'O2tpp', 'OPHHX', 'PAPSR', 'PDX5PO2', 'PGL', 'SUCDi', 'TRDR', 'PUNP1', 'MECDPDH2']","['DM_4crsol_c', 'DM_5drib_c', 'DM_amob_c', 'DM_mththf_c', 'BIOMASS_Ec_iJO1366_core_53p95M', 'EX_ca2_e', 'EX_cl_e', 'EX_co2_e', 'EX_cobalt2_e', 'EX_for_e', 'EX_cu2_e', 'EX_meoh_e', 'EX_mg2_e', 'EX_mn2_e', 'EX_mobd_e', 'EX_nh4_e', 'EX_ni2_e', 'EX_fe2_e', 'EX_fe3_e', 'EX_pi_e', 'EX_so4_e', 'EX_zn2_e', '3OAR140', 'EX_h_e', 'EX_h2o_e', '3OAS140', 'ACACT1r', 'ACACT2r', 'ACACT3r', 'ACACT4r', 'ACACT5r', 'ACACT6r', 'ACACT7r', 'ACCOAC', '5DOAN', 'A5PISO', 'ACGK', 'ACGS', 'AACPS3', 'AACPS4', 'AACPS7', 'ACHBS', 'ACLS', 'ACOAD1f', 'ACOAD2f', 'ACOAD3f', 'ACOAD4f', 'ACOAD5f', 'ACOAD6f', 'ACOTA', 'ACOAD7f', 'ACODA', 'ACONTa', 'ACONTb', 'ACt2rpp', 'ADCL', 'AGPR', 'AHCYSNS', 'ADCS', 'AICART', 'AIRC2', 'AIRC3', 'ALAALAr', 'ALAR', 'EX_k_e', 'ADSK', 'ADSL1r', 'ADSL2r', 'ADSS', 'AGPAT160', 'AMAOTr', 'AGPAT161', 'ASNS2', 'AMPMS2', 'ASP1DC', 'ASPCT', 'ASPK', 'ANPRT', 'ASPO6', 'ANS', 'ASPTA', 'CBMKr', 'AOXSr2', 'ATPPRT', 'ATPS4rpp', 'CDPMEK', 'BMOCOS', 'BMOGDS1', 'BMOGDS2', 'BPNT', 'BTS5', 'CHORM', 'CHORS', 'CHRPL', 'CA2tex', 'CAt6pp', 'CLt3_2pp', 'CLtex', 'CO2tex', 'CO2tpp', 'CTPS2', 'COBALT2tex', 'CU2tex', 'COBALT2tpp', 'CU2tpp', 'APRAUR', 'CPMPS', 'CYSS', 'CYSTL', 'CS', 'CYTK1', 'DASYN160', 'DASYN161', 'DALAt2pp', 'DB4PS', 'DBTS', 'DAPDC', 'DAPE', 'DHQS', 'DHQTi', 'DMATT', 'DDPA', 'DMPPS', 'DHAD1', 'DNMPPA', 'DNTPPA', 'DHAD2', 'DHAPT', 'DPCOAK', 'DPR', 'DHDPRy', 'DHDPS', 'DHFR', 'DHFS', 'DHNPA2r', 'DTMPK', 'DHORTS', 'DHPPDA2', 'DHPS2', 'DHPTDCs2', 'DXPRIi', 'DXPS', 'E4PD', 'ARGSL', 'ARGSS', 'FACOAE120', 'ASAD', 'ECOAH1', 'FACOAE160', 'FACOAE161', 'ECOAH2', 'ECOAH3', 'ECOAH4', 'ECOAH5', 'ECOAH6', 'ECOAH7', 'EGMEACPR', 'ENO', 'FE3abcpp', 'EPMEACPR', 'FE3tex', 'FCLT', 'F6PA', 'FE2tex', 'FE2tpp', 'FUM', 'G1PACT', 'G1SAT', 'G3PAT160', 'G3PAT161', 'G3PD2', 'GAPD', 'GARFT', 'GART', 'GCALDD', 'G5SADs', 'G5SD', 'GF6PTA', 'GHMT2r', 'GK1', 'HPPK2', 'GLNS', 'GLU5K', 'GLUDy', 'GLUPRT', 'GLUR', 'GLUTRR', 'GLUTRS', 'GMPS2', 'GRTT', 'GTPCI', 'GTPCII2', 'H2Otex', 'H2Otpp', 'HSDy', 'HSK', 'HSST', 'FMNAT', 'HSTPT', 'Htex', 'I2FE2SR', 'I2FE2SS', 'I2FE2SS2', 'I2FE2ST', 'HBZOPT', 'HCO3E', 'I4FE4SR', 'I4FE4ST', 'ICDHyr', 'ICYSDS', 'IG3PS', 'IGPDH', 'IGPS', 'ILETA', 'HISTD', 'FORtex', 'HISTP', 'IMPC', 'FORtppi', 'IMPD', 'HMBS', 'IPMD', 'IPPMIa', 'IPPMIb', 'IPPS', 'K2L4Aabcpp', 'K2L4Aabctex', 'KARA1', 'KARA2', 'LPADSS', 'KDOCT2', 'KDOPP', 'KDOPS', 'Kt2pp', 'Ktex', 'LEUTAi', 'MCTP1App', 'MDH', 'MECDPS', 'MEOHtex', 'MEOHtrpp', 'MEPCT', 'METAT', 'MN2tpp', 'METS', 'MNtex', 'MOADSUx', 'MOAT', 'MOAT2', 'MOBDabcpp', 'MOBDtex', 'MG2t3_2pp', 'MG2tex', 'MOCOS', 'MOHMT', 'MOX', 'MPTAT', 'MPTG', 'MPTS', 'MPTSS', 'MTHFC', 'MTHFD', 'MTHFR2', 'MTHTHFSs', 'NADK', 'NADS1', 'MALCOAMT', 'NDPK2', 'NDPK3', 'NDPK4', 'NDPK6', 'NH4tex', 'NH4tpp', 'NI2tex', 'NI2tpp', 'NNATr', 'NNDPR', 'OCBT', 'OCTDPS', 'OGMEACPD', 'OGMEACPR', 'OGMEACPS', 'OHPBAT', 'PANTS', 'OMCDC', 'OMPDC', 'OPHBDC', 'PAPPT3', 'OPMEACPD', 'OPMEACPR', 'OPMEACPS', 'ORPT', 'PDX5PS', 'P5CR', 'PE160abcpp', 'PE161abcpp', 'PERD', 'PFL', 'PGAMT', 'PGCD', 'PGI', 'PGK', 'PGM', 'MCOATA', 'PRATPP', 'PHETA1', 'PIt2rpp', 'PItex', 'PMDPHT', 'PMEACPE', 'PMPK', 'PNTK', 'PRFGS', 'POR5', 'PRMICI', 'PPBNGS', 'PPC', 'PPCDC', 'PPNCL2', 'PPND', 'PPNDH', 'PPPGO3', 'PRAGSr', 'PRAIS', 'QULNS', 'PRAIi', 'PRAMPC', 'RBFK', 'RBFSa', 'RNTR1c2', 'RNTR2c2', 'RNTR3c2', 'RNTR4c2', 'RBFSb', 'RPI', 'RHCCE', 'SADT2', 'SDPDS', 'SDPTA', 'SHCHD2', 'SHCHF', 'PSCVT', 'SHK3Dr', 'SHKK', 'SHSL1', 'SO4t2pp', 'SERAT', 'SO4tex', 'PSD160', 'PSD161', 'TDSK', 'SUCOAS', 'PSERT', 'SULR', 'THD2pp', 'THDPS', 'TALA', 'PSP_L', 'THRD_L', 'THRS', 'PSSA160', 'PSSA161', 'THZPSN3', 'TKT1', 'TRPAS2', 'TKT2', 'TRPS3', 'TMDS', 'TMPK', 'TMPPP', 'TPI', 'TYRL', 'TYRTA', 'PTPATi', 'U23GAAT', 'UGMDDS', 'UHGADA', 'UAAGDS', 'UAGAAT', 'UAGCVT', 'UAGDP', 'UAGPT3', 'UMPK', 'UAMAGS', 'UAMAS', 'UAPGR', 'UDCPDP', 'UDCPDPS', 'UPP3MT', 'UPP3S', 'UPPDC1', 'USHD', 'ZN2tpp', 'Zn2tex', 'PRASCSi_copy2', 'URIDK2r', 'DMALRED']",O2tex,CPPPGO2,617.5323490395878,1,439,397,-283.0,-170.7550945276247,iECW_1372,PSL,False,False,0.0,0.0,0.0,-0.349644426752548
212,"['DM_4crsol_c', 'DM_5drib_c', 'DM_amob_c', 'DM_mththf_c', 'BIOMASS_Ec_iJO1366_core_53p95M', 'EX_ca2_e', 'EX_ac_e', 'EX_cl_e', 'EX_co2_e', 'EX_cobalt2_e', 'EX_for_e', 'EX_cu2_e', 'EX_meoh_e', 'EX_mg2_e', 'EX_mn2_e', 'EX_mobd_e', 'EX_nh4_e', 'EX_ni2_e', 'EX_etoh_e', 'EX_fe2_e', 'EX_fe3_e', 'EX_o2_e', 'EX_succ_e', 'EX_pi_e', 'EX_so4_e', 'EX_zn2_e', 'EX_glyclt_e', '3OAR140', 'EX_h_e', 'EX_h2o_e', '3OAS140', 'ACACT1r', 'ACACT2r', 'ACACT3r', 'ACACT4r', 'ACACT5r', 'ACACT6r', 'ACACT7r', 'ACALD', 'ACCOAC', '5DOAN', 'A5PISO', 'ACGK', 'ACGS', 'AACPS3', 'AACPS4', 'AACPS7', 'ACHBS', 'ACLS', 'ACOAD1f', 'ACOAD2f', 'ACOAD3f', 'ACOAD4f', 'ACOAD5f', 'ACOAD6f', 'ACOTA', 'ACOAD7f', 'ACODA', 'ACONTa', 'ACONTb', 'ACt2rpp', 'ACtex', 'ADCL', 'AGPR', 'AHCYSNS', 'ADCS', 'AICART', 'AIRC2', 'AIRC3', 'AKGDH', 'ALAALAr', 'ALAR', 'ADNK1', 'EX_k_e', 'ADSK', 'ALCD2x', 'ADSL1r', 'ADSL2r', 'ADSS', 'AGPAT160', 'AMAOTr', 'AGPAT161', 'ASNS2', 'AMPMS2', 'ASP1DC', 'ASPCT', 'ASPK', 'ANPRT', 'ASPO6', 'ANS', 'ASPTA', 'CBMKr', 'AOXSr2', 'ATPPRT', 'ATPS4rpp', 'CDPMEK', 'BMOCOS', 'BMOGDS1', 'BMOGDS2', 'BPNT', 'BTS5', 'CHORM', 'CHORS', 'CHRPL', 'CA2t3pp', 'CA2tex', 'CLt3_2pp', 'CLtex', 'CO2tex', 'CO2tpp', 'CTPS2', 'COBALT2tex', 'CU2tex', 'COBALT2tpp', 'CU2tpp', 'APRAUR', 'CPMPS', 'CPPPGO', 'CPPPGO2', 'CYSS', 'CYSTL', 'CYTBO3_4pp', 'CS', 'CYTK1', 'DASYN160', 'DASYN161', 'DALAt2pp', 'DB4PS', 'DBTS', 'DAPDC', 'DAPE', 'DHQS', 'DHQTi', 'DMATT', 'DDPA', 'DMPPS', 'DHAD1', 'DNMPPA', 'DNTPPA', 'DHAD2', 'DHAPT', 'DPCOAK', 'DPR', 'DHDPRy', 'DHDPS', 'DHFR', 'DHFS', 'DHNPA2r', 'DHORD2', 'DTMPK', 'DHORTS', 'DHPPDA2', 'DHPS2', 'DHPTDCs2', 'DXPRIi', 'DXPS', 'E4PD', 'ARGSL', 'ARGSS', 'FACOAE120', 'ASAD', 'ECOAH1', 'FACOAE160', 'FACOAE161', 'ECOAH2', 'ECOAH3', 'ECOAH4', 'ECOAH5', 'ECOAH6', 'ECOAH7', 'EGMEACPR', 'ENO', 'FE3abcpp', 'EPMEACPR', 'ETOHtex', 'ETOHtrpp', 'FE3tex', 'FCLT', 'F6PA', 'FE2tex', 'FE2tpp', 'FUM', 'G1PACT', 'G1SAT', 'G3PAT160', 'G3PAT161', 'G3PD2', 'GAPD', 'GARFT', 'GART', 'GCALDD', 'G5SADs', 'G5SD', 'G6PDH2r', 'GF6PTA', 'GHMT2r', 'GK1', 'HPPK2', 'GLYCLTt4pp', 'GLYCLTtex', 'GLYCTO2', 'GLNS', 'GLU5K', 'GLUDy', 'GLUPRT', 'GLUR', 'GLUTRR', 'GLUTRS', 'GMPS2', 'GND', 'GRTT', 'GTPCI', 'GTPCII2', 'H2Otex', 'H2Otpp', 'HSDy', 'HSK', 'HSST', 'FMNAT', 'HSTPT', 'Htex', 'I2FE2SR', 'I2FE2SS', 'I2FE2SS2', 'I2FE2ST', 'HBZOPT', 'HCO3E', 'I4FE4SR', 'I4FE4ST', 'ICDHyr', 'ICYSDS', 'IG3PS', 'IGPDH', 'IGPS', 'ILETA', 'HISTD', 'FORtex', 'HISTP', 'IMPC', 'FORtppi', 'IMPD', 'HMBS', 'IPDPS', 'IPMD', 'IPPMIa', 'IPPMIb', 'IPPS', 'K2L4Aabcpp', 'K2L4Aabctex', 'KARA1', 'KARA2', 'LPADSS', 'KDOCT2', 'KDOPP', 'KDOPS', 'Kt2pp', 'Ktex', 'LEUTAi', 'MCTP1App', 'MDH', 'MECDPS', 'MEOHtex', 'MEOHtrpp', 'MEPCT', 'METAT', 'MN2tpp', 'METS', 'MNtex', 'MOADSUx', 'MOAT', 'MOAT2', 'MOBDabcpp', 'MOBDtex', 'MG2t3_2pp', 'MG2tex', 'MOCOS', 'MOHMT', 'MOX', 'MPTAT', 'MPTG', 'MPTS', 'MPTSS', 'MTHFC', 'MTHFD', 'NADH16pp', 'MTHFR2', 'MTHTHFSs', 'NADK', 'NADS1', 'MALCOAMT', 'NDPK2', 'NDPK3', 'NDPK4', 'NDPK6', 'NH4tex', 'MALS', 'NH4tpp', 'NI2tex', 'NI2tpp', 'NNATr', 'NNDPR', 'O2tex', 'O2tpp', 'OCBT', 'OCTDPS', 'OGMEACPD', 'OGMEACPR', 'OGMEACPS', 'OHPBAT', 'PANTS', 'OMCDC', 'OMPDC', 'OPHBDC', 'OPHHX', 'OPHHX3', 'PAPPT3', 'OPMEACPD', 'OPMEACPR', 'OPMEACPS', 'PAPSR', 'PDX5PO2', 'PDX5POi', 'ORPT', 'PDX5PS', 'P5CR', 'PE160abcpp', 'PE161abcpp', 'PERD', 'PFL', 'PGAMT', 'PGCD', 'PGI', 'PGK', 'PGL', 'PGM', 'MCOATA', 'PRATPP', 'PHETA1', 'PIt2rpp', 'PItex', 'PMDPHT', 'PMEACPE', 'PMPK', 'PNTK', 'PRFGS', 'POR5', 'PRMICI', 'PPBNGS', 'PPC', 'PPCDC', 'PPNCL2', 'PPND', 'PYK', 'PPNDH', 'PPPGO3', 'PRAGSr', 'PRAIS', 'QULNS', 'PRAIi', 'PRAMPC', 'PRASCSi_copy1', 'RBFK', 'RBFSa', 'RNTR1c2', 'RNTR2c2', 'RNTR3c2', 'RNTR4c2', 'RBFSb', 'RPI', 'RHCCE', 'SADT2', 'SDPDS', 'SDPTA', 'SHCHD2', 'SHCHF', 'PSCVT', 'SHK3Dr', 'SHKK', 'SHSL1', 'SO4t2pp', 'SERAT', 'SO4tex', 'PSD160', 'PSD161', 'SUCCtex', 'SUCDi', 'TDSK', 'SUCOAS', 'PSERT', 'SULR', 'THD2pp', 'THDPS', 'TALA', 'PSP_L', 'TARTRt7pp', 'THRD_L', 'THRS', 'PSSA160', 'PSSA161', 'THZPSN3', 'TKT1', 'TRPAS2', 'TKT2', 'TRPS3', 'TMDS', 'TMPK', 'TMPPP', 'TPI', 'TRDR', 'TYRL', 'TYRTA', 'PTPATi', 'U23GAAT', 'UGMDDS', 'UHGADA', 'UAAGDS', 'UAGAAT', 'UAGCVT', 'UAGDP', 'UAGPT3', 'UMPK', 'UAMAGS', 'UAMAS', 'UAPGR', 'UDCPDP', 'UDCPDPS', 'UPP3MT', 'UPP3S', 'UPPDC1', 'PUNP1', 'USHD', 'ZN2tpp', 'Zn2tex', 'TARTRtpp', 'MECDPDH2', 'URIDK2r', 'CTECOAI7_copy2', 'DMALRED']","[-0.0001569139054, -5.58730872e-05, -1.4072996e-06, -0.00031523511039991103, -0.7036498, 0.0036624972090000007, 6.110370086396642, 0.0036624972090000007, -12.013388997104867, 1.7591245e-05, 7.658177883209138, 0.0004988877082000001, -1.4072996e-06, 0.006104162014999999, 0.00048622201179999996, 9.077082419999998e-05, 7.59999764742492, 0.00022727888539999998, 10.356392565485024, 0.005807221799399999, 0.005494097638399999, 16.99970160138245, 0.07613870609519997, 0.6787624102199679, 0.17746751605593183, 0.00023994458179999996, 0.00015367217670003708, -0.05476084203520001, 7.450187347180989, -40.87412096429336, -0.05476084203520001, -0.2504148908241177, -0.2504148908241177, -0.2504148908242314, -0.2504148908241177, -0.2504148908241177, -0.19565404878887657, -0.19565404878892423, -10.356392565485024, -0.05476506393400002, -5.58730872e-05, -0.027380421017600003, -0.2081339816415948, -0.2081339816415948, -0.08980541667440001, -0.10584863211439999, -0.05476084203520001, -0.20443067274419996, -0.6151792069940737, 0.2504148908241177, 0.2504148908242314, 0.2504148908241177, 0.2504148908241177, 0.2504148908241177, 0.19565404878892423, 0.2081339816415948, 0.08980541667438047, -0.2081339816415948, -6.437083064531643, -6.437083064531643, -6.110370086396642, -6.110370086396642, -0.00047074171619987393, 0.2081339816415948, -0.00031523511039991103, -0.00047074171619987393, -0.38190803989816696, -0.3152456651456754, 0.3152456651456754, -5.680524428770015, -0.0195530206424, -0.0293295309636, -0.00037110819759991103, 0.1373475154114, -0.17441508322353183, -10.356392565485024, -0.2104173252415374, -0.315245665145767, -0.2104173252415374, -0.044902708337200004, -1.4072996e-06, -0.052924316057199994, -0.16961830253899998, -0.0001569139054, -0.0004053022827318342, -0.23276383559100006, -0.7522551135847998, -0.039997565581399996, -0.0016029142445690425, -0.039997565581399996, 2.060060742809992, -0.4408978172325948, -1.4072996e-06, -0.0666623747524, -54.448229240578655, -0.0016810193721997733, -8.584527559999999e-05, -8.584527559999999e-05, -8.584527559999999e-05, -0.17441508322353183, -1.4072996e-06, -0.2275490869232, -0.2681743081261998, -0.00015691390539997034, 0.0035088250323226356, -0.0036624972090000007, -0.0018312486045000004, -0.0036624972090000007, 12.013388997104867, 12.013388997104867, -0.11295338414500003, -1.7591245e-05, -0.0004988877082000001, -1.7591245e-05, -0.0004988877082000001, -0.0003138278107572144, -0.00017169055119999998, -0.0002081379643, 5.122405889999999e-05, -0.17441508322353183, -0.10829944436780001, -33.998778788872, -6.437083064531643, -0.1272937670669316, -0.044902708337200004, -0.052924316057199994, -0.0097765103212, -0.0006276556215144288, -1.4072996e-06, -0.24146516901779996, -0.26101818966019996, -0.2681743081261998, -0.2681743081261998, -0.0001956146443999713, -0.2681743081261998, -0.0001956146443999713, -0.6151792069940737, -0.00047074171619987393, -0.00047074171619987393, -0.20443067274419996, 0.8854605273756464, -0.0004053022827318342, -0.0004053022827318342, -0.26101818966019996, -0.26101818966019996, -0.01888244238299987, -0.00047074171619987393, -0.00047074171619987393, -0.23276383559100006, -0.018411700666799997, 0.23276383559100006, -0.0003138278107572144, -0.00047074171619987393, -0.00031523511039991103, -0.0016810193721997733, -0.0019948471829997734, -0.0001569139054, -0.2081339816415948, -0.2081339816415948, -0.05476084203520001, 0.7522551135847998, -0.2504148908241177, -0.08980541667440001, -0.10584863211439999, -0.2504148908241177, -0.2504148908241177, -0.2504148908241177, -0.2504148908241177, -0.19565404878892423, -0.19565404878892423, -1.4072996e-06, 3.137083176490645, -0.005494097638399999, -1.4072996e-06, -10.356392565485024, -10.356392565485024, -0.005494097638399999, -0.0001569139054, 0.8854605273756464, -0.005807221799399999, -0.005807221799399999, -6.490460106894115, -0.06648646230239999, -0.0025106224864, -0.044902708337200004, -0.052924316057199994, 0.0978270243944, 1.966513886007668, -0.23683163508674443, -0.07857094396433106, -0.00047074171619987393, -0.1555453065390111, -0.1555453065390111, -0.8189740650728926, -0.06648646230239999, -0.7464851852234429, -0.17149071465656185, -0.00047074171619987393, -0.00015367217670003708, -0.00015367217670003708, -0.000624413892899911, -1.2740388826241127, -0.1555453065390111, 5.9789848265218, -0.3154025790510755, 0.0195530206424, -0.0025106224864, -0.0025106224864, -0.17149071465656185, -0.8189740650728926, -0.0001956146443999713, -0.00047074171619987393, -0.0003138278107572144, 40.87412096429336, 40.87412096429336, 0.49123692392459994, -0.3829374795567999, -0.10829944436780001, -0.0001569139053572144, -0.0666623747524, -7.450187347180989, -1.4072996e-06, -0.0002012438428, -0.00018294894799999998, -1.9702194399999996e-05, -0.00015691390539997034, -0.37001072907967547, -0.00018294894799999998, -0.00018294894799999998, -6.437083064531643, -0.001270087889, -0.0666623747524, -0.0666623747524, -0.039997565581399996, 0.20443067274419996, -0.0666623747524, -7.658177883209138, -0.0666623747524, 0.38190803989816696, 7.658177883209138, -0.17149071465656185, -0.0003138278108, -0.001485404727799802, -0.3170160480437971, 0.3170160480437971, 0.3170160480437971, -0.3170160480437971, -0.013690210508800002, -0.013690210508800002, 0.6151792069940737, -0.20443067274419996, -0.013690210508800002, -0.027380421017600003, -0.027380421017600003, -0.027380421017600003, -0.1373475154114, -0.1373475154114, -0.3170160480437971, -0.0097765103212, -4.954535149649678, -0.0016810193721997733, 1.4072996e-06, 1.4072996e-06, -0.0016810193721997733, -0.0005294294025999007, -0.00048622201179999996, -0.10861467947819992, -0.00048622201179999996, -0.00034338110239999996, -0.013690210508800002, -0.013690210508800002, -9.077082419999998e-05, -9.077082419999998e-05, -0.006104162014999999, -0.006104162014999999, -8.584527559999999e-05, -0.0004053022827318342, 0.0015516901856690425, -0.00017169055119999998, -0.0097765103212, -0.00017169055119999998, -0.00034338110239999996, -0.6188965888903114, -0.6188965888903114, -28.00825666280669, -0.10861467947819992, -0.00031523511039991103, -0.00031453146060034243, -0.0016029142445690425, -1.4072996e-06, -0.2992502978934, -0.1272937670669316, -0.018411700666799997, 0.018411700666799997, -7.59999764742492, -0.000624413892899911, -7.59999764742492, -0.00022727888539999998, -0.00022727888539999998, -0.0016029142445690425, -0.0016029142445690425, -16.99970160138245, -16.99970160138245, -0.2081339816415948, -0.00015691390539997034, -1.4072996e-06, -1.4072996e-06, -1.4072996e-06, -0.0001569139054, -0.0004053022827318342, -0.3170160480437971, -0.23276383559100006, -0.0001569139054, -0.0002081379643, 5.122405889999999e-05, -0.0195530206424, -1.4072996e-06, -1.4072996e-06, -1.4072996e-06, -0.17441508322353183, -0.0002081379643, 5.122405889999999e-05, 0.23276383559100006, -0.0001569139054, -0.1555453065390111, -0.0323298937108, -0.014818864788, -0.0001569139054, 7.581332992204079, 0.06648646230239999, -1.1705692904829748, 0.8189740650728918, -1.966513886007668, -0.8189740650728926, -3.137083176490645, -0.05476365663440001, -0.0666623747524, 0.130361680197, -0.6787624102199679, -0.6787624102199679, -0.0003138278107572144, -1.4072996e-06, -0.0001569139054, -0.0004053022827318342, -0.3154025790510755, -0.0748444146268, -0.0666623747524, -0.0012553112432, -2.0060592865546214, -0.0004053022827318342, -0.0004053022827318342, -0.09718740672619999, 4.8409639935820135, -0.130361680197, -0.0001569139054, -0.3154025790510755, -0.3154025790510755, -0.0016029142445690425, -0.039997565581399996, -0.0666623747524, -0.3152456651457669, -0.0001569139053572144, -0.0006276556215144288, -0.018411700666799997, -0.0190105066466, -0.0190105066466, -0.018411700666799997, -0.0003138278107572144, 0.7909659884337782, -0.00031523511039991103, -0.17441508322353183, -0.26101818966019996, 0.26101818966019996, -0.0001569139054, -0.0001569139054, -0.2681743081261998, -0.2681743081261998, -0.2681743081261998, -0.10829944436780001, -0.17746751605593183, -0.17441508322353183, -0.17746751605593183, -0.044902708337200004, -0.052924316057199994, -0.07613870609519997, -5.757133876581415, -0.013690210508800002, 5.311206794742016, -1.1705692904829748, -0.17441508322353183, -1.2904899440181667, -0.26101818966019996, -0.13416561101579993, -1.1705692904829748, 0.07613870609519997, -0.20443067274419996, -0.3829374795567999, -0.044902708337200004, -0.052924316057199994, -0.0001569139054, -0.13416561101579993, 0.039997565581399996, 0.1341656110157999, -0.039997565581399996, -0.018411700666799997, -0.0001569139054, -0.0001569139054, 0.9848904660146154, -0.17441508322353183, -0.0001569139054, 0.09718740672619999, -0.0004053022827318342, -0.027380421017600003, -0.0195530206424, -0.027380421017600003, -0.0195530206424, -0.027380421017600003, -0.0195530206424, -0.06648646230239999, -0.0195530206424, -0.2660070667422001, -0.0195530206424, -0.0195530206424, -0.0195530206424, -0.0195530206424, -3.870073900000097e-05, -0.0001569139054, -0.0003138278108, -0.0001569139054, 0.00037110819759991103, -0.013690210508800002, -0.00023994458179999996, -0.00023994458179999996, -0.07613870609519997, -0.0016810193721997733, 0.018411700666799997, 0.10584863211439999, -1.5381010613230046]","[0.0001569139054, 5.58730872e-05, 1.4072996e-06, 0.00031523511039991103, 0.7036498, 0.0036624972090000007, 6.110370086396642, 0.0036624972090000007, 12.013388997104867, 1.7591245e-05, 7.658177883209138, 0.0004988877082000001, 1.4072996e-06, 0.006104162014999999, 0.00048622201179999996, 9.077082419999998e-05, 7.59999764742492, 0.00022727888539999998, 10.356392565485024, 0.005807221799399999, 0.005494097638399999, 16.99970160138245, 0.07613870609519997, 0.6787624102199679, 0.17746751605593183, 0.00023994458179999996, 0.00015367217670003708, 0.05476084203520001, 7.450187347180989, 40.87412096429336, 0.05476084203520001, 0.2504148908241177, 0.2504148908241177, 0.2504148908242314, 0.2504148908241177, 0.2504148908241177, 0.19565404878887657, 0.19565404878892423, 10.356392565485024, 0.05476506393400002, 5.58730872e-05, 0.027380421017600003, 0.2081339816415948, 0.2081339816415948, 0.08980541667440001, 0.10584863211439999, 0.05476084203520001, 0.20443067274419996, 0.6151792069940737, 0.2504148908241177, 0.2504148908242314, 0.2504148908241177, 0.2504148908241177, 0.2504148908241177, 0.19565404878892423, 0.2081339816415948, 0.08980541667438047, 0.2081339816415948, 6.437083064531643, 6.437083064531643, 6.110370086396642, 6.110370086396642, 0.00047074171619987393, 0.2081339816415948, 0.00031523511039991103, 0.00047074171619987393, 0.38190803989816696, 0.3152456651456754, 0.3152456651456754, 5.680524428770015, 0.0195530206424, 0.0293295309636, 0.00037110819759991103, 0.1373475154114, 0.17441508322353183, 10.356392565485024, 0.2104173252415374, 0.315245665145767, 0.2104173252415374, 0.044902708337200004, 1.4072996e-06, 0.052924316057199994, 0.16961830253899998, 0.0001569139054, 0.0004053022827318342, 0.23276383559100006, 0.7522551135847998, 0.039997565581399996, 0.0016029142445690425, 0.039997565581399996, 2.060060742809992, 0.4408978172325948, 1.4072996e-06, 0.0666623747524, 54.448229240578655, 0.0016810193721997733, 8.584527559999999e-05, 8.584527559999999e-05, 8.584527559999999e-05, 0.17441508322353183, 1.4072996e-06, 0.2275490869232, 0.2681743081261998, 0.00015691390539997034, 0.0035088250323226356, 0.0036624972090000007, 0.0018312486045000004, 0.0036624972090000007, 12.013388997104867, 12.013388997104867, 0.11295338414500003, 1.7591245e-05, 0.0004988877082000001, 1.7591245e-05, 0.0004988877082000001, 0.0003138278107572144, 0.00017169055119999998, 0.0002081379643, 5.122405889999999e-05, 0.17441508322353183, 0.10829944436780001, 33.998778788872, 6.437083064531643, 0.1272937670669316, 0.044902708337200004, 0.052924316057199994, 0.0097765103212, 0.0006276556215144288, 1.4072996e-06, 0.24146516901779996, 0.26101818966019996, 0.2681743081261998, 0.2681743081261998, 0.0001956146443999713, 0.2681743081261998, 0.0001956146443999713, 0.6151792069940737, 0.00047074171619987393, 0.00047074171619987393, 0.20443067274419996, 0.8854605273756464, 0.0004053022827318342, 0.0004053022827318342, 0.26101818966019996, 0.26101818966019996, 0.01888244238299987, 0.00047074171619987393, 0.00047074171619987393, 0.23276383559100006, 0.018411700666799997, 0.23276383559100006, 0.0003138278107572144, 0.00047074171619987393, 0.00031523511039991103, 0.0016810193721997733, 0.0019948471829997734, 0.0001569139054, 0.2081339816415948, 0.2081339816415948, 0.05476084203520001, 0.7522551135847998, 0.2504148908241177, 0.08980541667440001, 0.10584863211439999, 0.2504148908241177, 0.2504148908241177, 0.2504148908241177, 0.2504148908241177, 0.19565404878892423, 0.19565404878892423, 1.4072996e-06, 3.137083176490645, 0.005494097638399999, 1.4072996e-06, 10.356392565485024, 10.356392565485024, 0.005494097638399999, 0.0001569139054, 0.8854605273756464, 0.005807221799399999, 0.005807221799399999, 6.490460106894115, 0.06648646230239999, 0.0025106224864, 0.044902708337200004, 0.052924316057199994, 0.0978270243944, 1.966513886007668, 0.23683163508674443, 0.07857094396433106, 0.00047074171619987393, 0.1555453065390111, 0.1555453065390111, 0.8189740650728926, 0.06648646230239999, 0.7464851852234429, 0.17149071465656185, 0.00047074171619987393, 0.00015367217670003708, 0.00015367217670003708, 0.000624413892899911, 1.2740388826241127, 0.1555453065390111, 5.9789848265218, 0.3154025790510755, 0.0195530206424, 0.0025106224864, 0.0025106224864, 0.17149071465656185, 0.8189740650728926, 0.0001956146443999713, 0.00047074171619987393, 0.0003138278107572144, 40.87412096429336, 40.87412096429336, 0.49123692392459994, 0.3829374795567999, 0.10829944436780001, 0.0001569139053572144, 0.0666623747524, 7.450187347180989, 1.4072996e-06, 0.0002012438428, 0.00018294894799999998, 1.9702194399999996e-05, 0.00015691390539997034, 0.37001072907967547, 0.00018294894799999998, 0.00018294894799999998, 6.437083064531643, 0.001270087889, 0.0666623747524, 0.0666623747524, 0.039997565581399996, 0.20443067274419996, 0.0666623747524, 7.658177883209138, 0.0666623747524, 0.38190803989816696, 7.658177883209138, 0.17149071465656185, 0.0003138278108, 0.001485404727799802, 0.3170160480437971, 0.3170160480437971, 0.3170160480437971, 0.3170160480437971, 0.013690210508800002, 0.013690210508800002, 0.6151792069940737, 0.20443067274419996, 0.013690210508800002, 0.027380421017600003, 0.027380421017600003, 0.027380421017600003, 0.1373475154114, 0.1373475154114, 0.3170160480437971, 0.0097765103212, 4.954535149649678, 0.0016810193721997733, 1.4072996e-06, 1.4072996e-06, 0.0016810193721997733, 0.0005294294025999007, 0.00048622201179999996, 0.10861467947819992, 0.00048622201179999996, 0.00034338110239999996, 0.013690210508800002, 0.013690210508800002, 9.077082419999998e-05, 9.077082419999998e-05, 0.006104162014999999, 0.006104162014999999, 8.584527559999999e-05, 0.0004053022827318342, 0.0015516901856690425, 0.00017169055119999998, 0.0097765103212, 0.00017169055119999998, 0.00034338110239999996, 0.6188965888903114, 0.6188965888903114, 28.00825666280669, 0.10861467947819992, 0.00031523511039991103, 0.00031453146060034243, 0.0016029142445690425, 1.4072996e-06, 0.2992502978934, 0.1272937670669316, 0.018411700666799997, 0.018411700666799997, 7.59999764742492, 0.000624413892899911, 7.59999764742492, 0.00022727888539999998, 0.00022727888539999998, 0.0016029142445690425, 0.0016029142445690425, 16.99970160138245, 16.99970160138245, 0.2081339816415948, 0.00015691390539997034, 1.4072996e-06, 1.4072996e-06, 1.4072996e-06, 0.0001569139054, 0.0004053022827318342, 0.3170160480437971, 0.23276383559100006, 0.0001569139054, 0.0002081379643, 5.122405889999999e-05, 0.0195530206424, 1.4072996e-06, 1.4072996e-06, 1.4072996e-06, 0.17441508322353183, 0.0002081379643, 5.122405889999999e-05, 0.23276383559100006, 0.0001569139054, 0.1555453065390111, 0.0323298937108, 0.014818864788, 0.0001569139054, 7.581332992204079, 0.06648646230239999, 1.1705692904829748, 0.8189740650728918, 1.966513886007668, 0.8189740650728926, 3.137083176490645, 0.05476365663440001, 0.0666623747524, 0.130361680197, 0.6787624102199679, 0.6787624102199679, 0.0003138278107572144, 1.4072996e-06, 0.0001569139054, 0.0004053022827318342, 0.3154025790510755, 0.0748444146268, 0.0666623747524, 0.0012553112432, 2.0060592865546214, 0.0004053022827318342, 0.0004053022827318342, 0.09718740672619999, 4.8409639935820135, 0.130361680197, 0.0001569139054, 0.3154025790510755, 0.3154025790510755, 0.0016029142445690425, 0.039997565581399996, 0.0666623747524, 0.3152456651457669, 0.0001569139053572144, 0.0006276556215144288, 0.018411700666799997, 0.0190105066466, 0.0190105066466, 0.018411700666799997, 0.0003138278107572144, 0.7909659884337782, 0.00031523511039991103, 0.17441508322353183, 0.26101818966019996, 0.26101818966019996, 0.0001569139054, 0.0001569139054, 0.2681743081261998, 0.2681743081261998, 0.2681743081261998, 0.10829944436780001, 0.17746751605593183, 0.17441508322353183, 0.17746751605593183, 0.044902708337200004, 0.052924316057199994, 0.07613870609519997, 5.757133876581415, 0.013690210508800002, 5.311206794742016, 1.1705692904829748, 0.17441508322353183, 1.2904899440181667, 0.26101818966019996, 0.13416561101579993, 1.1705692904829748, 0.07613870609519997, 0.20443067274419996, 0.3829374795567999, 0.044902708337200004, 0.052924316057199994, 0.0001569139054, 0.13416561101579993, 0.039997565581399996, 0.1341656110157999, 0.039997565581399996, 0.018411700666799997, 0.0001569139054, 0.0001569139054, 0.9848904660146154, 0.17441508322353183, 0.0001569139054, 0.09718740672619999, 0.0004053022827318342, 0.027380421017600003, 0.0195530206424, 0.027380421017600003, 0.0195530206424, 0.027380421017600003, 0.0195530206424, 0.06648646230239999, 0.0195530206424, 0.2660070667422001, 0.0195530206424, 0.0195530206424, 0.0195530206424, 0.0195530206424, 3.870073900000097e-05, 0.0001569139054, 0.0003138278108, 0.0001569139054, 0.00037110819759991103, 0.013690210508800002, 0.00023994458179999996, 0.00023994458179999996, 0.07613870609519997, 0.0016810193721997733, 0.018411700666799997, 0.10584863211439999, 1.5381010613230046]","['EX_ac_e', 'EX_etoh_e', 'EX_succ_e', 'EX_glyclt_e', 'ACALD', 'ACt2rpp', 'ACtex', 'ALCD2x', 'CA2t3pp', 'CPPPGO2', 'ETOHtex', 'ETOHtrpp', 'GLYCLTtex', 'OPHHX3', 'PDX5POi', 'PYK', 'SUCCtex', 'TARTRt7pp', 'TARTRtpp', 'CTECOAI7_copy2']","['EX_o2_e', 'AKGDH', 'CPPPGO', 'CYTBO3_4pp', 'DHORD2', 'GART', 'G6PDH2r', 'GLYCLTt4pp', 'GLYCTO2', 'GND', 'IPDPS', 'NADH16pp', 'MALS', 'O2tex', 'O2tpp', 'OPHHX', 'PAPSR', 'PDX5PO2', 'PGL', 'PRASCSi_copy1', 'SUCDi', 'TRDR', 'MECDPDH2']","['DM_4crsol_c', 'DM_5drib_c', 'DM_amob_c', 'DM_mththf_c', 'BIOMASS_Ec_iJO1366_core_53p95M', 'EX_ca2_e', 'EX_cl_e', 'EX_co2_e', 'EX_cobalt2_e', 'EX_for_e', 'EX_cu2_e', 'EX_meoh_e', 'EX_mg2_e', 'EX_mn2_e', 'EX_mobd_e', 'EX_nh4_e', 'EX_ni2_e', 'EX_fe2_e', 'EX_fe3_e', 'EX_pi_e', 'EX_so4_e', 'EX_zn2_e', '3OAR140', 'EX_h_e', 'EX_h2o_e', '3OAS140', 'ACACT1r', 'ACACT2r', 'ACACT3r', 'ACACT4r', 'ACACT5r', 'ACACT6r', 'ACACT7r', 'ACCOAC', '5DOAN', 'A5PISO', 'ACGK', 'ACGS', 'AACPS3', 'AACPS4', 'AACPS7', 'ACHBS', 'ACLS', 'ACOAD1f', 'ACOAD2f', 'ACOAD3f', 'ACOAD4f', 'ACOAD5f', 'ACOAD6f', 'ACOTA', 'ACOAD7f', 'ACODA', 'ACONTa', 'ACONTb', 'ADCL', 'AGPR', 'AHCYSNS', 'ADCS', 'AICART', 'AIRC2', 'AIRC3', 'ALAALAr', 'ALAR', 'ADNK1', 'EX_k_e', 'ADSK', 'ADSL1r', 'ADSL2r', 'ADSS', 'AGPAT160', 'AMAOTr', 'AGPAT161', 'ASNS2', 'AMPMS2', 'ASP1DC', 'ASPCT', 'ASPK', 'ANPRT', 'ASPO6', 'ANS', 'ASPTA', 'CBMKr', 'AOXSr2', 'ATPPRT', 'ATPS4rpp', 'CDPMEK', 'BMOCOS', 'BMOGDS1', 'BMOGDS2', 'BPNT', 'BTS5', 'CHORM', 'CHORS', 'CHRPL', 'CA2tex', 'CLt3_2pp', 'CLtex', 'CO2tex', 'CO2tpp', 'CTPS2', 'COBALT2tex', 'CU2tex', 'COBALT2tpp', 'CU2tpp', 'APRAUR', 'CPMPS', 'CYSS', 'CYSTL', 'CS', 'CYTK1', 'DASYN160', 'DASYN161', 'DALAt2pp', 'DB4PS', 'DBTS', 'DAPDC', 'DAPE', 'DHQS', 'DHQTi', 'DMATT', 'DDPA', 'DMPPS', 'DHAD1', 'DNMPPA', 'DNTPPA', 'DHAD2', 'DHAPT', 'DPCOAK', 'DPR', 'DHDPRy', 'DHDPS', 'DHFR', 'DHFS', 'DHNPA2r', 'DTMPK', 'DHORTS', 'DHPPDA2', 'DHPS2', 'DHPTDCs2', 'DXPRIi', 'DXPS', 'E4PD', 'ARGSL', 'ARGSS', 'FACOAE120', 'ASAD', 'ECOAH1', 'FACOAE160', 'FACOAE161', 'ECOAH2', 'ECOAH3', 'ECOAH4', 'ECOAH5', 'ECOAH6', 'ECOAH7', 'EGMEACPR', 'ENO', 'FE3abcpp', 'EPMEACPR', 'FE3tex', 'FCLT', 'F6PA', 'FE2tex', 'FE2tpp', 'FUM', 'G1PACT', 'G1SAT', 'G3PAT160', 'G3PAT161', 'G3PD2', 'GAPD', 'GARFT', 'GCALDD', 'G5SADs', 'G5SD', 'GF6PTA', 'GHMT2r', 'GK1', 'HPPK2', 'GLNS', 'GLU5K', 'GLUDy', 'GLUPRT', 'GLUR', 'GLUTRR', 'GLUTRS', 'GMPS2', 'GRTT', 'GTPCI', 'GTPCII2', 'H2Otex', 'H2Otpp', 'HSDy', 'HSK', 'HSST', 'FMNAT', 'HSTPT', 'Htex', 'I2FE2SR', 'I2FE2SS', 'I2FE2SS2', 'I2FE2ST', 'HBZOPT', 'HCO3E', 'I4FE4SR', 'I4FE4ST', 'ICDHyr', 'ICYSDS', 'IG3PS', 'IGPDH', 'IGPS', 'ILETA', 'HISTD', 'FORtex', 'HISTP', 'IMPC', 'FORtppi', 'IMPD', 'HMBS', 'IPMD', 'IPPMIa', 'IPPMIb', 'IPPS', 'K2L4Aabcpp', 'K2L4Aabctex', 'KARA1', 'KARA2', 'LPADSS', 'KDOCT2', 'KDOPP', 'KDOPS', 'Kt2pp', 'Ktex', 'LEUTAi', 'MCTP1App', 'MDH', 'MECDPS', 'MEOHtex', 'MEOHtrpp', 'MEPCT', 'METAT', 'MN2tpp', 'METS', 'MNtex', 'MOADSUx', 'MOAT', 'MOAT2', 'MOBDabcpp', 'MOBDtex', 'MG2t3_2pp', 'MG2tex', 'MOCOS', 'MOHMT', 'MOX', 'MPTAT', 'MPTG', 'MPTS', 'MPTSS', 'MTHFC', 'MTHFD', 'MTHFR2', 'MTHTHFSs', 'NADK', 'NADS1', 'MALCOAMT', 'NDPK2', 'NDPK3', 'NDPK4', 'NDPK6', 'NH4tex', 'NH4tpp', 'NI2tex', 'NI2tpp', 'NNATr', 'NNDPR', 'OCBT', 'OCTDPS', 'OGMEACPD', 'OGMEACPR', 'OGMEACPS', 'OHPBAT', 'PANTS', 'OMCDC', 'OMPDC', 'OPHBDC', 'PAPPT3', 'OPMEACPD', 'OPMEACPR', 'OPMEACPS', 'ORPT', 'PDX5PS', 'P5CR', 'PE160abcpp', 'PE161abcpp', 'PERD', 'PFL', 'PGAMT', 'PGCD', 'PGI', 'PGK', 'PGM', 'MCOATA', 'PRATPP', 'PHETA1', 'PIt2rpp', 'PItex', 'PMDPHT', 'PMEACPE', 'PMPK', 'PNTK', 'PRFGS', 'POR5', 'PRMICI', 'PPBNGS', 'PPC', 'PPCDC', 'PPNCL2', 'PPND', 'PPNDH', 'PPPGO3', 'PRAGSr', 'PRAIS', 'QULNS', 'PRAIi', 'PRAMPC', 'RBFK', 'RBFSa', 'RNTR1c2', 'RNTR2c2', 'RNTR3c2', 'RNTR4c2', 'RBFSb', 'RPI', 'RHCCE', 'SADT2', 'SDPDS', 'SDPTA', 'SHCHD2', 'SHCHF', 'PSCVT', 'SHK3Dr', 'SHKK', 'SHSL1', 'SO4t2pp', 'SERAT', 'SO4tex', 'PSD160', 'PSD161', 'TDSK', 'SUCOAS', 'PSERT', 'SULR', 'THD2pp', 'THDPS', 'TALA', 'PSP_L', 'THRD_L', 'THRS', 'PSSA160', 'PSSA161', 'THZPSN3', 'TKT1', 'TRPAS2', 'TKT2', 'TRPS3', 'TMDS', 'TMPK', 'TMPPP', 'TPI', 'TYRL', 'TYRTA', 'PTPATi', 'U23GAAT', 'UGMDDS', 'UHGADA', 'UAAGDS', 'UAGAAT', 'UAGCVT', 'UAGDP', 'UAGPT3', 'UMPK', 'UAMAGS', 'UAMAS', 'UAPGR', 'UDCPDP', 'UDCPDPS', 'UPP3MT', 'UPP3S', 'UPPDC1', 'PUNP1', 'USHD', 'ZN2tpp', 'Zn2tex', 'URIDK2r', 'DMALRED']",O2tex,OPHHX3,617.532349041213,1,438,395,-282.0,-170.7552481988565,iECW_1372,PSL,False,False,0.0,0.0,0.0,0.0
213,"['DM_4crsol_c', 'DM_5drib_c', 'DM_amob_c', 'DM_mththf_c', 'BIOMASS_Ec_iJO1366_core_53p95M', 'EX_ca2_e', 'EX_ac_e', 'EX_cl_e', 'EX_co2_e', 'EX_cobalt2_e', 'EX_for_e', 'EX_cu2_e', 'EX_meoh_e', 'EX_mg2_e', 'EX_mn2_e', 'EX_mobd_e', 'EX_nh4_e', 'EX_ni2_e', 'EX_etoh_e', 'EX_fe2_e', 'EX_fe3_e', 'EX_o2_e', 'EX_succ_e', 'EX_pi_e', 'EX_so4_e', 'EX_zn2_e', 'EX_glyclt_e', '3OAR140', 'EX_h_e', 'EX_h2o_e', '3OAS140', 'ACACT1r', 'ACACT2r', 'ACACT3r', 'ACACT4r', 'ACACT5r', 'ACACT6r', 'ACACT7r', 'ACALD', 'ACCOAC', '5DOAN', 'A5PISO', 'ACGK', 'ACGS', 'AACPS3', 'AACPS4', 'AACPS7', 'ACHBS', 'ACKr', 'ACLS', 'ACOAD1f', 'ACOAD2f', 'ACOAD3f', 'ACOAD4f', 'ACOAD5f', 'ACOAD6f', 'ACOTA', 'ACOAD7f', 'ACODA', 'ACONTa', 'ACONTb', 'ACt2rpp', 'ACtex', 'ADCL', 'AGPR', 'AHCYSNS', 'ADCS', 'AICART', 'AIRC2', 'AIRC3', 'AKGDH', 'ALAALAr', 'ALAR', 'ADNK1', 'EX_k_e', 'ADSK', 'ALCD2x', 'ADSL1r', 'ADSL2r', 'ADSS', 'AGPAT160', 'AMAOTr', 'AGPAT161', 'ASNS2', 'AMPMS2', 'ASP1DC', 'ASPCT', 'ASPK', 'ANPRT', 'ASPO6', 'ANS', 'ASPTA', 'CBMKr', 'AOXSr2', 'ATPPRT', 'ATPS4rpp', 'CDPMEK', 'BMOCOS', 'BMOGDS1', 'BMOGDS2', 'BPNT', 'BTS5', 'CHORM', 'CHORS', 'CHRPL', 'CA2tex', 'CLt3_2pp', 'CLtex', 'CO2tex', 'CO2tpp', 'CTPS2', 'COBALT2tex', 'CU2tex', 'COBALT2tpp', 'CU2tpp', 'APRAUR', 'CPMPS', 'CPPPGO', 'CPPPGO2', 'CYSS', 'CYSTL', 'CYTBO3_4pp', 'CS', 'CYTK1', 'DASYN160', 'DASYN161', 'DALAt2pp', 'DB4PS', 'DBTS', 'DAPDC', 'DAPE', 'DHQS', 'DHQTi', 'DMATT', 'DDPA', 'DMPPS', 'DHAD1', 'DNMPPA', 'DNTPPA', 'DHAD2', 'DHAPT', 'DPCOAK', 'DPR', 'DHDPRy', 'DHDPS', 'DHFR', 'DHFS', 'DHNPA2r', 'DHORD2', 'DTMPK', 'DHORTS', 'DHPPDA2', 'DHPS2', 'DHPTDCs2', 'DXPRIi', 'DXPS', 'E4PD', 'ARGSL', 'ARGSS', 'FACOAE120', 'ASAD', 'ECOAH1', 'FACOAE160', 'FACOAE161', 'ECOAH2', 'ECOAH3', 'ECOAH4', 'ECOAH5', 'ECOAH6', 'ECOAH7', 'EGMEACPR', 'ENO', 'FE3abcpp', 'EPMEACPR', 'ETOHtex', 'ETOHtrpp', 'FE3tex', 'FCLT', 'F6PA', 'FE2tex', 'FE2tpp', 'FUM', 'G1PACT', 'G1SAT', 'G3PAT160', 'G3PAT161', 'G3PD2', 'GAPD', 'GARFT', 'GART', 'GCALDD', 'G5SADs', 'G5SD', 'G6PDH2r', 'GF6PTA', 'GHMT2r', 'GK1', 'HPPK2', 'GLYCLTt2rpp', 'GLYCLTtex', 'GLYCTO2', 'GLNS', 'GLU5K', 'GLUDy', 'GLUPRT', 'GLUR', 'GLUTRR', 'GLUTRS', 'GMPS2', 'GND', 'GRTT', 'GTPCI', 'GTPCII2', 'H2Otex', 'H2Otpp', 'HSDy', 'HSK', 'HSST', 'FMNAT', 'HSTPT', 'I2FE2SR', 'I2FE2SS', 'I2FE2SS2', 'I2FE2ST', 'HBZOPT', 'HCO3E', 'I4FE4SR', 'I4FE4ST', 'ICDHyr', 'ICYSDS', 'IG3PS', 'IGPDH', 'IGPS', 'ILETA', 'HISTD', 'FORtex', 'HISTP', 'IMPC', 'FORtppi', 'IMPD', 'HMBS', 'IPDPS', 'IPMD', 'IPPMIa', 'IPPMIb', 'IPPS', 'K2L4Aabcpp', 'K2L4Aabctex', 'KARA1', 'KARA2', 'LPADSS', 'KDOCT2', 'KDOPP', 'KDOPS', 'Kt2pp', 'Ktex', 'LEUTAi', 'MCTP1App', 'MDH', 'MECDPS', 'MEOHtex', 'MEOHtrpp', 'MEPCT', 'METAT', 'MN2tpp', 'METS', 'MNtex', 'MOADSUx', 'MOAT', 'MOAT2', 'MOBDabcpp', 'MOBDtex', 'MG2t3_2pp', 'MG2tex', 'MOCOS', 'MOHMT', 'MOX', 'MPTAT', 'MPTG', 'MPTS', 'MPTSS', 'MTHFC', 'MTHFD', 'NADH16pp', 'MTHFR2', 'MTHTHFSs', 'NADK', 'NADS1', 'MALCOAMT', 'NDPK2', 'NDPK3', 'NDPK4', 'NDPK6', 'NH4tex', 'MALS', 'NH4tpp', 'NI2tex', 'NI2tpp', 'NNATr', 'NNDPR', 'O2tex', 'O2tpp', 'OCBT', 'OCTDPS', 'OGMEACPD', 'OGMEACPR', 'OGMEACPS', 'OHPBAT', 'PANTS', 'OMCDC', 'OMPDC', 'OPHBDC', 'OPHHX', 'OPHHX3', 'PAPPT3', 'OPMEACPD', 'OPMEACPR', 'OPMEACPS', 'PAPSR', 'PDX5PO2', 'ORPT', 'PDX5PS', 'P5CR', 'PE160abcpp', 'PE161abcpp', 'PERD', 'PFL', 'PGAMT', 'PGCD', 'PGI', 'PGK', 'PGL', 'PGM', 'MCOATA', 'PRATPP', 'PHETA1', 'PIt2rpp', 'PItex', 'PMDPHT', 'PMEACPE', 'PMPK', 'PNTK', 'PRFGS', 'POR5', 'PRMICI', 'PPBNGS', 'PPC', 'PPCDC', 'PPNCL2', 'PPND', 'PYK', 'PPNDH', 'PPPGO3', 'PRAGSr', 'PRAIS', 'QULNS', 'PRAIi', 'PRAMPC', 'RBFK', 'RBFSa', 'RNTR1c2', 'RNTR2c2', 'RNTR3c2', 'RNTR4c2', 'RBFSb', 'RPI', 'PRPPS', 'RHCCE', 'SADT2', 'SDPDS', 'SDPTA', 'SHCHD2', 'SHCHF', 'PSCVT', 'SHK3Dr', 'SHKK', 'SHSL1', 'SO4t2pp', 'SERAT', 'SO4tex', 'PSD160', 'PSD161', 'SUCCtex', 'SUCDi', 'TDSK', 'SUCOAS', 'PSERT', 'SULR', 'THD2pp', 'THDPS', 'TALA', 'PSP_L', 'TARTRt7pp', 'THRD_L', 'THRS', 'PSSA160', 'PSSA161', 'THZPSN3', 'TKT1', 'TRPAS2', 'TKT2', 'TRPS3', 'TMDS', 'TMPK', 'TMPPP', 'TPI', 'TRDR', 'PTAr', 'TYRL', 'TYRTA', 'PTPATi', 'U23GAAT', 'UGMDDS', 'UHGADA', 'UAAGDS', 'UAGAAT', 'UAGCVT', 'UAGDP', 'UAGPT3', 'UMPK', 'UAMAGS', 'UAMAS', 'UAPGR', 'UDCPDP', 'UDCPDPS', 'UPP3MT', 'UPP3S', 'UPPDC1', 'PUNP1', 'USHD', 'ZN2tpp', 'Zn2tex', 'TARTRtpp', 'MECDPDH2', 'PRASCSi_copy2', 'URIDK2r', 'CTECOAI7_copy2', 'DMALRED']","[-0.0001569139054, -5.58730872e-05, -1.4072996e-06, -0.0003152351104000393, -0.7036498, 0.0036624972090066876, 6.110370086314242, 0.0036624972090000007, -12.01338899694775, 1.7591245e-05, 7.658177883072323, 0.0004988877082000001, -1.4072996e-06, 0.006104162014999999, 0.00048622201179999996, 9.077082419999998e-05, 7.59999764743659, 0.00022727888539999998, 10.356392565577448, 0.005807221799399999, 0.005494097638399999, 16.999701601384505, 0.07613870609519999, 0.6787624102236571, 0.17746751605747738, 0.00023994458179999996, 0.00015367217670000932, -0.05476084203520001, 7.45018734696373, -40.87412096426262, -0.05476084203520001, -0.2504148908241177, -0.2504148908241177, -0.2504148908241177, -0.2504148908241177, -0.2504148908241177, -0.19565404878892423, -0.19565404878892423, -10.356392565577448, -0.05476506393400002, -5.58730872e-05, -0.027380421017600003, -0.2081339816415948, -0.2081339816415948, -0.08980541667440002, -0.10584863211439999, -0.05476084203520001, -0.20443067274419996, -6.520299572198514, -0.6151792069956192, 0.2504148908241177, 0.2504148908241177, 0.2504148908241177, 0.2504148908241177, 0.25041489082416535, 0.19565404878892423, 0.2081339816415948, 0.08980541667448041, -0.2081339816415948, -6.4370830645275765, -6.4370830645275765, -6.110370086314242, -6.110370086314242, -0.0004707417161999572, 0.2081339816415948, -0.0003152351104000393, -0.0004707417161999572, -0.38190803989952393, -0.3152456651471239, 0.3152456651471239, -5.680524428765878, -0.0195530206424, -0.0293295309636, -0.0003711081976000393, 0.1373475154114, -0.17441508322507737, -10.356392565577448, -0.21041732524285509, -0.31524566514712393, -0.21041732524285509, -0.044902708337200004, -1.4072996e-06, -0.052924316057199994, -0.16961830253899998, -0.0001569139054, -0.0004053022842773757, -0.23276383559100006, -0.7522551135847998, -0.039997565581399996, -0.0016029142454783152, -0.039997565581399996, 2.0600607428151223, -0.4408978172325948, -1.4072996e-06, -0.0666623747524, -54.44822924054568, -0.0016810193722001131, -8.584527559999999e-05, -8.584527559999999e-05, -8.584527559999999e-05, -0.17441508322507737, -1.4072996e-06, -0.2275490869232, -0.26817430812619997, -0.00015691390540001308, -0.0036624972090066876, -0.0018312486045000004, -0.0036624972090000007, 12.01338899694775, 12.01338899694775, -0.11295338414500003, -1.7591245e-05, -0.0004988877082000001, -1.7591245e-05, -0.0004988877082000001, -0.0003138278108641165, -0.00017169055119999998, -0.0002081379643, 5.122405889999999e-05, -0.17441508322507737, -0.10829944436780001, -33.99877878887611, -6.4370830645275765, -0.12729376706847748, -0.044902708337200004, -0.052924316057199994, -0.0097765103212, -0.000627655621728233, -1.4072996e-06, -0.24146516901779996, -0.26101818966019996, -0.26817430812619997, -0.26817430812619997, -0.00019561464440001386, -0.26817430812619997, -0.00019561464440001386, -0.6151792069956192, -0.0004707417161999572, -0.0004707417161999572, -0.20443067274419996, 0.8854605273779285, -0.0004053022842773757, -0.0004053022842773757, -0.26101818966019996, -0.26101818966019996, -0.018882442382999954, -0.0004707417161999572, -0.0004707417161999572, -0.23276383559100006, -0.018411700666799997, 0.23276383559100006, -0.0003138278108641165, -0.0004707417161999572, -0.0003152351104000393, -0.0016810193722001131, -0.0019948471830001134, -0.0001569139054, -0.2081339816415948, -0.2081339816415948, -0.05476084203520001, 0.7522551135847998, -0.2504148908241177, -0.08980541667440002, -0.10584863211439999, -0.2504148908241177, -0.2504148908241177, -0.2504148908241177, -0.25041489082416535, -0.19565404878892423, -0.19565404878892423, -1.4072996e-06, 3.137083176499104, -0.005494097638399999, -1.4072996e-06, -10.356392565577448, -10.356392565577448, -0.005494097638399999, -0.0001569139054, 0.8854605273779285, -0.005807221799399999, -0.005807221799399999, -6.490460106892652, -0.06648646230239999, -0.0025106224864, -0.044902708337200004, -0.052924316057199994, 0.0978270243944, 1.9665138860131357, -0.23683163508528998, -0.07857094396723396, -0.0004707417161999572, -0.15554530653899998, -0.15554530653899998, -0.8189740650755284, -0.06648646230239999, -0.7464851852248913, -0.17149071465666876, -0.0004707417161999572, -0.00015367217670000932, -0.00015367217670000932, -0.0006244138928999665, -1.2740388826271167, -0.15554530653899998, 5.978984826529663, -0.3154025790525239, 0.0195530206424, -0.0025106224864, -0.0025106224864, -0.17149071465666876, -0.8189740650755284, -0.00019561464440001386, -0.0004707417161999572, -0.0003138278108641165, 40.87412096426262, 40.87412096426262, 0.49123692392459994, -0.3829374795567999, -0.10829944436780001, -0.0001569139054641165, -0.0666623747524, -1.4072996e-06, -0.0002012438428, -0.00018294894799999998, -1.9702194399999996e-05, -0.00015691390540001308, -0.37001072908112387, -0.00018294894799999998, -0.00018294894799999998, -6.4370830645275765, -0.001270087889, -0.0666623747524, -0.0666623747524, -0.039997565581399996, 0.20443067274419996, -0.0666623747524, -7.658177883072323, -0.0666623747524, 0.38190803989952393, 7.658177883072323, -0.17149071465666876, -0.0003138278108, -0.0014854047278000991, -0.3170160480437971, 0.3170160480437971, 0.3170160480437971, -0.3170160480437971, -0.013690210508800002, -0.013690210508800002, 0.6151792069956192, -0.20443067274419996, -0.013690210508800002, -0.027380421017600003, -0.027380421017600003, -0.027380421017600003, -0.1373475154114, -0.1373475154114, -0.3170160480437971, -0.0097765103212, -4.954586373708294, -0.0016810193722001131, 1.4072996e-06, 1.4072996e-06, -0.0016810193722001131, -0.0005294294026000394, -0.00048622201179999996, -0.10861467947820005, -0.00048622201179999996, -0.00034338110239999996, -0.013690210508800002, -0.013690210508800002, -9.077082419999998e-05, -9.077082419999998e-05, -0.006104162014999999, -0.006104162014999999, -8.584527559999999e-05, -0.0004053022842773757, 0.0016029142454783152, -0.00017169055119999998, -0.0097765103212, -0.00017169055119999998, -0.00034338110239999996, -0.6188965888902138, -0.6188965888902138, -28.00825666281493, -0.10861467947820005, -0.0003152351104000393, -0.0003145314606001204, -0.0016029142454783152, -1.4072996e-06, -0.2992502978934, -0.12729376706847748, -0.018411700666799997, 0.018411700666799997, -7.59999764743659, -0.0006244138928999665, -7.59999764743659, -0.00022727888539999998, -0.00022727888539999998, -0.0016029142454783152, -0.0016029142454783152, -16.999701601384505, -16.999701601384505, -0.2081339816415948, -0.0001569139054000131, -1.4072996e-06, -1.4072996e-06, -1.4072996e-06, -0.0001569139054, -0.0004053022842773757, -0.3170160480437971, -0.23276383559100006, -0.0001569139054, -0.0002081379643, 5.122405889999999e-05, -0.0195530206424, -1.4072996e-06, -1.4072996e-06, -1.4072996e-06, -0.17441508322507737, -0.0001569139054, 0.23276383559100006, -0.0001569139054, -0.15554530653899998, -0.0323298937108, -0.014818864788, -0.0001569139054, 7.581332992064681, 0.06648646230239999, -1.1705692904859686, 0.818974065075528, -1.9665138860131357, -0.8189740650755284, -3.137083176499104, -0.05476365663440001, -0.0666623747524, 0.130361680197, -0.6787624102236571, -0.6787624102236571, -0.0003138278108641165, -1.4072996e-06, -0.0001569139054, -0.0004053022842773757, -0.3154025790525239, -0.0748444146268, -0.0666623747524, -0.0012553112432, -2.0060592865571474, -0.0004053022842773757, -0.0004053022842773757, -0.09718740672619999, 4.840963993590723, -0.130361680197, -0.0001569139054, -0.3154025790525239, -0.3154025790525239, -0.0016029142454783152, -0.039997565581399996, -0.0666623747524, -0.0001569139054641165, -0.000627655621728233, -0.018411700666799997, -0.0190105066466, -0.0190105066466, -0.018411700666799997, -0.0003138278108641165, 0.7909659884362001, -0.6564292692228022, -0.0003152351104000393, -0.17441508322507737, -0.26101818966019996, 0.26101818966019996, -0.0001569139054, -0.0001569139054, -0.26817430812619997, -0.26817430812619997, -0.26817430812619997, -0.10829944436780001, -0.17746751605747738, -0.17441508322507737, -0.17746751605747738, -0.044902708337200004, -0.052924316057199994, -0.07613870609519999, -5.757133876577278, -0.013690210508800002, 5.3112067947378785, -1.1705692904859686, -0.17441508322507737, -1.2904899440342805, -0.26101818966019996, -0.1341656110158, -1.1705692904859686, 0.07613870609519999, -0.20443067274419996, -0.3829374795567999, -0.044902708337200004, -0.052924316057199994, -0.0001569139054, -0.1341656110158, 0.039997565581399996, 0.13416561101580002, -0.039997565581399996, -0.018411700666799997, -0.0001569139054, -0.0001569139054, 0.9848904660178057, -0.17441508322507737, 6.520299572198514, -0.0001569139054, 0.09718740672619999, -0.0004053022842773757, -0.027380421017600003, -0.0195530206424, -0.027380421017600003, -0.0195530206424, -0.027380421017600003, -0.0195530206424, -0.06648646230239999, -0.0195530206424, -0.2660070667422001, -0.0195530206424, -0.0195530206424, -0.0195530206424, -0.0195530206424, -3.8700739000000746e-05, -0.0001569139054, -0.0003138278108, -0.0001569139054, 0.0003711081976000393, -0.013690210508800002, -0.00023994458179999996, -0.00023994458179999996, -0.07613870609519999, -0.0016810193722001131, -0.3152456651471239, 0.018411700666799997, 0.10584863211439999, -1.5381010613227357]","[0.0001569139054, 5.58730872e-05, 1.4072996e-06, 0.0003152351104000393, 0.7036498, 0.0036624972090066876, 6.110370086314242, 0.0036624972090000007, 12.01338899694775, 1.7591245e-05, 7.658177883072323, 0.0004988877082000001, 1.4072996e-06, 0.006104162014999999, 0.00048622201179999996, 9.077082419999998e-05, 7.59999764743659, 0.00022727888539999998, 10.356392565577448, 0.005807221799399999, 0.005494097638399999, 16.999701601384505, 0.07613870609519999, 0.6787624102236571, 0.17746751605747738, 0.00023994458179999996, 0.00015367217670000932, 0.05476084203520001, 7.45018734696373, 40.87412096426262, 0.05476084203520001, 0.2504148908241177, 0.2504148908241177, 0.2504148908241177, 0.2504148908241177, 0.2504148908241177, 0.19565404878892423, 0.19565404878892423, 10.356392565577448, 0.05476506393400002, 5.58730872e-05, 0.027380421017600003, 0.2081339816415948, 0.2081339816415948, 0.08980541667440002, 0.10584863211439999, 0.05476084203520001, 0.20443067274419996, 6.520299572198514, 0.6151792069956192, 0.2504148908241177, 0.2504148908241177, 0.2504148908241177, 0.2504148908241177, 0.25041489082416535, 0.19565404878892423, 0.2081339816415948, 0.08980541667448041, 0.2081339816415948, 6.4370830645275765, 6.4370830645275765, 6.110370086314242, 6.110370086314242, 0.0004707417161999572, 0.2081339816415948, 0.0003152351104000393, 0.0004707417161999572, 0.38190803989952393, 0.3152456651471239, 0.3152456651471239, 5.680524428765878, 0.0195530206424, 0.0293295309636, 0.0003711081976000393, 0.1373475154114, 0.17441508322507737, 10.356392565577448, 0.21041732524285509, 0.31524566514712393, 0.21041732524285509, 0.044902708337200004, 1.4072996e-06, 0.052924316057199994, 0.16961830253899998, 0.0001569139054, 0.0004053022842773757, 0.23276383559100006, 0.7522551135847998, 0.039997565581399996, 0.0016029142454783152, 0.039997565581399996, 2.0600607428151223, 0.4408978172325948, 1.4072996e-06, 0.0666623747524, 54.44822924054568, 0.0016810193722001131, 8.584527559999999e-05, 8.584527559999999e-05, 8.584527559999999e-05, 0.17441508322507737, 1.4072996e-06, 0.2275490869232, 0.26817430812619997, 0.00015691390540001308, 0.0036624972090066876, 0.0018312486045000004, 0.0036624972090000007, 12.01338899694775, 12.01338899694775, 0.11295338414500003, 1.7591245e-05, 0.0004988877082000001, 1.7591245e-05, 0.0004988877082000001, 0.0003138278108641165, 0.00017169055119999998, 0.0002081379643, 5.122405889999999e-05, 0.17441508322507737, 0.10829944436780001, 33.99877878887611, 6.4370830645275765, 0.12729376706847748, 0.044902708337200004, 0.052924316057199994, 0.0097765103212, 0.000627655621728233, 1.4072996e-06, 0.24146516901779996, 0.26101818966019996, 0.26817430812619997, 0.26817430812619997, 0.00019561464440001386, 0.26817430812619997, 0.00019561464440001386, 0.6151792069956192, 0.0004707417161999572, 0.0004707417161999572, 0.20443067274419996, 0.8854605273779285, 0.0004053022842773757, 0.0004053022842773757, 0.26101818966019996, 0.26101818966019996, 0.018882442382999954, 0.0004707417161999572, 0.0004707417161999572, 0.23276383559100006, 0.018411700666799997, 0.23276383559100006, 0.0003138278108641165, 0.0004707417161999572, 0.0003152351104000393, 0.0016810193722001131, 0.0019948471830001134, 0.0001569139054, 0.2081339816415948, 0.2081339816415948, 0.05476084203520001, 0.7522551135847998, 0.2504148908241177, 0.08980541667440002, 0.10584863211439999, 0.2504148908241177, 0.2504148908241177, 0.2504148908241177, 0.25041489082416535, 0.19565404878892423, 0.19565404878892423, 1.4072996e-06, 3.137083176499104, 0.005494097638399999, 1.4072996e-06, 10.356392565577448, 10.356392565577448, 0.005494097638399999, 0.0001569139054, 0.8854605273779285, 0.005807221799399999, 0.005807221799399999, 6.490460106892652, 0.06648646230239999, 0.0025106224864, 0.044902708337200004, 0.052924316057199994, 0.0978270243944, 1.9665138860131357, 0.23683163508528998, 0.07857094396723396, 0.0004707417161999572, 0.15554530653899998, 0.15554530653899998, 0.8189740650755284, 0.06648646230239999, 0.7464851852248913, 0.17149071465666876, 0.0004707417161999572, 0.00015367217670000932, 0.00015367217670000932, 0.0006244138928999665, 1.2740388826271167, 0.15554530653899998, 5.978984826529663, 0.3154025790525239, 0.0195530206424, 0.0025106224864, 0.0025106224864, 0.17149071465666876, 0.8189740650755284, 0.00019561464440001386, 0.0004707417161999572, 0.0003138278108641165, 40.87412096426262, 40.87412096426262, 0.49123692392459994, 0.3829374795567999, 0.10829944436780001, 0.0001569139054641165, 0.0666623747524, 1.4072996e-06, 0.0002012438428, 0.00018294894799999998, 1.9702194399999996e-05, 0.00015691390540001308, 0.37001072908112387, 0.00018294894799999998, 0.00018294894799999998, 6.4370830645275765, 0.001270087889, 0.0666623747524, 0.0666623747524, 0.039997565581399996, 0.20443067274419996, 0.0666623747524, 7.658177883072323, 0.0666623747524, 0.38190803989952393, 7.658177883072323, 0.17149071465666876, 0.0003138278108, 0.0014854047278000991, 0.3170160480437971, 0.3170160480437971, 0.3170160480437971, 0.3170160480437971, 0.013690210508800002, 0.013690210508800002, 0.6151792069956192, 0.20443067274419996, 0.013690210508800002, 0.027380421017600003, 0.027380421017600003, 0.027380421017600003, 0.1373475154114, 0.1373475154114, 0.3170160480437971, 0.0097765103212, 4.954586373708294, 0.0016810193722001131, 1.4072996e-06, 1.4072996e-06, 0.0016810193722001131, 0.0005294294026000394, 0.00048622201179999996, 0.10861467947820005, 0.00048622201179999996, 0.00034338110239999996, 0.013690210508800002, 0.013690210508800002, 9.077082419999998e-05, 9.077082419999998e-05, 0.006104162014999999, 0.006104162014999999, 8.584527559999999e-05, 0.0004053022842773757, 0.0016029142454783152, 0.00017169055119999998, 0.0097765103212, 0.00017169055119999998, 0.00034338110239999996, 0.6188965888902138, 0.6188965888902138, 28.00825666281493, 0.10861467947820005, 0.0003152351104000393, 0.0003145314606001204, 0.0016029142454783152, 1.4072996e-06, 0.2992502978934, 0.12729376706847748, 0.018411700666799997, 0.018411700666799997, 7.59999764743659, 0.0006244138928999665, 7.59999764743659, 0.00022727888539999998, 0.00022727888539999998, 0.0016029142454783152, 0.0016029142454783152, 16.999701601384505, 16.999701601384505, 0.2081339816415948, 0.0001569139054000131, 1.4072996e-06, 1.4072996e-06, 1.4072996e-06, 0.0001569139054, 0.0004053022842773757, 0.3170160480437971, 0.23276383559100006, 0.0001569139054, 0.0002081379643, 5.122405889999999e-05, 0.0195530206424, 1.4072996e-06, 1.4072996e-06, 1.4072996e-06, 0.17441508322507737, 0.0001569139054, 0.23276383559100006, 0.0001569139054, 0.15554530653899998, 0.0323298937108, 0.014818864788, 0.0001569139054, 7.581332992064681, 0.06648646230239999, 1.1705692904859686, 0.818974065075528, 1.9665138860131357, 0.8189740650755284, 3.137083176499104, 0.05476365663440001, 0.0666623747524, 0.130361680197, 0.6787624102236571, 0.6787624102236571, 0.0003138278108641165, 1.4072996e-06, 0.0001569139054, 0.0004053022842773757, 0.3154025790525239, 0.0748444146268, 0.0666623747524, 0.0012553112432, 2.0060592865571474, 0.0004053022842773757, 0.0004053022842773757, 0.09718740672619999, 4.840963993590723, 0.130361680197, 0.0001569139054, 0.3154025790525239, 0.3154025790525239, 0.0016029142454783152, 0.039997565581399996, 0.0666623747524, 0.0001569139054641165, 0.000627655621728233, 0.018411700666799997, 0.0190105066466, 0.0190105066466, 0.018411700666799997, 0.0003138278108641165, 0.7909659884362001, 0.6564292692228022, 0.0003152351104000393, 0.17441508322507737, 0.26101818966019996, 0.26101818966019996, 0.0001569139054, 0.0001569139054, 0.26817430812619997, 0.26817430812619997, 0.26817430812619997, 0.10829944436780001, 0.17746751605747738, 0.17441508322507737, 0.17746751605747738, 0.044902708337200004, 0.052924316057199994, 0.07613870609519999, 5.757133876577278, 0.013690210508800002, 5.3112067947378785, 1.1705692904859686, 0.17441508322507737, 1.2904899440342805, 0.26101818966019996, 0.1341656110158, 1.1705692904859686, 0.07613870609519999, 0.20443067274419996, 0.3829374795567999, 0.044902708337200004, 0.052924316057199994, 0.0001569139054, 0.1341656110158, 0.039997565581399996, 0.13416561101580002, 0.039997565581399996, 0.018411700666799997, 0.0001569139054, 0.0001569139054, 0.9848904660178057, 0.17441508322507737, 6.520299572198514, 0.0001569139054, 0.09718740672619999, 0.0004053022842773757, 0.027380421017600003, 0.0195530206424, 0.027380421017600003, 0.0195530206424, 0.027380421017600003, 0.0195530206424, 0.06648646230239999, 0.0195530206424, 0.2660070667422001, 0.0195530206424, 0.0195530206424, 0.0195530206424, 0.0195530206424, 3.8700739000000746e-05, 0.0001569139054, 0.0003138278108, 0.0001569139054, 0.0003711081976000393, 0.013690210508800002, 0.00023994458179999996, 0.00023994458179999996, 0.07613870609519999, 0.0016810193722001131, 0.3152456651471239, 0.018411700666799997, 0.10584863211439999, 1.5381010613227357]","['EX_ac_e', 'EX_etoh_e', 'EX_succ_e', 'EX_glyclt_e', 'ACALD', 'ACt2rpp', 'ACtex', 'ALCD2x', 'CPPPGO2', 'DHAPT', 'ETOHtex', 'ETOHtrpp', 'F6PA', 'GLYCLTt2rpp', 'GLYCLTtex', 'OPHHX3', 'SUCCtex', 'TARTRt7pp', 'TARTRtpp', 'CTECOAI7_copy2']","['EX_o2_e', 'AKGDH', 'ADNK1', 'CPPPGO', 'CYTBO3_4pp', 'DMPPS', 'DHORD2', 'G3PAT160', 'GART', 'G6PDH2r', 'GLYCTO2', 'GND', 'NADH16pp', 'MALS', 'O2tex', 'O2tpp', 'OPHHX', 'PGL', 'SUCDi', 'PUNP1', 'MECDPDH2', 'DMALRED']","['DM_4crsol_c', 'DM_5drib_c', 'DM_amob_c', 'DM_mththf_c', 'BIOMASS_Ec_iJO1366_core_53p95M', 'EX_ca2_e', 'EX_cl_e', 'EX_co2_e', 'EX_cobalt2_e', 'EX_for_e', 'EX_cu2_e', 'EX_meoh_e', 'EX_mg2_e', 'EX_mn2_e', 'EX_mobd_e', 'EX_nh4_e', 'EX_ni2_e', 'EX_fe2_e', 'EX_fe3_e', 'EX_pi_e', 'EX_so4_e', 'EX_zn2_e', '3OAR140', 'EX_h_e', 'EX_h2o_e', '3OAS140', 'ACACT1r', 'ACACT2r', 'ACACT3r', 'ACACT4r', 'ACACT5r', 'ACACT6r', 'ACACT7r', 'ACCOAC', '5DOAN', 'A5PISO', 'ACGK', 'ACGS', 'AACPS3', 'AACPS4', 'AACPS7', 'ACHBS', 'ACKr', 'ACLS', 'ACOAD1f', 'ACOAD2f', 'ACOAD3f', 'ACOAD4f', 'ACOAD5f', 'ACOAD6f', 'ACOTA', 'ACOAD7f', 'ACODA', 'ACONTa', 'ACONTb', 'ADCL', 'AGPR', 'AHCYSNS', 'ADCS', 'AICART', 'AIRC2', 'AIRC3', 'ALAALAr', 'ALAR', 'EX_k_e', 'ADSK', 'ADSL1r', 'ADSL2r', 'ADSS', 'AGPAT160', 'AMAOTr', 'AGPAT161', 'ASNS2', 'AMPMS2', 'ASP1DC', 'ASPCT', 'ASPK', 'ANPRT', 'ASPO6', 'ANS', 'ASPTA', 'CBMKr', 'AOXSr2', 'ATPPRT', 'ATPS4rpp', 'CDPMEK', 'BMOCOS', 'BMOGDS1', 'BMOGDS2', 'BPNT', 'BTS5', 'CHORM', 'CHORS', 'CHRPL', 'CA2tex', 'CLt3_2pp', 'CLtex', 'CO2tex', 'CO2tpp', 'CTPS2', 'COBALT2tex', 'CU2tex', 'COBALT2tpp', 'CU2tpp', 'APRAUR', 'CPMPS', 'CYSS', 'CYSTL', 'CS', 'CYTK1', 'DASYN160', 'DASYN161', 'DALAt2pp', 'DB4PS', 'DBTS', 'DAPDC', 'DAPE', 'DHQS', 'DHQTi', 'DMATT', 'DDPA', 'DHAD1', 'DNMPPA', 'DNTPPA', 'DHAD2', 'DPCOAK', 'DPR', 'DHDPRy', 'DHDPS', 'DHFR', 'DHFS', 'DHNPA2r', 'DTMPK', 'DHORTS', 'DHPPDA2', 'DHPS2', 'DHPTDCs2', 'DXPRIi', 'DXPS', 'E4PD', 'ARGSL', 'ARGSS', 'FACOAE120', 'ASAD', 'ECOAH1', 'FACOAE160', 'FACOAE161', 'ECOAH2', 'ECOAH3', 'ECOAH4', 'ECOAH5', 'ECOAH6', 'ECOAH7', 'EGMEACPR', 'ENO', 'FE3abcpp', 'EPMEACPR', 'FE3tex', 'FCLT', 'FE2tex', 'FE2tpp', 'FUM', 'G1PACT', 'G1SAT', 'G3PAT161', 'G3PD2', 'GAPD', 'GARFT', 'GCALDD', 'G5SADs', 'G5SD', 'GF6PTA', 'GHMT2r', 'GK1', 'HPPK2', 'GLNS', 'GLU5K', 'GLUDy', 'GLUPRT', 'GLUR', 'GLUTRR', 'GLUTRS', 'GMPS2', 'GRTT', 'GTPCI', 'GTPCII2', 'H2Otex', 'H2Otpp', 'HSDy', 'HSK', 'HSST', 'FMNAT', 'HSTPT', 'I2FE2SR', 'I2FE2SS', 'I2FE2SS2', 'I2FE2ST', 'HBZOPT', 'HCO3E', 'I4FE4SR', 'I4FE4ST', 'ICDHyr', 'ICYSDS', 'IG3PS', 'IGPDH', 'IGPS', 'ILETA', 'HISTD', 'FORtex', 'HISTP', 'IMPC', 'FORtppi', 'IMPD', 'HMBS', 'IPDPS', 'IPMD', 'IPPMIa', 'IPPMIb', 'IPPS', 'K2L4Aabcpp', 'K2L4Aabctex', 'KARA1', 'KARA2', 'LPADSS', 'KDOCT2', 'KDOPP', 'KDOPS', 'Kt2pp', 'Ktex', 'LEUTAi', 'MCTP1App', 'MDH', 'MECDPS', 'MEOHtex', 'MEOHtrpp', 'MEPCT', 'METAT', 'MN2tpp', 'METS', 'MNtex', 'MOADSUx', 'MOAT', 'MOAT2', 'MOBDabcpp', 'MOBDtex', 'MG2t3_2pp', 'MG2tex', 'MOCOS', 'MOHMT', 'MOX', 'MPTAT', 'MPTG', 'MPTS', 'MPTSS', 'MTHFC', 'MTHFD', 'MTHFR2', 'MTHTHFSs', 'NADK', 'NADS1', 'MALCOAMT', 'NDPK2', 'NDPK3', 'NDPK4', 'NDPK6', 'NH4tex', 'NH4tpp', 'NI2tex', 'NI2tpp', 'NNATr', 'NNDPR', 'OCBT', 'OCTDPS', 'OGMEACPD', 'OGMEACPR', 'OGMEACPS', 'OHPBAT', 'PANTS', 'OMCDC', 'OMPDC', 'OPHBDC', 'PAPPT3', 'OPMEACPD', 'OPMEACPR', 'OPMEACPS', 'PAPSR', 'PDX5PO2', 'ORPT', 'PDX5PS', 'P5CR', 'PE160abcpp', 'PE161abcpp', 'PERD', 'PFL', 'PGAMT', 'PGCD', 'PGI', 'PGK', 'PGM', 'MCOATA', 'PRATPP', 'PHETA1', 'PIt2rpp', 'PItex', 'PMDPHT', 'PMEACPE', 'PMPK', 'PNTK', 'PRFGS', 'POR5', 'PRMICI', 'PPBNGS', 'PPC', 'PPCDC', 'PPNCL2', 'PPND', 'PYK', 'PPNDH', 'PPPGO3', 'PRAGSr', 'PRAIS', 'QULNS', 'PRAIi', 'PRAMPC', 'RBFK', 'RBFSa', 'RNTR1c2', 'RNTR2c2', 'RNTR3c2', 'RNTR4c2', 'RBFSb', 'RPI', 'PRPPS', 'RHCCE', 'SADT2', 'SDPDS', 'SDPTA', 'SHCHD2', 'SHCHF', 'PSCVT', 'SHK3Dr', 'SHKK', 'SHSL1', 'SO4t2pp', 'SERAT', 'SO4tex', 'PSD160', 'PSD161', 'TDSK', 'SUCOAS', 'PSERT', 'SULR', 'THD2pp', 'THDPS', 'TALA', 'PSP_L', 'THRD_L', 'THRS', 'PSSA160', 'PSSA161', 'THZPSN3', 'TKT1', 'TRPAS2', 'TKT2', 'TRPS3', 'TMDS', 'TMPK', 'TMPPP', 'TPI', 'TRDR', 'PTAr', 'TYRL', 'TYRTA', 'PTPATi', 'U23GAAT', 'UGMDDS', 'UHGADA', 'UAAGDS', 'UAGAAT', 'UAGCVT', 'UAGDP', 'UAGPT3', 'UMPK', 'UAMAGS', 'UAMAS', 'UAPGR', 'UDCPDP', 'UDCPDPS', 'UPP3MT', 'UPP3S', 'UPPDC1', 'USHD', 'ZN2tpp', 'Zn2tex', 'PRASCSi_copy2', 'URIDK2r']",O2tex,SUCCtex,617.5323490400633,1,438,396,-284.0,-163.96499894683802,iECW_1372,PSL,False,True,0.0,-16.5367458747266,0.0,0.0
214,"['DM_4crsol_c', 'DM_5drib_c', 'DM_amob_c', 'DM_mththf_c', 'BIOMASS_Ec_iJO1366_core_53p95M', 'EX_ca2_e', 'EX_ac_e', 'EX_cl_e', 'EX_co2_e', 'EX_cobalt2_e', 'EX_for_e', 'EX_cu2_e', 'EX_meoh_e', 'EX_mg2_e', 'EX_mn2_e', 'EX_mobd_e', 'EX_nh4_e', 'EX_ni2_e', 'EX_etoh_e', 'EX_o2_e', 'EX_succ_e', 'EX_pi_e', 'EX_so4_e', 'EX_zn2_e', 'EX_glyclt_e', '3OAR140', 'EX_h2o_e', '3OAS140', 'ACACT1r', 'ACACT2r', 'ACACT3r', 'ACACT4r', 'ACACT5r', 'ACACT6r', 'ACACT7r', 'ACALD', 'ACCOAC', '5DOAN', 'A5PISO', 'ACGK', 'ACGS', 'AACPS3', 'AACPS4', 'AACPS7', 'ACHBS', 'ACLS', 'ACOAD1f', 'ACOAD2f', 'ACOAD3f', 'ACOAD4f', 'ACOAD5f', 'ACOAD6f', 'ACOTA', 'ACOAD7f', 'ACODA', 'ACONTa', 'ACONTb', 'ACt2rpp', 'ACt4pp', 'ACtex', 'ADCL', 'AGPR', 'AHCYSNS', 'ADCS', 'AICART', 'AIRC2', 'AIRC3', 'AKGDH', 'ALAALAr', 'ALAR', 'ADNK1', 'EX_k_e', 'ADSK', 'ALCD2x', 'ADSL1r', 'ADSL2r', 'ADSS', 'AGPAT160', 'AMAOTr', 'AGPAT161', 'ASNS2', 'AMPMS2', 'ASP1DC', 'ASPCT', 'ASPK', 'ANPRT', 'ASPO6', 'ANS', 'ASPTA', 'CBMKr', 'AOXSr2', 'ATPPRT', 'ATPS4rpp', 'CDPMEK', 'BMOCOS', 'BMOGDS1', 'BMOGDS2', 'BPNT', 'BTS5', 'CHORM', 'CHORS', 'CHRPL', 'CA2tex', 'CLt3_2pp', 'CLtex', 'CO2tex', 'CO2tpp', 'CTPS2', 'COBALT2tex', 'CU2tex', 'COBALT2tpp', 'CU2tpp', 'APRAUR', 'CPMPS', 'CPPPGO', 'CPPPGO2', 'CYSS', 'CYSTL', 'CYTBO3_4pp', 'CS', 'CYTK1', 'DASYN160', 'DASYN161', 'DALAt2pp', 'DB4PS', 'DBTS', 'DAPDC', 'DAPE', 'DHQS', 'DHQTi', 'DMATT', 'DDPA', 'DMPPS', 'DHAD1', 'DNMPPA', 'DNTPPA', 'DHAD2', 'DHAPT', 'DPCOAK', 'DPR', 'DHDPRy', 'DHDPS', 'DHFR', 'DHFS', 'DHNPA2r', 'DHORD2', 'DTMPK', 'DHORTS', 'DHPPDA2', 'DHPS2', 'DHPTDCs2', 'DXPRIi', 'DXPS', 'E4PD', 'ARGSL', 'ARGSS', 'FACOAE120', 'ASAD', 'ECOAH1', 'FACOAE160', 'FACOAE161', 'ECOAH2', 'ECOAH3', 'ECOAH4', 'ECOAH5', 'ECOAH6', 'ECOAH7', 'EGMEACPR', 'ENO', 'FE3abcpp', 'EPMEACPR', 'ETOHtex', 'ETOHtrpp', 'FCLT', 'F6PA', 'FE2tpp', 'FUM', 'G1PACT', 'G1SAT', 'G3PAT160', 'G3PAT161', 'G3PD2', 'GAPD', 'GARFT', 'GART', 'GCALDD', 'G5SADs', 'G5SD', 'G6PDH2r', 'GF6PTA', 'GHMT2r', 'GK1', 'HPPK2', 'GLYCLTt2rpp', 'GLYCLTtex', 'GLYCTO2', 'GLNS', 'GLU5K', 'GLUDy', 'GLUPRT', 'GLUR', 'GLUTRR', 'GLUTRS', 'GMPS2', 'GND', 'FESD1s', 'GRTT', 'FESR', 'GTPCI', 'GTPCII2', 'H2Otex', 'H2Otpp', 'HSDy', 'HSK', 'HSST', 'FMNAT', 'HSTPT', 'I2FE2SR', 'I2FE2SS', 'I2FE2SS2', 'I2FE2ST', 'HBZOPT', 'HCO3E', 'I4FE4SR', 'I4FE4ST', 'ICDHyr', 'ICYSDS', 'IG3PS', 'IGPDH', 'IGPS', 'ILETA', 'HISTD', 'FORtex', 'HISTP', 'IMPC', 'FORtppi', 'IMPD', 'HMBS', 'IPDPS', 'IPMD', 'IPPMIa', 'IPPMIb', 'IPPS', 'K2L4Aabcpp', 'K2L4Aabctex', 'KARA1', 'KARA2', 'LPADSS', 'KDOCT2', 'KDOPP', 'KDOPS', 'Kt2pp', 'Ktex', 'LEUTAi', 'MCTP1App', 'MDH', 'MECDPS', 'MEOHtex', 'MEOHtrpp', 'MEPCT', 'METAT', 'MN2tpp', 'METS', 'MNtex', 'MOADSUx', 'MOAT', 'MOAT2', 'MOBDabcpp', 'MOBDtex', 'MG2t3_2pp', 'MG2tex', 'MOCOS', 'MOHMT', 'MOX', 'MPTAT', 'MPTG', 'MPTS', 'MPTSS', 'MTHFC', 'MTHFD', 'NADH16pp', 'MTHFR2', 'MTHTHFSs', 'NADK', 'NADS1', 'MALCOAMT', 'NDPK2', 'NDPK3', 'NDPK4', 'NDPK6', 'NH4tex', 'MALS', 'NH4tpp', 'NI2tex', 'NI2tpp', 'NNATr', 'NNDPR', 'O2tex', 'O2tpp', 'OCBT', 'OCTDPS', 'OGMEACPD', 'OGMEACPR', 'OGMEACPS', 'OHPBAT', 'PANTS', 'OMCDC', 'OMPDC', 'OPHBDC', 'OPHHX', 'OPHHX3', 'PAPPT3', 'OPMEACPD', 'OPMEACPR', 'OPMEACPS', 'PAPSR', 'PDH', 'PDX5PO2', 'ORPT', 'PDX5PS', 'P5CR', 'PE160abcpp', 'PE161abcpp', 'PERD', 'PFL', 'PGAMT', 'PGCD', 'PGI', 'PGK', 'PGL', 'PGM', 'MCOATA', 'PRATPP', 'PHETA1', 'PIt2rpp', 'PItex', 'PMDPHT', 'PMEACPE', 'PMPK', 'PNTK', 'PRFGS', 'POR5', 'PRMICI', 'PPBNGS', 'PPC', 'PPCDC', 'PPNCL2', 'PPND', 'PYK', 'PPNDH', 'PPPGO3', 'PRAGSr', 'PRAIS', 'QULNS', 'PRAIi', 'PRAMPC', 'RBFK', 'RBFSa', 'RNTR1c2', 'RNTR2c2', 'RNTR3c2', 'RNTR4c2', 'RBFSb', 'RPI', 'RHCCE', 'SADT2', 'SDPDS', 'SDPTA', 'SHCHD2', 'SHCHF', 'PSCVT', 'SHK3Dr', 'SHKK', 'SHSL1', 'SO4t2pp', 'SERAT', 'SO4tex', 'PSD160', 'PSD161', 'SUCCtex', 'SUCDi', 'TDSK', 'SUCOAS', 'PSERT', 'SULR', 'THD2pp', 'THDPS', 'TALA', 'PSP_L', 'TARTRt7pp', 'THRD_L', 'THRS', 'PSSA160', 'PSSA161', 'THZPSN3', 'TKT1', 'TRPAS2', 'TKT2', 'TRPS3', 'TMDS', 'TMPK', 'TMPPP', 'TPI', 'TRDR', 'TYRL', 'TYRTA', 'PTPATi', 'U23GAAT', 'UGMDDS', 'UHGADA', 'UAAGDS', 'UAGAAT', 'UAGCVT', 'UAGDP', 'UAGPT3', 'UMPK', 'UAMAGS', 'UAMAS', 'UAPGR', 'UDCPDP', 'UDCPDPS', 'UPP3MT', 'UPP3S', 'UPPDC1', 'PUNP1', 'USHD', 'ZN2tpp', 'Zn2tex', 'TARTRtpp', 'MECDPDH2', 'PRASCSi_copy2', 'URIDK2r', 'CTECOAI7_copy2', 'DMALRED']","[-0.0001569139054, -5.58730872e-05, -1.4072996e-06, -0.0003152351103040331, -0.7036498, 0.0036624972090066876, 6.110370086328089, 0.0036624972090000007, -12.012022566600022, 1.7591245e-05, 7.656811452729663, 0.0004988877082000001, -1.4072996e-06, 0.006104162014999999, 0.00048622201179999996, 9.077082419999998e-05, 7.599997647436334, 0.00022727888539999998, 10.35639256556051, 16.997566580737214, 0.07613870609519997, 0.6787624102262326, 0.1774675160587358, 0.00023994458179999996, 0.00015367217670006483, -0.05476084203520001, -40.86985092299881, -0.05476084203520001, -0.2504148908242314, -0.2504148908242314, -0.2504148908242314, -0.2504148908242314, -0.2504148908241177, -0.1956540487889177, -0.19565404878892423, -10.35639256556051, -0.054765063934000005, -5.58730872e-05, -0.027380421017600003, -0.2081339816415948, -0.2081339816415948, -0.08980541667440001, -0.10584863211439999, -0.05476084203520001, -0.20443067274419996, -0.6151792069968371, 0.2504148908242314, 0.2504148908242314, 0.2504148908242314, 0.2504148908241177, 0.2504148908241177, 0.19565404878892423, 0.2081339816415948, 0.08980541667436673, -0.2081339816415948, -6.437083064524574, -6.437083064524574, -6.1067075891190825, -0.0036624972090066876, -6.110370086328089, -0.0004707417162005123, 0.2081339816415948, -0.0003152351103040331, -0.0004707417162005123, -0.3819080398996631, -0.31524566514726304, 0.31524566514726304, -5.680524428762773, -0.0195530206424, -0.0293295309636, -0.00037110819745761177, 0.1373475154114, -0.1744150832263358, -10.35639256556051, -0.21041732524284795, -0.31524566514726315, -0.21041732524284795, -0.044902708337200004, -1.4072996e-06, -0.052924316057199994, -0.16961830253899998, -0.0001569139054, -0.00040530228549534586, -0.23276383559100006, -0.7522551135848403, -0.039997565581399996, -0.0016029142436593258, -0.039997565581399996, 2.0600607428146938, -0.4408978172325948, -1.4072996e-06, -0.0666623747524, -54.44094161175288, -0.0016810193722006615, -8.584527559999999e-05, -8.584527559999999e-05, -8.584527559999999e-05, -0.1744150832263358, -1.4072996e-06, -0.2275490869232, -0.2681743081262006, -0.00015691390540008136, -0.0036624972090066876, -0.0018312486045000004, -0.0036624972090000007, 12.012022566600022, 12.012022566600022, -0.11295338414500003, -1.7591245e-05, -0.0004988877082000001, -1.7591245e-05, -0.0004988877082000001, -0.0003138278108709012, -0.00017169055119999998, -0.0002081379643, 5.122405889999999e-05, -0.1744150832263358, -0.10829944436784048, -33.993768544074825, -6.437083064524574, -0.127293767069696, -0.044902708337200004, -0.052924316057199994, -0.0097765103212, -0.0006276556217418024, -1.4072996e-06, -0.24146516901779996, -0.26101818966019996, -0.2681743081262006, -0.2681743081262006, -0.00019561464440008233, -0.2681743081262006, -0.00019561464440008233, -0.6151792069968371, -0.0004707417162005123, -0.0004707417162005123, -0.20443067274419996, 0.8854605273761179, -0.00040530228549534586, -0.00040530228549534586, -0.26101818966019996, -0.26101818966019996, -0.01888244238300051, -0.0004707417162005123, -0.0004707417162005123, -0.23276383559100006, -0.018411700666799997, 0.23276383559100006, -0.0003138278108709012, -0.0004707417162005123, -0.0003152351103040331, -0.0016810193722006615, -0.0019948471830006616, -0.0001569139054, -0.2081339816415948, -0.2081339816415948, -0.05476084203520001, 0.7522551135848403, -0.2504148908242314, -0.08980541667440001, -0.10584863211439999, -0.2504148908242314, -0.2504148908242314, -0.2504148908241177, -0.2504148908241177, -0.19565404878892423, -0.19565404878892423, -1.4072996e-06, 3.1370831764950644, 0.0017935311743999998, -1.4072996e-06, -10.35639256556051, -10.35639256556051, -0.0001569139054, 0.8854605273761179, -0.013094850612199997, -6.490460106889679, -0.06648646230239999, -0.0025106224864, -0.044902708337200004, -0.052924316057199994, 0.0978270243944, 1.9665138860076965, -0.2368316350840734, -0.07857094396858971, -0.0004707417162005123, -0.15554530653899998, -0.15554530653899998, -0.8189740650736335, -0.06648646230239999, -0.7464851852250305, -0.17149071465682472, -0.0004707417162005123, -0.00015367217670006483, -0.00015367217670006483, -0.0006244138929005771, -1.2740388826275515, -0.15554530653899998, 5.97898482653084, -0.3154025790526631, 0.0195530206424, -0.0025106224864, -0.0025106224864, -0.17149071465682472, -0.8189740650736335, -0.0036438144063999996, -0.00019561464440008233, -0.007287628812799999, -0.0004707417162005123, -0.0003138278108709012, 40.86985092299881, 40.87639834830486, 0.49123692392464036, -0.3829374795567999, -0.10829944436784048, -0.00015691390547090123, -0.0666623747524, -1.4072996e-06, -0.00020124384279999994, -0.00018294894799999995, -1.9702194399999996e-05, -0.00015691390540008136, -0.3700107290812631, -0.00018294894799999995, -0.00018294894799999995, -6.437083064524574, -0.0012700878889999997, -0.0666623747524, -0.0666623747524, -0.039997565581399996, 0.20443067274419996, -0.0666623747524, -7.656811452729663, -0.0666623747524, 0.3819080398996631, 7.656811452729663, -0.17149071465682472, -0.0003138278108, -0.0014854047278005794, -0.3170160480437971, 0.3170160480437971, 0.3170160480437971, -0.3170160480437971, -0.013690210508800002, -0.013690210508800002, 0.6151792069968371, -0.20443067274419996, -0.013690210508800002, -0.027380421017600003, -0.027380421017600003, -0.027380421017600003, -0.1373475154114, -0.1373475154114, -0.3170160480437971, -0.0097765103212, -4.950942559296607, -0.0016810193722006615, 1.4072996e-06, 1.4072996e-06, -0.0016810193722006615, -0.0005294294026002443, -0.00048622201179999996, -0.10861467947820025, -0.00048622201179999996, -0.00034338110239999996, -0.013690210508800002, -0.013690210508800002, -9.077082419999998e-05, -9.077082419999998e-05, -0.006104162014999999, -0.006104162014999999, -8.584527559999999e-05, -0.00040530228549529035, -0.0020409001627406742, -0.00017169055119999998, -0.0097765103212, -0.00017169055119999998, -0.00034338110239999996, -0.618896588889135, -0.618896588889135, -28.00324641801675, -0.10861467947820025, -0.0003152351103040331, -0.0003145314606001204, -0.0016029142436593258, -1.4072996e-06, -0.2992502978934, -0.127293767069696, -0.018411700666799997, 0.018411700666799997, -7.599997647436334, -0.0006244138929005771, -7.599997647436334, -0.00022727888539999998, -0.00022727888539999998, -0.0016029142436593258, -0.0016029142436593258, -16.997566580737214, -17.000840293390265, -0.2081339816415948, -0.00015691390540008136, -1.4072996e-06, -1.4072996e-06, -1.4072996e-06, -0.0001569139054, -0.00040530228549534586, -0.3170160480437971, -0.23276383559100006, -0.0001569139054, -0.0002081379643, 5.122405889999999e-05, -0.0195530206424, -1.4072996e-06, -1.4072996e-06, -1.4072996e-06, -0.1744150832263358, 0.2192484305904987, -0.0001569139054, 0.23276383559100006, -0.0001569139054, -0.15554530653899998, -0.0323298937108, -0.014818864788, -0.0001569139054, 7.579966561720687, 0.06648646230239999, -1.1705692904873664, 0.8189740650737178, -1.9665138860076965, -0.8189740650736335, -3.1370831764950644, -0.0547636566344, -0.0666623747524, 0.130361680197, -0.6787624102262326, -0.6787624102262326, -0.0003138278108709012, -1.4072996e-06, -0.0001569139054, -0.00040530228549534586, -0.3154025790526631, -0.0748444146268, -0.0666623747524, -0.0012553112432, -2.006059286556688, -0.00040530228549534586, -0.00040530228549534586, -0.09718740672619999, 4.840963993588033, -0.130361680197, -0.0001569139054, -0.3154025790526631, -0.3154025790526631, -0.0016029142436593258, -0.039997565581399996, -0.0666623747524, -0.00015691390547090123, -0.0006276556217418024, -0.018411700666799997, -0.0190105066466, -0.0190105066466, -0.018411700666799997, -0.0003138278108709012, 0.790965988434307, -0.0003152351103040331, -0.1744150832263358, -0.26101818966019996, 0.26101818966019996, -0.0001569139054, -0.0001569139054, -0.2681743081262006, -0.2681743081262006, -0.2681743081262006, -0.10829944436784048, -0.1774675160587358, -0.1744150832263358, -0.1774675160587358, -0.044902708337200004, -0.052924316057199994, -0.07613870609519997, -5.757133876574173, -0.013690210508800002, 5.311206794734733, -1.1705692904873664, -0.1744150832263358, -1.2904899440508886, -0.26101818966019996, -0.13416561101580027, -1.1705692904873664, 0.07613870609519997, -0.20443067274419996, -0.3829374795567999, -0.044902708337200004, -0.052924316057199994, -0.0001569139054, -0.13416561101580027, 0.039997565581399996, 0.13416561101580032, -0.039997565581399996, -0.018411700666799997, -0.0001569139054, -0.0001569139054, 0.9848904660141766, -0.1744150832263358, -0.0001569139054, 0.09718740672619999, -0.00040530228549534586, -0.027380421017600003, -0.0195530206424, -0.027380421017600003, -0.0195530206424, -0.027380421017600003, -0.0195530206424, -0.06648646230239999, -0.0195530206424, -0.2660070667422001, -0.0195530206424, -0.0195530206424, -0.0195530206424, -0.0195530206424, -3.870073900000097e-05, -0.0001569139054, -0.0003138278108, -0.0001569139054, 0.00037110819745761177, -0.013690210508800002, -0.00023994458179999996, -0.00023994458179999996, -0.07613870609519997, -0.0016810193722006615, -0.31524566514726304, 0.018411700666799997, 0.10584863211439999, -1.538101061323232]","[0.0001569139054, 5.58730872e-05, 1.4072996e-06, 0.0003152351103040331, 0.7036498, 0.0036624972090066876, 6.110370086328089, 0.0036624972090000007, 12.012022566600022, 1.7591245e-05, 7.656811452729663, 0.0004988877082000001, 1.4072996e-06, 0.006104162014999999, 0.00048622201179999996, 9.077082419999998e-05, 7.599997647436334, 0.00022727888539999998, 10.35639256556051, 16.997566580737214, 0.07613870609519997, 0.6787624102262326, 0.1774675160587358, 0.00023994458179999996, 0.00015367217670006483, 0.05476084203520001, 40.86985092299881, 0.05476084203520001, 0.2504148908242314, 0.2504148908242314, 0.2504148908242314, 0.2504148908242314, 0.2504148908241177, 0.1956540487889177, 0.19565404878892423, 10.35639256556051, 0.054765063934000005, 5.58730872e-05, 0.027380421017600003, 0.2081339816415948, 0.2081339816415948, 0.08980541667440001, 0.10584863211439999, 0.05476084203520001, 0.20443067274419996, 0.6151792069968371, 0.2504148908242314, 0.2504148908242314, 0.2504148908242314, 0.2504148908241177, 0.2504148908241177, 0.19565404878892423, 0.2081339816415948, 0.08980541667436673, 0.2081339816415948, 6.437083064524574, 6.437083064524574, 6.1067075891190825, 0.0036624972090066876, 6.110370086328089, 0.0004707417162005123, 0.2081339816415948, 0.0003152351103040331, 0.0004707417162005123, 0.3819080398996631, 0.31524566514726304, 0.31524566514726304, 5.680524428762773, 0.0195530206424, 0.0293295309636, 0.00037110819745761177, 0.1373475154114, 0.1744150832263358, 10.35639256556051, 0.21041732524284795, 0.31524566514726315, 0.21041732524284795, 0.044902708337200004, 1.4072996e-06, 0.052924316057199994, 0.16961830253899998, 0.0001569139054, 0.00040530228549534586, 0.23276383559100006, 0.7522551135848403, 0.039997565581399996, 0.0016029142436593258, 0.039997565581399996, 2.0600607428146938, 0.4408978172325948, 1.4072996e-06, 0.0666623747524, 54.44094161175288, 0.0016810193722006615, 8.584527559999999e-05, 8.584527559999999e-05, 8.584527559999999e-05, 0.1744150832263358, 1.4072996e-06, 0.2275490869232, 0.2681743081262006, 0.00015691390540008136, 0.0036624972090066876, 0.0018312486045000004, 0.0036624972090000007, 12.012022566600022, 12.012022566600022, 0.11295338414500003, 1.7591245e-05, 0.0004988877082000001, 1.7591245e-05, 0.0004988877082000001, 0.0003138278108709012, 0.00017169055119999998, 0.0002081379643, 5.122405889999999e-05, 0.1744150832263358, 0.10829944436784048, 33.993768544074825, 6.437083064524574, 0.127293767069696, 0.044902708337200004, 0.052924316057199994, 0.0097765103212, 0.0006276556217418024, 1.4072996e-06, 0.24146516901779996, 0.26101818966019996, 0.2681743081262006, 0.2681743081262006, 0.00019561464440008233, 0.2681743081262006, 0.00019561464440008233, 0.6151792069968371, 0.0004707417162005123, 0.0004707417162005123, 0.20443067274419996, 0.8854605273761179, 0.00040530228549534586, 0.00040530228549534586, 0.26101818966019996, 0.26101818966019996, 0.01888244238300051, 0.0004707417162005123, 0.0004707417162005123, 0.23276383559100006, 0.018411700666799997, 0.23276383559100006, 0.0003138278108709012, 0.0004707417162005123, 0.0003152351103040331, 0.0016810193722006615, 0.0019948471830006616, 0.0001569139054, 0.2081339816415948, 0.2081339816415948, 0.05476084203520001, 0.7522551135848403, 0.2504148908242314, 0.08980541667440001, 0.10584863211439999, 0.2504148908242314, 0.2504148908242314, 0.2504148908241177, 0.2504148908241177, 0.19565404878892423, 0.19565404878892423, 1.4072996e-06, 3.1370831764950644, 0.0017935311743999998, 1.4072996e-06, 10.35639256556051, 10.35639256556051, 0.0001569139054, 0.8854605273761179, 0.013094850612199997, 6.490460106889679, 0.06648646230239999, 0.0025106224864, 0.044902708337200004, 0.052924316057199994, 0.0978270243944, 1.9665138860076965, 0.2368316350840734, 0.07857094396858971, 0.0004707417162005123, 0.15554530653899998, 0.15554530653899998, 0.8189740650736335, 0.06648646230239999, 0.7464851852250305, 0.17149071465682472, 0.0004707417162005123, 0.00015367217670006483, 0.00015367217670006483, 0.0006244138929005771, 1.2740388826275515, 0.15554530653899998, 5.97898482653084, 0.3154025790526631, 0.0195530206424, 0.0025106224864, 0.0025106224864, 0.17149071465682472, 0.8189740650736335, 0.0036438144063999996, 0.00019561464440008233, 0.007287628812799999, 0.0004707417162005123, 0.0003138278108709012, 40.86985092299881, 40.87639834830486, 0.49123692392464036, 0.3829374795567999, 0.10829944436784048, 0.00015691390547090123, 0.0666623747524, 1.4072996e-06, 0.00020124384279999994, 0.00018294894799999995, 1.9702194399999996e-05, 0.00015691390540008136, 0.3700107290812631, 0.00018294894799999995, 0.00018294894799999995, 6.437083064524574, 0.0012700878889999997, 0.0666623747524, 0.0666623747524, 0.039997565581399996, 0.20443067274419996, 0.0666623747524, 7.656811452729663, 0.0666623747524, 0.3819080398996631, 7.656811452729663, 0.17149071465682472, 0.0003138278108, 0.0014854047278005794, 0.3170160480437971, 0.3170160480437971, 0.3170160480437971, 0.3170160480437971, 0.013690210508800002, 0.013690210508800002, 0.6151792069968371, 0.20443067274419996, 0.013690210508800002, 0.027380421017600003, 0.027380421017600003, 0.027380421017600003, 0.1373475154114, 0.1373475154114, 0.3170160480437971, 0.0097765103212, 4.950942559296607, 0.0016810193722006615, 1.4072996e-06, 1.4072996e-06, 0.0016810193722006615, 0.0005294294026002443, 0.00048622201179999996, 0.10861467947820025, 0.00048622201179999996, 0.00034338110239999996, 0.013690210508800002, 0.013690210508800002, 9.077082419999998e-05, 9.077082419999998e-05, 0.006104162014999999, 0.006104162014999999, 8.584527559999999e-05, 0.00040530228549529035, 0.0020409001627406742, 0.00017169055119999998, 0.0097765103212, 0.00017169055119999998, 0.00034338110239999996, 0.618896588889135, 0.618896588889135, 28.00324641801675, 0.10861467947820025, 0.0003152351103040331, 0.0003145314606001204, 0.0016029142436593258, 1.4072996e-06, 0.2992502978934, 0.127293767069696, 0.018411700666799997, 0.018411700666799997, 7.599997647436334, 0.0006244138929005771, 7.599997647436334, 0.00022727888539999998, 0.00022727888539999998, 0.0016029142436593258, 0.0016029142436593258, 16.997566580737214, 17.000840293390265, 0.2081339816415948, 0.00015691390540008136, 1.4072996e-06, 1.4072996e-06, 1.4072996e-06, 0.0001569139054, 0.00040530228549534586, 0.3170160480437971, 0.23276383559100006, 0.0001569139054, 0.0002081379643, 5.122405889999999e-05, 0.0195530206424, 1.4072996e-06, 1.4072996e-06, 1.4072996e-06, 0.1744150832263358, 0.2192484305904987, 0.0001569139054, 0.23276383559100006, 0.0001569139054, 0.15554530653899998, 0.0323298937108, 0.014818864788, 0.0001569139054, 7.579966561720687, 0.06648646230239999, 1.1705692904873664, 0.8189740650737178, 1.9665138860076965, 0.8189740650736335, 3.1370831764950644, 0.0547636566344, 0.0666623747524, 0.130361680197, 0.6787624102262326, 0.6787624102262326, 0.0003138278108709012, 1.4072996e-06, 0.0001569139054, 0.00040530228549534586, 0.3154025790526631, 0.0748444146268, 0.0666623747524, 0.0012553112432, 2.006059286556688, 0.00040530228549534586, 0.00040530228549534586, 0.09718740672619999, 4.840963993588033, 0.130361680197, 0.0001569139054, 0.3154025790526631, 0.3154025790526631, 0.0016029142436593258, 0.039997565581399996, 0.0666623747524, 0.00015691390547090123, 0.0006276556217418024, 0.018411700666799997, 0.0190105066466, 0.0190105066466, 0.018411700666799997, 0.0003138278108709012, 0.790965988434307, 0.0003152351103040331, 0.1744150832263358, 0.26101818966019996, 0.26101818966019996, 0.0001569139054, 0.0001569139054, 0.2681743081262006, 0.2681743081262006, 0.2681743081262006, 0.10829944436784048, 0.1774675160587358, 0.1744150832263358, 0.1774675160587358, 0.044902708337200004, 0.052924316057199994, 0.07613870609519997, 5.757133876574173, 0.013690210508800002, 5.311206794734733, 1.1705692904873664, 0.1744150832263358, 1.2904899440508886, 0.26101818966019996, 0.13416561101580027, 1.1705692904873664, 0.07613870609519997, 0.20443067274419996, 0.3829374795567999, 0.044902708337200004, 0.052924316057199994, 0.0001569139054, 0.13416561101580027, 0.039997565581399996, 0.13416561101580032, 0.039997565581399996, 0.018411700666799997, 0.0001569139054, 0.0001569139054, 0.9848904660141766, 0.1744150832263358, 0.0001569139054, 0.09718740672619999, 0.00040530228549534586, 0.027380421017600003, 0.0195530206424, 0.027380421017600003, 0.0195530206424, 0.027380421017600003, 0.0195530206424, 0.06648646230239999, 0.0195530206424, 0.2660070667422001, 0.0195530206424, 0.0195530206424, 0.0195530206424, 0.0195530206424, 3.870073900000097e-05, 0.0001569139054, 0.0003138278108, 0.0001569139054, 0.00037110819745761177, 0.013690210508800002, 0.00023994458179999996, 0.00023994458179999996, 0.07613870609519997, 0.0016810193722006615, 0.31524566514726304, 0.018411700666799997, 0.10584863211439999, 1.538101061323232]","['EX_ac_e', 'EX_etoh_e', 'EX_succ_e', 'EX_glyclt_e', 'ACALD', 'ACtex', 'ALCD2x', 'CPPPGO2', 'DHAPT', 'FE3abcpp', 'ETOHtex', 'ETOHtrpp', 'F6PA', 'GLYCLTt2rpp', 'GLYCLTtex', 'OPHHX3', 'SUCCtex', 'TARTRt7pp', 'TARTRtpp', 'CTECOAI7_copy2']","['ACt4pp', 'AKGDH', 'CPPPGO', 'CYTBO3_4pp', 'DMPPS', 'DHORD2', 'G3PAT160', 'G3PAT161', 'GART', 'G6PDH2r', 'GLYCTO2', 'GND', 'FESD1s', 'FESR', 'NADH16pp', 'MALS', 'O2tpp', 'OPHHX', 'PDX5PO2', 'PGL', 'SUCDi', 'MECDPDH2']","['DM_4crsol_c', 'DM_5drib_c', 'DM_amob_c', 'DM_mththf_c', 'BIOMASS_Ec_iJO1366_core_53p95M', 'EX_ca2_e', 'EX_cl_e', 'EX_co2_e', 'EX_cobalt2_e', 'EX_for_e', 'EX_cu2_e', 'EX_meoh_e', 'EX_mg2_e', 'EX_mn2_e', 'EX_mobd_e', 'EX_nh4_e', 'EX_ni2_e', 'EX_o2_e', 'EX_pi_e', 'EX_so4_e', 'EX_zn2_e', '3OAR140', 'EX_h2o_e', '3OAS140', 'ACACT1r', 'ACACT2r', 'ACACT3r', 'ACACT4r', 'ACACT5r', 'ACACT6r', 'ACACT7r', 'ACCOAC', '5DOAN', 'A5PISO', 'ACGK', 'ACGS', 'AACPS3', 'AACPS4', 'AACPS7', 'ACHBS', 'ACLS', 'ACOAD1f', 'ACOAD2f', 'ACOAD3f', 'ACOAD4f', 'ACOAD5f', 'ACOAD6f', 'ACOTA', 'ACOAD7f', 'ACODA', 'ACONTa', 'ACONTb', 'ACt2rpp', 'ADCL', 'AGPR', 'AHCYSNS', 'ADCS', 'AICART', 'AIRC2', 'AIRC3', 'ALAALAr', 'ALAR', 'ADNK1', 'EX_k_e', 'ADSK', 'ADSL1r', 'ADSL2r', 'ADSS', 'AGPAT160', 'AMAOTr', 'AGPAT161', 'ASNS2', 'AMPMS2', 'ASP1DC', 'ASPCT', 'ASPK', 'ANPRT', 'ASPO6', 'ANS', 'ASPTA', 'CBMKr', 'AOXSr2', 'ATPPRT', 'ATPS4rpp', 'CDPMEK', 'BMOCOS', 'BMOGDS1', 'BMOGDS2', 'BPNT', 'BTS5', 'CHORM', 'CHORS', 'CHRPL', 'CA2tex', 'CLt3_2pp', 'CLtex', 'CO2tex', 'CO2tpp', 'CTPS2', 'COBALT2tex', 'CU2tex', 'COBALT2tpp', 'CU2tpp', 'APRAUR', 'CPMPS', 'CYSS', 'CYSTL', 'CS', 'CYTK1', 'DASYN160', 'DASYN161', 'DALAt2pp', 'DB4PS', 'DBTS', 'DAPDC', 'DAPE', 'DHQS', 'DHQTi', 'DMATT', 'DDPA', 'DHAD1', 'DNMPPA', 'DNTPPA', 'DHAD2', 'DPCOAK', 'DPR', 'DHDPRy', 'DHDPS', 'DHFR', 'DHFS', 'DHNPA2r', 'DTMPK', 'DHORTS', 'DHPPDA2', 'DHPS2', 'DHPTDCs2', 'DXPRIi', 'DXPS', 'E4PD', 'ARGSL', 'ARGSS', 'FACOAE120', 'ASAD', 'ECOAH1', 'FACOAE160', 'FACOAE161', 'ECOAH2', 'ECOAH3', 'ECOAH4', 'ECOAH5', 'ECOAH6', 'ECOAH7', 'EGMEACPR', 'ENO', 'EPMEACPR', 'FCLT', 'FE2tpp', 'FUM', 'G1PACT', 'G1SAT', 'G3PD2', 'GAPD', 'GARFT', 'GCALDD', 'G5SADs', 'G5SD', 'GF6PTA', 'GHMT2r', 'GK1', 'HPPK2', 'GLNS', 'GLU5K', 'GLUDy', 'GLUPRT', 'GLUR', 'GLUTRR', 'GLUTRS', 'GMPS2', 'GRTT', 'GTPCI', 'GTPCII2', 'H2Otex', 'H2Otpp', 'HSDy', 'HSK', 'HSST', 'FMNAT', 'HSTPT', 'I2FE2SR', 'I2FE2SS', 'I2FE2SS2', 'I2FE2ST', 'HBZOPT', 'HCO3E', 'I4FE4SR', 'I4FE4ST', 'ICDHyr', 'ICYSDS', 'IG3PS', 'IGPDH', 'IGPS', 'ILETA', 'HISTD', 'FORtex', 'HISTP', 'IMPC', 'FORtppi', 'IMPD', 'HMBS', 'IPDPS', 'IPMD', 'IPPMIa', 'IPPMIb', 'IPPS', 'K2L4Aabcpp', 'K2L4Aabctex', 'KARA1', 'KARA2', 'LPADSS', 'KDOCT2', 'KDOPP', 'KDOPS', 'Kt2pp', 'Ktex', 'LEUTAi', 'MCTP1App', 'MDH', 'MECDPS', 'MEOHtex', 'MEOHtrpp', 'MEPCT', 'METAT', 'MN2tpp', 'METS', 'MNtex', 'MOADSUx', 'MOAT', 'MOAT2', 'MOBDabcpp', 'MOBDtex', 'MG2t3_2pp', 'MG2tex', 'MOCOS', 'MOHMT', 'MOX', 'MPTAT', 'MPTG', 'MPTS', 'MPTSS', 'MTHFC', 'MTHFD', 'MTHFR2', 'MTHTHFSs', 'NADK', 'NADS1', 'MALCOAMT', 'NDPK2', 'NDPK3', 'NDPK4', 'NDPK6', 'NH4tex', 'NH4tpp', 'NI2tex', 'NI2tpp', 'NNATr', 'NNDPR', 'O2tex', 'OCBT', 'OCTDPS', 'OGMEACPD', 'OGMEACPR', 'OGMEACPS', 'OHPBAT', 'PANTS', 'OMCDC', 'OMPDC', 'OPHBDC', 'PAPPT3', 'OPMEACPD', 'OPMEACPR', 'OPMEACPS', 'PAPSR', 'PDH', 'ORPT', 'PDX5PS', 'P5CR', 'PE160abcpp', 'PE161abcpp', 'PERD', 'PFL', 'PGAMT', 'PGCD', 'PGI', 'PGK', 'PGM', 'MCOATA', 'PRATPP', 'PHETA1', 'PIt2rpp', 'PItex', 'PMDPHT', 'PMEACPE', 'PMPK', 'PNTK', 'PRFGS', 'POR5', 'PRMICI', 'PPBNGS', 'PPC', 'PPCDC', 'PPNCL2', 'PPND', 'PYK', 'PPNDH', 'PPPGO3', 'PRAGSr', 'PRAIS', 'QULNS', 'PRAIi', 'PRAMPC', 'RBFK', 'RBFSa', 'RNTR1c2', 'RNTR2c2', 'RNTR3c2', 'RNTR4c2', 'RBFSb', 'RPI', 'RHCCE', 'SADT2', 'SDPDS', 'SDPTA', 'SHCHD2', 'SHCHF', 'PSCVT', 'SHK3Dr', 'SHKK', 'SHSL1', 'SO4t2pp', 'SERAT', 'SO4tex', 'PSD160', 'PSD161', 'TDSK', 'SUCOAS', 'PSERT', 'SULR', 'THD2pp', 'THDPS', 'TALA', 'PSP_L', 'THRD_L', 'THRS', 'PSSA160', 'PSSA161', 'THZPSN3', 'TKT1', 'TRPAS2', 'TKT2', 'TRPS3', 'TMDS', 'TMPK', 'TMPPP', 'TPI', 'TRDR', 'TYRL', 'TYRTA', 'PTPATi', 'U23GAAT', 'UGMDDS', 'UHGADA', 'UAAGDS', 'UAGAAT', 'UAGCVT', 'UAGDP', 'UAGPT3', 'UMPK', 'UAMAGS', 'UAMAS', 'UAPGR', 'UDCPDP', 'UDCPDPS', 'UPP3MT', 'UPP3S', 'UPPDC1', 'PUNP1', 'USHD', 'ZN2tpp', 'Zn2tex', 'PRASCSi_copy2', 'URIDK2r', 'DMALRED']",O2tpp,CPPPGO2,617.4976873772595,1,434,392,-286.0,-170.53609251780227,iECW_1372,PSL,False,False,0.0,0.0,0.0382302010053767,-0.349644426752548
215,"['DM_4crsol_c', 'DM_5drib_c', 'DM_amob_c', 'DM_mththf_c', 'BIOMASS_Ec_iJO1366_core_53p95M', 'EX_ca2_e', 'EX_ac_e', 'EX_cl_e', 'EX_co2_e', 'EX_cobalt2_e', 'EX_for_e', 'EX_cu2_e', 'EX_meoh_e', 'EX_mg2_e', 'EX_mn2_e', 'EX_mobd_e', 'EX_nh4_e', 'EX_ni2_e', 'EX_etoh_e', 'EX_o2_e', 'EX_succ_e', 'EX_pi_e', 'EX_so4_e', 'EX_zn2_e', 'EX_glyclt_e', '3OAR140', 'EX_h2o_e', '3OAS140', 'ACACT1r', 'ACACT2r', 'ACACT3r', 'ACACT4r', 'ACACT5r', 'ACACT6r', 'ACACT7r', 'ACALD', 'ACCOAC', '5DOAN', 'A5PISO', 'ACGK', 'ACGS', 'AACPS3', 'AACPS4', 'AACPS7', 'ACHBS', 'ACKr', 'ACLS', 'ACOAD1f', 'ACOAD2f', 'ACOAD3f', 'ACOAD4f', 'ACOAD5f', 'ACOAD6f', 'ACOTA', 'ACOAD7f', 'ACODA', 'ACONTa', 'ACONTb', 'ACtex', 'ADCL', 'AGPR', 'AHCYSNS', 'ADCS', 'AICART', 'AIRC2', 'AIRC3', 'AKGDH', 'ALAALAr', 'ALAR', 'ADNK1', 'EX_k_e', 'ADSK', 'ALCD2x', 'ADSL1r', 'ADSL2r', 'ADSS', 'AGPAT160', 'AMAOTr', 'AGPAT161', 'ASNS2', 'AMPMS2', 'ASP1DC', 'ASPCT', 'ASPK', 'ANPRT', 'ASPO6', 'ANS', 'ASPTA', 'CBMKr', 'AOXSr2', 'ATPPRT', 'ATPS4rpp', 'CDPMEK', 'BMOCOS', 'BMOGDS1', 'BMOGDS2', 'BPNT', 'BTS5', 'CHORM', 'CHORS', 'CHRPL', 'CA2t3pp', 'CA2tex', 'CLt3_2pp', 'CLtex', 'CO2tex', 'CO2tpp', 'CTPS2', 'COBALT2tex', 'CU2tex', 'COBALT2tpp', 'CU2tpp', 'APRAUR', 'CPMPS', 'CPPPGO', 'CPPPGO2', 'CYSS', 'CYSTL', 'CYTBO3_4pp', 'CS', 'CYTK1', 'CTECOAI7_copy1', 'DASYN160', 'DASYN161', 'DALAt2pp', 'DB4PS', 'DBTS', 'DAPDC', 'DAPE', 'DHQS', 'DHQTi', 'DMATT', 'DDPA', 'DMPPS', 'DHAD1', 'DNMPPA', 'DNTPPA', 'DHAD2', 'DHAPT', 'DPCOAK', 'DPR', 'DHDPRy', 'DHDPS', 'DHFR', 'DHFS', 'DHNPA2r', 'DHORD2', 'DTMPK', 'DHORTS', 'DHPPDA2', 'DHPS2', 'DHPTDCs2', 'DXPRIi', 'DXPS', 'E4PD', 'ARGSL', 'ARGSS', 'FACOAE120', 'ASAD', 'ECOAH1', 'FACOAE160', 'FACOAE161', 'ECOAH2', 'ECOAH3', 'ECOAH4', 'ECOAH5', 'ECOAH6', 'ECOAH7', 'EGMEACPR', 'ENO', 'FE3abcpp', 'EPMEACPR', 'ETOHtex', 'ETOHtrpp', 'FCLT', 'F6PA', 'FE2tpp', 'FUM', 'G1PACT', 'G1SAT', 'G3PAT160', 'G3PAT161', 'G3PD2', 'GAPD', 'GARFT', 'GART', 'GCALDD', 'G5SADs', 'G5SD', 'G6PDH2r', 'GF6PTA', 'GHMT2r', 'GK1', 'HPPK2', 'GLYCLTt2rpp', 'GLYCLTtex', 'GLYCTO2', 'GLNS', 'GLU5K', 'GLUDy', 'GLUPRT', 'GLUR', 'GLUTRR', 'GLUTRS', 'GMPS2', 'GND', 'FESD1s', 'GRTT', 'FESR', 'GTPCI', 'GTPCII2', 'H2Otex', 'H2Otpp', 'HSDy', 'HSK', 'HSST', 'FMNAT', 'HSTPT', 'I2FE2SR', 'I2FE2SS', 'I2FE2SS2', 'I2FE2ST', 'HBZOPT', 'HCO3E', 'I4FE4SR', 'I4FE4ST', 'ICDHyr', 'ICYSDS', 'IG3PS', 'IGPDH', 'IGPS', 'ILETA', 'HISTD', 'FORtex', 'HISTP', 'IMPC', 'FORtppi', 'IMPD', 'HMBS', 'IPDPS', 'IPMD', 'IPPMIa', 'IPPMIb', 'IPPS', 'K2L4Aabcpp', 'K2L4Aabctex', 'KARA1', 'KARA2', 'LPADSS', 'KDOCT2', 'KDOPP', 'KDOPS', 'Kt2pp', 'Ktex', 'LEUTAi', 'MCTP1App', 'MDH', 'MECDPS', 'MEOHtex', 'MEOHtrpp', 'MEPCT', 'METAT', 'MN2tpp', 'METS', 'MNtex', 'MOADSUx', 'MOAT', 'MOAT2', 'MOBDabcpp', 'MOBDtex', 'MG2t3_2pp', 'MG2tex', 'MOCOS', 'MOHMT', 'MOX', 'MPTAT', 'MPTG', 'MPTS', 'MPTSS', 'MTHFC', 'MTHFD', 'NADH16pp', 'MTHFR2', 'MTHTHFSs', 'NADK', 'NADS1', 'MALCOAMT', 'NDPK2', 'NDPK3', 'NDPK4', 'NDPK6', 'NH4tex', 'MALS', 'NH4tpp', 'NI2tex', 'NI2tpp', 'NNATr', 'NNDPR', 'O2tex', 'O2tpp', 'OCBT', 'OCTDPS', 'OGMEACPD', 'OGMEACPR', 'OGMEACPS', 'OHPBAT', 'PANTS', 'OMCDC', 'OMPDC', 'OPHBDC', 'OPHHX', 'OPHHX3', 'PAPPT3', 'OPMEACPD', 'OPMEACPR', 'OPMEACPS', 'PAPSR', 'PDH', 'PDX5POi', 'ORPT', 'PDX5PS', 'P5CR', 'PE160abcpp', 'PE161abcpp', 'PERD', 'PFL', 'PGAMT', 'PGCD', 'PGI', 'PGK', 'PGL', 'PGM', 'MCOATA', 'PRATPP', 'PHETA1', 'PIt2rpp', 'PItex', 'PMDPHT', 'PMEACPE', 'PMPK', 'PNTK', 'PRFGS', 'POR5', 'PRMICI', 'PPBNGS', 'PPC', 'PPCDC', 'PPNCL2', 'PPND', 'PYK', 'PPNDH', 'PPPGO3', 'PRAGSr', 'PRAIS', 'QULNS', 'PRAIi', 'PRAMPC', 'PRASCSi_copy1', 'RBFK', 'RBFSa', 'RNTR1c2', 'RNTR2c2', 'RNTR3c2', 'RNTR4c2', 'RBFSb', 'RPI', 'PRPPS', 'RHCCE', 'SADT2', 'SDPDS', 'SDPTA', 'SHCHD2', 'SHCHF', 'PSCVT', 'SHK3Dr', 'SHKK', 'SHSL1', 'SO4t2pp', 'SERAT', 'SO4tex', 'PSD160', 'PSD161', 'SUCCtex', 'SUCDi', 'TDSK', 'SUCOAS', 'PSERT', 'SULR', 'THD2pp', 'THDPS', 'TALA', 'PSP_L', 'TARTRt7pp', 'THRD_L', 'THRS', 'PSSA160', 'PSSA161', 'THZPSN3', 'TKT1', 'TRPAS2', 'TKT2', 'TRPS3', 'TMDS', 'TMPK', 'TMPPP', 'TPI', 'TRDR', 'PTAr', 'TYRL', 'TYRTA', 'PTPATi', 'U23GAAT', 'UGMDDS', 'UHGADA', 'UAAGDS', 'UAGAAT', 'UAGCVT', 'UAGDP', 'UAGPT3', 'UMPK', 'UAMAGS', 'UAMAS', 'UAPGR', 'UDCPDP', 'UDCPDPS', 'UPP3MT', 'UPP3S', 'UPPDC1', 'PUNP1', 'USHD', 'ZN2tpp', 'Zn2tex', 'TARTRtpp', 'MECDPDH2', 'URIDK2r', 'DMALRED']","[-0.0001569139054, -5.58730872e-05, -1.4072996e-06, -0.00031523511039991103, -0.7036498, 0.0036624972090000007, 6.110370086395733, 0.0036624972090000007, -12.012022566757713, 1.7591245e-05, 7.656811452894162, 0.0004988877082000001, -1.4072996e-06, 0.006104162014999999, 0.00048622201179999996, 9.077082419999998e-05, 7.599997647437703, 0.00022727888539999998, 10.35639256548535, 16.997566580743182, 0.07613870609519997, 0.6787624102267906, 0.1774675160579037, 0.00023994458179999996, 0.00015367217670003708, -0.05476084203520001, -40.869850923082026, -0.05476084203520001, -0.25041489082400403, -0.25041489082400403, -0.25041489082400403, -0.25041489082400403, -0.25041489082400403, -0.19565404878881054, -0.19565404878881054, -10.35639256548535, -0.05476506393400002, -5.58730872e-05, -0.027380421017600003, -0.2081339816415948, -0.2081339816415948, -0.08980541667440001, -0.10584863211439999, -0.05476084203520001, -0.20443067274419996, -6.520299572280447, -0.6151792069960456, 0.25041489082400403, 0.25041489082400403, 0.25041489082400403, 0.25041489082400403, 0.25041489082400403, 0.19565404878881054, 0.2081339816415948, 0.08980541667436673, -0.2081339816415948, -6.437083064521286, -6.437083064521286, -6.110370086395733, -0.00047074171619992944, 0.2081339816415948, -0.00031523511039991103, -0.00047074171619992944, -0.38190803990023825, -0.31524566514781444, 0.31524566514781444, -5.680524428759451, -0.0195530206424, -0.0293295309636, -0.00037110819759991103, 0.1373475154114, -0.1744150832255037, -10.35639256548535, -0.21041732524356802, -0.31524566514783825, -0.21041732524356802, -0.044902708337200004, -1.4072996e-06, -0.052924316057199994, -0.16961830253899998, -0.0001569139054, -0.00040530228470370133, -0.2327638355910001, -0.7522551135847998, -0.039997565581399996, -0.0016029142436593258, -0.039997565581399996, 2.060060742815158, -0.4408978172325949, -1.4072996e-06, -0.0666623747524, -54.44094161182236, -0.0016810193721997733, -8.584527559999999e-05, -8.584527559999999e-05, -8.584527559999999e-05, -0.1744150832255037, -1.4072996e-06, -0.2275490869232, -0.2681743081261999, -0.00015691390539997034, 0.0036624972090000007, -0.0036624972090000007, -0.0018312486045000004, -0.0036624972090000007, 12.012022566757713, 12.012022566757713, -0.11295338414500009, -1.7591245e-05, -0.0004988877082000001, -1.7591245e-05, -0.0004988877082000001, -0.0003138278108213556, -0.00017169055119999998, -0.0002081379643, 5.122405889999999e-05, -0.1744150832255037, -0.10829944436779998, -33.99376854408672, -6.437083064521286, -0.1272937670689034, 0.10584863211439999, -0.044902708337200004, -0.052924316057199994, -0.0097765103212, -0.0006276556216427112, -1.4072996e-06, -0.24146516901779996, -0.26101818966019996, -0.2681743081261999, -0.2681743081261999, -0.0001956146443999713, -0.2681743081261999, -0.0001956146443999713, -0.6151792069960456, -0.00047074171619992944, -0.00047074171619992944, -0.20443067274419996, 0.885460527376738, -0.00040530228470370133, -0.00040530228470370133, -0.26101818966019996, -0.26101818966019996, -0.018882442382999926, -0.00047074171619992944, -0.00047074171619992944, -0.2327638355910001, -0.018411700666799997, 0.2327638355910001, -0.0003138278108213556, -0.00047074171619992944, -0.00031523511039991103, -0.0016810193721997733, -0.0019948471829997734, -0.0001569139054, -0.2081339816415948, -0.2081339816415948, -0.05476084203520001, 0.7522551135847998, -0.25041489082400403, -0.08980541667440001, -0.10584863211439999, -0.25041489082400403, -0.25041489082400403, -0.25041489082400403, -0.25041489082400403, -0.19565404878881054, -0.19565404878881054, -1.4072996e-06, 3.13708317649602, 0.0017935311743999998, -1.4072996e-06, -10.35639256548535, -10.35639256548535, -0.0001569139054, 0.885460527376738, -0.013094850612199997, -6.490460106887554, -0.06648646230239999, -0.0025106224864, -0.044902708337200004, -0.052924316057199994, 0.0978270243944, 1.9665138860089328, -0.23683163508483995, -0.07857094396837455, -0.00047074171619992944, -0.15554530653899998, -0.15554530653899998, -0.8189740650743164, -0.06648646230239999, -0.7464851852255818, -0.1714907146566702, -0.00047074171619992944, -0.00015367217670003708, -0.00015367217670003708, -0.0006244138928999665, -1.274038882628499, -0.15554530653899998, 5.978984826531171, -0.31540257905321445, 0.0195530206424, -0.0025106224864, -0.0025106224864, -0.1714907146566702, -0.8189740650743164, -0.0036438144063999996, -0.0001956146443999713, -0.007287628812799999, -0.00047074171619992944, -0.0003138278108213556, 40.869850923082026, 40.87639834838818, 0.49123692392459983, -0.3829374795567999, -0.10829944436779998, -0.00015691390542135563, -0.0666623747524, -1.4072996e-06, -0.00020124384279999994, -0.00018294894799999995, -1.9702194399999996e-05, -0.00015691390539997034, -0.3700107290818144, -0.00018294894799999995, -0.00018294894799999995, -6.437083064521286, -0.0012700878889999997, -0.0666623747524, -0.0666623747524, -0.039997565581399996, 0.20443067274419996, -0.0666623747524, -7.656811452894162, -0.0666623747524, 0.38190803990023825, 7.656811452894162, -0.1714907146566702, -0.0003138278108, -0.001485404727799802, -0.3170160480437971, 0.3170160480437971, 0.3170160480437971, -0.3170160480437971, -0.013690210508800002, -0.013690210508800002, 0.6151792069960456, -0.20443067274419996, -0.013690210508800002, -0.027380421017600003, -0.027380421017600003, -0.027380421017600003, -0.1373475154114, -0.1373475154114, -0.3170160480437971, -0.0097765103212, -4.951099473201017, -0.0016810193721997733, 1.4072996e-06, 1.4072996e-06, -0.0016810193721997733, -0.0005294294025999112, -0.00048622201179999996, -0.10861467947819992, -0.00048622201179999996, -0.00034338110239999996, -0.013690210508800002, -0.013690210508800002, -9.077082419999998e-05, -9.077082419999998e-05, -0.006104162014999999, -0.006104162014999999, -8.584527559999999e-05, -0.00040530228470370133, -0.001883986257340674, -0.00017169055119999998, -0.0097765103212, -0.00017169055119999998, -0.00034338110239999996, -0.6188965888904782, -0.6188965888904782, -28.00324641803197, -0.10861467947819992, -0.00031523511039991103, -0.0003145314606001204, -0.0016029142436593258, -1.4072996e-06, -0.29925029789340013, -0.1272937670689034, -0.018411700666799997, 0.018411700666799997, -7.599997647437703, -0.0006244138928999665, -7.599997647437703, -0.00022727888539999998, -0.00022727888539999998, -0.0016029142436593258, -0.0016029142436593258, -16.997566580743182, -17.000840293396212, -0.2081339816415948, -0.00015691390539997034, -1.4072996e-06, -1.4072996e-06, -1.4072996e-06, -0.0001569139054, -0.00040530228470370133, -0.3170160480437971, -0.2327638355910001, -0.0001569139054, -0.0002081379643, 5.122405889999999e-05, -0.0195530206424, -1.4072996e-06, -1.4072996e-06, -1.4072996e-06, -0.1744150832255037, 0.2192484304247584, -0.0001569139054, 0.2327638355910001, -0.0001569139054, -0.15554530653899998, -0.0323298937108, -0.014818864788, -0.0001569139054, 7.579966561885252, 0.06648646230239999, -1.1705692904870855, 0.8189740650743165, -1.9665138860089328, -0.8189740650743164, -3.13708317649602, -0.05476365663440001, -0.0666623747524, 0.130361680197, -0.6787624102267906, -0.6787624102267906, -0.0003138278108213556, -1.4072996e-06, -0.0001569139054, -0.00040530228470370133, -0.31540257905321445, -0.0748444146268, -0.0666623747524, -0.0012553112432, -2.0060592865558835, -0.00040530228470370133, -0.00040530228470370133, -0.09718740672619999, 4.84096399358755, -0.130361680197, -0.0001569139054, -0.31540257905321445, -0.31540257905321445, -0.0016029142436593258, -0.039997565581399996, -0.0666623747524, -0.315245665147864, -0.00015691390542135563, -0.0006276556216427112, -0.018411700666799997, -0.0190105066466, -0.0190105066466, -0.018411700666799997, -0.0003138278108213556, 0.7909659884350737, -0.6564292692216738, -0.00031523511039991103, -0.1744150832255037, -0.26101818966019996, 0.26101818966019996, -0.0001569139054, -0.0001569139054, -0.2681743081261999, -0.2681743081261999, -0.2681743081261999, -0.10829944436779998, -0.1774675160579037, -0.1744150832255037, -0.1774675160579037, -0.044902708337200004, -0.052924316057199994, -0.07613870609519997, -5.757133876570851, -0.013690210508800002, 5.311206794731452, -1.1705692904870855, -0.1744150832255037, -1.2904899440467545, -0.26101818966019996, -0.13416561101579996, -1.1705692904870855, 0.07613870609519997, -0.20443067274419996, -0.3829374795567999, -0.044902708337200004, -0.052924316057199994, -0.0001569139054, -0.13416561101579996, 0.039997565581399996, 0.1341656110158, -0.039997565581399996, -0.018411700666799997, -0.0001569139054, -0.0001569139054, 0.9848904660147966, -0.1744150832255037, 6.520299572280447, -0.0001569139054, 0.09718740672619999, -0.00040530228470370133, -0.027380421017600003, -0.0195530206424, -0.027380421017600003, -0.0195530206424, -0.027380421017600003, -0.0195530206424, -0.06648646230239999, -0.0195530206424, -0.2660070667422001, -0.0195530206424, -0.0195530206424, -0.0195530206424, -0.0195530206424, -3.870073900000097e-05, -0.0001569139054, -0.0003138278108, -0.0001569139054, 0.00037110819759991103, -0.013690210508800002, -0.00023994458179999996, -0.00023994458179999996, -0.07613870609519997, -0.0016810193721997733, 0.018411700666799997, -1.5381010613220951]","[0.0001569139054, 5.58730872e-05, 1.4072996e-06, 0.00031523511039991103, 0.7036498, 0.0036624972090000007, 6.110370086395733, 0.0036624972090000007, 12.012022566757713, 1.7591245e-05, 7.656811452894162, 0.0004988877082000001, 1.4072996e-06, 0.006104162014999999, 0.00048622201179999996, 9.077082419999998e-05, 7.599997647437703, 0.00022727888539999998, 10.35639256548535, 16.997566580743182, 0.07613870609519997, 0.6787624102267906, 0.1774675160579037, 0.00023994458179999996, 0.00015367217670003708, 0.05476084203520001, 40.869850923082026, 0.05476084203520001, 0.25041489082400403, 0.25041489082400403, 0.25041489082400403, 0.25041489082400403, 0.25041489082400403, 0.19565404878881054, 0.19565404878881054, 10.35639256548535, 0.05476506393400002, 5.58730872e-05, 0.027380421017600003, 0.2081339816415948, 0.2081339816415948, 0.08980541667440001, 0.10584863211439999, 0.05476084203520001, 0.20443067274419996, 6.520299572280447, 0.6151792069960456, 0.25041489082400403, 0.25041489082400403, 0.25041489082400403, 0.25041489082400403, 0.25041489082400403, 0.19565404878881054, 0.2081339816415948, 0.08980541667436673, 0.2081339816415948, 6.437083064521286, 6.437083064521286, 6.110370086395733, 0.00047074171619992944, 0.2081339816415948, 0.00031523511039991103, 0.00047074171619992944, 0.38190803990023825, 0.31524566514781444, 0.31524566514781444, 5.680524428759451, 0.0195530206424, 0.0293295309636, 0.00037110819759991103, 0.1373475154114, 0.1744150832255037, 10.35639256548535, 0.21041732524356802, 0.31524566514783825, 0.21041732524356802, 0.044902708337200004, 1.4072996e-06, 0.052924316057199994, 0.16961830253899998, 0.0001569139054, 0.00040530228470370133, 0.2327638355910001, 0.7522551135847998, 0.039997565581399996, 0.0016029142436593258, 0.039997565581399996, 2.060060742815158, 0.4408978172325949, 1.4072996e-06, 0.0666623747524, 54.44094161182236, 0.0016810193721997733, 8.584527559999999e-05, 8.584527559999999e-05, 8.584527559999999e-05, 0.1744150832255037, 1.4072996e-06, 0.2275490869232, 0.2681743081261999, 0.00015691390539997034, 0.0036624972090000007, 0.0036624972090000007, 0.0018312486045000004, 0.0036624972090000007, 12.012022566757713, 12.012022566757713, 0.11295338414500009, 1.7591245e-05, 0.0004988877082000001, 1.7591245e-05, 0.0004988877082000001, 0.0003138278108213556, 0.00017169055119999998, 0.0002081379643, 5.122405889999999e-05, 0.1744150832255037, 0.10829944436779998, 33.99376854408672, 6.437083064521286, 0.1272937670689034, 0.10584863211439999, 0.044902708337200004, 0.052924316057199994, 0.0097765103212, 0.0006276556216427112, 1.4072996e-06, 0.24146516901779996, 0.26101818966019996, 0.2681743081261999, 0.2681743081261999, 0.0001956146443999713, 0.2681743081261999, 0.0001956146443999713, 0.6151792069960456, 0.00047074171619992944, 0.00047074171619992944, 0.20443067274419996, 0.885460527376738, 0.00040530228470370133, 0.00040530228470370133, 0.26101818966019996, 0.26101818966019996, 0.018882442382999926, 0.00047074171619992944, 0.00047074171619992944, 0.2327638355910001, 0.018411700666799997, 0.2327638355910001, 0.0003138278108213556, 0.00047074171619992944, 0.00031523511039991103, 0.0016810193721997733, 0.0019948471829997734, 0.0001569139054, 0.2081339816415948, 0.2081339816415948, 0.05476084203520001, 0.7522551135847998, 0.25041489082400403, 0.08980541667440001, 0.10584863211439999, 0.25041489082400403, 0.25041489082400403, 0.25041489082400403, 0.25041489082400403, 0.19565404878881054, 0.19565404878881054, 1.4072996e-06, 3.13708317649602, 0.0017935311743999998, 1.4072996e-06, 10.35639256548535, 10.35639256548535, 0.0001569139054, 0.885460527376738, 0.013094850612199997, 6.490460106887554, 0.06648646230239999, 0.0025106224864, 0.044902708337200004, 0.052924316057199994, 0.0978270243944, 1.9665138860089328, 0.23683163508483995, 0.07857094396837455, 0.00047074171619992944, 0.15554530653899998, 0.15554530653899998, 0.8189740650743164, 0.06648646230239999, 0.7464851852255818, 0.1714907146566702, 0.00047074171619992944, 0.00015367217670003708, 0.00015367217670003708, 0.0006244138928999665, 1.274038882628499, 0.15554530653899998, 5.978984826531171, 0.31540257905321445, 0.0195530206424, 0.0025106224864, 0.0025106224864, 0.1714907146566702, 0.8189740650743164, 0.0036438144063999996, 0.0001956146443999713, 0.007287628812799999, 0.00047074171619992944, 0.0003138278108213556, 40.869850923082026, 40.87639834838818, 0.49123692392459983, 0.3829374795567999, 0.10829944436779998, 0.00015691390542135563, 0.0666623747524, 1.4072996e-06, 0.00020124384279999994, 0.00018294894799999995, 1.9702194399999996e-05, 0.00015691390539997034, 0.3700107290818144, 0.00018294894799999995, 0.00018294894799999995, 6.437083064521286, 0.0012700878889999997, 0.0666623747524, 0.0666623747524, 0.039997565581399996, 0.20443067274419996, 0.0666623747524, 7.656811452894162, 0.0666623747524, 0.38190803990023825, 7.656811452894162, 0.1714907146566702, 0.0003138278108, 0.001485404727799802, 0.3170160480437971, 0.3170160480437971, 0.3170160480437971, 0.3170160480437971, 0.013690210508800002, 0.013690210508800002, 0.6151792069960456, 0.20443067274419996, 0.013690210508800002, 0.027380421017600003, 0.027380421017600003, 0.027380421017600003, 0.1373475154114, 0.1373475154114, 0.3170160480437971, 0.0097765103212, 4.951099473201017, 0.0016810193721997733, 1.4072996e-06, 1.4072996e-06, 0.0016810193721997733, 0.0005294294025999112, 0.00048622201179999996, 0.10861467947819992, 0.00048622201179999996, 0.00034338110239999996, 0.013690210508800002, 0.013690210508800002, 9.077082419999998e-05, 9.077082419999998e-05, 0.006104162014999999, 0.006104162014999999, 8.584527559999999e-05, 0.00040530228470370133, 0.001883986257340674, 0.00017169055119999998, 0.0097765103212, 0.00017169055119999998, 0.00034338110239999996, 0.6188965888904782, 0.6188965888904782, 28.00324641803197, 0.10861467947819992, 0.00031523511039991103, 0.0003145314606001204, 0.0016029142436593258, 1.4072996e-06, 0.29925029789340013, 0.1272937670689034, 0.018411700666799997, 0.018411700666799997, 7.599997647437703, 0.0006244138928999665, 7.599997647437703, 0.00022727888539999998, 0.00022727888539999998, 0.0016029142436593258, 0.0016029142436593258, 16.997566580743182, 17.000840293396212, 0.2081339816415948, 0.00015691390539997034, 1.4072996e-06, 1.4072996e-06, 1.4072996e-06, 0.0001569139054, 0.00040530228470370133, 0.3170160480437971, 0.2327638355910001, 0.0001569139054, 0.0002081379643, 5.122405889999999e-05, 0.0195530206424, 1.4072996e-06, 1.4072996e-06, 1.4072996e-06, 0.1744150832255037, 0.2192484304247584, 0.0001569139054, 0.2327638355910001, 0.0001569139054, 0.15554530653899998, 0.0323298937108, 0.014818864788, 0.0001569139054, 7.579966561885252, 0.06648646230239999, 1.1705692904870855, 0.8189740650743165, 1.9665138860089328, 0.8189740650743164, 3.13708317649602, 0.05476365663440001, 0.0666623747524, 0.130361680197, 0.6787624102267906, 0.6787624102267906, 0.0003138278108213556, 1.4072996e-06, 0.0001569139054, 0.00040530228470370133, 0.31540257905321445, 0.0748444146268, 0.0666623747524, 0.0012553112432, 2.0060592865558835, 0.00040530228470370133, 0.00040530228470370133, 0.09718740672619999, 4.84096399358755, 0.130361680197, 0.0001569139054, 0.31540257905321445, 0.31540257905321445, 0.0016029142436593258, 0.039997565581399996, 0.0666623747524, 0.315245665147864, 0.00015691390542135563, 0.0006276556216427112, 0.018411700666799997, 0.0190105066466, 0.0190105066466, 0.018411700666799997, 0.0003138278108213556, 0.7909659884350737, 0.6564292692216738, 0.00031523511039991103, 0.1744150832255037, 0.26101818966019996, 0.26101818966019996, 0.0001569139054, 0.0001569139054, 0.2681743081261999, 0.2681743081261999, 0.2681743081261999, 0.10829944436779998, 0.1774675160579037, 0.1744150832255037, 0.1774675160579037, 0.044902708337200004, 0.052924316057199994, 0.07613870609519997, 5.757133876570851, 0.013690210508800002, 5.311206794731452, 1.1705692904870855, 0.1744150832255037, 1.2904899440467545, 0.26101818966019996, 0.13416561101579996, 1.1705692904870855, 0.07613870609519997, 0.20443067274419996, 0.3829374795567999, 0.044902708337200004, 0.052924316057199994, 0.0001569139054, 0.13416561101579996, 0.039997565581399996, 0.1341656110158, 0.039997565581399996, 0.018411700666799997, 0.0001569139054, 0.0001569139054, 0.9848904660147966, 0.1744150832255037, 6.520299572280447, 0.0001569139054, 0.09718740672619999, 0.00040530228470370133, 0.027380421017600003, 0.0195530206424, 0.027380421017600003, 0.0195530206424, 0.027380421017600003, 0.0195530206424, 0.06648646230239999, 0.0195530206424, 0.2660070667422001, 0.0195530206424, 0.0195530206424, 0.0195530206424, 0.0195530206424, 3.870073900000097e-05, 0.0001569139054, 0.0003138278108, 0.0001569139054, 0.00037110819759991103, 0.013690210508800002, 0.00023994458179999996, 0.00023994458179999996, 0.07613870609519997, 0.0016810193721997733, 0.018411700666799997, 1.5381010613220951]","['EX_ac_e', 'EX_etoh_e', 'EX_succ_e', 'EX_glyclt_e', 'ACALD', 'ACtex', 'ALCD2x', 'CA2t3pp', 'CPPPGO2', 'FE3abcpp', 'ETOHtex', 'ETOHtrpp', 'GLYCLTt2rpp', 'GLYCLTtex', 'OPHHX3', 'PYK', 'SUCCtex', 'TARTRt7pp', 'TARTRtpp']","['AKGDH', 'ADNK1', 'CPPPGO', 'CYTBO3_4pp', 'DHORD2', 'G6PDH2r', 'GLYCTO2', 'GND', 'FESD1s', 'FESR', 'IPDPS', 'NADH16pp', 'MALS', 'O2tpp', 'OPHHX', 'PAPSR', 'PGL', 'PRASCSi_copy1', 'SUCDi', 'TRDR', 'PUNP1']","['DM_4crsol_c', 'DM_5drib_c', 'DM_amob_c', 'DM_mththf_c', 'BIOMASS_Ec_iJO1366_core_53p95M', 'EX_ca2_e', 'EX_cl_e', 'EX_co2_e', 'EX_cobalt2_e', 'EX_for_e', 'EX_cu2_e', 'EX_meoh_e', 'EX_mg2_e', 'EX_mn2_e', 'EX_mobd_e', 'EX_nh4_e', 'EX_ni2_e', 'EX_o2_e', 'EX_pi_e', 'EX_so4_e', 'EX_zn2_e', '3OAR140', 'EX_h2o_e', '3OAS140', 'ACACT1r', 'ACACT2r', 'ACACT3r', 'ACACT4r', 'ACACT5r', 'ACACT6r', 'ACACT7r', 'ACCOAC', '5DOAN', 'A5PISO', 'ACGK', 'ACGS', 'AACPS3', 'AACPS4', 'AACPS7', 'ACHBS', 'ACKr', 'ACLS', 'ACOAD1f', 'ACOAD2f', 'ACOAD3f', 'ACOAD4f', 'ACOAD5f', 'ACOAD6f', 'ACOTA', 'ACOAD7f', 'ACODA', 'ACONTa', 'ACONTb', 'ADCL', 'AGPR', 'AHCYSNS', 'ADCS', 'AICART', 'AIRC2', 'AIRC3', 'ALAALAr', 'ALAR', 'EX_k_e', 'ADSK', 'ADSL1r', 'ADSL2r', 'ADSS', 'AGPAT160', 'AMAOTr', 'AGPAT161', 'ASNS2', 'AMPMS2', 'ASP1DC', 'ASPCT', 'ASPK', 'ANPRT', 'ASPO6', 'ANS', 'ASPTA', 'CBMKr', 'AOXSr2', 'ATPPRT', 'ATPS4rpp', 'CDPMEK', 'BMOCOS', 'BMOGDS1', 'BMOGDS2', 'BPNT', 'BTS5', 'CHORM', 'CHORS', 'CHRPL', 'CA2tex', 'CLt3_2pp', 'CLtex', 'CO2tex', 'CO2tpp', 'CTPS2', 'COBALT2tex', 'CU2tex', 'COBALT2tpp', 'CU2tpp', 'APRAUR', 'CPMPS', 'CYSS', 'CYSTL', 'CS', 'CYTK1', 'CTECOAI7_copy1', 'DASYN160', 'DASYN161', 'DALAt2pp', 'DB4PS', 'DBTS', 'DAPDC', 'DAPE', 'DHQS', 'DHQTi', 'DMATT', 'DDPA', 'DMPPS', 'DHAD1', 'DNMPPA', 'DNTPPA', 'DHAD2', 'DHAPT', 'DPCOAK', 'DPR', 'DHDPRy', 'DHDPS', 'DHFR', 'DHFS', 'DHNPA2r', 'DTMPK', 'DHORTS', 'DHPPDA2', 'DHPS2', 'DHPTDCs2', 'DXPRIi', 'DXPS', 'E4PD', 'ARGSL', 'ARGSS', 'FACOAE120', 'ASAD', 'ECOAH1', 'FACOAE160', 'FACOAE161', 'ECOAH2', 'ECOAH3', 'ECOAH4', 'ECOAH5', 'ECOAH6', 'ECOAH7', 'EGMEACPR', 'ENO', 'EPMEACPR', 'FCLT', 'F6PA', 'FE2tpp', 'FUM', 'G1PACT', 'G1SAT', 'G3PAT160', 'G3PAT161', 'G3PD2', 'GAPD', 'GARFT', 'GART', 'GCALDD', 'G5SADs', 'G5SD', 'GF6PTA', 'GHMT2r', 'GK1', 'HPPK2', 'GLNS', 'GLU5K', 'GLUDy', 'GLUPRT', 'GLUR', 'GLUTRR', 'GLUTRS', 'GMPS2', 'GRTT', 'GTPCI', 'GTPCII2', 'H2Otex', 'H2Otpp', 'HSDy', 'HSK', 'HSST', 'FMNAT', 'HSTPT', 'I2FE2SR', 'I2FE2SS', 'I2FE2SS2', 'I2FE2ST', 'HBZOPT', 'HCO3E', 'I4FE4SR', 'I4FE4ST', 'ICDHyr', 'ICYSDS', 'IG3PS', 'IGPDH', 'IGPS', 'ILETA', 'HISTD', 'FORtex', 'HISTP', 'IMPC', 'FORtppi', 'IMPD', 'HMBS', 'IPMD', 'IPPMIa', 'IPPMIb', 'IPPS', 'K2L4Aabcpp', 'K2L4Aabctex', 'KARA1', 'KARA2', 'LPADSS', 'KDOCT2', 'KDOPP', 'KDOPS', 'Kt2pp', 'Ktex', 'LEUTAi', 'MCTP1App', 'MDH', 'MECDPS', 'MEOHtex', 'MEOHtrpp', 'MEPCT', 'METAT', 'MN2tpp', 'METS', 'MNtex', 'MOADSUx', 'MOAT', 'MOAT2', 'MOBDabcpp', 'MOBDtex', 'MG2t3_2pp', 'MG2tex', 'MOCOS', 'MOHMT', 'MOX', 'MPTAT', 'MPTG', 'MPTS', 'MPTSS', 'MTHFC', 'MTHFD', 'MTHFR2', 'MTHTHFSs', 'NADK', 'NADS1', 'MALCOAMT', 'NDPK2', 'NDPK3', 'NDPK4', 'NDPK6', 'NH4tex', 'NH4tpp', 'NI2tex', 'NI2tpp', 'NNATr', 'NNDPR', 'O2tex', 'OCBT', 'OCTDPS', 'OGMEACPD', 'OGMEACPR', 'OGMEACPS', 'OHPBAT', 'PANTS', 'OMCDC', 'OMPDC', 'OPHBDC', 'PAPPT3', 'OPMEACPD', 'OPMEACPR', 'OPMEACPS', 'PDH', 'PDX5POi', 'ORPT', 'PDX5PS', 'P5CR', 'PE160abcpp', 'PE161abcpp', 'PERD', 'PFL', 'PGAMT', 'PGCD', 'PGI', 'PGK', 'PGM', 'MCOATA', 'PRATPP', 'PHETA1', 'PIt2rpp', 'PItex', 'PMDPHT', 'PMEACPE', 'PMPK', 'PNTK', 'PRFGS', 'POR5', 'PRMICI', 'PPBNGS', 'PPC', 'PPCDC', 'PPNCL2', 'PPND', 'PPNDH', 'PPPGO3', 'PRAGSr', 'PRAIS', 'QULNS', 'PRAIi', 'PRAMPC', 'RBFK', 'RBFSa', 'RNTR1c2', 'RNTR2c2', 'RNTR3c2', 'RNTR4c2', 'RBFSb', 'RPI', 'PRPPS', 'RHCCE', 'SADT2', 'SDPDS', 'SDPTA', 'SHCHD2', 'SHCHF', 'PSCVT', 'SHK3Dr', 'SHKK', 'SHSL1', 'SO4t2pp', 'SERAT', 'SO4tex', 'PSD160', 'PSD161', 'TDSK', 'SUCOAS', 'PSERT', 'SULR', 'THD2pp', 'THDPS', 'TALA', 'PSP_L', 'THRD_L', 'THRS', 'PSSA160', 'PSSA161', 'THZPSN3', 'TKT1', 'TRPAS2', 'TKT2', 'TRPS3', 'TMDS', 'TMPK', 'TMPPP', 'TPI', 'PTAr', 'TYRL', 'TYRTA', 'PTPATi', 'U23GAAT', 'UGMDDS', 'UHGADA', 'UAAGDS', 'UAGAAT', 'UAGCVT', 'UAGDP', 'UAGPT3', 'UMPK', 'UAMAGS', 'UAMAS', 'UAPGR', 'UDCPDP', 'UDCPDPS', 'UPP3MT', 'UPP3S', 'UPPDC1', 'USHD', 'ZN2tpp', 'Zn2tex', 'MECDPDH2', 'URIDK2r', 'DMALRED']",O2tpp,OPHHX3,617.4976873790029,1,436,396,-284.0,-165.0784892029246,iECW_1372,PSL,False,False,0.0,0.0,0.0382302010053767,0.0
216,"['DM_4crsol_c', 'DM_5drib_c', 'DM_amob_c', 'DM_mththf_c', 'BIOMASS_Ec_iJO1366_core_53p95M', 'EX_ca2_e', 'EX_ac_e', 'EX_cl_e', 'EX_co2_e', 'EX_cobalt2_e', 'EX_for_e', 'EX_cu2_e', 'EX_meoh_e', 'EX_mg2_e', 'EX_mn2_e', 'EX_mobd_e', 'EX_nh4_e', 'EX_ni2_e', 'EX_etoh_e', 'EX_o2_e', 'EX_succ_e', 'EX_pi_e', 'EX_so4_e', 'EX_zn2_e', 'EX_glyclt_e', '3OAR140', 'EX_h2o_e', '3OAS140', 'ACACT1r', 'ACACT2r', 'ACACT3r', 'ACACT4r', 'ACACT5r', 'ACACT6r', 'ACACT7r', 'ACALD', 'ACCOAC', '5DOAN', 'A5PISO', 'ACGK', 'ACGS', 'AACPS3', 'AACPS4', 'AACPS7', 'ACHBS', 'ACKr', 'ACLS', 'ACOAD1f', 'ACOAD2f', 'ACOAD3f', 'ACOAD4f', 'ACOAD5f', 'ACOAD6f', 'ACOTA', 'ACOAD7f', 'ACODA', 'ACONTa', 'ACONTb', 'ACt2rpp', 'ACtex', 'ADCL', 'AGPR', 'AHCYSNS', 'ADCS', 'AICART', 'AIRC2', 'AIRC3', 'AKGDH', 'ALAALAr', 'ALAR', 'ADNK1', 'EX_k_e', 'ADSK', 'ALCD2x', 'ADSL1r', 'ADSL2r', 'ADSS', 'AGPAT160', 'AMAOTr', 'AGPAT161', 'ASNS2', 'AMPMS2', 'ASP1DC', 'ASPCT', 'ASPK', 'ANPRT', 'ASPO6', 'ANS', 'ASPTA', 'CBMKr', 'AOXSr2', 'ATPPRT', 'ATPS4rpp', 'CDPMEK', 'BMOCOS', 'BMOGDS1', 'BMOGDS2', 'BPNT', 'BTS5', 'CHORM', 'CHORS', 'CHRPL', 'CA2t3pp', 'CA2tex', 'CLt3_2pp', 'CLtex', 'CO2tex', 'CO2tpp', 'CTPS2', 'COBALT2tex', 'CU2tex', 'COBALT2tpp', 'CU2tpp', 'APRAUR', 'CPMPS', 'CPPPGO', 'CPPPGO2', 'CYSS', 'CYSTL', 'CYTBO3_4pp', 'CS', 'CYTK1', 'DASYN160', 'DASYN161', 'DALAt2pp', 'DB4PS', 'DBTS', 'DAPDC', 'DAPE', 'DHQS', 'DHQTi', 'DMATT', 'DDPA', 'DMPPS', 'DHAD1', 'DNMPPA', 'DNTPPA', 'DHAD2', 'DHAPT', 'DPCOAK', 'DPR', 'DHDPRy', 'DHDPS', 'DHFR', 'DHFS', 'DHNPA2r', 'DHORD2', 'DTMPK', 'DHORTS', 'DHPPDA2', 'DHPS2', 'DHPTDCs2', 'DXPRIi', 'DXPS', 'E4PD', 'ARGSL', 'ARGSS', 'FACOAE120', 'ASAD', 'ECOAH1', 'FACOAE160', 'FACOAE161', 'ECOAH2', 'ECOAH3', 'ECOAH4', 'ECOAH5', 'ECOAH6', 'ECOAH7', 'EGMEACPR', 'ENO', 'FE3abcpp', 'EPMEACPR', 'ETOHtex', 'ETOHtrpp', 'FCLT', 'F6PA', 'FE2tpp', 'FUM', 'G1PACT', 'G1SAT', 'G3PAT160', 'G3PAT161', 'G3PD2', 'GAPD', 'GARFT', 'GART', 'GCALDD', 'G5SADs', 'G5SD', 'G6PDH2r', 'GF6PTA', 'GHMT2r', 'GK1', 'HPPK2', 'GLYCLTt2rpp', 'GLYCLTtex', 'GLYCTO2', 'GLNS', 'GLU5K', 'GLUDy', 'GLUPRT', 'GLUR', 'GLUTRR', 'GLUTRS', 'GMPS2', 'GND', 'FESD1s', 'GRTT', 'FESR', 'GTPCI', 'GTPCII2', 'H2Otex', 'H2Otpp', 'HSDy', 'HSK', 'HSST', 'FMNAT', 'HSTPT', 'I2FE2SR', 'I2FE2SS', 'I2FE2SS2', 'I2FE2ST', 'HBZOPT', 'HCO3E', 'I4FE4SR', 'I4FE4ST', 'ICDHyr', 'ICYSDS', 'IG3PS', 'IGPDH', 'IGPS', 'ILETA', 'HISTD', 'FORtex', 'HISTP', 'IMPC', 'FORtppi', 'IMPD', 'HMBS', 'IPDPS', 'IPMD', 'IPPMIa', 'IPPMIb', 'IPPS', 'K2L4Aabcpp', 'K2L4Aabctex', 'KARA1', 'KARA2', 'LPADSS', 'KDOCT2', 'KDOPP', 'KDOPS', 'Kt2pp', 'Ktex', 'LEUTAi', 'MCTP1App', 'MDH', 'MECDPS', 'MEOHtex', 'MEOHtrpp', 'MEPCT', 'METAT', 'MN2tpp', 'METS', 'MNtex', 'MOADSUx', 'MOAT', 'MOAT2', 'MOBDabcpp', 'MOBDtex', 'MG2t3_2pp', 'MG2tex', 'MOCOS', 'MOHMT', 'MOX', 'MPTAT', 'MPTG', 'MPTS', 'MPTSS', 'MTHFC', 'MTHFD', 'NADH16pp', 'MTHFR2', 'MTHTHFSs', 'NADK', 'NADS1', 'MALCOAMT', 'NDPK2', 'NDPK3', 'NDPK4', 'NDPK6', 'NH4tex', 'MALS', 'NH4tpp', 'NI2tex', 'NI2tpp', 'NNATr', 'NNDPR', 'O2tex', 'O2tpp', 'OCBT', 'OCTDPS', 'OGMEACPD', 'OGMEACPR', 'OGMEACPS', 'OHPBAT', 'PANTS', 'OMCDC', 'OMPDC', 'OPHBDC', 'OPHHX', 'OPHHX3', 'PAPPT3', 'OPMEACPD', 'OPMEACPR', 'OPMEACPS', 'PAPSR', 'PDH', 'PDX5PO2', 'ORPT', 'PDX5PS', 'P5CR', 'PE160abcpp', 'PE161abcpp', 'PERD', 'PFL', 'PGAMT', 'PGCD', 'PGI', 'PGK', 'PGL', 'PGM', 'MCOATA', 'PRATPP', 'PHETA1', 'PIt2rpp', 'PItex', 'PMDPHT', 'PMEACPE', 'PMPK', 'PNTK', 'PRFGS', 'POR5', 'PRMICI', 'PPBNGS', 'PPC', 'PPCDC', 'PPNCL2', 'PPND', 'PYK', 'PPNDH', 'PPPGO3', 'PRAGSr', 'PRAIS', 'QULNS', 'PRAIi', 'PRAMPC', 'RBFK', 'RBFSa', 'RNTR1c2', 'RNTR2c2', 'RNTR3c2', 'RNTR4c2', 'RBFSb', 'RPI', 'PRPPS', 'RHCCE', 'SADT2', 'SDPDS', 'SDPTA', 'SHCHD2', 'SHCHF', 'PSCVT', 'SHK3Dr', 'SHKK', 'SHSL1', 'SO4t2pp', 'SERAT', 'SO4tex', 'PSD160', 'PSD161', 'SUCCtex', 'SUCDi', 'TDSK', 'SUCOAS', 'PSERT', 'SULR', 'THD2pp', 'THDPS', 'PSP_L', 'TARTRt7pp', 'THRD_L', 'THRS', 'PSSA160', 'PSSA161', 'THZPSN3', 'TKT1', 'TRPAS2', 'TKT2', 'TRPS3', 'TMDS', 'TMPK', 'TMPPP', 'TPI', 'TRDR', 'PTAr', 'TYRL', 'TYRTA', 'PTPATi', 'U23GAAT', 'UGMDDS', 'UHGADA', 'UAAGDS', 'UAGAAT', 'UAGCVT', 'UAGDP', 'UAGPT3', 'UMPK', 'UAMAGS', 'UAMAS', 'UAPGR', 'UDCPDP', 'UDCPDPS', 'UPP3MT', 'UPP3S', 'UPPDC1', 'PUNP1', 'USHD', 'ZN2tpp', 'Zn2tex', 'TARTRtpp', 'MECDPDH2', 'PRASCSi_copy2', 'URIDK2r', 'CTECOAI7_copy2', 'DMALRED']","[-0.0001569139054, -5.587308720000003e-05, -1.4072996e-06, -0.00031523511039991103, -0.7036498, 0.0036624972090000007, 6.110370086346988, 0.0036624972090000007, -12.012022566630343, 1.7591245e-05, 7.656811452755446, 0.0004988877082000001, -1.4072996e-06, 0.006104162014999999, 0.00048622201179999996, 9.077082419999998e-05, 7.599997647433775, 0.00022727888539999998, 10.356392565541562, 16.997566580736475, 0.07613870609519997, 0.6787624102230303, 0.17746751605822655, 0.00023994458179999996, 0.00015367217670000932, -0.05476084203520001, -40.86985092300307, -0.05476084203520001, -0.2504148908241177, -0.2504148908241177, -0.2504148908241177, -0.2504148908241177, -0.2504148908241177, -0.19565404878881054, -0.19565404878881054, -10.356392565541562, -0.05476506393400002, -5.587308720000003e-05, -0.027380421017600003, -0.2081339816415948, -0.2081339816415948, -0.08980541667440001, -0.10584863211439999, -0.05476084203520001, -0.20443067274419996, -6.520299572232009, -0.6151792069963751, 0.2504148908241177, 0.2504148908241177, 0.2504148908241177, 0.2504148908241177, 0.2504148908239629, 0.19565404878881054, 0.2081339816415948, 0.08980541667440001, -0.2081339816415948, -6.437083064526258, -6.437083064526258, -6.110370086346988, -6.110370086346988, -0.0004707417161999572, 0.2081339816415948, -0.00031523511039991103, -0.0004707417161999572, -0.38190803989884137, -0.3152456651464413, 0.3152456651464413, -5.6805244287646195, -0.0195530206424, -0.0293295309636, -0.00037110819759991103, 0.1373475154114, -0.17441508322582655, -10.356392565541562, -0.2104173252422446, -0.31524566514644137, -0.2104173252422446, -0.044902708337200004, -1.4072996e-06, -0.052924316057199994, -0.16961830253899998, -0.0001569139054, -0.0004053022850265542, -0.23276383559100006, -0.7522551135847998, -0.039997565581399996, -0.0016029142450220135, -0.039997565581399996, 2.0600607428140973, -0.4408978172325948, -1.4072996e-06, -0.0666623747524, -54.440941611760366, -0.001681019372199769, -8.584527559999999e-05, -8.584527559999999e-05, -8.584527559999999e-05, -0.17441508322582655, -1.4072996e-06, -0.2275490869232, -0.2681743081261999, -0.00015691390539997034, 0.0036624972090023556, -0.0036624972090000007, -0.0018312486045000004, -0.0036624972090000007, 12.012022566630343, 12.012022566630343, -0.11295338414500002, -1.7591245e-05, -0.0004988877082000001, -1.7591245e-05, -0.0004988877082000001, -0.0003138278107572144, -0.00017169055119999998, -0.0002081379643, 5.1224058899999986e-05, -0.17441508322582655, -0.10829944436779998, -33.99376854407337, -6.437083064526258, -0.12729376706922632, -0.044902708337200004, -0.052924316057199994, -0.0097765103212, -0.0006276556215144288, -1.4072996e-06, -0.24146516901779996, -0.26101818966019996, -0.2681743081261999, -0.2681743081261999, -0.00019561464439997093, -0.2681743081261999, -0.00019561464439997093, -0.6151792069963751, -0.0004707417161999572, -0.0004707417161999572, -0.20443067274419996, 0.8854605273765748, -0.0004053022850265542, -0.0004053022850265542, -0.26101818966019996, -0.26101818966019996, -0.018882442382999957, -0.0004707417161999572, -0.0004707417161999572, -0.23276383559100006, -0.018411700666799997, 0.23276383559100006, -0.0003138278107572144, -0.0004707417161999572, -0.00031523511039991103, -0.001681019372199769, -0.001994847182999769, -0.0001569139054, -0.2081339816415948, -0.2081339816415948, -0.05476084203520001, 0.7522551135847998, -0.2504148908241177, -0.08980541667440001, -0.10584863211439999, -0.2504148908241177, -0.2504148908241177, -0.2504148908241177, -0.25041489082400403, -0.19565404878881054, -0.19565404878881054, -1.4072996e-06, 3.1370831764960005, 0.0017935311743999998, -1.4072996e-06, -10.356392565541562, -10.356392565541562, -0.0001569139054, 0.8854605273765748, -0.013094850612199997, -6.490460106890101, -0.06648646230239999, -0.0025106224864, -0.044902708337200004, -0.052924316057199994, 0.0978270243944, 1.9665138860099667, -0.23683163508454097, -0.07857094396730036, -0.0004707417161999572, -0.1555453065390111, -0.1555453065390111, -0.8189740650741744, -0.06648646230239999, -0.7464851852242087, -0.17149071465659674, -0.0004707417161999572, -0.00015367217670000932, -0.00015367217670000932, -0.0006244138928999665, -1.2740388826256792, -0.1555453065390111, 5.9789848265286345, -0.3154025790518413, 0.0195530206424, -0.0025106224864, -0.0025106224864, -0.17149071465659674, -0.8189740650741744, -0.0036438144063999996, -0.00019561464439997093, -0.007287628812799999, -0.0004707417161999572, -0.0003138278107572144, 40.86985092300307, 40.87639834830911, 0.49123692392459983, -0.3829374795567999, -0.10829944436779998, -0.0001569139053572144, -0.0666623747524, -1.4072996e-06, -0.00020124384279999994, -0.00018294894799999995, -1.9702194399999996e-05, -0.00015691390539997034, -0.3700107290804413, -0.00018294894799999995, -0.00018294894799999995, -6.437083064526258, -0.0012700878889999997, -0.0666623747524, -0.0666623747524, -0.039997565581399996, 0.20443067274419996, -0.0666623747524, -7.656811452755446, -0.0666623747524, 0.38190803989884137, 7.656811452755446, -0.17149071465659674, -0.0003138278108, -0.001485404727799798, -0.3170160480437971, 0.3170160480437971, 0.3170160480437971, -0.3170160480437971, -0.013690210508800002, -0.013690210508800002, 0.6151792069963751, -0.20443067274419996, -0.013690210508800002, -0.027380421017600003, -0.027380421017600003, -0.027380421017600003, -0.1373475154114, -0.1373475154114, -0.3170160480437971, -0.0097765103212, -4.950942559298959, -0.001681019372199769, 1.4072996e-06, 1.4072996e-06, -0.001681019372199769, -0.0005294294025999112, -0.00048622201179999996, -0.10861467947819992, -0.00048622201179999996, -0.00034338110239999996, -0.013690210508800002, -0.013690210508800002, -9.077082419999998e-05, -9.077082419999998e-05, -0.006104162014999999, -0.006104162014999999, -8.584527559999999e-05, -0.0004053022850265542, -0.0020409001613779865, -0.00017169055119999998, -0.0097765103212, -0.00017169055119999998, -0.00034338110239999996, -0.6188965888887822, -0.6188965888887822, -28.00324641801345, -0.10861467947819992, -0.00031523511039991103, -0.00031453146059856607, -0.0016029142450220135, -1.4072996e-06, -0.2992502978934, -0.12729376706922632, -0.018411700666799997, 0.018411700666799997, -7.599997647433775, -0.0006244138928999665, -7.599997647433775, -0.00022727888539999998, -0.00022727888539999998, -0.0016029142450220135, -0.0016029142450220135, -16.997566580736475, -17.000840293389533, -0.2081339816415948, -0.00015691390539997034, -1.4072996e-06, -1.4072996e-06, -1.4072996e-06, -0.0001569139054, -0.0004053022850265542, -0.3170160480437971, -0.23276383559100006, -0.0001569139054, -0.0002081379643, 5.122405889999999e-05, -0.0195530206424, -1.4072996e-06, -1.4072996e-06, -1.4072996e-06, -0.17441508322582655, 0.21924843056436671, -0.0001569139054, 0.23276383559100006, -0.0001569139054, -0.1555453065390111, -0.0323298937108, -0.014818864788, -0.0001569139054, 7.5799665617474155, 0.06648646230239999, -1.1705692904860352, 0.8189740650741744, -1.9665138860099667, -0.8189740650741744, -3.1370831764960005, -0.05476365663440001, -0.0666623747524, 0.130361680197, -0.6787624102230303, -0.6787624102230303, -0.0003138278107572144, -1.4072996e-06, -0.0001569139054, -0.0004053022850265542, -0.3154025790518413, -0.0748444146268, -0.0666623747524, -0.0012553112432, -2.0060592865573534, -0.0004053022850265542, -0.0004053022850265542, -0.09718740672619999, 4.84096399358918, -0.130361680197, -0.0001569139054, -0.3154025790518413, -0.3154025790518413, -0.0016029142450220135, -0.039997565581399996, -0.0666623747524, -0.0001569139053572144, -0.0006276556215144288, -0.018411700666799997, -0.0190105066466, -0.0190105066466, -0.018411700666799997, -0.0003138278107572144, 0.7909659884350599, -0.6564292692216633, -0.00031523511039991103, -0.17441508322582655, -0.26101818966019996, 0.26101818966019996, -0.0001569139054, -0.0001569139054, -0.2681743081261999, -0.2681743081261999, -0.2681743081261999, -0.10829944436779998, -0.17746751605822655, -0.17441508322582655, -0.17746751605822655, -0.044902708337200004, -0.052924316057199994, -0.07613870609519997, -5.757133876576019, -0.013690210508800002, 5.31120679473662, -1.1705692904860352, -0.17441508322582655, -1.2904899440431272, -0.26101818966019996, -1.1705692904860352, 0.07613870609519997, -0.20443067274419996, -0.3829374795567999, -0.044902708337200004, -0.052924316057199994, -0.0001569139054, -0.1341656110158, 0.039997565581399996, 0.1341656110158, -0.039997565581399996, -0.018411700666799997, -0.0001569139054, -0.0001569139054, 0.9848904660159956, -0.17441508322582655, 6.520299572232009, -0.0001569139054, 0.09718740672619999, -0.0004053022850265542, -0.027380421017600003, -0.0195530206424, -0.027380421017600003, -0.0195530206424, -0.027380421017600003, -0.0195530206424, -0.06648646230239999, -0.0195530206424, -0.26600706674220004, -0.0195530206424, -0.0195530206424, -0.0195530206424, -0.0195530206424, -3.870073900000057e-05, -0.0001569139054, -0.0003138278108, -0.00015691390540000002, 0.00037110819759991103, -0.013690210508800002, -0.00023994458179999996, -0.00023994458179999996, -0.07613870609519997, -0.001681019372199769, -0.3152456651464413, 0.018411700666799997, 0.10584863211439999, -1.5381010613226636]","[0.0001569139054, 5.587308720000003e-05, 1.4072996e-06, 0.00031523511039991103, 0.7036498, 0.0036624972090000007, 6.110370086346988, 0.0036624972090000007, 12.012022566630343, 1.7591245e-05, 7.656811452755446, 0.0004988877082000001, 1.4072996e-06, 0.006104162014999999, 0.00048622201179999996, 9.077082419999998e-05, 7.599997647433775, 0.00022727888539999998, 10.356392565541562, 16.997566580736475, 0.07613870609519997, 0.6787624102230303, 0.17746751605822655, 0.00023994458179999996, 0.00015367217670000932, 0.05476084203520001, 40.86985092300307, 0.05476084203520001, 0.2504148908241177, 0.2504148908241177, 0.2504148908241177, 0.2504148908241177, 0.2504148908241177, 0.19565404878881054, 0.19565404878881054, 10.356392565541562, 0.05476506393400002, 5.587308720000003e-05, 0.027380421017600003, 0.2081339816415948, 0.2081339816415948, 0.08980541667440001, 0.10584863211439999, 0.05476084203520001, 0.20443067274419996, 6.520299572232009, 0.6151792069963751, 0.2504148908241177, 0.2504148908241177, 0.2504148908241177, 0.2504148908241177, 0.2504148908239629, 0.19565404878881054, 0.2081339816415948, 0.08980541667440001, 0.2081339816415948, 6.437083064526258, 6.437083064526258, 6.110370086346988, 6.110370086346988, 0.0004707417161999572, 0.2081339816415948, 0.00031523511039991103, 0.0004707417161999572, 0.38190803989884137, 0.3152456651464413, 0.3152456651464413, 5.6805244287646195, 0.0195530206424, 0.0293295309636, 0.00037110819759991103, 0.1373475154114, 0.17441508322582655, 10.356392565541562, 0.2104173252422446, 0.31524566514644137, 0.2104173252422446, 0.044902708337200004, 1.4072996e-06, 0.052924316057199994, 0.16961830253899998, 0.0001569139054, 0.0004053022850265542, 0.23276383559100006, 0.7522551135847998, 0.039997565581399996, 0.0016029142450220135, 0.039997565581399996, 2.0600607428140973, 0.4408978172325948, 1.4072996e-06, 0.0666623747524, 54.440941611760366, 0.001681019372199769, 8.584527559999999e-05, 8.584527559999999e-05, 8.584527559999999e-05, 0.17441508322582655, 1.4072996e-06, 0.2275490869232, 0.2681743081261999, 0.00015691390539997034, 0.0036624972090023556, 0.0036624972090000007, 0.0018312486045000004, 0.0036624972090000007, 12.012022566630343, 12.012022566630343, 0.11295338414500002, 1.7591245e-05, 0.0004988877082000001, 1.7591245e-05, 0.0004988877082000001, 0.0003138278107572144, 0.00017169055119999998, 0.0002081379643, 5.1224058899999986e-05, 0.17441508322582655, 0.10829944436779998, 33.99376854407337, 6.437083064526258, 0.12729376706922632, 0.044902708337200004, 0.052924316057199994, 0.0097765103212, 0.0006276556215144288, 1.4072996e-06, 0.24146516901779996, 0.26101818966019996, 0.2681743081261999, 0.2681743081261999, 0.00019561464439997093, 0.2681743081261999, 0.00019561464439997093, 0.6151792069963751, 0.0004707417161999572, 0.0004707417161999572, 0.20443067274419996, 0.8854605273765748, 0.0004053022850265542, 0.0004053022850265542, 0.26101818966019996, 0.26101818966019996, 0.018882442382999957, 0.0004707417161999572, 0.0004707417161999572, 0.23276383559100006, 0.018411700666799997, 0.23276383559100006, 0.0003138278107572144, 0.0004707417161999572, 0.00031523511039991103, 0.001681019372199769, 0.001994847182999769, 0.0001569139054, 0.2081339816415948, 0.2081339816415948, 0.05476084203520001, 0.7522551135847998, 0.2504148908241177, 0.08980541667440001, 0.10584863211439999, 0.2504148908241177, 0.2504148908241177, 0.2504148908241177, 0.25041489082400403, 0.19565404878881054, 0.19565404878881054, 1.4072996e-06, 3.1370831764960005, 0.0017935311743999998, 1.4072996e-06, 10.356392565541562, 10.356392565541562, 0.0001569139054, 0.8854605273765748, 0.013094850612199997, 6.490460106890101, 0.06648646230239999, 0.0025106224864, 0.044902708337200004, 0.052924316057199994, 0.0978270243944, 1.9665138860099667, 0.23683163508454097, 0.07857094396730036, 0.0004707417161999572, 0.1555453065390111, 0.1555453065390111, 0.8189740650741744, 0.06648646230239999, 0.7464851852242087, 0.17149071465659674, 0.0004707417161999572, 0.00015367217670000932, 0.00015367217670000932, 0.0006244138928999665, 1.2740388826256792, 0.1555453065390111, 5.9789848265286345, 0.3154025790518413, 0.0195530206424, 0.0025106224864, 0.0025106224864, 0.17149071465659674, 0.8189740650741744, 0.0036438144063999996, 0.00019561464439997093, 0.007287628812799999, 0.0004707417161999572, 0.0003138278107572144, 40.86985092300307, 40.87639834830911, 0.49123692392459983, 0.3829374795567999, 0.10829944436779998, 0.0001569139053572144, 0.0666623747524, 1.4072996e-06, 0.00020124384279999994, 0.00018294894799999995, 1.9702194399999996e-05, 0.00015691390539997034, 0.3700107290804413, 0.00018294894799999995, 0.00018294894799999995, 6.437083064526258, 0.0012700878889999997, 0.0666623747524, 0.0666623747524, 0.039997565581399996, 0.20443067274419996, 0.0666623747524, 7.656811452755446, 0.0666623747524, 0.38190803989884137, 7.656811452755446, 0.17149071465659674, 0.0003138278108, 0.001485404727799798, 0.3170160480437971, 0.3170160480437971, 0.3170160480437971, 0.3170160480437971, 0.013690210508800002, 0.013690210508800002, 0.6151792069963751, 0.20443067274419996, 0.013690210508800002, 0.027380421017600003, 0.027380421017600003, 0.027380421017600003, 0.1373475154114, 0.1373475154114, 0.3170160480437971, 0.0097765103212, 4.950942559298959, 0.001681019372199769, 1.4072996e-06, 1.4072996e-06, 0.001681019372199769, 0.0005294294025999112, 0.00048622201179999996, 0.10861467947819992, 0.00048622201179999996, 0.00034338110239999996, 0.013690210508800002, 0.013690210508800002, 9.077082419999998e-05, 9.077082419999998e-05, 0.006104162014999999, 0.006104162014999999, 8.584527559999999e-05, 0.0004053022850265542, 0.0020409001613779865, 0.00017169055119999998, 0.0097765103212, 0.00017169055119999998, 0.00034338110239999996, 0.6188965888887822, 0.6188965888887822, 28.00324641801345, 0.10861467947819992, 0.00031523511039991103, 0.00031453146059856607, 0.0016029142450220135, 1.4072996e-06, 0.2992502978934, 0.12729376706922632, 0.018411700666799997, 0.018411700666799997, 7.599997647433775, 0.0006244138928999665, 7.599997647433775, 0.00022727888539999998, 0.00022727888539999998, 0.0016029142450220135, 0.0016029142450220135, 16.997566580736475, 17.000840293389533, 0.2081339816415948, 0.00015691390539997034, 1.4072996e-06, 1.4072996e-06, 1.4072996e-06, 0.0001569139054, 0.0004053022850265542, 0.3170160480437971, 0.23276383559100006, 0.0001569139054, 0.0002081379643, 5.122405889999999e-05, 0.0195530206424, 1.4072996e-06, 1.4072996e-06, 1.4072996e-06, 0.17441508322582655, 0.21924843056436671, 0.0001569139054, 0.23276383559100006, 0.0001569139054, 0.1555453065390111, 0.0323298937108, 0.014818864788, 0.0001569139054, 7.5799665617474155, 0.06648646230239999, 1.1705692904860352, 0.8189740650741744, 1.9665138860099667, 0.8189740650741744, 3.1370831764960005, 0.05476365663440001, 0.0666623747524, 0.130361680197, 0.6787624102230303, 0.6787624102230303, 0.0003138278107572144, 1.4072996e-06, 0.0001569139054, 0.0004053022850265542, 0.3154025790518413, 0.0748444146268, 0.0666623747524, 0.0012553112432, 2.0060592865573534, 0.0004053022850265542, 0.0004053022850265542, 0.09718740672619999, 4.84096399358918, 0.130361680197, 0.0001569139054, 0.3154025790518413, 0.3154025790518413, 0.0016029142450220135, 0.039997565581399996, 0.0666623747524, 0.0001569139053572144, 0.0006276556215144288, 0.018411700666799997, 0.0190105066466, 0.0190105066466, 0.018411700666799997, 0.0003138278107572144, 0.7909659884350599, 0.6564292692216633, 0.00031523511039991103, 0.17441508322582655, 0.26101818966019996, 0.26101818966019996, 0.0001569139054, 0.0001569139054, 0.2681743081261999, 0.2681743081261999, 0.2681743081261999, 0.10829944436779998, 0.17746751605822655, 0.17441508322582655, 0.17746751605822655, 0.044902708337200004, 0.052924316057199994, 0.07613870609519997, 5.757133876576019, 0.013690210508800002, 5.31120679473662, 1.1705692904860352, 0.17441508322582655, 1.2904899440431272, 0.26101818966019996, 1.1705692904860352, 0.07613870609519997, 0.20443067274419996, 0.3829374795567999, 0.044902708337200004, 0.052924316057199994, 0.0001569139054, 0.1341656110158, 0.039997565581399996, 0.1341656110158, 0.039997565581399996, 0.018411700666799997, 0.0001569139054, 0.0001569139054, 0.9848904660159956, 0.17441508322582655, 6.520299572232009, 0.0001569139054, 0.09718740672619999, 0.0004053022850265542, 0.027380421017600003, 0.0195530206424, 0.027380421017600003, 0.0195530206424, 0.027380421017600003, 0.0195530206424, 0.06648646230239999, 0.0195530206424, 0.26600706674220004, 0.0195530206424, 0.0195530206424, 0.0195530206424, 0.0195530206424, 3.870073900000057e-05, 0.0001569139054, 0.0003138278108, 0.00015691390540000002, 0.00037110819759991103, 0.013690210508800002, 0.00023994458179999996, 0.00023994458179999996, 0.07613870609519997, 0.001681019372199769, 0.3152456651464413, 0.018411700666799997, 0.10584863211439999, 1.5381010613226636]","['EX_ac_e', 'EX_etoh_e', 'EX_succ_e', 'EX_glyclt_e', 'ACALD', 'ACt2rpp', 'ACtex', 'ALCD2x', 'CA2t3pp', 'CPPPGO2', 'DHAPT', 'FE3abcpp', 'ETOHtex', 'ETOHtrpp', 'F6PA', 'GLYCLTt2rpp', 'GLYCLTtex', 'OPHHX3', 'SUCCtex', 'TARTRt7pp', 'TARTRtpp', 'CTECOAI7_copy2']","['AKGDH', 'ADNK1', 'CPPPGO', 'CYTBO3_4pp', 'DMPPS', 'DHORD2', 'G3PAT161', 'GART', 'G6PDH2r', 'GLYCTO2', 'GND', 'FESD1s', 'FESR', 'NADH16pp', 'MALS', 'O2tpp', 'OPHHX', 'PAPSR', 'PDX5PO2', 'PGL', 'SUCDi', 'TRDR', 'PUNP1']","['DM_4crsol_c', 'DM_5drib_c', 'DM_amob_c', 'DM_mththf_c', 'BIOMASS_Ec_iJO1366_core_53p95M', 'EX_ca2_e', 'EX_cl_e', 'EX_co2_e', 'EX_cobalt2_e', 'EX_for_e', 'EX_cu2_e', 'EX_meoh_e', 'EX_mg2_e', 'EX_mn2_e', 'EX_mobd_e', 'EX_nh4_e', 'EX_ni2_e', 'EX_o2_e', 'EX_pi_e', 'EX_so4_e', 'EX_zn2_e', '3OAR140', 'EX_h2o_e', '3OAS140', 'ACACT1r', 'ACACT2r', 'ACACT3r', 'ACACT4r', 'ACACT5r', 'ACACT6r', 'ACACT7r', 'ACCOAC', '5DOAN', 'A5PISO', 'ACGK', 'ACGS', 'AACPS3', 'AACPS4', 'AACPS7', 'ACHBS', 'ACKr', 'ACLS', 'ACOAD1f', 'ACOAD2f', 'ACOAD3f', 'ACOAD4f', 'ACOAD5f', 'ACOAD6f', 'ACOTA', 'ACOAD7f', 'ACODA', 'ACONTa', 'ACONTb', 'ADCL', 'AGPR', 'AHCYSNS', 'ADCS', 'AICART', 'AIRC2', 'AIRC3', 'ALAALAr', 'ALAR', 'EX_k_e', 'ADSK', 'ADSL1r', 'ADSL2r', 'ADSS', 'AGPAT160', 'AMAOTr', 'AGPAT161', 'ASNS2', 'AMPMS2', 'ASP1DC', 'ASPCT', 'ASPK', 'ANPRT', 'ASPO6', 'ANS', 'ASPTA', 'CBMKr', 'AOXSr2', 'ATPPRT', 'ATPS4rpp', 'CDPMEK', 'BMOCOS', 'BMOGDS1', 'BMOGDS2', 'BPNT', 'BTS5', 'CHORM', 'CHORS', 'CHRPL', 'CA2tex', 'CLt3_2pp', 'CLtex', 'CO2tex', 'CO2tpp', 'CTPS2', 'COBALT2tex', 'CU2tex', 'COBALT2tpp', 'CU2tpp', 'APRAUR', 'CPMPS', 'CYSS', 'CYSTL', 'CS', 'CYTK1', 'DASYN160', 'DASYN161', 'DALAt2pp', 'DB4PS', 'DBTS', 'DAPDC', 'DAPE', 'DHQS', 'DHQTi', 'DMATT', 'DDPA', 'DHAD1', 'DNMPPA', 'DNTPPA', 'DHAD2', 'DPCOAK', 'DPR', 'DHDPRy', 'DHDPS', 'DHFR', 'DHFS', 'DHNPA2r', 'DTMPK', 'DHORTS', 'DHPPDA2', 'DHPS2', 'DHPTDCs2', 'DXPRIi', 'DXPS', 'E4PD', 'ARGSL', 'ARGSS', 'FACOAE120', 'ASAD', 'ECOAH1', 'FACOAE160', 'FACOAE161', 'ECOAH2', 'ECOAH3', 'ECOAH4', 'ECOAH5', 'ECOAH6', 'ECOAH7', 'EGMEACPR', 'ENO', 'EPMEACPR', 'FCLT', 'FE2tpp', 'FUM', 'G1PACT', 'G1SAT', 'G3PAT160', 'G3PD2', 'GAPD', 'GARFT', 'GCALDD', 'G5SADs', 'G5SD', 'GF6PTA', 'GHMT2r', 'GK1', 'HPPK2', 'GLNS', 'GLU5K', 'GLUDy', 'GLUPRT', 'GLUR', 'GLUTRR', 'GLUTRS', 'GMPS2', 'GRTT', 'GTPCI', 'GTPCII2', 'H2Otex', 'H2Otpp', 'HSDy', 'HSK', 'HSST', 'FMNAT', 'HSTPT', 'I2FE2SR', 'I2FE2SS', 'I2FE2SS2', 'I2FE2ST', 'HBZOPT', 'HCO3E', 'I4FE4SR', 'I4FE4ST', 'ICDHyr', 'ICYSDS', 'IG3PS', 'IGPDH', 'IGPS', 'ILETA', 'HISTD', 'FORtex', 'HISTP', 'IMPC', 'FORtppi', 'IMPD', 'HMBS', 'IPDPS', 'IPMD', 'IPPMIa', 'IPPMIb', 'IPPS', 'K2L4Aabcpp', 'K2L4Aabctex', 'KARA1', 'KARA2', 'LPADSS', 'KDOCT2', 'KDOPP', 'KDOPS', 'Kt2pp', 'Ktex', 'LEUTAi', 'MCTP1App', 'MDH', 'MECDPS', 'MEOHtex', 'MEOHtrpp', 'MEPCT', 'METAT', 'MN2tpp', 'METS', 'MNtex', 'MOADSUx', 'MOAT', 'MOAT2', 'MOBDabcpp', 'MOBDtex', 'MG2t3_2pp', 'MG2tex', 'MOCOS', 'MOHMT', 'MOX', 'MPTAT', 'MPTG', 'MPTS', 'MPTSS', 'MTHFC', 'MTHFD', 'MTHFR2', 'MTHTHFSs', 'NADK', 'NADS1', 'MALCOAMT', 'NDPK2', 'NDPK3', 'NDPK4', 'NDPK6', 'NH4tex', 'NH4tpp', 'NI2tex', 'NI2tpp', 'NNATr', 'NNDPR', 'O2tex', 'OCBT', 'OCTDPS', 'OGMEACPD', 'OGMEACPR', 'OGMEACPS', 'OHPBAT', 'PANTS', 'OMCDC', 'OMPDC', 'OPHBDC', 'PAPPT3', 'OPMEACPD', 'OPMEACPR', 'OPMEACPS', 'PDH', 'ORPT', 'PDX5PS', 'P5CR', 'PE160abcpp', 'PE161abcpp', 'PERD', 'PFL', 'PGAMT', 'PGCD', 'PGI', 'PGK', 'PGM', 'MCOATA', 'PRATPP', 'PHETA1', 'PIt2rpp', 'PItex', 'PMDPHT', 'PMEACPE', 'PMPK', 'PNTK', 'PRFGS', 'POR5', 'PRMICI', 'PPBNGS', 'PPC', 'PPCDC', 'PPNCL2', 'PPND', 'PYK', 'PPNDH', 'PPPGO3', 'PRAGSr', 'PRAIS', 'QULNS', 'PRAIi', 'PRAMPC', 'RBFK', 'RBFSa', 'RNTR1c2', 'RNTR2c2', 'RNTR3c2', 'RNTR4c2', 'RBFSb', 'RPI', 'PRPPS', 'RHCCE', 'SADT2', 'SDPDS', 'SDPTA', 'SHCHD2', 'SHCHF', 'PSCVT', 'SHK3Dr', 'SHKK', 'SHSL1', 'SO4t2pp', 'SERAT', 'SO4tex', 'PSD160', 'PSD161', 'TDSK', 'SUCOAS', 'PSERT', 'SULR', 'THD2pp', 'THDPS', 'PSP_L', 'THRD_L', 'THRS', 'PSSA160', 'PSSA161', 'THZPSN3', 'TKT1', 'TRPAS2', 'TKT2', 'TRPS3', 'TMDS', 'TMPK', 'TMPPP', 'TPI', 'PTAr', 'TYRL', 'TYRTA', 'PTPATi', 'U23GAAT', 'UGMDDS', 'UHGADA', 'UAAGDS', 'UAGAAT', 'UAGCVT', 'UAGDP', 'UAGPT3', 'UMPK', 'UAMAGS', 'UAMAS', 'UAPGR', 'UDCPDP', 'UDCPDPS', 'UPP3MT', 'UPP3S', 'UPPDC1', 'USHD', 'ZN2tpp', 'Zn2tex', 'MECDPDH2', 'PRASCSi_copy2', 'URIDK2r', 'DMALRED']",O2tpp,SUCCtex,617.4976873775017,1,436,391,-284.0,-171.0546936786772,iECW_1372,PSL,False,True,0.0,-16.5367458747266,0.0382302010053767,0.0
217,"['EX_ade_e', 'EX_arg__L_e', 'EX_asn__L_e', 'EX_cgly_e', 'EX_LalaDgluMdapDala_e', 'EX_leu__L_e', 'EX_g3pe_e', 'EX_pro__L_e', 'EX_uri_e', 'EX_val__L_e', 'EX_xtsn_e', 'EX_glyc_e', '4PCP', '4PEPTabcpp', '4PEPTtex', 'EX_hxan_e', 'EX_ile__L_e', 'ADEt2rpp', 'ADEtex', 'ALAGLUE', 'ALDD2x', 'ALLTAMH', 'ALLTN', 'AMPTASECG', 'ASNabcpp', 'ASNtex', 'CGLYabcpp', 'CGLYtex', 'CYTBD2pp', 'CYTBDpp', 'ARGabcpp', 'ARGtex', 'ETHAAL', 'G3PEabcpp', 'G3PEtex', 'G3PT', 'GLYCtex', 'GLYCtpp', 'GPDDA2', 'HYXNtex', 'HYXNtpp', 'ILEabcpp', 'ILEtex', 'LEUabcpp', 'LEUtex', 'Kabcpp', 'LADGMDH', 'LALGP', 'NADH10', 'NTD10', 'NTD2', 'NTPP2', 'NTPP8', 'OPHHX', 'OPHHX3', 'PDX5PO2', 'PIuabcpp', 'POX', 'PROabcpp', 'PROtex', 'SERD_L', 'THRA', 'UGLYCH', 'URIC', 'URItex', 'VALabcpp', 'VALtex', 'XAND', 'XTSNtex', 'XTSNt2rpp']","[1.0889506616706957e-06, 1.4940486562919908e-06, 1.2848673335841276e-06, 1.6507342697202887e-06, 1.5478317318927404e-06, 2.4014127575355815e-06, 3.752153142498867e-06, 1.1782636677448721e-06, 1.6453672060379176e-06, 2.2586017394132796e-06, 1.2859761404915293e-06, -3.011108419711389e-06, -1.5478317318927404e-06, -1.5478317318927404e-06, -1.5478317436645739e-06, 1.0097696353517094e-06, 1.5485728218078698e-06, -1.088950625671714e-06, -1.088950625671714e-06, -1.3997165524415323e-06, -1.4908538737375449e-06, -1.0085810044481534e-06, -1.0085810044481534e-06, -1.6507342697202887e-06, -1.2848673335841276e-06, -1.2848673804910504e-06, -1.6507342697202887e-06, -1.6507342479599174e-06, 0.0002032053854806006, 2.135989179505673e-06, -1.4940486562919908e-06, -1.494048660788394e-06, -3.0111084197088764e-06, -3.752153142498867e-06, -3.7521531339734793e-06, -3.011108419711389e-06, 3.011108447026345e-06, -3.011108447026345e-06, -3.0111084197088764e-06, -1.0097696758748498e-06, -1.0097696758748498e-06, -1.5485728218078698e-06, -1.548572868159681e-06, -2.401412792618629e-06, -2.4014127575355815e-06, -1.0404144674125426e-06, -1.3997165985608906e-06, -1.3997165985608906e-06, 0.00020252869249516418, 1.2859761404915293e-06, 1.1828724886461806e-06, 2.14432876366466e-06, 1.0104155643494983e-06, -0.00020813915293087422, 0.0002081379643, -1.3698291411459122e-06, -1.0159284490329767e-06, 2.0868282407066974e-06, -1.1782636677448721e-06, -1.178263687506842e-06, 3.1080516859002816e-06, 1.2413153939033286e-06, -1.0085810044481534e-06, -1.0085810044481534e-06, -1.6453672060379176e-06, -2.2586017394132796e-06, -2.2586017394132796e-06, -1.0085810044481534e-06, -1.2859761682193493e-06, -1.2859761682193493e-06]","[1.0889506616706957e-06, 1.4940486562919908e-06, 1.2848673335841276e-06, 1.6507342697202887e-06, 1.5478317318927404e-06, 2.4014127575355815e-06, 3.752153142498867e-06, 1.1782636677448721e-06, 1.6453672060379176e-06, 2.2586017394132796e-06, 1.2859761404915293e-06, 3.011108419711389e-06, 1.5478317318927404e-06, 1.5478317318927404e-06, 1.5478317436645739e-06, 1.0097696353517094e-06, 1.5485728218078698e-06, 1.088950625671714e-06, 1.088950625671714e-06, 1.3997165524415323e-06, 1.4908538737375449e-06, 1.0085810044481534e-06, 1.0085810044481534e-06, 1.6507342697202887e-06, 1.2848673335841276e-06, 1.2848673804910504e-06, 1.6507342697202887e-06, 1.6507342479599174e-06, 0.0002032053854806006, 2.135989179505673e-06, 1.4940486562919908e-06, 1.494048660788394e-06, 3.0111084197088764e-06, 3.752153142498867e-06, 3.7521531339734793e-06, 3.011108419711389e-06, 3.011108447026345e-06, 3.011108447026345e-06, 3.0111084197088764e-06, 1.0097696758748498e-06, 1.0097696758748498e-06, 1.5485728218078698e-06, 1.548572868159681e-06, 2.401412792618629e-06, 2.4014127575355815e-06, 1.0404144674125426e-06, 1.3997165985608906e-06, 1.3997165985608906e-06, 0.00020252869249516418, 1.2859761404915293e-06, 1.1828724886461806e-06, 2.14432876366466e-06, 1.0104155643494983e-06, 0.00020813915293087422, 0.0002081379643, 1.3698291411459122e-06, 1.0159284490329767e-06, 2.0868282407066974e-06, 1.1782636677448721e-06, 1.178263687506842e-06, 3.1080516859002816e-06, 1.2413153939033286e-06, 1.0085810044481534e-06, 1.0085810044481534e-06, 1.6453672060379176e-06, 2.2586017394132796e-06, 2.2586017394132796e-06, 1.0085810044481534e-06, 1.2859761682193493e-06, 1.2859761682193493e-06]","['EX_glyc_e', '4PCP', '4PEPTabcpp', 'ALAGLUE', 'ALDD2x', 'ALLTAMH', 'ALLTN', 'AMPTASECG', 'ASNabcpp', 'CGLYabcpp', 'ARGabcpp', 'G3PEabcpp', 'G3PT', 'GLYCtex', 'GLYCtpp', 'ILEabcpp', 'LEUabcpp', 'Kabcpp', 'LADGMDH', 'LALGP', 'OPHHX', 'PDX5PO2', 'PIuabcpp', 'PROabcpp', 'UGLYCH', 'URIC', 'VALabcpp', 'XAND']","['EX_ade_e', 'EX_arg__L_e', 'EX_asn__L_e', 'EX_cgly_e', 'EX_LalaDgluMdapDala_e', 'EX_leu__L_e', 'EX_g3pe_e', 'EX_pro__L_e', 'EX_val__L_e', 'EX_xtsn_e', '4PEPTtex', 'EX_hxan_e', 'EX_ile__L_e', 'ADEt2rpp', 'ADEtex', 'ASNtex', 'CGLYtex', 'CYTBD2pp', 'CYTBDpp', 'ARGtex', 'G3PEtex', 'HYXNtex', 'HYXNtpp', 'ILEtex', 'LEUtex', 'NADH10', 'NTD10', 'NTD2', 'NTPP2', 'NTPP8', 'OPHHX3', 'POX', 'PROtex', 'SERD_L', 'THRA', 'VALtex', 'XTSNtex', 'XTSNt2rpp']","['EX_uri_e', 'ETHAAL', 'GPDDA2', 'URItex']",OPHHX,OPHHX3,0.001170567407638138,1,70,4,-20.0,0.0003700254036618781,iECW_1372,PSL,False,False,0.0,0.0,0.0,0.0
218,"['GRXR', 'GTHOr', 'PAPSR', 'PAPSR2', 'TRDR']","[0.2313523474756824, 0.23135234747564937, -0.23135234747519964, 0.2313523474756824, -0.23135234747519964]","[0.2313523474756824, 0.23135234747564937, 0.23135234747519964, 0.2313523474756824, 0.23135234747519964]",['PAPSR'],"['GRXR', 'GTHOr', 'PAPSR2']",['TRDR'],PAPSR,GRXR,1.1567617373774466,1,5,1,1.0,0.2313523474766149,iECW_1372,PSL,False,False,0.0,0.0,0.0,0.0
219,"['GRXR', 'GTHOr', 'PAPSR', 'PAPSR2', 'TRDR']","[0.23135234747519995, 0.23135234747519462, -0.23135234747519995, 0.23135234747519995, -0.23135234747342748]","[0.23135234747519995, 0.23135234747519462, 0.23135234747519995, 0.23135234747519995, 0.23135234747342748]",['PAPSR'],"['GRXR', 'GTHOr', 'PAPSR2']",['TRDR'],PAPSR,GTHOr,1.1567617373759993,1,5,1,1.0,0.2313523474769671,iECW_1372,PSL,False,False,0.0,0.0,0.0,-1.05034411929546
220,"['PAPSR', 'PAPSR2', 'RNDR1', 'RNDR1b', 'RNDR2', 'RNDR2b', 'RNDR3', 'RNDR3b', 'RNDR4', 'RNDR4b']","[-0.2313523474752005, 0.2313523474752005, 0.15649734865451137, -0.15649734865520049, 0.025216427719699997, -0.025216427719699997, 0.025216427719298107, -0.025216427719699997, 0.024422143380600003, -0.024422143380599996]","[0.2313523474752005, 0.2313523474752005, 0.15649734865451137, 0.15649734865520049, 0.025216427719699997, 0.025216427719699997, 0.025216427719298107, 0.025216427719699997, 0.024422143380600003, 0.024422143380599996]","['PAPSR', 'RNDR1b', 'RNDR2b', 'RNDR3b', 'RNDR4b']","['PAPSR2', 'RNDR1', 'RNDR2', 'RNDR3', 'RNDR4']",[],PAPSR,PAPSR2,0.9254093899008546,1,10,0,0.0,-1.0909988190643816e-12,iECW_1372,PSL,False,False,0.0,0.0,0.0,0.0
221,"['MOX', 'PDX5PO2', 'PDX5POi']","[-0.000208137963113586, -0.00020813796429618482, 0.0002081379643]","[0.000208137963113586, 0.00020813796429618482, 0.0002081379643]",['PDX5PO2'],['PDX5POi'],['MOX'],PDX5PO2,PDX5POi,0.0008325518571957666,1,3,1,-1.0,-0.00020813796310977087,iECW_1372,PSL,False,False,0.0,0.0,0.0,0.0
222,"['EX_acser_e', 'EX_ade_e', 'EX_anhgm_e', 'EX_arg__L_e', 'EX_asn__L_e', 'EX_cgly_e', 'EX_5mtr_e', 'EX_LalaDgluMdapDala_e', 'EX_feenter_e', 'EX_leu__L_e', 'EX_for_e', 'EX_lipa_cold_e', 'EX_mal__L_e', 'EX_cytd_e', 'EX_g3pe_e', 'EX_spmd_e', 'EX_succ_e', 'EX_phe__L_e', 'EX_pheme_e', 'EX_thr__L_e', 'EX_pro__L_e', 'EX_thym_e', 'EX_trp__L_e', 'EX_tyr__L_e', 'EX_uri_e', 'EX_val__L_e', 'EX_xan_e', '2AGPEAT160', '2AGPEAT161', 'EX_xtsn_e', 'EX_glyclt_e', '3HAD160', 'EX_gua_e', '3OAR160', '3OAS160', '4PCP', '4PEPTabcpp', '4PEPTtex', '5MTRtex', '5MTRtpp', 'EX_his__L_e', 'AACTOOR', 'EX_hxan_e', 'ABTA', 'ABUTD', 'EX_ile__L_e', 'ACOATA', 'ACSERtex', 'ACSERtpp', 'ADEt2rpp', 'ADEtex', 'ADMDC', 'ALAGLUE', 'EX_kdo2lipid4_e', 'ALLTAMH', 'ALLTN', 'AGM4PApp', 'AMPN', 'AMPTASECG', 'ASNabcpp', 'ANHGMtex', 'ASNtex', 'ASPO3', 'ASPT', 'AOBUTDs', 'CBPS', 'CGLYabcpp', 'CGLYtex', 'CLIPAabctex', 'CYSDS', 'CPPPGO', 'CYTBDpp', 'CYTDtex', 'DAAD', 'DMPPS', 'DHBD', 'DHBSH', 'DRPA', 'DHORDfum', 'EAR160y', 'ARGabcpp', 'ARGtex', 'FACOAE140', 'FACOAL160t2pp', 'EDTXS3', 'EDTXS4', 'FACOAL161t2pp', 'FADRx_copy1', 'ENTERES2', 'ETHAAL', 'FCLT', 'FA140ACPHi', 'FA160ACPHi', 'FE2t2pp', 'FA161ACPHi', 'FE3Ri', 'G1SAT', 'G3PD5', 'G3PEabcpp', 'G3PEtex', 'FEENTERabcpp', 'FEENTERtonex', 'GLYCLTDy', 'GLYCLTt2rpp', 'GLYCLTtex', 'GLYOX3', 'GLUTRR', 'GLUTRS', 'GLYAT', 'GPDDA2', 'FLDR2', 'GUAPRT', 'GTPHs', 'GUAtex', 'GUAtpp', 'H2SO', 'HYXNtex', 'HYXNtpp', 'ICHORS_copy1', 'ICHORT', 'FORt2pp', 'ILEabcpp', 'FORtex', 'ILEtex', 'HISabcpp', 'HIStex', 'HMBS', 'INSK', 'LEUabcpp', 'LEUtex', 'LIPACabcpp', 'K2L4Aabcpp', 'K2L4Aabctex', 'Kabcpp', 'LPLIPAL1E160pp', 'LADGMDH', 'LPLIPAL1E161pp', 'LALGP', 'LPLIPAL2E160', 'LPLIPAL2E161', 'MDDCP1pp', 'MDDEP1pp', 'ME1', 'MLTGY1pp', 'METAT', 'MN2t3pp', 'MG2uabcpp', 'MGSA', 'MOX', 'MTAN', 'MACPD', 'NTD10', 'NDPK7', 'NTD2', 'NTD4', 'NI2uabcpp', 'NTPTP2', 'NTPP11', 'NTPP2', 'NTPP4', 'NTPP7', 'NTPP8', 'MALt2_3pp', 'OPHHX', 'OPHHX3', 'MALtex', 'PDX5PO2', 'PLIPA2E160pp', 'PLIPA2E161pp', 'PHEMEtiex', 'PHEt2rpp', 'PHEtex', 'PIt2rpp', 'PIuabcpp', 'POX', 'PPA', 'PPBNGS', 'PPK2', 'PPM2', 'PPPGO', 'PROabcpp', 'PROtex', 'S2FE2SS', 'S2FE2SS2', 'S4FE4SR', 'S4FE4ST', 'RNDR2', 'SCYSDS', 'RNDR3', 'SERD_L', 'SPMDabcpp', 'SPMDtex', 'SPMS', 'SSALx', 'SUCCt2_3pp', 'SUCCtex', 'THIORDXi', 'THRD', 'THRabcpp', 'THRtex', 'THYMt3pp', 'THYMtex', 'TRPt2rpp', 'TRPtex', 'TMDK1', 'TMDPP', 'TYRt2rpp', 'TYRtex', 'UGLYCH', 'PTRCTA', 'UPP3S', 'UPPDC1', 'URIC', 'URIK2', 'PUNP3', 'URItex', 'ZNabcpp', 'VALabcpp', 'VALtex', 'XAND', 'XANtex', 'XANtpp', 'XTSNtex', 'PUNP7', 'PHEMEabcpp', 'CTECOAI7_copy2', 'XTSNt2rpp']","[0.0008290540991328088, 0.0023905757374225955, 0.0005150240393623959, 0.003461168084231414, 0.002820670851627738, 0.0022268121064761837, 0.001392727590665721, 0.004340607047107349, 0.0006817895197199046, 0.005271824519127222, -2.8703431727546223e-05, 0.001626816399405446, -0.0006637268506892724, 0.001878360492014508, 0.0019329941327240335, 0.001392727590665721, -0.0011563671475962045, 0.0021678520890535957, 0.0002740984604107342, 0.0018606496697657349, 0.0025866436917159064, 0.0003061777333126965, 0.0006651402925435118, 0.00161617986499335, 0.0019225729356548982, 0.004958310035182718, 0.0011135566133996244, -0.00020907986466526043, -0.000813408199702723, 0.0026447128187008784, -0.0021817650043168615, -0.00041815972933051393, 0.0004983770500035511, -0.00041815972929271084, -0.00041815972933051393, -0.004015449711125801, -0.004015449711125801, -0.004340607047083722, -0.0013927275906553405, 0.001392727590665721, 0.0011085632537865264, 0.0019056652463060714, 0.0007717078819392542, -0.001392727590665721, -0.001392727590665721, 0.003399583837101705, -0.00017926009161328693, -0.0008290540990856243, 0.0008290540991328088, -0.002390575737422296, -0.002390575737422296, 0.001392727590665721, -0.00401544971111889, -0.0013991547782431814, -0.002173936795817788, -0.002173936795817788, 0.00032515733598154767, 0.0010057231606879213, -0.0022268121064761837, -0.002820670851627738, -0.000515024039373202, -0.002820670851633622, -2.6655693502934327e-05, 0.00023375104024686566, 0.0019056652463060714, 0.00023636044307265118, -0.0022268121064761837, -0.0022268121065280866, 0.001626816399405446, -0.0007191006872506106, 0.0002714890575777169, 4.689997994233863e-05, -0.001878360492014508, -0.0018785594153138963, -3.252977522786568e-06, 0.002045368559151939, -0.002045368559159714, 0.0003061777333126965, 0.00023636044307265118, -0.00041815972933051393, -0.003461168084231414, -0.0034611680841862835, 0.001208656670074932, 0.001075261188931087, 0.001626816399405446, 0.001626816399405446, 0.0001333954811556428, 0.000498654272632848, -0.0006817895197199046, -0.00030617773331269305, 0.0002714890575777168, -0.001208656670074932, -0.00041815972933051393, 0.0007679524693634133, -0.0016268163994054563, -0.0002952126582451563, 0.002151037238036224, -0.0003061777333126896, -0.0013286657976806782, -0.0019329941327441702, -0.0006817895197199046, -0.0006817895197199046, -0.002173936795817788, 0.0021817650042521564, 0.002181765004365843, 0.0001898667033808205, 0.002151037237957596, 0.002151037237957596, 0.0007978325102158124, -0.00030617773331269305, -0.0003061777333126965, -0.00020970474956971685, 0.001074347114337293, -0.000498377050007548, -0.000498377050007548, -0.0007191006872506106, -0.0007717078819950984, -0.0007717078819950984, 0.002045368559151939, 0.002045368559159714, 2.8703431727546223e-05, -0.003399583837101705, 2.8703431780741084e-05, -0.0033995838371083664, -0.0011085632537865264, -0.0011085632537515266, 0.0002688796547446995, -2.6094028331424823e-06, -0.005271824519097468, -0.005271824519127222, 0.001626816399405446, -0.001626816399405446, -0.001626816399405446, -0.0022840231712338566, 0.0005376305944655435, -0.004015449711125774, 6.669774057781186e-05, -0.004015449711125774, 0.00020907986466526043, 0.000813408199702723, 0.00016257866799077383, 0.00016257866799077383, -0.00023681587675561389, 0.00016257866799077383, 0.0013822197711856887, 8.08563837495491e-06, -0.0001015092806117713, -0.001715798542925251, 0.0009005427274360045, 0.001392727590665721, 0.0001792600915728609, 0.0023534311153888265, -0.00031613558894605376, 0.0016064373467025717, 0.001878360492014508, -3.7795386325766163e-06, 0.0002886723004338343, 0.001074347114337293, 0.0014887887506212505, 0.001596919430540228, 0.0003061777333126965, 0.0016862124925969557, 0.0006637268506892724, 0.0002075151253, -0.00021012452813301753, 0.0006637268506892724, -2.6094028330173383e-06, 0.0005376305944655435, 6.669774057781186e-05, 0.0002740984604107342, -0.0021678520890873187, -0.0021678520890873187, -0.9117338866769842, 0.90283471138468, 0.000379733406761641, -0.0003460325593558516, 0.001075518618978798, -0.00028867230048490455, 0.00030617773336416576, 0.0002714890575777169, -0.0025866436917159064, -0.0025866436917567626, -3.3465883867397125e-06, -3.369991102730892e-06, -3.369991102730892e-06, -3.369991102730892e-06, -0.00031613558896694677, -1.3456561694932551e-05, -0.00031613558896694677, 0.0019340786147871714, -0.001392727590665721, -0.0013927275906553405, 0.001392727590665721, -0.001392727590665721, 0.0011563671475962045, 0.0011563671475869342, 0.0006322711779338797, 0.001107832736144287, -0.0018606496697390895, -0.0018606496697657349, 0.0003061777333126965, -0.00030617773336416576, -0.0006651402925399452, -0.0006651402925399452, -0.0003061777333126965, 0.00030617773336416576, -0.0016161798649818593, -0.0016161798649818593, -0.002173936795817788, -0.001392727590665721, 0.0002688796547446995, 0.0002714890575777168, -0.002173936795817788, -0.00031613558896698146, 0.00028867230048490455, -0.0019225729356548982, -3.990163076497341e-06, -0.004958310035182718, -0.0049583100351355824, -0.002173936795817788, -0.0011135566134043984, -0.0011135566134043984, -0.0026447128186646296, -0.00029128170331205183, 0.0002740984604107342, 0.00013339548115565147, -0.0026447128186646296]","[0.0008290540991328088, 0.0023905757374225955, 0.0005150240393623959, 0.003461168084231414, 0.002820670851627738, 0.0022268121064761837, 0.001392727590665721, 0.004340607047107349, 0.0006817895197199046, 0.005271824519127222, 2.8703431727546223e-05, 0.001626816399405446, 0.0006637268506892724, 0.001878360492014508, 0.0019329941327240335, 0.001392727590665721, 0.0011563671475962045, 0.0021678520890535957, 0.0002740984604107342, 0.0018606496697657349, 0.0025866436917159064, 0.0003061777333126965, 0.0006651402925435118, 0.00161617986499335, 0.0019225729356548982, 0.004958310035182718, 0.0011135566133996244, 0.00020907986466526043, 0.000813408199702723, 0.0026447128187008784, 0.0021817650043168615, 0.00041815972933051393, 0.0004983770500035511, 0.00041815972929271084, 0.00041815972933051393, 0.004015449711125801, 0.004015449711125801, 0.004340607047083722, 0.0013927275906553405, 0.001392727590665721, 0.0011085632537865264, 0.0019056652463060714, 0.0007717078819392542, 0.001392727590665721, 0.001392727590665721, 0.003399583837101705, 0.00017926009161328693, 0.0008290540990856243, 0.0008290540991328088, 0.002390575737422296, 0.002390575737422296, 0.001392727590665721, 0.00401544971111889, 0.0013991547782431814, 0.002173936795817788, 0.002173936795817788, 0.00032515733598154767, 0.0010057231606879213, 0.0022268121064761837, 0.002820670851627738, 0.000515024039373202, 0.002820670851633622, 2.6655693502934327e-05, 0.00023375104024686566, 0.0019056652463060714, 0.00023636044307265118, 0.0022268121064761837, 0.0022268121065280866, 0.001626816399405446, 0.0007191006872506106, 0.0002714890575777169, 4.689997994233863e-05, 0.001878360492014508, 0.0018785594153138963, 3.252977522786568e-06, 0.002045368559151939, 0.002045368559159714, 0.0003061777333126965, 0.00023636044307265118, 0.00041815972933051393, 0.003461168084231414, 0.0034611680841862835, 0.001208656670074932, 0.001075261188931087, 0.001626816399405446, 0.001626816399405446, 0.0001333954811556428, 0.000498654272632848, 0.0006817895197199046, 0.00030617773331269305, 0.0002714890575777168, 0.001208656670074932, 0.00041815972933051393, 0.0007679524693634133, 0.0016268163994054563, 0.0002952126582451563, 0.002151037238036224, 0.0003061777333126896, 0.0013286657976806782, 0.0019329941327441702, 0.0006817895197199046, 0.0006817895197199046, 0.002173936795817788, 0.0021817650042521564, 0.002181765004365843, 0.0001898667033808205, 0.002151037237957596, 0.002151037237957596, 0.0007978325102158124, 0.00030617773331269305, 0.0003061777333126965, 0.00020970474956971685, 0.001074347114337293, 0.000498377050007548, 0.000498377050007548, 0.0007191006872506106, 0.0007717078819950984, 0.0007717078819950984, 0.002045368559151939, 0.002045368559159714, 2.8703431727546223e-05, 0.003399583837101705, 2.8703431780741084e-05, 0.0033995838371083664, 0.0011085632537865264, 0.0011085632537515266, 0.0002688796547446995, 2.6094028331424823e-06, 0.005271824519097468, 0.005271824519127222, 0.001626816399405446, 0.001626816399405446, 0.001626816399405446, 0.0022840231712338566, 0.0005376305944655435, 0.004015449711125774, 6.669774057781186e-05, 0.004015449711125774, 0.00020907986466526043, 0.000813408199702723, 0.00016257866799077383, 0.00016257866799077383, 0.00023681587675561389, 0.00016257866799077383, 0.0013822197711856887, 8.08563837495491e-06, 0.0001015092806117713, 0.001715798542925251, 0.0009005427274360045, 0.001392727590665721, 0.0001792600915728609, 0.0023534311153888265, 0.00031613558894605376, 0.0016064373467025717, 0.001878360492014508, 3.7795386325766163e-06, 0.0002886723004338343, 0.001074347114337293, 0.0014887887506212505, 0.001596919430540228, 0.0003061777333126965, 0.0016862124925969557, 0.0006637268506892724, 0.0002075151253, 0.00021012452813301753, 0.0006637268506892724, 2.6094028330173383e-06, 0.0005376305944655435, 6.669774057781186e-05, 0.0002740984604107342, 0.0021678520890873187, 0.0021678520890873187, 0.9117338866769842, 0.90283471138468, 0.000379733406761641, 0.0003460325593558516, 0.001075518618978798, 0.00028867230048490455, 0.00030617773336416576, 0.0002714890575777169, 0.0025866436917159064, 0.0025866436917567626, 3.3465883867397125e-06, 3.369991102730892e-06, 3.369991102730892e-06, 3.369991102730892e-06, 0.00031613558896694677, 1.3456561694932551e-05, 0.00031613558896694677, 0.0019340786147871714, 0.001392727590665721, 0.0013927275906553405, 0.001392727590665721, 0.001392727590665721, 0.0011563671475962045, 0.0011563671475869342, 0.0006322711779338797, 0.001107832736144287, 0.0018606496697390895, 0.0018606496697657349, 0.0003061777333126965, 0.00030617773336416576, 0.0006651402925399452, 0.0006651402925399452, 0.0003061777333126965, 0.00030617773336416576, 0.0016161798649818593, 0.0016161798649818593, 0.002173936795817788, 0.001392727590665721, 0.0002688796547446995, 0.0002714890575777168, 0.002173936795817788, 0.00031613558896698146, 0.00028867230048490455, 0.0019225729356548982, 3.990163076497341e-06, 0.004958310035182718, 0.0049583100351355824, 0.002173936795817788, 0.0011135566134043984, 0.0011135566134043984, 0.0026447128186646296, 0.00029128170331205183, 0.0002740984604107342, 0.00013339548115565147, 0.0026447128186646296]","['EX_for_e', 'EX_mal__L_e', 'EX_succ_e', '2AGPEAT160', '2AGPEAT161', 'EX_glyclt_e', '3HAD160', '3OAR160', '3OAS160', '4PCP', '4PEPTabcpp', 'ABTA', 'ABUTD', 'ALAGLUE', 'EX_kdo2lipid4_e', 'ALLTAMH', 'ALLTN', 'AMPTASECG', 'ASNabcpp', 'ASPO3', 'CGLYabcpp', 'CYSDS', 'DAAD', 'DMPPS', 'EAR160y', 'ARGabcpp', 'FA140ACPHi', 'FA160ACPHi', 'FA161ACPHi', 'FE3Ri', 'G3PD5', 'G3PEabcpp', 'GLYCLTDy', 'GLYCLTtex', 'FLDR2', 'GUAPRT', 'H2SO', 'ILEabcpp', 'FORtex', 'HISabcpp', 'INSK', 'LEUabcpp', 'Kabcpp', 'LADGMDH', 'LALGP', 'ME1', 'MG2uabcpp', 'MGSA', 'NDPK7', 'NI2uabcpp', 'OPHHX3', 'MALtex', 'PDX5PO2', 'PIt2rpp', 'PPA', 'PROabcpp', 'S2FE2SS', 'S2FE2SS2', 'S4FE4SR', 'S4FE4ST', 'RNDR2', 'SCYSDS', 'RNDR3', 'SPMDabcpp', 'SSALx', 'SUCCtex', 'THRabcpp', 'TMDK1', 'UGLYCH', 'PTRCTA', 'URIC', 'URIK2', 'ZNabcpp', 'VALabcpp', 'XAND']","['EX_acser_e', 'EX_ade_e', 'EX_anhgm_e', 'EX_arg__L_e', 'EX_asn__L_e', 'EX_cgly_e', 'EX_5mtr_e', 'EX_LalaDgluMdapDala_e', 'EX_feenter_e', 'EX_leu__L_e', 'EX_lipa_cold_e', 'EX_cytd_e', 'EX_g3pe_e', 'EX_spmd_e', 'EX_phe__L_e', 'EX_pheme_e', 'EX_thr__L_e', 'EX_pro__L_e', 'EX_thym_e', 'EX_trp__L_e', 'EX_tyr__L_e', 'EX_uri_e', 'EX_val__L_e', 'EX_xan_e', 'EX_xtsn_e', 'EX_gua_e', '4PEPTtex', '5MTRtex', '5MTRtpp', 'EX_his__L_e', 'AACTOOR', 'EX_hxan_e', 'EX_ile__L_e', 'ACOATA', 'ACSERtex', 'ACSERtpp', 'ADEt2rpp', 'ADEtex', 'ADMDC', 'AMPN', 'ANHGMtex', 'ASNtex', 'ASPT', 'AOBUTDs', 'CBPS', 'CGLYtex', 'CLIPAabctex', 'CPPPGO', 'CYTBDpp', 'CYTDtex', 'DHBD', 'DHORDfum', 'ARGtex', 'FACOAL160t2pp', 'EDTXS3', 'EDTXS4', 'FADRx_copy1', 'FE2t2pp', 'G3PEtex', 'GLYAT', 'GTPHs', 'GUAtex', 'GUAtpp', 'HYXNtex', 'HYXNtpp', 'ICHORS_copy1', 'ICHORT', 'FORt2pp', 'ILEtex', 'HIStex', 'LEUtex', 'LIPACabcpp', 'LPLIPAL1E160pp', 'LPLIPAL1E161pp', 'LPLIPAL2E160', 'LPLIPAL2E161', 'MDDCP1pp', 'MN2t3pp', 'MTAN', 'MACPD', 'NTD10', 'NTD2', 'NTD4', 'NTPTP2', 'NTPP11', 'NTPP2', 'NTPP4', 'NTPP7', 'NTPP8', 'MALt2_3pp', 'OPHHX', 'PLIPA2E160pp', 'PLIPA2E161pp', 'PHEMEtiex', 'PHEt2rpp', 'PHEtex', 'PIuabcpp', 'POX', 'PPPGO', 'PROtex', 'SERD_L', 'SPMDtex', 'SPMS', 'SUCCt2_3pp', 'THIORDXi', 'THRD', 'THRtex', 'THYMt3pp', 'THYMtex', 'TRPt2rpp', 'TRPtex', 'TMDPP', 'TYRt2rpp', 'TYRtex', 'PUNP3', 'URItex', 'VALtex', 'XANtex', 'XANtpp', 'XTSNtex', 'PUNP7', 'PHEMEabcpp', 'CTECOAI7_copy2', 'XTSNt2rpp']","['AGM4PApp', 'DHBSH', 'DRPA', 'FACOAE140', 'FACOAL161t2pp', 'ENTERES2', 'ETHAAL', 'FCLT', 'G1SAT', 'FEENTERabcpp', 'FEENTERtonex', 'GLYCLTt2rpp', 'GLYOX3', 'GLUTRR', 'GLUTRS', 'GPDDA2', 'HMBS', 'K2L4Aabcpp', 'K2L4Aabctex', 'MDDEP1pp', 'MLTGY1pp', 'METAT', 'MOX', 'PPBNGS', 'PPK2', 'PPM2', 'UPP3S', 'UPPDC1']",PIt2rpp,PIuabcpp,2.5643203648668544,1,227,28,5.0,0.0487589707605882,iECW_1372,PSL,True,False,-293.742722646359,0.0,0.0,0.0
223,"['EX_acser_e', 'EX_ade_e', 'EX_ala__L_e', 'EX_alaala_e', 'EX_anhgm_e', 'EX_arg__L_e', 'EX_asn__L_e', 'EX_5mtr_e', 'EX_LalaDgluMdap_e', 'EX_LalaDgluMdapDala_e', 'EX_leu__L_e', 'EX_for_e', 'EX_lipa_cold_e', 'EX_lys__L_e', 'EX_cytd_e', 'EX_g3pe_e', 'EX_fe3_e', 'EX_spmd_e', 'EX_phe__L_e', 'EX_pheme_e', 'EX_thr__L_e', 'EX_pro__L_e', 'EX_thym_e', 'EX_trp__L_e', 'EX_tyr__L_e', 'EX_glcn_e', 'EX_val__L_e', 'EX_xtsn_e', 'EX_glyclt_e', 'EX_gthrd_e', 'ACACT7r', '3PEPTabcpp', '3PEPTtex', '4PCP', '4PEPTabcpp', '4PEPTtex', '5MTRtex', '5MTRtpp', 'ACGAMK', 'AACPS1', 'EX_his__L_e', 'AACPS3', 'ACM6PH', 'ABTA', 'ABUTD', 'EX_ile__L_e', 'ACSERtex', 'ACSERtpp', 'ADD', 'ADEt2rpp', 'ADEtex', 'ADMDC', 'ALAALAtex', 'ALAGLUE', 'ALAR', 'ADNK1', 'ALATA_L2', 'ALAabcpp', 'EX_kdo2lipid4_e', 'ALAtex', 'ADPT', 'ALLTAMH', 'ALLTN', 'AGDC', 'AGM4PApp', 'AGM4PCPpp', 'AGMH', 'AGMt2pp', 'AMPN', 'AMPTASECG', 'ASNabcpp', 'ANHGMtex', 'ASNtex', 'ANHMK', 'ASPO3', 'ASPT', 'ATPM', 'CGLYabcpp', 'CA2t3pp', 'CLIPAabctex', 'CYSDS', 'CPPPGO', 'CYTD', 'CYTDtex', 'CTECOAI7_copy1', 'DMPPS', 'DRPA', 'EAR160y', 'EAR140y', 'ARGabcpp', 'ARGtex', 'FACOAE140', 'ECOAH7', 'EDTXS3', 'EDTXS4', 'FACOAL161t2pp', 'FADRx_copy1', 'FE3abcpp', 'FE3tex', 'FCLT', 'FE3Ri', 'G1SAT', 'G3PD5', 'G3PEtex', 'GLCDpp', 'GLCNt2rpp', 'GLCNtex', 'GLYCLTt2rpp', 'GLYCLTtex', 'GLYCTO2', 'GLUTRR', 'GLUTRS', 'GLUabcpp', 'GNK', 'GTHRDHpp', 'GTHRDtex', 'GLYCL', 'H2SO', 'HXAND', 'ILEabcpp', 'FORtex', 'ILEtex', 'HISabcpp', 'FORtppi', 'HIStex', 'HMBS', 'LEUabcpp', 'LEUtex', 'LIPACabcpp', 'K2L4Aabcpp', 'K2L4Aabctex', 'Kabcpp', 'LPLIPAL1E160pp', 'LADGMDH', 'LPLIPAL1E161pp', 'LALGP', 'LDH_D', 'MDDCP1pp', 'MDDEP1pp', 'MDDEP2pp', 'MLTGY1pp', 'MLTGY2pp', 'METAT', 'MG2uabcpp', 'LYSabcpp', 'MLDCP1App', 'MTAN', 'LYStex', 'NTD10', 'NDPK5', 'NDPK7', 'NDPK8', 'MALS', 'NTD4', 'NI2uabcpp', 'OPHHX', 'OPHHX3', 'PAPSR2', 'PDX5PO2', 'PLIPA2E160pp', 'PLIPA2E161pp', 'PHEMEtiex', 'PHEt2rpp', 'PHEtex', 'PIuabcpp', 'PPA', 'PPBNGS', 'PPK', 'PPM2', 'PPPGO3', 'PROabcpp', 'PROtex', 'S2FE2SS', 'S2FE2SS2', 'S2FE2ST', 'S4FE4SR', 'S4FE4ST', 'RNDR1b', 'RNDR2', 'SCYSDS', 'RNDR3b', 'SERD_L', 'SPMDabcpp', 'SPMDtex', 'SPMS', 'SSALx', 'THRA', 'THRabcpp', 'THRtex', 'THYMt3pp', 'THYMtex', 'TRPS1', 'TRPt2rpp', 'TRPtex', 'TMDK1', 'TMDPP', 'TYRt2rpp', 'TYRtex', 'UGLYCH', 'PTRCTA', 'UPP3S', 'UPPDC1', 'PUNP1', 'URIC', 'URIK2', 'ZNabcpp', 'VALabcpp', 'VALtex', 'XAND', 'PYAM5PO', 'XTSNtex', 'HDCAt2pp', 'PUNP7', 'PHEMEabcpp', 'XTSNt2rpp']","[0.008867032441415568, 0.009270185922221556, 0.00697979225014933, 0.00030069768548964763, 0.0019732025814288238, 0.012803220064222132, 0.011431114158636568, 0.001454007226143833, 0.00030069768548964763, 0.006110052358523952, 0.019501026189914228, -0.00010617697124232358, 0.00447693907019665, 0.014853565344798203, 0.013185725526568604, 0.003779293214038716, 0.00023852027425164124, 0.001454007226143833, 0.008019109932667273, 0.0004566726905680849, 0.01211330781306097, 0.00956826354770604, 0.0011325832213217382, 0.004414582021642105, 0.005978417104094524, -0.002287072607174423, 0.01834130356305084, 0.015168392778873049, -0.003116220866035056, 0.01410357380113715, -0.002034267412113877, -0.00030069768548964763, -0.0003006976854749155, -0.0049072616165653634, -0.0049072616165653634, -0.0061100523585082556, -0.001454007226129761, 0.001454007226143833, -0.000770411839470235, 0.0020342674121464253, 0.004100690561093745, 0.005524319015931006, -0.000770411839470235, -0.001454007226143833, -0.001454007226143833, 0.012575413540754532, -0.008867032441457923, 0.008867032441415568, -0.0004175456407868967, -0.009270185922218843, -0.009270185922218843, 0.001454007226143833, -0.0003006976854749155, -0.005207959302083509, 0.004907261616608594, -0.004619258315731396, 0.005036803956518293, -0.006979792250122006, -0.002864383259388273, -0.00697979225014933, -0.00125485905868955, -0.005036803956518293, -0.005036803956518293, -0.00154082367894047, 0.0012027907419585888, -0.00030069768548964763, -0.000770411839470235, -0.000770411839470235, 0.001553646175011636, -0.01410357380113715, -0.011431114158636568, -0.001973202581439182, -0.011431114158654054, -0.000770411839470235, -9.860217853092153e-05, 0.0014347023217240462, -0.4157274059226723, -0.01410357380113715, 0.0002252960202927326, 0.00447693907019665, -0.004828556024230566, 0.00044702023859396784, -0.006237475064027581, -0.013185725526568604, 0.002034267412113877, -1.2033101564147065e-05, 0.0011325832213217382, -0.005524319015931006, -0.0030816473578807735, -0.012803220064222132, -0.012803220064256493, 0.0020342674121464253, -0.002034267412113877, 0.00447693907019665, 0.00447693907019665, 0.0020342674121464253, 1.4835361466813447e-05, -0.00023852027425834595, -0.00023852027425164124, 0.00044702023859396784, 4.9722699224876224e-05, 0.0034989422930493674, 0.0022384695350982685, -0.003779293214051904, -0.000784858735793037, 0.0015022138713902677, 0.0022870726071460012, 0.0031162208659907265, 0.0031162208659907265, 0.003087263510138216, 0.0034989422929588058, 0.0034989422929588058, -0.01410357380113715, 0.001502213871381386, -0.01410357380113715, -0.014103573801094171, 0.003009830324324371, -0.0013571360765884666, -0.0004175456407868967, -0.012575413540754532, 0.00010617697125780978, -0.012575413540730551, -0.004100690561093745, -0.00010617697124232358, -0.0041006905611311595, 0.0004373677866198507, -0.019501026189905235, -0.019501026189914228, 0.00447693907019665, -0.003706527230726484, -0.003706527230726484, -0.008448838825936472, 0.002762159507965503, -0.005207959302055011, 0.0010171337060732126, -0.005207959302055011, -0.0007704118395395199, 0.00030069768548964676, 0.00030069768548964676, 0.00030069768548964763, 0.00030069768548964676, 0.00030069768548964763, 0.0014151377110193375, -0.00037549336715455434, -0.014853565344798203, 0.00030069768548964763, 0.001454007226143833, -0.01485356534476523, 0.010549134463141652, -0.0011694183631334454, -0.0011694183631334454, -0.0011325832213060494, -0.0019495404463799712, 0.006948250462541022, -1.3980905774169561e-05, 0.0002051782079499989, -0.0002148306599241171, 0.002302001584481919, -9.652451974117063e-06, 0.002762159507965503, 0.0010171337060732126, 0.0004566726905680849, -0.008019109932661195, -0.008019109932661195, -0.03474920234052448, 3.0124470719208065, 0.0017494711464794029, 3.036710267958597, 0.0011325832213060494, 0.00044702023859396784, -0.00956826354770604, -0.009568263547748757, -1.2379377868150152e-05, -1.1253979880136526e-05, -1.2119670640147023e-06, -1.1253979880136526e-05, -1.1253979880136526e-05, -0.0011325832213217348, -0.0011694183631601844, -4.735328457257447e-05, -0.0011694183631601844, 0.009029500534574172, -0.001454007226143833, -0.001454007226129761, 0.001454007226143833, -0.001454007226143833, -0.0011325832213217382, -0.01211330781306097, -0.012113307813024221, 0.0011325832213217382, -0.0011325832213060494, 0.001954159028078266, -0.0044145820216954235, -0.0044145820216954235, -0.0011325832213217382, 0.0011325832213060494, -0.005978417104074651, -0.005978417104074651, -0.005036803956518293, -0.001454007226143833, 0.0004373677866198507, 0.00044702023859396784, 0.0046192583157562694, -0.005036803956518293, -0.006237475064027581, -1.4760027458179015e-05, -0.01834130356305084, -0.018341303563033762, -0.005036803956518293, 0.005036803956518293, -0.01516839277883264, 0.005524319015931006, -0.0046192583157562694, 0.0004566726905680849, -0.01516839277883264]","[0.008867032441415568, 0.009270185922221556, 0.00697979225014933, 0.00030069768548964763, 0.0019732025814288238, 0.012803220064222132, 0.011431114158636568, 0.001454007226143833, 0.00030069768548964763, 0.006110052358523952, 0.019501026189914228, 0.00010617697124232358, 0.00447693907019665, 0.014853565344798203, 0.013185725526568604, 0.003779293214038716, 0.00023852027425164124, 0.001454007226143833, 0.008019109932667273, 0.0004566726905680849, 0.01211330781306097, 0.00956826354770604, 0.0011325832213217382, 0.004414582021642105, 0.005978417104094524, 0.002287072607174423, 0.01834130356305084, 0.015168392778873049, 0.003116220866035056, 0.01410357380113715, 0.002034267412113877, 0.00030069768548964763, 0.0003006976854749155, 0.0049072616165653634, 0.0049072616165653634, 0.0061100523585082556, 0.001454007226129761, 0.001454007226143833, 0.000770411839470235, 0.0020342674121464253, 0.004100690561093745, 0.005524319015931006, 0.000770411839470235, 0.001454007226143833, 0.001454007226143833, 0.012575413540754532, 0.008867032441457923, 0.008867032441415568, 0.0004175456407868967, 0.009270185922218843, 0.009270185922218843, 0.001454007226143833, 0.0003006976854749155, 0.005207959302083509, 0.004907261616608594, 0.004619258315731396, 0.005036803956518293, 0.006979792250122006, 0.002864383259388273, 0.00697979225014933, 0.00125485905868955, 0.005036803956518293, 0.005036803956518293, 0.00154082367894047, 0.0012027907419585888, 0.00030069768548964763, 0.000770411839470235, 0.000770411839470235, 0.001553646175011636, 0.01410357380113715, 0.011431114158636568, 0.001973202581439182, 0.011431114158654054, 0.000770411839470235, 9.860217853092153e-05, 0.0014347023217240462, 0.4157274059226723, 0.01410357380113715, 0.0002252960202927326, 0.00447693907019665, 0.004828556024230566, 0.00044702023859396784, 0.006237475064027581, 0.013185725526568604, 0.002034267412113877, 1.2033101564147065e-05, 0.0011325832213217382, 0.005524319015931006, 0.0030816473578807735, 0.012803220064222132, 0.012803220064256493, 0.0020342674121464253, 0.002034267412113877, 0.00447693907019665, 0.00447693907019665, 0.0020342674121464253, 1.4835361466813447e-05, 0.00023852027425834595, 0.00023852027425164124, 0.00044702023859396784, 4.9722699224876224e-05, 0.0034989422930493674, 0.0022384695350982685, 0.003779293214051904, 0.000784858735793037, 0.0015022138713902677, 0.0022870726071460012, 0.0031162208659907265, 0.0031162208659907265, 0.003087263510138216, 0.0034989422929588058, 0.0034989422929588058, 0.01410357380113715, 0.001502213871381386, 0.01410357380113715, 0.014103573801094171, 0.003009830324324371, 0.0013571360765884666, 0.0004175456407868967, 0.012575413540754532, 0.00010617697125780978, 0.012575413540730551, 0.004100690561093745, 0.00010617697124232358, 0.0041006905611311595, 0.0004373677866198507, 0.019501026189905235, 0.019501026189914228, 0.00447693907019665, 0.003706527230726484, 0.003706527230726484, 0.008448838825936472, 0.002762159507965503, 0.005207959302055011, 0.0010171337060732126, 0.005207959302055011, 0.0007704118395395199, 0.00030069768548964676, 0.00030069768548964676, 0.00030069768548964763, 0.00030069768548964676, 0.00030069768548964763, 0.0014151377110193375, 0.00037549336715455434, 0.014853565344798203, 0.00030069768548964763, 0.001454007226143833, 0.01485356534476523, 0.010549134463141652, 0.0011694183631334454, 0.0011694183631334454, 0.0011325832213060494, 0.0019495404463799712, 0.006948250462541022, 1.3980905774169561e-05, 0.0002051782079499989, 0.0002148306599241171, 0.002302001584481919, 9.652451974117063e-06, 0.002762159507965503, 0.0010171337060732126, 0.0004566726905680849, 0.008019109932661195, 0.008019109932661195, 0.03474920234052448, 3.0124470719208065, 0.0017494711464794029, 3.036710267958597, 0.0011325832213060494, 0.00044702023859396784, 0.00956826354770604, 0.009568263547748757, 1.2379377868150152e-05, 1.1253979880136526e-05, 1.2119670640147023e-06, 1.1253979880136526e-05, 1.1253979880136526e-05, 0.0011325832213217348, 0.0011694183631601844, 4.735328457257447e-05, 0.0011694183631601844, 0.009029500534574172, 0.001454007226143833, 0.001454007226129761, 0.001454007226143833, 0.001454007226143833, 0.0011325832213217382, 0.01211330781306097, 0.012113307813024221, 0.0011325832213217382, 0.0011325832213060494, 0.001954159028078266, 0.0044145820216954235, 0.0044145820216954235, 0.0011325832213217382, 0.0011325832213060494, 0.005978417104074651, 0.005978417104074651, 0.005036803956518293, 0.001454007226143833, 0.0004373677866198507, 0.00044702023859396784, 0.0046192583157562694, 0.005036803956518293, 0.006237475064027581, 1.4760027458179015e-05, 0.01834130356305084, 0.018341303563033762, 0.005036803956518293, 0.005036803956518293, 0.01516839277883264, 0.005524319015931006, 0.0046192583157562694, 0.0004566726905680849, 0.01516839277883264]","['EX_for_e', 'EX_fe3_e', 'EX_glcn_e', 'EX_glyclt_e', '3PEPTabcpp', '4PCP', '4PEPTabcpp', 'ABTA', 'ABUTD', 'ADD', 'ALAGLUE', 'ADNK1', 'ALAabcpp', 'EX_kdo2lipid4_e', 'ADPT', 'ALLTAMH', 'ALLTN', 'AGM4PCPpp', 'AMPTASECG', 'ASNabcpp', 'ASPO3', 'CGLYabcpp', 'CYSDS', 'CYTD', 'DMPPS', 'EAR160y', 'EAR140y', 'ARGabcpp', 'FE3abcpp', 'FE3tex', 'GLCNtex', 'GLYCLTt2rpp', 'GLYCLTtex', 'GLUabcpp', 'GTHRDHpp', 'H2SO', 'ILEabcpp', 'FORtex', 'HISabcpp', 'FORtppi', 'LEUabcpp', 'Kabcpp', 'LADGMDH', 'LALGP', 'MG2uabcpp', 'LYSabcpp', 'NDPK5', 'NDPK7', 'NDPK8', 'NI2uabcpp', 'OPHHX3', 'PDX5PO2', 'PIuabcpp', 'PPK', 'PROabcpp', 'S2FE2SS', 'S2FE2SS2', 'S2FE2ST', 'S4FE4SR', 'S4FE4ST', 'RNDR1b', 'RNDR2', 'SCYSDS', 'RNDR3b', 'SPMDabcpp', 'SSALx', 'THRA', 'THRabcpp', 'TMDK1', 'UGLYCH', 'PTRCTA', 'PUNP1', 'URIC', 'URIK2', 'ZNabcpp', 'VALabcpp', 'XAND']","['EX_acser_e', 'EX_ade_e', 'EX_ala__L_e', 'EX_alaala_e', 'EX_anhgm_e', 'EX_arg__L_e', 'EX_asn__L_e', 'EX_5mtr_e', 'EX_LalaDgluMdap_e', 'EX_LalaDgluMdapDala_e', 'EX_leu__L_e', 'EX_lipa_cold_e', 'EX_lys__L_e', 'EX_cytd_e', 'EX_g3pe_e', 'EX_spmd_e', 'EX_phe__L_e', 'EX_pheme_e', 'EX_thr__L_e', 'EX_pro__L_e', 'EX_thym_e', 'EX_trp__L_e', 'EX_tyr__L_e', 'EX_val__L_e', 'EX_xtsn_e', 'EX_gthrd_e', 'ACACT7r', '3PEPTtex', '4PEPTtex', '5MTRtex', '5MTRtpp', 'AACPS1', 'EX_his__L_e', 'AACPS3', 'EX_ile__L_e', 'ACSERtex', 'ACSERtpp', 'ADEt2rpp', 'ADEtex', 'ADMDC', 'ALAALAtex', 'ALATA_L2', 'ALAtex', 'ANHGMtex', 'ASNtex', 'ASPT', 'CA2t3pp', 'CLIPAabctex', 'CYTDtex', 'CTECOAI7_copy1', 'DRPA', 'ARGtex', 'FACOAE140', 'ECOAH7', 'EDTXS3', 'EDTXS4', 'FACOAL161t2pp', 'FADRx_copy1', 'FE3Ri', 'G3PD5', 'G3PEtex', 'GLCNt2rpp', 'GLYCTO2', 'GNK', 'GTHRDtex', 'ILEtex', 'HIStex', 'LEUtex', 'LIPACabcpp', 'LPLIPAL1E160pp', 'LPLIPAL1E161pp', 'MDDCP1pp', 'MDDEP2pp', 'MLTGY2pp', 'MLDCP1App', 'MTAN', 'LYStex', 'NTD10', 'OPHHX', 'PAPSR2', 'PLIPA2E160pp', 'PLIPA2E161pp', 'PHEMEtiex', 'PHEt2rpp', 'PHEtex', 'PPA', 'PPM2', 'PROtex', 'SERD_L', 'SPMDtex', 'SPMS', 'THRtex', 'THYMt3pp', 'THYMtex', 'TRPS1', 'TRPt2rpp', 'TRPtex', 'TMDPP', 'TYRt2rpp', 'TYRtex', 'VALtex', 'PYAM5PO', 'XTSNtex', 'HDCAt2pp', 'PUNP7', 'PHEMEabcpp', 'XTSNt2rpp']","['ACGAMK', 'ACM6PH', 'ALAR', 'AGDC', 'AGM4PApp', 'AGMH', 'AGMt2pp', 'AMPN', 'ANHMK', 'ATPM', 'CPPPGO', 'FCLT', 'G1SAT', 'GLCDpp', 'GLUTRR', 'GLUTRS', 'GLYCL', 'HXAND', 'HMBS', 'K2L4Aabcpp', 'K2L4Aabctex', 'LDH_D', 'MDDEP1pp', 'MLTGY1pp', 'METAT', 'MALS', 'NTD4', 'PPBNGS', 'PPPGO3', 'UPP3S', 'UPPDC1']",PPK,PPA,8.602246362715851,1,215,31,19.0,-5.3953462530705,iECW_1372,PSL,True,False,-1000.0,0.0,0.0,0.0004391678620851
224,"['ASPO5', 'ASPO6', 'CYTBDpp', 'FRD3', 'NADH18pp', 'PPPGO', 'PPPGO3', 'THD2pp', 'THIORDXi', 'TRDR']","[0.00013875861006503484, -0.0001387586094678461, -0.0003468966726574152, 0.00013875860917966776, 0.00013875860917966776, 0.00020813796430028795, -0.0002081379643, -0.00013875861027778935, -0.00013875860989586873, -0.00013875861022904666]","[0.00013875861006503484, 0.0001387586094678461, 0.0003468966726574152, 0.00013875860917966776, 0.00013875860917966776, 0.00020813796430028795, 0.0002081379643, 0.00013875861027778935, 0.00013875860989586873, 0.00013875861022904666]","['CYTBDpp', 'PPPGO3', 'THD2pp', 'THIORDXi']","['ASPO5', 'FRD3', 'NADH18pp', 'PPPGO']","['ASPO6', 'TRDR']",PPPGO3,PPPGO,0.0020813796186387352,1,10,2,-2.0,-0.0004856552841033077,iECW_1372,PSL,False,False,0.0,0.0,0.0,-0.0257075309530137
225,"['FLDR2', 'NDPK8', 'RNTR1c2', 'RNDR1', 'TRDR']","[-0.024422143380711886, 0.024422143380547823, -0.024422143380599996, 0.024422143380599996, 0.024422143380599996]","[0.024422143380711886, 0.024422143380547823, 0.024422143380599996, 0.024422143380599996, 0.024422143380599996]","['FLDR2', 'RNTR1c2']","['NDPK8', 'RNDR1']",['TRDR'],RNTR1c2,NDPK8,0.12211071690311187,1,5,1,1.0,0.024422143380435933,iECW_1372,PSL,False,True,0.0,-74.4060308942421,0.0,0.0
226,"['FLDR2', 'NDPK5', 'RNTR2c2', 'RNDR2', 'TRDR']","[-0.025216427719274407, 0.025216427719697513, -0.025216427719699997, 0.025216427719697513, 0.025216427719264384]","[0.025216427719274407, 0.025216427719697513, 0.025216427719699997, 0.025216427719697513, 0.025216427719264384]","['FLDR2', 'RNTR2c2']","['NDPK5', 'RNDR2']",['TRDR'],RNTR2c2,NDPK5,0.15129856631348979,1,5,1,1.0,0.025216427719685006,iECW_1372,PSL,False,True,0.0,-74.406030894237,0.0,0.0930780423223525
227,"['FLDR2', 'NDPK3', 'NDPK7', 'RNTR3c2', 'RNDR3', 'TRDR']","[-0.025216427719700008, -0.025216427719783496, 0.02521642771966981, -0.025216427719699997, 0.025216427719699997, 0.025216427719699997]","[0.025216427719700008, 0.025216427719783496, 0.02521642771966981, 0.025216427719699997, 0.025216427719699997, 0.025216427719699997]","['FLDR2', 'RNTR3c2']","['NDPK7', 'RNDR3', 'TRDR']",['NDPK3'],RNTR3c2,NDPK7,0.15129856631820002,1,6,1,0.0,-1.1369377661551994e-13,iECW_1372,PSL,False,True,0.0,-47.7533545218473,0.0,-0.285438478307242
228,"['DM_4crsol_c', 'DM_5drib_c', 'DM_amob_c', 'DM_mththf_c', 'BIOMASS_Ec_iJO1366_core_53p95M', 'EX_alltn_e', 'EX_ca2_e', 'EX_ac_e', 'EX_cl_e', 'EX_co2_e', 'EX_cobalt2_e', 'EX_cu2_e', 'EX_meoh_e', 'EX_mg2_e', 'EX_mn2_e', 'EX_mobd_e', 'EX_nh4_e', 'EX_ni2_e', 'EX_pi_e', 'EX_so4_e', 'EX_urea_e', 'EX_zn2_e', '2MAHMP', '3OAR140', '3OAS140', 'ACACT1r', 'ACACT2r', 'ACACT3r', 'ACACT4r', 'ACACT5r', 'ACACT6r', 'ACACT7r', 'ACALD', 'ACCOAC', '5DOAN', 'A5PISO', 'AACPS3', 'AACPS4', 'AACPS7', 'ACHBS', 'ACLS', 'ABTA', 'ACOAD1f', 'ACOAD2f', 'ACOAD3f', 'ACOAD4f', 'ACOAD5f', 'ACOAD6f', 'ACOAD7f', 'ACONTa', 'ACONTb', 'ACt2rpp', 'ACtex', 'ADCL', 'AHCYSNS', 'ADCS', 'ADD', 'AICART', 'AKGDH', 'ALAALAD', 'ALAR', 'EX_k_e', 'EX_kdo2lipid4_e', 'ADPT', 'ADSK', 'ALLTNt2rpp', 'ALLTNtex', 'AGMT', 'AGPAT160', 'AMAOTr', 'AGPAT161', 'ASNS2', 'AMPMS2', 'AMPN', 'ASP1DC', 'ASPCT', 'ASPK', 'ANPRT', 'ASPO6', 'ANS', 'ASPT', 'ASPTA', 'CBMKr', 'AOXSr2', 'ATPPRT', 'ATPS4rpp', 'CDPMEK', 'BMOCOS', 'BMOGDS1', 'BMOGDS2', 'BPNT', 'BTS5', 'CHORM', 'CHORS', 'CHRPL', 'CA2tex', 'CLt3_2pp', 'CLtex', 'CO2tex', 'CO2tpp', 'COBALT2abcpp', 'CTPS2', 'COBALT2tex', 'CU2abcpp', 'CU2tex', 'APRAUR', 'CPMPS', 'CYSDS', 'CPPPGO', 'CYSTL', 'CYTBO3_4pp', 'CS', 'CYTK1', 'DAAD', 'CTECOAI7_copy1', 'DASYN160', 'DASYN161', 'DALAt2pp', 'DB4PS', 'DBTS', 'DAPDC', 'DAPE', 'DHQS', 'DHQTi', 'DMATT', 'DDPA', 'DMPPS', 'DHAD1', 'DNMPPA', 'DNTPPA', 'DHAD2', 'DPCOAK', 'DPR', 'DHDPRy', 'DHDPS', 'DHFR', 'DHFS', 'ARGDC', 'DHNPA2r', 'DHORD2', 'DHORTS', 'DHPPDA2', 'DHPS2', 'DHPTDCs2', 'DXPRIi', 'DXPS', 'E4PD', 'FACOAE120', 'ASAD', 'ECOAH1', 'FACOAE160', 'FACOAE161', 'ECOAH2', 'ECOAH3', 'ECOAH4', 'ECOAH5', 'ECOAH6', 'ECOAH7', 'FACOAL161t2pp', 'EGMEACPR', 'FBA', 'EPMEACPR', 'ETHAAL', 'FBP', 'FCLT', 'FE2tpp', 'FUM', 'G1PACT', 'G1SAT', 'G3PAT160', 'G3PAT161', 'G3PD2', 'GAPD', 'G3PEabcpp', 'GCALDD', 'G6PDH2r', 'GF6PTA', 'GHMT2r', 'GK1', 'HPPK2', 'GLYCTO2', 'GLNS', 'GLUDy', 'GLUR', 'GLUTRR', 'GLUTRS', 'GMPS2', 'GND', 'GLXCL', 'GPDDA2', 'FESD1s', 'GRTT', 'FESR', 'GLYCK', 'GLYCL', 'GTPCI', 'GTPCII2', 'H2Otpp', 'HSDy', 'HSST', 'FMNAT', 'HSTPT', 'HXAND', 'I2FE2SR', 'I2FE2SS', 'I2FE2SS2', 'I2FE2ST', 'HBZOPT', 'HCO3E', 'I4FE4SR', 'I4FE4ST', 'ICDHyr', 'ICYSDS', 'IG3PS', 'IGPDH', 'IGPS', 'ILETA', 'HISTD', 'HISTP', 'IMPC', 'IMPD', 'HMBS', 'IPDPS', 'IPMD', 'IPPMIa', 'IPPMIb', 'IPPS', 'K2L4Aabcpp', 'K2L4Aabctex', 'KARA1', 'KARA2', 'LPADSS', 'KDOCT2', 'KDOPP', 'KDOPS', 'Kt2pp', 'Ktex', 'LPLIPAL1E160pp', 'LPLIPAL1E161pp', 'LEUTAi', 'MCTP1App', 'MDH', 'MECDPDH5', 'MECDPS', 'MEOHtex', 'MEOHtrpp', 'MEPCT', 'METAT', 'MN2tpp', 'METS', 'MNtex', 'MOADSUx', 'MOAT', 'MOAT2', 'MOBDabcpp', 'MOBDtex', 'MG2t3_2pp', 'MG2tex', 'MOCOS', 'MOHMT', 'MOX', 'MPTAT', 'MPTG', 'MPTS', 'MPTSS', 'MTHFC', 'MTHFD', 'NADH16pp', 'MTHFR2', 'MTHTHFSs', 'NADPPPS', 'NADS1', 'MALCOAMT', 'NDPK2', 'NTD10', 'NDPK3', 'NDPK6', 'NH4tex', 'MALS', 'NH4tpp', 'NI2abcpp', 'NI2tex', 'NNATr', 'NNDPR', 'O2tpp', 'NTPP7', 'OCTDPS', 'OGMEACPD', 'OGMEACPR', 'OGMEACPS', 'OHPBAT', 'PANTS', 'OMCDC', 'OMPDC', 'OPHBDC', 'OPHHX', 'OPHHX3', 'PAPPT3', 'OPMEACPD', 'OPMEACPR', 'OPMEACPS', 'PAPSR', 'PDH', 'PDX5PO2', 'ORPT', 'PDX5PS', 'P5CD', 'P5CR', 'PE160abcpp', 'PE161abcpp', 'PERD', 'PFL', 'PGAMT', 'PGCD', 'PGI', 'PGK', 'PGL', 'MCOATA', 'PLIPA2E160pp', 'PLIPA2E161pp', 'PRATPP', 'PHETA1', 'PItex', 'PIuabcpp', 'PMDPHT', 'PMEACPE', 'PNTK', 'POR5', 'PPA', 'PRMICI', 'PPBNGS', 'PPCDC', 'PPNCL2', 'PPND', 'PPNDH', 'PPPGO3', 'QULNS', 'PRAIi', 'PRAMPC', 'RBFK', 'RBFSa', 'RNTR1c2', 'RNTR2c2', 'RNTR3c2', 'RNTR4c2', 'RBFSb', 'RBK', 'RPE', 'RPI', 'RHCCE', 'SADT2', 'SDPDS', 'SDPTA', 'SHCHD2', 'SHCHF', 'PSCVT', 'SHK3Dr', 'SHKK', 'SHSL1', 'SO4t2pp', 'SERD_L', 'SO4tex', 'PSD160', 'PSD161', 'SSALy', 'TDP', 'SUCDi', 'TDSK', 'SUCOAS', 'PSERT', 'SULR', 'THDPS', 'TALA', 'PSP_L', 'THRA', 'THRD_L', 'PSSA160', 'PSSA161', 'THZPSN3', 'TKT1', 'TRPAS2', 'TKT2', 'TRPS3', 'TRSARr', 'TMDS', 'TMPPP', 'TRDR', 'TYRL', 'TYRTA', 'PTPATi', 'U23GAAT', 'UGMDDS', 'UHGADA', 'UAAGDS', 'PTRCTA', 'UAGAAT', 'UAGCVT', 'UAGDP', 'UAGPT3', 'UMPK', 'UAMAGS', 'UAMAS', 'UAPGR', 'UDCPDP', 'UDCPDPS', 'UPP3MT', 'UPP3S', 'UPPDC1', 'UREAtex', 'UREAtpp', 'URIC', 'ZN2abcpp', 'USHD', 'Zn2tex', 'XAND', 'XTSNH', 'HDCAt2pp', 'MECDPDH2', 'FADRx_copy2', 'URIDK2r', '4ABUTD']","[-0.0001372847318, -0.000138515985, -1.2312532e-06, -0.0002758007168, -0.6156266, 0.27594723593402315, 0.0032043364529954488, -1.476011523901657, 0.0032043364530000007, -2.5370766129986855, 1.5390665e-05, 0.0004364792594000001, -1.2312532e-06, 0.005340560754999999, 0.00042539798059999996, 7.941583139999999e-05, 4.479536204105437, 0.00019884739179999998, -0.10790205917238715, 0.15526718478725676, 0.182097423267237, 0.00020992867059999997, 0.0001372847318, 1.3555985994119821, 1.3555985994119821, 1.1844199295221642, 1.1844199295221642, 1.1844199295221642, 1.1844199295221642, 1.1844199295221642, -0.17117866988978242, -0.1711786698897413, 0.3567251870961587, 1.3555949056523822, -0.000138515985, 0.6777992997059911, -0.049511886350530776, -0.07828410083795168, 1.3555985994119821, -0.17885738047139998, -0.5382232519566752, 0.182097423267237, -1.1844199295221642, -1.1844199295221642, -1.1844199295221642, -1.1844199295221642, -1.1844199295221642, 0.1711786698897413, 0.07857119170476673, -2.304899696116669, -2.304899696116669, 1.476011523901657, 1.476011523901657, -0.00041185419539990775, -0.0002758007168, -0.00041185419539990775, 0.1840951315875735, -0.05818594809900002, -1.8250803240763998, 0.0171070319608, 0.3322376697284032, 0.1201660029338, 0.3508772809825956, -0.0006281473092999999, -0.15259659659645675, -0.27594723593402315, -0.27594723593402315, 0.182097423267237, -0.024755943175265388, -1.2312532e-06, -0.03914205041897584, -0.14839987006299998, -0.0001372847318, 0.18388130098007352, -0.0003546009228567737, -0.20364620114700002, -0.323117777276, -0.03499406282379999, -0.0014023973967296484, -0.03499406282379999, 1.0439518384216555, -0.2187684062848385, -0.20364620114700005, -1.2312532e-06, -0.0583232328308, -24.309334180754703, -0.0014707319474000012, -7.510644519999999e-05, -7.510644519999999e-05, -7.510644519999999e-05, -0.15259659659645675, -1.2312532e-06, -0.19908379241440002, -0.23462699416539995, -0.0001372847318, -0.0032043364529954488, -0.0016021682265000003, -0.0032043364530000007, 2.5370766129986855, 2.5370766129986855, 1.5390665e-05, -0.09882345996500005, -1.5390665e-05, 0.0004364792594000001, -0.0004364792594000001, -0.0002745694636132612, -0.00015021289039999998, 0.15259659659645675, -0.0001372847318, -0.09475170563260002, -15.158452654213562, -2.304899696116669, 0.6120759732414931, 0.35789821766960317, 0.09260747818479999, -0.024755943175265388, -0.03914205041897584, -0.0085535159804, -0.0005491389272265224, -1.2312532e-06, -0.2112590396826, -0.2283660716434, -0.23462699416539995, -0.23462699416539995, -0.0001711441948000001, -0.23462699416539995, -0.0001711441948000001, -0.5382232519566752, -0.00041185419539990775, -0.00041185419539990775, -0.17885738047139998, -0.0003546009228567737, -0.0003546009228567737, -0.2283660716434, -0.2283660716434, -0.016520339810999908, -0.00041185419539990775, 0.182097423267237, -0.00041185419539990775, -0.20364620114700008, 0.20364620114700002, -0.0002745694636132612, -0.00041185419539990775, -0.0002758007168, -0.0014707319474000012, -0.0017453014110000013, -0.0001372847318, 1.3555985994119821, 0.323117777276, 1.1844199295221642, -0.07857119170480001, -0.07828410083795168, 1.1844199295221642, 1.1844199295221642, 1.1844199295221642, 1.1844199295221642, -0.1711786698897413, -0.1711786698897413, 0.014323377346848312, -1.2312532e-06, -0.25805039677951136, -1.2312532e-06, 0.02169134135055878, 0.25805039677951136, -0.0001372847318, -0.0098875788226, -0.5988937776557073, 0.6435852357843911, -0.0021965557088, -0.024755943175265388, -0.03914205041897584, 0.08558933494480003, -0.9070893760969767, 0.02169134135055878, -0.00041185419539990775, -0.5525708277634749, 0.6435852357843911, -0.44107060258342834, -0.15003805244544965, -0.00041185419539990775, -0.00041185419539990775, 0.13898627746794157, 1.9915587725219899, 0.0171070319608, -0.0021965557088, -0.0021965557088, -0.15003805244544965, -0.5525708277634749, 0.7434128289903618, 0.02169134135055878, -0.0024034062463999997, -0.0001711441948000001, -0.004806812492799999, 0.7434128289903618, 0.2711194921329716, -0.00041185419539990775, -0.0002745694636132612, 11.895016997638521, 0.09475170563260005, -0.09475170563260002, -0.0001372847318132612, -0.0583232328308, 0.1840951315875735, -1.2312532e-06, -0.0001760692076000001, -0.00016006291600000012, -1.72375448e-05, -0.0001372847318, 1.3557321903841824, -0.00016006291600000012, -0.00016006291600000012, -2.304899696116669, -0.0011112060130000004, -0.0583232328308, -0.0583232328308, -0.03499406282379999, 0.17885738047139998, -0.0583232328308, -0.0583232328308, 0.05818594809900002, -0.05818594809900002, -0.0002745694636, -0.001299587752600001, -0.27735886772461527, 0.27735886772461527, 0.27735886772461527, -0.27735886772461527, 0.33889964985299553, 0.33889964985299553, 0.5382232519566752, -0.17885738047139998, 0.33889964985299553, 0.6777992997059911, 0.6777992997059911, 0.6777992997059911, -0.1201660029338, -0.1201660029338, 0.014529652677134613, 0.007161688673424156, -0.27735886772461527, -0.0085535159804, -1.8091830450481368, 0.0007590509975000051, -0.0014707319474000012, 1.2312532e-06, 1.2312532e-06, -0.0014707319474000012, -0.0005528326867999811, -0.00042539798059999996, -0.09502750634939999, -0.00042539798059999996, -0.00030042578079999996, 0.33889964985299553, 0.33889964985299553, -7.941583139999999e-05, -7.941583139999999e-05, -0.005340560754999999, -0.005340560754999999, -7.510644519999999e-05, -0.0003546009228567737, -0.2769482447836935, -0.00015021289039999998, -0.0085535159804, -0.00015021289039999998, -0.00030042578079999996, -0.0583232328308001, -0.0583232328308001, -13.310999843866599, -0.09502750634939999, -0.0002758007168, 0.0002751850902023012, -0.0014023973967296484, -1.2312532e-06, 0.43993903463739104, 0.09185210434644964, 0.6120759732414931, 0.0161084856156, -4.479536204105437, -1.4872375121761234, -4.479536204105437, 0.00019884739179999998, -0.00019884739179999998, -0.0014023973967296484, -0.0014023973967296484, -7.58187108706713, 0.0161084856156, -0.0001372847318, -1.2312532e-06, -1.2312532e-06, -1.2312532e-06, -0.0001372847318, -0.0003546009228567737, -0.27735886772461527, -0.20364620114700008, -0.0001372847318, -0.0002081379643, 7.085323249999999e-05, -0.0171070319608, -1.2312532e-06, -1.2312532e-06, -1.2312532e-06, -0.15259659659645675, 2.246522847957337, -0.0001372847318, 0.20364620114700008, -0.0001372847318, 0.136087338063, -0.136087338063, -0.013755927086465392, -0.005803407522575844, -0.0001372847318, 0.0015101320498396914, -0.6435852357843911, -0.1636765471066164, 0.5525708277634802, 0.9070893760969767, -0.5525708277634749, 1.355596136905582, 0.014529652677134613, 0.007161688673424156, -0.0583232328308, 0.11405406204900001, 0.10790205917238715, 0.10790205917238715, -0.0002745694636132612, -1.2312532e-06, -0.0003546009228567737, -0.0647226879381, 1.219147164127848, -0.0583232328308, -0.0010982778544, -0.0003546009228567737, -0.0003546009228567737, -0.0850297303654, -0.11405406204900001, -0.0001372847318, -0.0014023973967296484, -0.03499406282379999, -0.0583232328308, -0.0001372847318132612, -0.0005491389272265224, -0.0161084856156, -0.0166323838522, -0.0166323838522, -0.0161084856156, -0.0002745694636132612, 0.09185210434644964, -0.3584742681729938, 0.8713467203692744, -0.0002758007168, -0.15259659659645675, -0.2283660716434, 0.2283660716434, -0.0001372847318, -0.0001372847318, -0.23462699416539995, -0.23462699416539995, -0.23462699416539995, -0.09475170563260002, -0.15526718478725676, 0.4741393443382532, -0.15526718478725676, -0.024755943175265388, -0.03914205041897584, 0.182097423267237, 0.0001372847318, -1.6433947550045627, 0.33889964985299553, 1.5019625468003994, -0.1636765471066164, -0.15259659659645675, -0.2283660716434, -0.29661927353509693, -0.1636765471066164, 0.3350338457455999, -0.17885738047139998, -0.024755943175265388, -0.03914205041897584, -0.0001372847318, -0.29661927353509693, 0.03499406282379999, -0.0618549946378969, -0.03499406282379999, 0.7434128289903618, -0.0161084856156, -0.0001372847318, -0.15259659659645675, -0.0001372847318, 0.0850297303654, -0.0003546009228567737, 0.6777992997059911, -0.0171070319608, 0.6777992997059911, -0.0171070319608, 0.182097423267237, 0.6777992997059911, -0.0171070319608, 0.6435852357843911, -0.0171070319608, 0.11814641674519549, -0.0171070319608, -0.0171070319608, -0.0171070319608, -0.0171070319608, -3.385946300000012e-05, -0.0001372847318, -0.0002745694636, -0.0001372847318, -0.182097423267237, -0.182097423267237, 0.27594723593402315, 0.00020992867059999997, 0.33889964985299553, -0.00020992867059999997, 0.27594723593402315, 0.09185210434644964, 0.029059305354269226, -0.0022297829449000064, 5.313955373306271, 0.0161084856156, 0.182097423267237]","[0.0001372847318, 0.000138515985, 1.2312532e-06, 0.0002758007168, 0.6156266, 0.27594723593402315, 0.0032043364529954488, 1.476011523901657, 0.0032043364530000007, 2.5370766129986855, 1.5390665e-05, 0.0004364792594000001, 1.2312532e-06, 0.005340560754999999, 0.00042539798059999996, 7.941583139999999e-05, 4.479536204105437, 0.00019884739179999998, 0.10790205917238715, 0.15526718478725676, 0.182097423267237, 0.00020992867059999997, 0.0001372847318, 1.3555985994119821, 1.3555985994119821, 1.1844199295221642, 1.1844199295221642, 1.1844199295221642, 1.1844199295221642, 1.1844199295221642, 0.17117866988978242, 0.1711786698897413, 0.3567251870961587, 1.3555949056523822, 0.000138515985, 0.6777992997059911, 0.049511886350530776, 0.07828410083795168, 1.3555985994119821, 0.17885738047139998, 0.5382232519566752, 0.182097423267237, 1.1844199295221642, 1.1844199295221642, 1.1844199295221642, 1.1844199295221642, 1.1844199295221642, 0.1711786698897413, 0.07857119170476673, 2.304899696116669, 2.304899696116669, 1.476011523901657, 1.476011523901657, 0.00041185419539990775, 0.0002758007168, 0.00041185419539990775, 0.1840951315875735, 0.05818594809900002, 1.8250803240763998, 0.0171070319608, 0.3322376697284032, 0.1201660029338, 0.3508772809825956, 0.0006281473092999999, 0.15259659659645675, 0.27594723593402315, 0.27594723593402315, 0.182097423267237, 0.024755943175265388, 1.2312532e-06, 0.03914205041897584, 0.14839987006299998, 0.0001372847318, 0.18388130098007352, 0.0003546009228567737, 0.20364620114700002, 0.323117777276, 0.03499406282379999, 0.0014023973967296484, 0.03499406282379999, 1.0439518384216555, 0.2187684062848385, 0.20364620114700005, 1.2312532e-06, 0.0583232328308, 24.309334180754703, 0.0014707319474000012, 7.510644519999999e-05, 7.510644519999999e-05, 7.510644519999999e-05, 0.15259659659645675, 1.2312532e-06, 0.19908379241440002, 0.23462699416539995, 0.0001372847318, 0.0032043364529954488, 0.0016021682265000003, 0.0032043364530000007, 2.5370766129986855, 2.5370766129986855, 1.5390665e-05, 0.09882345996500005, 1.5390665e-05, 0.0004364792594000001, 0.0004364792594000001, 0.0002745694636132612, 0.00015021289039999998, 0.15259659659645675, 0.0001372847318, 0.09475170563260002, 15.158452654213562, 2.304899696116669, 0.6120759732414931, 0.35789821766960317, 0.09260747818479999, 0.024755943175265388, 0.03914205041897584, 0.0085535159804, 0.0005491389272265224, 1.2312532e-06, 0.2112590396826, 0.2283660716434, 0.23462699416539995, 0.23462699416539995, 0.0001711441948000001, 0.23462699416539995, 0.0001711441948000001, 0.5382232519566752, 0.00041185419539990775, 0.00041185419539990775, 0.17885738047139998, 0.0003546009228567737, 0.0003546009228567737, 0.2283660716434, 0.2283660716434, 0.016520339810999908, 0.00041185419539990775, 0.182097423267237, 0.00041185419539990775, 0.20364620114700008, 0.20364620114700002, 0.0002745694636132612, 0.00041185419539990775, 0.0002758007168, 0.0014707319474000012, 0.0017453014110000013, 0.0001372847318, 1.3555985994119821, 0.323117777276, 1.1844199295221642, 0.07857119170480001, 0.07828410083795168, 1.1844199295221642, 1.1844199295221642, 1.1844199295221642, 1.1844199295221642, 0.1711786698897413, 0.1711786698897413, 0.014323377346848312, 1.2312532e-06, 0.25805039677951136, 1.2312532e-06, 0.02169134135055878, 0.25805039677951136, 0.0001372847318, 0.0098875788226, 0.5988937776557073, 0.6435852357843911, 0.0021965557088, 0.024755943175265388, 0.03914205041897584, 0.08558933494480003, 0.9070893760969767, 0.02169134135055878, 0.00041185419539990775, 0.5525708277634749, 0.6435852357843911, 0.44107060258342834, 0.15003805244544965, 0.00041185419539990775, 0.00041185419539990775, 0.13898627746794157, 1.9915587725219899, 0.0171070319608, 0.0021965557088, 0.0021965557088, 0.15003805244544965, 0.5525708277634749, 0.7434128289903618, 0.02169134135055878, 0.0024034062463999997, 0.0001711441948000001, 0.004806812492799999, 0.7434128289903618, 0.2711194921329716, 0.00041185419539990775, 0.0002745694636132612, 11.895016997638521, 0.09475170563260005, 0.09475170563260002, 0.0001372847318132612, 0.0583232328308, 0.1840951315875735, 1.2312532e-06, 0.0001760692076000001, 0.00016006291600000012, 1.72375448e-05, 0.0001372847318, 1.3557321903841824, 0.00016006291600000012, 0.00016006291600000012, 2.304899696116669, 0.0011112060130000004, 0.0583232328308, 0.0583232328308, 0.03499406282379999, 0.17885738047139998, 0.0583232328308, 0.0583232328308, 0.05818594809900002, 0.05818594809900002, 0.0002745694636, 0.001299587752600001, 0.27735886772461527, 0.27735886772461527, 0.27735886772461527, 0.27735886772461527, 0.33889964985299553, 0.33889964985299553, 0.5382232519566752, 0.17885738047139998, 0.33889964985299553, 0.6777992997059911, 0.6777992997059911, 0.6777992997059911, 0.1201660029338, 0.1201660029338, 0.014529652677134613, 0.007161688673424156, 0.27735886772461527, 0.0085535159804, 1.8091830450481368, 0.0007590509975000051, 0.0014707319474000012, 1.2312532e-06, 1.2312532e-06, 0.0014707319474000012, 0.0005528326867999811, 0.00042539798059999996, 0.09502750634939999, 0.00042539798059999996, 0.00030042578079999996, 0.33889964985299553, 0.33889964985299553, 7.941583139999999e-05, 7.941583139999999e-05, 0.005340560754999999, 0.005340560754999999, 7.510644519999999e-05, 0.0003546009228567737, 0.2769482447836935, 0.00015021289039999998, 0.0085535159804, 0.00015021289039999998, 0.00030042578079999996, 0.0583232328308001, 0.0583232328308001, 13.310999843866599, 0.09502750634939999, 0.0002758007168, 0.0002751850902023012, 0.0014023973967296484, 1.2312532e-06, 0.43993903463739104, 0.09185210434644964, 0.6120759732414931, 0.0161084856156, 4.479536204105437, 1.4872375121761234, 4.479536204105437, 0.00019884739179999998, 0.00019884739179999998, 0.0014023973967296484, 0.0014023973967296484, 7.58187108706713, 0.0161084856156, 0.0001372847318, 1.2312532e-06, 1.2312532e-06, 1.2312532e-06, 0.0001372847318, 0.0003546009228567737, 0.27735886772461527, 0.20364620114700008, 0.0001372847318, 0.0002081379643, 7.085323249999999e-05, 0.0171070319608, 1.2312532e-06, 1.2312532e-06, 1.2312532e-06, 0.15259659659645675, 2.246522847957337, 0.0001372847318, 0.20364620114700008, 0.0001372847318, 0.136087338063, 0.136087338063, 0.013755927086465392, 0.005803407522575844, 0.0001372847318, 0.0015101320498396914, 0.6435852357843911, 0.1636765471066164, 0.5525708277634802, 0.9070893760969767, 0.5525708277634749, 1.355596136905582, 0.014529652677134613, 0.007161688673424156, 0.0583232328308, 0.11405406204900001, 0.10790205917238715, 0.10790205917238715, 0.0002745694636132612, 1.2312532e-06, 0.0003546009228567737, 0.0647226879381, 1.219147164127848, 0.0583232328308, 0.0010982778544, 0.0003546009228567737, 0.0003546009228567737, 0.0850297303654, 0.11405406204900001, 0.0001372847318, 0.0014023973967296484, 0.03499406282379999, 0.0583232328308, 0.0001372847318132612, 0.0005491389272265224, 0.0161084856156, 0.0166323838522, 0.0166323838522, 0.0161084856156, 0.0002745694636132612, 0.09185210434644964, 0.3584742681729938, 0.8713467203692744, 0.0002758007168, 0.15259659659645675, 0.2283660716434, 0.2283660716434, 0.0001372847318, 0.0001372847318, 0.23462699416539995, 0.23462699416539995, 0.23462699416539995, 0.09475170563260002, 0.15526718478725676, 0.4741393443382532, 0.15526718478725676, 0.024755943175265388, 0.03914205041897584, 0.182097423267237, 0.0001372847318, 1.6433947550045627, 0.33889964985299553, 1.5019625468003994, 0.1636765471066164, 0.15259659659645675, 0.2283660716434, 0.29661927353509693, 0.1636765471066164, 0.3350338457455999, 0.17885738047139998, 0.024755943175265388, 0.03914205041897584, 0.0001372847318, 0.29661927353509693, 0.03499406282379999, 0.0618549946378969, 0.03499406282379999, 0.7434128289903618, 0.0161084856156, 0.0001372847318, 0.15259659659645675, 0.0001372847318, 0.0850297303654, 0.0003546009228567737, 0.6777992997059911, 0.0171070319608, 0.6777992997059911, 0.0171070319608, 0.182097423267237, 0.6777992997059911, 0.0171070319608, 0.6435852357843911, 0.0171070319608, 0.11814641674519549, 0.0171070319608, 0.0171070319608, 0.0171070319608, 0.0171070319608, 3.385946300000012e-05, 0.0001372847318, 0.0002745694636, 0.0001372847318, 0.182097423267237, 0.182097423267237, 0.27594723593402315, 0.00020992867059999997, 0.33889964985299553, 0.00020992867059999997, 0.27594723593402315, 0.09185210434644964, 0.029059305354269226, 0.0022297829449000064, 5.313955373306271, 0.0161084856156, 0.182097423267237]","['EX_ac_e', 'ACt2rpp', 'ACtex', 'ADPT', 'DMPPS', 'DHORD2', 'G6PDH2r', 'GLYCTO2', 'GND', 'MALS', 'OPHHX', 'PAPSR', 'PGL', 'RPI', 'TRDR', 'MECDPDH2']","['EX_alltn_e', 'EX_urea_e', '2MAHMP', 'ACALD', 'ABTA', 'ADD', 'ALAALAD', 'EX_kdo2lipid4_e', 'ALLTNt2rpp', 'ALLTNtex', 'AGMT', 'AMPN', 'ASPT', 'COBALT2abcpp', 'CU2abcpp', 'CYSDS', 'DAAD', 'ARGDC', 'FACOAL161t2pp', 'ETHAAL', 'FBP', 'G3PEabcpp', 'GLXCL', 'GPDDA2', 'GLYCK', 'HXAND', 'LPLIPAL1E160pp', 'LPLIPAL1E161pp', 'MECDPDH5', 'NADPPPS', 'NTD10', 'NI2abcpp', 'NTPP7', 'OPHHX3', 'P5CD', 'PFL', 'PLIPA2E160pp', 'PLIPA2E161pp', 'PIuabcpp', 'PPA', 'RBK', 'SERD_L', 'SSALy', 'TDP', 'TALA', 'THRA', 'TKT1', 'TRSARr', 'PTRCTA', 'UREAtex', 'UREAtpp', 'URIC', 'ZN2abcpp', 'XAND', 'XTSNH', 'HDCAt2pp', '4ABUTD']","['DM_4crsol_c', 'DM_5drib_c', 'DM_amob_c', 'DM_mththf_c', 'BIOMASS_Ec_iJO1366_core_53p95M', 'EX_ca2_e', 'EX_cl_e', 'EX_co2_e', 'EX_cobalt2_e', 'EX_cu2_e', 'EX_meoh_e', 'EX_mg2_e', 'EX_mn2_e', 'EX_mobd_e', 'EX_nh4_e', 'EX_ni2_e', 'EX_pi_e', 'EX_so4_e', 'EX_zn2_e', '3OAR140', '3OAS140', 'ACACT1r', 'ACACT2r', 'ACACT3r', 'ACACT4r', 'ACACT5r', 'ACACT6r', 'ACACT7r', 'ACCOAC', '5DOAN', 'A5PISO', 'AACPS3', 'AACPS4', 'AACPS7', 'ACHBS', 'ACLS', 'ACOAD1f', 'ACOAD2f', 'ACOAD3f', 'ACOAD4f', 'ACOAD5f', 'ACOAD6f', 'ACOAD7f', 'ACONTa', 'ACONTb', 'ADCL', 'AHCYSNS', 'ADCS', 'AICART', 'AKGDH', 'ALAR', 'EX_k_e', 'ADSK', 'AGPAT160', 'AMAOTr', 'AGPAT161', 'ASNS2', 'AMPMS2', 'ASP1DC', 'ASPCT', 'ASPK', 'ANPRT', 'ASPO6', 'ANS', 'ASPTA', 'CBMKr', 'AOXSr2', 'ATPPRT', 'ATPS4rpp', 'CDPMEK', 'BMOCOS', 'BMOGDS1', 'BMOGDS2', 'BPNT', 'BTS5', 'CHORM', 'CHORS', 'CHRPL', 'CA2tex', 'CLt3_2pp', 'CLtex', 'CO2tex', 'CO2tpp', 'CTPS2', 'COBALT2tex', 'CU2tex', 'APRAUR', 'CPMPS', 'CPPPGO', 'CYSTL', 'CYTBO3_4pp', 'CS', 'CYTK1', 'CTECOAI7_copy1', 'DASYN160', 'DASYN161', 'DALAt2pp', 'DB4PS', 'DBTS', 'DAPDC', 'DAPE', 'DHQS', 'DHQTi', 'DMATT', 'DDPA', 'DHAD1', 'DNMPPA', 'DNTPPA', 'DHAD2', 'DPCOAK', 'DPR', 'DHDPRy', 'DHDPS', 'DHFR', 'DHFS', 'DHNPA2r', 'DHORTS', 'DHPPDA2', 'DHPS2', 'DHPTDCs2', 'DXPRIi', 'DXPS', 'E4PD', 'FACOAE120', 'ASAD', 'ECOAH1', 'FACOAE160', 'FACOAE161', 'ECOAH2', 'ECOAH3', 'ECOAH4', 'ECOAH5', 'ECOAH6', 'ECOAH7', 'EGMEACPR', 'FBA', 'EPMEACPR', 'FCLT', 'FE2tpp', 'FUM', 'G1PACT', 'G1SAT', 'G3PAT160', 'G3PAT161', 'G3PD2', 'GAPD', 'GCALDD', 'GF6PTA', 'GHMT2r', 'GK1', 'HPPK2', 'GLNS', 'GLUDy', 'GLUR', 'GLUTRR', 'GLUTRS', 'GMPS2', 'FESD1s', 'GRTT', 'FESR', 'GLYCL', 'GTPCI', 'GTPCII2', 'H2Otpp', 'HSDy', 'HSST', 'FMNAT', 'HSTPT', 'I2FE2SR', 'I2FE2SS', 'I2FE2SS2', 'I2FE2ST', 'HBZOPT', 'HCO3E', 'I4FE4SR', 'I4FE4ST', 'ICDHyr', 'ICYSDS', 'IG3PS', 'IGPDH', 'IGPS', 'ILETA', 'HISTD', 'HISTP', 'IMPC', 'IMPD', 'HMBS', 'IPDPS', 'IPMD', 'IPPMIa', 'IPPMIb', 'IPPS', 'K2L4Aabcpp', 'K2L4Aabctex', 'KARA1', 'KARA2', 'LPADSS', 'KDOCT2', 'KDOPP', 'KDOPS', 'Kt2pp', 'Ktex', 'LEUTAi', 'MCTP1App', 'MDH', 'MECDPS', 'MEOHtex', 'MEOHtrpp', 'MEPCT', 'METAT', 'MN2tpp', 'METS', 'MNtex', 'MOADSUx', 'MOAT', 'MOAT2', 'MOBDabcpp', 'MOBDtex', 'MG2t3_2pp', 'MG2tex', 'MOCOS', 'MOHMT', 'MOX', 'MPTAT', 'MPTG', 'MPTS', 'MPTSS', 'MTHFC', 'MTHFD', 'NADH16pp', 'MTHFR2', 'MTHTHFSs', 'NADS1', 'MALCOAMT', 'NDPK2', 'NDPK3', 'NDPK6', 'NH4tex', 'NH4tpp', 'NI2tex', 'NNATr', 'NNDPR', 'O2tpp', 'OCTDPS', 'OGMEACPD', 'OGMEACPR', 'OGMEACPS', 'OHPBAT', 'PANTS', 'OMCDC', 'OMPDC', 'OPHBDC', 'PAPPT3', 'OPMEACPD', 'OPMEACPR', 'OPMEACPS', 'PDH', 'PDX5PO2', 'ORPT', 'PDX5PS', 'P5CR', 'PE160abcpp', 'PE161abcpp', 'PERD', 'PGAMT', 'PGCD', 'PGI', 'PGK', 'MCOATA', 'PRATPP', 'PHETA1', 'PItex', 'PMDPHT', 'PMEACPE', 'PNTK', 'POR5', 'PRMICI', 'PPBNGS', 'PPCDC', 'PPNCL2', 'PPND', 'PPNDH', 'PPPGO3', 'QULNS', 'PRAIi', 'PRAMPC', 'RBFK', 'RBFSa', 'RNTR1c2', 'RNTR2c2', 'RNTR3c2', 'RNTR4c2', 'RBFSb', 'RPE', 'RHCCE', 'SADT2', 'SDPDS', 'SDPTA', 'SHCHD2', 'SHCHF', 'PSCVT', 'SHK3Dr', 'SHKK', 'SHSL1', 'SO4t2pp', 'SO4tex', 'PSD160', 'PSD161', 'SUCDi', 'TDSK', 'SUCOAS', 'PSERT', 'SULR', 'THDPS', 'PSP_L', 'THRD_L', 'PSSA160', 'PSSA161', 'THZPSN3', 'TRPAS2', 'TKT2', 'TRPS3', 'TMDS', 'TMPPP', 'TYRL', 'TYRTA', 'PTPATi', 'U23GAAT', 'UGMDDS', 'UHGADA', 'UAAGDS', 'UAGAAT', 'UAGCVT', 'UAGDP', 'UAGPT3', 'UMPK', 'UAMAGS', 'UAMAS', 'UAPGR', 'UDCPDP', 'UDCPDPS', 'UPP3MT', 'UPP3S', 'UPPDC1', 'USHD', 'Zn2tex', 'FADRx_copy2', 'URIDK2r']",RPI,TALA,260.20062447306856,1,421,348,143.0,31.78608659399827,iECW_1372,PSL,True,True,-65.5095725398007,-230.309512962076,0.0,0.0
229,"['ADK1', 'PPM', 'R15BPK', 'R1PK', 'PRPPS']","[-0.8707185730565925, -0.8707185730565925, 0.8707185730565795, 0.8707185730565795, -0.8707185730572746]","[0.8707185730565925, 0.8707185730565925, 0.8707185730565795, 0.8707185730565795, 0.8707185730572746]",['PRPPS'],"['R15BPK', 'R1PK']","['ADK1', 'PPM']",PRPPS,R15BPK,4.353592865285858,1,5,2,1.0,0.8707185730573006,iECW_1372,PSL,True,False,-999.954139646295,0.0,0.0,0.0
230,"['PPM', 'R15BPK', 'R1PK', 'PRPPS']","[-0.8707185730561378, 0.8707185730572709, 0.8707185730572709, -0.8707185730565925]","[0.8707185730561378, 0.8707185730572709, 0.8707185730572709, 0.8707185730565925]",['PRPPS'],"['R15BPK', 'R1PK']",['PPM'],PRPPS,R1PK,4.353592865285032,1,4,1,-0.0,-1.8114398869784054e-12,iECW_1372,PSL,True,False,-999.954139646295,0.0,0.0,0.0
231,"['EX_ade_e', 'EX_anhgm_e', 'EX_arg__L_e', 'EX_asn__L_e', 'EX_cgly_e', 'EX_5mtr_e', 'EX_LalaDgluMdapDala_e', 'EX_feenter_e', 'EX_leu__L_e', 'EX_lipa_e', 'EX_lipa_cold_e', 'EX_cytd_e', 'EX_enlipa_e', 'EX_g3pe_e', 'EX_spmd_e', 'EX_phe__L_e', 'EX_pheme_e', 'EX_pro__L_e', 'EX_thym_e', 'EX_trp__L_e', 'EX_tyr__L_e', 'EX_uri_e', 'EX_val__L_e', '2AGPEAT160', '2AGPEAT161', 'EX_xtsn_e', '12DGR161tipp', '12DGR181tipp', 'EX_glyc_e', 'EX_glyclt_e', '3HAD160', 'EX_gua_e', '3OAR160', '3OAS160', '4PCP', '4PEPTabcpp', '4PEPTtex', '5MTRtex', '5MTRtpp', 'ACGAMK', 'EX_his__L_e', 'ACM6PH', 'EX_hom__L_e', 'AACTOOR', 'ABTA', 'ABUTD', 'EX_ile__L_e', 'ADEt2rpp', 'ADEtex', 'ADMDC', 'ALAGLUE', 'EX_kdo2lipid4_e', 'ADPT', 'ALDD2x', 'ALLTAMH', 'ALLTN', 'AGDC', 'AGM4PApp', 'AGMH', 'AGMt2pp', 'AMPN', 'AMPTASECG', 'ASNabcpp', 'ANHGMtex', 'ASNtex', 'ANHMK', 'ASPO4', 'ASPT', 'AOBUTDs', 'CBPS', 'CGLYabcpp', 'CGLYtex', 'CLIPAabctex', 'CPPPGO', 'CYTDtex', 'DAAD', 'DASYN181', 'DHAPT', 'DHBD', 'DHBSH', 'DHORDfum', 'EAR160y', 'ARGabcpp', 'ARGtex', 'FACOAE140', 'FACOAL160t2pp', 'EDTXS3', 'EDTXS4', 'ENLIPAabctex', 'ENTERES', 'ENTERES2', 'ETHAAL', 'FCLT', 'F6PA', 'FA140ACPHi', 'FA160ACPHi', 'FE2t2pp', 'FA161ACPHi', 'G1SAT', 'FEENTERR1', 'G3PEabcpp', 'G3PEtex', 'G3PT', 'FEENTERabcpp', 'FEENTERtonex', 'GLYCLTDy', 'GLYCLTt2rpp', 'GLYCLTtex', 'GLYCtex', 'GLYCtpp', 'GLYOX3', 'GLUTRR', 'GLUTRS', 'GLYAT', 'GPDDA2', 'FLDR2', 'GTPHs', 'GUAtex', 'GUAtpp', 'H2SO', 'ICHORS_copy2', 'ICHORT', 'ILEabcpp', 'ILEtex', 'HISabcpp', 'HIStex', 'HMBS', 'HOMt2pp', 'HOMtex', 'LEUabcpp', 'LEUtex', 'LIPACabcpp', 'LIPAabctex', 'Kabcpp', 'LPLIPAL1E160pp', 'LADGMDH', 'LALGP', 'LPLIPAL2E160', 'LPLIPAL2E161', 'MDDCP4pp', 'MDDEP3pp', 'ME1', 'MLTGY1pp', 'MN2t3pp', 'MG2uabcpp', 'MGSA', 'MOX', 'MTAN', 'NTD10', 'NTD2', 'NTD4', 'NTPTP2', 'NTPP11', 'NTPP2', 'NTPP4', 'NTPP7', 'NTPP8', 'PAPA161', 'PAPA181', 'OPHHX', 'OPHHX3', 'PE181abcpp', 'PETNT161pp', 'PETNT181pp', 'PFL', 'PLIPA2E160pp', 'PHEMEtiex', 'PHEt2rpp', 'PHEtex', 'PIuabcpp', 'PPA', 'PPBNGS', 'PPK2', 'PPPGO3', 'PROabcpp', 'PROtex', 'RNTR3c2', 'RBK', 'SO4t2pp', 'SERD_L', 'SPMDabcpp', 'SPMDtex', 'SPMS', 'SSALx', 'PSD181', 'SULabcpp', 'THRA', 'THYMt3pp', 'THYMtex', 'TRPS1', 'TRPt2rpp', 'TRPtex', 'TMDK1', 'TMDPP', 'PSSA181', 'TYRt2rpp', 'TYRtex', 'UGLYCH', 'PTRCTA', 'UPP3S', 'UPPDC1', 'URIC', 'PUNP3', 'URItex', 'ZNabcpp', 'VALabcpp', 'VALtex', 'XAND', 'XTSNH', 'XTSNtex', 'PUNP7', 'MECDPDH2', 'PHEMEabcpp', 'FADRx_copy2', 'XTSNt2rpp']","[0.0006210625305043682, 0.00012955130882365555, 0.0008991983706568285, 0.0007327996133545678, 0.0008241724338662881, 4.267443077216049e-05, 0.0011276732852429985, 6.611807256525618e-05, 0.0013696000605705194, -0.0003699843237806033, 0.00042264074440506727, 0.00048799094793139375, 0.0003699843237806033, 0.0014108499568805735, 4.267443077216049e-05, 0.0005631997692150392, 0.0001236800605099492, 0.0006720002428080296, 7.954381648601211e-05, 0.00037174798291155636, 0.0004198774130257099, 0.000536949778052076, 0.001288150184142576, -5.4318157646258275e-05, -0.00022864819281429027, 0.0008348106244966402, 6.402173718547677e-05, 0.00030596258659512654, -0.0009153721786573921, -0.00038989157348380153, -6.955413530664034e-05, 0.0002939361792085593, -6.955413527975907e-05, -6.955413530664034e-05, -0.001043198639805669, -0.001043198639805669, -0.0011276732852820714, -4.267443080152589e-05, 4.267443077216049e-05, -4.50766633863259e-05, 0.0002880005383417983, -4.50766633863259e-05, 8.829096422824367e-05, 0.00020114197504389754, -4.267443077216049e-05, -4.267443077216049e-05, 0.0008831990162754821, -0.0006210625305129724, -0.0006210625305129724, 4.267443077216049e-05, -0.0010431986397634319, -0.0003634951167373994, -0.00029022224357894144, -2.3170458803178917e-05, -0.0003878578345389849, -0.0003878578345389849, -9.01533267726518e-05, 8.447464543732963e-05, -4.50766633863259e-05, -4.50766633863259e-05, 0.0002881658563852474, -0.0008241724338662881, -0.0007327996133545678, -0.00012955130887348787, -0.0007327996133881243, -4.50766633863259e-05, -6.92504892119139e-06, 0.00046788459600830966, 0.00020114197504389754, 6.957237511781567e-05, -0.0008241724338662881, -0.0008241724339086431, 0.00042264074440506727, 0.00012266015106903136, -0.00048799094793139375, -0.0004880426273504712, 0.00030596258659512654, -9.01533267726518e-05, 0.00019835421767311345, -0.00019835421769576894, 9.887815342411949e-05, -6.955413530664034e-05, -0.0008991983706568285, -0.0008991983706891915, 0.00035308660915234213, 0.0002793487879130391, 0.00042264074440506727, 0.00042264074440506727, 0.0003699843237806033, -4.238199830389547e-05, -2.3736074261360846e-05, -0.000988209212463509, 0.00012300214752835554, -9.01533268233834e-05, -0.000353086609119202, -6.955413530664034e-05, 0.0001409731985578238, -0.00042264074440506727, 0.0009840414999189306, -2.1190999151947734e-05, -0.001271175562924054, -0.0014108499568692423, -0.0009153721786573921, -6.611807256525618e-05, -6.611807256525618e-05, -0.00038093278561779353, 0.00038989157349078596, 0.00038989157349078596, 0.0009153721786105962, -0.0009153721786105962, 4.50766633863259e-05, 0.0009840414999750667, 0.0009840414999750667, 0.00020114197502607567, -0.000988209212463509, -0.00024380547588256918, 5.852993298152698e-05, -0.0002939361792186901, -0.0002939361792186901, -0.00011332378548450928, 0.00019835421769576854, 0.00019835421769576854, -0.0008831990162754821, -0.0008831990162434522, -0.0002880005383417983, -0.0002880005383758544, 0.00012300518749688334, 8.829096422824367e-05, -8.829096418594418e-05, -0.0013696000605442071, -0.0013696000605705194, 0.00042264074440506727, -0.0003699843237806033, -0.0005933805767543154, 0.00013967439395651954, -0.001043198639805669, -0.001043198639805669, 5.4318157646258275e-05, 0.00022864819281429027, 4.2237322718664816e-05, 4.2237322718664816e-05, -0.00018739377247706246, 4.2237322718664816e-05, 2.1006182523821207e-06, -2.6371726974552465e-05, -0.00015606531165757165, 0.0001873937725349606, 4.267443077216049e-05, 0.00044695278995732224, 0.0005369497780859378, 0.00048799094793139375, 0.0002939361792085593, 5.852993298152698e-05, 0.00038842285697612833, 0.0001270201311172059, 7.954381648601211e-05, 0.0004380716246618066, -6.402173718547677e-05, -0.00030596258659512654, 0.00020797483979999998, -0.00020865275278159363, 0.00030596258659512654, 6.402173718547677e-05, 0.00030596258659512654, 6.101215865674404e-06, 0.00013967439395651954, 0.0001236800605099492, -0.0005631997692034929, -0.0005631997692034929, -0.0010333223486762577, -7.767119412555035e-06, 0.0004920207499875334, -0.0002939361792186901, 0.00012300214752835554, -0.0006720002428080296, -0.000672000242843751, -8.213082970276106e-05, -9.39216553756117e-05, -0.23598345640827675, 0.00079369317904808, -4.267443077216049e-05, -4.267443080152589e-05, 4.267443077216049e-05, -4.267443077216049e-05, 0.00030596258659512654, 0.23608359281028973, 0.0007712004957918239, 7.954381648601211e-05, -7.954381646868569e-05, 0.00019894705191277062, -0.00037174798296746303, -0.00037174798296746303, -7.954381648601211e-05, 7.954381646868569e-05, 0.00030596258659512654, -0.000419877413037284, -0.000419877413037284, -0.0003878578345389849, -4.267443077216049e-05, 0.00012300518749688334, 0.00012300214752835554, -0.0003878578345389849, 0.0002939361792186901, -0.000536949778052076, -1.0366292678181863e-06, -0.001288150184142576, -0.0012881501841093268, -0.0003878578345389849, -9.39216553756117e-05, -0.0008348106244966402, -0.0002939361792186901, -7.2624848119077e-06, 0.0001236800605099492, 0.00014597044719266705, -0.0008348106244966402]","[0.0006210625305043682, 0.00012955130882365555, 0.0008991983706568285, 0.0007327996133545678, 0.0008241724338662881, 4.267443077216049e-05, 0.0011276732852429985, 6.611807256525618e-05, 0.0013696000605705194, 0.0003699843237806033, 0.00042264074440506727, 0.00048799094793139375, 0.0003699843237806033, 0.0014108499568805735, 4.267443077216049e-05, 0.0005631997692150392, 0.0001236800605099492, 0.0006720002428080296, 7.954381648601211e-05, 0.00037174798291155636, 0.0004198774130257099, 0.000536949778052076, 0.001288150184142576, 5.4318157646258275e-05, 0.00022864819281429027, 0.0008348106244966402, 6.402173718547677e-05, 0.00030596258659512654, 0.0009153721786573921, 0.00038989157348380153, 6.955413530664034e-05, 0.0002939361792085593, 6.955413527975907e-05, 6.955413530664034e-05, 0.001043198639805669, 0.001043198639805669, 0.0011276732852820714, 4.267443080152589e-05, 4.267443077216049e-05, 4.50766633863259e-05, 0.0002880005383417983, 4.50766633863259e-05, 8.829096422824367e-05, 0.00020114197504389754, 4.267443077216049e-05, 4.267443077216049e-05, 0.0008831990162754821, 0.0006210625305129724, 0.0006210625305129724, 4.267443077216049e-05, 0.0010431986397634319, 0.0003634951167373994, 0.00029022224357894144, 2.3170458803178917e-05, 0.0003878578345389849, 0.0003878578345389849, 9.01533267726518e-05, 8.447464543732963e-05, 4.50766633863259e-05, 4.50766633863259e-05, 0.0002881658563852474, 0.0008241724338662881, 0.0007327996133545678, 0.00012955130887348787, 0.0007327996133881243, 4.50766633863259e-05, 6.92504892119139e-06, 0.00046788459600830966, 0.00020114197504389754, 6.957237511781567e-05, 0.0008241724338662881, 0.0008241724339086431, 0.00042264074440506727, 0.00012266015106903136, 0.00048799094793139375, 0.0004880426273504712, 0.00030596258659512654, 9.01533267726518e-05, 0.00019835421767311345, 0.00019835421769576894, 9.887815342411949e-05, 6.955413530664034e-05, 0.0008991983706568285, 0.0008991983706891915, 0.00035308660915234213, 0.0002793487879130391, 0.00042264074440506727, 0.00042264074440506727, 0.0003699843237806033, 4.238199830389547e-05, 2.3736074261360846e-05, 0.000988209212463509, 0.00012300214752835554, 9.01533268233834e-05, 0.000353086609119202, 6.955413530664034e-05, 0.0001409731985578238, 0.00042264074440506727, 0.0009840414999189306, 2.1190999151947734e-05, 0.001271175562924054, 0.0014108499568692423, 0.0009153721786573921, 6.611807256525618e-05, 6.611807256525618e-05, 0.00038093278561779353, 0.00038989157349078596, 0.00038989157349078596, 0.0009153721786105962, 0.0009153721786105962, 4.50766633863259e-05, 0.0009840414999750667, 0.0009840414999750667, 0.00020114197502607567, 0.000988209212463509, 0.00024380547588256918, 5.852993298152698e-05, 0.0002939361792186901, 0.0002939361792186901, 0.00011332378548450928, 0.00019835421769576854, 0.00019835421769576854, 0.0008831990162754821, 0.0008831990162434522, 0.0002880005383417983, 0.0002880005383758544, 0.00012300518749688334, 8.829096422824367e-05, 8.829096418594418e-05, 0.0013696000605442071, 0.0013696000605705194, 0.00042264074440506727, 0.0003699843237806033, 0.0005933805767543154, 0.00013967439395651954, 0.001043198639805669, 0.001043198639805669, 5.4318157646258275e-05, 0.00022864819281429027, 4.2237322718664816e-05, 4.2237322718664816e-05, 0.00018739377247706246, 4.2237322718664816e-05, 2.1006182523821207e-06, 2.6371726974552465e-05, 0.00015606531165757165, 0.0001873937725349606, 4.267443077216049e-05, 0.00044695278995732224, 0.0005369497780859378, 0.00048799094793139375, 0.0002939361792085593, 5.852993298152698e-05, 0.00038842285697612833, 0.0001270201311172059, 7.954381648601211e-05, 0.0004380716246618066, 6.402173718547677e-05, 0.00030596258659512654, 0.00020797483979999998, 0.00020865275278159363, 0.00030596258659512654, 6.402173718547677e-05, 0.00030596258659512654, 6.101215865674404e-06, 0.00013967439395651954, 0.0001236800605099492, 0.0005631997692034929, 0.0005631997692034929, 0.0010333223486762577, 7.767119412555035e-06, 0.0004920207499875334, 0.0002939361792186901, 0.00012300214752835554, 0.0006720002428080296, 0.000672000242843751, 8.213082970276106e-05, 9.39216553756117e-05, 0.23598345640827675, 0.00079369317904808, 4.267443077216049e-05, 4.267443080152589e-05, 4.267443077216049e-05, 4.267443077216049e-05, 0.00030596258659512654, 0.23608359281028973, 0.0007712004957918239, 7.954381648601211e-05, 7.954381646868569e-05, 0.00019894705191277062, 0.00037174798296746303, 0.00037174798296746303, 7.954381648601211e-05, 7.954381646868569e-05, 0.00030596258659512654, 0.000419877413037284, 0.000419877413037284, 0.0003878578345389849, 4.267443077216049e-05, 0.00012300518749688334, 0.00012300214752835554, 0.0003878578345389849, 0.0002939361792186901, 0.000536949778052076, 1.0366292678181863e-06, 0.001288150184142576, 0.0012881501841093268, 0.0003878578345389849, 9.39216553756117e-05, 0.0008348106244966402, 0.0002939361792186901, 7.2624848119077e-06, 0.0001236800605099492, 0.00014597044719266705, 0.0008348106244966402]","['EX_lipa_e', '2AGPEAT160', '2AGPEAT161', 'EX_glyc_e', 'EX_glyclt_e', '3HAD160', '3OAR160', '3OAS160', '4PCP', '4PEPTabcpp', 'ACGAMK', 'ACM6PH', 'ABTA', 'ABUTD', 'ALAGLUE', 'EX_kdo2lipid4_e', 'ADPT', 'ALDD2x', 'ALLTAMH', 'ALLTN', 'AGDC', 'AGMH', 'AGMt2pp', 'AMPTASECG', 'ASNabcpp', 'ANHMK', 'ASPO4', 'CGLYabcpp', 'DAAD', 'DHAPT', 'DHBSH', 'EAR160y', 'ARGabcpp', 'ENTERES', 'ENTERES2', 'F6PA', 'FA140ACPHi', 'FA160ACPHi', 'FA161ACPHi', 'FEENTERR1', 'G3PEabcpp', 'G3PT', 'FEENTERabcpp', 'FEENTERtonex', 'GLYCLTDy', 'GLYCLTt2rpp', 'GLYCLTtex', 'GLYCtex', 'GLYCtpp', 'FLDR2', 'H2SO', 'ILEabcpp', 'HISabcpp', 'LEUabcpp', 'LIPAabctex', 'Kabcpp', 'LADGMDH', 'LALGP', 'ME1', 'MG2uabcpp', 'MGSA', 'PAPA161', 'PAPA181', 'OPHHX3', 'PIuabcpp', 'PPA', 'PROabcpp', 'RNTR3c2', 'RBK', 'SO4t2pp', 'SPMDabcpp', 'SSALx', 'TMDK1', 'UGLYCH', 'PTRCTA', 'URIC', 'ZNabcpp', 'VALabcpp', 'XAND', 'XTSNH', 'PUNP7', 'MECDPDH2']","['EX_ade_e', 'EX_arg__L_e', 'EX_asn__L_e', 'EX_cgly_e', 'EX_5mtr_e', 'EX_LalaDgluMdapDala_e', 'EX_feenter_e', 'EX_leu__L_e', 'EX_lipa_cold_e', 'EX_cytd_e', 'EX_enlipa_e', 'EX_g3pe_e', 'EX_spmd_e', 'EX_phe__L_e', 'EX_pheme_e', 'EX_pro__L_e', 'EX_thym_e', 'EX_trp__L_e', 'EX_tyr__L_e', 'EX_uri_e', 'EX_val__L_e', 'EX_xtsn_e', '12DGR161tipp', '12DGR181tipp', 'EX_gua_e', '4PEPTtex', '5MTRtex', '5MTRtpp', 'EX_his__L_e', 'EX_hom__L_e', 'AACTOOR', 'EX_ile__L_e', 'ADEt2rpp', 'ADEtex', 'ADMDC', 'AMPN', 'ASNtex', 'ASPT', 'AOBUTDs', 'CBPS', 'CGLYtex', 'CLIPAabctex', 'CYTDtex', 'DASYN181', 'DHBD', 'DHORDfum', 'ARGtex', 'FACOAL160t2pp', 'EDTXS3', 'EDTXS4', 'ENLIPAabctex', 'FE2t2pp', 'G3PEtex', 'GLYOX3', 'GLYAT', 'GTPHs', 'GUAtex', 'GUAtpp', 'ICHORS_copy2', 'ICHORT', 'ILEtex', 'HIStex', 'HOMt2pp', 'HOMtex', 'LEUtex', 'LIPACabcpp', 'LPLIPAL1E160pp', 'LPLIPAL2E160', 'LPLIPAL2E161', 'MN2t3pp', 'MTAN', 'NTD2', 'NTD4', 'NTPTP2', 'NTPP11', 'NTPP2', 'NTPP4', 'NTPP7', 'NTPP8', 'OPHHX', 'PE181abcpp', 'PETNT161pp', 'PETNT181pp', 'PFL', 'PLIPA2E160pp', 'PHEMEtiex', 'PHEt2rpp', 'PHEtex', 'PPK2', 'PPPGO3', 'PROtex', 'SERD_L', 'SPMDtex', 'SPMS', 'PSD181', 'SULabcpp', 'THRA', 'THYMt3pp', 'THYMtex', 'TRPS1', 'TRPt2rpp', 'TRPtex', 'TMDPP', 'PSSA181', 'TYRt2rpp', 'TYRtex', 'PUNP3', 'URItex', 'VALtex', 'XTSNtex', 'PHEMEabcpp', 'FADRx_copy2', 'XTSNt2rpp']","['EX_anhgm_e', 'AGM4PApp', 'ANHGMtex', 'CPPPGO', 'FACOAE140', 'ETHAAL', 'FCLT', 'G1SAT', 'GLUTRR', 'GLUTRS', 'GPDDA2', 'HMBS', 'MDDCP4pp', 'MDDEP3pp', 'MLTGY1pp', 'MOX', 'NTD10', 'PPBNGS', 'UPP3S', 'UPPDC1']",SO4t2pp,SULabcpp,0.6671766685405355,1,215,20,-7.0,-0.012249322436503157,iECW_1372,PSL,False,False,0.0,0.0,0.0,0.0
232,"['TRPS1', 'TRPS2', 'TRPS3']","[0.05305464710629999, -0.05305464710712267, -0.05305464710629999]","[0.05305464710629999, 0.05305464710712267, 0.05305464710629999]",['TRPS1'],"['TRPS2', 'TRPS3']",[],TRPS3,TRPS1,0.1591639413189,1,3,0,-1.0,-0.05305464710712267,iECW_1372,PSL,False,False,0.0,0.0,0.0,0.0
233,"['GRXR', 'GTHOr', 'PAPSR', 'PAPSR2', 'TRDR']","[0.2313523474696481, 0.2313523474696481, -0.231352347475151, 0.2313523474696481, -0.231352347475151]","[0.2313523474696481, 0.2313523474696481, 0.231352347475151, 0.2313523474696481, 0.231352347475151]","['PAPSR', 'TRDR']","['GRXR', 'GTHOr', 'PAPSR2']",[],TRDR,GRXR,1.1567617373795214,1,5,0,1.0,0.23135234745864236,iECW_1372,PSL,False,False,0.0,0.0,0.0,0.0
234,"['GRXR', 'GTHOr', 'PAPSR', 'PAPSR2', 'TRDR']","[0.23135234747519995, 0.23135234747519462, -0.23135234747519995, 0.23135234747519995, -0.23135234747519995]","[0.23135234747519995, 0.23135234747519462, 0.23135234747519995, 0.23135234747519995, 0.23135234747519995]","['PAPSR', 'TRDR']","['GRXR', 'GTHOr', 'PAPSR2']",[],TRDR,GTHOr,1.1567617373759997,1,5,0,1.0,0.23135234747519462,iECW_1372,PSL,False,False,0.0,0.0,0.0,-1.05034411929546
235,"['GRXR', 'GTHOr', 'PAPSR', 'PAPSR2', 'TRDR']","[0.23135234747520006, 0.2313523474753083, -0.2313523474752001, 0.2313523474752001, -0.2313523474752001]","[0.23135234747520006, 0.2313523474753083, 0.2313523474752001, 0.2313523474752001, 0.2313523474752001]",['PAPSR2'],"['PAPSR', 'TRDR']","['GRXR', 'GTHOr']",TRDR,PAPSR2,1.1567617373760526,1,5,2,1.0,0.23135234747530828,iECW_1372,PSL,False,False,0.0,0.0,0.0,0.0
236,"['EX_arg__L_e', 'EX_asn__L_e', 'EX_cgly_e', 'EX_LalaDgluMdapDala_e', 'EX_leu__L_e', 'EX_mal__L_e', 'EX_uri_e', 'EX_val__L_e', 'EX_xtsn_e', '4PCP', '4PEPTabcpp', '4PEPTtex', 'EX_ile__L_e', 'ALAGLUE', 'AMPTASECG', 'ASNabcpp', 'ASNtex', 'CGLYabcpp', 'CGLYtex', 'CYSDS', 'EAR160x', 'ARGabcpp', 'ARGtex', 'H2SO', 'ILEabcpp', 'ILEtex', 'LEUabcpp', 'LEUtex', 'Kabcpp', 'LADGMDH', 'LALGP', 'NTD2', 'NTPP2', 'NTPP8', 'MALt2_3pp', 'OPHHX3', 'MALtex', 'PIuabcpp', 'SERD_L', 'URItex', 'ZN2tpp', 'ZNabcpp', 'VALabcpp', 'VALtex', 'XTSNtex', 'XTSNt2rpp']","[1.4211139506836723e-06, 1.2933091161071442e-06, 2.3230923432704387e-06, 1.9902168522448194e-06, 2.417190444248263e-06, -1.148995923294649e-06, 1.9324860431879642e-06, 2.2734402168296877e-06, 1.3245931753669282e-06, -2.034141731336453e-06, -2.034141731336453e-06, -1.9902168522448194e-06, 1.558747191265919e-06, -1.841128578875667e-06, -2.3230923432704387e-06, -1.2933091161071442e-06, -1.2933091161071442e-06, -2.3230923432704387e-06, -2.3230923432704387e-06, -1.1590793091735205e-06, -1.587993182842768e-06, -1.4211139506836723e-06, -1.4211139506836723e-06, -1.1590793091735205e-06, -1.558747191265919e-06, -1.558747191265919e-06, -2.417190444248263e-06, -2.417190444248263e-06, -1.0472501557889924e-06, -1.841128578875667e-06, -1.841128578875667e-06, 1.9324860699790336e-06, 1.3075859207345442e-06, 1.7666157250684211e-06, 1.148995923294649e-06, -3.7546127996911094e-06, 1.148995923294649e-06, -3.5435828209529063e-06, 2.3576672566194556e-06, -1.9324860431879642e-06, -0.0003182752536843742, 0.00031827342414999995, -2.2734402168296877e-06, -2.2734402168296877e-06, -1.3245931753669282e-06, -1.3245931753669282e-06]","[1.4211139506836723e-06, 1.2933091161071442e-06, 2.3230923432704387e-06, 1.9902168522448194e-06, 2.417190444248263e-06, 1.148995923294649e-06, 1.9324860431879642e-06, 2.2734402168296877e-06, 1.3245931753669282e-06, 2.034141731336453e-06, 2.034141731336453e-06, 1.9902168522448194e-06, 1.558747191265919e-06, 1.841128578875667e-06, 2.3230923432704387e-06, 1.2933091161071442e-06, 1.2933091161071442e-06, 2.3230923432704387e-06, 2.3230923432704387e-06, 1.1590793091735205e-06, 1.587993182842768e-06, 1.4211139506836723e-06, 1.4211139506836723e-06, 1.1590793091735205e-06, 1.558747191265919e-06, 1.558747191265919e-06, 2.417190444248263e-06, 2.417190444248263e-06, 1.0472501557889924e-06, 1.841128578875667e-06, 1.841128578875667e-06, 1.9324860699790336e-06, 1.3075859207345442e-06, 1.7666157250684211e-06, 1.148995923294649e-06, 3.7546127996911094e-06, 1.148995923294649e-06, 3.5435828209529063e-06, 2.3576672566194556e-06, 1.9324860431879642e-06, 0.0003182752536843742, 0.00031827342414999995, 2.2734402168296877e-06, 2.2734402168296877e-06, 1.3245931753669282e-06, 1.3245931753669282e-06]","['EX_mal__L_e', '4PCP', '4PEPTabcpp', 'AMPTASECG', 'ASNabcpp', 'CGLYabcpp', 'CYSDS', 'EAR160x', 'ARGabcpp', 'H2SO', 'ILEabcpp', 'LEUabcpp', 'Kabcpp', 'OPHHX3', 'MALtex', 'PIuabcpp', 'ZN2tpp', 'VALabcpp']","['EX_arg__L_e', 'EX_asn__L_e', 'EX_cgly_e', 'EX_LalaDgluMdapDala_e', 'EX_leu__L_e', 'EX_uri_e', 'EX_val__L_e', 'EX_xtsn_e', '4PEPTtex', 'EX_ile__L_e', 'ASNtex', 'CGLYtex', 'ARGtex', 'ILEtex', 'LEUtex', 'NTD2', 'NTPP2', 'NTPP8', 'MALt2_3pp', 'SERD_L', 'URItex', 'ZNabcpp', 'VALtex', 'XTSNtex', 'XTSNt2rpp']","['ALAGLUE', 'LADGMDH', 'LALGP']",ZN2tpp,ZNabcpp,0.0008736482569019119,1,46,3,-14.0,-2.826632419664337e-05,iECW_1372,PSL,False,False,0.0,0.0,0.0,0.0
237,"['MECDPDH5', 'MECDPDH2']","[0.0022297829449, -0.0022297829448999834]","[0.0022297829449, 0.0022297829448999834]",['MECDPDH2'],['MECDPDH5'],[],MECDPDH2,MECDPDH5,0.008919131779414627,1,2,0,0.0,1.6479873021779667e-17,iECW_1372,PSL,False,False,0.0,0.0,0.0,0.0
238,"['PRASCSi_copy1', 'PRASCSi_copy2']","[0.41815663711126627, -0.41815663711122397]","[0.41815663711126627, 0.41815663711122397]",['PRASCSi_copy2'],['PRASCSi_copy1'],[],PRASCSi_copy2,PRASCSi_copy1,0.8363132742225325,1,2,0,-0.0,-4.2299497238218464e-14,iECW_1372,PSL,True,False,-999.977991755942,0.0,0.0626958790850409,0.0
240,"['DMPPS', 'IPDDI', 'IPDPS']","[0.0022297829449, -0.002229782944823455, -0.0022297829449]","[0.0022297829449, 0.002229782944823455, 0.0022297829449]",['IPDPS'],['DMPPS'],['IPDDI'],IPDPS,DMPPS,0.0066893488346999996,1,3,1,-1.0,-0.002229782944823455,iECW_1372,PSL,False,False,0.0,0.0,0.0,0.0
265,"['ALATA_L', 'VALTA']","[-0.9375709938237526, 0.9375709938236696]","[0.9375709938237526, 0.9375709938236696]",['VALTA'],['ALATA_L'],[],VALTA,ALATA_L,2.812712981471092,1,2,0,-0.0,8.304468224196171e-14,iECW_1372,PSL,True,True,-1000.0,-1000.0,0.0,0.0
0,"['CS', 'ADPT', 'ADSL1r', 'EX_phe__L_e', 'ADSS', 'AHSERL2', 'AKO', 'ACALDt', 'ACONT', 'ACS', 'ADD', 'EX_for_e', 'EX_hxan_e', 'EX_lys__L_e', 'EX_pro__L_e', 'EX_pyr_e', 'CDAPPA_HP', 'EX_ser__L_e', 'EX_thr__L_e', 'EX_trp__L_e', 'EX_tyr__L_e', 'FADOX', 'DUTPDP', 'EDA', 'EDD', 'FORt', 'FTHFD', 'EX_acald_e', 'G6PDH1', 'GMPR', 'LYSt2r', 'HXPRT', 'HYXNt', 'ICDHyr', 'PGL', 'NDPK1', 'KAS15', 'NDPK6', 'PHEt2r', 'P5CD', 'THRt2r', 'TRPS1', 'TRPt2r', 'TYRt2r', 'PROabc', 'PYRDC', 'PYRt2', 'SERD_L', 'SERt2r']","[0.0004884908090070361, -0.047242502547964235, 0.046954216242649366, 0.00014214544382515348, 0.046954216242649366, 7.031757424230678e-05, -9.77694982240429e-05, -0.0006401745983044549, 0.0004884908090070361, -0.0003479772400349912, 0.04716653146175161, -0.0004557304075719115, 0.00043717154305313033, 0.00028558311895782174, 0.0012223684461787343, 0.0003609296554067929, 0.000107855278438341, 0.0009954518119087569, 0.00012432476645007906, 0.0005770781961410912, 0.00010580143830167532, -9.77694982240429e-05, -1.994882080955107e-05, 4.312821988786131e-05, 4.312821988786131e-05, 0.0004557304075719115, -0.0004096704379051297, 0.0006401745983044549, 4.312821988786131e-05, 0.00022485632395091715, -0.00028558311895782174, 0.046729359918698476, -0.00043717154305313033, 0.0004884908090070361, 4.312821988786131e-05, 0.046749874090705024, -0.00027013449367663256, -1.994882080955107e-05, -0.00014214544382515348, -0.0010527630780409192, -0.00012432476645007906, 0.0005334653895129188, -0.0005770781961410912, -0.00010580143830167532, -0.0012223684338600882, 0.0006401745983044549, -0.0003609296554067929, -0.0007597706278174576, -0.0009954518119087569]","[0.0004884908090070361, 0.047242502547964235, 0.046954216242649366, 0.00014214544382515348, 0.046954216242649366, 7.031757424230678e-05, 9.77694982240429e-05, 0.0006401745983044549, 0.0004884908090070361, 0.0003479772400349912, 0.04716653146175161, 0.0004557304075719115, 0.00043717154305313033, 0.00028558311895782174, 0.0012223684461787343, 0.0003609296554067929, 0.000107855278438341, 0.0009954518119087569, 0.00012432476645007906, 0.0005770781961410912, 0.00010580143830167532, 9.77694982240429e-05, 1.994882080955107e-05, 4.312821988786131e-05, 4.312821988786131e-05, 0.0004557304075719115, 0.0004096704379051297, 0.0006401745983044549, 4.312821988786131e-05, 0.00022485632395091715, 0.00028558311895782174, 0.046729359918698476, 0.00043717154305313033, 0.0004884908090070361, 4.312821988786131e-05, 0.046749874090705024, 0.00027013449367663256, 1.994882080955107e-05, 0.00014214544382515348, 0.0010527630780409192, 0.00012432476645007906, 0.0005334653895129188, 0.0005770781961410912, 0.00010580143830167532, 0.0012223684338600882, 0.0006401745983044549, 0.0003609296554067929, 0.0007597706278174576, 0.0009954518119087569]","['ADPT', 'AKO', 'ACS', 'EX_for_e', 'FADOX', 'DUTPDP', 'FORt', 'FTHFD', 'KAS15', 'NDPK6', 'P5CD', 'PROabc', 'SERD_L']","['CS', 'EX_phe__L_e', 'AHSERL2', 'ACALDt', 'ACONT', 'ADD', 'EX_hxan_e', 'EX_lys__L_e', 'EX_pro__L_e', 'EX_pyr_e', 'CDAPPA_HP', 'EX_ser__L_e', 'EX_thr__L_e', 'EX_trp__L_e', 'EX_tyr__L_e', 'EDA', 'EDD', 'EX_acald_e', 'G6PDH1', 'GMPR', 'LYSt2r', 'HXPRT', 'HYXNt', 'ICDHyr', 'PGL', 'PHEt2r', 'THRt2r', 'TRPS1', 'TRPt2r', 'TYRt2r', 'PYRDC', 'PYRt2', 'SERt2r']","['ADSL1r', 'ADSS', 'NDPK1']",ADPT,ADD,0.38692568550597733,1,49,3,7.0,0.18745059737628744,iIT341,PSL,False,False,0.0,0.0,0.0,4.15687616239779e-06
1,"['CS', 'ADPT', 'ADSL1r', 'EX_phe__L_e', 'ADSS', 'AHSERL2', 'AKO', 'ACALDt', 'ACONT', 'ACS', 'ADD', 'EX_for_e', 'ASPT', 'EX_lys__L_e', 'EX_pro__L_e', 'EX_pyr_e', 'CDAPPA_HP', 'EX_ser__L_e', 'EX_thr__L_e', 'EX_trp__L_e', 'EX_tyr__L_e', 'DUTPDP', 'EDA', 'EDD', 'FORt', 'FTHFD', 'EX_acald_e', 'G6PDH1', 'GMPR', 'LYSt2r', 'HXPRT', 'ICDHyr', 'PGL', 'NDPK1', 'NDPK6', 'PHEt2r', 'P5CD', 'THRt2r', 'TRPt2r', 'TYRt2r', 'PROabc', 'PYRDC', 'PYRt2', 'SERD_L', 'SERt2r']","[0.0004885449322805657, -0.0472425085824314, 0.04695421845982706, 0.00014214732601040836, 0.04695421845982706, 7.027085367534297e-05, -9.772313778211306e-05, -0.0006404691215848857, 0.0004885449322805657, -0.0003476006174629731, 0.0471665841419261, -0.0004557364420180038, -0.04681611255897378, 0.00028558690043908874, 0.0012223846279084682, 0.0003609819632566895, 0.00010785670660721712, 0.0009955126445986007, 0.0001243740643275537, 0.0005770858373989052, 0.00010580283924638278, -1.994908495714029e-05, 4.3128790959977986e-05, 4.3128790959977986e-05, 0.0004557364420180038, -0.0004096758624590052, 0.0006404691215848857, 4.3128790959977986e-05, 0.00022485930133274434, -0.00028558690043908874, 0.0467293591584943, 0.0004885449322805657, 4.3128790959977986e-05, 0.04674982595047361, -1.994908495714029e-05, -0.00014214732601040836, -0.0010527770179618035, -0.0001243740643275537, -0.0005770858373989052, -0.00010580283924638278, -0.0012223846195701937, 0.0006404691215848857, -0.0003609819632566895, -0.0007598283398037586, -0.0009955126445986007]","[0.0004885449322805657, 0.0472425085824314, 0.04695421845982706, 0.00014214732601040836, 0.04695421845982706, 7.027085367534297e-05, 9.772313778211306e-05, 0.0006404691215848857, 0.0004885449322805657, 0.0003476006174629731, 0.0471665841419261, 0.0004557364420180038, 0.04681611255897378, 0.00028558690043908874, 0.0012223846279084682, 0.0003609819632566895, 0.00010785670660721712, 0.0009955126445986007, 0.0001243740643275537, 0.0005770858373989052, 0.00010580283924638278, 1.994908495714029e-05, 4.3128790959977986e-05, 4.3128790959977986e-05, 0.0004557364420180038, 0.0004096758624590052, 0.0006404691215848857, 4.3128790959977986e-05, 0.00022485930133274434, 0.00028558690043908874, 0.0467293591584943, 0.0004885449322805657, 4.3128790959977986e-05, 0.04674982595047361, 1.994908495714029e-05, 0.00014214732601040836, 0.0010527770179618035, 0.0001243740643275537, 0.0005770858373989052, 0.00010580283924638278, 0.0012223846195701937, 0.0006404691215848857, 0.0003609819632566895, 0.0007598283398037586, 0.0009955126445986007]","['ADPT', 'AKO', 'ACS', 'EX_for_e', 'ASPT', 'DUTPDP', 'FORt', 'FTHFD', 'NDPK6', 'P5CD', 'PROabc', 'SERD_L']","['CS', 'EX_phe__L_e', 'AHSERL2', 'ACALDt', 'ACONT', 'EX_lys__L_e', 'EX_pro__L_e', 'EX_pyr_e', 'CDAPPA_HP', 'EX_ser__L_e', 'EX_thr__L_e', 'EX_trp__L_e', 'EX_tyr__L_e', 'EDA', 'EDD', 'EX_acald_e', 'G6PDH1', 'GMPR', 'LYSt2r', 'HXPRT', 'ICDHyr', 'PGL', 'PHEt2r', 'THRt2r', 'TRPt2r', 'TYRt2r', 'PYRDC', 'PYRt2', 'SERt2r']","['ADSL1r', 'ADSS', 'ADD', 'NDPK1']",ADPT,HXPRT,0.38692516633406704,1,45,4,7.0,0.1404696878359791,iIT341,PSL,False,False,0.0,0.0,0.0,0.0
2,"['CTPS1', 'CYSS', 'ADMDC', 'DAAD', 'ADPT', 'ADSL1r', 'ADSL2r', 'ADSS', 'EX_pi_e', 'DB4PS', 'AGMHE', 'AGMT', 'AHCYSNS', 'A5PISO', 'AHSERL2', 'AICART', 'AIRC2', 'AIRC3', 'AKO', 'ALAALAr', 'ALAD_L', 'ALAR', 'ALAt2r', 'ACCOAC', 'DHFR', 'ADCL', 'DHFS', 'ANPRT', 'ANS2', 'ADD', 'ADK1', 'DHNPA', 'APRAUR', 'DHORD3', 'ARGDC', 'EX_for_e', 'DHORTS', 'DHPPDA', 'DHPS', 'ASNS2', 'DHPTDCs', 'ASP1DC', 'ASPCT', 'EX_h2o_e', 'EX_his__L_e', 'EX_hxan_e', 'EX_ile__L_e', 'ASPO2', 'ASPTA', 'ATPS4r', 'EX_leu__L_e', 'EX_lys__L_e', 'DKMPPD', 'EX_met__L_e', 'BIOMASS_HP_published', 'C140SN', 'C160SN', 'C180SN', 'C181SN', 'C190cSN', 'CAT', 'DM_hmfurn_c', 'CBPS', 'CDAPPA_HP', 'DNMPPA', 'CHORM', 'DNTPPA', 'CLPNS_HP', 'EX_trp__L_e', 'DPCOAK', 'EX_tyr__L_e', 'DPR', 'EX_val__L_e', 'FADOX', 'DTMPK', 'GARFT', 'FBA', 'GCALDD', 'FBP', 'GF6PTA', 'GFUCS', 'GHMT2r', 'GK1', 'GLNS', 'FMNAT', 'ENO', 'PIt2r', 'FORt', 'GLUDy', 'GLUPRT', 'GLUR', 'FRD5', 'FTHFLi', 'G1PACT', 'G3PD1ir', 'G3PD2', 'GLYCTO1', 'GLYK', 'G6PDH1', 'GMAND', 'GMHEPAT', 'GMHEPK', 'GALUi', 'GMHEPPA', 'GMPR', 'GND', 'GAPD', 'LPSSYN_HP', 'GTPCI', 'GTPCII', 'LYSt2r', 'EX_ala__L_e', 'MALS', 'H2Ot', 'MAN1PT2', 'MAN6PI', 'MCOATA', 'MDH4', 'MDRPD', 'ME1', 'HISabc', 'METAT', 'METabc', 'MOAT_HP', 'HSDy', 'HSERTA', 'HSK', 'MOHMT', 'MTAN', 'MTHFC', 'PGCD', 'MTHFD', 'MTHFR2', 'HYXNt', 'MTRI', 'MTRK', 'PGI', 'NADK', 'IGPS', 'ILEabc', 'IMPC', 'NADS1', 'PGK', 'PMANM', 'PGL', 'PGM', 'NDH_1', 'NDPK1', 'PGMT', 'NDPK2', 'KAS15', 'KAS_HP', 'KAS_HP2', 'NDPK4', 'PGPP_HP', 'NDPK5', 'KDOCT2', 'KDOPP', 'KDOPS', 'NDPK7', 'NDPK8', 'PGSA_HP', 'LEUabc', 'LPADSS_HP', 'NNATr', 'NNDPR', 'PHETA1', 'PMDPHT', 'PNTK', 'OMPDC', 'PPA', 'PPCDC', 'SPMS', 'ORPT', 'P5CD', 'P5CR', 'PABB', 'PANTS', 'PAPPT3', 'PASYN_HP', 'TALA', 'PGAMT', 'PPNCL2', 'PPNDH', 'THRS', 'TKT1', 'PPTGS', 'TKT2', 'PRAGSr', 'TMDSf', 'TPI', 'PRAIS', 'TRDR', 'PRAIi', 'TRPS1', 'PRASCSi', 'TRPt2r', 'PRFGS', 'TYRt2r', 'U23GAAT_HP', 'U2GAAT', 'U2GAAT2', 'UAAGDS', 'UAGAAT_HP', 'UAGCVT', 'UAGDP', 'UAGDP2', 'UAGPT3', 'UAMAGS', 'UAMAS', 'UAPGR', 'UDCPDP', 'PRPPS', 'UDPG4E', 'UGMDDS', 'UHGADA_HP', 'UMPK', 'UNK2', 'PSD_HP', 'PSERT', 'PSP_L', 'PSSA_HP', 'PTPATi', 'URIDK2r', 'USHD_HP', 'VALTA', 'VALabc', 'SK_ahcys_c', 'QULNS', 'RBFK', 'RBFSa', 'RBFSb', 'RFAC_HP', 'RFA_HP', 'RHCCE', 'RNDR1', 'RNDR2', 'RNDR3', 'RNDR4', 'RPE', 'RPI', 'S7PI', 'SERAT', 'SERD_L']","[-0.016073290159999976, -0.009243203485999767, -0.0007431507999999996, 13.96949741728047, -0.022670286152606897, -0.015224140947797116, -0.044781371551796956, -0.015224140947797116, 0.09837437482120581, -2.1232880000000874e-06, -0.0017835619199999993, -0.0044589047999999964, -0.009243203485999767, -0.0008917809599999996, 0.009243203485999767, -0.044781371551796956, -0.044781371551796956, 0.044781371551796956, 0.07129103173474255, -0.0029301374399999993, -14.789225000954348, 13.963637142400472, -0.8803262232104316, -0.25123847725759996, -0.005308219999999891, -0.005308219999999891, -0.005308219999999891, 0.023993154399999876, 0.023993154399999876, 0.012683931866607129, -0.2931495116661784, -0.005308219999999891, -1.0616440000000437e-06, -0.033452402439999945, -0.0044589047999999964, -0.01512412060060312, 0.033452402439999945, -1.0616440000000437e-06, -0.005308219999999891, -0.024311647599999986, -0.009243203485999767, -6.263699599766415e-06, -0.033452402439999945, -0.5504837562764309, 0.00955479599999999, 0.012683931866607129, 0.02930137439999997, -0.0002898288120049427, 0.15871971956519904, -6.741210887565451, 0.0454383632, 0.03753973183999998, -0.0007431507999999996, 0.031471587064799994, -0.10616439999999994, -0.016862728638399993, -0.0017835619199999993, -0.0008917809599999996, -0.015970947678400002, -0.015970947678400002, -0.0026498474393976887, -0.009243203485999767, -0.033452402439999945, 0.014172416577999766, -0.005308219999999891, -0.01868493439999999, -0.005308219999999891, -0.0029627299108000004, 0.02972603199999987, -6.263699599766415e-06, 0.01390753639999999, -6.263699599766415e-06, 0.04268435249959976, 14.040788449015214, -0.002622260679999997, -0.044781371551796956, 0.06654021529892229, -0.005308219999999891, -0.06654021529892229, -0.009427398719999994, -0.0026753428800000006, -0.10656905235179681, -0.02955723060399984, -0.15972679506359366, -1.0616439999999997e-06, 0.14973021891136007, -0.09837437482120581, 0.01512412060060312, 0.20873472832415896, -0.044781371551796956, 0.0029301374399999993, -0.07129103173474255, 0.00906956486860322, -0.008535617759999989, -14.301782860291702, -14.281112970104903, -0.005308219999999891, -0.0029627299108000004, 0.024152888752050666, -0.0026753428800000006, -0.0035671238399999985, -0.0035671238399999985, -0.00566917896, -0.0035671238399999985, 0.02955723060399984, 0.024152888752050666, 0.2109267719021355, -0.0008917809599999996, -0.005308219999999891, -1.0616440000000437e-06, -0.03753973183999998, 0.8803262232526272, -0.005308219999999891, 0.5504837562764309, -0.0026753428800000006, 0.0026753428800000006, -0.25123847725759996, -0.15871971956519904, -0.0007431507999999996, 0.1646970188003476, -0.00955479599999999, -0.0167147354648, -0.031471587064799994, -0.0008917809599999996, 0.016342416914000207, 0.009243203485999774, -0.02558562039999998, -6.263699599766415e-06, -0.0007431507999999996, -0.09863230797219713, 0.0611965529907752, -0.09863230797219713, -0.0053082199999999954, -0.012683931866607129, -0.0007431507999999996, -0.0007431507999999996, -0.018483709792050662, -5.626713200472663e-05, 0.023993154399999876, -0.02930137439999997, 0.044781371551796956, -0.0002898288120049427, -0.2109267719021355, 0.0026753428800000006, 0.024152888752050666, -0.14973021891136007, -13.91308662479475, -0.04208479579179697, 0.00566917896, -0.04560822623999994, -0.035509019196799996, -0.0008917809599999996, -0.0017835619199999993, -0.002622260679999997, -0.007661672419200002, -0.0026965757599999966, -0.0008917809599999996, -0.0008917809599999996, -0.0008917809599999996, -0.0026965757599999966, -0.002622260679999997, -0.007661672419200002, -0.0454383632, -0.0008917809599999996, -0.0002898288120049427, -0.0002898288120049427, 0.01868493439999999, -1.0616440000000437e-06, -6.263699599766415e-06, -0.033452402439999945, -0.22301180507881835, -6.263699599766415e-06, -0.0007431507999999996, 0.033452402439999945, 0.02229452400933951, -0.02229452400933951, -0.005308219999999891, -6.263699599766415e-06, -0.0029301374399999993, -0.015970947678400002, 0.03646059174548649, 0.009427398719999994, -6.263699599766415e-06, -0.01868493439999999, -0.02558562039999998, 0.03289346790548649, -0.0029301374399999993, 0.03646059174548644, -0.044781371551796956, -0.002622260679999997, 0.08749993429772751, -0.044781371551796956, -0.010637672879999976, 0.023993154399999876, 0.023993154399999876, -0.044781371551796956, -0.02972603199999987, -0.044781371551796956, -0.01390753639999999, -0.0008917809599999996, -0.0008917809599999996, -0.0008917809599999996, -0.0029301374399999993, -0.0008917809599999996, -0.0029301374399999993, -0.008535617759999989, -0.0008917809599999996, -0.0029301374399999993, -0.0029301374399999993, -0.0029301374399999993, -0.0029301374399999993, -0.0029301374399999993, -0.07720073455640886, -0.0026753428800000006, -0.0029301374399999993, -0.0008917809599999996, -0.03727432083999996, -0.0007431507999999996, -0.007951076573599995, 0.0611965529907752, 0.0611965529907752, -0.008309275259199993, -6.263699599766415e-06, 0.002622260679999997, -0.0008917809599999996, -6.263699599766415e-06, -0.04268435249959976, -0.006727744192400235, -0.0002898288120049427, -1.0616440000000437e-06, -2.1232880000000874e-06, -1.0616440000000437e-06, -0.0008917809599999996, -0.0008917809599999996, -0.009243203485999767, -0.002622260679999997, -0.0026965757599999966, -0.0026965757599999966, -0.002622260679999997, 0.06935405965097291, 0.04430726665092238, -0.0035671238399999985, -0.009243203485999767, 0.18308863168777195]","[0.016073290159999976, 0.009243203485999767, 0.0007431507999999996, 13.96949741728047, 0.022670286152606897, 0.015224140947797116, 0.044781371551796956, 0.015224140947797116, 0.09837437482120581, 2.1232880000000874e-06, 0.0017835619199999993, 0.0044589047999999964, 0.009243203485999767, 0.0008917809599999996, 0.009243203485999767, 0.044781371551796956, 0.044781371551796956, 0.044781371551796956, 0.07129103173474255, 0.0029301374399999993, 14.789225000954348, 13.963637142400472, 0.8803262232104316, 0.25123847725759996, 0.005308219999999891, 0.005308219999999891, 0.005308219999999891, 0.023993154399999876, 0.023993154399999876, 0.012683931866607129, 0.2931495116661784, 0.005308219999999891, 1.0616440000000437e-06, 0.033452402439999945, 0.0044589047999999964, 0.01512412060060312, 0.033452402439999945, 1.0616440000000437e-06, 0.005308219999999891, 0.024311647599999986, 0.009243203485999767, 6.263699599766415e-06, 0.033452402439999945, 0.5504837562764309, 0.00955479599999999, 0.012683931866607129, 0.02930137439999997, 0.0002898288120049427, 0.15871971956519904, 6.741210887565451, 0.0454383632, 0.03753973183999998, 0.0007431507999999996, 0.031471587064799994, 0.10616439999999994, 0.016862728638399993, 0.0017835619199999993, 0.0008917809599999996, 0.015970947678400002, 0.015970947678400002, 0.0026498474393976887, 0.009243203485999767, 0.033452402439999945, 0.014172416577999766, 0.005308219999999891, 0.01868493439999999, 0.005308219999999891, 0.0029627299108000004, 0.02972603199999987, 6.263699599766415e-06, 0.01390753639999999, 6.263699599766415e-06, 0.04268435249959976, 14.040788449015214, 0.002622260679999997, 0.044781371551796956, 0.06654021529892229, 0.005308219999999891, 0.06654021529892229, 0.009427398719999994, 0.0026753428800000006, 0.10656905235179681, 0.02955723060399984, 0.15972679506359366, 1.0616439999999997e-06, 0.14973021891136007, 0.09837437482120581, 0.01512412060060312, 0.20873472832415896, 0.044781371551796956, 0.0029301374399999993, 0.07129103173474255, 0.00906956486860322, 0.008535617759999989, 14.301782860291702, 14.281112970104903, 0.005308219999999891, 0.0029627299108000004, 0.024152888752050666, 0.0026753428800000006, 0.0035671238399999985, 0.0035671238399999985, 0.00566917896, 0.0035671238399999985, 0.02955723060399984, 0.024152888752050666, 0.2109267719021355, 0.0008917809599999996, 0.005308219999999891, 1.0616440000000437e-06, 0.03753973183999998, 0.8803262232526272, 0.005308219999999891, 0.5504837562764309, 0.0026753428800000006, 0.0026753428800000006, 0.25123847725759996, 0.15871971956519904, 0.0007431507999999996, 0.1646970188003476, 0.00955479599999999, 0.0167147354648, 0.031471587064799994, 0.0008917809599999996, 0.016342416914000207, 0.009243203485999774, 0.02558562039999998, 6.263699599766415e-06, 0.0007431507999999996, 0.09863230797219713, 0.0611965529907752, 0.09863230797219713, 0.0053082199999999954, 0.012683931866607129, 0.0007431507999999996, 0.0007431507999999996, 0.018483709792050662, 5.626713200472663e-05, 0.023993154399999876, 0.02930137439999997, 0.044781371551796956, 0.0002898288120049427, 0.2109267719021355, 0.0026753428800000006, 0.024152888752050666, 0.14973021891136007, 13.91308662479475, 0.04208479579179697, 0.00566917896, 0.04560822623999994, 0.035509019196799996, 0.0008917809599999996, 0.0017835619199999993, 0.002622260679999997, 0.007661672419200002, 0.0026965757599999966, 0.0008917809599999996, 0.0008917809599999996, 0.0008917809599999996, 0.0026965757599999966, 0.002622260679999997, 0.007661672419200002, 0.0454383632, 0.0008917809599999996, 0.0002898288120049427, 0.0002898288120049427, 0.01868493439999999, 1.0616440000000437e-06, 6.263699599766415e-06, 0.033452402439999945, 0.22301180507881835, 6.263699599766415e-06, 0.0007431507999999996, 0.033452402439999945, 0.02229452400933951, 0.02229452400933951, 0.005308219999999891, 6.263699599766415e-06, 0.0029301374399999993, 0.015970947678400002, 0.03646059174548649, 0.009427398719999994, 6.263699599766415e-06, 0.01868493439999999, 0.02558562039999998, 0.03289346790548649, 0.0029301374399999993, 0.03646059174548644, 0.044781371551796956, 0.002622260679999997, 0.08749993429772751, 0.044781371551796956, 0.010637672879999976, 0.023993154399999876, 0.023993154399999876, 0.044781371551796956, 0.02972603199999987, 0.044781371551796956, 0.01390753639999999, 0.0008917809599999996, 0.0008917809599999996, 0.0008917809599999996, 0.0029301374399999993, 0.0008917809599999996, 0.0029301374399999993, 0.008535617759999989, 0.0008917809599999996, 0.0029301374399999993, 0.0029301374399999993, 0.0029301374399999993, 0.0029301374399999993, 0.0029301374399999993, 0.07720073455640886, 0.0026753428800000006, 0.0029301374399999993, 0.0008917809599999996, 0.03727432083999996, 0.0007431507999999996, 0.007951076573599995, 0.0611965529907752, 0.0611965529907752, 0.008309275259199993, 6.263699599766415e-06, 0.002622260679999997, 0.0008917809599999996, 6.263699599766415e-06, 0.04268435249959976, 0.006727744192400235, 0.0002898288120049427, 1.0616440000000437e-06, 2.1232880000000874e-06, 1.0616440000000437e-06, 0.0008917809599999996, 0.0008917809599999996, 0.009243203485999767, 0.002622260679999997, 0.0026965757599999966, 0.0026965757599999966, 0.002622260679999997, 0.06935405965097291, 0.04430726665092238, 0.0035671238399999985, 0.009243203485999767, 0.18308863168777195]","['ALAD_L', 'ALAt2r', 'EX_for_e', 'EX_h2o_e', 'FORt', 'H2Ot', 'KAS15']","['DAAD', 'AHSERL2', 'AKO', 'ADD', 'EX_hxan_e', 'EX_lys__L_e', 'CDAPPA_HP', 'EX_trp__L_e', 'EX_tyr__L_e', 'FADOX', 'FTHFLi', 'G6PDH1', 'GMPR', 'GND', 'LYSt2r', 'HYXNt', 'PGL', 'P5CD', 'TRPS1', 'TRPt2r', 'TYRt2r', 'SERD_L']","['CTPS1', 'CYSS', 'ADMDC', 'ADPT', 'ADSL1r', 'ADSL2r', 'ADSS', 'EX_pi_e', 'DB4PS', 'AGMHE', 'AGMT', 'AHCYSNS', 'A5PISO', 'AICART', 'AIRC2', 'AIRC3', 'ALAALAr', 'ALAR', 'ACCOAC', 'DHFR', 'ADCL', 'DHFS', 'ANPRT', 'ANS2', 'ADK1', 'DHNPA', 'APRAUR', 'DHORD3', 'ARGDC', 'DHORTS', 'DHPPDA', 'DHPS', 'ASNS2', 'DHPTDCs', 'ASP1DC', 'ASPCT', 'EX_his__L_e', 'EX_ile__L_e', 'ASPO2', 'ASPTA', 'ATPS4r', 'EX_leu__L_e', 'DKMPPD', 'EX_met__L_e', 'BIOMASS_HP_published', 'C140SN', 'C160SN', 'C180SN', 'C181SN', 'C190cSN', 'CAT', 'DM_hmfurn_c', 'CBPS', 'DNMPPA', 'CHORM', 'DNTPPA', 'CLPNS_HP', 'DPCOAK', 'DPR', 'EX_val__L_e', 'DTMPK', 'GARFT', 'FBA', 'GCALDD', 'FBP', 'GF6PTA', 'GFUCS', 'GHMT2r', 'GK1', 'GLNS', 'FMNAT', 'ENO', 'PIt2r', 'GLUDy', 'GLUPRT', 'GLUR', 'FRD5', 'G1PACT', 'G3PD1ir', 'G3PD2', 'GLYCTO1', 'GLYK', 'GMAND', 'GMHEPAT', 'GMHEPK', 'GALUi', 'GMHEPPA', 'GAPD', 'LPSSYN_HP', 'GTPCI', 'GTPCII', 'EX_ala__L_e', 'MALS', 'MAN1PT2', 'MAN6PI', 'MCOATA', 'MDH4', 'MDRPD', 'ME1', 'HISabc', 'METAT', 'METabc', 'MOAT_HP', 'HSDy', 'HSERTA', 'HSK', 'MOHMT', 'MTAN', 'MTHFC', 'PGCD', 'MTHFD', 'MTHFR2', 'MTRI', 'MTRK', 'PGI', 'NADK', 'IGPS', 'ILEabc', 'IMPC', 'NADS1', 'PGK', 'PMANM', 'PGM', 'NDH_1', 'NDPK1', 'PGMT', 'NDPK2', 'KAS_HP', 'KAS_HP2', 'NDPK4', 'PGPP_HP', 'NDPK5', 'KDOCT2', 'KDOPP', 'KDOPS', 'NDPK7', 'NDPK8', 'PGSA_HP', 'LEUabc', 'LPADSS_HP', 'NNATr', 'NNDPR', 'PHETA1', 'PMDPHT', 'PNTK', 'OMPDC', 'PPA', 'PPCDC', 'SPMS', 'ORPT', 'P5CR', 'PABB', 'PANTS', 'PAPPT3', 'PASYN_HP', 'TALA', 'PGAMT', 'PPNCL2', 'PPNDH', 'THRS', 'TKT1', 'PPTGS', 'TKT2', 'PRAGSr', 'TMDSf', 'TPI', 'PRAIS', 'TRDR', 'PRAIi', 'PRASCSi', 'PRFGS', 'U23GAAT_HP', 'U2GAAT', 'U2GAAT2', 'UAAGDS', 'UAGAAT_HP', 'UAGCVT', 'UAGDP', 'UAGDP2', 'UAGPT3', 'UAMAGS', 'UAMAS', 'UAPGR', 'UDCPDP', 'PRPPS', 'UDPG4E', 'UGMDDS', 'UHGADA_HP', 'UMPK', 'UNK2', 'PSD_HP', 'PSERT', 'PSP_L', 'PSSA_HP', 'PTPATi', 'URIDK2r', 'USHD_HP', 'VALTA', 'VALabc', 'SK_ahcys_c', 'QULNS', 'RBFK', 'RBFSa', 'RBFSb', 'RFAC_HP', 'RFA_HP', 'RHCCE', 'RNDR1', 'RNDR2', 'RNDR3', 'RNDR4', 'RPE', 'RPI', 'S7PI', 'SERAT']",ALAD_L,FADOX,117.44073002183228,1,244,215,-124.0,-23.52170392937559,iIT341,PSL,False,False,0.0,0.0,0.0,24.0458318570818
3,"['ANS', 'ANS2', 'GLUN']","[0.03554125559999999, -0.035541255599999995, -0.03554125560132204]","[0.03554125559999999, 0.035541255599999995, 0.03554125560132204]",['ANS'],"['ANS2', 'GLUN']",[],ANS2,ANS,0.10662376680000019,1,3,0,-1.0,-0.03554125560132205,iIT341,PSL,False,False,0.0,0.0,0.0346406346736722,0.0
4,"['ASNN', 'DHPS', 'ASNS2', 'FOLD3', 'HPPK']","[-0.032908570010247135, -0.03290856999999997, -0.03290857001024716, 0.03290856999999997, 0.03290856999999997]","[0.032908570010247135, 0.03290856999999997, 0.03290857001024716, 0.03290856999999997, 0.03290856999999997]","['ASNN', 'DHPS']","['FOLD3', 'HPPK']",['ASNS2'],DHPS,FOLD3,0.16454284999999894,1,5,1,-1.0,-0.03290857002049433,iIT341,PSL,False,False,0.0,0.0,0.0,0.0
5,"['ASNN', 'DHPS', 'ASNS2', 'FOLD3', 'HPPK']","[-0.032908570010247135, -0.03290856999999997, -0.03290857001024716, 0.03290856999999997, 0.03290856999999997]","[0.032908570010247135, 0.03290856999999997, 0.03290857001024716, 0.03290856999999997, 0.03290856999999997]","['ASNN', 'DHPS']","['FOLD3', 'HPPK']",['ASNS2'],DHPS,HPPK,0.16454284999999894,1,5,1,-1.0,-0.03290857002049433,iIT341,PSL,False,False,0.0,0.0,0.0,0.0
6,"['EX_phe__L_e', 'AHSERL2', 'AKGt2r', 'ALAt2r', 'ACS', 'ADD', 'EX_glu__L_e', 'EX_hxan_e', 'ASPt2r', 'EX_lys__L_e', 'EX_pro__L_e', 'CAT', 'CCP', 'CDAPPA_HP', 'EX_ser__L_e', 'EX_thr__L_e', 'EX_trp__L_e', 'EX_tyr__L_e', 'DUTPDP', 'EDA', 'EDD', 'FTHFD', 'GLUt2r', 'G6PDH2r', 'EX_akg_e', 'LYSt2r', 'EX_asp__L_e', 'HXPRT', 'HYXNt', 'PGL', 'KAS15', 'NDPK6', 'PHEt2r', 'THRt2r', 'TRPS1', 'TRPt2r', 'TYRt2r', 'PROabc', 'SERD_L', 'SERt2r']","[3.8206594699427554e-05, 1.8900324815322722e-05, -1.816914361156552e-05, -0.0002161387319681296, -0.0005932269021329262, 5.7067193334654764e-05, 8.906487406301622e-05, 0.00011750525032478559, -0.00016843290439638725, 7.676117332675036e-05, 4.5587425120174885e-05, -0.030632944724315554, 0.06117963218984604, 2.89899049771003e-05, 0.00017922378069904626, 3.3416008723141655e-05, 0.00012359978106755293, 2.8437863100139182e-05, -5.36194823338651e-06, 7.697181612242865e-05, 7.697181612242865e-05, -0.00011011335967014979, -8.906487406301622e-05, 7.697181612242865e-05, 1.816914361156552e-05, -7.676117332675036e-05, 0.00016843290439638725, -6.043805699013083e-05, -0.00011750525032478559, 7.697181612242865e-05, -7.26081598994878e-05, -5.36194823338651e-06, -3.8206594699427554e-05, -3.3416008723141655e-05, 0.00011187730314841243, -0.00012359978106755293, -2.8437863100139182e-05, -4.558740785431947e-05, -8.436585117777007e-05, -0.00017922378069904626]","[3.8206594699427554e-05, 1.8900324815322722e-05, 1.816914361156552e-05, 0.0002161387319681296, 0.0005932269021329262, 5.7067193334654764e-05, 8.906487406301622e-05, 0.00011750525032478559, 0.00016843290439638725, 7.676117332675036e-05, 4.5587425120174885e-05, 0.030632944724315554, 0.06117963218984604, 2.89899049771003e-05, 0.00017922378069904626, 3.3416008723141655e-05, 0.00012359978106755293, 2.8437863100139182e-05, 5.36194823338651e-06, 7.697181612242865e-05, 7.697181612242865e-05, 0.00011011335967014979, 8.906487406301622e-05, 7.697181612242865e-05, 1.816914361156552e-05, 7.676117332675036e-05, 0.00016843290439638725, 6.043805699013083e-05, 0.00011750525032478559, 7.697181612242865e-05, 7.26081598994878e-05, 5.36194823338651e-06, 3.8206594699427554e-05, 3.3416008723141655e-05, 0.00011187730314841243, 0.00012359978106755293, 2.8437863100139182e-05, 4.558740785431947e-05, 8.436585117777007e-05, 0.00017922378069904626]","['ALAt2r', 'ACS', 'CAT', 'DUTPDP', 'FTHFD', 'HXPRT', 'KAS15', 'NDPK6', 'PROabc', 'SERD_L']","['EX_phe__L_e', 'AHSERL2', 'AKGt2r', 'EX_glu__L_e', 'EX_hxan_e', 'ASPt2r', 'EX_lys__L_e', 'EX_pro__L_e', 'CCP', 'CDAPPA_HP', 'EX_ser__L_e', 'EX_thr__L_e', 'EX_trp__L_e', 'EX_tyr__L_e', 'EDA', 'EDD', 'GLUt2r', 'G6PDH2r', 'EX_akg_e', 'LYSt2r', 'EX_asp__L_e', 'HYXNt', 'PGL', 'PHEt2r', 'THRt2r', 'TRPS1', 'TRPt2r', 'TYRt2r', 'SERt2r']",['ADD'],CAT,CCP,0.154044287937526,1,40,1,0.0,0.029923794515256178,iIT341,PSL,False,False,0.0,0.0,-0.06235314241261,-0.191216303398671
7,"['CS', 'ADSK', 'EX_phe__L_e', 'AHSERL2', 'ACALDt', 'ACONT', 'ANPRT', 'ANS2', 'ADD', 'EX_for_e', 'EX_hxan_e', 'EX_lys__L_e', 'BPNT', 'EX_pro__L_e', 'EX_pyr_e', 'CDAPPA_HP', 'EX_ser__L_e', 'EX_so4_e', 'EX_thr__L_e', 'EX_trp__L_e', 'EX_tyr__L_e', 'GARFT', 'GART', 'DUTPDP', 'EDA', 'EDD', 'FORt', 'FTHFD', 'EX_acald_e', 'G6PDH1', 'GMPR', 'LYSt2r', 'HXPRT', 'HYXNt', 'ICDHyr', 'IGPS', 'PGL', 'KAS15', 'NDPK6', 'PHEt2r', 'P5CR', 'SULR', 'PAPSR', 'SULabc', 'THRt2r', 'PRAIi', 'TRPS1', 'TRPt2r', 'TYRt2r', 'PROabc', 'PYRDC', 'PYRt2', 'SADT2', 'SERD_L', 'SERt2r']","[0.004173064885256927, 0.000368442485005456, 0.0010231768206275388, 0.000874595268459788, -0.005369556910498119, 0.004173064885256927, 0.003487950185565386, 0.003487950185565386, 0.001159823247738917, -0.0032803920895017203, 0.0027783610808690684, 0.0020556552487153434, 0.00036878548178069515, 0.008751438115723431, 0.004387980046980024, 0.0007763528531686409, 0.007210609025029235, -0.000368442485005456, 0.0008640287892005549, 0.003801879437348832, 0.0007615691108080053, -0.33474708082004057, 0.33474708082004057, -0.00014359356516761498, 0.000310441148985853, 0.000310441148985853, 0.0032803920895017203, 0.3317982329014501, 0.005369556910498119, 0.000310441148985853, 0.0016185378331301514, -0.0020556552487153434, -0.0016185378331301514, -0.0027783610808690684, 0.004173064885256927, 0.003487950185565386, 0.000310441148985853, -0.0019444545315280247, -0.00014359356516761498, -0.0010231768206275388, 0.00753060218163093, 0.000368442485005456, 0.000368442485005456, 0.000368442485005456, -0.0008640287892005549, 0.003487950185565386, 0.003487950185565386, -0.003801879437348832, -0.0007615691108080053, -0.008751438117087673, 0.005369556910498119, -0.004387980046980024, 0.000368442485005456, -0.005162166874692731, -0.007210609025029235]","[0.004173064885256927, 0.000368442485005456, 0.0010231768206275388, 0.000874595268459788, 0.005369556910498119, 0.004173064885256927, 0.003487950185565386, 0.003487950185565386, 0.001159823247738917, 0.0032803920895017203, 0.0027783610808690684, 0.0020556552487153434, 0.00036878548178069515, 0.008751438115723431, 0.004387980046980024, 0.0007763528531686409, 0.007210609025029235, 0.000368442485005456, 0.0008640287892005549, 0.003801879437348832, 0.0007615691108080053, 0.33474708082004057, 0.33474708082004057, 0.00014359356516761498, 0.000310441148985853, 0.000310441148985853, 0.0032803920895017203, 0.3317982329014501, 0.005369556910498119, 0.000310441148985853, 0.0016185378331301514, 0.0020556552487153434, 0.0016185378331301514, 0.0027783610808690684, 0.004173064885256927, 0.003487950185565386, 0.000310441148985853, 0.0019444545315280247, 0.00014359356516761498, 0.0010231768206275388, 0.00753060218163093, 0.000368442485005456, 0.000368442485005456, 0.000368442485005456, 0.0008640287892005549, 0.003487950185565386, 0.003487950185565386, 0.003801879437348832, 0.0007615691108080053, 0.008751438117087673, 0.005369556910498119, 0.004387980046980024, 0.000368442485005456, 0.005162166874692731, 0.007210609025029235]","['GARFT', 'DUTPDP', 'HXPRT', 'KAS15', 'NDPK6', 'PROabc', 'SERD_L']","['CS', 'ADSK', 'EX_phe__L_e', 'AHSERL2', 'ACALDt', 'ACONT', 'EX_hxan_e', 'EX_lys__L_e', 'EX_pro__L_e', 'EX_pyr_e', 'CDAPPA_HP', 'EX_ser__L_e', 'EX_so4_e', 'EX_thr__L_e', 'EX_trp__L_e', 'EX_tyr__L_e', 'EDA', 'EDD', 'FTHFD', 'EX_acald_e', 'G6PDH1', 'GMPR', 'LYSt2r', 'HYXNt', 'ICDHyr', 'PGL', 'PHEt2r', 'SULR', 'PAPSR', 'SULabc', 'THRt2r', 'TRPS1', 'TRPt2r', 'TYRt2r', 'PYRDC', 'PYRt2', 'SADT2', 'SERt2r']","['ANPRT', 'ANS2', 'ADD', 'EX_for_e', 'BPNT', 'GART', 'FORt', 'IGPS', 'P5CR', 'PRAIi']",GARFT,FTHFD,1.4204152231635137,1,55,10,19.0,0.3731586204263699,iIT341,PSL,False,False,0.0,0.0,0.0,0.0
8,"['GARFT', 'GART', 'FTHFLi']","[0.022411394341396385, -0.022411394341396385, 0.022411394341396385]","[0.022411394341396385, 0.022411394341396385, 0.022411394341396385]",['GART'],['FTHFLi'],['GARFT'],GART,FTHFLi,0.06723418302418915,1,3,1,1.0,0.022411394341396385,iIT341,PSL,False,False,0.0,0.0,0.0,4.0875948915442e-05
9,"['H2CO3D', 'H2CO3D2', 'HCO3E']","[2.121217972374402, -2.121217972374402, -2.121217972374402]","[2.121217972374402, 2.121217972374402, 2.121217972374402]",['HCO3E'],"['H2CO3D', 'H2CO3D2']",[],HCO3E,H2CO3D,6.363653917123206,1,3,0,1.0,2.121217972374402,iIT341,PSL,True,True,-999998.888357849,-999998.888357849,-0.0191216303398671,0.0
10,"['H2CO3D', 'H2CO3D2', 'HCO3E']","[2.1212179723661393, -2.1212179723661393, -2.1212179723661393]","[2.1212179723661393, 2.1212179723661393, 2.1212179723661393]",['HCO3E'],"['H2CO3D', 'H2CO3D2']",[],HCO3E,H2CO3D2,6.363653917089636,1,3,0,1.0,2.1212179723661393,iIT341,PSL,True,True,-999998.888357849,-999999.0,-0.0191216303398671,0.0
11,"['CPPPGO', 'EX_pheme_e', 'ACS', 'EX_fe2_e', 'EX_glu__L_e', 'EX_h2co3_e', 'EX_pro__L_e', 'EX_urea_e', 'FCLT', 'FE2abc', 'GLUTRR', 'GLUTRS', 'G1SAT', 'GLUt2r', 'H2CO3TP', 'HEMEti', 'HMBS', 'PPBNGS', 'P5CD', 'PPPGO', 'PROabc', 'UPP3S', 'UPPDC1', 'UREAt']","[3.9490226999999996e-06, 3.949031235350731e-06, -3.826134077997145e-06, -3.949040547013283e-06, -1.734313354595507e-05, 1.6953679732978344e-05, -1.2243632227182388e-05, 8.314817941501573e-06, 3.9490226999999996e-06, 3.9490226999999996e-06, 3.1592181599999996e-05, 3.1592181599999996e-05, 3.1592181599999996e-05, 1.734308898448944e-05, -1.6953679732978344e-05, -3.949031235763059e-06, 3.9490226999999996e-06, 1.5796090799999998e-05, 1.254247035831213e-05, 3.9490226999999996e-06, 1.2243632227182388e-05, 3.9490226999999996e-06, 3.9490226999999996e-06, -8.314847946166992e-06]","[3.9490226999999996e-06, 3.949031235350731e-06, 3.826134077997145e-06, 3.949040547013283e-06, 1.734313354595507e-05, 1.6953679732978344e-05, 1.2243632227182388e-05, 8.314817941501573e-06, 3.9490226999999996e-06, 3.9490226999999996e-06, 3.1592181599999996e-05, 3.1592181599999996e-05, 3.1592181599999996e-05, 1.734308898448944e-05, 1.6953679732978344e-05, 3.949031235763059e-06, 3.9490226999999996e-06, 1.5796090799999998e-05, 1.254247035831213e-05, 3.9490226999999996e-06, 1.2243632227182388e-05, 3.9490226999999996e-06, 3.9490226999999996e-06, 8.314847946166992e-06]","['EX_pheme_e', 'ACS', 'EX_glu__L_e', 'EX_pro__L_e', 'GLUt2r', 'HEMEti']","['CPPPGO', 'EX_fe2_e', 'EX_h2co3_e', 'EX_urea_e', 'FCLT', 'FE2abc', 'GLUTRR', 'GLUTRS', 'G1SAT', 'H2CO3TP', 'HMBS', 'PPBNGS', 'P5CD', 'PPPGO', 'PROabc', 'UPP3S', 'UPPDC1', 'UREAt']",[],HEMEti,CPPPGO,0.000518399945085102,1,24,0,10.0,0.00014298301566675832,iIT341,PSL,False,False,0.0,0.0,1.9509753493345,0.0
12,"['CPPPGO', 'EX_pheme_e', 'ACS', 'EX_fe2_e', 'EX_glu__L_e', 'EX_h2co3_e', 'EX_pro__L_e', 'EX_urea_e', 'FCLT', 'FE2abc', 'GLUTRR', 'GLUTRS', 'G1SAT', 'GLUt2r', 'H2CO3TP', 'HEMEti', 'HMBS', 'PPBNGS', 'P5CD', 'PPPGO', 'PROabc', 'UPP3S', 'UPPDC1', 'UREAt']","[3.9490226999999996e-06, 3.949031235350731e-06, -3.826134077997145e-06, -3.949040547013283e-06, -1.734313354595507e-05, 1.6953679732978344e-05, -1.2243632227182388e-05, 8.314817941501573e-06, 3.9490226999999996e-06, 3.9490226999999996e-06, 3.1592181599999996e-05, 3.1592181599999996e-05, 3.1592181599999996e-05, 1.734308898448944e-05, -1.6953679732978344e-05, -3.949031235763059e-06, 3.9490226999999996e-06, 1.5796090799999998e-05, 1.254247035831213e-05, 3.9490226999999996e-06, 1.2243632227182388e-05, 3.9490226999999996e-06, 3.9490226999999996e-06, -8.314847946166992e-06]","[3.9490226999999996e-06, 3.949031235350731e-06, 3.826134077997145e-06, 3.949040547013283e-06, 1.734313354595507e-05, 1.6953679732978344e-05, 1.2243632227182388e-05, 8.314817941501573e-06, 3.9490226999999996e-06, 3.9490226999999996e-06, 3.1592181599999996e-05, 3.1592181599999996e-05, 3.1592181599999996e-05, 1.734308898448944e-05, 1.6953679732978344e-05, 3.949031235763059e-06, 3.9490226999999996e-06, 1.5796090799999998e-05, 1.254247035831213e-05, 3.9490226999999996e-06, 1.2243632227182388e-05, 3.9490226999999996e-06, 3.9490226999999996e-06, 8.314847946166992e-06]","['EX_pheme_e', 'ACS', 'EX_glu__L_e', 'EX_pro__L_e', 'GLUt2r', 'HEMEti']","['CPPPGO', 'EX_fe2_e', 'EX_h2co3_e', 'EX_urea_e', 'FCLT', 'FE2abc', 'GLUTRR', 'GLUTRS', 'G1SAT', 'H2CO3TP', 'HMBS', 'PPBNGS', 'P5CD', 'PPPGO', 'PROabc', 'UPP3S', 'UPPDC1', 'UREAt']",[],HEMEti,FCLT,0.000518399945085102,1,24,0,10.0,0.00014298301566675832,iIT341,PSL,False,False,0.0,0.0,1.9509753493345,0.0
13,"['CPPPGO', 'EX_pheme_e', 'ACS', 'EX_fe2_e', 'EX_glu__L_e', 'EX_h2co3_e', 'EX_pro__L_e', 'EX_urea_e', 'FCLT', 'FE2abc', 'GLUTRR', 'GLUTRS', 'G1SAT', 'GLUt2r', 'H2CO3TP', 'HEMEti', 'HMBS', 'PPBNGS', 'P5CD', 'PPPGO', 'PROabc', 'UPP3S', 'UPPDC1', 'UREAt']","[3.9490226999999996e-06, 3.949031235350731e-06, -3.826134077997145e-06, -3.949040547013283e-06, -1.734313354595507e-05, 1.6953679732978344e-05, -1.2243632227182388e-05, 8.314817941501573e-06, 3.9490226999999996e-06, 3.9490226999999996e-06, 3.1592181599999996e-05, 3.1592181599999996e-05, 3.1592181599999996e-05, 1.734308898448944e-05, -1.6953679732978344e-05, -3.949031235763059e-06, 3.9490226999999996e-06, 1.5796090799999998e-05, 1.254247035831213e-05, 3.9490226999999996e-06, 1.2243632227182388e-05, 3.9490226999999996e-06, 3.9490226999999996e-06, -8.314847946166992e-06]","[3.9490226999999996e-06, 3.949031235350731e-06, 3.826134077997145e-06, 3.949040547013283e-06, 1.734313354595507e-05, 1.6953679732978344e-05, 1.2243632227182388e-05, 8.314817941501573e-06, 3.9490226999999996e-06, 3.9490226999999996e-06, 3.1592181599999996e-05, 3.1592181599999996e-05, 3.1592181599999996e-05, 1.734308898448944e-05, 1.6953679732978344e-05, 3.949031235763059e-06, 3.9490226999999996e-06, 1.5796090799999998e-05, 1.254247035831213e-05, 3.9490226999999996e-06, 1.2243632227182388e-05, 3.9490226999999996e-06, 3.9490226999999996e-06, 8.314847946166992e-06]","['EX_pheme_e', 'ACS', 'EX_glu__L_e', 'EX_pro__L_e', 'GLUt2r', 'HEMEti']","['CPPPGO', 'EX_fe2_e', 'EX_h2co3_e', 'EX_urea_e', 'FCLT', 'FE2abc', 'GLUTRR', 'GLUTRS', 'G1SAT', 'H2CO3TP', 'HMBS', 'PPBNGS', 'P5CD', 'PPPGO', 'PROabc', 'UPP3S', 'UPPDC1', 'UREAt']",[],HEMEti,FE2abc,0.000518399945085102,1,24,0,10.0,0.00014298301566675832,iIT341,PSL,False,False,0.0,0.0,1.9509753493345,-12.0
14,"['CPPPGO', 'EX_pheme_e', 'ACS', 'EX_fe2_e', 'EX_glu__L_e', 'EX_h2co3_e', 'EX_pro__L_e', 'EX_urea_e', 'FCLT', 'FE2abc', 'GLUTRR', 'GLUTRS', 'G1SAT', 'GLUt2r', 'H2CO3TP', 'HEMEti', 'HMBS', 'PPBNGS', 'P5CD', 'PPPGO', 'PROabc', 'UPP3S', 'UPPDC1', 'UREAt']","[3.9490226999999996e-06, 3.949031235350731e-06, -3.826134077997145e-06, -3.949040547013283e-06, -1.734313354595507e-05, 1.6953679732978344e-05, -1.2243632227182388e-05, 8.314817941501573e-06, 3.9490226999999996e-06, 3.9490226999999996e-06, 3.1592181599999996e-05, 3.1592181599999996e-05, 3.1592181599999996e-05, 1.734308898448944e-05, -1.6953679732978344e-05, -3.949031235763059e-06, 3.9490226999999996e-06, 1.5796090799999998e-05, 1.254247035831213e-05, 3.9490226999999996e-06, 1.2243632227182388e-05, 3.9490226999999996e-06, 3.9490226999999996e-06, -8.314847946166992e-06]","[3.9490226999999996e-06, 3.949031235350731e-06, 3.826134077997145e-06, 3.949040547013283e-06, 1.734313354595507e-05, 1.6953679732978344e-05, 1.2243632227182388e-05, 8.314817941501573e-06, 3.9490226999999996e-06, 3.9490226999999996e-06, 3.1592181599999996e-05, 3.1592181599999996e-05, 3.1592181599999996e-05, 1.734308898448944e-05, 1.6953679732978344e-05, 3.949031235763059e-06, 3.9490226999999996e-06, 1.5796090799999998e-05, 1.254247035831213e-05, 3.9490226999999996e-06, 1.2243632227182388e-05, 3.9490226999999996e-06, 3.9490226999999996e-06, 8.314847946166992e-06]","['EX_pheme_e', 'ACS', 'EX_glu__L_e', 'EX_pro__L_e', 'GLUt2r', 'HEMEti']","['CPPPGO', 'EX_fe2_e', 'EX_h2co3_e', 'EX_urea_e', 'FCLT', 'FE2abc', 'GLUTRR', 'GLUTRS', 'G1SAT', 'H2CO3TP', 'HMBS', 'PPBNGS', 'P5CD', 'PPPGO', 'PROabc', 'UPP3S', 'UPPDC1', 'UREAt']",[],HEMEti,GLUTRR,0.000518399945085102,1,24,0,10.0,0.00014298301566675832,iIT341,PSL,False,False,0.0,0.0,1.9509753493345,0.0
15,"['CPPPGO', 'EX_pheme_e', 'ACS', 'EX_fe2_e', 'EX_glu__L_e', 'EX_h2co3_e', 'EX_pro__L_e', 'EX_urea_e', 'FCLT', 'FE2abc', 'GLUTRR', 'GLUTRS', 'G1SAT', 'GLUt2r', 'H2CO3TP', 'HEMEti', 'HMBS', 'PPBNGS', 'P5CD', 'PPPGO', 'PROabc', 'UPP3S', 'UPPDC1', 'UREAt']","[3.9490226999999996e-06, 3.949031235350731e-06, -3.826134077997145e-06, -3.949040547013283e-06, -1.734313354595507e-05, 1.6953679732978344e-05, -1.2243632227182388e-05, 8.314817941501573e-06, 3.9490226999999996e-06, 3.9490226999999996e-06, 3.1592181599999996e-05, 3.1592181599999996e-05, 3.1592181599999996e-05, 1.734308898448944e-05, -1.6953679732978344e-05, -3.949031235763059e-06, 3.9490226999999996e-06, 1.5796090799999998e-05, 1.254247035831213e-05, 3.9490226999999996e-06, 1.2243632227182388e-05, 3.9490226999999996e-06, 3.9490226999999996e-06, -8.314847946166992e-06]","[3.9490226999999996e-06, 3.949031235350731e-06, 3.826134077997145e-06, 3.949040547013283e-06, 1.734313354595507e-05, 1.6953679732978344e-05, 1.2243632227182388e-05, 8.314817941501573e-06, 3.9490226999999996e-06, 3.9490226999999996e-06, 3.1592181599999996e-05, 3.1592181599999996e-05, 3.1592181599999996e-05, 1.734308898448944e-05, 1.6953679732978344e-05, 3.949031235763059e-06, 3.9490226999999996e-06, 1.5796090799999998e-05, 1.254247035831213e-05, 3.9490226999999996e-06, 1.2243632227182388e-05, 3.9490226999999996e-06, 3.9490226999999996e-06, 8.314847946166992e-06]","['EX_pheme_e', 'ACS', 'EX_glu__L_e', 'EX_pro__L_e', 'GLUt2r', 'HEMEti']","['CPPPGO', 'EX_fe2_e', 'EX_h2co3_e', 'EX_urea_e', 'FCLT', 'FE2abc', 'GLUTRR', 'GLUTRS', 'G1SAT', 'H2CO3TP', 'HMBS', 'PPBNGS', 'P5CD', 'PPPGO', 'PROabc', 'UPP3S', 'UPPDC1', 'UREAt']",[],HEMEti,GLUTRS,0.000518399945085102,1,24,0,10.0,0.00014298301566675832,iIT341,PSL,False,False,0.0,0.0,1.9509753493345,4.0875948915442e-05
16,"['CPPPGO', 'EX_pheme_e', 'ACS', 'EX_fe2_e', 'EX_glu__L_e', 'EX_h2co3_e', 'EX_pro__L_e', 'EX_urea_e', 'FCLT', 'FE2abc', 'GLUTRR', 'GLUTRS', 'G1SAT', 'GLUt2r', 'H2CO3TP', 'HEMEti', 'HMBS', 'PPBNGS', 'P5CD', 'PPPGO', 'PROabc', 'UPP3S', 'UPPDC1', 'UREAt']","[3.9490226999999996e-06, 3.949031235350731e-06, -3.826134077997145e-06, -3.949040547013283e-06, -1.734313354595507e-05, 1.6953679732978344e-05, -1.2243632227182388e-05, 8.314817941501573e-06, 3.9490226999999996e-06, 3.9490226999999996e-06, 3.1592181599999996e-05, 3.1592181599999996e-05, 3.1592181599999996e-05, 1.734308898448944e-05, -1.6953679732978344e-05, -3.949031235763059e-06, 3.9490226999999996e-06, 1.5796090799999998e-05, 1.254247035831213e-05, 3.9490226999999996e-06, 1.2243632227182388e-05, 3.9490226999999996e-06, 3.9490226999999996e-06, -8.314847946166992e-06]","[3.9490226999999996e-06, 3.949031235350731e-06, 3.826134077997145e-06, 3.949040547013283e-06, 1.734313354595507e-05, 1.6953679732978344e-05, 1.2243632227182388e-05, 8.314817941501573e-06, 3.9490226999999996e-06, 3.9490226999999996e-06, 3.1592181599999996e-05, 3.1592181599999996e-05, 3.1592181599999996e-05, 1.734308898448944e-05, 1.6953679732978344e-05, 3.949031235763059e-06, 3.9490226999999996e-06, 1.5796090799999998e-05, 1.254247035831213e-05, 3.9490226999999996e-06, 1.2243632227182388e-05, 3.9490226999999996e-06, 3.9490226999999996e-06, 8.314847946166992e-06]","['EX_pheme_e', 'ACS', 'EX_glu__L_e', 'EX_pro__L_e', 'GLUt2r', 'HEMEti']","['CPPPGO', 'EX_fe2_e', 'EX_h2co3_e', 'EX_urea_e', 'FCLT', 'FE2abc', 'GLUTRR', 'GLUTRS', 'G1SAT', 'H2CO3TP', 'HMBS', 'PPBNGS', 'P5CD', 'PPPGO', 'PROabc', 'UPP3S', 'UPPDC1', 'UREAt']",[],HEMEti,G1SAT,0.000518399945085102,1,24,0,10.0,0.00014298301566675832,iIT341,PSL,False,False,0.0,0.0,1.9509753493345,-12.6060614347419
17,"['CPPPGO', 'EX_pheme_e', 'ACS', 'EX_fe2_e', 'EX_glu__L_e', 'EX_h2co3_e', 'EX_pro__L_e', 'EX_urea_e', 'FCLT', 'FE2abc', 'GLUTRR', 'GLUTRS', 'G1SAT', 'GLUt2r', 'H2CO3TP', 'HEMEti', 'HMBS', 'PPBNGS', 'P5CD', 'PPPGO', 'PROabc', 'UPP3S', 'UPPDC1', 'UREAt']","[3.9490226999999996e-06, 3.949031235350731e-06, -3.826134077997145e-06, -3.949040547013283e-06, -1.734313354595507e-05, 1.6953679732978344e-05, -1.2243632227182388e-05, 8.314817941501573e-06, 3.9490226999999996e-06, 3.9490226999999996e-06, 3.1592181599999996e-05, 3.1592181599999996e-05, 3.1592181599999996e-05, 1.734308898448944e-05, -1.6953679732978344e-05, -3.949031235763059e-06, 3.9490226999999996e-06, 1.5796090799999998e-05, 1.254247035831213e-05, 3.9490226999999996e-06, 1.2243632227182388e-05, 3.9490226999999996e-06, 3.9490226999999996e-06, -8.314847946166992e-06]","[3.9490226999999996e-06, 3.949031235350731e-06, 3.826134077997145e-06, 3.949040547013283e-06, 1.734313354595507e-05, 1.6953679732978344e-05, 1.2243632227182388e-05, 8.314817941501573e-06, 3.9490226999999996e-06, 3.9490226999999996e-06, 3.1592181599999996e-05, 3.1592181599999996e-05, 3.1592181599999996e-05, 1.734308898448944e-05, 1.6953679732978344e-05, 3.949031235763059e-06, 3.9490226999999996e-06, 1.5796090799999998e-05, 1.254247035831213e-05, 3.9490226999999996e-06, 1.2243632227182388e-05, 3.9490226999999996e-06, 3.9490226999999996e-06, 8.314847946166992e-06]","['EX_pheme_e', 'ACS', 'EX_glu__L_e', 'EX_pro__L_e', 'GLUt2r', 'HEMEti']","['CPPPGO', 'EX_fe2_e', 'EX_h2co3_e', 'EX_urea_e', 'FCLT', 'FE2abc', 'GLUTRR', 'GLUTRS', 'G1SAT', 'H2CO3TP', 'HMBS', 'PPBNGS', 'P5CD', 'PPPGO', 'PROabc', 'UPP3S', 'UPPDC1', 'UREAt']",[],HEMEti,HMBS,0.000518399945085102,1,24,0,10.0,0.00014298301566675832,iIT341,PSL,False,False,0.0,0.0,1.9509753493345,0.0
18,"['CPPPGO', 'EX_pheme_e', 'ACS', 'EX_fe2_e', 'EX_glu__L_e', 'EX_h2co3_e', 'EX_pro__L_e', 'EX_urea_e', 'FCLT', 'FE2abc', 'GLUTRR', 'GLUTRS', 'G1SAT', 'GLUt2r', 'H2CO3TP', 'HEMEti', 'HMBS', 'PPBNGS', 'P5CD', 'PPPGO', 'PROabc', 'UPP3S', 'UPPDC1', 'UREAt']","[3.9490226999999996e-06, 3.949031235350731e-06, -3.826134077997145e-06, -3.949040547013283e-06, -1.734313354595507e-05, 1.6953679732978344e-05, -1.2243632227182388e-05, 8.314817941501573e-06, 3.9490226999999996e-06, 3.9490226999999996e-06, 3.1592181599999996e-05, 3.1592181599999996e-05, 3.1592181599999996e-05, 1.734308898448944e-05, -1.6953679732978344e-05, -3.949031235763059e-06, 3.9490226999999996e-06, 1.5796090799999998e-05, 1.254247035831213e-05, 3.9490226999999996e-06, 1.2243632227182388e-05, 3.9490226999999996e-06, 3.9490226999999996e-06, -8.314847946166992e-06]","[3.9490226999999996e-06, 3.949031235350731e-06, 3.826134077997145e-06, 3.949040547013283e-06, 1.734313354595507e-05, 1.6953679732978344e-05, 1.2243632227182388e-05, 8.314817941501573e-06, 3.9490226999999996e-06, 3.9490226999999996e-06, 3.1592181599999996e-05, 3.1592181599999996e-05, 3.1592181599999996e-05, 1.734308898448944e-05, 1.6953679732978344e-05, 3.949031235763059e-06, 3.9490226999999996e-06, 1.5796090799999998e-05, 1.254247035831213e-05, 3.9490226999999996e-06, 1.2243632227182388e-05, 3.9490226999999996e-06, 3.9490226999999996e-06, 8.314847946166992e-06]","['EX_pheme_e', 'ACS', 'EX_glu__L_e', 'EX_pro__L_e', 'GLUt2r', 'HEMEti']","['CPPPGO', 'EX_fe2_e', 'EX_h2co3_e', 'EX_urea_e', 'FCLT', 'FE2abc', 'GLUTRR', 'GLUTRS', 'G1SAT', 'H2CO3TP', 'HMBS', 'PPBNGS', 'P5CD', 'PPPGO', 'PROabc', 'UPP3S', 'UPPDC1', 'UREAt']",[],HEMEti,PPBNGS,0.000518399945085102,1,24,0,10.0,0.00014298301566675832,iIT341,PSL,False,False,0.0,0.0,1.9509753493345,4.15687616239779e-06
19,"['CPPPGO', 'EX_pheme_e', 'ACS', 'EX_fe2_e', 'EX_glu__L_e', 'EX_h2co3_e', 'EX_pro__L_e', 'EX_urea_e', 'FCLT', 'FE2abc', 'GLUTRR', 'GLUTRS', 'G1SAT', 'GLUt2r', 'H2CO3TP', 'HEMEti', 'HMBS', 'PPBNGS', 'P5CD', 'PPPGO', 'PROabc', 'UPP3S', 'UPPDC1', 'UREAt']","[3.9490226999999996e-06, 3.949031235350731e-06, -3.826134077997145e-06, -3.949040547013283e-06, -1.734313354595507e-05, 1.6953679732978344e-05, -1.2243632227182388e-05, 8.314817941501573e-06, 3.9490226999999996e-06, 3.9490226999999996e-06, 3.1592181599999996e-05, 3.1592181599999996e-05, 3.1592181599999996e-05, 1.734308898448944e-05, -1.6953679732978344e-05, -3.949031235763059e-06, 3.9490226999999996e-06, 1.5796090799999998e-05, 1.254247035831213e-05, 3.9490226999999996e-06, 1.2243632227182388e-05, 3.9490226999999996e-06, 3.9490226999999996e-06, -8.314847946166992e-06]","[3.9490226999999996e-06, 3.949031235350731e-06, 3.826134077997145e-06, 3.949040547013283e-06, 1.734313354595507e-05, 1.6953679732978344e-05, 1.2243632227182388e-05, 8.314817941501573e-06, 3.9490226999999996e-06, 3.9490226999999996e-06, 3.1592181599999996e-05, 3.1592181599999996e-05, 3.1592181599999996e-05, 1.734308898448944e-05, 1.6953679732978344e-05, 3.949031235763059e-06, 3.9490226999999996e-06, 1.5796090799999998e-05, 1.254247035831213e-05, 3.9490226999999996e-06, 1.2243632227182388e-05, 3.9490226999999996e-06, 3.9490226999999996e-06, 8.314847946166992e-06]","['EX_pheme_e', 'ACS', 'EX_glu__L_e', 'EX_pro__L_e', 'GLUt2r', 'HEMEti']","['CPPPGO', 'EX_fe2_e', 'EX_h2co3_e', 'EX_urea_e', 'FCLT', 'FE2abc', 'GLUTRR', 'GLUTRS', 'G1SAT', 'H2CO3TP', 'HMBS', 'PPBNGS', 'P5CD', 'PPPGO', 'PROabc', 'UPP3S', 'UPPDC1', 'UREAt']",[],HEMEti,PPPGO,0.000518399945085102,1,24,0,10.0,0.00014298301566675832,iIT341,PSL,False,False,0.0,0.0,1.9509753493345,0.0175974424142255
20,"['CPPPGO', 'EX_pheme_e', 'ACS', 'EX_fe2_e', 'EX_glu__L_e', 'EX_h2co3_e', 'EX_pro__L_e', 'EX_urea_e', 'FCLT', 'FE2abc', 'GLUTRR', 'GLUTRS', 'G1SAT', 'GLUt2r', 'H2CO3TP', 'HEMEti', 'HMBS', 'PPBNGS', 'P5CD', 'PPPGO', 'PROabc', 'UPP3S', 'UPPDC1', 'UREAt']","[3.9490226999999996e-06, 3.949031235350731e-06, -3.826134077997145e-06, -3.949040547013283e-06, -1.734313354595507e-05, 1.6953679732978344e-05, -1.2243632227182388e-05, 8.314817941501573e-06, 3.9490226999999996e-06, 3.9490226999999996e-06, 3.1592181599999996e-05, 3.1592181599999996e-05, 3.1592181599999996e-05, 1.734308898448944e-05, -1.6953679732978344e-05, -3.949031235763059e-06, 3.9490226999999996e-06, 1.5796090799999998e-05, 1.254247035831213e-05, 3.9490226999999996e-06, 1.2243632227182388e-05, 3.9490226999999996e-06, 3.9490226999999996e-06, -8.314847946166992e-06]","[3.9490226999999996e-06, 3.949031235350731e-06, 3.826134077997145e-06, 3.949040547013283e-06, 1.734313354595507e-05, 1.6953679732978344e-05, 1.2243632227182388e-05, 8.314817941501573e-06, 3.9490226999999996e-06, 3.9490226999999996e-06, 3.1592181599999996e-05, 3.1592181599999996e-05, 3.1592181599999996e-05, 1.734308898448944e-05, 1.6953679732978344e-05, 3.949031235763059e-06, 3.9490226999999996e-06, 1.5796090799999998e-05, 1.254247035831213e-05, 3.9490226999999996e-06, 1.2243632227182388e-05, 3.9490226999999996e-06, 3.9490226999999996e-06, 8.314847946166992e-06]","['EX_pheme_e', 'ACS', 'EX_glu__L_e', 'EX_pro__L_e', 'GLUt2r', 'HEMEti']","['CPPPGO', 'EX_fe2_e', 'EX_h2co3_e', 'EX_urea_e', 'FCLT', 'FE2abc', 'GLUTRR', 'GLUTRS', 'G1SAT', 'H2CO3TP', 'HMBS', 'PPBNGS', 'P5CD', 'PPPGO', 'PROabc', 'UPP3S', 'UPPDC1', 'UREAt']",[],HEMEti,UPP3S,0.000518399945085102,1,24,0,10.0,0.00014298301566675832,iIT341,PSL,False,False,0.0,0.0,1.9509753493345,4.15687616239779e-06
21,"['CPPPGO', 'EX_pheme_e', 'ACS', 'EX_fe2_e', 'EX_glu__L_e', 'EX_h2co3_e', 'EX_pro__L_e', 'EX_urea_e', 'FCLT', 'FE2abc', 'GLUTRR', 'GLUTRS', 'G1SAT', 'GLUt2r', 'H2CO3TP', 'HEMEti', 'HMBS', 'PPBNGS', 'P5CD', 'PPPGO', 'PROabc', 'UPP3S', 'UPPDC1', 'UREAt']","[3.9490226999999996e-06, 3.949031235350731e-06, -3.826134077997145e-06, -3.949040547013283e-06, -1.734313354595507e-05, 1.6953679732978344e-05, -1.2243632227182388e-05, 8.314817941501573e-06, 3.9490226999999996e-06, 3.9490226999999996e-06, 3.1592181599999996e-05, 3.1592181599999996e-05, 3.1592181599999996e-05, 1.734308898448944e-05, -1.6953679732978344e-05, -3.949031235763059e-06, 3.9490226999999996e-06, 1.5796090799999998e-05, 1.254247035831213e-05, 3.9490226999999996e-06, 1.2243632227182388e-05, 3.9490226999999996e-06, 3.9490226999999996e-06, -8.314847946166992e-06]","[3.9490226999999996e-06, 3.949031235350731e-06, 3.826134077997145e-06, 3.949040547013283e-06, 1.734313354595507e-05, 1.6953679732978344e-05, 1.2243632227182388e-05, 8.314817941501573e-06, 3.9490226999999996e-06, 3.9490226999999996e-06, 3.1592181599999996e-05, 3.1592181599999996e-05, 3.1592181599999996e-05, 1.734308898448944e-05, 1.6953679732978344e-05, 3.949031235763059e-06, 3.9490226999999996e-06, 1.5796090799999998e-05, 1.254247035831213e-05, 3.9490226999999996e-06, 1.2243632227182388e-05, 3.9490226999999996e-06, 3.9490226999999996e-06, 8.314847946166992e-06]","['EX_pheme_e', 'ACS', 'EX_glu__L_e', 'EX_pro__L_e', 'GLUt2r', 'HEMEti']","['CPPPGO', 'EX_fe2_e', 'EX_h2co3_e', 'EX_urea_e', 'FCLT', 'FE2abc', 'GLUTRR', 'GLUTRS', 'G1SAT', 'H2CO3TP', 'HMBS', 'PPBNGS', 'P5CD', 'PPPGO', 'PROabc', 'UPP3S', 'UPPDC1', 'UREAt']",[],HEMEti,UPPDC1,0.000518399945085102,1,24,0,10.0,0.00014298301566675832,iIT341,PSL,False,False,0.0,0.0,1.9509753493345,0.0
22,"['DAAD', 'AKGt2r', 'AKO', 'EX_h_e', 'EX_lac__L_e', 'FADOX', 'EDA', 'EDD', 'FRD5', 'FUM', 'G6PDH1', 'GND', 'EX_akg_e', 'L_LACt2r', 'LacR', 'ME1', 'PGI', 'PGL', 'LDH_D1', 'TALA', 'TKT1', 'TKT2', 'RPE', 'RPI']","[-0.3058846286081085, 0.5790749938460067, 0.5790749938335984, -0.4014307946199551, 0.22487371992822958, 0.2731903652254697, 0.17691944951210126, 0.17691944951210126, -0.5790749938460067, 0.5790749938460067, -0.35383889902424026, -0.5307583485363415, -0.5790749938336183, -0.22487371996976435, -0.22487371996976435, 0.5790749938460067, 0.35383889894001186, -0.35383889902424026, -0.22487371996976435, -0.17691944947000593, -0.17691944958642125, -0.17691944947000593, -0.3538388990564272, 0.17691944947000593]","[0.3058846286081085, 0.5790749938460067, 0.5790749938335984, 0.4014307946199551, 0.22487371992822958, 0.2731903652254697, 0.17691944951210126, 0.17691944951210126, 0.5790749938460067, 0.5790749938460067, 0.35383889902424026, 0.5307583485363415, 0.5790749938336183, 0.22487371996976435, 0.22487371996976435, 0.5790749938460067, 0.35383889894001186, 0.35383889902424026, 0.22487371996976435, 0.17691944947000593, 0.17691944958642125, 0.17691944947000593, 0.3538388990564272, 0.17691944947000593]","['AKO', 'EDA', 'EDD']","['DAAD', 'AKGt2r', 'G6PDH1', 'GND', 'EX_akg_e', 'ME1']","['EX_h_e', 'EX_lac__L_e', 'FADOX', 'FRD5', 'FUM', 'L_LACt2r', 'LacR', 'PGI', 'PGL', 'LDH_D1', 'TALA', 'TKT1', 'TKT2', 'RPE', 'RPI']",ME1,AKO,12.738743927194669,1,24,15,4.0,0.964158657025126,iIT341,PSL,True,False,-16.0101023556199,0.0,0.0,0.375013968475656
23,"['AKGt2r', 'AKO', 'ALAt2r', 'EX_h_e', 'EX_lac__L_e', 'CCP', 'CO2t', 'FADOX', 'EDA', 'EDD', 'FRD5', 'FUM', 'G6PDH1', 'G6PDH2r', 'GND', 'EX_akg_e', 'L_LACt2r', 'LacR', 'EX_ala__L_e', 'EX_co2_e', 'ME1', 'PGI', 'PGL', 'LDH_D1', 'TALA', 'TKT1', 'TKT2', 'RPE', 'RPI']","[0.5790749938460067, 0.5790749938336011, -0.4914294232842087, -0.4141627262579277, 0.25123488628439894, 0.00022049200156118443, -0.6673820405267179, 0.5790749938336011, 0.16358931573501428, 0.16358931573501428, -0.5790749938460067, 0.5790749938460067, -0.08764557054610525, -0.23953306092395815, -0.4907679472050777, -0.5790749938335921, -0.2512348862364888, -0.2512348862364888, 0.4914294232842087, 0.6673820405267179, 0.5790749938460067, 0.32717863155994564, -0.32717863147006343, -0.2512348862364888, -0.16358931572176516, -0.16358931572176516, -0.16358931572176516, -0.3271786314435303, 0.16358931572176516]","[0.5790749938460067, 0.5790749938336011, 0.4914294232842087, 0.4141627262579277, 0.25123488628439894, 0.00022049200156118443, 0.6673820405267179, 0.5790749938336011, 0.16358931573501428, 0.16358931573501428, 0.5790749938460067, 0.5790749938460067, 0.08764557054610525, 0.23953306092395815, 0.4907679472050777, 0.5790749938335921, 0.2512348862364888, 0.2512348862364888, 0.4914294232842087, 0.6673820405267179, 0.5790749938460067, 0.32717863155994564, 0.32717863147006343, 0.2512348862364888, 0.16358931572176516, 0.16358931572176516, 0.16358931572176516, 0.3271786314435303, 0.16358931572176516]","['AKGt2r', 'G6PDH1', 'GND', 'EX_akg_e', 'ME1']","['AKO', 'CCP', 'FADOX', 'EDA', 'EDD']","['ALAt2r', 'EX_h_e', 'EX_lac__L_e', 'CO2t', 'FRD5', 'FUM', 'G6PDH2r', 'L_LACt2r', 'LacR', 'EX_ala__L_e', 'EX_co2_e', 'PGI', 'PGL', 'LDH_D1', 'TALA', 'TKT1', 'TKT2', 'RPE', 'RPI']",ME1,FADOX,13.217062296490823,1,29,19,3.0,0.3243122351581016,iIT341,PSL,True,False,-16.0101023556199,0.0,0.0,24.0458318570818
24,"['ACOATA', 'KAS14', 'KAS15']","[0.2201399045297876, 0.2201399045008, -0.2201399045008]","[0.2201399045297876, 0.2201399045008, 0.2201399045008]",['KAS15'],"['ACOATA', 'KAS14']",[],KAS15,ACOATA,0.6604197135024,1,3,0,1.0,0.2201399045297876,iIT341,PSL,False,False,0.0,0.0,2.28171648242181e-12,0.0
25,"['ACOATA', 'KAS14', 'KAS15']","[0.2201399045297876, 0.2201399045008, -0.2201399045008]","[0.2201399045297876, 0.2201399045008, 0.2201399045008]",['KAS15'],"['ACOATA', 'KAS14']",[],KAS15,KAS14,0.6604197135024,1,3,0,1.0,0.2201399045297876,iIT341,PSL,False,False,0.0,0.0,2.28171648242181e-12,0.0346406346736714
26,"['CS', 'CTPS1', 'CYSS', 'CYTK1', 'ADMDC', 'EX_pime_e', 'ADPT', 'ADSL1r', 'ADSL2r', 'ADSS', 'DAPDC', 'EX_pheme_e', 'DAPE', 'EX_pi_e', 'DASYN_HP', 'DB4PS', 'AGMHE', 'DBTS', 'AGMT', 'AHCYSNS', 'A5PISO', 'AICART', 'AIRC2', 'AIRC3', 'AKO', 'ALAALAr', 'ALAD_L', 'ALAt2r', 'ACCOAC', 'ACKr', 'AMAOTr', 'ACONT', 'DDPA', 'DHDPRy', 'DHDPS', 'DHFR', 'ACt2r', 'ADCL', 'DHFS', 'AMMQT6', 'ANPRT', 'ANS2', 'ADD', 'ADK1', 'DHNAOT2', 'DHNPA', 'AOXSr', 'APRAUR', 'DHORD3', 'ARGDC', 'ARGN', 'EX_for_e', 'ARGSL', 'ARGSS', 'DHORTS', 'ARGt2r', 'DHPPDA', 'ASAD', 'DHPS', 'ASNS2', 'DHPTDCs', 'DHQTi', 'ASP1DC', 'ASPCT', 'ASPK', 'EX_h2o_e', 'EX_h_e', 'EX_his__L_e', 'EX_hxan_e', 'EX_ile__L_e', 'ASPO2', 'ASPTA', 'DHQS', 'ATPS4r', 'EX_leu__L_e', 'DKMPPD', 'EX_met__L_e', 'DMATT', 'EX_nh4_e', 'BTS2', 'BIOMASS_HP_published', 'C140SN', 'C160SN', 'DMPPS', 'C180SN', 'C181SN', 'C190cSN', 'CAT', 'DM_hmfurn_c', 'CBPS', 'CDPMEK', 'DNMPPA', 'CHCOAL', 'CHORM', 'EX_thm_e', 'CHORS', 'DNTPPA', 'CLPNS_HP', 'DPCOAK', 'DPR', 'EX_urea_e', 'CO2t', 'EX_val__L_e', 'FADOX', 'DTMPK', 'GARFT', 'FBA', 'GART', 'GCALDD', 'FBP', 'GF6PTA', 'DXPRIi', 'GFUCS', 'GHMT2r', 'GK1', 'DXPS', 'GLNS', 'FMNRx2', 'FMNAT', 'ENO', 'PIt2r', 'FORt', 'GLUDy', 'GLUPRT', 'GLUR', 'FRD5', 'FRDO', 'FUM', 'G1PACT', 'EX_ac_e', 'G3PD1ir', 'G3PD2', 'GLYCTO1', 'GLYK', 'G5SADs', 'GMAND', 'GMHEPAT', 'GMHEPK', 'GALUi', 'GMHEPPA', 'GMPS2', 'GAPD', 'LPSSYN_HP', 'GRTT', 'GTPCI', 'GTPCII', 'EX_ala__L_e', 'MALS', 'EX_arg__L_e', 'H2Ot', 'MAN1PT2', 'MAN6PI', 'MCOATA', 'MDH4', 'HEMEti', 'MDRPD', 'EX_co2_e', 'ME1', 'HISabc', 'MECDPDH', 'MECDPS', 'MEPCT', 'METAT', 'METabc', 'MOAT_HP', 'HSDy', 'HSK', 'MOHMT', 'MTAN', 'MTHFC', 'PGCD', 'MTHFD', 'MTHFR2', 'HYXNt', 'ICDHyr', 'ICHORS', 'MTRI', 'MTRK', 'PGI', 'NADK', 'IGPS', 'ILEabc', 'IMPC', 'NADS1', 'PGK', 'PMANM', 'IMPD', 'IPDPS', 'PGM', 'NDH_1', 'NDPK1', 'PGMT', 'NDPK2', 'KAS15', 'KAS_HP', 'NDPK3', 'KAS_HP2', 'NDPK4', 'PGPP_HP', 'NDPK5', 'KDOCT2', 'KDOPP', 'KDOPS', 'NDPK7', 'NDPK8', 'PGSA_HP', 'NH4t', 'LEUabc', 'LPADSS_HP', 'NNATr', 'NNDPR', 'SHKK', 'NPHS', 'PHETA1', 'PIMEtr', 'OCBT', 'SHSL2r', 'PMDPHT', 'OCTDPS', 'PNTK', 'OMPDC', 'PPA', 'OOR3r', 'ORNTA', 'SHSL4r', 'PPCDC', 'SPMS', 'ORPT', 'OXGDC2', 'SUCBZL', 'P5CR', 'PABB', 'PANTS', 'SUCBZS', 'PAPPT3', 'PASYN_HP', 'PDH2', 'TALA', 'THDPS', 'PGAMT', 'PPNCL2', 'PPND', 'THMabc', 'PPNDH', 'THRD_L', 'THRS', 'PPS', 'TKT1', 'PPTGS', 'TKT2', 'PRAGSr', 'TMDSf', 'TPI', 'PRAIS', 'TRDR', 'PRAIi', 'TRPS1', 'PRASCSi', 'TYRTA', 'PRFGS', 'U23GAAT_HP', 'U2GAAT', 'U2GAAT2', 'UAAGDS', 'UAGAAT_HP', 'UAGCVT', 'UAGDP', 'UAGDP2', 'UAGPT3', 'UAMAGS', 'UAMAS', 'UAPGR', 'UDCPDP', 'PRPPS', 'UDPG4E', 'UGMDDS', 'PSCVT', 'UHGADA_HP', 'UMPK', 'UNK2', 'PSD_HP', 'PSERT', 'PSP_L', 'PSSA_HP', 'UREAt', 'PTAr', 'PTPATi', 'URIDK2r', 'USHD_HP', 'VALTA', 'VALabc', 'SK_ahcys_c', 'DM_amob_c', 'PUTA3', 'QULNS', 'RBFK', 'RBFSa', 'RBFSb', 'RFAC_HP', 'RFA_HP', 'RHCCE', 'RNDR1', 'RNDR2', 'RNDR3', 'RNDR4', 'RPE', 'RPI', 'S7PI', 'SDPDS', 'SDPTA', 'SERAT', 'SHCHCS2', 'SHK3Dr']","[3.161111349442902, -0.05932397796999997, -0.03411520569325045, -0.062279597295170665, -0.00274285235, 2.3510162999999994e-06, -0.04297817805090108, -0.09688652448842938, -0.20597759916892935, -0.09688652448842938, -0.1277385523, 2.3510162999999994e-06, -0.13855322728000002, 0.3630842961590952, -0.058946248017800004, -7.836720999999935e-06, -0.00658284564, -2.3510162999999994e-06, -0.016457114100000003, -0.03411520569325045, -0.00329142282, -0.20597759916892935, -0.20597759916892935, 0.20597759916892935, 2.851941625006556, -0.010814674980000001, -7.652546997441844, -7.854577664821845, -0.9272815796692, 7.504090394789021, -2.3510162999999994e-06, 3.161111349442902, -0.16104696756630252, -0.13855322728000002, -0.13855322728000002, -0.019591802499999977, 7.541497023302271, -0.019591802499999977, -0.019591802499999977, -2.351016302526432e-06, -0.0211591467, -0.0211591467, 0.00612012000765063, 0.3813560566529386, -2.351016302526432e-06, -0.019591802499999977, -2.3510162999999994e-06, -3.918360499999968e-06, -0.12346753935499999, -0.016457114100000003, 2.391665805655143, -0.015124120600620128, 3.148002356822344, 3.148002356822344, 0.12346753935499999, -0.882899595317201, -3.918360499999968e-06, 0.19887050963674952, -0.019591802499999977, -0.08973045545, -0.03411520569325045, -0.16104696756630252, -2.311832695044841e-05, -0.12346753935499999, -0.19887050963674952, 6.470637030055002, 4.529808272144027, 0.0352652445, 0.00612012000765063, 0.1081467498, -0.0010697124164886218, -2.3422464425297966, -0.16104696756630252, -6.165837906766683, 0.1677058294, -0.00274285235, 0.11615901335040255, -2.351016302526432e-06, -12.510737887878356, -2.3510162999999994e-06, -0.39183605, -0.0622376708378, -0.00658284564, -2.351016302526432e-06, -0.00329142282, -0.058946248017800004, -0.058946248017800004, -0.009780168811352779, -0.03411520569325045, 3.024534817467344, -1.8808130420211455e-05, -0.019591802499999977, -2.3510162999999994e-06, -0.12029366735, 2.3510162999999994e-06, -0.16104696756630252, -0.019591802499999977, -0.010934968647350001, -2.311832695044841e-05, -2.311832695044841e-05, 2.3752086915551436, 2.8373751413309947, 0.15754121042695046, 2.851941625006556, -0.009678350434999998, -0.1987553098380495, 0.40213088915364686, -0.007222289330879849, -0.019591802499999977, -0.40213088915364686, -0.034795041240000005, -1.8808130420211455e-05, -0.009874268460000002, -0.4340261802689293, -0.10909107468049997, -1.8808130420211455e-05, 2.367991638358985, 5.476870680311668, -3.9183605e-06, 1.6964021621496101, -0.3630842961590952, 0.015124120600620128, -2.687190548761167, -0.20597759916892935, 0.010814674980000001, -2.713388397726556, -0.13855440278815, 5.558526630891541, -0.03150361842, -7.541497023302271, -7.9566619830554135, -7.880372679628564, -0.019591802499995384, -0.010934968647350001, -0.08228557044640183, -0.009874268460000002, -0.01316569128, -0.01316569128, -0.02092404507, -0.01316569128, -0.10909107468049997, 1.0961070152760302, -0.00329142282, -2.351016302526432e-06, -0.019591802499999977, -3.918360499999968e-06, 7.854577664821845, -0.019591802499999034, 0.882899595317201, -6.470637030055002, -0.009874268460000002, 0.009874268460000002, -0.9272815796692, 5.503357791972699, -2.3510162999999994e-06, -0.00274285235, -2.8373751413309947, 0.03557703641884291, -0.0352652445, -1.8808130420211455e-05, -1.8808130420211455e-05, -1.8808130420211455e-05, -0.06169380240040253, -0.11615901335040255, -0.00329142282, 0.06031728235674953, -0.060317282356749546, -2.311832695044841e-05, -0.00274285235, -0.4047329090069789, -0.6002951468735797, -0.4047329090069789, -0.019591802499999998, -0.00612012000765063, 3.161111349442902, -2.351016302526432e-06, -0.00274285235, -0.00274285235, 0.02092404507, -0.00020767310649132397, -0.0211591467, -0.1081467498, 0.20597759916892935, -0.0010697124164886218, -1.0961070152760302, 0.009874268460000002, -0.10909107468049997, -1.6457114117685023e-05, -1.6964021621496101, -10.920048373518949, -0.19602496349892937, 0.02092404507, -0.16833276707999997, -0.1310581873156, -0.00329142282, -0.05232696162517066, -0.00658284564, -0.009678350434999998, -0.028278024056400005, -0.009952635669999998, -0.00329142282, -0.00329142282, -0.00329142282, -0.009952635669999998, -0.009678350434999998, -0.028278024056400005, 12.510737887878356, -0.1677058294, -0.00329142282, -0.0010697124164886218, -0.0010697124164886218, -0.16104696756630252, -2.351016302526432e-06, 0.06896314479999999, -2.3510162999999994e-06, 3.148002356822344, 0.03411520569325045, -3.918360499999968e-06, -2.351016302526432e-06, -2.311832695044841e-05, -0.12346753935499999, 2.0537429791340513, -0.13855440278815, -0.7563365511672007, -0.03411520569325045, -2.311832695044841e-05, -0.00274285235, 0.12346753935499999, -2.351016302526432e-06, -2.351016302526432e-06, -0.08228557044640183, -0.019591802499999977, -2.311832695044841e-05, -2.351016302526432e-06, -0.010814674980000001, -0.058946248017800004, -5.486549030746668, 0.08774528340867216, -0.13855322728000002, 0.034795041240000005, -2.311832695044841e-05, -0.05133052254999999, -2.3510162999999994e-06, -0.06896314479999999, 0.03411520569325045, -0.060317282356749546, -2.032602195082215, 0.07457959212867216, -0.010814674980000001, 0.2487922509749747, -0.20597759916892935, -0.009678350434999998, 0.47948990499698535, -0.20597759916892935, -0.03926197220999999, -0.0211591467, -0.0211591467, -0.20597759916892935, 0.05133052254999999, -0.20597759916892935, -0.00329142282, -0.00329142282, -0.00329142282, -0.010814674980000001, -0.00329142282, -0.010814674980000001, -0.03150361842, -0.00329142282, -0.010814674980000001, -0.010814674980000001, -0.010814674980000001, -0.010814674980000001, -0.010814674980000001, -0.39465217569131905, -0.009874268460000002, -0.010814674980000001, -0.16104696756630252, -0.00329142282, -0.13757363715499998, -0.00274285235, -0.029346169128699997, -0.6002951468735797, -0.6002951468735797, -0.030668223961399996, -2.3752086915551436, -7.504090394789021, -2.311832695044841e-05, 0.009678350434999998, -0.00329142282, -2.3118326950455348e-05, -0.15754121042695046, -0.02483339334085208, -2.3510162999999994e-06, -0.6740509807207988, -0.0010697124164886218, -3.918360499999968e-06, -7.836720999999935e-06, -3.918360499999968e-06, -0.00329142282, -0.00329142282, -0.03411520569325045, -0.009678350434999998, -0.009952635669999998, -0.009952635669999998, -0.009678350434999998, 0.32337184310364686, 0.3200725835626469, -0.01316569128, -0.13855322728000002, 0.13855322728000002, -0.03411520569325045, -2.351016302526432e-06, -0.16104696756630252]","[3.161111349442902, 0.05932397796999997, 0.03411520569325045, 0.062279597295170665, 0.00274285235, 2.3510162999999994e-06, 0.04297817805090108, 0.09688652448842938, 0.20597759916892935, 0.09688652448842938, 0.1277385523, 2.3510162999999994e-06, 0.13855322728000002, 0.3630842961590952, 0.058946248017800004, 7.836720999999935e-06, 0.00658284564, 2.3510162999999994e-06, 0.016457114100000003, 0.03411520569325045, 0.00329142282, 0.20597759916892935, 0.20597759916892935, 0.20597759916892935, 2.851941625006556, 0.010814674980000001, 7.652546997441844, 7.854577664821845, 0.9272815796692, 7.504090394789021, 2.3510162999999994e-06, 3.161111349442902, 0.16104696756630252, 0.13855322728000002, 0.13855322728000002, 0.019591802499999977, 7.541497023302271, 0.019591802499999977, 0.019591802499999977, 2.351016302526432e-06, 0.0211591467, 0.0211591467, 0.00612012000765063, 0.3813560566529386, 2.351016302526432e-06, 0.019591802499999977, 2.3510162999999994e-06, 3.918360499999968e-06, 0.12346753935499999, 0.016457114100000003, 2.391665805655143, 0.015124120600620128, 3.148002356822344, 3.148002356822344, 0.12346753935499999, 0.882899595317201, 3.918360499999968e-06, 0.19887050963674952, 0.019591802499999977, 0.08973045545, 0.03411520569325045, 0.16104696756630252, 2.311832695044841e-05, 0.12346753935499999, 0.19887050963674952, 6.470637030055002, 4.529808272144027, 0.0352652445, 0.00612012000765063, 0.1081467498, 0.0010697124164886218, 2.3422464425297966, 0.16104696756630252, 6.165837906766683, 0.1677058294, 0.00274285235, 0.11615901335040255, 2.351016302526432e-06, 12.510737887878356, 2.3510162999999994e-06, 0.39183605, 0.0622376708378, 0.00658284564, 2.351016302526432e-06, 0.00329142282, 0.058946248017800004, 0.058946248017800004, 0.009780168811352779, 0.03411520569325045, 3.024534817467344, 1.8808130420211455e-05, 0.019591802499999977, 2.3510162999999994e-06, 0.12029366735, 2.3510162999999994e-06, 0.16104696756630252, 0.019591802499999977, 0.010934968647350001, 2.311832695044841e-05, 2.311832695044841e-05, 2.3752086915551436, 2.8373751413309947, 0.15754121042695046, 2.851941625006556, 0.009678350434999998, 0.1987553098380495, 0.40213088915364686, 0.007222289330879849, 0.019591802499999977, 0.40213088915364686, 0.034795041240000005, 1.8808130420211455e-05, 0.009874268460000002, 0.4340261802689293, 0.10909107468049997, 1.8808130420211455e-05, 2.367991638358985, 5.476870680311668, 3.9183605e-06, 1.6964021621496101, 0.3630842961590952, 0.015124120600620128, 2.687190548761167, 0.20597759916892935, 0.010814674980000001, 2.713388397726556, 0.13855440278815, 5.558526630891541, 0.03150361842, 7.541497023302271, 7.9566619830554135, 7.880372679628564, 0.019591802499995384, 0.010934968647350001, 0.08228557044640183, 0.009874268460000002, 0.01316569128, 0.01316569128, 0.02092404507, 0.01316569128, 0.10909107468049997, 1.0961070152760302, 0.00329142282, 2.351016302526432e-06, 0.019591802499999977, 3.918360499999968e-06, 7.854577664821845, 0.019591802499999034, 0.882899595317201, 6.470637030055002, 0.009874268460000002, 0.009874268460000002, 0.9272815796692, 5.503357791972699, 2.3510162999999994e-06, 0.00274285235, 2.8373751413309947, 0.03557703641884291, 0.0352652445, 1.8808130420211455e-05, 1.8808130420211455e-05, 1.8808130420211455e-05, 0.06169380240040253, 0.11615901335040255, 0.00329142282, 0.06031728235674953, 0.060317282356749546, 2.311832695044841e-05, 0.00274285235, 0.4047329090069789, 0.6002951468735797, 0.4047329090069789, 0.019591802499999998, 0.00612012000765063, 3.161111349442902, 2.351016302526432e-06, 0.00274285235, 0.00274285235, 0.02092404507, 0.00020767310649132397, 0.0211591467, 0.1081467498, 0.20597759916892935, 0.0010697124164886218, 1.0961070152760302, 0.009874268460000002, 0.10909107468049997, 1.6457114117685023e-05, 1.6964021621496101, 10.920048373518949, 0.19602496349892937, 0.02092404507, 0.16833276707999997, 0.1310581873156, 0.00329142282, 0.05232696162517066, 0.00658284564, 0.009678350434999998, 0.028278024056400005, 0.009952635669999998, 0.00329142282, 0.00329142282, 0.00329142282, 0.009952635669999998, 0.009678350434999998, 0.028278024056400005, 12.510737887878356, 0.1677058294, 0.00329142282, 0.0010697124164886218, 0.0010697124164886218, 0.16104696756630252, 2.351016302526432e-06, 0.06896314479999999, 2.3510162999999994e-06, 3.148002356822344, 0.03411520569325045, 3.918360499999968e-06, 2.351016302526432e-06, 2.311832695044841e-05, 0.12346753935499999, 2.0537429791340513, 0.13855440278815, 0.7563365511672007, 0.03411520569325045, 2.311832695044841e-05, 0.00274285235, 0.12346753935499999, 2.351016302526432e-06, 2.351016302526432e-06, 0.08228557044640183, 0.019591802499999977, 2.311832695044841e-05, 2.351016302526432e-06, 0.010814674980000001, 0.058946248017800004, 5.486549030746668, 0.08774528340867216, 0.13855322728000002, 0.034795041240000005, 2.311832695044841e-05, 0.05133052254999999, 2.3510162999999994e-06, 0.06896314479999999, 0.03411520569325045, 0.060317282356749546, 2.032602195082215, 0.07457959212867216, 0.010814674980000001, 0.2487922509749747, 0.20597759916892935, 0.009678350434999998, 0.47948990499698535, 0.20597759916892935, 0.03926197220999999, 0.0211591467, 0.0211591467, 0.20597759916892935, 0.05133052254999999, 0.20597759916892935, 0.00329142282, 0.00329142282, 0.00329142282, 0.010814674980000001, 0.00329142282, 0.010814674980000001, 0.03150361842, 0.00329142282, 0.010814674980000001, 0.010814674980000001, 0.010814674980000001, 0.010814674980000001, 0.010814674980000001, 0.39465217569131905, 0.009874268460000002, 0.010814674980000001, 0.16104696756630252, 0.00329142282, 0.13757363715499998, 0.00274285235, 0.029346169128699997, 0.6002951468735797, 0.6002951468735797, 0.030668223961399996, 2.3752086915551436, 7.504090394789021, 2.311832695044841e-05, 0.009678350434999998, 0.00329142282, 2.3118326950455348e-05, 0.15754121042695046, 0.02483339334085208, 2.3510162999999994e-06, 0.6740509807207988, 0.0010697124164886218, 3.918360499999968e-06, 7.836720999999935e-06, 3.918360499999968e-06, 0.00329142282, 0.00329142282, 0.03411520569325045, 0.009678350434999998, 0.009952635669999998, 0.009952635669999998, 0.009678350434999998, 0.32337184310364686, 0.3200725835626469, 0.01316569128, 0.13855322728000002, 0.13855322728000002, 0.03411520569325045, 2.351016302526432e-06, 0.16104696756630252]","['ALAt2r', 'EX_for_e', 'EX_nh4_e', 'FORt', 'EX_ala__L_e', 'NH4t', 'TRPS1', 'PUTA3']","['CS', 'ACONT', 'ADD', 'ARGSL', 'ARGSS', 'EX_h2o_e', 'EX_hxan_e', 'H2Ot', 'HYXNt', 'ICDHyr', 'OCBT', 'SHSL4r', 'THRD_L']","['CTPS1', 'CYSS', 'CYTK1', 'ADMDC', 'EX_pime_e', 'ADPT', 'ADSL1r', 'ADSL2r', 'ADSS', 'DAPDC', 'EX_pheme_e', 'DAPE', 'EX_pi_e', 'DASYN_HP', 'DB4PS', 'AGMHE', 'DBTS', 'AGMT', 'AHCYSNS', 'A5PISO', 'AICART', 'AIRC2', 'AIRC3', 'AKO', 'ALAALAr', 'ALAD_L', 'ACCOAC', 'ACKr', 'AMAOTr', 'DDPA', 'DHDPRy', 'DHDPS', 'DHFR', 'ACt2r', 'ADCL', 'DHFS', 'AMMQT6', 'ANPRT', 'ANS2', 'ADK1', 'DHNAOT2', 'DHNPA', 'AOXSr', 'APRAUR', 'DHORD3', 'ARGDC', 'ARGN', 'DHORTS', 'ARGt2r', 'DHPPDA', 'ASAD', 'DHPS', 'ASNS2', 'DHPTDCs', 'DHQTi', 'ASP1DC', 'ASPCT', 'ASPK', 'EX_h_e', 'EX_his__L_e', 'EX_ile__L_e', 'ASPO2', 'ASPTA', 'DHQS', 'ATPS4r', 'EX_leu__L_e', 'DKMPPD', 'EX_met__L_e', 'DMATT', 'BTS2', 'BIOMASS_HP_published', 'C140SN', 'C160SN', 'DMPPS', 'C180SN', 'C181SN', 'C190cSN', 'CAT', 'DM_hmfurn_c', 'CBPS', 'CDPMEK', 'DNMPPA', 'CHCOAL', 'CHORM', 'EX_thm_e', 'CHORS', 'DNTPPA', 'CLPNS_HP', 'DPCOAK', 'DPR', 'EX_urea_e', 'CO2t', 'EX_val__L_e', 'FADOX', 'DTMPK', 'GARFT', 'FBA', 'GART', 'GCALDD', 'FBP', 'GF6PTA', 'DXPRIi', 'GFUCS', 'GHMT2r', 'GK1', 'DXPS', 'GLNS', 'FMNRx2', 'FMNAT', 'ENO', 'PIt2r', 'GLUDy', 'GLUPRT', 'GLUR', 'FRD5', 'FRDO', 'FUM', 'G1PACT', 'EX_ac_e', 'G3PD1ir', 'G3PD2', 'GLYCTO1', 'GLYK', 'G5SADs', 'GMAND', 'GMHEPAT', 'GMHEPK', 'GALUi', 'GMHEPPA', 'GMPS2', 'GAPD', 'LPSSYN_HP', 'GRTT', 'GTPCI', 'GTPCII', 'MALS', 'EX_arg__L_e', 'MAN1PT2', 'MAN6PI', 'MCOATA', 'MDH4', 'HEMEti', 'MDRPD', 'EX_co2_e', 'ME1', 'HISabc', 'MECDPDH', 'MECDPS', 'MEPCT', 'METAT', 'METabc', 'MOAT_HP', 'HSDy', 'HSK', 'MOHMT', 'MTAN', 'MTHFC', 'PGCD', 'MTHFD', 'MTHFR2', 'ICHORS', 'MTRI', 'MTRK', 'PGI', 'NADK', 'IGPS', 'ILEabc', 'IMPC', 'NADS1', 'PGK', 'PMANM', 'IMPD', 'IPDPS', 'PGM', 'NDH_1', 'NDPK1', 'PGMT', 'NDPK2', 'KAS15', 'KAS_HP', 'NDPK3', 'KAS_HP2', 'NDPK4', 'PGPP_HP', 'NDPK5', 'KDOCT2', 'KDOPP', 'KDOPS', 'NDPK7', 'NDPK8', 'PGSA_HP', 'LEUabc', 'LPADSS_HP', 'NNATr', 'NNDPR', 'SHKK', 'NPHS', 'PHETA1', 'PIMEtr', 'SHSL2r', 'PMDPHT', 'OCTDPS', 'PNTK', 'OMPDC', 'PPA', 'OOR3r', 'ORNTA', 'PPCDC', 'SPMS', 'ORPT', 'OXGDC2', 'SUCBZL', 'P5CR', 'PABB', 'PANTS', 'SUCBZS', 'PAPPT3', 'PASYN_HP', 'PDH2', 'TALA', 'THDPS', 'PGAMT', 'PPNCL2', 'PPND', 'THMabc', 'PPNDH', 'THRS', 'PPS', 'TKT1', 'PPTGS', 'TKT2', 'PRAGSr', 'TMDSf', 'TPI', 'PRAIS', 'TRDR', 'PRAIi', 'PRASCSi', 'TYRTA', 'PRFGS', 'U23GAAT_HP', 'U2GAAT', 'U2GAAT2', 'UAAGDS', 'UAGAAT_HP', 'UAGCVT', 'UAGDP', 'UAGDP2', 'UAGPT3', 'UAMAGS', 'UAMAS', 'UAPGR', 'UDCPDP', 'PRPPS', 'UDPG4E', 'UGMDDS', 'PSCVT', 'UHGADA_HP', 'UMPK', 'UNK2', 'PSD_HP', 'PSERT', 'PSP_L', 'PSSA_HP', 'UREAt', 'PTAr', 'PTPATi', 'URIDK2r', 'USHD_HP', 'VALTA', 'VALabc', 'SK_ahcys_c', 'DM_amob_c', 'QULNS', 'RBFK', 'RBFSa', 'RBFSb', 'RFAC_HP', 'RFA_HP', 'RHCCE', 'RNDR1', 'RNDR2', 'RNDR3', 'RNDR4', 'RPE', 'RPI', 'S7PI', 'SDPDS', 'SDPTA', 'SERAT', 'SHCHCS2', 'SHK3Dr']",NH4t,ARGSL,236.43747793956393,1,313,292,183.0,12.469784568030928,iIT341,PSL,True,False,-44.6444747046001,0.0,12.6060614347419,0.0
27,"['CS', 'CTPS1', 'CYSS', 'CYTK1', 'ADMDC', 'EX_pime_e', 'ADPT', 'ADSL1r', 'ADSL2r', 'ADSS', 'DAPDC', 'EX_pheme_e', 'DAPE', 'EX_pi_e', 'DASYN_HP', 'DB4PS', 'AGMHE', 'DBTS', 'AGMT', 'AHCYSNS', 'A5PISO', 'AICART', 'AIRC2', 'AIRC3', 'AKO', 'ALAALAr', 'ALAD_L', 'ALAt2r', 'ACCOAC', 'ACKr', 'AMAOTr', 'ACONT', 'DDPA', 'DHDPRy', 'DHDPS', 'DHFR', 'ACt2r', 'ADCL', 'DHFS', 'AMMQT6', 'ANPRT', 'ANS2', 'ADD', 'ADK1', 'DHNAOT2', 'DHNPA', 'AOXSr', 'APRAUR', 'DHORD3', 'ARGDC', 'ARGN', 'EX_for_e', 'ARGSL', 'ARGSS', 'DHORTS', 'ARGt2r', 'DHPPDA', 'ASAD', 'DHPS', 'ASNS2', 'DHPTDCs', 'DHQTi', 'ASP1DC', 'ASPCT', 'ASPK', 'EX_h2o_e', 'EX_h_e', 'EX_his__L_e', 'EX_hxan_e', 'EX_ile__L_e', 'ASPO2', 'ASPTA', 'DHQS', 'ATPS4r', 'EX_leu__L_e', 'DKMPPD', 'EX_met__L_e', 'DMATT', 'EX_nh4_e', 'BTS2', 'BIOMASS_HP_published', 'C140SN', 'C160SN', 'DMPPS', 'C180SN', 'C181SN', 'C190cSN', 'CAT', 'DM_hmfurn_c', 'CBPS', 'CDPMEK', 'DNMPPA', 'CHCOAL', 'CHORM', 'EX_thm_e', 'CHORS', 'DNTPPA', 'CLPNS_HP', 'DPCOAK', 'DPR', 'EX_urea_e', 'CO2t', 'EX_val__L_e', 'FADOX', 'DTMPK', 'GARFT', 'FBA', 'GART', 'GCALDD', 'FBP', 'GF6PTA', 'DXPRIi', 'GFUCS', 'GHMT2r', 'GK1', 'DXPS', 'GLNS', 'FMNRx2', 'FMNAT', 'ENO', 'PIt2r', 'FORt', 'GLUDy', 'GLUPRT', 'GLUR', 'FRD5', 'FRDO', 'FUM', 'G1PACT', 'EX_ac_e', 'G3PD1ir', 'G3PD2', 'GLYCTO1', 'GLYK', 'G5SADs', 'GMAND', 'GMHEPAT', 'GMHEPK', 'GALUi', 'GMHEPPA', 'GMPS2', 'GAPD', 'LPSSYN_HP', 'GRTT', 'GTPCI', 'GTPCII', 'EX_ala__L_e', 'MALS', 'EX_arg__L_e', 'H2Ot', 'MAN1PT2', 'MAN6PI', 'MCOATA', 'MDH4', 'HEMEti', 'MDRPD', 'EX_co2_e', 'ME1', 'HISabc', 'MECDPDH', 'MECDPS', 'MEPCT', 'METAT', 'METabc', 'MOAT_HP', 'HSDy', 'HSK', 'MOHMT', 'MTAN', 'MTHFC', 'PGCD', 'MTHFD', 'MTHFR2', 'HYXNt', 'ICDHyr', 'ICHORS', 'MTRI', 'MTRK', 'PGI', 'NADK', 'IGPS', 'ILEabc', 'IMPC', 'NADS1', 'PGK', 'PMANM', 'IMPD', 'IPDPS', 'PGM', 'NDH_1', 'NDPK1', 'PGMT', 'NDPK2', 'KAS15', 'KAS_HP', 'NDPK3', 'KAS_HP2', 'NDPK4', 'PGPP_HP', 'NDPK5', 'KDOCT2', 'KDOPP', 'KDOPS', 'NDPK7', 'NDPK8', 'PGSA_HP', 'NH4t', 'LEUabc', 'LPADSS_HP', 'NNATr', 'NNDPR', 'SHKK', 'NPHS', 'PHETA1', 'PIMEtr', 'OCBT', 'SHSL2r', 'PMDPHT', 'OCTDPS', 'PNTK', 'OMPDC', 'PPA', 'OOR3r', 'ORNTA', 'SHSL4r', 'PPCDC', 'SPMS', 'ORPT', 'OXGDC2', 'SUCBZL', 'P5CR', 'PABB', 'PANTS', 'SUCBZS', 'PAPPT3', 'PASYN_HP', 'PDH2', 'TALA', 'THDPS', 'PGAMT', 'PPNCL2', 'PPND', 'THMabc', 'PPNDH', 'THRD_L', 'THRS', 'PPS', 'TKT1', 'PPTGS', 'TKT2', 'PRAGSr', 'TMDSf', 'TPI', 'PRAIS', 'TRDR', 'PRAIi', 'TRPS1', 'PRASCSi', 'TYRTA', 'PRFGS', 'U23GAAT_HP', 'U2GAAT', 'U2GAAT2', 'UAAGDS', 'UAGAAT_HP', 'UAGCVT', 'UAGDP', 'UAGDP2', 'UAGPT3', 'UAMAGS', 'UAMAS', 'UAPGR', 'UDCPDP', 'PRPPS', 'UDPG4E', 'UGMDDS', 'PSCVT', 'UHGADA_HP', 'UMPK', 'UNK2', 'PSD_HP', 'PSERT', 'PSP_L', 'PSSA_HP', 'UREAt', 'PTAr', 'PTPATi', 'URIDK2r', 'USHD_HP', 'VALTA', 'VALabc', 'SK_ahcys_c', 'DM_amob_c', 'PUTA3', 'QULNS', 'RBFK', 'RBFSa', 'RBFSb', 'RFAC_HP', 'RFA_HP', 'RHCCE', 'RNDR1', 'RNDR2', 'RNDR3', 'RNDR4', 'RPE', 'RPI', 'S7PI', 'SDPDS', 'SDPTA', 'SERAT', 'SHCHCS2', 'SHK3Dr']","[3.161111349442902, -0.05932397796999997, -0.03411520569325045, -0.062279597295170665, -0.00274285235, 2.3510162999999994e-06, -0.04297817805090108, -0.09688652448842938, -0.20597759916892935, -0.09688652448842938, -0.1277385523, 2.3510162999999994e-06, -0.13855322728000002, 0.3630842961590952, -0.058946248017800004, -7.836720999999935e-06, -0.00658284564, -2.3510162999999994e-06, -0.016457114100000003, -0.03411520569325045, -0.00329142282, -0.20597759916892935, -0.20597759916892935, 0.20597759916892935, 2.851941625006556, -0.010814674980000001, -7.652546997441844, -7.854577664821845, -0.9272815796692, 7.504090394789021, -2.3510162999999994e-06, 3.161111349442902, -0.16104696756630252, -0.13855322728000002, -0.13855322728000002, -0.019591802499999977, 7.541497023302271, -0.019591802499999977, -0.019591802499999977, -2.351016302526432e-06, -0.0211591467, -0.0211591467, 0.00612012000765063, 0.3813560566529386, -2.351016302526432e-06, -0.019591802499999977, -2.3510162999999994e-06, -3.918360499999968e-06, -0.12346753935499999, -0.016457114100000003, 2.391665805655143, -0.015124120600620128, 3.148002356822344, 3.148002356822344, 0.12346753935499999, -0.882899595317201, -3.918360499999968e-06, 0.19887050963674952, -0.019591802499999977, -0.08973045545, -0.03411520569325045, -0.16104696756630252, -2.311832695044841e-05, -0.12346753935499999, -0.19887050963674952, 6.470637030055002, 4.529808272144027, 0.0352652445, 0.00612012000765063, 0.1081467498, -0.0010697124164886218, -2.3422464425297966, -0.16104696756630252, -6.165837906766683, 0.1677058294, -0.00274285235, 0.11615901335040255, -2.351016302526432e-06, -12.510737887878356, -2.3510162999999994e-06, -0.39183605, -0.0622376708378, -0.00658284564, -2.351016302526432e-06, -0.00329142282, -0.058946248017800004, -0.058946248017800004, -0.009780168811352779, -0.03411520569325045, 3.024534817467344, -1.8808130420211455e-05, -0.019591802499999977, -2.3510162999999994e-06, -0.12029366735, 2.3510162999999994e-06, -0.16104696756630252, -0.019591802499999977, -0.010934968647350001, -2.311832695044841e-05, -2.311832695044841e-05, 2.3752086915551436, 2.8373751413309947, 0.15754121042695046, 2.851941625006556, -0.009678350434999998, -0.1987553098380495, 0.40213088915364686, -0.007222289330879849, -0.019591802499999977, -0.40213088915364686, -0.034795041240000005, -1.8808130420211455e-05, -0.009874268460000002, -0.4340261802689293, -0.10909107468049997, -1.8808130420211455e-05, 2.367991638358985, 5.476870680311668, -3.9183605e-06, 1.6964021621496101, -0.3630842961590952, 0.015124120600620128, -2.687190548761167, -0.20597759916892935, 0.010814674980000001, -2.713388397726556, -0.13855440278815, 5.558526630891541, -0.03150361842, -7.541497023302271, -7.9566619830554135, -7.880372679628564, -0.019591802499995384, -0.010934968647350001, -0.08228557044640183, -0.009874268460000002, -0.01316569128, -0.01316569128, -0.02092404507, -0.01316569128, -0.10909107468049997, 1.0961070152760302, -0.00329142282, -2.351016302526432e-06, -0.019591802499999977, -3.918360499999968e-06, 7.854577664821845, -0.019591802499999034, 0.882899595317201, -6.470637030055002, -0.009874268460000002, 0.009874268460000002, -0.9272815796692, 5.503357791972699, -2.3510162999999994e-06, -0.00274285235, -2.8373751413309947, 0.03557703641884291, -0.0352652445, -1.8808130420211455e-05, -1.8808130420211455e-05, -1.8808130420211455e-05, -0.06169380240040253, -0.11615901335040255, -0.00329142282, 0.06031728235674953, -0.060317282356749546, -2.311832695044841e-05, -0.00274285235, -0.4047329090069789, -0.6002951468735797, -0.4047329090069789, -0.019591802499999998, -0.00612012000765063, 3.161111349442902, -2.351016302526432e-06, -0.00274285235, -0.00274285235, 0.02092404507, -0.00020767310649132397, -0.0211591467, -0.1081467498, 0.20597759916892935, -0.0010697124164886218, -1.0961070152760302, 0.009874268460000002, -0.10909107468049997, -1.6457114117685023e-05, -1.6964021621496101, -10.920048373518949, -0.19602496349892937, 0.02092404507, -0.16833276707999997, -0.1310581873156, -0.00329142282, -0.05232696162517066, -0.00658284564, -0.009678350434999998, -0.028278024056400005, -0.009952635669999998, -0.00329142282, -0.00329142282, -0.00329142282, -0.009952635669999998, -0.009678350434999998, -0.028278024056400005, 12.510737887878356, -0.1677058294, -0.00329142282, -0.0010697124164886218, -0.0010697124164886218, -0.16104696756630252, -2.351016302526432e-06, 0.06896314479999999, -2.3510162999999994e-06, 3.148002356822344, 0.03411520569325045, -3.918360499999968e-06, -2.351016302526432e-06, -2.311832695044841e-05, -0.12346753935499999, 2.0537429791340513, -0.13855440278815, -0.7563365511672007, -0.03411520569325045, -2.311832695044841e-05, -0.00274285235, 0.12346753935499999, -2.351016302526432e-06, -2.351016302526432e-06, -0.08228557044640183, -0.019591802499999977, -2.311832695044841e-05, -2.351016302526432e-06, -0.010814674980000001, -0.058946248017800004, -5.486549030746668, 0.08774528340867216, -0.13855322728000002, 0.034795041240000005, -2.311832695044841e-05, -0.05133052254999999, -2.3510162999999994e-06, -0.06896314479999999, 0.03411520569325045, -0.060317282356749546, -2.032602195082215, 0.07457959212867216, -0.010814674980000001, 0.2487922509749747, -0.20597759916892935, -0.009678350434999998, 0.47948990499698535, -0.20597759916892935, -0.03926197220999999, -0.0211591467, -0.0211591467, -0.20597759916892935, 0.05133052254999999, -0.20597759916892935, -0.00329142282, -0.00329142282, -0.00329142282, -0.010814674980000001, -0.00329142282, -0.010814674980000001, -0.03150361842, -0.00329142282, -0.010814674980000001, -0.010814674980000001, -0.010814674980000001, -0.010814674980000001, -0.010814674980000001, -0.39465217569131905, -0.009874268460000002, -0.010814674980000001, -0.16104696756630252, -0.00329142282, -0.13757363715499998, -0.00274285235, -0.029346169128699997, -0.6002951468735797, -0.6002951468735797, -0.030668223961399996, -2.3752086915551436, -7.504090394789021, -2.311832695044841e-05, 0.009678350434999998, -0.00329142282, -2.3118326950455348e-05, -0.15754121042695046, -0.02483339334085208, -2.3510162999999994e-06, -0.6740509807207988, -0.0010697124164886218, -3.918360499999968e-06, -7.836720999999935e-06, -3.918360499999968e-06, -0.00329142282, -0.00329142282, -0.03411520569325045, -0.009678350434999998, -0.009952635669999998, -0.009952635669999998, -0.009678350434999998, 0.32337184310364686, 0.3200725835626469, -0.01316569128, -0.13855322728000002, 0.13855322728000002, -0.03411520569325045, -2.351016302526432e-06, -0.16104696756630252]","[3.161111349442902, 0.05932397796999997, 0.03411520569325045, 0.062279597295170665, 0.00274285235, 2.3510162999999994e-06, 0.04297817805090108, 0.09688652448842938, 0.20597759916892935, 0.09688652448842938, 0.1277385523, 2.3510162999999994e-06, 0.13855322728000002, 0.3630842961590952, 0.058946248017800004, 7.836720999999935e-06, 0.00658284564, 2.3510162999999994e-06, 0.016457114100000003, 0.03411520569325045, 0.00329142282, 0.20597759916892935, 0.20597759916892935, 0.20597759916892935, 2.851941625006556, 0.010814674980000001, 7.652546997441844, 7.854577664821845, 0.9272815796692, 7.504090394789021, 2.3510162999999994e-06, 3.161111349442902, 0.16104696756630252, 0.13855322728000002, 0.13855322728000002, 0.019591802499999977, 7.541497023302271, 0.019591802499999977, 0.019591802499999977, 2.351016302526432e-06, 0.0211591467, 0.0211591467, 0.00612012000765063, 0.3813560566529386, 2.351016302526432e-06, 0.019591802499999977, 2.3510162999999994e-06, 3.918360499999968e-06, 0.12346753935499999, 0.016457114100000003, 2.391665805655143, 0.015124120600620128, 3.148002356822344, 3.148002356822344, 0.12346753935499999, 0.882899595317201, 3.918360499999968e-06, 0.19887050963674952, 0.019591802499999977, 0.08973045545, 0.03411520569325045, 0.16104696756630252, 2.311832695044841e-05, 0.12346753935499999, 0.19887050963674952, 6.470637030055002, 4.529808272144027, 0.0352652445, 0.00612012000765063, 0.1081467498, 0.0010697124164886218, 2.3422464425297966, 0.16104696756630252, 6.165837906766683, 0.1677058294, 0.00274285235, 0.11615901335040255, 2.351016302526432e-06, 12.510737887878356, 2.3510162999999994e-06, 0.39183605, 0.0622376708378, 0.00658284564, 2.351016302526432e-06, 0.00329142282, 0.058946248017800004, 0.058946248017800004, 0.009780168811352779, 0.03411520569325045, 3.024534817467344, 1.8808130420211455e-05, 0.019591802499999977, 2.3510162999999994e-06, 0.12029366735, 2.3510162999999994e-06, 0.16104696756630252, 0.019591802499999977, 0.010934968647350001, 2.311832695044841e-05, 2.311832695044841e-05, 2.3752086915551436, 2.8373751413309947, 0.15754121042695046, 2.851941625006556, 0.009678350434999998, 0.1987553098380495, 0.40213088915364686, 0.007222289330879849, 0.019591802499999977, 0.40213088915364686, 0.034795041240000005, 1.8808130420211455e-05, 0.009874268460000002, 0.4340261802689293, 0.10909107468049997, 1.8808130420211455e-05, 2.367991638358985, 5.476870680311668, 3.9183605e-06, 1.6964021621496101, 0.3630842961590952, 0.015124120600620128, 2.687190548761167, 0.20597759916892935, 0.010814674980000001, 2.713388397726556, 0.13855440278815, 5.558526630891541, 0.03150361842, 7.541497023302271, 7.9566619830554135, 7.880372679628564, 0.019591802499995384, 0.010934968647350001, 0.08228557044640183, 0.009874268460000002, 0.01316569128, 0.01316569128, 0.02092404507, 0.01316569128, 0.10909107468049997, 1.0961070152760302, 0.00329142282, 2.351016302526432e-06, 0.019591802499999977, 3.918360499999968e-06, 7.854577664821845, 0.019591802499999034, 0.882899595317201, 6.470637030055002, 0.009874268460000002, 0.009874268460000002, 0.9272815796692, 5.503357791972699, 2.3510162999999994e-06, 0.00274285235, 2.8373751413309947, 0.03557703641884291, 0.0352652445, 1.8808130420211455e-05, 1.8808130420211455e-05, 1.8808130420211455e-05, 0.06169380240040253, 0.11615901335040255, 0.00329142282, 0.06031728235674953, 0.060317282356749546, 2.311832695044841e-05, 0.00274285235, 0.4047329090069789, 0.6002951468735797, 0.4047329090069789, 0.019591802499999998, 0.00612012000765063, 3.161111349442902, 2.351016302526432e-06, 0.00274285235, 0.00274285235, 0.02092404507, 0.00020767310649132397, 0.0211591467, 0.1081467498, 0.20597759916892935, 0.0010697124164886218, 1.0961070152760302, 0.009874268460000002, 0.10909107468049997, 1.6457114117685023e-05, 1.6964021621496101, 10.920048373518949, 0.19602496349892937, 0.02092404507, 0.16833276707999997, 0.1310581873156, 0.00329142282, 0.05232696162517066, 0.00658284564, 0.009678350434999998, 0.028278024056400005, 0.009952635669999998, 0.00329142282, 0.00329142282, 0.00329142282, 0.009952635669999998, 0.009678350434999998, 0.028278024056400005, 12.510737887878356, 0.1677058294, 0.00329142282, 0.0010697124164886218, 0.0010697124164886218, 0.16104696756630252, 2.351016302526432e-06, 0.06896314479999999, 2.3510162999999994e-06, 3.148002356822344, 0.03411520569325045, 3.918360499999968e-06, 2.351016302526432e-06, 2.311832695044841e-05, 0.12346753935499999, 2.0537429791340513, 0.13855440278815, 0.7563365511672007, 0.03411520569325045, 2.311832695044841e-05, 0.00274285235, 0.12346753935499999, 2.351016302526432e-06, 2.351016302526432e-06, 0.08228557044640183, 0.019591802499999977, 2.311832695044841e-05, 2.351016302526432e-06, 0.010814674980000001, 0.058946248017800004, 5.486549030746668, 0.08774528340867216, 0.13855322728000002, 0.034795041240000005, 2.311832695044841e-05, 0.05133052254999999, 2.3510162999999994e-06, 0.06896314479999999, 0.03411520569325045, 0.060317282356749546, 2.032602195082215, 0.07457959212867216, 0.010814674980000001, 0.2487922509749747, 0.20597759916892935, 0.009678350434999998, 0.47948990499698535, 0.20597759916892935, 0.03926197220999999, 0.0211591467, 0.0211591467, 0.20597759916892935, 0.05133052254999999, 0.20597759916892935, 0.00329142282, 0.00329142282, 0.00329142282, 0.010814674980000001, 0.00329142282, 0.010814674980000001, 0.03150361842, 0.00329142282, 0.010814674980000001, 0.010814674980000001, 0.010814674980000001, 0.010814674980000001, 0.010814674980000001, 0.39465217569131905, 0.009874268460000002, 0.010814674980000001, 0.16104696756630252, 0.00329142282, 0.13757363715499998, 0.00274285235, 0.029346169128699997, 0.6002951468735797, 0.6002951468735797, 0.030668223961399996, 2.3752086915551436, 7.504090394789021, 2.311832695044841e-05, 0.009678350434999998, 0.00329142282, 2.3118326950455348e-05, 0.15754121042695046, 0.02483339334085208, 2.3510162999999994e-06, 0.6740509807207988, 0.0010697124164886218, 3.918360499999968e-06, 7.836720999999935e-06, 3.918360499999968e-06, 0.00329142282, 0.00329142282, 0.03411520569325045, 0.009678350434999998, 0.009952635669999998, 0.009952635669999998, 0.009678350434999998, 0.32337184310364686, 0.3200725835626469, 0.01316569128, 0.13855322728000002, 0.13855322728000002, 0.03411520569325045, 2.351016302526432e-06, 0.16104696756630252]","['ALAt2r', 'EX_for_e', 'EX_nh4_e', 'FORt', 'EX_ala__L_e', 'NH4t', 'TRPS1', 'PUTA3']","['CS', 'ACONT', 'ADD', 'ARGSL', 'ARGSS', 'EX_h2o_e', 'EX_hxan_e', 'H2Ot', 'HYXNt', 'ICDHyr', 'OCBT', 'SHSL4r', 'THRD_L']","['CTPS1', 'CYSS', 'CYTK1', 'ADMDC', 'EX_pime_e', 'ADPT', 'ADSL1r', 'ADSL2r', 'ADSS', 'DAPDC', 'EX_pheme_e', 'DAPE', 'EX_pi_e', 'DASYN_HP', 'DB4PS', 'AGMHE', 'DBTS', 'AGMT', 'AHCYSNS', 'A5PISO', 'AICART', 'AIRC2', 'AIRC3', 'AKO', 'ALAALAr', 'ALAD_L', 'ACCOAC', 'ACKr', 'AMAOTr', 'DDPA', 'DHDPRy', 'DHDPS', 'DHFR', 'ACt2r', 'ADCL', 'DHFS', 'AMMQT6', 'ANPRT', 'ANS2', 'ADK1', 'DHNAOT2', 'DHNPA', 'AOXSr', 'APRAUR', 'DHORD3', 'ARGDC', 'ARGN', 'DHORTS', 'ARGt2r', 'DHPPDA', 'ASAD', 'DHPS', 'ASNS2', 'DHPTDCs', 'DHQTi', 'ASP1DC', 'ASPCT', 'ASPK', 'EX_h_e', 'EX_his__L_e', 'EX_ile__L_e', 'ASPO2', 'ASPTA', 'DHQS', 'ATPS4r', 'EX_leu__L_e', 'DKMPPD', 'EX_met__L_e', 'DMATT', 'BTS2', 'BIOMASS_HP_published', 'C140SN', 'C160SN', 'DMPPS', 'C180SN', 'C181SN', 'C190cSN', 'CAT', 'DM_hmfurn_c', 'CBPS', 'CDPMEK', 'DNMPPA', 'CHCOAL', 'CHORM', 'EX_thm_e', 'CHORS', 'DNTPPA', 'CLPNS_HP', 'DPCOAK', 'DPR', 'EX_urea_e', 'CO2t', 'EX_val__L_e', 'FADOX', 'DTMPK', 'GARFT', 'FBA', 'GART', 'GCALDD', 'FBP', 'GF6PTA', 'DXPRIi', 'GFUCS', 'GHMT2r', 'GK1', 'DXPS', 'GLNS', 'FMNRx2', 'FMNAT', 'ENO', 'PIt2r', 'GLUDy', 'GLUPRT', 'GLUR', 'FRD5', 'FRDO', 'FUM', 'G1PACT', 'EX_ac_e', 'G3PD1ir', 'G3PD2', 'GLYCTO1', 'GLYK', 'G5SADs', 'GMAND', 'GMHEPAT', 'GMHEPK', 'GALUi', 'GMHEPPA', 'GMPS2', 'GAPD', 'LPSSYN_HP', 'GRTT', 'GTPCI', 'GTPCII', 'MALS', 'EX_arg__L_e', 'MAN1PT2', 'MAN6PI', 'MCOATA', 'MDH4', 'HEMEti', 'MDRPD', 'EX_co2_e', 'ME1', 'HISabc', 'MECDPDH', 'MECDPS', 'MEPCT', 'METAT', 'METabc', 'MOAT_HP', 'HSDy', 'HSK', 'MOHMT', 'MTAN', 'MTHFC', 'PGCD', 'MTHFD', 'MTHFR2', 'ICHORS', 'MTRI', 'MTRK', 'PGI', 'NADK', 'IGPS', 'ILEabc', 'IMPC', 'NADS1', 'PGK', 'PMANM', 'IMPD', 'IPDPS', 'PGM', 'NDH_1', 'NDPK1', 'PGMT', 'NDPK2', 'KAS15', 'KAS_HP', 'NDPK3', 'KAS_HP2', 'NDPK4', 'PGPP_HP', 'NDPK5', 'KDOCT2', 'KDOPP', 'KDOPS', 'NDPK7', 'NDPK8', 'PGSA_HP', 'LEUabc', 'LPADSS_HP', 'NNATr', 'NNDPR', 'SHKK', 'NPHS', 'PHETA1', 'PIMEtr', 'SHSL2r', 'PMDPHT', 'OCTDPS', 'PNTK', 'OMPDC', 'PPA', 'OOR3r', 'ORNTA', 'PPCDC', 'SPMS', 'ORPT', 'OXGDC2', 'SUCBZL', 'P5CR', 'PABB', 'PANTS', 'SUCBZS', 'PAPPT3', 'PASYN_HP', 'PDH2', 'TALA', 'THDPS', 'PGAMT', 'PPNCL2', 'PPND', 'THMabc', 'PPNDH', 'THRS', 'PPS', 'TKT1', 'PPTGS', 'TKT2', 'PRAGSr', 'TMDSf', 'TPI', 'PRAIS', 'TRDR', 'PRAIi', 'PRASCSi', 'TYRTA', 'PRFGS', 'U23GAAT_HP', 'U2GAAT', 'U2GAAT2', 'UAAGDS', 'UAGAAT_HP', 'UAGCVT', 'UAGDP', 'UAGDP2', 'UAGPT3', 'UAMAGS', 'UAMAS', 'UAPGR', 'UDCPDP', 'PRPPS', 'UDPG4E', 'UGMDDS', 'PSCVT', 'UHGADA_HP', 'UMPK', 'UNK2', 'PSD_HP', 'PSERT', 'PSP_L', 'PSSA_HP', 'UREAt', 'PTAr', 'PTPATi', 'URIDK2r', 'USHD_HP', 'VALTA', 'VALabc', 'SK_ahcys_c', 'DM_amob_c', 'QULNS', 'RBFK', 'RBFSa', 'RBFSb', 'RFAC_HP', 'RFA_HP', 'RHCCE', 'RNDR1', 'RNDR2', 'RNDR3', 'RNDR4', 'RPE', 'RPI', 'S7PI', 'SDPDS', 'SDPTA', 'SERAT', 'SHCHCS2', 'SHK3Dr']",NH4t,ARGSS,236.43747793956393,1,313,292,183.0,12.469784568030928,iIT341,PSL,True,False,-44.6444747046001,0.0,12.6060614347419,4.15687616084067e-06
28,"['CS', 'CTPS1', 'CYSS', 'CYTK1', 'ADMDC', 'EX_pime_e', 'ADPT', 'ADSL1r', 'ADSL2r', 'ADSS', 'DAPDC', 'EX_pheme_e', 'DAPE', 'EX_pi_e', 'DASYN_HP', 'DB4PS', 'AGMHE', 'DBTS', 'AGMT', 'AHCYSNS', 'A5PISO', 'AICART', 'AIRC2', 'AIRC3', 'AKO', 'ALAALAr', 'ALAD_L', 'ALAt2r', 'ACCOAC', 'ACKr', 'AMAOTr', 'ACONT', 'DDPA', 'DHDPRy', 'DHDPS', 'DHFR', 'ACt2r', 'ADCL', 'DHFS', 'AMMQT6', 'ANPRT', 'ANS2', 'ADD', 'ADK1', 'DHNAOT2', 'DHNPA', 'AOXSr', 'APRAUR', 'DHORD3', 'ARGDC', 'ARGN', 'EX_for_e', 'ARGSL', 'ARGSS', 'DHORTS', 'ARGt2r', 'DHPPDA', 'ASAD', 'DHPS', 'ASNS2', 'DHPTDCs', 'DHQTi', 'ASP1DC', 'ASPCT', 'ASPK', 'EX_h2o_e', 'EX_h_e', 'EX_his__L_e', 'EX_hxan_e', 'EX_ile__L_e', 'ASPO2', 'ASPTA', 'DHQS', 'ATPS4r', 'EX_leu__L_e', 'DKMPPD', 'EX_met__L_e', 'DMATT', 'EX_nh4_e', 'BTS2', 'BIOMASS_HP_published', 'C140SN', 'C160SN', 'DMPPS', 'C180SN', 'C181SN', 'C190cSN', 'CAT', 'DM_hmfurn_c', 'CBPS', 'CDPMEK', 'DNMPPA', 'CHCOAL', 'CHORM', 'EX_thm_e', 'CHORS', 'DNTPPA', 'CLPNS_HP', 'DPCOAK', 'DPR', 'EX_urea_e', 'CO2t', 'EX_val__L_e', 'FADOX', 'DTMPK', 'GARFT', 'FBA', 'GART', 'GCALDD', 'FBP', 'GF6PTA', 'DXPRIi', 'GFUCS', 'GHMT2r', 'GK1', 'DXPS', 'GLNS', 'FMNRx2', 'FMNAT', 'ENO', 'PIt2r', 'FORt', 'GLUDy', 'GLUPRT', 'GLUR', 'FRD5', 'FRDO', 'FUM', 'G1PACT', 'EX_ac_e', 'G3PD1ir', 'G3PD2', 'GLYCTO1', 'GLYK', 'G5SADs', 'GMAND', 'GMHEPAT', 'GMHEPK', 'GALUi', 'GMHEPPA', 'GMPS2', 'GAPD', 'LPSSYN_HP', 'GRTT', 'GTPCI', 'GTPCII', 'EX_ala__L_e', 'MALS', 'EX_arg__L_e', 'H2Ot', 'MAN1PT2', 'MAN6PI', 'MCOATA', 'MDH4', 'HEMEti', 'MDRPD', 'EX_co2_e', 'ME1', 'HISabc', 'MECDPDH', 'MECDPS', 'MEPCT', 'METAT', 'METabc', 'MOAT_HP', 'HSDy', 'HSK', 'MOHMT', 'MTAN', 'MTHFC', 'PGCD', 'MTHFD', 'MTHFR2', 'HYXNt', 'ICDHyr', 'ICHORS', 'MTRI', 'MTRK', 'PGI', 'NADK', 'IGPS', 'ILEabc', 'IMPC', 'NADS1', 'PGK', 'PMANM', 'IMPD', 'IPDPS', 'PGM', 'NDH_1', 'NDPK1', 'PGMT', 'NDPK2', 'KAS15', 'KAS_HP', 'NDPK3', 'KAS_HP2', 'NDPK4', 'PGPP_HP', 'NDPK5', 'KDOCT2', 'KDOPP', 'KDOPS', 'NDPK7', 'NDPK8', 'PGSA_HP', 'NH4t', 'LEUabc', 'LPADSS_HP', 'NNATr', 'NNDPR', 'SHKK', 'NPHS', 'PHETA1', 'PIMEtr', 'OCBT', 'SHSL2r', 'PMDPHT', 'OCTDPS', 'PNTK', 'OMPDC', 'PPA', 'OOR3r', 'ORNTA', 'SHSL4r', 'PPCDC', 'SPMS', 'ORPT', 'OXGDC2', 'SUCBZL', 'P5CR', 'PABB', 'PANTS', 'SUCBZS', 'PAPPT3', 'PASYN_HP', 'PDH2', 'TALA', 'THDPS', 'PGAMT', 'PPNCL2', 'PPND', 'THMabc', 'PPNDH', 'THRD_L', 'THRS', 'PPS', 'TKT1', 'PPTGS', 'TKT2', 'PRAGSr', 'TMDSf', 'TPI', 'PRAIS', 'TRDR', 'PRAIi', 'TRPS1', 'PRASCSi', 'TYRTA', 'PRFGS', 'U23GAAT_HP', 'U2GAAT', 'U2GAAT2', 'UAAGDS', 'UAGAAT_HP', 'UAGCVT', 'UAGDP', 'UAGDP2', 'UAGPT3', 'UAMAGS', 'UAMAS', 'UAPGR', 'UDCPDP', 'PRPPS', 'UDPG4E', 'UGMDDS', 'PSCVT', 'UHGADA_HP', 'UMPK', 'UNK2', 'PSD_HP', 'PSERT', 'PSP_L', 'PSSA_HP', 'UREAt', 'PTAr', 'PTPATi', 'URIDK2r', 'USHD_HP', 'VALTA', 'VALabc', 'SK_ahcys_c', 'DM_amob_c', 'PUTA3', 'QULNS', 'RBFK', 'RBFSa', 'RBFSb', 'RFAC_HP', 'RFA_HP', 'RHCCE', 'RNDR1', 'RNDR2', 'RNDR3', 'RNDR4', 'RPE', 'RPI', 'S7PI', 'SDPDS', 'SDPTA', 'SERAT', 'SHCHCS2', 'SHK3Dr']","[3.161111349442902, -0.05932397796999997, -0.03411520569325045, -0.062279597295170665, -0.00274285235, 2.3510162999999994e-06, -0.04297817805090108, -0.09688652448842938, -0.20597759916892935, -0.09688652448842938, -0.1277385523, 2.3510162999999994e-06, -0.13855322728000002, 0.3630842961590952, -0.058946248017800004, -7.836720999999935e-06, -0.00658284564, -2.3510162999999994e-06, -0.016457114100000003, -0.03411520569325045, -0.00329142282, -0.20597759916892935, -0.20597759916892935, 0.20597759916892935, 2.851941625006556, -0.010814674980000001, -7.652546997441844, -7.854577664821845, -0.9272815796692, 7.504090394789021, -2.3510162999999994e-06, 3.161111349442902, -0.16104696756630252, -0.13855322728000002, -0.13855322728000002, -0.019591802499999977, 7.541497023302271, -0.019591802499999977, -0.019591802499999977, -2.351016302526432e-06, -0.0211591467, -0.0211591467, 0.00612012000765063, 0.3813560566529386, -2.351016302526432e-06, -0.019591802499999977, -2.3510162999999994e-06, -3.918360499999968e-06, -0.12346753935499999, -0.016457114100000003, 2.391665805655143, -0.015124120600620128, 3.148002356822344, 3.148002356822344, 0.12346753935499999, -0.882899595317201, -3.918360499999968e-06, 0.19887050963674952, -0.019591802499999977, -0.08973045545, -0.03411520569325045, -0.16104696756630252, -2.311832695044841e-05, -0.12346753935499999, -0.19887050963674952, 6.470637030055002, 4.529808272144027, 0.0352652445, 0.00612012000765063, 0.1081467498, -0.0010697124164886218, -2.3422464425297966, -0.16104696756630252, -6.165837906766683, 0.1677058294, -0.00274285235, 0.11615901335040255, -2.351016302526432e-06, -12.510737887878356, -2.3510162999999994e-06, -0.39183605, -0.0622376708378, -0.00658284564, -2.351016302526432e-06, -0.00329142282, -0.058946248017800004, -0.058946248017800004, -0.009780168811352779, -0.03411520569325045, 3.024534817467344, -1.8808130420211455e-05, -0.019591802499999977, -2.3510162999999994e-06, -0.12029366735, 2.3510162999999994e-06, -0.16104696756630252, -0.019591802499999977, -0.010934968647350001, -2.311832695044841e-05, -2.311832695044841e-05, 2.3752086915551436, 2.8373751413309947, 0.15754121042695046, 2.851941625006556, -0.009678350434999998, -0.1987553098380495, 0.40213088915364686, -0.007222289330879849, -0.019591802499999977, -0.40213088915364686, -0.034795041240000005, -1.8808130420211455e-05, -0.009874268460000002, -0.4340261802689293, -0.10909107468049997, -1.8808130420211455e-05, 2.367991638358985, 5.476870680311668, -3.9183605e-06, 1.6964021621496101, -0.3630842961590952, 0.015124120600620128, -2.687190548761167, -0.20597759916892935, 0.010814674980000001, -2.713388397726556, -0.13855440278815, 5.558526630891541, -0.03150361842, -7.541497023302271, -7.9566619830554135, -7.880372679628564, -0.019591802499995384, -0.010934968647350001, -0.08228557044640183, -0.009874268460000002, -0.01316569128, -0.01316569128, -0.02092404507, -0.01316569128, -0.10909107468049997, 1.0961070152760302, -0.00329142282, -2.351016302526432e-06, -0.019591802499999977, -3.918360499999968e-06, 7.854577664821845, -0.019591802499999034, 0.882899595317201, -6.470637030055002, -0.009874268460000002, 0.009874268460000002, -0.9272815796692, 5.503357791972699, -2.3510162999999994e-06, -0.00274285235, -2.8373751413309947, 0.03557703641884291, -0.0352652445, -1.8808130420211455e-05, -1.8808130420211455e-05, -1.8808130420211455e-05, -0.06169380240040253, -0.11615901335040255, -0.00329142282, 0.06031728235674953, -0.060317282356749546, -2.311832695044841e-05, -0.00274285235, -0.4047329090069789, -0.6002951468735797, -0.4047329090069789, -0.019591802499999998, -0.00612012000765063, 3.161111349442902, -2.351016302526432e-06, -0.00274285235, -0.00274285235, 0.02092404507, -0.00020767310649132397, -0.0211591467, -0.1081467498, 0.20597759916892935, -0.0010697124164886218, -1.0961070152760302, 0.009874268460000002, -0.10909107468049997, -1.6457114117685023e-05, -1.6964021621496101, -10.920048373518949, -0.19602496349892937, 0.02092404507, -0.16833276707999997, -0.1310581873156, -0.00329142282, -0.05232696162517066, -0.00658284564, -0.009678350434999998, -0.028278024056400005, -0.009952635669999998, -0.00329142282, -0.00329142282, -0.00329142282, -0.009952635669999998, -0.009678350434999998, -0.028278024056400005, 12.510737887878356, -0.1677058294, -0.00329142282, -0.0010697124164886218, -0.0010697124164886218, -0.16104696756630252, -2.351016302526432e-06, 0.06896314479999999, -2.3510162999999994e-06, 3.148002356822344, 0.03411520569325045, -3.918360499999968e-06, -2.351016302526432e-06, -2.311832695044841e-05, -0.12346753935499999, 2.0537429791340513, -0.13855440278815, -0.7563365511672007, -0.03411520569325045, -2.311832695044841e-05, -0.00274285235, 0.12346753935499999, -2.351016302526432e-06, -2.351016302526432e-06, -0.08228557044640183, -0.019591802499999977, -2.311832695044841e-05, -2.351016302526432e-06, -0.010814674980000001, -0.058946248017800004, -5.486549030746668, 0.08774528340867216, -0.13855322728000002, 0.034795041240000005, -2.311832695044841e-05, -0.05133052254999999, -2.3510162999999994e-06, -0.06896314479999999, 0.03411520569325045, -0.060317282356749546, -2.032602195082215, 0.07457959212867216, -0.010814674980000001, 0.2487922509749747, -0.20597759916892935, -0.009678350434999998, 0.47948990499698535, -0.20597759916892935, -0.03926197220999999, -0.0211591467, -0.0211591467, -0.20597759916892935, 0.05133052254999999, -0.20597759916892935, -0.00329142282, -0.00329142282, -0.00329142282, -0.010814674980000001, -0.00329142282, -0.010814674980000001, -0.03150361842, -0.00329142282, -0.010814674980000001, -0.010814674980000001, -0.010814674980000001, -0.010814674980000001, -0.010814674980000001, -0.39465217569131905, -0.009874268460000002, -0.010814674980000001, -0.16104696756630252, -0.00329142282, -0.13757363715499998, -0.00274285235, -0.029346169128699997, -0.6002951468735797, -0.6002951468735797, -0.030668223961399996, -2.3752086915551436, -7.504090394789021, -2.311832695044841e-05, 0.009678350434999998, -0.00329142282, -2.3118326950455348e-05, -0.15754121042695046, -0.02483339334085208, -2.3510162999999994e-06, -0.6740509807207988, -0.0010697124164886218, -3.918360499999968e-06, -7.836720999999935e-06, -3.918360499999968e-06, -0.00329142282, -0.00329142282, -0.03411520569325045, -0.009678350434999998, -0.009952635669999998, -0.009952635669999998, -0.009678350434999998, 0.32337184310364686, 0.3200725835626469, -0.01316569128, -0.13855322728000002, 0.13855322728000002, -0.03411520569325045, -2.351016302526432e-06, -0.16104696756630252]","[3.161111349442902, 0.05932397796999997, 0.03411520569325045, 0.062279597295170665, 0.00274285235, 2.3510162999999994e-06, 0.04297817805090108, 0.09688652448842938, 0.20597759916892935, 0.09688652448842938, 0.1277385523, 2.3510162999999994e-06, 0.13855322728000002, 0.3630842961590952, 0.058946248017800004, 7.836720999999935e-06, 0.00658284564, 2.3510162999999994e-06, 0.016457114100000003, 0.03411520569325045, 0.00329142282, 0.20597759916892935, 0.20597759916892935, 0.20597759916892935, 2.851941625006556, 0.010814674980000001, 7.652546997441844, 7.854577664821845, 0.9272815796692, 7.504090394789021, 2.3510162999999994e-06, 3.161111349442902, 0.16104696756630252, 0.13855322728000002, 0.13855322728000002, 0.019591802499999977, 7.541497023302271, 0.019591802499999977, 0.019591802499999977, 2.351016302526432e-06, 0.0211591467, 0.0211591467, 0.00612012000765063, 0.3813560566529386, 2.351016302526432e-06, 0.019591802499999977, 2.3510162999999994e-06, 3.918360499999968e-06, 0.12346753935499999, 0.016457114100000003, 2.391665805655143, 0.015124120600620128, 3.148002356822344, 3.148002356822344, 0.12346753935499999, 0.882899595317201, 3.918360499999968e-06, 0.19887050963674952, 0.019591802499999977, 0.08973045545, 0.03411520569325045, 0.16104696756630252, 2.311832695044841e-05, 0.12346753935499999, 0.19887050963674952, 6.470637030055002, 4.529808272144027, 0.0352652445, 0.00612012000765063, 0.1081467498, 0.0010697124164886218, 2.3422464425297966, 0.16104696756630252, 6.165837906766683, 0.1677058294, 0.00274285235, 0.11615901335040255, 2.351016302526432e-06, 12.510737887878356, 2.3510162999999994e-06, 0.39183605, 0.0622376708378, 0.00658284564, 2.351016302526432e-06, 0.00329142282, 0.058946248017800004, 0.058946248017800004, 0.009780168811352779, 0.03411520569325045, 3.024534817467344, 1.8808130420211455e-05, 0.019591802499999977, 2.3510162999999994e-06, 0.12029366735, 2.3510162999999994e-06, 0.16104696756630252, 0.019591802499999977, 0.010934968647350001, 2.311832695044841e-05, 2.311832695044841e-05, 2.3752086915551436, 2.8373751413309947, 0.15754121042695046, 2.851941625006556, 0.009678350434999998, 0.1987553098380495, 0.40213088915364686, 0.007222289330879849, 0.019591802499999977, 0.40213088915364686, 0.034795041240000005, 1.8808130420211455e-05, 0.009874268460000002, 0.4340261802689293, 0.10909107468049997, 1.8808130420211455e-05, 2.367991638358985, 5.476870680311668, 3.9183605e-06, 1.6964021621496101, 0.3630842961590952, 0.015124120600620128, 2.687190548761167, 0.20597759916892935, 0.010814674980000001, 2.713388397726556, 0.13855440278815, 5.558526630891541, 0.03150361842, 7.541497023302271, 7.9566619830554135, 7.880372679628564, 0.019591802499995384, 0.010934968647350001, 0.08228557044640183, 0.009874268460000002, 0.01316569128, 0.01316569128, 0.02092404507, 0.01316569128, 0.10909107468049997, 1.0961070152760302, 0.00329142282, 2.351016302526432e-06, 0.019591802499999977, 3.918360499999968e-06, 7.854577664821845, 0.019591802499999034, 0.882899595317201, 6.470637030055002, 0.009874268460000002, 0.009874268460000002, 0.9272815796692, 5.503357791972699, 2.3510162999999994e-06, 0.00274285235, 2.8373751413309947, 0.03557703641884291, 0.0352652445, 1.8808130420211455e-05, 1.8808130420211455e-05, 1.8808130420211455e-05, 0.06169380240040253, 0.11615901335040255, 0.00329142282, 0.06031728235674953, 0.060317282356749546, 2.311832695044841e-05, 0.00274285235, 0.4047329090069789, 0.6002951468735797, 0.4047329090069789, 0.019591802499999998, 0.00612012000765063, 3.161111349442902, 2.351016302526432e-06, 0.00274285235, 0.00274285235, 0.02092404507, 0.00020767310649132397, 0.0211591467, 0.1081467498, 0.20597759916892935, 0.0010697124164886218, 1.0961070152760302, 0.009874268460000002, 0.10909107468049997, 1.6457114117685023e-05, 1.6964021621496101, 10.920048373518949, 0.19602496349892937, 0.02092404507, 0.16833276707999997, 0.1310581873156, 0.00329142282, 0.05232696162517066, 0.00658284564, 0.009678350434999998, 0.028278024056400005, 0.009952635669999998, 0.00329142282, 0.00329142282, 0.00329142282, 0.009952635669999998, 0.009678350434999998, 0.028278024056400005, 12.510737887878356, 0.1677058294, 0.00329142282, 0.0010697124164886218, 0.0010697124164886218, 0.16104696756630252, 2.351016302526432e-06, 0.06896314479999999, 2.3510162999999994e-06, 3.148002356822344, 0.03411520569325045, 3.918360499999968e-06, 2.351016302526432e-06, 2.311832695044841e-05, 0.12346753935499999, 2.0537429791340513, 0.13855440278815, 0.7563365511672007, 0.03411520569325045, 2.311832695044841e-05, 0.00274285235, 0.12346753935499999, 2.351016302526432e-06, 2.351016302526432e-06, 0.08228557044640183, 0.019591802499999977, 2.311832695044841e-05, 2.351016302526432e-06, 0.010814674980000001, 0.058946248017800004, 5.486549030746668, 0.08774528340867216, 0.13855322728000002, 0.034795041240000005, 2.311832695044841e-05, 0.05133052254999999, 2.3510162999999994e-06, 0.06896314479999999, 0.03411520569325045, 0.060317282356749546, 2.032602195082215, 0.07457959212867216, 0.010814674980000001, 0.2487922509749747, 0.20597759916892935, 0.009678350434999998, 0.47948990499698535, 0.20597759916892935, 0.03926197220999999, 0.0211591467, 0.0211591467, 0.20597759916892935, 0.05133052254999999, 0.20597759916892935, 0.00329142282, 0.00329142282, 0.00329142282, 0.010814674980000001, 0.00329142282, 0.010814674980000001, 0.03150361842, 0.00329142282, 0.010814674980000001, 0.010814674980000001, 0.010814674980000001, 0.010814674980000001, 0.010814674980000001, 0.39465217569131905, 0.009874268460000002, 0.010814674980000001, 0.16104696756630252, 0.00329142282, 0.13757363715499998, 0.00274285235, 0.029346169128699997, 0.6002951468735797, 0.6002951468735797, 0.030668223961399996, 2.3752086915551436, 7.504090394789021, 2.311832695044841e-05, 0.009678350434999998, 0.00329142282, 2.3118326950455348e-05, 0.15754121042695046, 0.02483339334085208, 2.3510162999999994e-06, 0.6740509807207988, 0.0010697124164886218, 3.918360499999968e-06, 7.836720999999935e-06, 3.918360499999968e-06, 0.00329142282, 0.00329142282, 0.03411520569325045, 0.009678350434999998, 0.009952635669999998, 0.009952635669999998, 0.009678350434999998, 0.32337184310364686, 0.3200725835626469, 0.01316569128, 0.13855322728000002, 0.13855322728000002, 0.03411520569325045, 2.351016302526432e-06, 0.16104696756630252]","['ALAt2r', 'EX_for_e', 'EX_nh4_e', 'FORt', 'EX_ala__L_e', 'NH4t', 'TRPS1', 'PUTA3']","['CS', 'ACONT', 'ADD', 'ARGSL', 'ARGSS', 'EX_h2o_e', 'EX_hxan_e', 'H2Ot', 'HYXNt', 'ICDHyr', 'OCBT', 'SHSL4r', 'THRD_L']","['CTPS1', 'CYSS', 'CYTK1', 'ADMDC', 'EX_pime_e', 'ADPT', 'ADSL1r', 'ADSL2r', 'ADSS', 'DAPDC', 'EX_pheme_e', 'DAPE', 'EX_pi_e', 'DASYN_HP', 'DB4PS', 'AGMHE', 'DBTS', 'AGMT', 'AHCYSNS', 'A5PISO', 'AICART', 'AIRC2', 'AIRC3', 'AKO', 'ALAALAr', 'ALAD_L', 'ACCOAC', 'ACKr', 'AMAOTr', 'DDPA', 'DHDPRy', 'DHDPS', 'DHFR', 'ACt2r', 'ADCL', 'DHFS', 'AMMQT6', 'ANPRT', 'ANS2', 'ADK1', 'DHNAOT2', 'DHNPA', 'AOXSr', 'APRAUR', 'DHORD3', 'ARGDC', 'ARGN', 'DHORTS', 'ARGt2r', 'DHPPDA', 'ASAD', 'DHPS', 'ASNS2', 'DHPTDCs', 'DHQTi', 'ASP1DC', 'ASPCT', 'ASPK', 'EX_h_e', 'EX_his__L_e', 'EX_ile__L_e', 'ASPO2', 'ASPTA', 'DHQS', 'ATPS4r', 'EX_leu__L_e', 'DKMPPD', 'EX_met__L_e', 'DMATT', 'BTS2', 'BIOMASS_HP_published', 'C140SN', 'C160SN', 'DMPPS', 'C180SN', 'C181SN', 'C190cSN', 'CAT', 'DM_hmfurn_c', 'CBPS', 'CDPMEK', 'DNMPPA', 'CHCOAL', 'CHORM', 'EX_thm_e', 'CHORS', 'DNTPPA', 'CLPNS_HP', 'DPCOAK', 'DPR', 'EX_urea_e', 'CO2t', 'EX_val__L_e', 'FADOX', 'DTMPK', 'GARFT', 'FBA', 'GART', 'GCALDD', 'FBP', 'GF6PTA', 'DXPRIi', 'GFUCS', 'GHMT2r', 'GK1', 'DXPS', 'GLNS', 'FMNRx2', 'FMNAT', 'ENO', 'PIt2r', 'GLUDy', 'GLUPRT', 'GLUR', 'FRD5', 'FRDO', 'FUM', 'G1PACT', 'EX_ac_e', 'G3PD1ir', 'G3PD2', 'GLYCTO1', 'GLYK', 'G5SADs', 'GMAND', 'GMHEPAT', 'GMHEPK', 'GALUi', 'GMHEPPA', 'GMPS2', 'GAPD', 'LPSSYN_HP', 'GRTT', 'GTPCI', 'GTPCII', 'MALS', 'EX_arg__L_e', 'MAN1PT2', 'MAN6PI', 'MCOATA', 'MDH4', 'HEMEti', 'MDRPD', 'EX_co2_e', 'ME1', 'HISabc', 'MECDPDH', 'MECDPS', 'MEPCT', 'METAT', 'METabc', 'MOAT_HP', 'HSDy', 'HSK', 'MOHMT', 'MTAN', 'MTHFC', 'PGCD', 'MTHFD', 'MTHFR2', 'ICHORS', 'MTRI', 'MTRK', 'PGI', 'NADK', 'IGPS', 'ILEabc', 'IMPC', 'NADS1', 'PGK', 'PMANM', 'IMPD', 'IPDPS', 'PGM', 'NDH_1', 'NDPK1', 'PGMT', 'NDPK2', 'KAS15', 'KAS_HP', 'NDPK3', 'KAS_HP2', 'NDPK4', 'PGPP_HP', 'NDPK5', 'KDOCT2', 'KDOPP', 'KDOPS', 'NDPK7', 'NDPK8', 'PGSA_HP', 'LEUabc', 'LPADSS_HP', 'NNATr', 'NNDPR', 'SHKK', 'NPHS', 'PHETA1', 'PIMEtr', 'SHSL2r', 'PMDPHT', 'OCTDPS', 'PNTK', 'OMPDC', 'PPA', 'OOR3r', 'ORNTA', 'PPCDC', 'SPMS', 'ORPT', 'OXGDC2', 'SUCBZL', 'P5CR', 'PABB', 'PANTS', 'SUCBZS', 'PAPPT3', 'PASYN_HP', 'PDH2', 'TALA', 'THDPS', 'PGAMT', 'PPNCL2', 'PPND', 'THMabc', 'PPNDH', 'THRS', 'PPS', 'TKT1', 'PPTGS', 'TKT2', 'PRAGSr', 'TMDSf', 'TPI', 'PRAIS', 'TRDR', 'PRAIi', 'PRASCSi', 'TYRTA', 'PRFGS', 'U23GAAT_HP', 'U2GAAT', 'U2GAAT2', 'UAAGDS', 'UAGAAT_HP', 'UAGCVT', 'UAGDP', 'UAGDP2', 'UAGPT3', 'UAMAGS', 'UAMAS', 'UAPGR', 'UDCPDP', 'PRPPS', 'UDPG4E', 'UGMDDS', 'PSCVT', 'UHGADA_HP', 'UMPK', 'UNK2', 'PSD_HP', 'PSERT', 'PSP_L', 'PSSA_HP', 'UREAt', 'PTAr', 'PTPATi', 'URIDK2r', 'USHD_HP', 'VALTA', 'VALabc', 'SK_ahcys_c', 'DM_amob_c', 'QULNS', 'RBFK', 'RBFSa', 'RBFSb', 'RFAC_HP', 'RFA_HP', 'RHCCE', 'RNDR1', 'RNDR2', 'RNDR3', 'RNDR4', 'RPE', 'RPI', 'S7PI', 'SDPDS', 'SDPTA', 'SERAT', 'SHCHCS2', 'SHK3Dr']",NH4t,OCBT,236.43747793956393,1,313,292,183.0,12.469784568030928,iIT341,PSL,True,False,-44.6444747046001,0.0,12.6060614347419,0.1669678591271
29,"['CS', 'CTPS1', 'CYSS', 'CYTK1', 'ADMDC', 'EX_pime_e', 'ADPT', 'ADSL1r', 'ADSL2r', 'ADSS', 'DAPDC', 'EX_pheme_e', 'DAPE', 'EX_pi_e', 'DASYN_HP', 'DB4PS', 'AGMHE', 'DBTS', 'AGMT', 'AHCYSNS', 'A5PISO', 'AICART', 'AIRC2', 'AIRC3', 'AKO', 'ALAALAr', 'ALAD_L', 'ALAt2r', 'ACCOAC', 'AMAOTr', 'ACONT', 'DDPA', 'DHDPRy', 'DHDPS', 'DHFR', 'ACt2r', 'ADCL', 'DHFS', 'AMMQT6', 'ANPRT', 'ANS2', 'ADD', 'ADK1', 'DHNAOT2', 'DHNPA', 'AOXSr', 'APRAUR', 'DHORD3', 'ARGDC', 'ARGN', 'EX_for_e', 'ARGSL', 'ARGSS', 'DHORTS', 'ARGt2r', 'DHPPDA', 'ASAD', 'DHPS', 'ASNS2', 'DHPTDCs', 'DHQTi', 'ASP1DC', 'ASPCT', 'ASPK', 'EX_h2o_e', 'EX_h_e', 'EX_his__L_e', 'EX_hxan_e', 'EX_ile__L_e', 'ASPO2', 'ASPTA', 'DHQS', 'ATPS4r', 'EX_leu__L_e', 'DKMPPD', 'EX_met__L_e', 'DMATT', 'EX_nh4_e', 'BTS2', 'BIOMASS_HP_published', 'C140SN', 'C160SN', 'DMPPS', 'C180SN', 'C181SN', 'C190cSN', 'CAT', 'DM_hmfurn_c', 'CBPS', 'CDPMEK', 'DNMPPA', 'CHCOAL', 'CHORM', 'EX_thm_e', 'CHORS', 'DNTPPA', 'CLPNS_HP', 'DPCOAK', 'DPR', 'EX_urea_e', 'CO2t', 'EX_val__L_e', 'FADOX', 'DTMPK', 'GARFT', 'FBA', 'GART', 'GCALDD', 'FBP', 'GF6PTA', 'DXPRIi', 'GFUCS', 'GHMT2r', 'GK1', 'DXPS', 'GLNS', 'FMNRx2', 'FMNAT', 'ENO', 'PIt2r', 'FORt', 'GLUDy', 'GLUPRT', 'GLUR', 'FRD5', 'FRDO', 'FUM', 'G1PACT', 'EX_ac_e', 'G3PD1ir', 'G3PD2', 'GLYCTO1', 'GLYK', 'G5SADs', 'GMAND', 'GMHEPAT', 'GMHEPK', 'GALUi', 'GMHEPPA', 'GMPS2', 'GAPD', 'LPSSYN_HP', 'GRTT', 'GTPCI', 'GTPCII', 'EX_ala__L_e', 'MALS', 'EX_arg__L_e', 'H2Ot', 'MAN1PT2', 'MAN6PI', 'MCOATA', 'MDH4', 'HEMEti', 'MDRPD', 'EX_co2_e', 'ME1', 'HISabc', 'MECDPDH', 'MECDPS', 'MEPCT', 'METAT', 'METabc', 'MOAT_HP', 'HSDy', 'MOHMT', 'MTAN', 'MTHFC', 'PGCD', 'MTHFD', 'MTHFR2', 'HYXNt', 'ICDHyr', 'ICHORS', 'MTRI', 'MTRK', 'PGI', 'NADK', 'IGPS', 'ILEabc', 'IMPC', 'NADS1', 'PGK', 'PMANM', 'IMPD', 'IPDPS', 'PGM', 'NDH_1', 'NDPK1', 'PGMT', 'NDPK2', 'KAS15', 'KAS_HP', 'NDPK3', 'KAS_HP2', 'NDPK4', 'PGPP_HP', 'NDPK5', 'KDOCT2', 'KDOPP', 'KDOPS', 'NDPK7', 'NDPK8', 'PGSA_HP', 'NH4t', 'LEUabc', 'LPADSS_HP', 'NNATr', 'NNDPR', 'SHKK', 'NPHS', 'PHETA1', 'PIMEtr', 'OCBT', 'SHSL2r', 'PMDPHT', 'OCTDPS', 'PNTK', 'OMPDC', 'PPA', 'OOR3r', 'ORNTA', 'PPCDC', 'SPMS', 'ORPT', 'OXGDC2', 'SUCBZL', 'P5CR', 'PABB', 'PANTS', 'SUCBZS', 'PAPPT3', 'PASYN_HP', 'PDH2', 'TALA', 'THDPS', 'PGAMT', 'PPNCL2', 'PPND', 'THMabc', 'PPNDH', 'PPS', 'TKT1', 'PPTGS', 'TKT2', 'PRAGSr', 'TMDSf', 'TPI', 'PRAIS', 'TRDR', 'PRAIi', 'TRPS1', 'PRASCSi', 'TYRTA', 'PRFGS', 'U23GAAT_HP', 'U2GAAT', 'U2GAAT2', 'UAAGDS', 'UAGAAT_HP', 'UAGCVT', 'UAGDP', 'UAGDP2', 'UAGPT3', 'UAMAGS', 'UAMAS', 'UAPGR', 'UDCPDP', 'PRPPS', 'UDPG4E', 'UGMDDS', 'PSCVT', 'UHGADA_HP', 'UMPK', 'UNK2', 'PSD_HP', 'PSERT', 'PSP_L', 'UREA', 'PSSA_HP', 'UREAt', 'PTPATi', 'URIDK2r', 'USHD_HP', 'VALTA', 'VALabc', 'SK_ahcys_c', 'DM_amob_c', 'PUTA3', 'QULNS', 'RBFK', 'RBFSa', 'RBFSb', 'RFAC_HP', 'RFA_HP', 'RHCCE', 'RNDR1', 'RNDR2', 'RNDR3', 'RNDR4', 'RPE', 'RPI', 'S7PI', 'SDPDS', 'SDPTA', 'SERAT', 'SHCHCS2', 'SHK3Dr']","[2.758829592691482, -0.059323977970000025, -0.03411520565747474, -0.06227959725939495, -0.00274285235, 2.3510162999999994e-06, -0.04297817801512263, -0.09688652454000507, -0.20597759922050504, -0.09688652454000507, -0.1277385523, 2.3510162999999994e-06, -0.13855322728000002, 0.3630842963415719, -0.058946248017800004, -7.836721000000088e-06, -0.00658284564, -2.3510162999999994e-06, -0.016457114100000003, -0.03411520565747474, -0.00329142282, -0.20597759922050504, -0.20597759922050504, 0.20597759922050504, 2.913097474291347, -0.010814674980000001, -8.470015105091754, -8.672045772471753, -0.9272815796692, -2.3510162999999994e-06, 2.758829592691482, -0.16104696756630252, -0.13855322728000002, -0.13855322728000002, -0.019591802499999977, 7.493245768120506, -0.019591802499999977, -0.019591802499999977, -2.351016302526432e-06, -0.0211591467, -0.0211591467, 0.006120120007647899, 0.3813560568288654, -2.351016302526432e-06, -0.019591802499999977, -2.3510162999999994e-06, -3.918360500000044e-06, -0.12346753935500004, -0.016457114100000003, 2.855103411904763, -0.015124120584820155, 3.1480023570357534, 3.1480023570357534, 0.12346753935500004, -0.41946198928099043, -3.918360500000044e-06, 0.19887050967252523, -0.019591802499999977, -0.08973045545, -0.03411520565747474, -0.16104696756630252, -2.3118291174739625e-05, -0.12346753935500004, -0.19887050967252523, 6.042546083779269, 5.685035163137462, 0.0352652445, 0.006120120007647899, 0.1081467498, -0.0010697124163895344, -2.3422464426401532, -0.16104696756630252, -6.214089161234817, 0.1677058294, -0.00274285235, 0.11615901335040255, -2.351016302526432e-06, -13.154275918633648, -2.3510162999999994e-06, -0.39183605, -0.0622376708378, -0.00658284564, -2.351016302526432e-06, -0.00329142282, -0.058946248017800004, -0.058946248017800004, -0.009780168811352779, -0.03411520565747474, 3.0245348176807534, -1.8808130420211455e-05, -0.019591802499999977, -2.3510162999999994e-06, -0.12029366735, 2.3510162999999994e-06, -0.16104696756630252, -0.019591802499999977, -0.010934968647350001, -2.3118291174739625e-05, -2.3118291174739625e-05, 3.215118865286061, 3.4455665118293837, 0.15754121039117475, 2.913097474291347, -0.009678350434999998, -0.19875530987382523, 0.40213088916411227, -0.007222289346679822, -0.019591802499999977, -0.40213088916411227, -0.034795041240000005, -1.8808130420211455e-05, -0.009874268460000002, -0.43402618032050505, -0.10909107468049997, -1.8808130420211455e-05, 2.367991638469243, 5.830901181883604, -3.9183605e-06, 1.6964021621914716, -0.3630842963415719, 0.015124120584820155, -1.7603153367475262, -0.20597759922050504, 0.010814674980000001, -2.7745442470113497, -0.13855440278815, 5.619682480286592, -0.03150361842, -7.493245768120506, -7.847254878622658, -7.770965575195808, -0.019591802499995384, -0.010934968647350001, -0.08228557044640183, -0.009874268460000002, -0.01316569128, -0.01316569128, -0.02092404507, -0.01316569128, -0.10909107468049997, 1.096107015302092, -0.00329142282, -2.351016302526432e-06, -0.019591802499999977, -3.918360500000044e-06, 8.672045772471753, -0.019591802499999034, 0.41946198928099043, -6.042546083779269, -0.009874268460000002, 0.009874268460000002, -0.9272815796692, 5.101076035331635, -2.3510162999999994e-06, -0.00274285235, -3.4455665118293837, 0.4990146424549573, -0.0352652445, -1.8808130420211455e-05, -1.8808130420211455e-05, -1.8808130420211455e-05, -0.06169380240040253, -0.11615901335040255, -0.00329142282, 0.06031728239252522, -2.3118291174739625e-05, -0.00274285235, -0.40473290909433035, -0.6002951468893797, -0.40473290909433035, -0.019591802499999998, -0.006120120007647899, 2.758829592691482, -2.351016302526432e-06, -0.00274285235, -0.00274285235, 0.02092404507, -0.00020767310651749195, -0.0211591467, -0.1081467498, 0.20597759922050504, -0.0010697124163895344, -1.096107015302092, 0.009874268460000002, -0.10909107468049997, -1.6457114117685023e-05, -1.6964021621914716, -10.640078315447468, -0.19602496355050505, 0.02092404507, -0.16833276708000003, -0.1310581873156, -0.00329142282, -0.05232696158939495, -0.00658284564, -0.009678350434999998, -0.028278024056400005, -0.009952635669999998, -0.00329142282, -0.00329142282, -0.00329142282, -0.009952635669999998, -0.009678350434999998, -0.028278024056400005, 13.154275918633648, -0.1677058294, -0.00329142282, -0.0010697124163895344, -0.0010697124163895344, -0.16104696756630252, -2.351016302526432e-06, 0.06896314479999999, -2.3510162999999994e-06, 3.1480023570357534, 0.03411520565747474, -3.918360500000044e-06, -2.351016302526432e-06, -2.3118291174739625e-05, -0.12346753935500004, 2.0537429794392876, -0.13855440278815, -0.29289894513099046, -2.3118291174739625e-05, -0.00274285235, 0.12346753935500004, -2.351016302526432e-06, -2.351016302526432e-06, -0.08228557044640183, -0.019591802499999977, -2.3118291174739625e-05, -2.351016302526432e-06, -0.010814674980000001, -0.058946248017800004, -5.840579532318604, 0.08774528341390488, -0.13855322728000002, 0.034795041240000005, -2.3118291174739625e-05, -0.05133052254999999, -2.3510162999999994e-06, -0.06896314479999999, -2.0326021951240762, 0.07457959213390486, -0.010814674980000001, 0.2487922509802075, -0.20597759922050504, -0.009678350434999998, 0.4794899050073517, -0.20597759922050504, -0.03926197220999999, -0.0211591467, -0.0211591467, -0.20597759922050504, 0.05133052254999999, -0.20597759922050504, -0.00329142282, -0.00329142282, -0.00329142282, -0.010814674980000001, -0.00329142282, -0.010814674980000001, -0.03150361842, -0.00329142282, -0.010814674980000001, -0.010814674980000001, -0.010814674980000001, -0.010814674980000001, -0.010814674980000001, -0.39465217570701727, -0.009874268460000002, -0.010814674980000001, -0.16104696756630252, -0.00329142282, -0.13757363715500004, -0.00274285235, -0.029346169128699997, -0.6002951468893797, -0.6002951468893797, -0.3764725674812982, -0.030668223961399996, -3.215118865286061, -2.3118291174739625e-05, 0.009678350434999998, -0.00329142282, -2.3118291174739625e-05, -0.15754121039117475, -0.024833393376627797, -2.3510162999999994e-06, -0.21061337468458863, -0.0010697124163895344, -3.918360500000044e-06, -7.836721000000088e-06, -3.918360500000044e-06, -0.00329142282, -0.00329142282, -0.03411520565747474, -0.009678350434999998, -0.009952635669999998, -0.009952635669999998, -0.009678350434999998, 0.3233718431141124, 0.3200725835731124, -0.01316569128, -0.13855322728000002, 0.13855322728000002, -0.03411520565747474, -2.351016302526432e-06, -0.16104696756630252]","[2.758829592691482, 0.059323977970000025, 0.03411520565747474, 0.06227959725939495, 0.00274285235, 2.3510162999999994e-06, 0.04297817801512263, 0.09688652454000507, 0.20597759922050504, 0.09688652454000507, 0.1277385523, 2.3510162999999994e-06, 0.13855322728000002, 0.3630842963415719, 0.058946248017800004, 7.836721000000088e-06, 0.00658284564, 2.3510162999999994e-06, 0.016457114100000003, 0.03411520565747474, 0.00329142282, 0.20597759922050504, 0.20597759922050504, 0.20597759922050504, 2.913097474291347, 0.010814674980000001, 8.470015105091754, 8.672045772471753, 0.9272815796692, 2.3510162999999994e-06, 2.758829592691482, 0.16104696756630252, 0.13855322728000002, 0.13855322728000002, 0.019591802499999977, 7.493245768120506, 0.019591802499999977, 0.019591802499999977, 2.351016302526432e-06, 0.0211591467, 0.0211591467, 0.006120120007647899, 0.3813560568288654, 2.351016302526432e-06, 0.019591802499999977, 2.3510162999999994e-06, 3.918360500000044e-06, 0.12346753935500004, 0.016457114100000003, 2.855103411904763, 0.015124120584820155, 3.1480023570357534, 3.1480023570357534, 0.12346753935500004, 0.41946198928099043, 3.918360500000044e-06, 0.19887050967252523, 0.019591802499999977, 0.08973045545, 0.03411520565747474, 0.16104696756630252, 2.3118291174739625e-05, 0.12346753935500004, 0.19887050967252523, 6.042546083779269, 5.685035163137462, 0.0352652445, 0.006120120007647899, 0.1081467498, 0.0010697124163895344, 2.3422464426401532, 0.16104696756630252, 6.214089161234817, 0.1677058294, 0.00274285235, 0.11615901335040255, 2.351016302526432e-06, 13.154275918633648, 2.3510162999999994e-06, 0.39183605, 0.0622376708378, 0.00658284564, 2.351016302526432e-06, 0.00329142282, 0.058946248017800004, 0.058946248017800004, 0.009780168811352779, 0.03411520565747474, 3.0245348176807534, 1.8808130420211455e-05, 0.019591802499999977, 2.3510162999999994e-06, 0.12029366735, 2.3510162999999994e-06, 0.16104696756630252, 0.019591802499999977, 0.010934968647350001, 2.3118291174739625e-05, 2.3118291174739625e-05, 3.215118865286061, 3.4455665118293837, 0.15754121039117475, 2.913097474291347, 0.009678350434999998, 0.19875530987382523, 0.40213088916411227, 0.007222289346679822, 0.019591802499999977, 0.40213088916411227, 0.034795041240000005, 1.8808130420211455e-05, 0.009874268460000002, 0.43402618032050505, 0.10909107468049997, 1.8808130420211455e-05, 2.367991638469243, 5.830901181883604, 3.9183605e-06, 1.6964021621914716, 0.3630842963415719, 0.015124120584820155, 1.7603153367475262, 0.20597759922050504, 0.010814674980000001, 2.7745442470113497, 0.13855440278815, 5.619682480286592, 0.03150361842, 7.493245768120506, 7.847254878622658, 7.770965575195808, 0.019591802499995384, 0.010934968647350001, 0.08228557044640183, 0.009874268460000002, 0.01316569128, 0.01316569128, 0.02092404507, 0.01316569128, 0.10909107468049997, 1.096107015302092, 0.00329142282, 2.351016302526432e-06, 0.019591802499999977, 3.918360500000044e-06, 8.672045772471753, 0.019591802499999034, 0.41946198928099043, 6.042546083779269, 0.009874268460000002, 0.009874268460000002, 0.9272815796692, 5.101076035331635, 2.3510162999999994e-06, 0.00274285235, 3.4455665118293837, 0.4990146424549573, 0.0352652445, 1.8808130420211455e-05, 1.8808130420211455e-05, 1.8808130420211455e-05, 0.06169380240040253, 0.11615901335040255, 0.00329142282, 0.06031728239252522, 2.3118291174739625e-05, 0.00274285235, 0.40473290909433035, 0.6002951468893797, 0.40473290909433035, 0.019591802499999998, 0.006120120007647899, 2.758829592691482, 2.351016302526432e-06, 0.00274285235, 0.00274285235, 0.02092404507, 0.00020767310651749195, 0.0211591467, 0.1081467498, 0.20597759922050504, 0.0010697124163895344, 1.096107015302092, 0.009874268460000002, 0.10909107468049997, 1.6457114117685023e-05, 1.6964021621914716, 10.640078315447468, 0.19602496355050505, 0.02092404507, 0.16833276708000003, 0.1310581873156, 0.00329142282, 0.05232696158939495, 0.00658284564, 0.009678350434999998, 0.028278024056400005, 0.009952635669999998, 0.00329142282, 0.00329142282, 0.00329142282, 0.009952635669999998, 0.009678350434999998, 0.028278024056400005, 13.154275918633648, 0.1677058294, 0.00329142282, 0.0010697124163895344, 0.0010697124163895344, 0.16104696756630252, 2.351016302526432e-06, 0.06896314479999999, 2.3510162999999994e-06, 3.1480023570357534, 0.03411520565747474, 3.918360500000044e-06, 2.351016302526432e-06, 2.3118291174739625e-05, 0.12346753935500004, 2.0537429794392876, 0.13855440278815, 0.29289894513099046, 2.3118291174739625e-05, 0.00274285235, 0.12346753935500004, 2.351016302526432e-06, 2.351016302526432e-06, 0.08228557044640183, 0.019591802499999977, 2.3118291174739625e-05, 2.351016302526432e-06, 0.010814674980000001, 0.058946248017800004, 5.840579532318604, 0.08774528341390488, 0.13855322728000002, 0.034795041240000005, 2.3118291174739625e-05, 0.05133052254999999, 2.3510162999999994e-06, 0.06896314479999999, 2.0326021951240762, 0.07457959213390486, 0.010814674980000001, 0.2487922509802075, 0.20597759922050504, 0.009678350434999998, 0.4794899050073517, 0.20597759922050504, 0.03926197220999999, 0.0211591467, 0.0211591467, 0.20597759922050504, 0.05133052254999999, 0.20597759922050504, 0.00329142282, 0.00329142282, 0.00329142282, 0.010814674980000001, 0.00329142282, 0.010814674980000001, 0.03150361842, 0.00329142282, 0.010814674980000001, 0.010814674980000001, 0.010814674980000001, 0.010814674980000001, 0.010814674980000001, 0.39465217570701727, 0.009874268460000002, 0.010814674980000001, 0.16104696756630252, 0.00329142282, 0.13757363715500004, 0.00274285235, 0.029346169128699997, 0.6002951468893797, 0.6002951468893797, 0.3764725674812982, 0.030668223961399996, 3.215118865286061, 2.3118291174739625e-05, 0.009678350434999998, 0.00329142282, 2.3118291174739625e-05, 0.15754121039117475, 0.024833393376627797, 2.3510162999999994e-06, 0.21061337468458863, 0.0010697124163895344, 3.918360500000044e-06, 7.836721000000088e-06, 3.918360500000044e-06, 0.00329142282, 0.00329142282, 0.03411520565747474, 0.009678350434999998, 0.009952635669999998, 0.009952635669999998, 0.009678350434999998, 0.3233718431141124, 0.3200725835731124, 0.01316569128, 0.13855322728000002, 0.13855322728000002, 0.03411520565747474, 2.351016302526432e-06, 0.16104696756630252]","['ALAt2r', 'EX_for_e', 'EX_nh4_e', 'FORt', 'EX_ala__L_e', 'KAS15', 'NH4t', 'TRPS1', 'UREA', 'PUTA3']","['AKO', 'ADD', 'ARGSL', 'ARGSS', 'EX_hxan_e', 'EX_urea_e', 'FADOX', 'HYXNt', 'OCBT', 'UREAt']","['CS', 'CTPS1', 'CYSS', 'CYTK1', 'ADMDC', 'EX_pime_e', 'ADPT', 'ADSL1r', 'ADSL2r', 'ADSS', 'DAPDC', 'EX_pheme_e', 'DAPE', 'EX_pi_e', 'DASYN_HP', 'DB4PS', 'AGMHE', 'DBTS', 'AGMT', 'AHCYSNS', 'A5PISO', 'AICART', 'AIRC2', 'AIRC3', 'ALAALAr', 'ALAD_L', 'ACCOAC', 'AMAOTr', 'ACONT', 'DDPA', 'DHDPRy', 'DHDPS', 'DHFR', 'ACt2r', 'ADCL', 'DHFS', 'AMMQT6', 'ANPRT', 'ANS2', 'ADK1', 'DHNAOT2', 'DHNPA', 'AOXSr', 'APRAUR', 'DHORD3', 'ARGDC', 'ARGN', 'DHORTS', 'ARGt2r', 'DHPPDA', 'ASAD', 'DHPS', 'ASNS2', 'DHPTDCs', 'DHQTi', 'ASP1DC', 'ASPCT', 'ASPK', 'EX_h2o_e', 'EX_h_e', 'EX_his__L_e', 'EX_ile__L_e', 'ASPO2', 'ASPTA', 'DHQS', 'ATPS4r', 'EX_leu__L_e', 'DKMPPD', 'EX_met__L_e', 'DMATT', 'BTS2', 'BIOMASS_HP_published', 'C140SN', 'C160SN', 'DMPPS', 'C180SN', 'C181SN', 'C190cSN', 'CAT', 'DM_hmfurn_c', 'CBPS', 'CDPMEK', 'DNMPPA', 'CHCOAL', 'CHORM', 'EX_thm_e', 'CHORS', 'DNTPPA', 'CLPNS_HP', 'DPCOAK', 'DPR', 'CO2t', 'EX_val__L_e', 'DTMPK', 'GARFT', 'FBA', 'GART', 'GCALDD', 'FBP', 'GF6PTA', 'DXPRIi', 'GFUCS', 'GHMT2r', 'GK1', 'DXPS', 'GLNS', 'FMNRx2', 'FMNAT', 'ENO', 'PIt2r', 'GLUDy', 'GLUPRT', 'GLUR', 'FRD5', 'FRDO', 'FUM', 'G1PACT', 'EX_ac_e', 'G3PD1ir', 'G3PD2', 'GLYCTO1', 'GLYK', 'G5SADs', 'GMAND', 'GMHEPAT', 'GMHEPK', 'GALUi', 'GMHEPPA', 'GMPS2', 'GAPD', 'LPSSYN_HP', 'GRTT', 'GTPCI', 'GTPCII', 'MALS', 'EX_arg__L_e', 'H2Ot', 'MAN1PT2', 'MAN6PI', 'MCOATA', 'MDH4', 'HEMEti', 'MDRPD', 'EX_co2_e', 'ME1', 'HISabc', 'MECDPDH', 'MECDPS', 'MEPCT', 'METAT', 'METabc', 'MOAT_HP', 'HSDy', 'MOHMT', 'MTAN', 'MTHFC', 'PGCD', 'MTHFD', 'MTHFR2', 'ICDHyr', 'ICHORS', 'MTRI', 'MTRK', 'PGI', 'NADK', 'IGPS', 'ILEabc', 'IMPC', 'NADS1', 'PGK', 'PMANM', 'IMPD', 'IPDPS', 'PGM', 'NDH_1', 'NDPK1', 'PGMT', 'NDPK2', 'KAS_HP', 'NDPK3', 'KAS_HP2', 'NDPK4', 'PGPP_HP', 'NDPK5', 'KDOCT2', 'KDOPP', 'KDOPS', 'NDPK7', 'NDPK8', 'PGSA_HP', 'LEUabc', 'LPADSS_HP', 'NNATr', 'NNDPR', 'SHKK', 'NPHS', 'PHETA1', 'PIMEtr', 'SHSL2r', 'PMDPHT', 'OCTDPS', 'PNTK', 'OMPDC', 'PPA', 'OOR3r', 'ORNTA', 'PPCDC', 'SPMS', 'ORPT', 'OXGDC2', 'SUCBZL', 'P5CR', 'PABB', 'PANTS', 'SUCBZS', 'PAPPT3', 'PASYN_HP', 'PDH2', 'TALA', 'THDPS', 'PGAMT', 'PPNCL2', 'PPND', 'THMabc', 'PPNDH', 'PPS', 'TKT1', 'PPTGS', 'TKT2', 'PRAGSr', 'TMDSf', 'TPI', 'PRAIS', 'TRDR', 'PRAIi', 'PRASCSi', 'TYRTA', 'PRFGS', 'U23GAAT_HP', 'U2GAAT', 'U2GAAT2', 'UAAGDS', 'UAGAAT_HP', 'UAGCVT', 'UAGDP', 'UAGDP2', 'UAGPT3', 'UAMAGS', 'UAMAS', 'UAPGR', 'UDCPDP', 'PRPPS', 'UDPG4E', 'UGMDDS', 'PSCVT', 'UHGADA_HP', 'UMPK', 'UNK2', 'PSD_HP', 'PSERT', 'PSP_L', 'PSSA_HP', 'PTPATi', 'URIDK2r', 'USHD_HP', 'VALTA', 'VALabc', 'SK_ahcys_c', 'DM_amob_c', 'QULNS', 'RBFK', 'RBFSa', 'RBFSb', 'RFAC_HP', 'RFA_HP', 'RHCCE', 'RNDR1', 'RNDR2', 'RNDR3', 'RNDR4', 'RPE', 'RPI', 'S7PI', 'SDPDS', 'SDPTA', 'SERAT', 'SHCHCS2', 'SHK3Dr']",NH4t,UREAt,240.59494789759077,1,308,288,182.0,10.643520465650901,iIT341,PSL,True,True,-44.6444747046001,-17.8241063136623,12.6060614347419,0.0
30,"['CS', 'AKO', 'ACONT', 'ASPT', 'ASPTA', 'EDA', 'EDD', 'GLUDy', 'FRD5', 'G6PDH2r', 'GND', 'ICDHyr', 'PGI', 'NADPHQR', 'PGL', 'P5CR', 'TALA', 'TKT1', 'TKT2', 'PROD2', 'RPE', 'RPI']","[-0.4178991293197176, -0.4178991293118305, -0.4178991293197176, 0.41789912932082623, -0.4178991293197176, -0.4178991292924201, -0.4178991292924201, -0.41789912930865714, 0.4178991293194594, 0.8357982586710073, 1.2536973879697588, -0.4178991293197176, -0.8357982586773189, 0.41789912933852236, 0.8357982586773387, 0.41789912931502293, 0.41789912932212536, 0.4178991293221129, 0.417899129325536, 0.41789912931180984, 0.8357982586476489, -0.4178991293221129]","[0.4178991293197176, 0.4178991293118305, 0.4178991293197176, 0.41789912932082623, 0.4178991293197176, 0.4178991292924201, 0.4178991292924201, 0.41789912930865714, 0.4178991293194594, 0.8357982586710073, 1.2536973879697588, 0.4178991293197176, 0.8357982586773189, 0.41789912933852236, 0.8357982586773387, 0.41789912931502293, 0.41789912932212536, 0.4178991293221129, 0.417899129325536, 0.41789912931180984, 0.8357982586476489, 0.4178991293221129]","['ASPT', 'GND', 'NADPHQR', 'PROD2']","['CS', 'AKO', 'ACONT', 'EDA', 'EDD', 'ICDHyr', 'TKT2']","['ASPTA', 'GLUDy', 'FRD5', 'G6PDH2r', 'PGI', 'PGL', 'P5CR', 'TALA', 'TKT1', 'RPE', 'RPI']",TKT2,GND,12.536973879786396,1,22,11,-2.0,-2.5073947760575384,iIT341,PSL,True,False,-3.43706693397375,0.0,0.0058196266251769,0.0
31,"['CS', 'DAAD', 'ADSK', 'AHSERL2', 'AKO', 'DCTPD', 'ACONT', 'ACS', 'ADD', 'EX_for_e', 'ARGSL', 'ARGSS', 'ASNN', 'EX_hxan_e', 'ASPT', 'ASPTA', 'EX_lys__L_e', 'EX_mal__L_e', 'BPNT', 'EX_pro__L_e', 'CDAPPA_HP', 'EX_ser__L_e', 'EX_so4_e', 'EX_thr__L_e', 'FADOX', 'FBA', 'FBP', 'FORt', 'FRD5', 'FTHFD', 'FUM', 'G6PDH1', 'G6PDH2r', 'GMPR', 'GND', 'GAPD', 'LYSt2r', 'MALt2r', 'HXPRT', 'PGCD', 'HYXNt', 'ICDHyr', 'PGI', 'NADPHQR', 'PGK', 'PGL', 'NDPK6', 'OCBT', 'P5CD', 'P5CR', 'SULR', 'PAPSR', 'SULabc', 'TALA', 'THRt2r', 'TKT1', 'TKT2', 'TPI', 'PROabc', 'PSERT', 'PSP_L', 'PUTA3', 'RPE', 'RPI', 'SADT2', 'SERD_L', 'SERt2r']","[-0.3816077274748244, 0.003908185818031318, 0.0004342961220002578, 0.0010300137381244051, -0.4124699426549604, 0.000173910160788375, -0.3816077274748244, 0.0003767825255190597, 0.001365578250337172, -0.0038638866550276853, 0.0010797153987252206, 0.0010797153987252206, 0.0015679301897849607, 0.003271811630852604, 0.3848099951901211, -0.3816077274748244, 0.002421048537589343, 0.0010742858706032088, 0.0004342961220002578, 0.035462672589346766, 0.0010875273346055963, -0.005499705998058102, -0.0004342961220002578, 0.001650092470472403, -0.4085617568369291, -0.4065255280106236, 0.4065255280106236, 0.0038638866550276853, 0.4124699426549604, -0.003473410416060696, -0.026580232066114706, 0.837861144881729, 0.4027947475248155, 0.0019062333805154041, 1.2406558924065445, -0.39439995694088403, -0.002421048537589343, -0.0010742858706032088, -0.001906233380515432, -0.381065121687457, -0.003271811630852604, -0.3816077274748244, -1.2402902702574854, 0.8231891851267477, 0.39439995694088403, 1.2406558924065445, -0.000173910160788375, 0.0010797153987252206, -0.034024832680074724, 0.034024832653813064, 0.0004342961220002578, 0.0004342961220002578, 0.0004342961220002578, 0.4150850712333936, -0.001650092470472403, 0.41485501684746884, 0.41789912934693785, -0.40517377362818074, -0.035462672589346766, -0.381065121687457, -0.381065121687457, -0.0007921474163192464, 0.8327541461944066, -0.4079593967457533, 0.0004342961220002578, -0.3686756017863609, 0.005499705998058102]","[0.3816077274748244, 0.003908185818031318, 0.0004342961220002578, 0.0010300137381244051, 0.4124699426549604, 0.000173910160788375, 0.3816077274748244, 0.0003767825255190597, 0.001365578250337172, 0.0038638866550276853, 0.0010797153987252206, 0.0010797153987252206, 0.0015679301897849607, 0.003271811630852604, 0.3848099951901211, 0.3816077274748244, 0.002421048537589343, 0.0010742858706032088, 0.0004342961220002578, 0.035462672589346766, 0.0010875273346055963, 0.005499705998058102, 0.0004342961220002578, 0.001650092470472403, 0.4085617568369291, 0.4065255280106236, 0.4065255280106236, 0.0038638866550276853, 0.4124699426549604, 0.003473410416060696, 0.026580232066114706, 0.837861144881729, 0.4027947475248155, 0.0019062333805154041, 1.2406558924065445, 0.39439995694088403, 0.002421048537589343, 0.0010742858706032088, 0.001906233380515432, 0.381065121687457, 0.003271811630852604, 0.3816077274748244, 1.2402902702574854, 0.8231891851267477, 0.39439995694088403, 1.2406558924065445, 0.000173910160788375, 0.0010797153987252206, 0.034024832680074724, 0.034024832653813064, 0.0004342961220002578, 0.0004342961220002578, 0.0004342961220002578, 0.4150850712333936, 0.001650092470472403, 0.41485501684746884, 0.41789912934693785, 0.40517377362818074, 0.035462672589346766, 0.381065121687457, 0.381065121687457, 0.0007921474163192464, 0.8327541461944066, 0.4079593967457533, 0.0004342961220002578, 0.3686756017863609, 0.005499705998058102]","['CS', 'AKO', 'ACONT', 'EX_ser__L_e', 'FTHFD', 'HXPRT', 'ICDHyr', 'TKT2', 'PROabc', 'PUTA3', 'SERD_L', 'SERt2r']","['DAAD', 'ADSK', 'AHSERL2', 'DCTPD', 'ACS', 'ARGSL', 'ARGSS', 'ASNN', 'EX_hxan_e', 'ASPT', 'EX_lys__L_e', 'EX_mal__L_e', 'BPNT', 'EX_pro__L_e', 'CDAPPA_HP', 'EX_so4_e', 'EX_thr__L_e', 'G6PDH1', 'G6PDH2r', 'GMPR', 'GND', 'LYSt2r', 'MALt2r', 'HYXNt', 'NADPHQR', 'PGL', 'NDPK6', 'OCBT', 'SULR', 'PAPSR', 'SULabc', 'THRt2r', 'SADT2']","['ADD', 'EX_for_e', 'ASPTA', 'FADOX', 'FBA', 'FBP', 'FORt', 'FRD5', 'FUM', 'GAPD', 'PGCD', 'PGI', 'PGK', 'P5CD', 'P5CR', 'TALA', 'TKT1', 'TPI', 'PSERT', 'PSP_L', 'RPE', 'RPI']",TKT2,PGL,16.309114996221517,1,67,22,-9.0,-1.4941740016801541,iIT341,PSL,True,False,-3.43706693397375,0.0,0.0058196266251769,6.92812693473335e-06
32,"['TRPS1', 'TRPS2', 'TRPS3']","[-0.035541255599999995, 0.035541255599999995, 0.035541255599999995]","[0.035541255599999995, 0.035541255599999995, 0.035541255599999995]",['TRPS1'],"['TRPS2', 'TRPS3']",[],TRPS1,TRPS2,0.10662376679999999,1,3,0,1.0,0.035541255599999995,iIT341,PSL,False,False,0.0,0.0,0.284750173893748,0.060319737157266
33,"['TRPS1', 'TRPS2', 'TRPS3']","[-0.035541255599999995, 0.035541255599999995, 0.035541255599999995]","[0.035541255599999995, 0.035541255599999995, 0.035541255599999995]",['TRPS1'],"['TRPS2', 'TRPS3']",[],TRPS1,TRPS3,0.10662376679999999,1,3,0,1.0,0.035541255599999995,iIT341,PSL,False,False,0.0,0.0,0.284750173893748,0.0
34,"['AKO', 'ACALDt', 'EX_for_e', 'EX_h_e', 'EX_hxan_e', 'EX_urea_e', 'FADOX', 'GART', 'FORt', 'GLUN', 'EX_acald_e', 'HXPRT', 'HYXNt', 'NADPHQR', 'UREA', 'UREAt', 'PYRDC', 'SERD_L']","[0.0024571732295053383, -0.00982869288418442, 0.012285866147533908, 0.2948607875732705, -0.012285866147533755, 0.16585919279999997, 0.0024571732262149426, -0.012285866147533908, -0.012285866192542017, 0.024571732295067483, 0.009828692918027515, 0.012285866147533853, 0.012285866192542017, -0.004914346455717755, -0.16585919279670958, -0.16585919284261763, 0.009828692918027515, 0.012285866147533797]","[0.0024571732295053383, 0.00982869288418442, 0.012285866147533908, 0.2948607875732705, 0.012285866147533755, 0.16585919279999997, 0.0024571732262149426, 0.012285866147533908, 0.012285866192542017, 0.024571732295067483, 0.009828692918027515, 0.012285866147533853, 0.012285866192542017, 0.004914346455717755, 0.16585919279670958, 0.16585919284261763, 0.009828692918027515, 0.012285866147533797]","['EX_hxan_e', 'HYXNt', 'NADPHQR', 'UREA']","['AKO', 'ACALDt', 'EX_urea_e', 'GLUN', 'EX_acald_e', 'HXPRT', 'UREAt', 'PYRDC', 'SERD_L']","['EX_for_e', 'EX_h_e', 'FADOX', 'GART', 'FORt']",UREA,UREAt,2.224970356827753,1,18,5,4.0,0.1756878861284178,iIT341,PSL,False,True,0.0,-17.8241063136623,0.0,0.0
35,"['ASNN', 'ASNS2', 'DUTPDP', 'NDPK6', 'URIDK2r']","[-0.01625683357971061, -0.016256833579711027, 0.016256833579999953, 0.016256833565421402, 0.016256833565421402]","[0.01625683357971061, 0.016256833579711027, 0.016256833579999953, 0.016256833565421402, 0.016256833565421402]","['ASNN', 'URIDK2r']","['DUTPDP', 'NDPK6']",['ASNS2'],URIDK2r,DUTPDP,0.09754100218380202,1,5,1,-1.0,-0.01625683355142112,iIT341,PSL,True,False,-0.0171124735287941,0.0,13.0213769257173,4.15687616239779e-06
36,"['DCTPD', 'DCTPD2', 'NDPK2', 'NDPK3', 'NDPK6', 'NDPK7', 'RNDR3', 'RNDR4']","[0.016256833579999994, -0.016256833700802026, 0.016256833565421402, -0.016256833565421402, -0.016256833565421402, 0.016256833565421402, 0.016256833579999987, -0.016256833579999998]","[0.016256833579999994, 0.016256833700802026, 0.016256833565421402, 0.016256833565421402, 0.016256833565421402, 0.016256833565421402, 0.016256833579999987, 0.016256833579999998]","['DCTPD2', 'RNDR4']","['DCTPD', 'NDPK6']","['NDPK2', 'NDPK3', 'NDPK7', 'RNDR3']",RNDR4,DCTPD,0.13005466863998724,1,8,4,0.0,-1.2080204198072764e-10,iIT341,PSL,False,False,0.0,0.0,0.037411885447566,-0.375013968475656
37,"['CS', 'AKO', 'ACONT', 'ASPT', 'ASPTA', 'FADOX', 'EDA', 'EDD', 'GLUDy', 'FRD5', 'G6PDH2r', 'GND', 'ICDHyr', 'PGI', 'NADPHQR', 'PGL', 'TALA', 'TKT1', 'TKT2', 'RPE', 'RPI']","[-0.2715856525667344, -0.27158565259823675, -0.2715856525667344, 0.27158565268593815, -0.2715856525667344, -0.2715856525983234, -0.2715856525914638, -0.2715856525914638, -0.27158565262632983, 0.27158565259823675, 0.5431713051856126, 0.8147569577741471, -0.2715856525667344, -0.5431713051826914, 0.5431713052329918, 0.5431713051826834, 0.2715856525913622, 0.27158565259136724, 0.27158565259134654, 0.5431713051827138, -0.27158565259143197]","[0.2715856525667344, 0.27158565259823675, 0.2715856525667344, 0.27158565268593815, 0.2715856525667344, 0.2715856525983234, 0.2715856525914638, 0.2715856525914638, 0.27158565262632983, 0.27158565259823675, 0.5431713051856126, 0.8147569577741471, 0.2715856525667344, 0.5431713051826914, 0.5431713052329918, 0.5431713051826834, 0.2715856525913622, 0.27158565259136724, 0.27158565259134654, 0.5431713051827138, 0.27158565259143197]","['ASPT', 'GND', 'NADPHQR']","['CS', 'AKO', 'ACONT', 'FADOX', 'EDA', 'EDD', 'ICDHyr', 'RPE']","['ASPTA', 'GLUDy', 'FRD5', 'G6PDH2r', 'PGI', 'PGL', 'TALA', 'TKT1', 'TKT2', 'RPI']",RPE,GND,8.147569577687637,1,21,10,1.0,-1.0863426105695213,iIT341,PSL,True,False,-3.32684611318063,0.0,0.037411885447566,0.0
38,"['CS', 'ADSK', 'AHSERL2', 'AKO', 'DCTPD', 'ACONT', 'ACS', 'ADD', 'EX_for_e', 'ARGSL', 'ARGSS', 'ASNN', 'EX_hxan_e', 'ASPT', 'ASPTA', 'EX_lys__L_e', 'EX_mal__L_e', 'BPNT', 'EX_pro__L_e', 'CDAPPA_HP', 'EX_ser__L_e', 'EX_so4_e', 'EX_thr__L_e', 'FADOX', 'FBA', 'FBP', 'FORt', 'FRD5', 'FTHFD', 'G6PDH1', 'G6PDH2r', 'GMPR', 'GND', 'GAPD', 'LYSt2r', 'MALt2r', 'HXPRT', 'PGCD', 'HYXNt', 'ICDHyr', 'PGI', 'NADPHQR', 'PGK', 'PGL', 'NDPK6', 'OCBT', 'P5CD', 'P5CR', 'SULR', 'PAPSR', 'SULabc', 'TALA', 'THRt2r', 'TKT1', 'TKT2', 'TPI', 'PROabc', 'PSERT', 'PSP_L', 'RPE', 'RPI', 'SADT2', 'SERD_L', 'SERt2r']","[-0.24890723974443485, 0.0002832736604667513, 0.0006718359827522641, -0.269037268758775, 0.00011343451010335098, -0.24890723974443485, 0.0002457598854719396, 0.0008907111816034985, -0.0025202557908133617, 0.0007042738582298842, 0.0007042738582298842, 0.001022696961167996, 0.0021340695264021603, 0.2313661058101717, -0.22927741659707834, 0.0015791512902576799, 0.0007007222700696758, 0.0002832736604667513, 0.023130700457841158, 0.0007093497577470688, -0.003587156314218569, -0.0002832736604667513, 0.0010762880683034548, -0.26648811842936726, -0.26515989115328054, 0.26515989115328054, 0.0025202557908133617, 0.2690372687587752, -0.002265564054150737, 0.5465021481647397, 0.26272669933937287, 0.0012433583447986549, 0.8092288475041126, -0.2572508751834379, -0.0015791512902576799, -0.0007007222700696758, -0.0012433583447986618, -0.24855312483490422, -0.0021340695264021603, -0.24890723974443485, -0.8089903670773599, 0.5565624502859161, 0.2572508751834379, 0.8092288475041126, -0.00011343451010335098, 0.0007042738582298842, -0.02219285605231497, 0.02219285605231497, 0.0002832736604667513, 0.0002832736604667513, 0.0002832736604667513, 0.27074293249345194, -0.0010762880683034548, 0.27059287739347265, 0.2725784279128408, -0.26427819686091036, -0.023130700457841158, -0.24855312483490422, -0.24855312483490422, 0.5431713053063134, -0.2660951452913066, 0.0002832736604667513, -0.2404720237088848, 0.003587156314218569]","[0.24890723974443485, 0.0002832736604667513, 0.0006718359827522641, 0.269037268758775, 0.00011343451010335098, 0.24890723974443485, 0.0002457598854719396, 0.0008907111816034985, 0.0025202557908133617, 0.0007042738582298842, 0.0007042738582298842, 0.001022696961167996, 0.0021340695264021603, 0.2313661058101717, 0.22927741659707834, 0.0015791512902576799, 0.0007007222700696758, 0.0002832736604667513, 0.023130700457841158, 0.0007093497577470688, 0.003587156314218569, 0.0002832736604667513, 0.0010762880683034548, 0.26648811842936726, 0.26515989115328054, 0.26515989115328054, 0.0025202557908133617, 0.2690372687587752, 0.002265564054150737, 0.5465021481647397, 0.26272669933937287, 0.0012433583447986549, 0.8092288475041126, 0.2572508751834379, 0.0015791512902576799, 0.0007007222700696758, 0.0012433583447986618, 0.24855312483490422, 0.0021340695264021603, 0.24890723974443485, 0.8089903670773599, 0.5565624502859161, 0.2572508751834379, 0.8092288475041126, 0.00011343451010335098, 0.0007042738582298842, 0.02219285605231497, 0.02219285605231497, 0.0002832736604667513, 0.0002832736604667513, 0.0002832736604667513, 0.27074293249345194, 0.0010762880683034548, 0.27059287739347265, 0.2725784279128408, 0.26427819686091036, 0.023130700457841158, 0.24855312483490422, 0.24855312483490422, 0.5431713053063134, 0.2660951452913066, 0.0002832736604667513, 0.2404720237088848, 0.003587156314218569]","['CS', 'AKO', 'ACONT', 'EX_ser__L_e', 'FTHFD', 'HXPRT', 'ICDHyr', 'P5CD', 'PROabc', 'RPE', 'SERD_L', 'SERt2r']","['ADSK', 'AHSERL2', 'DCTPD', 'ACS', 'ARGSL', 'ARGSS', 'ASNN', 'EX_hxan_e', 'ASPT', 'EX_lys__L_e', 'EX_mal__L_e', 'BPNT', 'EX_pro__L_e', 'CDAPPA_HP', 'EX_so4_e', 'EX_thr__L_e', 'G6PDH1', 'G6PDH2r', 'GMPR', 'GND', 'LYSt2r', 'MALt2r', 'HYXNt', 'NADPHQR', 'PGL', 'NDPK6', 'OCBT', 'SULR', 'PAPSR', 'SULabc', 'THRt2r', 'SADT2']","['ADD', 'EX_for_e', 'ASPTA', 'FADOX', 'FBA', 'FBP', 'FORt', 'FRD5', 'GAPD', 'PGCD', 'PGI', 'PGK', 'P5CR', 'TALA', 'TKT1', 'TKT2', 'TPI', 'PSERT', 'PSP_L', 'RPI']",RPE,PGL,10.637765848546088,1,64,20,-10.0,-1.0095222596031954,iIT341,PSL,True,False,-3.32684611318063,0.0,0.037411885447566,6.92812693473335e-06
0,"['AACPS1', 'AACPS3', '3HAD160', 'ACACT7r', '3OAR160', '3OAS160', 'ACOAD7f', 'ACOATA', 'EAR160x', 'ECOAH7', 'FACOAE140', 'FACOAE160', 'FADRx2', 'HACD7', 'MACPD']","[0.11910914368805808, -0.11910914368859998, 0.11910914368859998, -0.11910914368860001, 0.11910914368859998, 0.11910914368859998, 0.11910914368859998, 0.11910914368859986, 0.11910914368859998, -0.11910914368860001, 0.11910914368859998, -0.11910914368859998, -0.11910914368858905, -0.11910914368860001, -0.11910914368859986]","[0.11910914368805808, 0.11910914368859998, 0.11910914368859998, 0.11910914368860001, 0.11910914368859998, 0.11910914368859998, 0.11910914368859998, 0.11910914368859986, 0.11910914368859998, 0.11910914368860001, 0.11910914368859998, 0.11910914368859998, 0.11910914368858905, 0.11910914368860001, 0.11910914368859986]","['3HAD160', '3OAR160', '3OAS160', 'EAR160x', 'FACOAE140']","['AACPS3', 'ACOAD7f', 'ACOATA', 'FACOAE160', 'FADRx2', 'MACPD']","['AACPS1', 'ACACT7r', 'ECOAH7', 'HACD7']",AACPS3,3HAD160,1.7866371553289888,1,15,4,1.0,0.11910914368806906,iJO1366,PSL,False,False,0.0,0.0,-0.191752101241605,0.0
1,"['AACPS1', 'AACPS3', '3HAD160', 'ACACT7r', '3OAR160', '3OAS160', 'ACOAD7f', 'ACOATA', 'EAR160x', 'ECOAH7', 'FACOAE140', 'FACOAE160', 'FADRx2', 'HACD7', 'MACPD']","[0.11910914368805808, -0.11910914368859998, 0.11910914368859998, -0.11910914368860001, 0.11910914368859998, 0.11910914368859998, 0.11910914368859998, 0.11910914368859986, 0.11910914368859998, -0.11910914368860001, 0.11910914368859998, -0.11910914368859998, -0.11910914368858905, -0.11910914368860001, -0.11910914368859986]","[0.11910914368805808, 0.11910914368859998, 0.11910914368859998, 0.11910914368860001, 0.11910914368859998, 0.11910914368859998, 0.11910914368859998, 0.11910914368859986, 0.11910914368859998, 0.11910914368860001, 0.11910914368859998, 0.11910914368859998, 0.11910914368858905, 0.11910914368860001, 0.11910914368859986]","['3HAD160', '3OAR160', '3OAS160', 'EAR160x', 'FACOAE140']","['AACPS3', 'ACOAD7f', 'ACOATA', 'FACOAE160', 'FADRx2', 'MACPD']","['AACPS1', 'ACACT7r', 'ECOAH7', 'HACD7']",AACPS3,3OAR160,1.7866371553289888,1,15,4,1.0,0.11910914368806906,iJO1366,PSL,False,False,0.0,0.0,-0.191752101241605,0.0
2,"['AACPS1', 'AACPS3', '3HAD160', 'ACACT7r', '3OAR160', '3OAS160', 'ACOAD7f', 'ACOATA', 'EAR160x', 'ECOAH7', 'FACOAE140', 'FACOAE160', 'FADRx2', 'HACD7', 'MACPD']","[0.11910914368805808, -0.11910914368859998, 0.11910914368859998, -0.11910914368860001, 0.11910914368859998, 0.11910914368859998, 0.11910914368859998, 0.11910914368859986, 0.11910914368859998, -0.11910914368860001, 0.11910914368859998, -0.11910914368859998, -0.11910914368858905, -0.11910914368860001, -0.11910914368859986]","[0.11910914368805808, 0.11910914368859998, 0.11910914368859998, 0.11910914368860001, 0.11910914368859998, 0.11910914368859998, 0.11910914368859998, 0.11910914368859986, 0.11910914368859998, 0.11910914368860001, 0.11910914368859998, 0.11910914368859998, 0.11910914368858905, 0.11910914368860001, 0.11910914368859986]","['3HAD160', '3OAR160', '3OAS160', 'EAR160x', 'FACOAE140']","['AACPS3', 'ACOAD7f', 'ACOATA', 'FACOAE160', 'FADRx2', 'MACPD']","['AACPS1', 'ACACT7r', 'ECOAH7', 'HACD7']",AACPS3,3OAS160,1.7866371553289888,1,15,4,1.0,0.11910914368806906,iJO1366,PSL,False,False,0.0,0.0,-0.191752101241605,0.0
3,"['AACPS2', 'AACPS4', '3HAD161', 'ACACT7r', '3OAR161', '3OAS161', 'ACOAD6f', 'ACOATA', 'CTECOAI6', 'CTECOAI7', 'EAR161x', 'ECOAH7', 'FACOAE141', 'FACOAE161', 'FADRx2', 'HACD7', 'MACPD']","[0.14038729954907384, -0.1403872995486, 0.1403872995485937, -0.1403872995486, 0.1403872995485937, 0.1403872995485937, 0.1403872995490738, 0.14038729955049728, -0.14038729954907384, 0.1403872995486, 0.1403872995485937, -0.1403872995486, 0.14038729954907384, -0.1403872995486, -0.14038729955620632, -0.1403872995486, -0.14038729955049728]","[0.14038729954907384, 0.1403872995486, 0.1403872995485937, 0.1403872995486, 0.1403872995485937, 0.1403872995485937, 0.1403872995490738, 0.14038729955049728, 0.14038729954907384, 0.1403872995486, 0.1403872995485937, 0.1403872995486, 0.14038729954907384, 0.1403872995486, 0.14038729955620632, 0.1403872995486, 0.14038729955049728]","['AACPS4', 'ACOATA', 'CTECOAI7', 'FACOAE161', 'FADRx2', 'MACPD']","['AACPS2', '3HAD161', '3OAR161', '3OAS161', 'EAR161x', 'FACOAE141']","['ACACT7r', 'ACOAD6f', 'CTECOAI6', 'ECOAH7', 'HACD7']",AACPS4,3HAD161,2.3865840923265917,1,17,5,1.0,0.1403872995419161,iJO1366,PSL,False,False,0.0,0.0,0.0,0.0
4,"['AACPS2', 'AACPS4', '3HAD161', 'ACACT7r', '3OAR161', '3OAS161', 'ACOAD6f', 'ACOATA', 'CTECOAI6', 'CTECOAI7', 'EAR161x', 'ECOAH7', 'FACOAE141', 'FACOAE161', 'FADRx2', 'HACD7', 'MACPD']","[0.14038729954907384, -0.1403872995486, 0.1403872995485937, -0.1403872995486, 0.1403872995485937, 0.1403872995485937, 0.1403872995490738, 0.14038729955049728, -0.14038729954907384, 0.1403872995486, 0.1403872995485937, -0.1403872995486, 0.14038729954907384, -0.1403872995486, -0.14038729955620632, -0.1403872995486, -0.14038729955049728]","[0.14038729954907384, 0.1403872995486, 0.1403872995485937, 0.1403872995486, 0.1403872995485937, 0.1403872995485937, 0.1403872995490738, 0.14038729955049728, 0.14038729954907384, 0.1403872995486, 0.1403872995485937, 0.1403872995486, 0.14038729954907384, 0.1403872995486, 0.14038729955620632, 0.1403872995486, 0.14038729955049728]","['AACPS4', 'ACOATA', 'CTECOAI7', 'FACOAE161', 'FADRx2', 'MACPD']","['AACPS2', '3HAD161', '3OAR161', '3OAS161', 'EAR161x', 'FACOAE141']","['ACACT7r', 'ACOAD6f', 'CTECOAI6', 'ECOAH7', 'HACD7']",AACPS4,3OAR161,2.3865840923265917,1,17,5,1.0,0.1403872995419161,iJO1366,PSL,False,False,0.0,0.0,0.0,0.0
5,"['AACPS2', 'AACPS4', '3HAD161', 'ACACT7r', '3OAR161', '3OAS161', 'ACOAD6f', 'ACOATA', 'CTECOAI6', 'CTECOAI7', 'EAR161x', 'ECOAH7', 'FACOAE141', 'FACOAE161', 'FADRx2', 'HACD7', 'MACPD']","[0.14038729954907384, -0.1403872995486, 0.1403872995485937, -0.1403872995486, 0.1403872995485937, 0.1403872995485937, 0.1403872995490738, 0.14038729955049728, -0.14038729954907384, 0.1403872995486, 0.1403872995485937, -0.1403872995486, 0.14038729954907384, -0.1403872995486, -0.14038729955620632, -0.1403872995486, -0.14038729955049728]","[0.14038729954907384, 0.1403872995486, 0.1403872995485937, 0.1403872995486, 0.1403872995485937, 0.1403872995485937, 0.1403872995490738, 0.14038729955049728, 0.14038729954907384, 0.1403872995486, 0.1403872995485937, 0.1403872995486, 0.14038729954907384, 0.1403872995486, 0.14038729955620632, 0.1403872995486, 0.14038729955049728]","['AACPS4', 'ACOATA', 'CTECOAI7', 'FACOAE161', 'FADRx2', 'MACPD']","['AACPS2', '3HAD161', '3OAR161', '3OAS161', 'EAR161x', 'FACOAE141']","['ACACT7r', 'ACOAD6f', 'CTECOAI6', 'ECOAH7', 'HACD7']",AACPS4,3OAS161,2.3865840923265917,1,17,5,1.0,0.1403872995419161,iJO1366,PSL,False,False,0.0,0.0,0.0,0.0
6,"['3HAD120', 'AACPS7', 'AACPS8', 'ACACT5r', '3OAR120', '3OAS120', 'ACOAD5f', 'ACOATA', 'EAR120x', 'ECOAH5', 'FACOAE100', 'FACOAE120', 'FADRx2', 'HACD5', 'MACPD']","[0.07262943866879999, -0.07262943866879999, 0.07262943866879999, -0.07262943866874139, 0.07262943866885507, 0.07262943866879999, 0.07262943866874139, 0.07262943866999194, 0.07262943866879999, -0.07262943866874139, 0.07262943866879999, -0.07262943866879999, -0.07262943866879998, -0.07262943866874139, -0.07262943867002081]","[0.07262943866879999, 0.07262943866879999, 0.07262943866879999, 0.07262943866874139, 0.07262943866885507, 0.07262943866879999, 0.07262943866874139, 0.07262943866999194, 0.07262943866879999, 0.07262943866874139, 0.07262943866879999, 0.07262943866879999, 0.07262943866879998, 0.07262943866874139, 0.07262943867002081]","['AACPS7', 'ACOATA', 'FACOAE120', 'FADRx2', 'MACPD']","['3HAD120', 'AACPS8', '3OAR120', '3OAS120', 'EAR120x', 'FACOAE100']","['ACACT5r', 'ACOAD5f', 'ECOAH5', 'HACD5']",AACPS7,3HAD120,1.0894415800311787,1,15,4,1.0,0.07262943866894347,iJO1366,PSL,False,False,0.0,0.0,0.0,0.0
7,"['3HAD120', 'AACPS7', 'AACPS8', 'ACACT5r', '3OAR120', '3OAS120', 'ACOAD5f', 'ACOATA', 'EAR120x', 'ECOAH5', 'FACOAE100', 'FACOAE120', 'FADRx2', 'HACD5', 'MACPD']","[0.07262943866879999, -0.07262943866879999, 0.07262943866879999, -0.07262943866874139, 0.07262943866885507, 0.07262943866879999, 0.07262943866874139, 0.07262943866999194, 0.07262943866879999, -0.07262943866874139, 0.07262943866879999, -0.07262943866879999, -0.07262943866879998, -0.07262943866874139, -0.07262943867002081]","[0.07262943866879999, 0.07262943866879999, 0.07262943866879999, 0.07262943866874139, 0.07262943866885507, 0.07262943866879999, 0.07262943866874139, 0.07262943866999194, 0.07262943866879999, 0.07262943866874139, 0.07262943866879999, 0.07262943866879999, 0.07262943866879998, 0.07262943866874139, 0.07262943867002081]","['AACPS7', 'ACOATA', 'FACOAE120', 'FADRx2', 'MACPD']","['3HAD120', 'AACPS8', '3OAR120', '3OAS120', 'EAR120x', 'FACOAE100']","['ACACT5r', 'ACOAD5f', 'ECOAH5', 'HACD5']",AACPS7,3OAR120,1.0894415800311787,1,15,4,1.0,0.07262943866894347,iJO1366,PSL,False,False,0.0,0.0,0.0,0.0
8,"['3HAD120', 'AACPS7', 'AACPS8', 'ACACT5r', '3OAR120', '3OAS120', 'ACOAD5f', 'ACOATA', 'EAR120x', 'ECOAH5', 'FACOAE100', 'FACOAE120', 'FADRx2', 'HACD5', 'MACPD']","[0.07262943866880729, -0.07262943866879999, 0.07262943866880729, -0.0726294386688, 0.07262943866880729, 0.07262943866880729, 0.0726294386688, 0.07262943866889277, 0.07262943866746725, -0.0726294386688, 0.07262943866880729, -0.0726294386692523, -0.07262943866865554, -0.0726294386688, -0.07262943866889277]","[0.07262943866880729, 0.07262943866879999, 0.07262943866880729, 0.0726294386688, 0.07262943866880729, 0.07262943866880729, 0.0726294386688, 0.07262943866889277, 0.07262943866746725, 0.0726294386688, 0.07262943866880729, 0.0726294386692523, 0.07262943866865554, 0.0726294386688, 0.07262943866889277]","['AACPS7', 'ACOATA', 'FADRx2', 'MACPD']","['3HAD120', 'AACPS8', '3OAR120', '3OAS120', 'EAR120x', 'FACOAE100']","['ACACT5r', 'ACOAD5f', 'ECOAH5', 'FACOAE120', 'HACD5']",AACPS7,3OAS120,1.0894415800305646,1,15,5,1.0,0.07262943866719587,iJO1366,PSL,False,False,0.0,0.0,0.0,0.0
9,"['3HAD100', '3HAD40', '3HAD60', '3HAD80', 'ACACT1r', 'ACACT2r', 'ACACT3r', 'ACACT4r', '3OAR100', '3OAR40', '3OAR60', '3OAR80', '3OAS100', '3OAS60', '3OAS80', 'ACOAD1f', 'ACOAD2f', 'ACOAD3f', 'ACOAD4f', 'ACOATA', 'EAR100x', 'EAR40x', 'EAR60x', 'EAR80x', 'ECOAH1', 'ECOAH2', 'ECOAH3', 'ECOAH4', 'FA100ACPHi', 'FACOAE100', 'FADRx2', 'HACD1', 'HACD2', 'HACD3', 'HACD4', 'KAS15', 'MACPD']","[0.332125881906042, 0.332125881906042, 0.332125881906042, 0.332125881906042, -0.3321258819060328, -0.3321258819060328, -0.3321258819060328, -0.3321258819060328, 0.332125881906042, 0.332125881906042, 0.332125881906042, 0.332125881906042, 0.332125881906042, 0.332125881906042, 0.332125881906042, 0.3321258819060328, 0.3321258819060328, 0.3321258819060328, 0.3321258819060328, 1.3285035276242407, 0.332125881906042, 0.332125881906042, 0.332125881906042, 0.332125881906042, -0.3321258819060328, -0.3321258819060328, -0.3321258819060328, -0.3321258819060328, 0.3321258819057089, -0.3321258819060328, -1.3285035276278068, -0.3321258819060328, -0.3321258819060328, -0.3321258819060328, -0.3321258819060328, 0.332125881906042, -1.3285035276242407]","[0.332125881906042, 0.332125881906042, 0.332125881906042, 0.332125881906042, 0.3321258819060328, 0.3321258819060328, 0.3321258819060328, 0.3321258819060328, 0.332125881906042, 0.332125881906042, 0.332125881906042, 0.332125881906042, 0.332125881906042, 0.332125881906042, 0.332125881906042, 0.3321258819060328, 0.3321258819060328, 0.3321258819060328, 0.3321258819060328, 1.3285035276242407, 0.332125881906042, 0.332125881906042, 0.332125881906042, 0.332125881906042, 0.3321258819060328, 0.3321258819060328, 0.3321258819060328, 0.3321258819060328, 0.3321258819057089, 0.3321258819060328, 1.3285035276278068, 0.3321258819060328, 0.3321258819060328, 0.3321258819060328, 0.3321258819060328, 0.332125881906042, 1.3285035276242407]","['3HAD100', '3HAD40', '3HAD60', '3HAD80', '3OAR100', '3OAR40', '3OAR60', '3OAR80', '3OAS100', '3OAS60', '3OAS80', 'EAR100x', 'EAR40x', 'EAR60x', 'EAR80x', 'FA100ACPHi', 'KAS15']","['ACACT1r', 'ACACT2r', 'ACACT3r', 'ACACT4r', 'ACOAD1f', 'ACOAD2f', 'ACOAD3f', 'ACOAD4f', 'ACOATA', 'ECOAH1', 'ECOAH2', 'ECOAH3', 'ECOAH4', 'FACOAE100', 'FADRx2', 'HACD1', 'HACD2', 'HACD3', 'HACD4', 'MACPD']",[],ACACT1r,3HAD100,15.27779056767757,1,37,0,-7.0,-1.3285035276202786,iJO1366,PSL,True,False,-8.86501624095338,0.0,0.0,0.0
10,"['3HAD40', '3HAD60', '3HAD80', 'ACACT1r', 'ACACT2r', 'ACACT3r', '3OAR40', '3OAR60', '3OAR80', '3OAS60', '3OAS80', 'ACOAD1f', 'ACOAD2f', 'ACOAD3f', 'ACOATA', 'EAR40x', 'EAR60x', 'EAR80x', 'ECOAH1', 'ECOAH2', 'ECOAH3', 'FA80ACPHi', 'FACOAE80', 'FADRx2', 'HACD1', 'HACD2', 'HACD3', 'KAS15', 'MACPD']","[0.33212588190599146, 0.33212588190599146, 0.33212588190599146, -0.332125881906, -0.332125881906, -0.332125881906, 0.33212588190599146, 0.33212588190599146, 0.33212588190599146, 0.33212588190599146, 0.33212588190599146, 0.332125881906, 0.332125881906, 0.332125881906, 0.9963776457179488, 0.33212588190599146, 0.33212588190599146, 0.33212588190599146, -0.332125881906, -0.332125881906, -0.332125881906, 0.332125881906, -0.332125881906, -0.996377645717986, -0.332125881906, -0.332125881906, -0.332125881906, 0.33212588190599146, -0.9963776457179488]","[0.33212588190599146, 0.33212588190599146, 0.33212588190599146, 0.332125881906, 0.332125881906, 0.332125881906, 0.33212588190599146, 0.33212588190599146, 0.33212588190599146, 0.33212588190599146, 0.33212588190599146, 0.332125881906, 0.332125881906, 0.332125881906, 0.9963776457179488, 0.33212588190599146, 0.33212588190599146, 0.33212588190599146, 0.332125881906, 0.332125881906, 0.332125881906, 0.332125881906, 0.332125881906, 0.996377645717986, 0.332125881906, 0.332125881906, 0.332125881906, 0.33212588190599146, 0.9963776457179488]","['3HAD40', '3HAD60', '3HAD80', '3OAR40', '3OAR60', '3OAR80', '3OAS60', '3OAS80', 'EAR40x', 'EAR60x', 'EAR80x', 'FA80ACPHi', 'KAS15']","['ACACT1r', 'ACACT2r', 'ACACT3r', 'ACOAD1f', 'ACOAD2f', 'ACOAD3f', 'ACOATA', 'ECOAH1', 'ECOAH2', 'ECOAH3', 'FACOAE80', 'FADRx2', 'HACD1', 'HACD2', 'HACD3', 'MACPD']",[],ACACT1r,3HAD40,11.624405866709782,1,29,0,-5.0,-0.9963776457179109,iJO1366,PSL,True,False,-8.86501624095338,0.0,0.0,0.0
11,"['3HAD40', '3HAD60', '3HAD80', 'ACACT1r', 'ACACT2r', 'ACACT3r', '3OAR40', '3OAR60', '3OAR80', '3OAS60', '3OAS80', 'ACOAD1f', 'ACOAD2f', 'ACOAD3f', 'ACOATA', 'EAR40x', 'EAR60x', 'EAR80x', 'ECOAH1', 'ECOAH2', 'ECOAH3', 'FA80ACPHi', 'FACOAE80', 'FADRx2', 'HACD1', 'HACD2', 'HACD3', 'KAS15', 'MACPD']","[0.33212588190599146, 0.33212588190599146, 0.33212588190599146, -0.332125881906, -0.332125881906, -0.332125881906, 0.33212588190599146, 0.33212588190599146, 0.33212588190599146, 0.33212588190599146, 0.33212588190599146, 0.332125881906, 0.332125881906, 0.332125881906, 0.9963776457179488, 0.33212588190599146, 0.33212588190599146, 0.33212588190599146, -0.332125881906, -0.332125881906, -0.332125881906, 0.332125881906, -0.332125881906, -0.996377645717986, -0.332125881906, -0.332125881906, -0.332125881906, 0.33212588190599146, -0.9963776457179488]","[0.33212588190599146, 0.33212588190599146, 0.33212588190599146, 0.332125881906, 0.332125881906, 0.332125881906, 0.33212588190599146, 0.33212588190599146, 0.33212588190599146, 0.33212588190599146, 0.33212588190599146, 0.332125881906, 0.332125881906, 0.332125881906, 0.9963776457179488, 0.33212588190599146, 0.33212588190599146, 0.33212588190599146, 0.332125881906, 0.332125881906, 0.332125881906, 0.332125881906, 0.332125881906, 0.996377645717986, 0.332125881906, 0.332125881906, 0.332125881906, 0.33212588190599146, 0.9963776457179488]","['3HAD40', '3HAD60', '3HAD80', '3OAR40', '3OAR60', '3OAR80', '3OAS60', '3OAS80', 'EAR40x', 'EAR60x', 'EAR80x', 'FA80ACPHi', 'KAS15']","['ACACT1r', 'ACACT2r', 'ACACT3r', 'ACOAD1f', 'ACOAD2f', 'ACOAD3f', 'ACOATA', 'ECOAH1', 'ECOAH2', 'ECOAH3', 'FACOAE80', 'FADRx2', 'HACD1', 'HACD2', 'HACD3', 'MACPD']",[],ACACT1r,3HAD60,11.624405866709782,1,29,0,-5.0,-0.9963776457179109,iJO1366,PSL,True,False,-8.86501624095338,0.0,0.0,0.0
12,"['3HAD40', '3HAD60', '3HAD80', 'ACACT1r', 'ACACT2r', 'ACACT3r', '3OAR40', '3OAR60', '3OAR80', '3OAS60', '3OAS80', 'ACOAD1f', 'ACOAD2f', 'ACOAD3f', 'ACOATA', 'EAR40x', 'EAR60x', 'EAR80x', 'ECOAH1', 'ECOAH2', 'ECOAH3', 'FA80ACPHi', 'FACOAE80', 'FADRx2', 'HACD1', 'HACD2', 'HACD3', 'KAS15', 'MACPD']","[0.33212588190599146, 0.33212588190599146, 0.33212588190599146, -0.332125881906, -0.332125881906, -0.332125881906, 0.33212588190599146, 0.33212588190599146, 0.33212588190599146, 0.33212588190599146, 0.33212588190599146, 0.332125881906, 0.332125881906, 0.332125881906, 0.9963776457179488, 0.33212588190599146, 0.33212588190599146, 0.33212588190599146, -0.332125881906, -0.332125881906, -0.332125881906, 0.332125881906, -0.332125881906, -0.996377645717986, -0.332125881906, -0.332125881906, -0.332125881906, 0.33212588190599146, -0.9963776457179488]","[0.33212588190599146, 0.33212588190599146, 0.33212588190599146, 0.332125881906, 0.332125881906, 0.332125881906, 0.33212588190599146, 0.33212588190599146, 0.33212588190599146, 0.33212588190599146, 0.33212588190599146, 0.332125881906, 0.332125881906, 0.332125881906, 0.9963776457179488, 0.33212588190599146, 0.33212588190599146, 0.33212588190599146, 0.332125881906, 0.332125881906, 0.332125881906, 0.332125881906, 0.332125881906, 0.996377645717986, 0.332125881906, 0.332125881906, 0.332125881906, 0.33212588190599146, 0.9963776457179488]","['3HAD40', '3HAD60', '3HAD80', '3OAR40', '3OAR60', '3OAR80', '3OAS60', '3OAS80', 'EAR40x', 'EAR60x', 'EAR80x', 'FA80ACPHi', 'KAS15']","['ACACT1r', 'ACACT2r', 'ACACT3r', 'ACOAD1f', 'ACOAD2f', 'ACOAD3f', 'ACOATA', 'ECOAH1', 'ECOAH2', 'ECOAH3', 'FACOAE80', 'FADRx2', 'HACD1', 'HACD2', 'HACD3', 'MACPD']",[],ACACT1r,3HAD80,11.624405866709782,1,29,0,-5.0,-0.9963776457179109,iJO1366,PSL,True,False,-8.86501624095338,0.0,0.0,0.0
13,"['3HAD100', '3HAD40', '3HAD60', '3HAD80', 'ACACT1r', 'ACACT2r', 'ACACT3r', 'ACACT4r', '3OAR100', '3OAR40', '3OAR60', '3OAR80', '3OAS100', '3OAS60', '3OAS80', 'ACOAD1f', 'ACOAD2f', 'ACOAD3f', 'ACOAD4f', 'ACOATA', 'EAR100x', 'EAR40x', 'EAR60x', 'EAR80x', 'ECOAH1', 'ECOAH2', 'ECOAH3', 'ECOAH4', 'FA100ACPHi', 'FACOAE100', 'FADRx2', 'HACD1', 'HACD2', 'HACD3', 'HACD4', 'KAS15', 'MACPD']","[0.332125881906042, 0.332125881906042, 0.332125881906042, 0.332125881906042, -0.3321258819060328, -0.3321258819060328, -0.3321258819060328, -0.3321258819060328, 0.332125881906042, 0.332125881906042, 0.332125881906042, 0.332125881906042, 0.332125881906042, 0.332125881906042, 0.332125881906042, 0.3321258819060328, 0.3321258819060328, 0.3321258819060328, 0.3321258819060328, 1.3285035276242407, 0.332125881906042, 0.332125881906042, 0.332125881906042, 0.332125881906042, -0.3321258819060328, -0.3321258819060328, -0.3321258819060328, -0.3321258819060328, 0.3321258819057089, -0.3321258819060328, -1.3285035276278068, -0.3321258819060328, -0.3321258819060328, -0.3321258819060328, -0.3321258819060328, 0.332125881906042, -1.3285035276242407]","[0.332125881906042, 0.332125881906042, 0.332125881906042, 0.332125881906042, 0.3321258819060328, 0.3321258819060328, 0.3321258819060328, 0.3321258819060328, 0.332125881906042, 0.332125881906042, 0.332125881906042, 0.332125881906042, 0.332125881906042, 0.332125881906042, 0.332125881906042, 0.3321258819060328, 0.3321258819060328, 0.3321258819060328, 0.3321258819060328, 1.3285035276242407, 0.332125881906042, 0.332125881906042, 0.332125881906042, 0.332125881906042, 0.3321258819060328, 0.3321258819060328, 0.3321258819060328, 0.3321258819060328, 0.3321258819057089, 0.3321258819060328, 1.3285035276278068, 0.3321258819060328, 0.3321258819060328, 0.3321258819060328, 0.3321258819060328, 0.332125881906042, 1.3285035276242407]","['3HAD100', '3HAD40', '3HAD60', '3HAD80', '3OAR100', '3OAR40', '3OAR60', '3OAR80', '3OAS100', '3OAS60', '3OAS80', 'EAR100x', 'EAR40x', 'EAR60x', 'EAR80x', 'FA100ACPHi', 'KAS15']","['ACACT1r', 'ACACT2r', 'ACACT3r', 'ACACT4r', 'ACOAD1f', 'ACOAD2f', 'ACOAD3f', 'ACOAD4f', 'ACOATA', 'ECOAH1', 'ECOAH2', 'ECOAH3', 'ECOAH4', 'FACOAE100', 'FADRx2', 'HACD1', 'HACD2', 'HACD3', 'HACD4', 'MACPD']",[],ACACT1r,3OAR100,15.27779056767757,1,37,0,-7.0,-1.3285035276202786,iJO1366,PSL,True,False,-8.86501624095338,0.0,0.0,0.0
14,"['3HAD40', '3HAD60', '3HAD80', 'ACACT1r', 'ACACT2r', 'ACACT3r', '3OAR40', '3OAR60', '3OAR80', '3OAS60', '3OAS80', 'ACOAD1f', 'ACOAD2f', 'ACOAD3f', 'ACOATA', 'EAR40x', 'EAR60x', 'EAR80x', 'ECOAH1', 'ECOAH2', 'ECOAH3', 'FA80ACPHi', 'FACOAE80', 'FADRx2', 'HACD1', 'HACD2', 'HACD3', 'KAS15', 'MACPD']","[0.33212588190599146, 0.33212588190599146, 0.33212588190599146, -0.332125881906, -0.332125881906, -0.332125881906, 0.33212588190599146, 0.33212588190599146, 0.33212588190599146, 0.33212588190599146, 0.33212588190599146, 0.332125881906, 0.332125881906, 0.332125881906, 0.9963776457179488, 0.33212588190599146, 0.33212588190599146, 0.33212588190599146, -0.332125881906, -0.332125881906, -0.332125881906, 0.332125881906, -0.332125881906, -0.996377645717986, -0.332125881906, -0.332125881906, -0.332125881906, 0.33212588190599146, -0.9963776457179488]","[0.33212588190599146, 0.33212588190599146, 0.33212588190599146, 0.332125881906, 0.332125881906, 0.332125881906, 0.33212588190599146, 0.33212588190599146, 0.33212588190599146, 0.33212588190599146, 0.33212588190599146, 0.332125881906, 0.332125881906, 0.332125881906, 0.9963776457179488, 0.33212588190599146, 0.33212588190599146, 0.33212588190599146, 0.332125881906, 0.332125881906, 0.332125881906, 0.332125881906, 0.332125881906, 0.996377645717986, 0.332125881906, 0.332125881906, 0.332125881906, 0.33212588190599146, 0.9963776457179488]","['3HAD40', '3HAD60', '3HAD80', '3OAR40', '3OAR60', '3OAR80', '3OAS60', '3OAS80', 'EAR40x', 'EAR60x', 'EAR80x', 'FA80ACPHi', 'KAS15']","['ACACT1r', 'ACACT2r', 'ACACT3r', 'ACOAD1f', 'ACOAD2f', 'ACOAD3f', 'ACOATA', 'ECOAH1', 'ECOAH2', 'ECOAH3', 'FACOAE80', 'FADRx2', 'HACD1', 'HACD2', 'HACD3', 'MACPD']",[],ACACT1r,3OAR40,11.624405866709782,1,29,0,-5.0,-0.9963776457179109,iJO1366,PSL,True,False,-8.86501624095338,0.0,0.0,0.0
15,"['3HAD40', '3HAD60', '3HAD80', 'ACACT1r', 'ACACT2r', 'ACACT3r', '3OAR40', '3OAR60', '3OAR80', '3OAS60', '3OAS80', 'ACOAD1f', 'ACOAD2f', 'ACOAD3f', 'ACOATA', 'EAR40x', 'EAR60x', 'EAR80x', 'ECOAH1', 'ECOAH2', 'ECOAH3', 'FA80ACPHi', 'FACOAE80', 'FADRx2', 'HACD1', 'HACD2', 'HACD3', 'KAS15', 'MACPD']","[0.33212588190599146, 0.33212588190599146, 0.33212588190599146, -0.332125881906, -0.332125881906, -0.332125881906, 0.33212588190599146, 0.33212588190599146, 0.33212588190599146, 0.33212588190599146, 0.33212588190599146, 0.332125881906, 0.332125881906, 0.332125881906, 0.9963776457179488, 0.33212588190599146, 0.33212588190599146, 0.33212588190599146, -0.332125881906, -0.332125881906, -0.332125881906, 0.332125881906, -0.332125881906, -0.996377645717986, -0.332125881906, -0.332125881906, -0.332125881906, 0.33212588190599146, -0.9963776457179488]","[0.33212588190599146, 0.33212588190599146, 0.33212588190599146, 0.332125881906, 0.332125881906, 0.332125881906, 0.33212588190599146, 0.33212588190599146, 0.33212588190599146, 0.33212588190599146, 0.33212588190599146, 0.332125881906, 0.332125881906, 0.332125881906, 0.9963776457179488, 0.33212588190599146, 0.33212588190599146, 0.33212588190599146, 0.332125881906, 0.332125881906, 0.332125881906, 0.332125881906, 0.332125881906, 0.996377645717986, 0.332125881906, 0.332125881906, 0.332125881906, 0.33212588190599146, 0.9963776457179488]","['3HAD40', '3HAD60', '3HAD80', '3OAR40', '3OAR60', '3OAR80', '3OAS60', '3OAS80', 'EAR40x', 'EAR60x', 'EAR80x', 'FA80ACPHi', 'KAS15']","['ACACT1r', 'ACACT2r', 'ACACT3r', 'ACOAD1f', 'ACOAD2f', 'ACOAD3f', 'ACOATA', 'ECOAH1', 'ECOAH2', 'ECOAH3', 'FACOAE80', 'FADRx2', 'HACD1', 'HACD2', 'HACD3', 'MACPD']",[],ACACT1r,3OAR60,11.624405866709782,1,29,0,-5.0,-0.9963776457179109,iJO1366,PSL,True,False,-8.86501624095338,0.0,0.0,0.0
16,"['3HAD40', '3HAD60', '3HAD80', 'ACACT1r', 'ACACT2r', 'ACACT3r', '3OAR40', '3OAR60', '3OAR80', '3OAS60', '3OAS80', 'ACOAD1f', 'ACOAD2f', 'ACOAD3f', 'ACOATA', 'EAR40x', 'EAR60x', 'EAR80x', 'ECOAH1', 'ECOAH2', 'ECOAH3', 'FA80ACPHi', 'FACOAE80', 'FADRx2', 'HACD1', 'HACD2', 'HACD3', 'KAS15', 'MACPD']","[0.33212588190599146, 0.33212588190599146, 0.33212588190599146, -0.332125881906, -0.332125881906, -0.332125881906, 0.33212588190599146, 0.33212588190599146, 0.33212588190599146, 0.33212588190599146, 0.33212588190599146, 0.332125881906, 0.332125881906, 0.332125881906, 0.9963776457179488, 0.33212588190599146, 0.33212588190599146, 0.33212588190599146, -0.332125881906, -0.332125881906, -0.332125881906, 0.332125881906, -0.332125881906, -0.996377645717986, -0.332125881906, -0.332125881906, -0.332125881906, 0.33212588190599146, -0.9963776457179488]","[0.33212588190599146, 0.33212588190599146, 0.33212588190599146, 0.332125881906, 0.332125881906, 0.332125881906, 0.33212588190599146, 0.33212588190599146, 0.33212588190599146, 0.33212588190599146, 0.33212588190599146, 0.332125881906, 0.332125881906, 0.332125881906, 0.9963776457179488, 0.33212588190599146, 0.33212588190599146, 0.33212588190599146, 0.332125881906, 0.332125881906, 0.332125881906, 0.332125881906, 0.332125881906, 0.996377645717986, 0.332125881906, 0.332125881906, 0.332125881906, 0.33212588190599146, 0.9963776457179488]","['3HAD40', '3HAD60', '3HAD80', '3OAR40', '3OAR60', '3OAR80', '3OAS60', '3OAS80', 'EAR40x', 'EAR60x', 'EAR80x', 'FA80ACPHi', 'KAS15']","['ACACT1r', 'ACACT2r', 'ACACT3r', 'ACOAD1f', 'ACOAD2f', 'ACOAD3f', 'ACOATA', 'ECOAH1', 'ECOAH2', 'ECOAH3', 'FACOAE80', 'FADRx2', 'HACD1', 'HACD2', 'HACD3', 'MACPD']",[],ACACT1r,3OAR80,11.624405866709782,1,29,0,-5.0,-0.9963776457179109,iJO1366,PSL,True,False,-8.86501624095338,0.0,0.0,0.0
17,"['3HAD100', '3HAD40', '3HAD60', '3HAD80', 'ACACT1r', 'ACACT2r', 'ACACT3r', 'ACACT4r', '3OAR100', '3OAR40', '3OAR60', '3OAR80', '3OAS100', '3OAS60', '3OAS80', 'ACOAD1f', 'ACOAD2f', 'ACOAD3f', 'ACOAD4f', 'ACOATA', 'EAR100x', 'EAR40x', 'EAR60x', 'EAR80x', 'ECOAH1', 'ECOAH2', 'ECOAH3', 'ECOAH4', 'FA100ACPHi', 'FACOAE100', 'FADRx2', 'HACD1', 'HACD2', 'HACD3', 'HACD4', 'KAS15', 'MACPD']","[0.332125881906042, 0.332125881906042, 0.332125881906042, 0.332125881906042, -0.3321258819060328, -0.3321258819060328, -0.3321258819060328, -0.3321258819060328, 0.332125881906042, 0.332125881906042, 0.332125881906042, 0.332125881906042, 0.332125881906042, 0.332125881906042, 0.332125881906042, 0.3321258819060328, 0.3321258819060328, 0.3321258819060328, 0.3321258819060328, 1.3285035276242407, 0.332125881906042, 0.332125881906042, 0.332125881906042, 0.332125881906042, -0.3321258819060328, -0.3321258819060328, -0.3321258819060328, -0.3321258819060328, 0.3321258819057089, -0.3321258819060328, -1.3285035276278068, -0.3321258819060328, -0.3321258819060328, -0.3321258819060328, -0.3321258819060328, 0.332125881906042, -1.3285035276242407]","[0.332125881906042, 0.332125881906042, 0.332125881906042, 0.332125881906042, 0.3321258819060328, 0.3321258819060328, 0.3321258819060328, 0.3321258819060328, 0.332125881906042, 0.332125881906042, 0.332125881906042, 0.332125881906042, 0.332125881906042, 0.332125881906042, 0.332125881906042, 0.3321258819060328, 0.3321258819060328, 0.3321258819060328, 0.3321258819060328, 1.3285035276242407, 0.332125881906042, 0.332125881906042, 0.332125881906042, 0.332125881906042, 0.3321258819060328, 0.3321258819060328, 0.3321258819060328, 0.3321258819060328, 0.3321258819057089, 0.3321258819060328, 1.3285035276278068, 0.3321258819060328, 0.3321258819060328, 0.3321258819060328, 0.3321258819060328, 0.332125881906042, 1.3285035276242407]","['3HAD100', '3HAD40', '3HAD60', '3HAD80', '3OAR100', '3OAR40', '3OAR60', '3OAR80', '3OAS100', '3OAS60', '3OAS80', 'EAR100x', 'EAR40x', 'EAR60x', 'EAR80x', 'FA100ACPHi', 'KAS15']","['ACACT1r', 'ACACT2r', 'ACACT3r', 'ACACT4r', 'ACOAD1f', 'ACOAD2f', 'ACOAD3f', 'ACOAD4f', 'ACOATA', 'ECOAH1', 'ECOAH2', 'ECOAH3', 'ECOAH4', 'FACOAE100', 'FADRx2', 'HACD1', 'HACD2', 'HACD3', 'HACD4', 'MACPD']",[],ACACT1r,3OAS100,15.27779056767757,1,37,0,-7.0,-1.3285035276202786,iJO1366,PSL,True,False,-8.86501624095338,0.0,0.0,0.0
18,"['3HAD40', '3HAD60', '3HAD80', 'ACACT1r', 'ACACT2r', 'ACACT3r', '3OAR40', '3OAR60', '3OAR80', '3OAS60', '3OAS80', 'ACOAD1f', 'ACOAD2f', 'ACOAD3f', 'ACOATA', 'EAR40x', 'EAR60x', 'EAR80x', 'ECOAH1', 'ECOAH2', 'ECOAH3', 'FA80ACPHi', 'FACOAE80', 'FADRx2', 'HACD1', 'HACD2', 'HACD3', 'KAS15', 'MACPD']","[0.33212588190599146, 0.33212588190599146, 0.33212588190599146, -0.332125881906, -0.332125881906, -0.332125881906, 0.33212588190599146, 0.33212588190599146, 0.33212588190599146, 0.33212588190599146, 0.33212588190599146, 0.332125881906, 0.332125881906, 0.332125881906, 0.9963776457179488, 0.33212588190599146, 0.33212588190599146, 0.33212588190599146, -0.332125881906, -0.332125881906, -0.332125881906, 0.332125881906, -0.332125881906, -0.996377645717986, -0.332125881906, -0.332125881906, -0.332125881906, 0.33212588190599146, -0.9963776457179488]","[0.33212588190599146, 0.33212588190599146, 0.33212588190599146, 0.332125881906, 0.332125881906, 0.332125881906, 0.33212588190599146, 0.33212588190599146, 0.33212588190599146, 0.33212588190599146, 0.33212588190599146, 0.332125881906, 0.332125881906, 0.332125881906, 0.9963776457179488, 0.33212588190599146, 0.33212588190599146, 0.33212588190599146, 0.332125881906, 0.332125881906, 0.332125881906, 0.332125881906, 0.332125881906, 0.996377645717986, 0.332125881906, 0.332125881906, 0.332125881906, 0.33212588190599146, 0.9963776457179488]","['3HAD40', '3HAD60', '3HAD80', '3OAR40', '3OAR60', '3OAR80', '3OAS60', '3OAS80', 'EAR40x', 'EAR60x', 'EAR80x', 'FA80ACPHi', 'KAS15']","['ACACT1r', 'ACACT2r', 'ACACT3r', 'ACOAD1f', 'ACOAD2f', 'ACOAD3f', 'ACOATA', 'ECOAH1', 'ECOAH2', 'ECOAH3', 'FACOAE80', 'FADRx2', 'HACD1', 'HACD2', 'HACD3', 'MACPD']",[],ACACT1r,3OAS60,11.624405866709782,1,29,0,-5.0,-0.9963776457179109,iJO1366,PSL,True,False,-8.86501624095338,0.0,0.0,-10.6104250518248
19,"['3HAD40', '3HAD60', '3HAD80', 'ACACT1r', 'ACACT2r', 'ACACT3r', '3OAR40', '3OAR60', '3OAR80', '3OAS60', '3OAS80', 'ACOAD1f', 'ACOAD2f', 'ACOAD3f', 'ACOATA', 'EAR40x', 'EAR60x', 'EAR80x', 'ECOAH1', 'ECOAH2', 'ECOAH3', 'FA80ACPHi', 'FACOAE80', 'FADRx2', 'HACD1', 'HACD2', 'HACD3', 'KAS15', 'MACPD']","[0.33212588190599146, 0.33212588190599146, 0.33212588190599146, -0.332125881906, -0.332125881906, -0.332125881906, 0.33212588190599146, 0.33212588190599146, 0.33212588190599146, 0.33212588190599146, 0.33212588190599146, 0.332125881906, 0.332125881906, 0.332125881906, 0.9963776457179488, 0.33212588190599146, 0.33212588190599146, 0.33212588190599146, -0.332125881906, -0.332125881906, -0.332125881906, 0.332125881906, -0.332125881906, -0.996377645717986, -0.332125881906, -0.332125881906, -0.332125881906, 0.33212588190599146, -0.9963776457179488]","[0.33212588190599146, 0.33212588190599146, 0.33212588190599146, 0.332125881906, 0.332125881906, 0.332125881906, 0.33212588190599146, 0.33212588190599146, 0.33212588190599146, 0.33212588190599146, 0.33212588190599146, 0.332125881906, 0.332125881906, 0.332125881906, 0.9963776457179488, 0.33212588190599146, 0.33212588190599146, 0.33212588190599146, 0.332125881906, 0.332125881906, 0.332125881906, 0.332125881906, 0.332125881906, 0.996377645717986, 0.332125881906, 0.332125881906, 0.332125881906, 0.33212588190599146, 0.9963776457179488]","['3HAD40', '3HAD60', '3HAD80', '3OAR40', '3OAR60', '3OAR80', '3OAS60', '3OAS80', 'EAR40x', 'EAR60x', 'EAR80x', 'FA80ACPHi', 'KAS15']","['ACACT1r', 'ACACT2r', 'ACACT3r', 'ACOAD1f', 'ACOAD2f', 'ACOAD3f', 'ACOATA', 'ECOAH1', 'ECOAH2', 'ECOAH3', 'FACOAE80', 'FADRx2', 'HACD1', 'HACD2', 'HACD3', 'MACPD']",[],ACACT1r,3OAS80,11.624405866709782,1,29,0,-5.0,-0.9963776457179109,iJO1366,PSL,True,False,-8.86501624095338,0.0,0.0,0.0
20,"['3HAD100', '3HAD40', '3HAD60', '3HAD80', 'ACACT1r', 'ACACT2r', 'ACACT3r', 'ACACT4r', '3OAR100', '3OAR40', '3OAR60', '3OAR80', '3OAS100', '3OAS60', '3OAS80', 'ACOAD1f', 'ACOAD2f', 'ACOAD3f', 'ACOAD4f', 'ACOATA', 'EAR100x', 'EAR40x', 'EAR60x', 'EAR80x', 'ECOAH1', 'ECOAH2', 'ECOAH3', 'ECOAH4', 'FA100ACPHi', 'FACOAE100', 'FADRx2', 'HACD1', 'HACD2', 'HACD3', 'HACD4', 'KAS15', 'MACPD']","[0.332125881906042, 0.332125881906042, 0.332125881906042, 0.332125881906042, -0.3321258819060328, -0.3321258819060328, -0.3321258819060328, -0.3321258819060328, 0.332125881906042, 0.332125881906042, 0.332125881906042, 0.332125881906042, 0.332125881906042, 0.332125881906042, 0.332125881906042, 0.3321258819060328, 0.3321258819060328, 0.3321258819060328, 0.3321258819060328, 1.3285035276242407, 0.332125881906042, 0.332125881906042, 0.332125881906042, 0.332125881906042, -0.3321258819060328, -0.3321258819060328, -0.3321258819060328, -0.3321258819060328, 0.3321258819057089, -0.3321258819060328, -1.3285035276278068, -0.3321258819060328, -0.3321258819060328, -0.3321258819060328, -0.3321258819060328, 0.332125881906042, -1.3285035276242407]","[0.332125881906042, 0.332125881906042, 0.332125881906042, 0.332125881906042, 0.3321258819060328, 0.3321258819060328, 0.3321258819060328, 0.3321258819060328, 0.332125881906042, 0.332125881906042, 0.332125881906042, 0.332125881906042, 0.332125881906042, 0.332125881906042, 0.332125881906042, 0.3321258819060328, 0.3321258819060328, 0.3321258819060328, 0.3321258819060328, 1.3285035276242407, 0.332125881906042, 0.332125881906042, 0.332125881906042, 0.332125881906042, 0.3321258819060328, 0.3321258819060328, 0.3321258819060328, 0.3321258819060328, 0.3321258819057089, 0.3321258819060328, 1.3285035276278068, 0.3321258819060328, 0.3321258819060328, 0.3321258819060328, 0.3321258819060328, 0.332125881906042, 1.3285035276242407]","['3HAD100', '3HAD40', '3HAD60', '3HAD80', '3OAR100', '3OAR40', '3OAR60', '3OAR80', '3OAS100', '3OAS60', '3OAS80', 'EAR100x', 'EAR40x', 'EAR60x', 'EAR80x', 'FA100ACPHi', 'KAS15']","['ACACT1r', 'ACACT2r', 'ACACT3r', 'ACACT4r', 'ACOAD1f', 'ACOAD2f', 'ACOAD3f', 'ACOAD4f', 'ACOATA', 'ECOAH1', 'ECOAH2', 'ECOAH3', 'ECOAH4', 'FACOAE100', 'FADRx2', 'HACD1', 'HACD2', 'HACD3', 'HACD4', 'MACPD']",[],ACACT2r,3HAD100,15.27779056767757,1,37,0,-7.0,-1.3285035276202786,iJO1366,PSL,True,False,-8.86501624095338,0.0,0.0,0.0
21,"['3HAD40', '3HAD60', '3HAD80', 'ACACT1r', 'ACACT2r', 'ACACT3r', '3OAR40', '3OAR60', '3OAR80', '3OAS60', '3OAS80', 'ACOAD1f', 'ACOAD2f', 'ACOAD3f', 'ACOATA', 'EAR40x', 'EAR60x', 'EAR80x', 'ECOAH1', 'ECOAH2', 'ECOAH3', 'FA80ACPHi', 'FACOAE80', 'FADRx2', 'HACD1', 'HACD2', 'HACD3', 'KAS15', 'MACPD']","[0.332125881905984, 0.332125881905984, 0.33212588190598413, -0.332125881906, -0.332125881906, -0.332125881906, 0.332125881905984, 0.332125881905984, 0.33212588190598413, 0.332125881905984, 0.33212588190598413, 0.332125881906, 0.332125881906, 0.332125881906, 0.9963776457179081, 0.332125881905984, 0.332125881905984, 0.33212588190598413, -0.332125881906, -0.332125881906, -0.332125881906, 0.332125881906, -0.332125881906, -0.9963776457180094, -0.332125881906, -0.332125881906, -0.332125881906, 0.332125881905984, -0.9963776457179081]","[0.332125881905984, 0.332125881905984, 0.33212588190598413, 0.332125881906, 0.332125881906, 0.332125881906, 0.332125881905984, 0.332125881905984, 0.33212588190598413, 0.332125881905984, 0.33212588190598413, 0.332125881906, 0.332125881906, 0.332125881906, 0.9963776457179081, 0.332125881905984, 0.332125881905984, 0.33212588190598413, 0.332125881906, 0.332125881906, 0.332125881906, 0.332125881906, 0.332125881906, 0.9963776457180094, 0.332125881906, 0.332125881906, 0.332125881906, 0.332125881905984, 0.9963776457179081]","['3HAD40', '3HAD60', '3HAD80', '3OAR40', '3OAR60', '3OAR80', '3OAS60', '3OAS80', 'EAR40x', 'EAR60x', 'EAR80x', 'FA80ACPHi', 'KAS15']","['ACACT1r', 'ACACT2r', 'ACACT3r', 'ACOAD1f', 'ACOAD2f', 'ACOAD3f', 'ACOATA', 'ECOAH1', 'ECOAH2', 'ECOAH3', 'FACOAE80', 'HACD1', 'HACD2', 'HACD3', 'MACPD']",['FADRx2'],ACACT2r,3HAD40,11.624405866709855,1,29,1,-5.0,-0.9963776457177995,iJO1366,PSL,True,False,-8.86501624095338,0.0,0.0,0.0
22,"['3HAD40', '3HAD60', '3HAD80', 'ACACT1r', 'ACACT2r', 'ACACT3r', '3OAR40', '3OAR60', '3OAR80', '3OAS60', '3OAS80', 'ACOAD1f', 'ACOAD2f', 'ACOAD3f', 'ACOATA', 'EAR40x', 'EAR60x', 'EAR80x', 'ECOAH1', 'ECOAH2', 'ECOAH3', 'FA80ACPHi', 'FACOAE80', 'FADRx2', 'HACD1', 'HACD2', 'HACD3', 'KAS15', 'MACPD']","[0.3321258819060322, 0.3321258819060322, 0.332125881906, -0.332125881906, -0.332125881906, -0.332125881906, 0.3321258819060322, 0.3321258819060322, 0.332125881906, 0.3321258819060322, 0.332125881906, 0.332125881906, 0.332125881906, 0.332125881906, 0.9963776457181219, 0.3321258819060322, 0.3321258819060322, 0.332125881906, -0.332125881906, -0.332125881906, -0.332125881906, 0.33212588190515047, -0.332125881906, -0.9963776457146418, -0.332125881906, -0.332125881906, -0.332125881906, 0.3321258819060322, -0.9963776457181219]","[0.3321258819060322, 0.3321258819060322, 0.332125881906, 0.332125881906, 0.332125881906, 0.332125881906, 0.3321258819060322, 0.3321258819060322, 0.332125881906, 0.3321258819060322, 0.332125881906, 0.332125881906, 0.332125881906, 0.332125881906, 0.9963776457181219, 0.3321258819060322, 0.3321258819060322, 0.332125881906, 0.332125881906, 0.332125881906, 0.332125881906, 0.33212588190515047, 0.332125881906, 0.9963776457146418, 0.332125881906, 0.332125881906, 0.332125881906, 0.3321258819060322, 0.9963776457181219]","['3HAD40', '3HAD60', '3HAD80', '3OAR40', '3OAR60', '3OAR80', '3OAS60', '3OAS80', 'EAR40x', 'EAR60x', 'EAR80x', 'FA80ACPHi', 'KAS15']","['ACACT1r', 'ACACT2r', 'ACACT3r', 'ACOAD1f', 'ACOAD2f', 'ACOAD3f', 'ACOATA', 'ECOAH1', 'ECOAH2', 'ECOAH3', 'FACOAE80', 'FADRx2', 'HACD1', 'HACD2', 'HACD3', 'MACPD']",[],ACACT2r,3HAD60,11.624405866710797,1,29,0,-5.0,-0.9963776457207665,iJO1366,PSL,True,False,-8.86501624095338,0.0,0.0,0.0
23,"['3HAD40', '3HAD60', '3HAD80', 'ACACT1r', 'ACACT2r', 'ACACT3r', '3OAR40', '3OAR60', '3OAR80', '3OAS60', '3OAS80', 'ACOAD1f', 'ACOAD2f', 'ACOAD3f', 'ACOATA', 'EAR40x', 'EAR60x', 'EAR80x', 'ECOAH1', 'ECOAH2', 'ECOAH3', 'FA80ACPHi', 'FACOAE80', 'FADRx2', 'HACD1', 'HACD2', 'HACD3', 'KAS15', 'MACPD']","[0.332125881905984, 0.332125881905984, 0.33212588190598413, -0.332125881906, -0.332125881906, -0.332125881906, 0.332125881905984, 0.332125881905984, 0.33212588190598413, 0.332125881905984, 0.33212588190598413, 0.332125881906, 0.332125881906, 0.332125881906, 0.9963776457179081, 0.332125881905984, 0.332125881905984, 0.33212588190598413, -0.332125881906, -0.332125881906, -0.332125881906, 0.332125881906, -0.332125881906, -0.9963776457180094, -0.332125881906, -0.332125881906, -0.332125881906, 0.332125881905984, -0.9963776457179081]","[0.332125881905984, 0.332125881905984, 0.33212588190598413, 0.332125881906, 0.332125881906, 0.332125881906, 0.332125881905984, 0.332125881905984, 0.33212588190598413, 0.332125881905984, 0.33212588190598413, 0.332125881906, 0.332125881906, 0.332125881906, 0.9963776457179081, 0.332125881905984, 0.332125881905984, 0.33212588190598413, 0.332125881906, 0.332125881906, 0.332125881906, 0.332125881906, 0.332125881906, 0.9963776457180094, 0.332125881906, 0.332125881906, 0.332125881906, 0.332125881905984, 0.9963776457179081]","['3HAD40', '3HAD60', '3HAD80', '3OAR40', '3OAR60', '3OAR80', '3OAS60', '3OAS80', 'EAR40x', 'EAR60x', 'EAR80x', 'FA80ACPHi', 'KAS15']","['ACACT1r', 'ACACT2r', 'ACACT3r', 'ACOAD1f', 'ACOAD2f', 'ACOAD3f', 'ACOATA', 'ECOAH1', 'ECOAH2', 'ECOAH3', 'FACOAE80', 'HACD1', 'HACD2', 'HACD3', 'MACPD']",['FADRx2'],ACACT2r,3HAD80,11.624405866709855,1,29,1,-5.0,-0.9963776457177995,iJO1366,PSL,True,False,-8.86501624095338,0.0,0.0,0.0
24,"['3HAD100', '3HAD40', '3HAD60', '3HAD80', 'ACACT1r', 'ACACT2r', 'ACACT3r', 'ACACT4r', '3OAR100', '3OAR40', '3OAR60', '3OAR80', '3OAS100', '3OAS60', '3OAS80', 'ACOAD1f', 'ACOAD2f', 'ACOAD3f', 'ACOAD4f', 'ACOATA', 'EAR100x', 'EAR40x', 'EAR60x', 'EAR80x', 'ECOAH1', 'ECOAH2', 'ECOAH3', 'ECOAH4', 'FA100ACPHi', 'FACOAE100', 'FADRx2', 'HACD1', 'HACD2', 'HACD3', 'HACD4', 'KAS15', 'MACPD']","[0.332125881906042, 0.332125881906042, 0.332125881906042, 0.332125881906042, -0.3321258819060328, -0.3321258819060328, -0.3321258819060328, -0.3321258819060328, 0.332125881906042, 0.332125881906042, 0.332125881906042, 0.332125881906042, 0.332125881906042, 0.332125881906042, 0.332125881906042, 0.3321258819060328, 0.3321258819060328, 0.3321258819060328, 0.3321258819060328, 1.3285035276242407, 0.332125881906042, 0.332125881906042, 0.332125881906042, 0.332125881906042, -0.3321258819060328, -0.3321258819060328, -0.3321258819060328, -0.3321258819060328, 0.3321258819057089, -0.3321258819060328, -1.3285035276278068, -0.3321258819060328, -0.3321258819060328, -0.3321258819060328, -0.3321258819060328, 0.332125881906042, -1.3285035276242407]","[0.332125881906042, 0.332125881906042, 0.332125881906042, 0.332125881906042, 0.3321258819060328, 0.3321258819060328, 0.3321258819060328, 0.3321258819060328, 0.332125881906042, 0.332125881906042, 0.332125881906042, 0.332125881906042, 0.332125881906042, 0.332125881906042, 0.332125881906042, 0.3321258819060328, 0.3321258819060328, 0.3321258819060328, 0.3321258819060328, 1.3285035276242407, 0.332125881906042, 0.332125881906042, 0.332125881906042, 0.332125881906042, 0.3321258819060328, 0.3321258819060328, 0.3321258819060328, 0.3321258819060328, 0.3321258819057089, 0.3321258819060328, 1.3285035276278068, 0.3321258819060328, 0.3321258819060328, 0.3321258819060328, 0.3321258819060328, 0.332125881906042, 1.3285035276242407]","['3HAD100', '3HAD40', '3HAD60', '3HAD80', '3OAR100', '3OAR40', '3OAR60', '3OAR80', '3OAS100', '3OAS60', '3OAS80', 'EAR100x', 'EAR40x', 'EAR60x', 'EAR80x', 'FA100ACPHi', 'KAS15']","['ACACT1r', 'ACACT2r', 'ACACT3r', 'ACACT4r', 'ACOAD1f', 'ACOAD2f', 'ACOAD3f', 'ACOAD4f', 'ACOATA', 'ECOAH1', 'ECOAH2', 'ECOAH3', 'ECOAH4', 'FACOAE100', 'FADRx2', 'HACD1', 'HACD2', 'HACD3', 'HACD4', 'MACPD']",[],ACACT2r,3OAR100,15.27779056767757,1,37,0,-7.0,-1.3285035276202786,iJO1366,PSL,True,False,-8.86501624095338,0.0,0.0,0.0
25,"['3HAD40', '3HAD60', '3HAD80', 'ACACT1r', 'ACACT2r', 'ACACT3r', '3OAR40', '3OAR60', '3OAR80', '3OAS60', '3OAS80', 'ACOAD1f', 'ACOAD2f', 'ACOAD3f', 'ACOATA', 'EAR40x', 'EAR60x', 'EAR80x', 'ECOAH1', 'ECOAH2', 'ECOAH3', 'FA80ACPHi', 'FACOAE80', 'FADRx2', 'HACD1', 'HACD2', 'HACD3', 'KAS15', 'MACPD']","[0.332125881905984, 0.332125881905984, 0.33212588190598413, -0.332125881906, -0.332125881906, -0.332125881906, 0.332125881905984, 0.332125881905984, 0.33212588190598413, 0.332125881905984, 0.33212588190598413, 0.332125881906, 0.332125881906, 0.332125881906, 0.9963776457179081, 0.332125881905984, 0.332125881905984, 0.33212588190598413, -0.332125881906, -0.332125881906, -0.332125881906, 0.332125881906, -0.332125881906, -0.9963776457180094, -0.332125881906, -0.332125881906, -0.332125881906, 0.332125881905984, -0.9963776457179081]","[0.332125881905984, 0.332125881905984, 0.33212588190598413, 0.332125881906, 0.332125881906, 0.332125881906, 0.332125881905984, 0.332125881905984, 0.33212588190598413, 0.332125881905984, 0.33212588190598413, 0.332125881906, 0.332125881906, 0.332125881906, 0.9963776457179081, 0.332125881905984, 0.332125881905984, 0.33212588190598413, 0.332125881906, 0.332125881906, 0.332125881906, 0.332125881906, 0.332125881906, 0.9963776457180094, 0.332125881906, 0.332125881906, 0.332125881906, 0.332125881905984, 0.9963776457179081]","['3HAD40', '3HAD60', '3HAD80', '3OAR40', '3OAR60', '3OAR80', '3OAS60', '3OAS80', 'EAR40x', 'EAR60x', 'EAR80x', 'FA80ACPHi', 'KAS15']","['ACACT1r', 'ACACT2r', 'ACACT3r', 'ACOAD1f', 'ACOAD2f', 'ACOAD3f', 'ACOATA', 'ECOAH1', 'ECOAH2', 'ECOAH3', 'FACOAE80', 'HACD1', 'HACD2', 'HACD3', 'MACPD']",['FADRx2'],ACACT2r,3OAR40,11.624405866709855,1,29,1,-5.0,-0.9963776457177995,iJO1366,PSL,True,False,-8.86501624095338,0.0,0.0,0.0
26,"['3HAD40', '3HAD60', '3HAD80', 'ACACT1r', 'ACACT2r', 'ACACT3r', '3OAR40', '3OAR60', '3OAR80', '3OAS60', '3OAS80', 'ACOAD1f', 'ACOAD2f', 'ACOAD3f', 'ACOATA', 'EAR40x', 'EAR60x', 'EAR80x', 'ECOAH1', 'ECOAH2', 'ECOAH3', 'FA80ACPHi', 'FACOAE80', 'FADRx2', 'HACD1', 'HACD2', 'HACD3', 'KAS15', 'MACPD']","[0.332125881905984, 0.332125881905984, 0.33212588190598413, -0.332125881906, -0.332125881906, -0.332125881906, 0.332125881905984, 0.332125881905984, 0.33212588190598413, 0.332125881905984, 0.33212588190598413, 0.332125881906, 0.332125881906, 0.332125881906, 0.9963776457179081, 0.332125881905984, 0.332125881905984, 0.33212588190598413, -0.332125881906, -0.332125881906, -0.332125881906, 0.332125881906, -0.332125881906, -0.9963776457180094, -0.332125881906, -0.332125881906, -0.332125881906, 0.332125881905984, -0.9963776457179081]","[0.332125881905984, 0.332125881905984, 0.33212588190598413, 0.332125881906, 0.332125881906, 0.332125881906, 0.332125881905984, 0.332125881905984, 0.33212588190598413, 0.332125881905984, 0.33212588190598413, 0.332125881906, 0.332125881906, 0.332125881906, 0.9963776457179081, 0.332125881905984, 0.332125881905984, 0.33212588190598413, 0.332125881906, 0.332125881906, 0.332125881906, 0.332125881906, 0.332125881906, 0.9963776457180094, 0.332125881906, 0.332125881906, 0.332125881906, 0.332125881905984, 0.9963776457179081]","['3HAD40', '3HAD60', '3HAD80', '3OAR40', '3OAR60', '3OAR80', '3OAS60', '3OAS80', 'EAR40x', 'EAR60x', 'EAR80x', 'FA80ACPHi', 'KAS15']","['ACACT1r', 'ACACT2r', 'ACACT3r', 'ACOAD1f', 'ACOAD2f', 'ACOAD3f', 'ACOATA', 'ECOAH1', 'ECOAH2', 'ECOAH3', 'FACOAE80', 'HACD1', 'HACD2', 'HACD3', 'MACPD']",['FADRx2'],ACACT2r,3OAR60,11.624405866709855,1,29,1,-5.0,-0.9963776457177995,iJO1366,PSL,True,False,-8.86501624095338,0.0,0.0,0.0
27,"['3HAD40', '3HAD60', '3HAD80', 'ACACT1r', 'ACACT2r', 'ACACT3r', '3OAR40', '3OAR60', '3OAR80', '3OAS60', '3OAS80', 'ACOAD1f', 'ACOAD2f', 'ACOAD3f', 'ACOATA', 'EAR40x', 'EAR60x', 'EAR80x', 'ECOAH1', 'ECOAH2', 'ECOAH3', 'FA80ACPHi', 'FACOAE80', 'FADRx2', 'HACD1', 'HACD2', 'HACD3', 'KAS15', 'MACPD']","[0.332125881905984, 0.332125881905984, 0.33212588190598413, -0.332125881906, -0.332125881906, -0.332125881906, 0.332125881905984, 0.332125881905984, 0.33212588190598413, 0.332125881905984, 0.33212588190598413, 0.332125881906, 0.332125881906, 0.332125881906, 0.9963776457179081, 0.332125881905984, 0.332125881905984, 0.33212588190598413, -0.332125881906, -0.332125881906, -0.332125881906, 0.332125881906, -0.332125881906, -0.9963776457180094, -0.332125881906, -0.332125881906, -0.332125881906, 0.332125881905984, -0.9963776457179081]","[0.332125881905984, 0.332125881905984, 0.33212588190598413, 0.332125881906, 0.332125881906, 0.332125881906, 0.332125881905984, 0.332125881905984, 0.33212588190598413, 0.332125881905984, 0.33212588190598413, 0.332125881906, 0.332125881906, 0.332125881906, 0.9963776457179081, 0.332125881905984, 0.332125881905984, 0.33212588190598413, 0.332125881906, 0.332125881906, 0.332125881906, 0.332125881906, 0.332125881906, 0.9963776457180094, 0.332125881906, 0.332125881906, 0.332125881906, 0.332125881905984, 0.9963776457179081]","['3HAD40', '3HAD60', '3HAD80', '3OAR40', '3OAR60', '3OAR80', '3OAS60', '3OAS80', 'EAR40x', 'EAR60x', 'EAR80x', 'FA80ACPHi', 'KAS15']","['ACACT1r', 'ACACT2r', 'ACACT3r', 'ACOAD1f', 'ACOAD2f', 'ACOAD3f', 'ACOATA', 'ECOAH1', 'ECOAH2', 'ECOAH3', 'FACOAE80', 'HACD1', 'HACD2', 'HACD3', 'MACPD']",['FADRx2'],ACACT2r,3OAR80,11.624405866709855,1,29,1,-5.0,-0.9963776457177995,iJO1366,PSL,True,False,-8.86501624095338,0.0,0.0,0.0
28,"['3HAD100', '3HAD40', '3HAD60', '3HAD80', 'ACACT1r', 'ACACT2r', 'ACACT3r', 'ACACT4r', '3OAR100', '3OAR40', '3OAR60', '3OAR80', '3OAS100', '3OAS60', '3OAS80', 'ACOAD1f', 'ACOAD2f', 'ACOAD3f', 'ACOAD4f', 'ACOATA', 'EAR100x', 'EAR40x', 'EAR60x', 'EAR80x', 'ECOAH1', 'ECOAH2', 'ECOAH3', 'ECOAH4', 'FA100ACPHi', 'FACOAE100', 'FADRx2', 'HACD1', 'HACD2', 'HACD3', 'HACD4', 'KAS15', 'MACPD']","[0.332125881906042, 0.332125881906042, 0.332125881906042, 0.332125881906042, -0.3321258819060328, -0.3321258819060328, -0.3321258819060328, -0.3321258819060328, 0.332125881906042, 0.332125881906042, 0.332125881906042, 0.332125881906042, 0.332125881906042, 0.332125881906042, 0.332125881906042, 0.3321258819060328, 0.3321258819060328, 0.3321258819060328, 0.3321258819060328, 1.3285035276242407, 0.332125881906042, 0.332125881906042, 0.332125881906042, 0.332125881906042, -0.3321258819060328, -0.3321258819060328, -0.3321258819060328, -0.3321258819060328, 0.3321258819057089, -0.3321258819060328, -1.3285035276278068, -0.3321258819060328, -0.3321258819060328, -0.3321258819060328, -0.3321258819060328, 0.332125881906042, -1.3285035276242407]","[0.332125881906042, 0.332125881906042, 0.332125881906042, 0.332125881906042, 0.3321258819060328, 0.3321258819060328, 0.3321258819060328, 0.3321258819060328, 0.332125881906042, 0.332125881906042, 0.332125881906042, 0.332125881906042, 0.332125881906042, 0.332125881906042, 0.332125881906042, 0.3321258819060328, 0.3321258819060328, 0.3321258819060328, 0.3321258819060328, 1.3285035276242407, 0.332125881906042, 0.332125881906042, 0.332125881906042, 0.332125881906042, 0.3321258819060328, 0.3321258819060328, 0.3321258819060328, 0.3321258819060328, 0.3321258819057089, 0.3321258819060328, 1.3285035276278068, 0.3321258819060328, 0.3321258819060328, 0.3321258819060328, 0.3321258819060328, 0.332125881906042, 1.3285035276242407]","['3HAD100', '3HAD40', '3HAD60', '3HAD80', '3OAR100', '3OAR40', '3OAR60', '3OAR80', '3OAS100', '3OAS60', '3OAS80', 'EAR100x', 'EAR40x', 'EAR60x', 'EAR80x', 'FA100ACPHi', 'KAS15']","['ACACT1r', 'ACACT2r', 'ACACT3r', 'ACACT4r', 'ACOAD1f', 'ACOAD2f', 'ACOAD3f', 'ACOAD4f', 'ACOATA', 'ECOAH1', 'ECOAH2', 'ECOAH3', 'ECOAH4', 'FACOAE100', 'FADRx2', 'HACD1', 'HACD2', 'HACD3', 'HACD4', 'MACPD']",[],ACACT2r,3OAS100,15.27779056767757,1,37,0,-7.0,-1.3285035276202786,iJO1366,PSL,True,False,-8.86501624095338,0.0,0.0,0.0
29,"['3HAD40', '3HAD60', '3HAD80', 'ACACT1r', 'ACACT2r', 'ACACT3r', '3OAR40', '3OAR60', '3OAR80', '3OAS60', '3OAS80', 'ACOAD1f', 'ACOAD2f', 'ACOAD3f', 'ACOATA', 'EAR40x', 'EAR60x', 'EAR80x', 'ECOAH1', 'ECOAH2', 'ECOAH3', 'FA80ACPHi', 'FACOAE80', 'FADRx2', 'HACD1', 'HACD2', 'HACD3', 'KAS15', 'MACPD']","[0.332125881905984, 0.332125881905984, 0.33212588190598413, -0.332125881906, -0.332125881906, -0.332125881906, 0.332125881905984, 0.332125881905984, 0.33212588190598413, 0.332125881905984, 0.33212588190598413, 0.332125881906, 0.332125881906, 0.332125881906, 0.9963776457179081, 0.332125881905984, 0.332125881905984, 0.33212588190598413, -0.332125881906, -0.332125881906, -0.332125881906, 0.332125881906, -0.332125881906, -0.9963776457180094, -0.332125881906, -0.332125881906, -0.332125881906, 0.332125881905984, -0.9963776457179081]","[0.332125881905984, 0.332125881905984, 0.33212588190598413, 0.332125881906, 0.332125881906, 0.332125881906, 0.332125881905984, 0.332125881905984, 0.33212588190598413, 0.332125881905984, 0.33212588190598413, 0.332125881906, 0.332125881906, 0.332125881906, 0.9963776457179081, 0.332125881905984, 0.332125881905984, 0.33212588190598413, 0.332125881906, 0.332125881906, 0.332125881906, 0.332125881906, 0.332125881906, 0.9963776457180094, 0.332125881906, 0.332125881906, 0.332125881906, 0.332125881905984, 0.9963776457179081]","['3HAD40', '3HAD60', '3HAD80', '3OAR40', '3OAR60', '3OAR80', '3OAS60', '3OAS80', 'EAR40x', 'EAR60x', 'EAR80x', 'FA80ACPHi', 'KAS15']","['ACACT1r', 'ACACT2r', 'ACACT3r', 'ACOAD1f', 'ACOAD2f', 'ACOAD3f', 'ACOATA', 'ECOAH1', 'ECOAH2', 'ECOAH3', 'FACOAE80', 'HACD1', 'HACD2', 'HACD3', 'MACPD']",['FADRx2'],ACACT2r,3OAS60,11.624405866709855,1,29,1,-5.0,-0.9963776457177995,iJO1366,PSL,True,False,-8.86501624095338,0.0,0.0,-10.6104250518248
30,"['3HAD40', '3HAD60', '3HAD80', 'ACACT1r', 'ACACT2r', 'ACACT3r', '3OAR40', '3OAR60', '3OAR80', '3OAS60', '3OAS80', 'ACOAD1f', 'ACOAD2f', 'ACOAD3f', 'ACOATA', 'EAR40x', 'EAR60x', 'EAR80x', 'ECOAH1', 'ECOAH2', 'ECOAH3', 'FA80ACPHi', 'FACOAE80', 'FADRx2', 'HACD1', 'HACD2', 'HACD3', 'KAS15', 'MACPD']","[0.332125881905984, 0.332125881905984, 0.33212588190598413, -0.332125881906, -0.332125881906, -0.332125881906, 0.332125881905984, 0.332125881905984, 0.33212588190598413, 0.332125881905984, 0.33212588190598413, 0.332125881906, 0.332125881906, 0.332125881906, 0.9963776457179081, 0.332125881905984, 0.332125881905984, 0.33212588190598413, -0.332125881906, -0.332125881906, -0.332125881906, 0.332125881906, -0.332125881906, -0.9963776457180094, -0.332125881906, -0.332125881906, -0.332125881906, 0.332125881905984, -0.9963776457179081]","[0.332125881905984, 0.332125881905984, 0.33212588190598413, 0.332125881906, 0.332125881906, 0.332125881906, 0.332125881905984, 0.332125881905984, 0.33212588190598413, 0.332125881905984, 0.33212588190598413, 0.332125881906, 0.332125881906, 0.332125881906, 0.9963776457179081, 0.332125881905984, 0.332125881905984, 0.33212588190598413, 0.332125881906, 0.332125881906, 0.332125881906, 0.332125881906, 0.332125881906, 0.9963776457180094, 0.332125881906, 0.332125881906, 0.332125881906, 0.332125881905984, 0.9963776457179081]","['3HAD40', '3HAD60', '3HAD80', '3OAR40', '3OAR60', '3OAR80', '3OAS60', '3OAS80', 'EAR40x', 'EAR60x', 'EAR80x', 'FA80ACPHi', 'KAS15']","['ACACT1r', 'ACACT2r', 'ACACT3r', 'ACOAD1f', 'ACOAD2f', 'ACOAD3f', 'ACOATA', 'ECOAH1', 'ECOAH2', 'ECOAH3', 'FACOAE80', 'HACD1', 'HACD2', 'HACD3', 'MACPD']",['FADRx2'],ACACT2r,3OAS80,11.624405866709855,1,29,1,-5.0,-0.9963776457177995,iJO1366,PSL,True,False,-8.86501624095338,0.0,0.0,0.0
31,"['3HAD100', '3HAD40', '3HAD60', '3HAD80', 'ACACT1r', 'ACACT2r', 'ACACT3r', 'ACACT4r', '3OAR100', '3OAR40', '3OAR60', '3OAR80', '3OAS100', '3OAS60', '3OAS80', 'ACOAD1f', 'ACOAD2f', 'ACOAD3f', 'ACOAD4f', 'ACOATA', 'EAR100x', 'EAR40x', 'EAR60x', 'EAR80x', 'ECOAH1', 'ECOAH2', 'ECOAH3', 'ECOAH4', 'FA100ACPHi', 'FACOAE100', 'FADRx2', 'HACD1', 'HACD2', 'HACD3', 'HACD4', 'KAS15', 'MACPD']","[0.3321258819056123, 0.33212588190561254, 0.33212588190561254, 0.3321258819056123, -0.3321258819059949, -0.3321258819059949, -0.3321258819059949, -0.3321258819059949, 0.33212588190565384, 0.33212588190565384, 0.33212588190565384, 0.33212588190565384, 0.3321258819056123, 0.33212588190561254, 0.3321258819056123, 0.3321258819059949, 0.3321258819059949, 0.3321258819059949, 0.3321258819059949, 1.3285035276215922, 0.3321258819056123, 0.33212588190561254, 0.33212588190561254, 0.3321258819056123, -0.3321258819059949, -0.3321258819059949, -0.3321258819059949, -0.3321258819059949, 0.332125881905918, -0.332125881905918, -1.328503527621871, -0.3321258819059949, -0.3321258819059949, -0.3321258819059949, -0.3321258819059949, 0.33212588190561254, -1.3285035276216173]","[0.3321258819056123, 0.33212588190561254, 0.33212588190561254, 0.3321258819056123, 0.3321258819059949, 0.3321258819059949, 0.3321258819059949, 0.3321258819059949, 0.33212588190565384, 0.33212588190565384, 0.33212588190565384, 0.33212588190565384, 0.3321258819056123, 0.33212588190561254, 0.3321258819056123, 0.3321258819059949, 0.3321258819059949, 0.3321258819059949, 0.3321258819059949, 1.3285035276215922, 0.3321258819056123, 0.33212588190561254, 0.33212588190561254, 0.3321258819056123, 0.3321258819059949, 0.3321258819059949, 0.3321258819059949, 0.3321258819059949, 0.332125881905918, 0.332125881905918, 1.328503527621871, 0.3321258819059949, 0.3321258819059949, 0.3321258819059949, 0.3321258819059949, 0.33212588190561254, 1.3285035276216173]","['3HAD100', '3HAD40', '3HAD60', '3HAD80', '3OAR100', '3OAR40', '3OAR60', '3OAR80', '3OAS100', '3OAS60', '3OAS80', 'EAR100x', 'EAR40x', 'EAR60x', 'EAR80x', 'FA100ACPHi', 'KAS15']","['ACACT1r', 'ACACT2r', 'ACACT3r', 'ACACT4r', 'ACOAD1f', 'ACOAD2f', 'ACOAD3f', 'ACOAD4f', 'ACOATA', 'ECOAH1', 'ECOAH2', 'ECOAH3', 'ECOAH4', 'FACOAE100', 'FADRx2', 'HACD1', 'HACD2', 'HACD3', 'HACD4', 'MACPD']",[],ACACT3r,3HAD100,15.277790567664125,1,37,0,-7.0,-1.3285035276201096,iJO1366,PSL,True,False,-8.86501624095366,0.0,0.0,0.0
32,"['3HAD40', '3HAD60', '3HAD80', 'ACACT1r', 'ACACT2r', 'ACACT3r', '3OAR40', '3OAR60', '3OAR80', '3OAS60', '3OAS80', 'ACOAD1f', 'ACOAD2f', 'ACOAD3f', 'ACOATA', 'EAR40x', 'EAR60x', 'EAR80x', 'ECOAH1', 'ECOAH2', 'ECOAH3', 'FA80ACPHi', 'FACOAE80', 'FADRx2', 'HACD1', 'HACD2', 'HACD3', 'KAS15', 'MACPD']","[0.3321258819057938, 0.3321258819057938, 0.3321258819057902, -0.33212588190550935, -0.33212588190550935, -0.33212588190550935, 0.3321258819057938, 0.3321258819057938, 0.3321258819057902, 0.3321258819057938, 0.3321258819057902, 0.33212588190550935, 0.33212588190550935, 0.33212588190550935, 0.9963776457182296, 0.3321258819057938, 0.3321258819057938, 0.3321258819057902, -0.33212588190550935, -0.33212588190550935, -0.33212588190550935, 0.3321258819057902, -0.3321258819057902, -0.9963776457159647, -0.33212588190550935, -0.33212588190550935, -0.33212588190550935, 0.3321258819057938, -0.9963776457182296]","[0.3321258819057938, 0.3321258819057938, 0.3321258819057902, 0.33212588190550935, 0.33212588190550935, 0.33212588190550935, 0.3321258819057938, 0.3321258819057938, 0.3321258819057902, 0.3321258819057938, 0.3321258819057902, 0.33212588190550935, 0.33212588190550935, 0.33212588190550935, 0.9963776457182296, 0.3321258819057938, 0.3321258819057938, 0.3321258819057902, 0.33212588190550935, 0.33212588190550935, 0.33212588190550935, 0.3321258819057902, 0.3321258819057902, 0.9963776457159647, 0.33212588190550935, 0.33212588190550935, 0.33212588190550935, 0.3321258819057938, 0.9963776457182296]","['3HAD40', '3HAD60', '3HAD80', '3OAR40', '3OAR60', '3OAR80', '3OAS60', '3OAS80', 'EAR40x', 'EAR60x', 'EAR80x', 'FA80ACPHi', 'KAS15']","['ACACT1r', 'ACACT2r', 'ACACT3r', 'ACOAD1f', 'ACOAD2f', 'ACOAD3f', 'ACOATA', 'ECOAH1', 'ECOAH2', 'ECOAH3', 'FACOAE80', 'FADRx2', 'HACD1', 'HACD2', 'HACD3', 'MACPD']",[],ACACT3r,3HAD40,11.624405866695456,1,29,0,-5.0,-0.99637764572049,iJO1366,PSL,True,False,-8.86501624095366,0.0,0.0,0.0
33,"['3HAD40', '3HAD60', '3HAD80', 'ACACT1r', 'ACACT2r', 'ACACT3r', '3OAR40', '3OAR60', '3OAR80', '3OAS60', '3OAS80', 'ACOAD1f', 'ACOAD2f', 'ACOAD3f', 'ACOATA', 'EAR40x', 'EAR60x', 'EAR80x', 'ECOAH1', 'ECOAH2', 'ECOAH3', 'FA80ACPHi', 'FACOAE80', 'FADRx2', 'HACD1', 'HACD2', 'HACD3', 'KAS15', 'MACPD']","[0.3321258819057938, 0.3321258819057938, 0.3321258819057902, -0.33212588190550935, -0.33212588190550935, -0.33212588190550935, 0.3321258819057938, 0.3321258819057938, 0.3321258819057902, 0.3321258819057938, 0.3321258819057902, 0.33212588190550935, 0.33212588190550935, 0.33212588190550935, 0.9963776457182296, 0.3321258819057938, 0.3321258819057938, 0.3321258819057902, -0.33212588190550935, -0.33212588190550935, -0.33212588190550935, 0.3321258819057902, -0.3321258819057902, -0.9963776457159647, -0.33212588190550935, -0.33212588190550935, -0.33212588190550935, 0.3321258819057938, -0.9963776457182296]","[0.3321258819057938, 0.3321258819057938, 0.3321258819057902, 0.33212588190550935, 0.33212588190550935, 0.33212588190550935, 0.3321258819057938, 0.3321258819057938, 0.3321258819057902, 0.3321258819057938, 0.3321258819057902, 0.33212588190550935, 0.33212588190550935, 0.33212588190550935, 0.9963776457182296, 0.3321258819057938, 0.3321258819057938, 0.3321258819057902, 0.33212588190550935, 0.33212588190550935, 0.33212588190550935, 0.3321258819057902, 0.3321258819057902, 0.9963776457159647, 0.33212588190550935, 0.33212588190550935, 0.33212588190550935, 0.3321258819057938, 0.9963776457182296]","['3HAD40', '3HAD60', '3HAD80', '3OAR40', '3OAR60', '3OAR80', '3OAS60', '3OAS80', 'EAR40x', 'EAR60x', 'EAR80x', 'FA80ACPHi', 'KAS15']","['ACACT1r', 'ACACT2r', 'ACACT3r', 'ACOAD1f', 'ACOAD2f', 'ACOAD3f', 'ACOATA', 'ECOAH1', 'ECOAH2', 'ECOAH3', 'FACOAE80', 'FADRx2', 'HACD1', 'HACD2', 'HACD3', 'MACPD']",[],ACACT3r,3HAD60,11.624405866695456,1,29,0,-5.0,-0.99637764572049,iJO1366,PSL,True,False,-8.86501624095366,0.0,0.0,0.0
34,"['3HAD40', '3HAD60', '3HAD80', 'ACACT1r', 'ACACT2r', 'ACACT3r', '3OAR40', '3OAR60', '3OAR80', '3OAS60', '3OAS80', 'ACOAD1f', 'ACOAD2f', 'ACOAD3f', 'ACOATA', 'EAR40x', 'EAR60x', 'EAR80x', 'ECOAH1', 'ECOAH2', 'ECOAH3', 'FA80ACPHi', 'FACOAE80', 'FADRx2', 'HACD1', 'HACD2', 'HACD3', 'KAS15', 'MACPD']","[0.3321258819057938, 0.3321258819057938, 0.3321258819057902, -0.33212588190550935, -0.33212588190550935, -0.33212588190550935, 0.3321258819057938, 0.3321258819057938, 0.3321258819057902, 0.3321258819057938, 0.3321258819057902, 0.33212588190550935, 0.33212588190550935, 0.33212588190550935, 0.9963776457182296, 0.3321258819057938, 0.3321258819057938, 0.3321258819057902, -0.33212588190550935, -0.33212588190550935, -0.33212588190550935, 0.3321258819057902, -0.3321258819057902, -0.9963776457159647, -0.33212588190550935, -0.33212588190550935, -0.33212588190550935, 0.3321258819057938, -0.9963776457182296]","[0.3321258819057938, 0.3321258819057938, 0.3321258819057902, 0.33212588190550935, 0.33212588190550935, 0.33212588190550935, 0.3321258819057938, 0.3321258819057938, 0.3321258819057902, 0.3321258819057938, 0.3321258819057902, 0.33212588190550935, 0.33212588190550935, 0.33212588190550935, 0.9963776457182296, 0.3321258819057938, 0.3321258819057938, 0.3321258819057902, 0.33212588190550935, 0.33212588190550935, 0.33212588190550935, 0.3321258819057902, 0.3321258819057902, 0.9963776457159647, 0.33212588190550935, 0.33212588190550935, 0.33212588190550935, 0.3321258819057938, 0.9963776457182296]","['3HAD40', '3HAD60', '3HAD80', '3OAR40', '3OAR60', '3OAR80', '3OAS60', '3OAS80', 'EAR40x', 'EAR60x', 'EAR80x', 'FA80ACPHi', 'KAS15']","['ACACT1r', 'ACACT2r', 'ACACT3r', 'ACOAD1f', 'ACOAD2f', 'ACOAD3f', 'ACOATA', 'ECOAH1', 'ECOAH2', 'ECOAH3', 'FACOAE80', 'FADRx2', 'HACD1', 'HACD2', 'HACD3', 'MACPD']",[],ACACT3r,3HAD80,11.624405866695456,1,29,0,-5.0,-0.99637764572049,iJO1366,PSL,True,False,-8.86501624095366,0.0,0.0,0.0
35,"['3HAD100', '3HAD40', '3HAD60', '3HAD80', 'ACACT1r', 'ACACT2r', 'ACACT3r', 'ACACT4r', '3OAR100', '3OAR40', '3OAR60', '3OAR80', '3OAS100', '3OAS60', '3OAS80', 'ACOAD1f', 'ACOAD2f', 'ACOAD3f', 'ACOAD4f', 'ACOATA', 'EAR100x', 'EAR40x', 'EAR60x', 'EAR80x', 'ECOAH1', 'ECOAH2', 'ECOAH3', 'ECOAH4', 'FA100ACPHi', 'FACOAE100', 'FADRx2', 'HACD1', 'HACD2', 'HACD3', 'HACD4', 'KAS15', 'MACPD']","[0.3321258819056123, 0.33212588190561254, 0.33212588190561254, 0.3321258819056123, -0.3321258819059949, -0.3321258819059949, -0.3321258819059949, -0.3321258819059949, 0.33212588190565384, 0.33212588190565384, 0.33212588190565384, 0.33212588190565384, 0.3321258819056123, 0.33212588190561254, 0.3321258819056123, 0.3321258819059949, 0.3321258819059949, 0.3321258819059949, 0.3321258819059949, 1.3285035276215922, 0.3321258819056123, 0.33212588190561254, 0.33212588190561254, 0.3321258819056123, -0.3321258819059949, -0.3321258819059949, -0.3321258819059949, -0.3321258819059949, 0.332125881905918, -0.332125881905918, -1.328503527621871, -0.3321258819059949, -0.3321258819059949, -0.3321258819059949, -0.3321258819059949, 0.33212588190561254, -1.3285035276216173]","[0.3321258819056123, 0.33212588190561254, 0.33212588190561254, 0.3321258819056123, 0.3321258819059949, 0.3321258819059949, 0.3321258819059949, 0.3321258819059949, 0.33212588190565384, 0.33212588190565384, 0.33212588190565384, 0.33212588190565384, 0.3321258819056123, 0.33212588190561254, 0.3321258819056123, 0.3321258819059949, 0.3321258819059949, 0.3321258819059949, 0.3321258819059949, 1.3285035276215922, 0.3321258819056123, 0.33212588190561254, 0.33212588190561254, 0.3321258819056123, 0.3321258819059949, 0.3321258819059949, 0.3321258819059949, 0.3321258819059949, 0.332125881905918, 0.332125881905918, 1.328503527621871, 0.3321258819059949, 0.3321258819059949, 0.3321258819059949, 0.3321258819059949, 0.33212588190561254, 1.3285035276216173]","['3HAD100', '3HAD40', '3HAD60', '3HAD80', '3OAR100', '3OAR40', '3OAR60', '3OAR80', '3OAS100', '3OAS60', '3OAS80', 'EAR100x', 'EAR40x', 'EAR60x', 'EAR80x', 'FA100ACPHi', 'KAS15']","['ACACT1r', 'ACACT2r', 'ACACT3r', 'ACACT4r', 'ACOAD1f', 'ACOAD2f', 'ACOAD3f', 'ACOAD4f', 'ACOATA', 'ECOAH1', 'ECOAH2', 'ECOAH3', 'ECOAH4', 'FACOAE100', 'FADRx2', 'HACD1', 'HACD2', 'HACD3', 'HACD4', 'MACPD']",[],ACACT3r,3OAR100,15.277790567664125,1,37,0,-7.0,-1.3285035276201096,iJO1366,PSL,True,False,-8.86501624095366,0.0,0.0,0.0
36,"['3HAD40', '3HAD60', '3HAD80', 'ACACT1r', 'ACACT2r', 'ACACT3r', '3OAR40', '3OAR60', '3OAR80', '3OAS60', '3OAS80', 'ACOAD1f', 'ACOAD2f', 'ACOAD3f', 'ACOATA', 'EAR40x', 'EAR60x', 'EAR80x', 'ECOAH1', 'ECOAH2', 'ECOAH3', 'FA80ACPHi', 'FACOAE80', 'FADRx2', 'HACD1', 'HACD2', 'HACD3', 'KAS15', 'MACPD']","[0.3321258819057938, 0.3321258819057938, 0.3321258819057902, -0.33212588190550935, -0.33212588190550935, -0.33212588190550935, 0.3321258819057938, 0.3321258819057938, 0.3321258819057902, 0.3321258819057938, 0.3321258819057902, 0.33212588190550935, 0.33212588190550935, 0.33212588190550935, 0.9963776457182296, 0.3321258819057938, 0.3321258819057938, 0.3321258819057902, -0.33212588190550935, -0.33212588190550935, -0.33212588190550935, 0.3321258819057902, -0.3321258819057902, -0.9963776457159647, -0.33212588190550935, -0.33212588190550935, -0.33212588190550935, 0.3321258819057938, -0.9963776457182296]","[0.3321258819057938, 0.3321258819057938, 0.3321258819057902, 0.33212588190550935, 0.33212588190550935, 0.33212588190550935, 0.3321258819057938, 0.3321258819057938, 0.3321258819057902, 0.3321258819057938, 0.3321258819057902, 0.33212588190550935, 0.33212588190550935, 0.33212588190550935, 0.9963776457182296, 0.3321258819057938, 0.3321258819057938, 0.3321258819057902, 0.33212588190550935, 0.33212588190550935, 0.33212588190550935, 0.3321258819057902, 0.3321258819057902, 0.9963776457159647, 0.33212588190550935, 0.33212588190550935, 0.33212588190550935, 0.3321258819057938, 0.9963776457182296]","['3HAD40', '3HAD60', '3HAD80', '3OAR40', '3OAR60', '3OAR80', '3OAS60', '3OAS80', 'EAR40x', 'EAR60x', 'EAR80x', 'FA80ACPHi', 'KAS15']","['ACACT1r', 'ACACT2r', 'ACACT3r', 'ACOAD1f', 'ACOAD2f', 'ACOAD3f', 'ACOATA', 'ECOAH1', 'ECOAH2', 'ECOAH3', 'FACOAE80', 'FADRx2', 'HACD1', 'HACD2', 'HACD3', 'MACPD']",[],ACACT3r,3OAR40,11.624405866695456,1,29,0,-5.0,-0.99637764572049,iJO1366,PSL,True,False,-8.86501624095366,0.0,0.0,0.0
37,"['3HAD40', '3HAD60', '3HAD80', 'ACACT1r', 'ACACT2r', 'ACACT3r', '3OAR40', '3OAR60', '3OAR80', '3OAS60', '3OAS80', 'ACOAD1f', 'ACOAD2f', 'ACOAD3f', 'ACOATA', 'EAR40x', 'EAR60x', 'EAR80x', 'ECOAH1', 'ECOAH2', 'ECOAH3', 'FA80ACPHi', 'FACOAE80', 'FADRx2', 'HACD1', 'HACD2', 'HACD3', 'KAS15', 'MACPD']","[0.3321258819057938, 0.3321258819057938, 0.3321258819057902, -0.33212588190550935, -0.33212588190550935, -0.33212588190550935, 0.3321258819057938, 0.3321258819057938, 0.3321258819057902, 0.3321258819057938, 0.3321258819057902, 0.33212588190550935, 0.33212588190550935, 0.33212588190550935, 0.9963776457182296, 0.3321258819057938, 0.3321258819057938, 0.3321258819057902, -0.33212588190550935, -0.33212588190550935, -0.33212588190550935, 0.3321258819057902, -0.3321258819057902, -0.9963776457159647, -0.33212588190550935, -0.33212588190550935, -0.33212588190550935, 0.3321258819057938, -0.9963776457182296]","[0.3321258819057938, 0.3321258819057938, 0.3321258819057902, 0.33212588190550935, 0.33212588190550935, 0.33212588190550935, 0.3321258819057938, 0.3321258819057938, 0.3321258819057902, 0.3321258819057938, 0.3321258819057902, 0.33212588190550935, 0.33212588190550935, 0.33212588190550935, 0.9963776457182296, 0.3321258819057938, 0.3321258819057938, 0.3321258819057902, 0.33212588190550935, 0.33212588190550935, 0.33212588190550935, 0.3321258819057902, 0.3321258819057902, 0.9963776457159647, 0.33212588190550935, 0.33212588190550935, 0.33212588190550935, 0.3321258819057938, 0.9963776457182296]","['3HAD40', '3HAD60', '3HAD80', '3OAR40', '3OAR60', '3OAR80', '3OAS60', '3OAS80', 'EAR40x', 'EAR60x', 'EAR80x', 'FA80ACPHi', 'KAS15']","['ACACT1r', 'ACACT2r', 'ACACT3r', 'ACOAD1f', 'ACOAD2f', 'ACOAD3f', 'ACOATA', 'ECOAH1', 'ECOAH2', 'ECOAH3', 'FACOAE80', 'FADRx2', 'HACD1', 'HACD2', 'HACD3', 'MACPD']",[],ACACT3r,3OAR60,11.624405866695456,1,29,0,-5.0,-0.99637764572049,iJO1366,PSL,True,False,-8.86501624095366,0.0,0.0,0.0
38,"['3HAD40', '3HAD60', '3HAD80', 'ACACT1r', 'ACACT2r', 'ACACT3r', '3OAR40', '3OAR60', '3OAR80', '3OAS60', '3OAS80', 'ACOAD1f', 'ACOAD2f', 'ACOAD3f', 'ACOATA', 'EAR40x', 'EAR60x', 'EAR80x', 'ECOAH1', 'ECOAH2', 'ECOAH3', 'FA80ACPHi', 'FACOAE80', 'FADRx2', 'HACD1', 'HACD2', 'HACD3', 'KAS15', 'MACPD']","[0.3321258819057938, 0.3321258819057938, 0.3321258819057902, -0.33212588190550935, -0.33212588190550935, -0.33212588190550935, 0.3321258819057938, 0.3321258819057938, 0.3321258819057902, 0.3321258819057938, 0.3321258819057902, 0.33212588190550935, 0.33212588190550935, 0.33212588190550935, 0.9963776457182296, 0.3321258819057938, 0.3321258819057938, 0.3321258819057902, -0.33212588190550935, -0.33212588190550935, -0.33212588190550935, 0.3321258819057902, -0.3321258819057902, -0.9963776457159647, -0.33212588190550935, -0.33212588190550935, -0.33212588190550935, 0.3321258819057938, -0.9963776457182296]","[0.3321258819057938, 0.3321258819057938, 0.3321258819057902, 0.33212588190550935, 0.33212588190550935, 0.33212588190550935, 0.3321258819057938, 0.3321258819057938, 0.3321258819057902, 0.3321258819057938, 0.3321258819057902, 0.33212588190550935, 0.33212588190550935, 0.33212588190550935, 0.9963776457182296, 0.3321258819057938, 0.3321258819057938, 0.3321258819057902, 0.33212588190550935, 0.33212588190550935, 0.33212588190550935, 0.3321258819057902, 0.3321258819057902, 0.9963776457159647, 0.33212588190550935, 0.33212588190550935, 0.33212588190550935, 0.3321258819057938, 0.9963776457182296]","['3HAD40', '3HAD60', '3HAD80', '3OAR40', '3OAR60', '3OAR80', '3OAS60', '3OAS80', 'EAR40x', 'EAR60x', 'EAR80x', 'FA80ACPHi', 'KAS15']","['ACACT1r', 'ACACT2r', 'ACACT3r', 'ACOAD1f', 'ACOAD2f', 'ACOAD3f', 'ACOATA', 'ECOAH1', 'ECOAH2', 'ECOAH3', 'FACOAE80', 'FADRx2', 'HACD1', 'HACD2', 'HACD3', 'MACPD']",[],ACACT3r,3OAR80,11.624405866695456,1,29,0,-5.0,-0.99637764572049,iJO1366,PSL,True,False,-8.86501624095366,0.0,0.0,0.0
39,"['3HAD100', '3HAD40', '3HAD60', '3HAD80', 'ACACT1r', 'ACACT2r', 'ACACT3r', 'ACACT4r', '3OAR100', '3OAR40', '3OAR60', '3OAR80', '3OAS100', '3OAS60', '3OAS80', 'ACOAD1f', 'ACOAD2f', 'ACOAD3f', 'ACOAD4f', 'ACOATA', 'EAR100x', 'EAR40x', 'EAR60x', 'EAR80x', 'ECOAH1', 'ECOAH2', 'ECOAH3', 'ECOAH4', 'FA100ACPHi', 'FACOAE100', 'FADRx2', 'HACD1', 'HACD2', 'HACD3', 'HACD4', 'KAS15', 'MACPD']","[0.3321258819056123, 0.33212588190561254, 0.33212588190561254, 0.3321258819056123, -0.3321258819059949, -0.3321258819059949, -0.3321258819059949, -0.3321258819059949, 0.33212588190565384, 0.33212588190565384, 0.33212588190565384, 0.33212588190565384, 0.3321258819056123, 0.33212588190561254, 0.3321258819056123, 0.3321258819059949, 0.3321258819059949, 0.3321258819059949, 0.3321258819059949, 1.3285035276215922, 0.3321258819056123, 0.33212588190561254, 0.33212588190561254, 0.3321258819056123, -0.3321258819059949, -0.3321258819059949, -0.3321258819059949, -0.3321258819059949, 0.332125881905918, -0.332125881905918, -1.328503527621871, -0.3321258819059949, -0.3321258819059949, -0.3321258819059949, -0.3321258819059949, 0.33212588190561254, -1.3285035276216173]","[0.3321258819056123, 0.33212588190561254, 0.33212588190561254, 0.3321258819056123, 0.3321258819059949, 0.3321258819059949, 0.3321258819059949, 0.3321258819059949, 0.33212588190565384, 0.33212588190565384, 0.33212588190565384, 0.33212588190565384, 0.3321258819056123, 0.33212588190561254, 0.3321258819056123, 0.3321258819059949, 0.3321258819059949, 0.3321258819059949, 0.3321258819059949, 1.3285035276215922, 0.3321258819056123, 0.33212588190561254, 0.33212588190561254, 0.3321258819056123, 0.3321258819059949, 0.3321258819059949, 0.3321258819059949, 0.3321258819059949, 0.332125881905918, 0.332125881905918, 1.328503527621871, 0.3321258819059949, 0.3321258819059949, 0.3321258819059949, 0.3321258819059949, 0.33212588190561254, 1.3285035276216173]","['3HAD100', '3HAD40', '3HAD60', '3HAD80', '3OAR100', '3OAR40', '3OAR60', '3OAR80', '3OAS100', '3OAS60', '3OAS80', 'EAR100x', 'EAR40x', 'EAR60x', 'EAR80x', 'FA100ACPHi', 'KAS15']","['ACACT1r', 'ACACT2r', 'ACACT3r', 'ACACT4r', 'ACOAD1f', 'ACOAD2f', 'ACOAD3f', 'ACOAD4f', 'ACOATA', 'ECOAH1', 'ECOAH2', 'ECOAH3', 'ECOAH4', 'FACOAE100', 'FADRx2', 'HACD1', 'HACD2', 'HACD3', 'HACD4', 'MACPD']",[],ACACT3r,3OAS100,15.277790567664125,1,37,0,-7.0,-1.3285035276201096,iJO1366,PSL,True,False,-8.86501624095366,0.0,0.0,0.0
40,"['3HAD40', '3HAD60', '3HAD80', 'ACACT1r', 'ACACT2r', 'ACACT3r', '3OAR40', '3OAR60', '3OAR80', '3OAS60', '3OAS80', 'ACOAD1f', 'ACOAD2f', 'ACOAD3f', 'ACOATA', 'EAR40x', 'EAR60x', 'EAR80x', 'ECOAH1', 'ECOAH2', 'ECOAH3', 'FA80ACPHi', 'FACOAE80', 'FADRx2', 'HACD1', 'HACD2', 'HACD3', 'KAS15', 'MACPD']","[0.3321258819057938, 0.3321258819057938, 0.3321258819057902, -0.33212588190550935, -0.33212588190550935, -0.33212588190550935, 0.3321258819057938, 0.3321258819057938, 0.3321258819057902, 0.3321258819057938, 0.3321258819057902, 0.33212588190550935, 0.33212588190550935, 0.33212588190550935, 0.9963776457182296, 0.3321258819057938, 0.3321258819057938, 0.3321258819057902, -0.33212588190550935, -0.33212588190550935, -0.33212588190550935, 0.3321258819057902, -0.3321258819057902, -0.9963776457159647, -0.33212588190550935, -0.33212588190550935, -0.33212588190550935, 0.3321258819057938, -0.9963776457182296]","[0.3321258819057938, 0.3321258819057938, 0.3321258819057902, 0.33212588190550935, 0.33212588190550935, 0.33212588190550935, 0.3321258819057938, 0.3321258819057938, 0.3321258819057902, 0.3321258819057938, 0.3321258819057902, 0.33212588190550935, 0.33212588190550935, 0.33212588190550935, 0.9963776457182296, 0.3321258819057938, 0.3321258819057938, 0.3321258819057902, 0.33212588190550935, 0.33212588190550935, 0.33212588190550935, 0.3321258819057902, 0.3321258819057902, 0.9963776457159647, 0.33212588190550935, 0.33212588190550935, 0.33212588190550935, 0.3321258819057938, 0.9963776457182296]","['3HAD40', '3HAD60', '3HAD80', '3OAR40', '3OAR60', '3OAR80', '3OAS60', '3OAS80', 'EAR40x', 'EAR60x', 'EAR80x', 'FA80ACPHi', 'KAS15']","['ACACT1r', 'ACACT2r', 'ACACT3r', 'ACOAD1f', 'ACOAD2f', 'ACOAD3f', 'ACOATA', 'ECOAH1', 'ECOAH2', 'ECOAH3', 'FACOAE80', 'FADRx2', 'HACD1', 'HACD2', 'HACD3', 'MACPD']",[],ACACT3r,3OAS60,11.624405866695456,1,29,0,-5.0,-0.99637764572049,iJO1366,PSL,True,False,-8.86501624095366,0.0,0.0,-10.6104250518248
41,"['3HAD40', '3HAD60', '3HAD80', 'ACACT1r', 'ACACT2r', 'ACACT3r', '3OAR40', '3OAR60', '3OAR80', '3OAS60', '3OAS80', 'ACOAD1f', 'ACOAD2f', 'ACOAD3f', 'ACOATA', 'EAR40x', 'EAR60x', 'EAR80x', 'ECOAH1', 'ECOAH2', 'ECOAH3', 'FA80ACPHi', 'FACOAE80', 'FADRx2', 'HACD1', 'HACD2', 'HACD3', 'KAS15', 'MACPD']","[0.3321258819057938, 0.3321258819057938, 0.3321258819057902, -0.33212588190550935, -0.33212588190550935, -0.33212588190550935, 0.3321258819057938, 0.3321258819057938, 0.3321258819057902, 0.3321258819057938, 0.3321258819057902, 0.33212588190550935, 0.33212588190550935, 0.33212588190550935, 0.9963776457182296, 0.3321258819057938, 0.3321258819057938, 0.3321258819057902, -0.33212588190550935, -0.33212588190550935, -0.33212588190550935, 0.3321258819057902, -0.3321258819057902, -0.9963776457159647, -0.33212588190550935, -0.33212588190550935, -0.33212588190550935, 0.3321258819057938, -0.9963776457182296]","[0.3321258819057938, 0.3321258819057938, 0.3321258819057902, 0.33212588190550935, 0.33212588190550935, 0.33212588190550935, 0.3321258819057938, 0.3321258819057938, 0.3321258819057902, 0.3321258819057938, 0.3321258819057902, 0.33212588190550935, 0.33212588190550935, 0.33212588190550935, 0.9963776457182296, 0.3321258819057938, 0.3321258819057938, 0.3321258819057902, 0.33212588190550935, 0.33212588190550935, 0.33212588190550935, 0.3321258819057902, 0.3321258819057902, 0.9963776457159647, 0.33212588190550935, 0.33212588190550935, 0.33212588190550935, 0.3321258819057938, 0.9963776457182296]","['3HAD40', '3HAD60', '3HAD80', '3OAR40', '3OAR60', '3OAR80', '3OAS60', '3OAS80', 'EAR40x', 'EAR60x', 'EAR80x', 'FA80ACPHi', 'KAS15']","['ACACT1r', 'ACACT2r', 'ACACT3r', 'ACOAD1f', 'ACOAD2f', 'ACOAD3f', 'ACOATA', 'ECOAH1', 'ECOAH2', 'ECOAH3', 'FACOAE80', 'FADRx2', 'HACD1', 'HACD2', 'HACD3', 'MACPD']",[],ACACT3r,3OAS80,11.624405866695456,1,29,0,-5.0,-0.99637764572049,iJO1366,PSL,True,False,-8.86501624095366,0.0,0.0,0.0
42,"['3HAD100', 'AACPS8', 'AACPS9', 'ACACT4r', '3OAR100', '3OAS100', 'ACOAD4f', 'ACOATA', 'EAR100x', 'ECOAH4', 'FACOAE100', 'FACOAE80', 'FADRx2', 'HACD4', 'MACPD']","[0.3321258819059934, -0.3321258819059934, 0.3321258819059934, -0.3321258819059949, 0.3321258819059949, 0.3321258819059934, 0.3321258819059949, 0.3321258819058812, 0.3321258819059934, -0.3321258819059949, -0.3321258819059934, 0.3321258819059934, -0.3321258819059994, -0.3321258819059949, -0.3321258819059327]","[0.3321258819059934, 0.3321258819059934, 0.3321258819059934, 0.3321258819059949, 0.3321258819059949, 0.3321258819059934, 0.3321258819059949, 0.3321258819058812, 0.3321258819059934, 0.3321258819059949, 0.3321258819059934, 0.3321258819059934, 0.3321258819059994, 0.3321258819059949, 0.3321258819059327]","['3HAD100', 'AACPS9', '3OAR100', '3OAS100', 'EAR100x', 'FACOAE80']","['AACPS8', 'ACACT4r', 'ACOAD4f', 'ACOATA', 'ECOAH4', 'FACOAE100', 'FADRx2', 'HACD4', 'MACPD']",[],ACACT4r,3HAD100,4.981888228589619,1,15,0,-1.0,-0.33212588190593434,iJO1366,PSL,True,False,-18.5716619559617,0.0,0.0,0.0
43,"['3HAD100', 'AACPS8', 'AACPS9', 'ACACT4r', '3OAR100', '3OAS100', 'ACOAD4f', 'ACOATA', 'EAR100x', 'ECOAH4', 'FACOAE100', 'FACOAE80', 'FADRx2', 'HACD4', 'MACPD']","[0.3321258819059934, -0.3321258819059934, 0.3321258819059934, -0.3321258819059949, 0.3321258819059949, 0.3321258819059934, 0.3321258819059949, 0.3321258819058812, 0.3321258819059934, -0.3321258819059949, -0.3321258819059934, 0.3321258819059934, -0.3321258819059994, -0.3321258819059949, -0.3321258819059327]","[0.3321258819059934, 0.3321258819059934, 0.3321258819059934, 0.3321258819059949, 0.3321258819059949, 0.3321258819059934, 0.3321258819059949, 0.3321258819058812, 0.3321258819059934, 0.3321258819059949, 0.3321258819059934, 0.3321258819059934, 0.3321258819059994, 0.3321258819059949, 0.3321258819059327]","['3HAD100', 'AACPS9', '3OAR100', '3OAS100', 'EAR100x', 'FACOAE80']","['AACPS8', 'ACACT4r', 'ACOAD4f', 'ACOATA', 'ECOAH4', 'FACOAE100', 'FADRx2', 'HACD4', 'MACPD']",[],ACACT4r,3OAR100,4.981888228589619,1,15,0,-1.0,-0.33212588190593434,iJO1366,PSL,True,False,-18.5716619559617,0.0,0.0,0.0
44,"['3HAD100', 'AACPS8', 'AACPS9', 'ACACT4r', '3OAR100', '3OAS100', 'ACOAD4f', 'ACOATA', 'EAR100x', 'ECOAH4', 'FACOAE100', 'FACOAE80', 'FADRx2', 'HACD4', 'MACPD']","[0.3321258819059934, -0.3321258819059934, 0.3321258819059934, -0.3321258819059949, 0.3321258819059949, 0.3321258819059934, 0.3321258819059949, 0.3321258819058812, 0.3321258819059934, -0.3321258819059949, -0.3321258819059934, 0.3321258819059934, -0.3321258819059994, -0.3321258819059949, -0.3321258819059327]","[0.3321258819059934, 0.3321258819059934, 0.3321258819059934, 0.3321258819059949, 0.3321258819059949, 0.3321258819059934, 0.3321258819059949, 0.3321258819058812, 0.3321258819059934, 0.3321258819059949, 0.3321258819059934, 0.3321258819059934, 0.3321258819059994, 0.3321258819059949, 0.3321258819059327]","['3HAD100', 'AACPS9', '3OAR100', '3OAS100', 'EAR100x', 'FACOAE80']","['AACPS8', 'ACACT4r', 'ACOAD4f', 'ACOATA', 'ECOAH4', 'FACOAE100', 'FADRx2', 'HACD4', 'MACPD']",[],ACACT4r,3OAS100,4.981888228589619,1,15,0,-1.0,-0.33212588190593434,iJO1366,PSL,True,False,-18.5716619559617,0.0,0.0,0.0
45,"['3HAD100', '3HAD40', '3HAD60', '3HAD80', 'ACACT1r', 'ACACT2r', 'ACACT3r', 'ACACT4r', '3OAR100', '3OAR40', '3OAR60', '3OAR80', '3OAS100', '3OAS60', '3OAS80', 'ACOAD1f', 'ACOAD2f', 'ACOAD3f', 'ACOAD4f', 'ACOATA', 'EAR100x', 'EAR40x', 'EAR60x', 'EAR80x', 'ECOAH1', 'ECOAH2', 'ECOAH3', 'ECOAH4', 'FA100ACPHi', 'FACOAE100', 'FADRx2', 'HACD1', 'HACD2', 'HACD3', 'HACD4', 'KAS15', 'MACPD']","[0.332125881906042, 0.332125881906042, 0.332125881906042, 0.332125881906042, -0.3321258819060328, -0.3321258819060328, -0.3321258819060328, -0.3321258819060328, 0.332125881906042, 0.332125881906042, 0.332125881906042, 0.332125881906042, 0.332125881906042, 0.332125881906042, 0.332125881906042, 0.3321258819060328, 0.3321258819060328, 0.3321258819060328, 0.3321258819060328, 1.3285035276242407, 0.332125881906042, 0.332125881906042, 0.332125881906042, 0.332125881906042, -0.3321258819060328, -0.3321258819060328, -0.3321258819060328, -0.3321258819060328, 0.3321258819057089, -0.3321258819060328, -1.3285035276278068, -0.3321258819060328, -0.3321258819060328, -0.3321258819060328, -0.3321258819060328, 0.332125881906042, -1.3285035276242407]","[0.332125881906042, 0.332125881906042, 0.332125881906042, 0.332125881906042, 0.3321258819060328, 0.3321258819060328, 0.3321258819060328, 0.3321258819060328, 0.332125881906042, 0.332125881906042, 0.332125881906042, 0.332125881906042, 0.332125881906042, 0.332125881906042, 0.332125881906042, 0.3321258819060328, 0.3321258819060328, 0.3321258819060328, 0.3321258819060328, 1.3285035276242407, 0.332125881906042, 0.332125881906042, 0.332125881906042, 0.332125881906042, 0.3321258819060328, 0.3321258819060328, 0.3321258819060328, 0.3321258819060328, 0.3321258819057089, 0.3321258819060328, 1.3285035276278068, 0.3321258819060328, 0.3321258819060328, 0.3321258819060328, 0.3321258819060328, 0.332125881906042, 1.3285035276242407]","['3HAD100', '3HAD40', '3HAD60', '3HAD80', '3OAR100', '3OAR40', '3OAR60', '3OAR80', '3OAS100', '3OAS60', '3OAS80', 'EAR100x', 'EAR40x', 'EAR60x', 'EAR80x', 'FA100ACPHi', 'KAS15']","['ACACT1r', 'ACACT2r', 'ACACT3r', 'ACACT4r', 'ACOAD1f', 'ACOAD2f', 'ACOAD3f', 'ACOAD4f', 'ACOATA', 'ECOAH1', 'ECOAH2', 'ECOAH3', 'ECOAH4', 'FACOAE100', 'FADRx2', 'HACD1', 'HACD2', 'HACD3', 'HACD4', 'MACPD']",[],ACOAD1f,3HAD100,15.27779056767757,1,37,0,-7.0,-1.3285035276202786,iJO1366,PSL,True,False,-7.25131637007451,0.0,0.0,0.0
46,"['3HAD40', '3HAD60', '3HAD80', 'ACACT1r', 'ACACT2r', 'ACACT3r', '3OAR40', '3OAR60', '3OAR80', '3OAS60', '3OAS80', 'ACOAD1f', 'ACOAD2f', 'ACOAD3f', 'ACOATA', 'EAR40x', 'EAR60x', 'EAR80x', 'ECOAH1', 'ECOAH2', 'ECOAH3', 'FA80ACPHi', 'FACOAE80', 'FADRx2', 'HACD1', 'HACD2', 'HACD3', 'KAS15', 'MACPD']","[0.3321258819060322, 0.3321258819060322, 0.332125881906, -0.332125881906, -0.332125881906, -0.332125881906, 0.3321258819060322, 0.3321258819060322, 0.332125881906, 0.3321258819060322, 0.332125881906, 0.332125881906, 0.332125881906, 0.332125881906, 0.9963776457181219, 0.3321258819060322, 0.3321258819060322, 0.332125881906, -0.332125881906, -0.332125881906, -0.332125881906, 0.33212588190515047, -0.332125881906, -0.9963776457146418, -0.332125881906, -0.332125881906, -0.332125881906, 0.3321258819060322, -0.9963776457181219]","[0.3321258819060322, 0.3321258819060322, 0.332125881906, 0.332125881906, 0.332125881906, 0.332125881906, 0.3321258819060322, 0.3321258819060322, 0.332125881906, 0.3321258819060322, 0.332125881906, 0.332125881906, 0.332125881906, 0.332125881906, 0.9963776457181219, 0.3321258819060322, 0.3321258819060322, 0.332125881906, 0.332125881906, 0.332125881906, 0.332125881906, 0.33212588190515047, 0.332125881906, 0.9963776457146418, 0.332125881906, 0.332125881906, 0.332125881906, 0.3321258819060322, 0.9963776457181219]","['3HAD40', '3HAD60', '3HAD80', '3OAR40', '3OAR60', '3OAR80', '3OAS60', '3OAS80', 'EAR40x', 'EAR60x', 'EAR80x', 'FA80ACPHi', 'KAS15']","['ACACT1r', 'ACACT2r', 'ACACT3r', 'ACOAD1f', 'ACOAD2f', 'ACOAD3f', 'ACOATA', 'ECOAH1', 'ECOAH2', 'ECOAH3', 'FACOAE80', 'FADRx2', 'HACD1', 'HACD2', 'HACD3', 'MACPD']",[],ACOAD1f,3HAD40,11.624405866710797,1,29,0,-5.0,-0.9963776457207665,iJO1366,PSL,True,False,-7.25131637007451,0.0,0.0,0.0
47,"['3HAD40', '3HAD60', '3HAD80', 'ACACT1r', 'ACACT2r', 'ACACT3r', '3OAR40', '3OAR60', '3OAR80', '3OAS60', '3OAS80', 'ACOAD1f', 'ACOAD2f', 'ACOAD3f', 'ACOATA', 'EAR40x', 'EAR60x', 'EAR80x', 'ECOAH1', 'ECOAH2', 'ECOAH3', 'FA80ACPHi', 'FACOAE80', 'FADRx2', 'HACD1', 'HACD2', 'HACD3', 'KAS15', 'MACPD']","[0.3321258819060322, 0.3321258819060322, 0.332125881906, -0.332125881906, -0.332125881906, -0.332125881906, 0.3321258819060322, 0.3321258819060322, 0.332125881906, 0.3321258819060322, 0.332125881906, 0.332125881906, 0.332125881906, 0.332125881906, 0.9963776457181219, 0.3321258819060322, 0.3321258819060322, 0.332125881906, -0.332125881906, -0.332125881906, -0.332125881906, 0.33212588190515047, -0.332125881906, -0.9963776457146418, -0.332125881906, -0.332125881906, -0.332125881906, 0.3321258819060322, -0.9963776457181219]","[0.3321258819060322, 0.3321258819060322, 0.332125881906, 0.332125881906, 0.332125881906, 0.332125881906, 0.3321258819060322, 0.3321258819060322, 0.332125881906, 0.3321258819060322, 0.332125881906, 0.332125881906, 0.332125881906, 0.332125881906, 0.9963776457181219, 0.3321258819060322, 0.3321258819060322, 0.332125881906, 0.332125881906, 0.332125881906, 0.332125881906, 0.33212588190515047, 0.332125881906, 0.9963776457146418, 0.332125881906, 0.332125881906, 0.332125881906, 0.3321258819060322, 0.9963776457181219]","['3HAD40', '3HAD60', '3HAD80', '3OAR40', '3OAR60', '3OAR80', '3OAS60', '3OAS80', 'EAR40x', 'EAR60x', 'EAR80x', 'FA80ACPHi', 'KAS15']","['ACACT1r', 'ACACT2r', 'ACACT3r', 'ACOAD1f', 'ACOAD2f', 'ACOAD3f', 'ACOATA', 'ECOAH1', 'ECOAH2', 'ECOAH3', 'FACOAE80', 'FADRx2', 'HACD1', 'HACD2', 'HACD3', 'MACPD']",[],ACOAD1f,3HAD60,11.624405866710797,1,29,0,-5.0,-0.9963776457207665,iJO1366,PSL,True,False,-7.25131637007451,0.0,0.0,0.0
48,"['3HAD40', '3HAD60', '3HAD80', 'ACACT1r', 'ACACT2r', 'ACACT3r', '3OAR40', '3OAR60', '3OAR80', '3OAS60', '3OAS80', 'ACOAD1f', 'ACOAD2f', 'ACOAD3f', 'ACOATA', 'EAR40x', 'EAR60x', 'EAR80x', 'ECOAH1', 'ECOAH2', 'ECOAH3', 'FA80ACPHi', 'FACOAE80', 'FADRx2', 'HACD1', 'HACD2', 'HACD3', 'KAS15', 'MACPD']","[0.3321258819060322, 0.3321258819060322, 0.332125881906, -0.332125881906, -0.332125881906, -0.332125881906, 0.3321258819060322, 0.3321258819060322, 0.332125881906, 0.3321258819060322, 0.332125881906, 0.332125881906, 0.332125881906, 0.332125881906, 0.9963776457181219, 0.3321258819060322, 0.3321258819060322, 0.332125881906, -0.332125881906, -0.332125881906, -0.332125881906, 0.33212588190515047, -0.332125881906, -0.9963776457146418, -0.332125881906, -0.332125881906, -0.332125881906, 0.3321258819060322, -0.9963776457181219]","[0.3321258819060322, 0.3321258819060322, 0.332125881906, 0.332125881906, 0.332125881906, 0.332125881906, 0.3321258819060322, 0.3321258819060322, 0.332125881906, 0.3321258819060322, 0.332125881906, 0.332125881906, 0.332125881906, 0.332125881906, 0.9963776457181219, 0.3321258819060322, 0.3321258819060322, 0.332125881906, 0.332125881906, 0.332125881906, 0.332125881906, 0.33212588190515047, 0.332125881906, 0.9963776457146418, 0.332125881906, 0.332125881906, 0.332125881906, 0.3321258819060322, 0.9963776457181219]","['3HAD40', '3HAD60', '3HAD80', '3OAR40', '3OAR60', '3OAR80', '3OAS60', '3OAS80', 'EAR40x', 'EAR60x', 'EAR80x', 'FA80ACPHi', 'KAS15']","['ACACT1r', 'ACACT2r', 'ACACT3r', 'ACOAD1f', 'ACOAD2f', 'ACOAD3f', 'ACOATA', 'ECOAH1', 'ECOAH2', 'ECOAH3', 'FACOAE80', 'FADRx2', 'HACD1', 'HACD2', 'HACD3', 'MACPD']",[],ACOAD1f,3HAD80,11.624405866710797,1,29,0,-5.0,-0.9963776457207665,iJO1366,PSL,True,False,-7.25131637007451,0.0,0.0,0.0
49,"['3HAD100', '3HAD40', '3HAD60', '3HAD80', 'ACACT1r', 'ACACT2r', 'ACACT3r', 'ACACT4r', '3OAR100', '3OAR40', '3OAR60', '3OAR80', '3OAS100', '3OAS60', '3OAS80', 'ACOAD1f', 'ACOAD2f', 'ACOAD3f', 'ACOAD4f', 'ACOATA', 'EAR100x', 'EAR40x', 'EAR60x', 'EAR80x', 'ECOAH1', 'ECOAH2', 'ECOAH3', 'ECOAH4', 'FA100ACPHi', 'FACOAE100', 'FADRx2', 'HACD1', 'HACD2', 'HACD3', 'HACD4', 'KAS15', 'MACPD']","[0.332125881906042, 0.332125881906042, 0.332125881906042, 0.332125881906042, -0.3321258819060328, -0.3321258819060328, -0.3321258819060328, -0.3321258819060328, 0.332125881906042, 0.332125881906042, 0.332125881906042, 0.332125881906042, 0.332125881906042, 0.332125881906042, 0.332125881906042, 0.3321258819060328, 0.3321258819060328, 0.3321258819060328, 0.3321258819060328, 1.3285035276242407, 0.332125881906042, 0.332125881906042, 0.332125881906042, 0.332125881906042, -0.3321258819060328, -0.3321258819060328, -0.3321258819060328, -0.3321258819060328, 0.3321258819057089, -0.3321258819060328, -1.3285035276278068, -0.3321258819060328, -0.3321258819060328, -0.3321258819060328, -0.3321258819060328, 0.332125881906042, -1.3285035276242407]","[0.332125881906042, 0.332125881906042, 0.332125881906042, 0.332125881906042, 0.3321258819060328, 0.3321258819060328, 0.3321258819060328, 0.3321258819060328, 0.332125881906042, 0.332125881906042, 0.332125881906042, 0.332125881906042, 0.332125881906042, 0.332125881906042, 0.332125881906042, 0.3321258819060328, 0.3321258819060328, 0.3321258819060328, 0.3321258819060328, 1.3285035276242407, 0.332125881906042, 0.332125881906042, 0.332125881906042, 0.332125881906042, 0.3321258819060328, 0.3321258819060328, 0.3321258819060328, 0.3321258819060328, 0.3321258819057089, 0.3321258819060328, 1.3285035276278068, 0.3321258819060328, 0.3321258819060328, 0.3321258819060328, 0.3321258819060328, 0.332125881906042, 1.3285035276242407]","['3HAD100', '3HAD40', '3HAD60', '3HAD80', '3OAR100', '3OAR40', '3OAR60', '3OAR80', '3OAS100', '3OAS60', '3OAS80', 'EAR100x', 'EAR40x', 'EAR60x', 'EAR80x', 'FA100ACPHi', 'KAS15']","['ACACT1r', 'ACACT2r', 'ACACT3r', 'ACACT4r', 'ACOAD1f', 'ACOAD2f', 'ACOAD3f', 'ACOAD4f', 'ACOATA', 'ECOAH1', 'ECOAH2', 'ECOAH3', 'ECOAH4', 'FACOAE100', 'FADRx2', 'HACD1', 'HACD2', 'HACD3', 'HACD4', 'MACPD']",[],ACOAD1f,3OAR100,15.27779056767757,1,37,0,-7.0,-1.3285035276202786,iJO1366,PSL,True,False,-7.25131637007451,0.0,0.0,0.0
50,"['3HAD40', '3HAD60', '3HAD80', 'ACACT1r', 'ACACT2r', 'ACACT3r', '3OAR40', '3OAR60', '3OAR80', '3OAS60', '3OAS80', 'ACOAD1f', 'ACOAD2f', 'ACOAD3f', 'ACOATA', 'EAR40x', 'EAR60x', 'EAR80x', 'ECOAH1', 'ECOAH2', 'ECOAH3', 'FA80ACPHi', 'FACOAE80', 'FADRx2', 'HACD1', 'HACD2', 'HACD3', 'KAS15', 'MACPD']","[0.3321258819060322, 0.3321258819060322, 0.332125881906, -0.332125881906, -0.332125881906, -0.332125881906, 0.3321258819060322, 0.3321258819060322, 0.332125881906, 0.3321258819060322, 0.332125881906, 0.332125881906, 0.332125881906, 0.332125881906, 0.9963776457181219, 0.3321258819060322, 0.3321258819060322, 0.332125881906, -0.332125881906, -0.332125881906, -0.332125881906, 0.33212588190515047, -0.332125881906, -0.9963776457146418, -0.332125881906, -0.332125881906, -0.332125881906, 0.3321258819060322, -0.9963776457181219]","[0.3321258819060322, 0.3321258819060322, 0.332125881906, 0.332125881906, 0.332125881906, 0.332125881906, 0.3321258819060322, 0.3321258819060322, 0.332125881906, 0.3321258819060322, 0.332125881906, 0.332125881906, 0.332125881906, 0.332125881906, 0.9963776457181219, 0.3321258819060322, 0.3321258819060322, 0.332125881906, 0.332125881906, 0.332125881906, 0.332125881906, 0.33212588190515047, 0.332125881906, 0.9963776457146418, 0.332125881906, 0.332125881906, 0.332125881906, 0.3321258819060322, 0.9963776457181219]","['3HAD40', '3HAD60', '3HAD80', '3OAR40', '3OAR60', '3OAR80', '3OAS60', '3OAS80', 'EAR40x', 'EAR60x', 'EAR80x', 'FA80ACPHi', 'KAS15']","['ACACT1r', 'ACACT2r', 'ACACT3r', 'ACOAD1f', 'ACOAD2f', 'ACOAD3f', 'ACOATA', 'ECOAH1', 'ECOAH2', 'ECOAH3', 'FACOAE80', 'FADRx2', 'HACD1', 'HACD2', 'HACD3', 'MACPD']",[],ACOAD1f,3OAR40,11.624405866710797,1,29,0,-5.0,-0.9963776457207665,iJO1366,PSL,True,False,-7.25131637007451,0.0,0.0,0.0
51,"['3HAD40', '3HAD60', '3HAD80', 'ACACT1r', 'ACACT2r', 'ACACT3r', '3OAR40', '3OAR60', '3OAR80', '3OAS60', '3OAS80', 'ACOAD1f', 'ACOAD2f', 'ACOAD3f', 'ACOATA', 'EAR40x', 'EAR60x', 'EAR80x', 'ECOAH1', 'ECOAH2', 'ECOAH3', 'FA80ACPHi', 'FACOAE80', 'FADRx2', 'HACD1', 'HACD2', 'HACD3', 'KAS15', 'MACPD']","[0.3321258819060322, 0.3321258819060322, 0.332125881906, -0.332125881906, -0.332125881906, -0.332125881906, 0.3321258819060322, 0.3321258819060322, 0.332125881906, 0.3321258819060322, 0.332125881906, 0.332125881906, 0.332125881906, 0.332125881906, 0.9963776457181219, 0.3321258819060322, 0.3321258819060322, 0.332125881906, -0.332125881906, -0.332125881906, -0.332125881906, 0.33212588190515047, -0.332125881906, -0.9963776457146418, -0.332125881906, -0.332125881906, -0.332125881906, 0.3321258819060322, -0.9963776457181219]","[0.3321258819060322, 0.3321258819060322, 0.332125881906, 0.332125881906, 0.332125881906, 0.332125881906, 0.3321258819060322, 0.3321258819060322, 0.332125881906, 0.3321258819060322, 0.332125881906, 0.332125881906, 0.332125881906, 0.332125881906, 0.9963776457181219, 0.3321258819060322, 0.3321258819060322, 0.332125881906, 0.332125881906, 0.332125881906, 0.332125881906, 0.33212588190515047, 0.332125881906, 0.9963776457146418, 0.332125881906, 0.332125881906, 0.332125881906, 0.3321258819060322, 0.9963776457181219]","['3HAD40', '3HAD60', '3HAD80', '3OAR40', '3OAR60', '3OAR80', '3OAS60', '3OAS80', 'EAR40x', 'EAR60x', 'EAR80x', 'FA80ACPHi', 'KAS15']","['ACACT1r', 'ACACT2r', 'ACACT3r', 'ACOAD1f', 'ACOAD2f', 'ACOAD3f', 'ACOATA', 'ECOAH1', 'ECOAH2', 'ECOAH3', 'FACOAE80', 'FADRx2', 'HACD1', 'HACD2', 'HACD3', 'MACPD']",[],ACOAD1f,3OAR60,11.624405866710797,1,29,0,-5.0,-0.9963776457207665,iJO1366,PSL,True,False,-7.25131637007451,0.0,0.0,0.0
52,"['3HAD40', '3HAD60', '3HAD80', 'ACACT1r', 'ACACT2r', 'ACACT3r', '3OAR40', '3OAR60', '3OAR80', '3OAS60', '3OAS80', 'ACOAD1f', 'ACOAD2f', 'ACOAD3f', 'ACOATA', 'EAR40x', 'EAR60x', 'EAR80x', 'ECOAH1', 'ECOAH2', 'ECOAH3', 'FA80ACPHi', 'FACOAE80', 'FADRx2', 'HACD1', 'HACD2', 'HACD3', 'KAS15', 'MACPD']","[0.3321258819060322, 0.3321258819060322, 0.332125881906, -0.332125881906, -0.332125881906, -0.332125881906, 0.3321258819060322, 0.3321258819060322, 0.332125881906, 0.3321258819060322, 0.332125881906, 0.332125881906, 0.332125881906, 0.332125881906, 0.9963776457181219, 0.3321258819060322, 0.3321258819060322, 0.332125881906, -0.332125881906, -0.332125881906, -0.332125881906, 0.33212588190515047, -0.332125881906, -0.9963776457146418, -0.332125881906, -0.332125881906, -0.332125881906, 0.3321258819060322, -0.9963776457181219]","[0.3321258819060322, 0.3321258819060322, 0.332125881906, 0.332125881906, 0.332125881906, 0.332125881906, 0.3321258819060322, 0.3321258819060322, 0.332125881906, 0.3321258819060322, 0.332125881906, 0.332125881906, 0.332125881906, 0.332125881906, 0.9963776457181219, 0.3321258819060322, 0.3321258819060322, 0.332125881906, 0.332125881906, 0.332125881906, 0.332125881906, 0.33212588190515047, 0.332125881906, 0.9963776457146418, 0.332125881906, 0.332125881906, 0.332125881906, 0.3321258819060322, 0.9963776457181219]","['3HAD40', '3HAD60', '3HAD80', '3OAR40', '3OAR60', '3OAR80', '3OAS60', '3OAS80', 'EAR40x', 'EAR60x', 'EAR80x', 'FA80ACPHi', 'KAS15']","['ACACT1r', 'ACACT2r', 'ACACT3r', 'ACOAD1f', 'ACOAD2f', 'ACOAD3f', 'ACOATA', 'ECOAH1', 'ECOAH2', 'ECOAH3', 'FACOAE80', 'FADRx2', 'HACD1', 'HACD2', 'HACD3', 'MACPD']",[],ACOAD1f,3OAR80,11.624405866710797,1,29,0,-5.0,-0.9963776457207665,iJO1366,PSL,True,False,-7.25131637007451,0.0,0.0,0.0
53,"['3HAD100', '3HAD40', '3HAD60', '3HAD80', 'ACACT1r', 'ACACT2r', 'ACACT3r', 'ACACT4r', '3OAR100', '3OAR40', '3OAR60', '3OAR80', '3OAS100', '3OAS60', '3OAS80', 'ACOAD1f', 'ACOAD2f', 'ACOAD3f', 'ACOAD4f', 'ACOATA', 'EAR100x', 'EAR40x', 'EAR60x', 'EAR80x', 'ECOAH1', 'ECOAH2', 'ECOAH3', 'ECOAH4', 'FA100ACPHi', 'FACOAE100', 'FADRx2', 'HACD1', 'HACD2', 'HACD3', 'HACD4', 'KAS15', 'MACPD']","[0.332125881906042, 0.332125881906042, 0.332125881906042, 0.332125881906042, -0.3321258819060328, -0.3321258819060328, -0.3321258819060328, -0.3321258819060328, 0.332125881906042, 0.332125881906042, 0.332125881906042, 0.332125881906042, 0.332125881906042, 0.332125881906042, 0.332125881906042, 0.3321258819060328, 0.3321258819060328, 0.3321258819060328, 0.3321258819060328, 1.3285035276242407, 0.332125881906042, 0.332125881906042, 0.332125881906042, 0.332125881906042, -0.3321258819060328, -0.3321258819060328, -0.3321258819060328, -0.3321258819060328, 0.3321258819057089, -0.3321258819060328, -1.3285035276278068, -0.3321258819060328, -0.3321258819060328, -0.3321258819060328, -0.3321258819060328, 0.332125881906042, -1.3285035276242407]","[0.332125881906042, 0.332125881906042, 0.332125881906042, 0.332125881906042, 0.3321258819060328, 0.3321258819060328, 0.3321258819060328, 0.3321258819060328, 0.332125881906042, 0.332125881906042, 0.332125881906042, 0.332125881906042, 0.332125881906042, 0.332125881906042, 0.332125881906042, 0.3321258819060328, 0.3321258819060328, 0.3321258819060328, 0.3321258819060328, 1.3285035276242407, 0.332125881906042, 0.332125881906042, 0.332125881906042, 0.332125881906042, 0.3321258819060328, 0.3321258819060328, 0.3321258819060328, 0.3321258819060328, 0.3321258819057089, 0.3321258819060328, 1.3285035276278068, 0.3321258819060328, 0.3321258819060328, 0.3321258819060328, 0.3321258819060328, 0.332125881906042, 1.3285035276242407]","['3HAD100', '3HAD40', '3HAD60', '3HAD80', '3OAR100', '3OAR40', '3OAR60', '3OAR80', '3OAS100', '3OAS60', '3OAS80', 'EAR100x', 'EAR40x', 'EAR60x', 'EAR80x', 'FA100ACPHi', 'KAS15']","['ACACT1r', 'ACACT2r', 'ACACT3r', 'ACACT4r', 'ACOAD1f', 'ACOAD2f', 'ACOAD3f', 'ACOAD4f', 'ACOATA', 'ECOAH1', 'ECOAH2', 'ECOAH3', 'ECOAH4', 'FACOAE100', 'FADRx2', 'HACD1', 'HACD2', 'HACD3', 'HACD4', 'MACPD']",[],ACOAD1f,3OAS100,15.27779056767757,1,37,0,-7.0,-1.3285035276202786,iJO1366,PSL,True,False,-7.25131637007451,0.0,0.0,0.0
54,"['3HAD40', '3HAD60', '3HAD80', 'ACACT1r', 'ACACT2r', 'ACACT3r', '3OAR40', '3OAR60', '3OAR80', '3OAS60', '3OAS80', 'ACOAD1f', 'ACOAD2f', 'ACOAD3f', 'ACOATA', 'EAR40x', 'EAR60x', 'EAR80x', 'ECOAH1', 'ECOAH2', 'ECOAH3', 'FA80ACPHi', 'FACOAE80', 'FADRx2', 'HACD1', 'HACD2', 'HACD3', 'KAS15', 'MACPD']","[0.3321258819060322, 0.3321258819060322, 0.332125881906, -0.332125881906, -0.332125881906, -0.332125881906, 0.3321258819060322, 0.3321258819060322, 0.332125881906, 0.3321258819060322, 0.332125881906, 0.332125881906, 0.332125881906, 0.332125881906, 0.9963776457181219, 0.3321258819060322, 0.3321258819060322, 0.332125881906, -0.332125881906, -0.332125881906, -0.332125881906, 0.33212588190515047, -0.332125881906, -0.9963776457146418, -0.332125881906, -0.332125881906, -0.332125881906, 0.3321258819060322, -0.9963776457181219]","[0.3321258819060322, 0.3321258819060322, 0.332125881906, 0.332125881906, 0.332125881906, 0.332125881906, 0.3321258819060322, 0.3321258819060322, 0.332125881906, 0.3321258819060322, 0.332125881906, 0.332125881906, 0.332125881906, 0.332125881906, 0.9963776457181219, 0.3321258819060322, 0.3321258819060322, 0.332125881906, 0.332125881906, 0.332125881906, 0.332125881906, 0.33212588190515047, 0.332125881906, 0.9963776457146418, 0.332125881906, 0.332125881906, 0.332125881906, 0.3321258819060322, 0.9963776457181219]","['3HAD40', '3HAD60', '3HAD80', '3OAR40', '3OAR60', '3OAR80', '3OAS60', '3OAS80', 'EAR40x', 'EAR60x', 'EAR80x', 'FA80ACPHi', 'KAS15']","['ACACT1r', 'ACACT2r', 'ACACT3r', 'ACOAD1f', 'ACOAD2f', 'ACOAD3f', 'ACOATA', 'ECOAH1', 'ECOAH2', 'ECOAH3', 'FACOAE80', 'FADRx2', 'HACD1', 'HACD2', 'HACD3', 'MACPD']",[],ACOAD1f,3OAS60,11.624405866710797,1,29,0,-5.0,-0.9963776457207665,iJO1366,PSL,True,False,-7.25131637007451,0.0,0.0,-10.6104250518248
55,"['3HAD40', '3HAD60', '3HAD80', 'ACACT1r', 'ACACT2r', 'ACACT3r', '3OAR40', '3OAR60', '3OAR80', '3OAS60', '3OAS80', 'ACOAD1f', 'ACOAD2f', 'ACOAD3f', 'ACOATA', 'EAR40x', 'EAR60x', 'EAR80x', 'ECOAH1', 'ECOAH2', 'ECOAH3', 'FA80ACPHi', 'FACOAE80', 'FADRx2', 'HACD1', 'HACD2', 'HACD3', 'KAS15', 'MACPD']","[0.3321258819060322, 0.3321258819060322, 0.332125881906, -0.332125881906, -0.332125881906, -0.332125881906, 0.3321258819060322, 0.3321258819060322, 0.332125881906, 0.3321258819060322, 0.332125881906, 0.332125881906, 0.332125881906, 0.332125881906, 0.9963776457181219, 0.3321258819060322, 0.3321258819060322, 0.332125881906, -0.332125881906, -0.332125881906, -0.332125881906, 0.33212588190515047, -0.332125881906, -0.9963776457146418, -0.332125881906, -0.332125881906, -0.332125881906, 0.3321258819060322, -0.9963776457181219]","[0.3321258819060322, 0.3321258819060322, 0.332125881906, 0.332125881906, 0.332125881906, 0.332125881906, 0.3321258819060322, 0.3321258819060322, 0.332125881906, 0.3321258819060322, 0.332125881906, 0.332125881906, 0.332125881906, 0.332125881906, 0.9963776457181219, 0.3321258819060322, 0.3321258819060322, 0.332125881906, 0.332125881906, 0.332125881906, 0.332125881906, 0.33212588190515047, 0.332125881906, 0.9963776457146418, 0.332125881906, 0.332125881906, 0.332125881906, 0.3321258819060322, 0.9963776457181219]","['3HAD40', '3HAD60', '3HAD80', '3OAR40', '3OAR60', '3OAR80', '3OAS60', '3OAS80', 'EAR40x', 'EAR60x', 'EAR80x', 'FA80ACPHi', 'KAS15']","['ACACT1r', 'ACACT2r', 'ACACT3r', 'ACOAD1f', 'ACOAD2f', 'ACOAD3f', 'ACOATA', 'ECOAH1', 'ECOAH2', 'ECOAH3', 'FACOAE80', 'FADRx2', 'HACD1', 'HACD2', 'HACD3', 'MACPD']",[],ACOAD1f,3OAS80,11.624405866710797,1,29,0,-5.0,-0.9963776457207665,iJO1366,PSL,True,False,-7.25131637007451,0.0,0.0,0.0
56,"['3HAD100', '3HAD40', '3HAD60', '3HAD80', 'ACACT1r', 'ACACT2r', 'ACACT3r', 'ACACT4r', '3OAR100', '3OAR40', '3OAR60', '3OAR80', '3OAS100', '3OAS60', '3OAS80', 'ACOAD1f', 'ACOAD2f', 'ACOAD3f', 'ACOAD4f', 'ACOATA', 'EAR100x', 'EAR40x', 'EAR60x', 'EAR80x', 'ECOAH1', 'ECOAH2', 'ECOAH3', 'ECOAH4', 'FA100ACPHi', 'FACOAE100', 'FADRx2', 'HACD1', 'HACD2', 'HACD3', 'HACD4', 'KAS15', 'MACPD']","[0.332125881906042, 0.332125881906042, 0.332125881906042, 0.332125881906042, -0.3321258819060328, -0.3321258819060328, -0.3321258819060328, -0.3321258819060328, 0.332125881906042, 0.332125881906042, 0.332125881906042, 0.332125881906042, 0.332125881906042, 0.332125881906042, 0.332125881906042, 0.3321258819060328, 0.3321258819060328, 0.3321258819060328, 0.3321258819060328, 1.3285035276242407, 0.332125881906042, 0.332125881906042, 0.332125881906042, 0.332125881906042, -0.3321258819060328, -0.3321258819060328, -0.3321258819060328, -0.3321258819060328, 0.3321258819057089, -0.3321258819060328, -1.3285035276278068, -0.3321258819060328, -0.3321258819060328, -0.3321258819060328, -0.3321258819060328, 0.332125881906042, -1.3285035276242407]","[0.332125881906042, 0.332125881906042, 0.332125881906042, 0.332125881906042, 0.3321258819060328, 0.3321258819060328, 0.3321258819060328, 0.3321258819060328, 0.332125881906042, 0.332125881906042, 0.332125881906042, 0.332125881906042, 0.332125881906042, 0.332125881906042, 0.332125881906042, 0.3321258819060328, 0.3321258819060328, 0.3321258819060328, 0.3321258819060328, 1.3285035276242407, 0.332125881906042, 0.332125881906042, 0.332125881906042, 0.332125881906042, 0.3321258819060328, 0.3321258819060328, 0.3321258819060328, 0.3321258819060328, 0.3321258819057089, 0.3321258819060328, 1.3285035276278068, 0.3321258819060328, 0.3321258819060328, 0.3321258819060328, 0.3321258819060328, 0.332125881906042, 1.3285035276242407]","['3HAD100', '3HAD40', '3HAD60', '3HAD80', '3OAR100', '3OAR40', '3OAR60', '3OAR80', '3OAS100', '3OAS60', '3OAS80', 'EAR100x', 'EAR40x', 'EAR60x', 'EAR80x', 'FA100ACPHi', 'KAS15']","['ACACT1r', 'ACACT2r', 'ACACT3r', 'ACACT4r', 'ACOAD1f', 'ACOAD2f', 'ACOAD3f', 'ACOAD4f', 'ACOATA', 'ECOAH1', 'ECOAH2', 'ECOAH3', 'ECOAH4', 'FACOAE100', 'FADRx2', 'HACD1', 'HACD2', 'HACD3', 'HACD4', 'MACPD']",[],ACOAD2f,3HAD100,15.27779056767757,1,37,0,-7.0,-1.3285035276202786,iJO1366,PSL,True,False,-7.25131637007451,0.0,0.0,0.0
57,"['3HAD40', '3HAD60', '3HAD80', 'ACACT1r', 'ACACT2r', 'ACACT3r', '3OAR40', '3OAR60', '3OAR80', '3OAS60', '3OAS80', 'ACOAD1f', 'ACOAD2f', 'ACOAD3f', 'ACOATA', 'EAR40x', 'EAR60x', 'EAR80x', 'ECOAH1', 'ECOAH2', 'ECOAH3', 'FA80ACPHi', 'FACOAE80', 'FADRx2', 'HACD1', 'HACD2', 'HACD3', 'KAS15', 'MACPD']","[0.332125881905984, 0.332125881905984, 0.33212588190598413, -0.332125881906, -0.332125881906, -0.332125881906, 0.332125881905984, 0.332125881905984, 0.33212588190598413, 0.332125881905984, 0.33212588190598413, 0.332125881906, 0.332125881906, 0.332125881906, 0.9963776457179081, 0.332125881905984, 0.332125881905984, 0.33212588190598413, -0.332125881906, -0.332125881906, -0.332125881906, 0.332125881906, -0.332125881906, -0.9963776457180094, -0.332125881906, -0.332125881906, -0.332125881906, 0.332125881905984, -0.9963776457179081]","[0.332125881905984, 0.332125881905984, 0.33212588190598413, 0.332125881906, 0.332125881906, 0.332125881906, 0.332125881905984, 0.332125881905984, 0.33212588190598413, 0.332125881905984, 0.33212588190598413, 0.332125881906, 0.332125881906, 0.332125881906, 0.9963776457179081, 0.332125881905984, 0.332125881905984, 0.33212588190598413, 0.332125881906, 0.332125881906, 0.332125881906, 0.332125881906, 0.332125881906, 0.9963776457180094, 0.332125881906, 0.332125881906, 0.332125881906, 0.332125881905984, 0.9963776457179081]","['3HAD40', '3HAD60', '3HAD80', '3OAR40', '3OAR60', '3OAR80', '3OAS60', '3OAS80', 'EAR40x', 'EAR60x', 'EAR80x', 'FA80ACPHi', 'KAS15']","['ACACT1r', 'ACACT2r', 'ACACT3r', 'ACOAD1f', 'ACOAD2f', 'ACOAD3f', 'ACOATA', 'ECOAH1', 'ECOAH2', 'ECOAH3', 'FACOAE80', 'HACD1', 'HACD2', 'HACD3', 'MACPD']",['FADRx2'],ACOAD2f,3HAD40,11.624405866709855,1,29,1,-5.0,-0.9963776457177995,iJO1366,PSL,True,False,-7.25131637007451,0.0,0.0,0.0
58,"['3HAD40', '3HAD60', '3HAD80', 'ACACT1r', 'ACACT2r', 'ACACT3r', '3OAR40', '3OAR60', '3OAR80', '3OAS60', '3OAS80', 'ACOAD1f', 'ACOAD2f', 'ACOAD3f', 'ACOATA', 'EAR40x', 'EAR60x', 'EAR80x', 'ECOAH1', 'ECOAH2', 'ECOAH3', 'FA80ACPHi', 'FACOAE80', 'FADRx2', 'HACD1', 'HACD2', 'HACD3', 'KAS15', 'MACPD']","[0.332125881905984, 0.332125881905984, 0.33212588190598413, -0.332125881906, -0.332125881906, -0.332125881906, 0.332125881905984, 0.332125881905984, 0.33212588190598413, 0.332125881905984, 0.33212588190598413, 0.332125881906, 0.332125881906, 0.332125881906, 0.9963776457179081, 0.332125881905984, 0.332125881905984, 0.33212588190598413, -0.332125881906, -0.332125881906, -0.332125881906, 0.332125881906, -0.332125881906, -0.9963776457180094, -0.332125881906, -0.332125881906, -0.332125881906, 0.332125881905984, -0.9963776457179081]","[0.332125881905984, 0.332125881905984, 0.33212588190598413, 0.332125881906, 0.332125881906, 0.332125881906, 0.332125881905984, 0.332125881905984, 0.33212588190598413, 0.332125881905984, 0.33212588190598413, 0.332125881906, 0.332125881906, 0.332125881906, 0.9963776457179081, 0.332125881905984, 0.332125881905984, 0.33212588190598413, 0.332125881906, 0.332125881906, 0.332125881906, 0.332125881906, 0.332125881906, 0.9963776457180094, 0.332125881906, 0.332125881906, 0.332125881906, 0.332125881905984, 0.9963776457179081]","['3HAD40', '3HAD60', '3HAD80', '3OAR40', '3OAR60', '3OAR80', '3OAS60', '3OAS80', 'EAR40x', 'EAR60x', 'EAR80x', 'FA80ACPHi', 'KAS15']","['ACACT1r', 'ACACT2r', 'ACACT3r', 'ACOAD1f', 'ACOAD2f', 'ACOAD3f', 'ACOATA', 'ECOAH1', 'ECOAH2', 'ECOAH3', 'FACOAE80', 'HACD1', 'HACD2', 'HACD3', 'MACPD']",['FADRx2'],ACOAD2f,3HAD60,11.624405866709855,1,29,1,-5.0,-0.9963776457177995,iJO1366,PSL,True,False,-7.25131637007451,0.0,0.0,0.0
59,"['3HAD40', '3HAD60', '3HAD80', 'ACACT1r', 'ACACT2r', 'ACACT3r', '3OAR40', '3OAR60', '3OAR80', '3OAS60', '3OAS80', 'ACOAD1f', 'ACOAD2f', 'ACOAD3f', 'ACOATA', 'EAR40x', 'EAR60x', 'EAR80x', 'ECOAH1', 'ECOAH2', 'ECOAH3', 'FA80ACPHi', 'FACOAE80', 'FADRx2', 'HACD1', 'HACD2', 'HACD3', 'KAS15', 'MACPD']","[0.332125881905984, 0.332125881905984, 0.33212588190598413, -0.332125881906, -0.332125881906, -0.332125881906, 0.332125881905984, 0.332125881905984, 0.33212588190598413, 0.332125881905984, 0.33212588190598413, 0.332125881906, 0.332125881906, 0.332125881906, 0.9963776457179081, 0.332125881905984, 0.332125881905984, 0.33212588190598413, -0.332125881906, -0.332125881906, -0.332125881906, 0.332125881906, -0.332125881906, -0.9963776457180094, -0.332125881906, -0.332125881906, -0.332125881906, 0.332125881905984, -0.9963776457179081]","[0.332125881905984, 0.332125881905984, 0.33212588190598413, 0.332125881906, 0.332125881906, 0.332125881906, 0.332125881905984, 0.332125881905984, 0.33212588190598413, 0.332125881905984, 0.33212588190598413, 0.332125881906, 0.332125881906, 0.332125881906, 0.9963776457179081, 0.332125881905984, 0.332125881905984, 0.33212588190598413, 0.332125881906, 0.332125881906, 0.332125881906, 0.332125881906, 0.332125881906, 0.9963776457180094, 0.332125881906, 0.332125881906, 0.332125881906, 0.332125881905984, 0.9963776457179081]","['3HAD40', '3HAD60', '3HAD80', '3OAR40', '3OAR60', '3OAR80', '3OAS60', '3OAS80', 'EAR40x', 'EAR60x', 'EAR80x', 'FA80ACPHi', 'KAS15']","['ACACT1r', 'ACACT2r', 'ACACT3r', 'ACOAD1f', 'ACOAD2f', 'ACOAD3f', 'ACOATA', 'ECOAH1', 'ECOAH2', 'ECOAH3', 'FACOAE80', 'HACD1', 'HACD2', 'HACD3', 'MACPD']",['FADRx2'],ACOAD2f,3HAD80,11.624405866709855,1,29,1,-5.0,-0.9963776457177995,iJO1366,PSL,True,False,-7.25131637007451,0.0,0.0,0.0
60,"['3HAD100', '3HAD40', '3HAD60', '3HAD80', 'ACACT1r', 'ACACT2r', 'ACACT3r', 'ACACT4r', '3OAR100', '3OAR40', '3OAR60', '3OAR80', '3OAS100', '3OAS60', '3OAS80', 'ACOAD1f', 'ACOAD2f', 'ACOAD3f', 'ACOAD4f', 'ACOATA', 'EAR100x', 'EAR40x', 'EAR60x', 'EAR80x', 'ECOAH1', 'ECOAH2', 'ECOAH3', 'ECOAH4', 'FA100ACPHi', 'FACOAE100', 'FADRx2', 'HACD1', 'HACD2', 'HACD3', 'HACD4', 'KAS15', 'MACPD']","[0.332125881906042, 0.332125881906042, 0.332125881906042, 0.332125881906042, -0.3321258819060328, -0.3321258819060328, -0.3321258819060328, -0.3321258819060328, 0.332125881906042, 0.332125881906042, 0.332125881906042, 0.332125881906042, 0.332125881906042, 0.332125881906042, 0.332125881906042, 0.3321258819060328, 0.3321258819060328, 0.3321258819060328, 0.3321258819060328, 1.3285035276242407, 0.332125881906042, 0.332125881906042, 0.332125881906042, 0.332125881906042, -0.3321258819060328, -0.3321258819060328, -0.3321258819060328, -0.3321258819060328, 0.3321258819057089, -0.3321258819060328, -1.3285035276278068, -0.3321258819060328, -0.3321258819060328, -0.3321258819060328, -0.3321258819060328, 0.332125881906042, -1.3285035276242407]","[0.332125881906042, 0.332125881906042, 0.332125881906042, 0.332125881906042, 0.3321258819060328, 0.3321258819060328, 0.3321258819060328, 0.3321258819060328, 0.332125881906042, 0.332125881906042, 0.332125881906042, 0.332125881906042, 0.332125881906042, 0.332125881906042, 0.332125881906042, 0.3321258819060328, 0.3321258819060328, 0.3321258819060328, 0.3321258819060328, 1.3285035276242407, 0.332125881906042, 0.332125881906042, 0.332125881906042, 0.332125881906042, 0.3321258819060328, 0.3321258819060328, 0.3321258819060328, 0.3321258819060328, 0.3321258819057089, 0.3321258819060328, 1.3285035276278068, 0.3321258819060328, 0.3321258819060328, 0.3321258819060328, 0.3321258819060328, 0.332125881906042, 1.3285035276242407]","['3HAD100', '3HAD40', '3HAD60', '3HAD80', '3OAR100', '3OAR40', '3OAR60', '3OAR80', '3OAS100', '3OAS60', '3OAS80', 'EAR100x', 'EAR40x', 'EAR60x', 'EAR80x', 'FA100ACPHi', 'KAS15']","['ACACT1r', 'ACACT2r', 'ACACT3r', 'ACACT4r', 'ACOAD1f', 'ACOAD2f', 'ACOAD3f', 'ACOAD4f', 'ACOATA', 'ECOAH1', 'ECOAH2', 'ECOAH3', 'ECOAH4', 'FACOAE100', 'FADRx2', 'HACD1', 'HACD2', 'HACD3', 'HACD4', 'MACPD']",[],ACOAD2f,3OAR100,15.27779056767757,1,37,0,-7.0,-1.3285035276202786,iJO1366,PSL,True,False,-7.25131637007451,0.0,0.0,0.0
61,"['3HAD40', '3HAD60', '3HAD80', 'ACACT1r', 'ACACT2r', 'ACACT3r', '3OAR40', '3OAR60', '3OAR80', '3OAS60', '3OAS80', 'ACOAD1f', 'ACOAD2f', 'ACOAD3f', 'ACOATA', 'EAR40x', 'EAR60x', 'EAR80x', 'ECOAH1', 'ECOAH2', 'ECOAH3', 'FA80ACPHi', 'FACOAE80', 'FADRx2', 'HACD1', 'HACD2', 'HACD3', 'KAS15', 'MACPD']","[0.332125881905984, 0.332125881905984, 0.33212588190598413, -0.332125881906, -0.332125881906, -0.332125881906, 0.332125881905984, 0.332125881905984, 0.33212588190598413, 0.332125881905984, 0.33212588190598413, 0.332125881906, 0.332125881906, 0.332125881906, 0.9963776457179081, 0.332125881905984, 0.332125881905984, 0.33212588190598413, -0.332125881906, -0.332125881906, -0.332125881906, 0.332125881906, -0.332125881906, -0.9963776457180094, -0.332125881906, -0.332125881906, -0.332125881906, 0.332125881905984, -0.9963776457179081]","[0.332125881905984, 0.332125881905984, 0.33212588190598413, 0.332125881906, 0.332125881906, 0.332125881906, 0.332125881905984, 0.332125881905984, 0.33212588190598413, 0.332125881905984, 0.33212588190598413, 0.332125881906, 0.332125881906, 0.332125881906, 0.9963776457179081, 0.332125881905984, 0.332125881905984, 0.33212588190598413, 0.332125881906, 0.332125881906, 0.332125881906, 0.332125881906, 0.332125881906, 0.9963776457180094, 0.332125881906, 0.332125881906, 0.332125881906, 0.332125881905984, 0.9963776457179081]","['3HAD40', '3HAD60', '3HAD80', '3OAR40', '3OAR60', '3OAR80', '3OAS60', '3OAS80', 'EAR40x', 'EAR60x', 'EAR80x', 'FA80ACPHi', 'KAS15']","['ACACT1r', 'ACACT2r', 'ACACT3r', 'ACOAD1f', 'ACOAD2f', 'ACOAD3f', 'ACOATA', 'ECOAH1', 'ECOAH2', 'ECOAH3', 'FACOAE80', 'HACD1', 'HACD2', 'HACD3', 'MACPD']",['FADRx2'],ACOAD2f,3OAR40,11.624405866709855,1,29,1,-5.0,-0.9963776457177995,iJO1366,PSL,True,False,-7.25131637007451,0.0,0.0,0.0
62,"['3HAD40', '3HAD60', '3HAD80', 'ACACT1r', 'ACACT2r', 'ACACT3r', '3OAR40', '3OAR60', '3OAR80', '3OAS60', '3OAS80', 'ACOAD1f', 'ACOAD2f', 'ACOAD3f', 'ACOATA', 'EAR40x', 'EAR60x', 'EAR80x', 'ECOAH1', 'ECOAH2', 'ECOAH3', 'FA80ACPHi', 'FACOAE80', 'FADRx2', 'HACD1', 'HACD2', 'HACD3', 'KAS15', 'MACPD']","[0.332125881905984, 0.332125881905984, 0.33212588190598413, -0.332125881906, -0.332125881906, -0.332125881906, 0.332125881905984, 0.332125881905984, 0.33212588190598413, 0.332125881905984, 0.33212588190598413, 0.332125881906, 0.332125881906, 0.332125881906, 0.9963776457179081, 0.332125881905984, 0.332125881905984, 0.33212588190598413, -0.332125881906, -0.332125881906, -0.332125881906, 0.332125881906, -0.332125881906, -0.9963776457180094, -0.332125881906, -0.332125881906, -0.332125881906, 0.332125881905984, -0.9963776457179081]","[0.332125881905984, 0.332125881905984, 0.33212588190598413, 0.332125881906, 0.332125881906, 0.332125881906, 0.332125881905984, 0.332125881905984, 0.33212588190598413, 0.332125881905984, 0.33212588190598413, 0.332125881906, 0.332125881906, 0.332125881906, 0.9963776457179081, 0.332125881905984, 0.332125881905984, 0.33212588190598413, 0.332125881906, 0.332125881906, 0.332125881906, 0.332125881906, 0.332125881906, 0.9963776457180094, 0.332125881906, 0.332125881906, 0.332125881906, 0.332125881905984, 0.9963776457179081]","['3HAD40', '3HAD60', '3HAD80', '3OAR40', '3OAR60', '3OAR80', '3OAS60', '3OAS80', 'EAR40x', 'EAR60x', 'EAR80x', 'FA80ACPHi', 'KAS15']","['ACACT1r', 'ACACT2r', 'ACACT3r', 'ACOAD1f', 'ACOAD2f', 'ACOAD3f', 'ACOATA', 'ECOAH1', 'ECOAH2', 'ECOAH3', 'FACOAE80', 'HACD1', 'HACD2', 'HACD3', 'MACPD']",['FADRx2'],ACOAD2f,3OAR60,11.624405866709855,1,29,1,-5.0,-0.9963776457177995,iJO1366,PSL,True,False,-7.25131637007451,0.0,0.0,0.0
63,"['3HAD40', '3HAD60', '3HAD80', 'ACACT1r', 'ACACT2r', 'ACACT3r', '3OAR40', '3OAR60', '3OAR80', '3OAS60', '3OAS80', 'ACOAD1f', 'ACOAD2f', 'ACOAD3f', 'ACOATA', 'EAR40x', 'EAR60x', 'EAR80x', 'ECOAH1', 'ECOAH2', 'ECOAH3', 'FA80ACPHi', 'FACOAE80', 'FADRx2', 'HACD1', 'HACD2', 'HACD3', 'KAS15', 'MACPD']","[0.332125881905984, 0.332125881905984, 0.33212588190598413, -0.332125881906, -0.332125881906, -0.332125881906, 0.332125881905984, 0.332125881905984, 0.33212588190598413, 0.332125881905984, 0.33212588190598413, 0.332125881906, 0.332125881906, 0.332125881906, 0.9963776457179081, 0.332125881905984, 0.332125881905984, 0.33212588190598413, -0.332125881906, -0.332125881906, -0.332125881906, 0.332125881906, -0.332125881906, -0.9963776457180094, -0.332125881906, -0.332125881906, -0.332125881906, 0.332125881905984, -0.9963776457179081]","[0.332125881905984, 0.332125881905984, 0.33212588190598413, 0.332125881906, 0.332125881906, 0.332125881906, 0.332125881905984, 0.332125881905984, 0.33212588190598413, 0.332125881905984, 0.33212588190598413, 0.332125881906, 0.332125881906, 0.332125881906, 0.9963776457179081, 0.332125881905984, 0.332125881905984, 0.33212588190598413, 0.332125881906, 0.332125881906, 0.332125881906, 0.332125881906, 0.332125881906, 0.9963776457180094, 0.332125881906, 0.332125881906, 0.332125881906, 0.332125881905984, 0.9963776457179081]","['3HAD40', '3HAD60', '3HAD80', '3OAR40', '3OAR60', '3OAR80', '3OAS60', '3OAS80', 'EAR40x', 'EAR60x', 'EAR80x', 'FA80ACPHi', 'KAS15']","['ACACT1r', 'ACACT2r', 'ACACT3r', 'ACOAD1f', 'ACOAD2f', 'ACOAD3f', 'ACOATA', 'ECOAH1', 'ECOAH2', 'ECOAH3', 'FACOAE80', 'HACD1', 'HACD2', 'HACD3', 'MACPD']",['FADRx2'],ACOAD2f,3OAR80,11.624405866709855,1,29,1,-5.0,-0.9963776457177995,iJO1366,PSL,True,False,-7.25131637007451,0.0,0.0,0.0
64,"['3HAD100', '3HAD40', '3HAD60', '3HAD80', 'ACACT1r', 'ACACT2r', 'ACACT3r', 'ACACT4r', '3OAR100', '3OAR40', '3OAR60', '3OAR80', '3OAS100', '3OAS60', '3OAS80', 'ACOAD1f', 'ACOAD2f', 'ACOAD3f', 'ACOAD4f', 'ACOATA', 'EAR100x', 'EAR40x', 'EAR60x', 'EAR80x', 'ECOAH1', 'ECOAH2', 'ECOAH3', 'ECOAH4', 'FA100ACPHi', 'FACOAE100', 'FADRx2', 'HACD1', 'HACD2', 'HACD3', 'HACD4', 'KAS15', 'MACPD']","[0.332125881906042, 0.332125881906042, 0.332125881906042, 0.332125881906042, -0.3321258819060328, -0.3321258819060328, -0.3321258819060328, -0.3321258819060328, 0.332125881906042, 0.332125881906042, 0.332125881906042, 0.332125881906042, 0.332125881906042, 0.332125881906042, 0.332125881906042, 0.3321258819060328, 0.3321258819060328, 0.3321258819060328, 0.3321258819060328, 1.3285035276242407, 0.332125881906042, 0.332125881906042, 0.332125881906042, 0.332125881906042, -0.3321258819060328, -0.3321258819060328, -0.3321258819060328, -0.3321258819060328, 0.3321258819057089, -0.3321258819060328, -1.3285035276278068, -0.3321258819060328, -0.3321258819060328, -0.3321258819060328, -0.3321258819060328, 0.332125881906042, -1.3285035276242407]","[0.332125881906042, 0.332125881906042, 0.332125881906042, 0.332125881906042, 0.3321258819060328, 0.3321258819060328, 0.3321258819060328, 0.3321258819060328, 0.332125881906042, 0.332125881906042, 0.332125881906042, 0.332125881906042, 0.332125881906042, 0.332125881906042, 0.332125881906042, 0.3321258819060328, 0.3321258819060328, 0.3321258819060328, 0.3321258819060328, 1.3285035276242407, 0.332125881906042, 0.332125881906042, 0.332125881906042, 0.332125881906042, 0.3321258819060328, 0.3321258819060328, 0.3321258819060328, 0.3321258819060328, 0.3321258819057089, 0.3321258819060328, 1.3285035276278068, 0.3321258819060328, 0.3321258819060328, 0.3321258819060328, 0.3321258819060328, 0.332125881906042, 1.3285035276242407]","['3HAD100', '3HAD40', '3HAD60', '3HAD80', '3OAR100', '3OAR40', '3OAR60', '3OAR80', '3OAS100', '3OAS60', '3OAS80', 'EAR100x', 'EAR40x', 'EAR60x', 'EAR80x', 'FA100ACPHi', 'KAS15']","['ACACT1r', 'ACACT2r', 'ACACT3r', 'ACACT4r', 'ACOAD1f', 'ACOAD2f', 'ACOAD3f', 'ACOAD4f', 'ACOATA', 'ECOAH1', 'ECOAH2', 'ECOAH3', 'ECOAH4', 'FACOAE100', 'FADRx2', 'HACD1', 'HACD2', 'HACD3', 'HACD4', 'MACPD']",[],ACOAD2f,3OAS100,15.27779056767757,1,37,0,-7.0,-1.3285035276202786,iJO1366,PSL,True,False,-7.25131637007451,0.0,0.0,0.0
65,"['3HAD40', '3HAD60', '3HAD80', 'ACACT1r', 'ACACT2r', 'ACACT3r', '3OAR40', '3OAR60', '3OAR80', '3OAS60', '3OAS80', 'ACOAD1f', 'ACOAD2f', 'ACOAD3f', 'ACOATA', 'EAR40x', 'EAR60x', 'EAR80x', 'ECOAH1', 'ECOAH2', 'ECOAH3', 'FA80ACPHi', 'FACOAE80', 'FADRx2', 'HACD1', 'HACD2', 'HACD3', 'KAS15', 'MACPD']","[0.332125881905984, 0.332125881905984, 0.33212588190598413, -0.332125881906, -0.332125881906, -0.332125881906, 0.332125881905984, 0.332125881905984, 0.33212588190598413, 0.332125881905984, 0.33212588190598413, 0.332125881906, 0.332125881906, 0.332125881906, 0.9963776457179081, 0.332125881905984, 0.332125881905984, 0.33212588190598413, -0.332125881906, -0.332125881906, -0.332125881906, 0.332125881906, -0.332125881906, -0.9963776457180094, -0.332125881906, -0.332125881906, -0.332125881906, 0.332125881905984, -0.9963776457179081]","[0.332125881905984, 0.332125881905984, 0.33212588190598413, 0.332125881906, 0.332125881906, 0.332125881906, 0.332125881905984, 0.332125881905984, 0.33212588190598413, 0.332125881905984, 0.33212588190598413, 0.332125881906, 0.332125881906, 0.332125881906, 0.9963776457179081, 0.332125881905984, 0.332125881905984, 0.33212588190598413, 0.332125881906, 0.332125881906, 0.332125881906, 0.332125881906, 0.332125881906, 0.9963776457180094, 0.332125881906, 0.332125881906, 0.332125881906, 0.332125881905984, 0.9963776457179081]","['3HAD40', '3HAD60', '3HAD80', '3OAR40', '3OAR60', '3OAR80', '3OAS60', '3OAS80', 'EAR40x', 'EAR60x', 'EAR80x', 'FA80ACPHi', 'KAS15']","['ACACT1r', 'ACACT2r', 'ACACT3r', 'ACOAD1f', 'ACOAD2f', 'ACOAD3f', 'ACOATA', 'ECOAH1', 'ECOAH2', 'ECOAH3', 'FACOAE80', 'HACD1', 'HACD2', 'HACD3', 'MACPD']",['FADRx2'],ACOAD2f,3OAS60,11.624405866709855,1,29,1,-5.0,-0.9963776457177995,iJO1366,PSL,True,False,-7.25131637007451,0.0,0.0,-10.6104250518248
66,"['3HAD40', '3HAD60', '3HAD80', 'ACACT1r', 'ACACT2r', 'ACACT3r', '3OAR40', '3OAR60', '3OAR80', '3OAS60', '3OAS80', 'ACOAD1f', 'ACOAD2f', 'ACOAD3f', 'ACOATA', 'EAR40x', 'EAR60x', 'EAR80x', 'ECOAH1', 'ECOAH2', 'ECOAH3', 'FA80ACPHi', 'FACOAE80', 'FADRx2', 'HACD1', 'HACD2', 'HACD3', 'KAS15', 'MACPD']","[0.332125881905984, 0.332125881905984, 0.33212588190598413, -0.332125881906, -0.332125881906, -0.332125881906, 0.332125881905984, 0.332125881905984, 0.33212588190598413, 0.332125881905984, 0.33212588190598413, 0.332125881906, 0.332125881906, 0.332125881906, 0.9963776457179081, 0.332125881905984, 0.332125881905984, 0.33212588190598413, -0.332125881906, -0.332125881906, -0.332125881906, 0.332125881906, -0.332125881906, -0.9963776457180094, -0.332125881906, -0.332125881906, -0.332125881906, 0.332125881905984, -0.9963776457179081]","[0.332125881905984, 0.332125881905984, 0.33212588190598413, 0.332125881906, 0.332125881906, 0.332125881906, 0.332125881905984, 0.332125881905984, 0.33212588190598413, 0.332125881905984, 0.33212588190598413, 0.332125881906, 0.332125881906, 0.332125881906, 0.9963776457179081, 0.332125881905984, 0.332125881905984, 0.33212588190598413, 0.332125881906, 0.332125881906, 0.332125881906, 0.332125881906, 0.332125881906, 0.9963776457180094, 0.332125881906, 0.332125881906, 0.332125881906, 0.332125881905984, 0.9963776457179081]","['3HAD40', '3HAD60', '3HAD80', '3OAR40', '3OAR60', '3OAR80', '3OAS60', '3OAS80', 'EAR40x', 'EAR60x', 'EAR80x', 'FA80ACPHi', 'KAS15']","['ACACT1r', 'ACACT2r', 'ACACT3r', 'ACOAD1f', 'ACOAD2f', 'ACOAD3f', 'ACOATA', 'ECOAH1', 'ECOAH2', 'ECOAH3', 'FACOAE80', 'HACD1', 'HACD2', 'HACD3', 'MACPD']",['FADRx2'],ACOAD2f,3OAS80,11.624405866709855,1,29,1,-5.0,-0.9963776457177995,iJO1366,PSL,True,False,-7.25131637007451,0.0,0.0,0.0
67,"['3HAD100', '3HAD40', '3HAD60', '3HAD80', 'ACACT1r', 'ACACT2r', 'ACACT3r', 'ACACT4r', '3OAR100', '3OAR40', '3OAR60', '3OAR80', '3OAS100', '3OAS60', '3OAS80', 'ACOAD1f', 'ACOAD2f', 'ACOAD3f', 'ACOAD4f', 'ACOATA', 'EAR100x', 'EAR40x', 'EAR60x', 'EAR80x', 'ECOAH1', 'ECOAH2', 'ECOAH3', 'ECOAH4', 'FA100ACPHi', 'FACOAE100', 'FADRx2', 'HACD1', 'HACD2', 'HACD3', 'HACD4', 'KAS15', 'MACPD']","[0.3321258819056123, 0.33212588190561254, 0.33212588190561254, 0.3321258819056123, -0.3321258819059949, -0.3321258819059949, -0.3321258819059949, -0.3321258819059949, 0.33212588190565384, 0.33212588190565384, 0.33212588190565384, 0.33212588190565384, 0.3321258819056123, 0.33212588190561254, 0.3321258819056123, 0.3321258819059949, 0.3321258819059949, 0.3321258819059949, 0.3321258819059949, 1.3285035276215922, 0.3321258819056123, 0.33212588190561254, 0.33212588190561254, 0.3321258819056123, -0.3321258819059949, -0.3321258819059949, -0.3321258819059949, -0.3321258819059949, 0.332125881905918, -0.332125881905918, -1.328503527621871, -0.3321258819059949, -0.3321258819059949, -0.3321258819059949, -0.3321258819059949, 0.33212588190561254, -1.3285035276216173]","[0.3321258819056123, 0.33212588190561254, 0.33212588190561254, 0.3321258819056123, 0.3321258819059949, 0.3321258819059949, 0.3321258819059949, 0.3321258819059949, 0.33212588190565384, 0.33212588190565384, 0.33212588190565384, 0.33212588190565384, 0.3321258819056123, 0.33212588190561254, 0.3321258819056123, 0.3321258819059949, 0.3321258819059949, 0.3321258819059949, 0.3321258819059949, 1.3285035276215922, 0.3321258819056123, 0.33212588190561254, 0.33212588190561254, 0.3321258819056123, 0.3321258819059949, 0.3321258819059949, 0.3321258819059949, 0.3321258819059949, 0.332125881905918, 0.332125881905918, 1.328503527621871, 0.3321258819059949, 0.3321258819059949, 0.3321258819059949, 0.3321258819059949, 0.33212588190561254, 1.3285035276216173]","['3HAD100', '3HAD40', '3HAD60', '3HAD80', '3OAR100', '3OAR40', '3OAR60', '3OAR80', '3OAS100', '3OAS60', '3OAS80', 'EAR100x', 'EAR40x', 'EAR60x', 'EAR80x', 'FA100ACPHi', 'KAS15']","['ACACT1r', 'ACACT2r', 'ACACT3r', 'ACACT4r', 'ACOAD1f', 'ACOAD2f', 'ACOAD3f', 'ACOAD4f', 'ACOATA', 'ECOAH1', 'ECOAH2', 'ECOAH3', 'ECOAH4', 'FACOAE100', 'FADRx2', 'HACD1', 'HACD2', 'HACD3', 'HACD4', 'MACPD']",[],ACOAD3f,3HAD100,15.277790567664125,1,37,0,-7.0,-1.3285035276201096,iJO1366,PSL,True,False,-2.39738930790925,0.0,0.0,0.0
68,"['3HAD40', '3HAD60', '3HAD80', 'ACACT1r', 'ACACT2r', 'ACACT3r', '3OAR40', '3OAR60', '3OAR80', '3OAS60', '3OAS80', 'ACOAD1f', 'ACOAD2f', 'ACOAD3f', 'ACOATA', 'EAR40x', 'EAR60x', 'EAR80x', 'ECOAH1', 'ECOAH2', 'ECOAH3', 'FA80ACPHi', 'FACOAE80', 'FADRx2', 'HACD1', 'HACD2', 'HACD3', 'KAS15', 'MACPD']","[0.3321258819057938, 0.3321258819057938, 0.3321258819057902, -0.33212588190550935, -0.33212588190550935, -0.33212588190550935, 0.3321258819057938, 0.3321258819057938, 0.3321258819057902, 0.3321258819057938, 0.3321258819057902, 0.33212588190550935, 0.33212588190550935, 0.33212588190550935, 0.9963776457182296, 0.3321258819057938, 0.3321258819057938, 0.3321258819057902, -0.33212588190550935, -0.33212588190550935, -0.33212588190550935, 0.3321258819057902, -0.3321258819057902, -0.9963776457159647, -0.33212588190550935, -0.33212588190550935, -0.33212588190550935, 0.3321258819057938, -0.9963776457182296]","[0.3321258819057938, 0.3321258819057938, 0.3321258819057902, 0.33212588190550935, 0.33212588190550935, 0.33212588190550935, 0.3321258819057938, 0.3321258819057938, 0.3321258819057902, 0.3321258819057938, 0.3321258819057902, 0.33212588190550935, 0.33212588190550935, 0.33212588190550935, 0.9963776457182296, 0.3321258819057938, 0.3321258819057938, 0.3321258819057902, 0.33212588190550935, 0.33212588190550935, 0.33212588190550935, 0.3321258819057902, 0.3321258819057902, 0.9963776457159647, 0.33212588190550935, 0.33212588190550935, 0.33212588190550935, 0.3321258819057938, 0.9963776457182296]","['3HAD40', '3HAD60', '3HAD80', '3OAR40', '3OAR60', '3OAR80', '3OAS60', '3OAS80', 'EAR40x', 'EAR60x', 'EAR80x', 'FA80ACPHi', 'KAS15']","['ACACT1r', 'ACACT2r', 'ACACT3r', 'ACOAD1f', 'ACOAD2f', 'ACOAD3f', 'ACOATA', 'ECOAH1', 'ECOAH2', 'ECOAH3', 'FACOAE80', 'FADRx2', 'HACD1', 'HACD2', 'HACD3', 'MACPD']",[],ACOAD3f,3HAD40,11.624405866695456,1,29,0,-5.0,-0.99637764572049,iJO1366,PSL,True,False,-2.39738930790925,0.0,0.0,0.0
69,"['3HAD40', '3HAD60', '3HAD80', 'ACACT1r', 'ACACT2r', 'ACACT3r', '3OAR40', '3OAR60', '3OAR80', '3OAS60', '3OAS80', 'ACOAD1f', 'ACOAD2f', 'ACOAD3f', 'ACOATA', 'EAR40x', 'EAR60x', 'EAR80x', 'ECOAH1', 'ECOAH2', 'ECOAH3', 'FA80ACPHi', 'FACOAE80', 'FADRx2', 'HACD1', 'HACD2', 'HACD3', 'KAS15', 'MACPD']","[0.3321258819057938, 0.3321258819057938, 0.3321258819057902, -0.33212588190550935, -0.33212588190550935, -0.33212588190550935, 0.3321258819057938, 0.3321258819057938, 0.3321258819057902, 0.3321258819057938, 0.3321258819057902, 0.33212588190550935, 0.33212588190550935, 0.33212588190550935, 0.9963776457182296, 0.3321258819057938, 0.3321258819057938, 0.3321258819057902, -0.33212588190550935, -0.33212588190550935, -0.33212588190550935, 0.3321258819057902, -0.3321258819057902, -0.9963776457159647, -0.33212588190550935, -0.33212588190550935, -0.33212588190550935, 0.3321258819057938, -0.9963776457182296]","[0.3321258819057938, 0.3321258819057938, 0.3321258819057902, 0.33212588190550935, 0.33212588190550935, 0.33212588190550935, 0.3321258819057938, 0.3321258819057938, 0.3321258819057902, 0.3321258819057938, 0.3321258819057902, 0.33212588190550935, 0.33212588190550935, 0.33212588190550935, 0.9963776457182296, 0.3321258819057938, 0.3321258819057938, 0.3321258819057902, 0.33212588190550935, 0.33212588190550935, 0.33212588190550935, 0.3321258819057902, 0.3321258819057902, 0.9963776457159647, 0.33212588190550935, 0.33212588190550935, 0.33212588190550935, 0.3321258819057938, 0.9963776457182296]","['3HAD40', '3HAD60', '3HAD80', '3OAR40', '3OAR60', '3OAR80', '3OAS60', '3OAS80', 'EAR40x', 'EAR60x', 'EAR80x', 'FA80ACPHi', 'KAS15']","['ACACT1r', 'ACACT2r', 'ACACT3r', 'ACOAD1f', 'ACOAD2f', 'ACOAD3f', 'ACOATA', 'ECOAH1', 'ECOAH2', 'ECOAH3', 'FACOAE80', 'FADRx2', 'HACD1', 'HACD2', 'HACD3', 'MACPD']",[],ACOAD3f,3HAD60,11.624405866695456,1,29,0,-5.0,-0.99637764572049,iJO1366,PSL,True,False,-2.39738930790925,0.0,0.0,0.0
70,"['3HAD40', '3HAD60', '3HAD80', 'ACACT1r', 'ACACT2r', 'ACACT3r', '3OAR40', '3OAR60', '3OAR80', '3OAS60', '3OAS80', 'ACOAD1f', 'ACOAD2f', 'ACOAD3f', 'ACOATA', 'EAR40x', 'EAR60x', 'EAR80x', 'ECOAH1', 'ECOAH2', 'ECOAH3', 'FA80ACPHi', 'FACOAE80', 'FADRx2', 'HACD1', 'HACD2', 'HACD3', 'KAS15', 'MACPD']","[0.3321258819057938, 0.3321258819057938, 0.3321258819057902, -0.33212588190550935, -0.33212588190550935, -0.33212588190550935, 0.3321258819057938, 0.3321258819057938, 0.3321258819057902, 0.3321258819057938, 0.3321258819057902, 0.33212588190550935, 0.33212588190550935, 0.33212588190550935, 0.9963776457182296, 0.3321258819057938, 0.3321258819057938, 0.3321258819057902, -0.33212588190550935, -0.33212588190550935, -0.33212588190550935, 0.3321258819057902, -0.3321258819057902, -0.9963776457159647, -0.33212588190550935, -0.33212588190550935, -0.33212588190550935, 0.3321258819057938, -0.9963776457182296]","[0.3321258819057938, 0.3321258819057938, 0.3321258819057902, 0.33212588190550935, 0.33212588190550935, 0.33212588190550935, 0.3321258819057938, 0.3321258819057938, 0.3321258819057902, 0.3321258819057938, 0.3321258819057902, 0.33212588190550935, 0.33212588190550935, 0.33212588190550935, 0.9963776457182296, 0.3321258819057938, 0.3321258819057938, 0.3321258819057902, 0.33212588190550935, 0.33212588190550935, 0.33212588190550935, 0.3321258819057902, 0.3321258819057902, 0.9963776457159647, 0.33212588190550935, 0.33212588190550935, 0.33212588190550935, 0.3321258819057938, 0.9963776457182296]","['3HAD40', '3HAD60', '3HAD80', '3OAR40', '3OAR60', '3OAR80', '3OAS60', '3OAS80', 'EAR40x', 'EAR60x', 'EAR80x', 'FA80ACPHi', 'KAS15']","['ACACT1r', 'ACACT2r', 'ACACT3r', 'ACOAD1f', 'ACOAD2f', 'ACOAD3f', 'ACOATA', 'ECOAH1', 'ECOAH2', 'ECOAH3', 'FACOAE80', 'FADRx2', 'HACD1', 'HACD2', 'HACD3', 'MACPD']",[],ACOAD3f,3HAD80,11.624405866695456,1,29,0,-5.0,-0.99637764572049,iJO1366,PSL,True,False,-2.39738930790925,0.0,0.0,0.0
71,"['3HAD100', '3HAD40', '3HAD60', '3HAD80', 'ACACT1r', 'ACACT2r', 'ACACT3r', 'ACACT4r', '3OAR100', '3OAR40', '3OAR60', '3OAR80', '3OAS100', '3OAS60', '3OAS80', 'ACOAD1f', 'ACOAD2f', 'ACOAD3f', 'ACOAD4f', 'ACOATA', 'EAR100x', 'EAR40x', 'EAR60x', 'EAR80x', 'ECOAH1', 'ECOAH2', 'ECOAH3', 'ECOAH4', 'FA100ACPHi', 'FACOAE100', 'FADRx2', 'HACD1', 'HACD2', 'HACD3', 'HACD4', 'KAS15', 'MACPD']","[0.3321258819056123, 0.33212588190561254, 0.33212588190561254, 0.3321258819056123, -0.3321258819059949, -0.3321258819059949, -0.3321258819059949, -0.3321258819059949, 0.33212588190565384, 0.33212588190565384, 0.33212588190565384, 0.33212588190565384, 0.3321258819056123, 0.33212588190561254, 0.3321258819056123, 0.3321258819059949, 0.3321258819059949, 0.3321258819059949, 0.3321258819059949, 1.3285035276215922, 0.3321258819056123, 0.33212588190561254, 0.33212588190561254, 0.3321258819056123, -0.3321258819059949, -0.3321258819059949, -0.3321258819059949, -0.3321258819059949, 0.332125881905918, -0.332125881905918, -1.328503527621871, -0.3321258819059949, -0.3321258819059949, -0.3321258819059949, -0.3321258819059949, 0.33212588190561254, -1.3285035276216173]","[0.3321258819056123, 0.33212588190561254, 0.33212588190561254, 0.3321258819056123, 0.3321258819059949, 0.3321258819059949, 0.3321258819059949, 0.3321258819059949, 0.33212588190565384, 0.33212588190565384, 0.33212588190565384, 0.33212588190565384, 0.3321258819056123, 0.33212588190561254, 0.3321258819056123, 0.3321258819059949, 0.3321258819059949, 0.3321258819059949, 0.3321258819059949, 1.3285035276215922, 0.3321258819056123, 0.33212588190561254, 0.33212588190561254, 0.3321258819056123, 0.3321258819059949, 0.3321258819059949, 0.3321258819059949, 0.3321258819059949, 0.332125881905918, 0.332125881905918, 1.328503527621871, 0.3321258819059949, 0.3321258819059949, 0.3321258819059949, 0.3321258819059949, 0.33212588190561254, 1.3285035276216173]","['3HAD100', '3HAD40', '3HAD60', '3HAD80', '3OAR100', '3OAR40', '3OAR60', '3OAR80', '3OAS100', '3OAS60', '3OAS80', 'EAR100x', 'EAR40x', 'EAR60x', 'EAR80x', 'FA100ACPHi', 'KAS15']","['ACACT1r', 'ACACT2r', 'ACACT3r', 'ACACT4r', 'ACOAD1f', 'ACOAD2f', 'ACOAD3f', 'ACOAD4f', 'ACOATA', 'ECOAH1', 'ECOAH2', 'ECOAH3', 'ECOAH4', 'FACOAE100', 'FADRx2', 'HACD1', 'HACD2', 'HACD3', 'HACD4', 'MACPD']",[],ACOAD3f,3OAR100,15.277790567664125,1,37,0,-7.0,-1.3285035276201096,iJO1366,PSL,True,False,-2.39738930790925,0.0,0.0,0.0
72,"['3HAD40', '3HAD60', '3HAD80', 'ACACT1r', 'ACACT2r', 'ACACT3r', '3OAR40', '3OAR60', '3OAR80', '3OAS60', '3OAS80', 'ACOAD1f', 'ACOAD2f', 'ACOAD3f', 'ACOATA', 'EAR40x', 'EAR60x', 'EAR80x', 'ECOAH1', 'ECOAH2', 'ECOAH3', 'FA80ACPHi', 'FACOAE80', 'FADRx2', 'HACD1', 'HACD2', 'HACD3', 'KAS15', 'MACPD']","[0.3321258819057938, 0.3321258819057938, 0.3321258819057902, -0.33212588190550935, -0.33212588190550935, -0.33212588190550935, 0.3321258819057938, 0.3321258819057938, 0.3321258819057902, 0.3321258819057938, 0.3321258819057902, 0.33212588190550935, 0.33212588190550935, 0.33212588190550935, 0.9963776457182296, 0.3321258819057938, 0.3321258819057938, 0.3321258819057902, -0.33212588190550935, -0.33212588190550935, -0.33212588190550935, 0.3321258819057902, -0.3321258819057902, -0.9963776457159647, -0.33212588190550935, -0.33212588190550935, -0.33212588190550935, 0.3321258819057938, -0.9963776457182296]","[0.3321258819057938, 0.3321258819057938, 0.3321258819057902, 0.33212588190550935, 0.33212588190550935, 0.33212588190550935, 0.3321258819057938, 0.3321258819057938, 0.3321258819057902, 0.3321258819057938, 0.3321258819057902, 0.33212588190550935, 0.33212588190550935, 0.33212588190550935, 0.9963776457182296, 0.3321258819057938, 0.3321258819057938, 0.3321258819057902, 0.33212588190550935, 0.33212588190550935, 0.33212588190550935, 0.3321258819057902, 0.3321258819057902, 0.9963776457159647, 0.33212588190550935, 0.33212588190550935, 0.33212588190550935, 0.3321258819057938, 0.9963776457182296]","['3HAD40', '3HAD60', '3HAD80', '3OAR40', '3OAR60', '3OAR80', '3OAS60', '3OAS80', 'EAR40x', 'EAR60x', 'EAR80x', 'FA80ACPHi', 'KAS15']","['ACACT1r', 'ACACT2r', 'ACACT3r', 'ACOAD1f', 'ACOAD2f', 'ACOAD3f', 'ACOATA', 'ECOAH1', 'ECOAH2', 'ECOAH3', 'FACOAE80', 'FADRx2', 'HACD1', 'HACD2', 'HACD3', 'MACPD']",[],ACOAD3f,3OAR40,11.624405866695456,1,29,0,-5.0,-0.99637764572049,iJO1366,PSL,True,False,-2.39738930790925,0.0,0.0,0.0
73,"['3HAD40', '3HAD60', '3HAD80', 'ACACT1r', 'ACACT2r', 'ACACT3r', '3OAR40', '3OAR60', '3OAR80', '3OAS60', '3OAS80', 'ACOAD1f', 'ACOAD2f', 'ACOAD3f', 'ACOATA', 'EAR40x', 'EAR60x', 'EAR80x', 'ECOAH1', 'ECOAH2', 'ECOAH3', 'FA80ACPHi', 'FACOAE80', 'FADRx2', 'HACD1', 'HACD2', 'HACD3', 'KAS15', 'MACPD']","[0.3321258819057938, 0.3321258819057938, 0.3321258819057902, -0.33212588190550935, -0.33212588190550935, -0.33212588190550935, 0.3321258819057938, 0.3321258819057938, 0.3321258819057902, 0.3321258819057938, 0.3321258819057902, 0.33212588190550935, 0.33212588190550935, 0.33212588190550935, 0.9963776457182296, 0.3321258819057938, 0.3321258819057938, 0.3321258819057902, -0.33212588190550935, -0.33212588190550935, -0.33212588190550935, 0.3321258819057902, -0.3321258819057902, -0.9963776457159647, -0.33212588190550935, -0.33212588190550935, -0.33212588190550935, 0.3321258819057938, -0.9963776457182296]","[0.3321258819057938, 0.3321258819057938, 0.3321258819057902, 0.33212588190550935, 0.33212588190550935, 0.33212588190550935, 0.3321258819057938, 0.3321258819057938, 0.3321258819057902, 0.3321258819057938, 0.3321258819057902, 0.33212588190550935, 0.33212588190550935, 0.33212588190550935, 0.9963776457182296, 0.3321258819057938, 0.3321258819057938, 0.3321258819057902, 0.33212588190550935, 0.33212588190550935, 0.33212588190550935, 0.3321258819057902, 0.3321258819057902, 0.9963776457159647, 0.33212588190550935, 0.33212588190550935, 0.33212588190550935, 0.3321258819057938, 0.9963776457182296]","['3HAD40', '3HAD60', '3HAD80', '3OAR40', '3OAR60', '3OAR80', '3OAS60', '3OAS80', 'EAR40x', 'EAR60x', 'EAR80x', 'FA80ACPHi', 'KAS15']","['ACACT1r', 'ACACT2r', 'ACACT3r', 'ACOAD1f', 'ACOAD2f', 'ACOAD3f', 'ACOATA', 'ECOAH1', 'ECOAH2', 'ECOAH3', 'FACOAE80', 'FADRx2', 'HACD1', 'HACD2', 'HACD3', 'MACPD']",[],ACOAD3f,3OAR60,11.624405866695456,1,29,0,-5.0,-0.99637764572049,iJO1366,PSL,True,False,-2.39738930790925,0.0,0.0,0.0
74,"['3HAD40', '3HAD60', '3HAD80', 'ACACT1r', 'ACACT2r', 'ACACT3r', '3OAR40', '3OAR60', '3OAR80', '3OAS60', '3OAS80', 'ACOAD1f', 'ACOAD2f', 'ACOAD3f', 'ACOATA', 'EAR40x', 'EAR60x', 'EAR80x', 'ECOAH1', 'ECOAH2', 'ECOAH3', 'FA80ACPHi', 'FACOAE80', 'FADRx2', 'HACD1', 'HACD2', 'HACD3', 'KAS15', 'MACPD']","[0.3321258819057938, 0.3321258819057938, 0.3321258819057902, -0.33212588190550935, -0.33212588190550935, -0.33212588190550935, 0.3321258819057938, 0.3321258819057938, 0.3321258819057902, 0.3321258819057938, 0.3321258819057902, 0.33212588190550935, 0.33212588190550935, 0.33212588190550935, 0.9963776457182296, 0.3321258819057938, 0.3321258819057938, 0.3321258819057902, -0.33212588190550935, -0.33212588190550935, -0.33212588190550935, 0.3321258819057902, -0.3321258819057902, -0.9963776457159647, -0.33212588190550935, -0.33212588190550935, -0.33212588190550935, 0.3321258819057938, -0.9963776457182296]","[0.3321258819057938, 0.3321258819057938, 0.3321258819057902, 0.33212588190550935, 0.33212588190550935, 0.33212588190550935, 0.3321258819057938, 0.3321258819057938, 0.3321258819057902, 0.3321258819057938, 0.3321258819057902, 0.33212588190550935, 0.33212588190550935, 0.33212588190550935, 0.9963776457182296, 0.3321258819057938, 0.3321258819057938, 0.3321258819057902, 0.33212588190550935, 0.33212588190550935, 0.33212588190550935, 0.3321258819057902, 0.3321258819057902, 0.9963776457159647, 0.33212588190550935, 0.33212588190550935, 0.33212588190550935, 0.3321258819057938, 0.9963776457182296]","['3HAD40', '3HAD60', '3HAD80', '3OAR40', '3OAR60', '3OAR80', '3OAS60', '3OAS80', 'EAR40x', 'EAR60x', 'EAR80x', 'FA80ACPHi', 'KAS15']","['ACACT1r', 'ACACT2r', 'ACACT3r', 'ACOAD1f', 'ACOAD2f', 'ACOAD3f', 'ACOATA', 'ECOAH1', 'ECOAH2', 'ECOAH3', 'FACOAE80', 'FADRx2', 'HACD1', 'HACD2', 'HACD3', 'MACPD']",[],ACOAD3f,3OAR80,11.624405866695456,1,29,0,-5.0,-0.99637764572049,iJO1366,PSL,True,False,-2.39738930790925,0.0,0.0,0.0
75,"['3HAD100', '3HAD40', '3HAD60', '3HAD80', 'ACACT1r', 'ACACT2r', 'ACACT3r', 'ACACT4r', '3OAR100', '3OAR40', '3OAR60', '3OAR80', '3OAS100', '3OAS60', '3OAS80', 'ACOAD1f', 'ACOAD2f', 'ACOAD3f', 'ACOAD4f', 'ACOATA', 'EAR100x', 'EAR40x', 'EAR60x', 'EAR80x', 'ECOAH1', 'ECOAH2', 'ECOAH3', 'ECOAH4', 'FA100ACPHi', 'FACOAE100', 'FADRx2', 'HACD1', 'HACD2', 'HACD3', 'HACD4', 'KAS15', 'MACPD']","[0.3321258819056123, 0.33212588190561254, 0.33212588190561254, 0.3321258819056123, -0.3321258819059949, -0.3321258819059949, -0.3321258819059949, -0.3321258819059949, 0.33212588190565384, 0.33212588190565384, 0.33212588190565384, 0.33212588190565384, 0.3321258819056123, 0.33212588190561254, 0.3321258819056123, 0.3321258819059949, 0.3321258819059949, 0.3321258819059949, 0.3321258819059949, 1.3285035276215922, 0.3321258819056123, 0.33212588190561254, 0.33212588190561254, 0.3321258819056123, -0.3321258819059949, -0.3321258819059949, -0.3321258819059949, -0.3321258819059949, 0.332125881905918, -0.332125881905918, -1.328503527621871, -0.3321258819059949, -0.3321258819059949, -0.3321258819059949, -0.3321258819059949, 0.33212588190561254, -1.3285035276216173]","[0.3321258819056123, 0.33212588190561254, 0.33212588190561254, 0.3321258819056123, 0.3321258819059949, 0.3321258819059949, 0.3321258819059949, 0.3321258819059949, 0.33212588190565384, 0.33212588190565384, 0.33212588190565384, 0.33212588190565384, 0.3321258819056123, 0.33212588190561254, 0.3321258819056123, 0.3321258819059949, 0.3321258819059949, 0.3321258819059949, 0.3321258819059949, 1.3285035276215922, 0.3321258819056123, 0.33212588190561254, 0.33212588190561254, 0.3321258819056123, 0.3321258819059949, 0.3321258819059949, 0.3321258819059949, 0.3321258819059949, 0.332125881905918, 0.332125881905918, 1.328503527621871, 0.3321258819059949, 0.3321258819059949, 0.3321258819059949, 0.3321258819059949, 0.33212588190561254, 1.3285035276216173]","['3HAD100', '3HAD40', '3HAD60', '3HAD80', '3OAR100', '3OAR40', '3OAR60', '3OAR80', '3OAS100', '3OAS60', '3OAS80', 'EAR100x', 'EAR40x', 'EAR60x', 'EAR80x', 'FA100ACPHi', 'KAS15']","['ACACT1r', 'ACACT2r', 'ACACT3r', 'ACACT4r', 'ACOAD1f', 'ACOAD2f', 'ACOAD3f', 'ACOAD4f', 'ACOATA', 'ECOAH1', 'ECOAH2', 'ECOAH3', 'ECOAH4', 'FACOAE100', 'FADRx2', 'HACD1', 'HACD2', 'HACD3', 'HACD4', 'MACPD']",[],ACOAD3f,3OAS100,15.277790567664125,1,37,0,-7.0,-1.3285035276201096,iJO1366,PSL,True,False,-2.39738930790925,0.0,0.0,0.0
76,"['3HAD40', '3HAD60', '3HAD80', 'ACACT1r', 'ACACT2r', 'ACACT3r', '3OAR40', '3OAR60', '3OAR80', '3OAS60', '3OAS80', 'ACOAD1f', 'ACOAD2f', 'ACOAD3f', 'ACOATA', 'EAR40x', 'EAR60x', 'EAR80x', 'ECOAH1', 'ECOAH2', 'ECOAH3', 'FA80ACPHi', 'FACOAE80', 'FADRx2', 'HACD1', 'HACD2', 'HACD3', 'KAS15', 'MACPD']","[0.3321258819057938, 0.3321258819057938, 0.3321258819057902, -0.33212588190550935, -0.33212588190550935, -0.33212588190550935, 0.3321258819057938, 0.3321258819057938, 0.3321258819057902, 0.3321258819057938, 0.3321258819057902, 0.33212588190550935, 0.33212588190550935, 0.33212588190550935, 0.9963776457182296, 0.3321258819057938, 0.3321258819057938, 0.3321258819057902, -0.33212588190550935, -0.33212588190550935, -0.33212588190550935, 0.3321258819057902, -0.3321258819057902, -0.9963776457159647, -0.33212588190550935, -0.33212588190550935, -0.33212588190550935, 0.3321258819057938, -0.9963776457182296]","[0.3321258819057938, 0.3321258819057938, 0.3321258819057902, 0.33212588190550935, 0.33212588190550935, 0.33212588190550935, 0.3321258819057938, 0.3321258819057938, 0.3321258819057902, 0.3321258819057938, 0.3321258819057902, 0.33212588190550935, 0.33212588190550935, 0.33212588190550935, 0.9963776457182296, 0.3321258819057938, 0.3321258819057938, 0.3321258819057902, 0.33212588190550935, 0.33212588190550935, 0.33212588190550935, 0.3321258819057902, 0.3321258819057902, 0.9963776457159647, 0.33212588190550935, 0.33212588190550935, 0.33212588190550935, 0.3321258819057938, 0.9963776457182296]","['3HAD40', '3HAD60', '3HAD80', '3OAR40', '3OAR60', '3OAR80', '3OAS60', '3OAS80', 'EAR40x', 'EAR60x', 'EAR80x', 'FA80ACPHi', 'KAS15']","['ACACT1r', 'ACACT2r', 'ACACT3r', 'ACOAD1f', 'ACOAD2f', 'ACOAD3f', 'ACOATA', 'ECOAH1', 'ECOAH2', 'ECOAH3', 'FACOAE80', 'FADRx2', 'HACD1', 'HACD2', 'HACD3', 'MACPD']",[],ACOAD3f,3OAS60,11.624405866695456,1,29,0,-5.0,-0.99637764572049,iJO1366,PSL,True,False,-2.39738930790925,0.0,0.0,-10.6104250518248
77,"['3HAD40', '3HAD60', '3HAD80', 'ACACT1r', 'ACACT2r', 'ACACT3r', '3OAR40', '3OAR60', '3OAR80', '3OAS60', '3OAS80', 'ACOAD1f', 'ACOAD2f', 'ACOAD3f', 'ACOATA', 'EAR40x', 'EAR60x', 'EAR80x', 'ECOAH1', 'ECOAH2', 'ECOAH3', 'FA80ACPHi', 'FACOAE80', 'FADRx2', 'HACD1', 'HACD2', 'HACD3', 'KAS15', 'MACPD']","[0.3321258819057938, 0.3321258819057938, 0.3321258819057902, -0.33212588190550935, -0.33212588190550935, -0.33212588190550935, 0.3321258819057938, 0.3321258819057938, 0.3321258819057902, 0.3321258819057938, 0.3321258819057902, 0.33212588190550935, 0.33212588190550935, 0.33212588190550935, 0.9963776457182296, 0.3321258819057938, 0.3321258819057938, 0.3321258819057902, -0.33212588190550935, -0.33212588190550935, -0.33212588190550935, 0.3321258819057902, -0.3321258819057902, -0.9963776457159647, -0.33212588190550935, -0.33212588190550935, -0.33212588190550935, 0.3321258819057938, -0.9963776457182296]","[0.3321258819057938, 0.3321258819057938, 0.3321258819057902, 0.33212588190550935, 0.33212588190550935, 0.33212588190550935, 0.3321258819057938, 0.3321258819057938, 0.3321258819057902, 0.3321258819057938, 0.3321258819057902, 0.33212588190550935, 0.33212588190550935, 0.33212588190550935, 0.9963776457182296, 0.3321258819057938, 0.3321258819057938, 0.3321258819057902, 0.33212588190550935, 0.33212588190550935, 0.33212588190550935, 0.3321258819057902, 0.3321258819057902, 0.9963776457159647, 0.33212588190550935, 0.33212588190550935, 0.33212588190550935, 0.3321258819057938, 0.9963776457182296]","['3HAD40', '3HAD60', '3HAD80', '3OAR40', '3OAR60', '3OAR80', '3OAS60', '3OAS80', 'EAR40x', 'EAR60x', 'EAR80x', 'FA80ACPHi', 'KAS15']","['ACACT1r', 'ACACT2r', 'ACACT3r', 'ACOAD1f', 'ACOAD2f', 'ACOAD3f', 'ACOATA', 'ECOAH1', 'ECOAH2', 'ECOAH3', 'FACOAE80', 'FADRx2', 'HACD1', 'HACD2', 'HACD3', 'MACPD']",[],ACOAD3f,3OAS80,11.624405866695456,1,29,0,-5.0,-0.99637764572049,iJO1366,PSL,True,False,-2.39738930790925,0.0,0.0,0.0
78,"['3HAD100', 'AACPS8', 'AACPS9', 'ACACT4r', '3OAR100', '3OAS100', 'ACOAD4f', 'ACOATA', 'EAR100x', 'ECOAH4', 'FACOAE100', 'FACOAE80', 'FADRx2', 'HACD4', 'MACPD']","[0.3321258819059934, -0.3321258819059934, 0.3321258819059934, -0.3321258819059949, 0.3321258819059949, 0.3321258819059934, 0.3321258819059949, 0.3321258819058812, 0.3321258819059934, -0.3321258819059949, -0.3321258819059934, 0.3321258819059934, -0.3321258819059994, -0.3321258819059949, -0.3321258819059327]","[0.3321258819059934, 0.3321258819059934, 0.3321258819059934, 0.3321258819059949, 0.3321258819059949, 0.3321258819059934, 0.3321258819059949, 0.3321258819058812, 0.3321258819059934, 0.3321258819059949, 0.3321258819059934, 0.3321258819059934, 0.3321258819059994, 0.3321258819059949, 0.3321258819059327]","['3HAD100', 'AACPS9', '3OAR100', '3OAS100', 'EAR100x', 'FACOAE80']","['AACPS8', 'ACACT4r', 'ACOAD4f', 'ACOATA', 'ECOAH4', 'FACOAE100', 'FADRx2', 'HACD4', 'MACPD']",[],ACOAD4f,3HAD100,4.981888228589619,1,15,0,-1.0,-0.33212588190593434,iJO1366,PSL,True,False,-2.39738930790921,0.0,0.0,0.0
79,"['3HAD100', 'AACPS8', 'AACPS9', 'ACACT4r', '3OAR100', '3OAS100', 'ACOAD4f', 'ACOATA', 'EAR100x', 'ECOAH4', 'FACOAE100', 'FACOAE80', 'FADRx2', 'HACD4', 'MACPD']","[0.3321258819059934, -0.3321258819059934, 0.3321258819059934, -0.3321258819059949, 0.3321258819059949, 0.3321258819059934, 0.3321258819059949, 0.3321258819058812, 0.3321258819059934, -0.3321258819059949, -0.3321258819059934, 0.3321258819059934, -0.3321258819059994, -0.3321258819059949, -0.3321258819059327]","[0.3321258819059934, 0.3321258819059934, 0.3321258819059934, 0.3321258819059949, 0.3321258819059949, 0.3321258819059934, 0.3321258819059949, 0.3321258819058812, 0.3321258819059934, 0.3321258819059949, 0.3321258819059934, 0.3321258819059934, 0.3321258819059994, 0.3321258819059949, 0.3321258819059327]","['3HAD100', 'AACPS9', '3OAR100', '3OAS100', 'EAR100x', 'FACOAE80']","['AACPS8', 'ACACT4r', 'ACOAD4f', 'ACOATA', 'ECOAH4', 'FACOAE100', 'FADRx2', 'HACD4', 'MACPD']",[],ACOAD4f,3OAR100,4.981888228589619,1,15,0,-1.0,-0.33212588190593434,iJO1366,PSL,True,False,-2.39738930790921,0.0,0.0,0.0
80,"['3HAD100', 'AACPS8', 'AACPS9', 'ACACT4r', '3OAR100', '3OAS100', 'ACOAD4f', 'ACOATA', 'EAR100x', 'ECOAH4', 'FACOAE100', 'FACOAE80', 'FADRx2', 'HACD4', 'MACPD']","[0.3321258819059934, -0.3321258819059934, 0.3321258819059934, -0.3321258819059949, 0.3321258819059949, 0.3321258819059934, 0.3321258819059949, 0.3321258819058812, 0.3321258819059934, -0.3321258819059949, -0.3321258819059934, 0.3321258819059934, -0.3321258819059994, -0.3321258819059949, -0.3321258819059327]","[0.3321258819059934, 0.3321258819059934, 0.3321258819059934, 0.3321258819059949, 0.3321258819059949, 0.3321258819059934, 0.3321258819059949, 0.3321258819058812, 0.3321258819059934, 0.3321258819059949, 0.3321258819059934, 0.3321258819059934, 0.3321258819059994, 0.3321258819059949, 0.3321258819059327]","['3HAD100', 'AACPS9', '3OAR100', '3OAS100', 'EAR100x', 'FACOAE80']","['AACPS8', 'ACACT4r', 'ACOAD4f', 'ACOATA', 'ECOAH4', 'FACOAE100', 'FADRx2', 'HACD4', 'MACPD']",[],ACOAD4f,3OAS100,4.981888228589619,1,15,0,-1.0,-0.33212588190593434,iJO1366,PSL,True,False,-2.39738930790921,0.0,0.0,0.0
81,"['ALATA_L', 'VALTA', 'VPAMTr']","[0.5425519113220856, -0.5425519113221009, -0.5425519113221433]","[0.5425519113220856, 0.5425519113221009, 0.5425519113221433]",['ALATA_L'],['VPAMTr'],['VALTA'],ALATA_L,VPAMTr,1.6276557339662199,1,3,1,1.0,0.5425519113221586,iJO1366,PSL,True,True,-1000.0,-999.979214896145,0.0,0.0
82,"['ASNS1', 'ASNS2', 'GLUN']","[0.22496516933474997, -0.22496516933474997, -0.22496516933583918]","[0.22496516933474997, 0.22496516933474997, 0.22496516933583918]",['ASNS1'],"['ASNS2', 'GLUN']",[],ASNS2,ASNS1,0.67489550800425,1,3,0,-1.0,-0.22496516933583918,iJO1366,PSL,False,False,0.0,0.0,0.0,0.0
83,"['DM_5drib_c', 'DM_mththf_c', '5DOAN', 'AHCYSNS', 'CPPPGO', 'CPPPGO2', 'DHPTDCs2', 'HCYSMT', 'MTHTHFSs', 'RHCCE']","[0.00041623059269997305, -0.0004162305915166827, 0.00041623059269997305, -0.0004162305915166827, -0.00020811529634999997, 0.00020811529634999105, -0.0004162305915166827, -0.0004162305915166725, -0.0004162305915166827, -0.0004162305915166827]","[0.00041623059269997305, 0.0004162305915166827, 0.00041623059269997305, 0.0004162305915166827, 0.00020811529634999997, 0.00020811529634999105, 0.0004162305915166827, 0.0004162305915166725, 0.0004162305915166827, 0.0004162305915166827]",['CPPPGO2'],"['CPPPGO', 'HCYSMT']","['DM_5drib_c', 'DM_mththf_c', '5DOAN', 'AHCYSNS', 'DHPTDCs2', 'MTHTHFSs', 'RHCCE']",CPPPGO,CPPPGO2,0.004370421227866538,1,10,7,-4.0,-0.0016649223637001489,iJO1366,PSL,False,False,0.0,0.0,0.0,0.0
84,"['AACPS2', 'AACPS4', '3HAD161', 'ACACT7r', '3OAR161', '3OAS161', 'ACOAD6f', 'ACOATA', 'CTECOAI6', 'CTECOAI7', 'EAR161x', 'ECOAH7', 'FACOAE141', 'FACOAE161', 'FADRx2', 'HACD7', 'MACPD']","[0.14038729955122337, -0.14038729954860857, 0.14038729954860857, -0.14038729954727686, 0.14038729954860857, 0.14038729954860857, 0.14038729954860857, 0.14038729954667528, -0.14038729954860857, 0.14038729954860857, 0.14038729954860857, -0.14038729954727686, 0.14038729954860857, -0.14038729954860857, -0.14038729954730744, -0.14038729954727686, -0.14038729954667528]","[0.14038729955122337, 0.14038729954860857, 0.14038729954860857, 0.14038729954727686, 0.14038729954860857, 0.14038729954860857, 0.14038729954860857, 0.14038729954667528, 0.14038729954860857, 0.14038729954860857, 0.14038729954860857, 0.14038729954727686, 0.14038729954860857, 0.14038729954860857, 0.14038729954730744, 0.14038729954727686, 0.14038729954667528]","['AACPS4', 'ACOATA', 'CTECOAI7', 'FADRx2', 'MACPD']","['3HAD161', '3OAR161', '3OAS161', 'CTECOAI6', 'EAR161x', 'FACOAE141']","['AACPS2', 'ACACT7r', 'ACOAD6f', 'ECOAH7', 'FACOAE161', 'HACD7']",CTECOAI7,3HAD161,2.386584092326431,1,17,6,-1.0,-0.14038729955651963,iJO1366,PSL,True,False,-30.56783838345,0.0,0.0,0.0
85,"['AACPS2', 'AACPS4', '3HAD161', 'ACACT7r', '3OAR161', '3OAS161', 'ACOAD6f', 'ACOATA', 'CTECOAI6', 'CTECOAI7', 'EAR161x', 'ECOAH7', 'FACOAE141', 'FACOAE161', 'FADRx2', 'HACD7', 'MACPD']","[0.14038729955122337, -0.14038729954860857, 0.14038729954860857, -0.14038729954727686, 0.14038729954860857, 0.14038729954860857, 0.14038729954860857, 0.14038729954667528, -0.14038729954860857, 0.14038729954860857, 0.14038729954860857, -0.14038729954727686, 0.14038729954860857, -0.14038729954860857, -0.14038729954730744, -0.14038729954727686, -0.14038729954667528]","[0.14038729955122337, 0.14038729954860857, 0.14038729954860857, 0.14038729954727686, 0.14038729954860857, 0.14038729954860857, 0.14038729954860857, 0.14038729954667528, 0.14038729954860857, 0.14038729954860857, 0.14038729954860857, 0.14038729954727686, 0.14038729954860857, 0.14038729954860857, 0.14038729954730744, 0.14038729954727686, 0.14038729954667528]","['AACPS4', 'ACOATA', 'CTECOAI7', 'FADRx2', 'MACPD']","['3HAD161', '3OAR161', '3OAS161', 'CTECOAI6', 'EAR161x', 'FACOAE141']","['AACPS2', 'ACACT7r', 'ACOAD6f', 'ECOAH7', 'FACOAE161', 'HACD7']",CTECOAI7,3OAR161,2.386584092326431,1,17,6,-1.0,-0.14038729955651963,iJO1366,PSL,True,False,-30.56783838345,0.0,0.0,0.0
86,"['AACPS2', 'AACPS4', '3HAD161', 'ACACT7r', '3OAR161', '3OAS161', 'ACOAD6f', 'ACOATA', 'CTECOAI6', 'CTECOAI7', 'EAR161x', 'ECOAH7', 'FACOAE141', 'FACOAE161', 'FADRx2', 'HACD7', 'MACPD']","[0.14038729955122337, -0.14038729954860857, 0.14038729954860857, -0.14038729954727686, 0.14038729954860857, 0.14038729954860857, 0.14038729954860857, 0.14038729954667528, -0.14038729954860857, 0.14038729954860857, 0.14038729954860857, -0.14038729954727686, 0.14038729954860857, -0.14038729954860857, -0.14038729954730744, -0.14038729954727686, -0.14038729954667528]","[0.14038729955122337, 0.14038729954860857, 0.14038729954860857, 0.14038729954727686, 0.14038729954860857, 0.14038729954860857, 0.14038729954860857, 0.14038729954667528, 0.14038729954860857, 0.14038729954860857, 0.14038729954860857, 0.14038729954727686, 0.14038729954860857, 0.14038729954860857, 0.14038729954730744, 0.14038729954727686, 0.14038729954667528]","['AACPS4', 'ACOATA', 'CTECOAI7', 'FADRx2', 'MACPD']","['3HAD161', '3OAR161', '3OAS161', 'CTECOAI6', 'EAR161x', 'FACOAE141']","['AACPS2', 'ACACT7r', 'ACOAD6f', 'ECOAH7', 'FACOAE161', 'HACD7']",CTECOAI7,3OAS161,2.386584092326431,1,17,6,-1.0,-0.14038729955651963,iJO1366,PSL,True,False,-30.56783838345,0.0,0.0,0.0
87,"['EX_ala__D_e', 'EX_alaala_e', 'ALAALAD', 'ALAALAabcpp', 'ALAALAr', 'ALAALAtex', 'DALAt2pp', 'DALAtex']","[0.012966609540540117, -0.006483304770290093, 0.0032416523827691335, 0.006483304770317156, -0.003241652387373506, 0.006483304770313225, -0.012966609540299998, -0.012966609540512763]","[0.012966609540540117, 0.006483304770290093, 0.0032416523827691335, 0.006483304770317156, 0.003241652387373506, 0.006483304770313225, 0.012966609540299998, 0.012966609540512763]","['EX_alaala_e', 'ALAALAtex', 'DALAt2pp']","['EX_ala__D_e', 'ALAALAD', 'ALAALAabcpp', 'DALAtex']",['ALAALAr'],DALAt2pp,DALAtex,0.08752461439848158,1,8,1,0.0,-0.006483304774536729,iJO1366,PSL,False,True,0.0,-13.8392036908068,0.0,0.0006611362299652
88,"['DM_5drib_c', 'EX_colipa_e', 'BIOMASS_Ec_iJO1366_WT_53p95M', 'EX_colipap_e', 'EX_glyc_e', 'EX_glyclt_e', 'EX_gthrd_e', 'EX_his__L_e', 'EX_5mtr_e', 'EX_ile__L_e', 'EX_ins_e', 'EX_LalaDgluMdapDala_e', 'EX_kdo2lipid4_e', 'EX_lac__D_e', 'EX_leu__L_e', 'EX_lipa_e', 'EX_lipa_cold_e', 'EX_adn_e', 'EX_anhgm_e', 'EX_arg__L_e', 'EX_asn__L_e', 'EX_cytd_e', 'EX_cgly_e', 'EX_phe__L_e', 'EX_pheme_e', 'EX_pro__L_e', 'EX_val__L_e', 'EX_xan_e', '12DGR161tipp', '12DGR181tipp', 'EX_spmd_e', 'EX_thymd_e', 'EX_trp__L_e', 'EX_eca4colipa_e', 'EX_enlipa_e', '2AGPEAT160', '2AGPEAT161', '2AGPEAT181', 'EX_tyr__L_e', 'EX_uri_e', '5DOAN', '5MTRtex', '5MTRtpp', 'AACPS5', '3HAD181', 'AACTOOR', 'AADDGT', 'EX_feenter_e', 'ACACT8r', 'ACALD', '3OAR181', 'EX_g3pe_e', 'ACGAMK', 'ACGAMT', 'EX_g3pg_e', 'ACM6PH', 'ACMAMUT', '3OAS181', '4PCP', '4PEPTabcpp', '4PEPTtex', 'ACOATA', 'AGMH', 'AGMt2pp', 'AGPAT181', 'ADMDC', 'ADNK1', 'ALAGLUE', 'ADNtex', 'AGDC', 'AGM4PApp', 'ASNN', 'AMPTASECG', 'ASNabcpp', 'ASNtex', 'ANHGMtex', 'ANHMK', 'AOBUTDs', 'CGLYabcpp', 'CGLYtex', 'CA2t3pp', 'CLIPAabctex', 'CLPNH160pp', 'COLIPAKpp', 'COLIPAPabctex', 'COLIPAabctex', 'CYSDS', 'CPPPGO', 'CPPPGO2', 'CYTDtex', 'D_LACt2pp', 'D_LACtex', 'CTECOAI8', 'DAAD', 'DASYN181', 'DHBD', 'DHBSH', 'DCTPD', 'DCYTD', 'ARGabcpp', 'DURIK1', 'DUTPDP', 'ARGtex', 'EAR181y', 'ECOAH8', 'EDTXS3', 'EDTXS4', 'ENLIPAabctex', 'ECA4COLIPAabctex', 'ENTERES', 'ENTERES2', 'ECA4OALpp', 'ECAP1pp', 'ECAP2pp', 'ECAP3pp', 'ECAtpp', 'ETHAAL', 'FLDR2', 'FA140ACPHi', 'FA161ACPHi', 'FACOAE140', 'G1PTT', 'FACOAL160t2pp', 'FACOAL181t2pp', 'G3PAT181', 'G3PEabcpp', 'FE2t2pp', 'G3PEtex', 'G3PGtex', 'G3PT', 'GLCP', 'GLYCL', 'GLYCLTDy', 'H2SO', 'GLYCLTt2rpp', 'GLYCLTtex', 'GLYCtex', 'GLYCtpp', 'GLYOX3', 'HACD8', 'GMPR', 'FEENTERR1', 'GPDDA2', 'FEENTERabcpp', 'HISabcpp', 'FEENTERtonex', 'HIStex', 'GTHRDtex', 'INStex', 'LIPAabctex', 'Kabcpp', 'ICHORS_copy1', 'ICHORT', 'LADGMDH', 'ILEabcpp', 'ILEtex', 'LALGP', 'INSK', 'LEUabcpp', 'LEUtex', 'LIPACabcpp', 'MACPD', 'LPLIPAL1E160pp', 'MG2uabcpp', 'LPLIPAL1G160pp', 'MDDEP1pp', 'MLTGY1pp', 'LPLIPAL1G181pp', 'MTAN', 'NTD2', 'NTD3', 'NTD4', 'NTPP2', 'NTPP3', 'NTPP4', 'NTPP8', 'PA160abcpp', 'LPLIPAL2E160', 'LPLIPAL2E161', 'PAPA161', 'PAPA181', 'LPLIPAL2E181', 'OPHHX', 'OPHHX3', 'PG161abcpp', 'PGMT', 'PETNT161pp', 'PETNT181pp', 'PGPP160', 'PGPP161', 'PGSA160', 'PGSA161', 'PHEMEabcpp', 'PLIPA2E160pp', 'PLIPA2G160pp', 'PHEMEtiex', 'PLIPA2G181pp', 'PHEt2rpp', 'PHEtex', 'PIuabcpp', 'PPA', 'PPPGO', 'PROabcpp', 'PROtex', 'RNTR4c2', 'PSD181', 'PSSA181', 'SERD_L', 'SPMDabcpp', 'SPMDtex', 'SPMS', 'THRA', 'THRD', 'TMDK1', 'TDPADGAT', 'TDPAGTA', 'TDPGDH', 'THMDtex', 'TRPt2rpp', 'TRPtex', 'TYRt2rpp', 'TYRtex', 'UACMAMO', 'UAG2E', 'URItex', 'VALabcpp', 'VALtex', 'UDCPPtppi', 'XANtex', 'XANtpp', 'RNTR1c2', 'RNTR2c2']","[-1.343344902222113e-05, -9.291113202152225e-06, -0.0004065198675206889, 1.0083725313850689e-05, -9.194851316369826e-05, -1.084035063297201e-05, 3.52214376197384e-06, 3.742259292448258e-05, 1.3524915992413318e-05, 0.00011476299772028575, 9.562079014813207e-05, 0.0001467638351716552, -5.371733203426987e-05, -4.384393380858342e-06, 0.0001779654545634446, -1.5234738555201819e-05, 5.371611247466379e-05, 8.061532957981399e-05, 2.693275433264617e-05, 0.00011684194032279827, 0.00022618855799066973, 5.2768717978324275e-05, 0.00014383066618628426, 7.318211307094646e-05, 8.868466715118359e-06, 8.73196545037036e-05, 0.00016738862052534387, 1.0477734911199118e-05, 1.0054049363521679e-05, 5.181908751286221e-06, 1.6266485978972843e-05, 1.0446340979797242e-05, 2.2453718362638875e-05, 2.5209313284626723e-06, 1.5235958114807899e-05, -8.54382805568232e-06, -1.9177168230420977e-05, -6.341247201379632e-06, 4.364015933955301e-05, 6.7003011054112e-05, -1.343344902222113e-05, -1.3524915971174778e-05, 1.3524915992413318e-05, 1.1789980033631022e-05, -1.5361776013825685e-05, 1.1337762565171317e-05, 1.0083725313850689e-05, 6.20910056731649e-06, 4.405659069561807e-06, -1.1915300433429366e-05, -1.5361776013825685e-05, 0.0001477758865703158, -1.572215594602966e-05, 1.0083725313850689e-05, 4.942062029446482e-06, -1.572215594602966e-05, 1.0083725313850689e-05, -1.5361776013825685e-05, -0.0001355532367850387, -0.0001355532367850387, -0.00014676383511869062, -1.5827647757760133e-05, -1.572215594602966e-05, -1.572215594602966e-05, -1.7858979900939824e-06, 1.3524915992413318e-05, -8.052386266225423e-05, -0.0001355532367597334, -8.061532957981399e-05, -3.144431189205932e-05, 1.1210598386616512e-05, -0.00013096859638156433, -0.0001473528099482581, -0.00022618855799066973, -0.00022618855803102633, -2.6932754281006055e-05, -1.572215594602966e-05, 1.1337762565171317e-05, -0.0001473528099482581, -0.00014383066616119322, 2.013086383962845e-06, 5.371611247466379e-05, 1.1967944899809081e-06, 1.0083725313850689e-05, 1.0083725313850689e-05, -1.260465664231336e-05, -3.141618919966227e-05, 1.535693032061596e-05, -6.669771466411834e-06, -5.2768717978324275e-05, 4.38439337813179e-06, 4.38439337813179e-06, 4.405659069561807e-06, -5.562712042725404e-05, 3.396010761192238e-06, 1.8355339875597565e-05, -1.835533991057813e-05, -0.024419427506958222, 0.024429839293805163, -0.00011684194032279641, 0.024429929947735622, -0.024429567332013846, -0.00011684194032568485, -1.5361776013817635e-05, -4.405659069561807e-06, 5.371611247466379e-05, 5.371611247466379e-05, 1.5235958114807899e-05, 2.5209313284626723e-06, -3.0988170609156993e-06, -3.019629575943677e-06, 2.5209313284626723e-06, 2.5209313284626723e-06, 2.5209313284626723e-06, 2.5209313284626723e-06, 1.0083725313850689e-05, -0.00010078712433540552, -3.2378256274204556e-05, -5.3717332034242116e-05, -3.8354336460841954e-05, 5.3717332034242116e-05, 1.0083725313850687e-05, 3.222401685862997e-05, 3.513144695113794e-06, -1.7858979900939824e-06, -0.00013484936782288845, 8.765533299438452e-06, -0.00014777588660308538, -4.942061991641822e-06, -9.146881972002385e-05, 6.268007881341245e-05, 6.814073144402157e-05, -1.0477734911199118e-05, -6.286050109211017e-05, 1.0840350682883582e-05, 1.0840350682883582e-05, 9.194851315896813e-05, -9.146881973265408e-05, 1.1337762565171317e-05, -4.405659069561807e-06, 9.607405985076478e-05, -1.5947354956864063e-06, -0.00010078712433540552, -6.20910056731649e-06, -3.742259292448258e-05, -6.20910056731649e-06, -3.7422592868097126e-05, -3.5221437428845093e-06, -9.562079014813207e-05, -1.5234738555201819e-05, -7.548667419991672e-05, 1.8174031993112294e-05, 1.835533991057813e-05, -0.0001355532367850387, -0.00011476299772028575, -0.00011476299766854936, -0.0001355532367850387, -9.562079019850844e-05, -0.00017796545456347216, -0.00017796545455439627, 5.371611247466379e-05, 1.5827647781962995e-05, 1.2926518747427343e-05, -3.3550084666482454e-06, 3.185489681889585e-06, 2.875518282907174e-06, 5.397872430906038e-06, 1.7565723475568968e-06, 1.3524915992413318e-05, 6.700301108465489e-05, 0.024429839293805163, 5.2768717923423286e-05, 9.607405985076478e-05, 0.024429839293805163, 4.011868892913467e-05, 4.6926214387466693e-05, -1.1967944899809081e-06, 8.54382805568232e-06, 1.9177168230420977e-05, -1.0054049363521679e-05, -5.181908751286221e-06, 6.341247201379632e-06, 0.00019314205743942321, -0.00019323271136988032, -2.477738592538599e-06, 5.259635349830205e-05, 1.0054049363521679e-05, 5.181908751286221e-06, -2.3200088839405716e-06, -4.282280284462937e-06, -2.3200088839405724e-06, -4.282280284462937e-06, 8.868466715118359e-06, 1.2926518747427343e-05, 3.185489681889585e-06, 8.868466715118359e-06, 1.7565723475568968e-06, -7.318211305573641e-05, -7.318211305573641e-05, -0.00018561146663387262, -2.853768647274879e-06, 8.622010325646222e-06, -8.73196545037036e-05, -8.731965453989687e-05, -1.0139825055623802e-05, 4.326128218079575e-06, 4.326128218079575e-06, 0.0001283437859559977, -1.6266485978972843e-05, -1.626648599994951e-05, 1.3524915992413318e-05, 8.887182389788364e-05, 1.1337762565171317e-05, -1.0446341035627582e-05, 1.0083725313850689e-05, 1.0083725313850689e-05, 1.0083725313850687e-05, -1.0446340979797242e-05, -2.2453718315773585e-05, -2.2453718315773585e-05, -4.364015933333576e-05, -4.364015933333576e-05, 1.0083725313850689e-05, 1.0083725328513538e-05, -6.7003011054112e-05, -0.00016738862052534387, -0.00016738862052534387, 1.0083725313850689e-05, -1.047773491791304e-05, -1.047773491791304e-05, -1.0083725313850689e-05, -9.461105262509317e-06]","[1.343344902222113e-05, 9.291113202152225e-06, 0.0004065198675206889, 1.0083725313850689e-05, 9.194851316369826e-05, 1.084035063297201e-05, 3.52214376197384e-06, 3.742259292448258e-05, 1.3524915992413318e-05, 0.00011476299772028575, 9.562079014813207e-05, 0.0001467638351716552, 5.371733203426987e-05, 4.384393380858342e-06, 0.0001779654545634446, 1.5234738555201819e-05, 5.371611247466379e-05, 8.061532957981399e-05, 2.693275433264617e-05, 0.00011684194032279827, 0.00022618855799066973, 5.2768717978324275e-05, 0.00014383066618628426, 7.318211307094646e-05, 8.868466715118359e-06, 8.73196545037036e-05, 0.00016738862052534387, 1.0477734911199118e-05, 1.0054049363521679e-05, 5.181908751286221e-06, 1.6266485978972843e-05, 1.0446340979797242e-05, 2.2453718362638875e-05, 2.5209313284626723e-06, 1.5235958114807899e-05, 8.54382805568232e-06, 1.9177168230420977e-05, 6.341247201379632e-06, 4.364015933955301e-05, 6.7003011054112e-05, 1.343344902222113e-05, 1.3524915971174778e-05, 1.3524915992413318e-05, 1.1789980033631022e-05, 1.5361776013825685e-05, 1.1337762565171317e-05, 1.0083725313850689e-05, 6.20910056731649e-06, 4.405659069561807e-06, 1.1915300433429366e-05, 1.5361776013825685e-05, 0.0001477758865703158, 1.572215594602966e-05, 1.0083725313850689e-05, 4.942062029446482e-06, 1.572215594602966e-05, 1.0083725313850689e-05, 1.5361776013825685e-05, 0.0001355532367850387, 0.0001355532367850387, 0.00014676383511869062, 1.5827647757760133e-05, 1.572215594602966e-05, 1.572215594602966e-05, 1.7858979900939824e-06, 1.3524915992413318e-05, 8.052386266225423e-05, 0.0001355532367597334, 8.061532957981399e-05, 3.144431189205932e-05, 1.1210598386616512e-05, 0.00013096859638156433, 0.0001473528099482581, 0.00022618855799066973, 0.00022618855803102633, 2.6932754281006055e-05, 1.572215594602966e-05, 1.1337762565171317e-05, 0.0001473528099482581, 0.00014383066616119322, 2.013086383962845e-06, 5.371611247466379e-05, 1.1967944899809081e-06, 1.0083725313850689e-05, 1.0083725313850689e-05, 1.260465664231336e-05, 3.141618919966227e-05, 1.535693032061596e-05, 6.669771466411834e-06, 5.2768717978324275e-05, 4.38439337813179e-06, 4.38439337813179e-06, 4.405659069561807e-06, 5.562712042725404e-05, 3.396010761192238e-06, 1.8355339875597565e-05, 1.835533991057813e-05, 0.024419427506958222, 0.024429839293805163, 0.00011684194032279641, 0.024429929947735622, 0.024429567332013846, 0.00011684194032568485, 1.5361776013817635e-05, 4.405659069561807e-06, 5.371611247466379e-05, 5.371611247466379e-05, 1.5235958114807899e-05, 2.5209313284626723e-06, 3.0988170609156993e-06, 3.019629575943677e-06, 2.5209313284626723e-06, 2.5209313284626723e-06, 2.5209313284626723e-06, 2.5209313284626723e-06, 1.0083725313850689e-05, 0.00010078712433540552, 3.2378256274204556e-05, 5.3717332034242116e-05, 3.8354336460841954e-05, 5.3717332034242116e-05, 1.0083725313850687e-05, 3.222401685862997e-05, 3.513144695113794e-06, 1.7858979900939824e-06, 0.00013484936782288845, 8.765533299438452e-06, 0.00014777588660308538, 4.942061991641822e-06, 9.146881972002385e-05, 6.268007881341245e-05, 6.814073144402157e-05, 1.0477734911199118e-05, 6.286050109211017e-05, 1.0840350682883582e-05, 1.0840350682883582e-05, 9.194851315896813e-05, 9.146881973265408e-05, 1.1337762565171317e-05, 4.405659069561807e-06, 9.607405985076478e-05, 1.5947354956864063e-06, 0.00010078712433540552, 6.20910056731649e-06, 3.742259292448258e-05, 6.20910056731649e-06, 3.7422592868097126e-05, 3.5221437428845093e-06, 9.562079014813207e-05, 1.5234738555201819e-05, 7.548667419991672e-05, 1.8174031993112294e-05, 1.835533991057813e-05, 0.0001355532367850387, 0.00011476299772028575, 0.00011476299766854936, 0.0001355532367850387, 9.562079019850844e-05, 0.00017796545456347216, 0.00017796545455439627, 5.371611247466379e-05, 1.5827647781962995e-05, 1.2926518747427343e-05, 3.3550084666482454e-06, 3.185489681889585e-06, 2.875518282907174e-06, 5.397872430906038e-06, 1.7565723475568968e-06, 1.3524915992413318e-05, 6.700301108465489e-05, 0.024429839293805163, 5.2768717923423286e-05, 9.607405985076478e-05, 0.024429839293805163, 4.011868892913467e-05, 4.6926214387466693e-05, 1.1967944899809081e-06, 8.54382805568232e-06, 1.9177168230420977e-05, 1.0054049363521679e-05, 5.181908751286221e-06, 6.341247201379632e-06, 0.00019314205743942321, 0.00019323271136988032, 2.477738592538599e-06, 5.259635349830205e-05, 1.0054049363521679e-05, 5.181908751286221e-06, 2.3200088839405716e-06, 4.282280284462937e-06, 2.3200088839405724e-06, 4.282280284462937e-06, 8.868466715118359e-06, 1.2926518747427343e-05, 3.185489681889585e-06, 8.868466715118359e-06, 1.7565723475568968e-06, 7.318211305573641e-05, 7.318211305573641e-05, 0.00018561146663387262, 2.853768647274879e-06, 8.622010325646222e-06, 8.73196545037036e-05, 8.731965453989687e-05, 1.0139825055623802e-05, 4.326128218079575e-06, 4.326128218079575e-06, 0.0001283437859559977, 1.6266485978972843e-05, 1.626648599994951e-05, 1.3524915992413318e-05, 8.887182389788364e-05, 1.1337762565171317e-05, 1.0446341035627582e-05, 1.0083725313850689e-05, 1.0083725313850689e-05, 1.0083725313850687e-05, 1.0446340979797242e-05, 2.2453718315773585e-05, 2.2453718315773585e-05, 4.364015933333576e-05, 4.364015933333576e-05, 1.0083725313850689e-05, 1.0083725328513538e-05, 6.7003011054112e-05, 0.00016738862052534387, 0.00016738862052534387, 1.0083725313850689e-05, 1.047773491791304e-05, 1.047773491791304e-05, 1.0083725313850689e-05, 9.461105262509317e-06]","['EX_colipa_e', 'BIOMASS_Ec_iJO1366_WT_53p95M', 'EX_glyclt_e', 'EX_kdo2lipid4_e', 'EX_lac__D_e', 'EX_lipa_e', '2AGPEAT160', '2AGPEAT161', '2AGPEAT181', 'ACGAMK', 'ACM6PH', '4PCP', '4PEPTabcpp', 'AGMH', 'AGMt2pp', 'ALAGLUE', 'AGDC', 'ASNN', 'AMPTASECG', 'ASNabcpp', 'ANHMK', 'CGLYabcpp', 'COLIPAabctex', 'CYSDS', 'CPPPGO2', 'D_LACt2pp', 'D_LACtex', 'DAAD', 'DHBSH', 'DCTPD', 'ARGabcpp', 'DUTPDP', 'EAR181y', 'ENTERES', 'ENTERES2', 'FLDR2', 'FA140ACPHi', 'FA161ACPHi', 'G3PAT181', 'G3PEabcpp', 'G3PT', 'GLYCLTDy', 'H2SO', 'GLYCLTt2rpp', 'GLYCLTtex', 'GLYCtpp', 'FEENTERR1', 'FEENTERabcpp', 'HISabcpp', 'FEENTERtonex', 'LIPAabctex', 'Kabcpp', 'LADGMDH', 'ILEabcpp', 'LALGP', 'INSK', 'LEUabcpp', 'MG2uabcpp', 'PA160abcpp', 'PAPA161', 'PAPA181', 'OPHHX3', 'PG161abcpp', 'PGPP160', 'PGPP161', 'PIuabcpp', 'PPA', 'PROabcpp', 'RNTR4c2', 'SPMDabcpp', 'TMDK1', 'VALabcpp', 'RNTR1c2', 'RNTR2c2']","['EX_colipap_e', 'EX_gthrd_e', 'EX_his__L_e', 'EX_ile__L_e', 'EX_ins_e', 'EX_LalaDgluMdapDala_e', 'EX_leu__L_e', 'EX_lipa_cold_e', 'EX_adn_e', 'EX_arg__L_e', 'EX_asn__L_e', 'EX_cytd_e', 'EX_cgly_e', 'EX_phe__L_e', 'EX_pheme_e', 'EX_pro__L_e', 'EX_val__L_e', 'EX_xan_e', '12DGR181tipp', 'EX_spmd_e', 'EX_thymd_e', 'EX_trp__L_e', 'EX_eca4colipa_e', 'EX_enlipa_e', 'EX_tyr__L_e', 'EX_uri_e', 'AACPS5', 'AACTOOR', 'AADDGT', 'EX_feenter_e', 'EX_g3pe_e', 'ACGAMT', 'EX_g3pg_e', 'ACMAMUT', '4PEPTtex', 'ACOATA', 'ADNtex', 'ASNtex', 'AOBUTDs', 'CGLYtex', 'CA2t3pp', 'CLIPAabctex', 'CLPNH160pp', 'COLIPAKpp', 'COLIPAPabctex', 'CYTDtex', 'DHBD', 'DCYTD', 'DURIK1', 'ARGtex', 'EDTXS3', 'EDTXS4', 'ENLIPAabctex', 'ECA4COLIPAabctex', 'ECA4OALpp', 'ECAP1pp', 'ECAP2pp', 'ECAP3pp', 'ECAtpp', 'FE2t2pp', 'G3PEtex', 'G3PGtex', 'GLCP', 'GLYCL', 'GLYOX3', 'GMPR', 'HIStex', 'GTHRDtex', 'INStex', 'ICHORT', 'ILEtex', 'LEUtex', 'LIPACabcpp', 'MACPD', 'LPLIPAL1E160pp', 'LPLIPAL1G160pp', 'LPLIPAL1G181pp', 'NTD2', 'NTD3', 'NTPP2', 'NTPP3', 'NTPP4', 'NTPP8', 'LPLIPAL2E160', 'LPLIPAL2E161', 'LPLIPAL2E181', 'PETNT161pp', 'PETNT181pp', 'PHEMEabcpp', 'PLIPA2E160pp', 'PLIPA2G160pp', 'PHEMEtiex', 'PLIPA2G181pp', 'PHEt2rpp', 'PHEtex', 'PPPGO', 'PROtex', 'SERD_L', 'SPMDtex', 'THRA', 'THRD', 'TDPADGAT', 'TDPAGTA', 'THMDtex', 'TRPt2rpp', 'TRPtex', 'TYRt2rpp', 'TYRtex', 'UACMAMO', 'UAG2E', 'URItex', 'VALtex', 'UDCPPtppi', 'XANtex', 'XANtpp']","['DM_5drib_c', 'EX_glyc_e', 'EX_5mtr_e', 'EX_anhgm_e', '12DGR161tipp', '5DOAN', '5MTRtex', '5MTRtpp', '3HAD181', 'ACACT8r', 'ACALD', '3OAR181', '3OAS181', 'AGPAT181', 'ADMDC', 'ADNK1', 'AGM4PApp', 'ANHGMtex', 'CPPPGO', 'CTECOAI8', 'DASYN181', 'ECOAH8', 'ETHAAL', 'FACOAE140', 'G1PTT', 'FACOAL160t2pp', 'FACOAL181t2pp', 'GLYCtex', 'HACD8', 'GPDDA2', 'ICHORS_copy1', 'MDDEP1pp', 'MLTGY1pp', 'MTAN', 'NTD4', 'OPHHX', 'PGMT', 'PGSA160', 'PGSA161', 'PSD181', 'PSSA181', 'SPMS', 'TDPGDH']",DUTPDP,DURIK1,0.1647923325809698,1,232,43,4.0,0.04627376899151634,iJO1366,PSL,False,False,0.0,0.0,0.615541407021169,0.0
89,"['DMPPS', 'IPDDI', 'IPDPS']","[-0.00025944418109999715, 0.00025944418109702383, 0.0002594441810999659]","[0.00025944418109999715, 0.00025944418109702383, 0.0002594441810999659]",['DMPPS'],['IPDDI'],['IPDPS'],DMPPS,IPDDI,0.0007783325432999567,1,3,1,1.0,0.0002594441810969926,iJO1366,PSL,False,True,0.0,-0.0054259842578403,0.0,0.0
90,"['3HAD100', '3HAD40', '3HAD60', '3HAD80', 'ACACT1r', 'ACACT2r', 'ACACT3r', 'ACACT4r', '3OAR100', '3OAR40', '3OAR60', '3OAR80', '3OAS100', '3OAS60', '3OAS80', 'ACOAD1f', 'ACOAD2f', 'ACOAD3f', 'ACOAD4f', 'ACOATA', 'EAR100x', 'EAR40x', 'EAR60x', 'EAR80x', 'ECOAH1', 'ECOAH2', 'ECOAH3', 'ECOAH4', 'FA100ACPHi', 'FACOAE100', 'FADRx2', 'HACD1', 'HACD2', 'HACD3', 'HACD4', 'KAS15', 'MACPD']","[0.332125881906042, 0.332125881906042, 0.332125881906042, 0.332125881906042, -0.3321258819060328, -0.3321258819060328, -0.3321258819060328, -0.3321258819060328, 0.332125881906042, 0.332125881906042, 0.332125881906042, 0.332125881906042, 0.332125881906042, 0.332125881906042, 0.332125881906042, 0.3321258819060328, 0.3321258819060328, 0.3321258819060328, 0.3321258819060328, 1.3285035276242407, 0.332125881906042, 0.332125881906042, 0.332125881906042, 0.332125881906042, -0.3321258819060328, -0.3321258819060328, -0.3321258819060328, -0.3321258819060328, 0.3321258819057089, -0.3321258819060328, -1.3285035276278068, -0.3321258819060328, -0.3321258819060328, -0.3321258819060328, -0.3321258819060328, 0.332125881906042, -1.3285035276242407]","[0.332125881906042, 0.332125881906042, 0.332125881906042, 0.332125881906042, 0.3321258819060328, 0.3321258819060328, 0.3321258819060328, 0.3321258819060328, 0.332125881906042, 0.332125881906042, 0.332125881906042, 0.332125881906042, 0.332125881906042, 0.332125881906042, 0.332125881906042, 0.3321258819060328, 0.3321258819060328, 0.3321258819060328, 0.3321258819060328, 1.3285035276242407, 0.332125881906042, 0.332125881906042, 0.332125881906042, 0.332125881906042, 0.3321258819060328, 0.3321258819060328, 0.3321258819060328, 0.3321258819060328, 0.3321258819057089, 0.3321258819060328, 1.3285035276278068, 0.3321258819060328, 0.3321258819060328, 0.3321258819060328, 0.3321258819060328, 0.332125881906042, 1.3285035276242407]","['3HAD100', '3HAD40', '3HAD60', '3HAD80', '3OAR100', '3OAR40', '3OAR60', '3OAR80', '3OAS100', '3OAS60', '3OAS80', 'EAR100x', 'EAR40x', 'EAR60x', 'EAR80x', 'FA100ACPHi', 'KAS15']","['ACACT1r', 'ACACT2r', 'ACACT3r', 'ACACT4r', 'ACOAD1f', 'ACOAD2f', 'ACOAD3f', 'ACOAD4f', 'ACOATA', 'ECOAH1', 'ECOAH2', 'ECOAH3', 'ECOAH4', 'FACOAE100', 'FADRx2', 'HACD1', 'HACD2', 'HACD3', 'HACD4', 'MACPD']",[],ECOAH1,3HAD100,15.27779056767757,1,37,0,-7.0,-1.3285035276202786,iJO1366,PSL,True,False,-8.86501624095338,0.0,0.0025566226426219,0.0
91,"['3HAD40', '3HAD60', '3HAD80', 'ACACT1r', 'ACACT2r', 'ACACT3r', '3OAR40', '3OAR60', '3OAR80', '3OAS60', '3OAS80', 'ACOAD1f', 'ACOAD2f', 'ACOAD3f', 'ACOATA', 'EAR40x', 'EAR60x', 'EAR80x', 'ECOAH1', 'ECOAH2', 'ECOAH3', 'FA80ACPHi', 'FACOAE80', 'FADRx2', 'HACD1', 'HACD2', 'HACD3', 'KAS15', 'MACPD']","[0.3321258819060322, 0.3321258819060322, 0.332125881906, -0.332125881906, -0.332125881906, -0.332125881906, 0.3321258819060322, 0.3321258819060322, 0.332125881906, 0.3321258819060322, 0.332125881906, 0.332125881906, 0.332125881906, 0.332125881906, 0.9963776457181219, 0.3321258819060322, 0.3321258819060322, 0.332125881906, -0.332125881906, -0.332125881906, -0.332125881906, 0.33212588190515047, -0.332125881906, -0.9963776457146418, -0.332125881906, -0.332125881906, -0.332125881906, 0.3321258819060322, -0.9963776457181219]","[0.3321258819060322, 0.3321258819060322, 0.332125881906, 0.332125881906, 0.332125881906, 0.332125881906, 0.3321258819060322, 0.3321258819060322, 0.332125881906, 0.3321258819060322, 0.332125881906, 0.332125881906, 0.332125881906, 0.332125881906, 0.9963776457181219, 0.3321258819060322, 0.3321258819060322, 0.332125881906, 0.332125881906, 0.332125881906, 0.332125881906, 0.33212588190515047, 0.332125881906, 0.9963776457146418, 0.332125881906, 0.332125881906, 0.332125881906, 0.3321258819060322, 0.9963776457181219]","['3HAD40', '3HAD60', '3HAD80', '3OAR40', '3OAR60', '3OAR80', '3OAS60', '3OAS80', 'EAR40x', 'EAR60x', 'EAR80x', 'FA80ACPHi', 'KAS15']","['ACACT1r', 'ACACT2r', 'ACACT3r', 'ACOAD1f', 'ACOAD2f', 'ACOAD3f', 'ACOATA', 'ECOAH1', 'ECOAH2', 'ECOAH3', 'FACOAE80', 'FADRx2', 'HACD1', 'HACD2', 'HACD3', 'MACPD']",[],ECOAH1,3HAD40,11.624405866710797,1,29,0,-5.0,-0.9963776457207665,iJO1366,PSL,True,False,-8.86501624095338,0.0,0.0025566226426219,0.0
92,"['3HAD40', '3HAD60', '3HAD80', 'ACACT1r', 'ACACT2r', 'ACACT3r', '3OAR40', '3OAR60', '3OAR80', '3OAS60', '3OAS80', 'ACOAD1f', 'ACOAD2f', 'ACOAD3f', 'ACOATA', 'EAR40x', 'EAR60x', 'EAR80x', 'ECOAH1', 'ECOAH2', 'ECOAH3', 'FA80ACPHi', 'FACOAE80', 'FADRx2', 'HACD1', 'HACD2', 'HACD3', 'KAS15', 'MACPD']","[0.3321258819060322, 0.3321258819060322, 0.332125881906, -0.332125881906, -0.332125881906, -0.332125881906, 0.3321258819060322, 0.3321258819060322, 0.332125881906, 0.3321258819060322, 0.332125881906, 0.332125881906, 0.332125881906, 0.332125881906, 0.9963776457181219, 0.3321258819060322, 0.3321258819060322, 0.332125881906, -0.332125881906, -0.332125881906, -0.332125881906, 0.33212588190515047, -0.332125881906, -0.9963776457146418, -0.332125881906, -0.332125881906, -0.332125881906, 0.3321258819060322, -0.9963776457181219]","[0.3321258819060322, 0.3321258819060322, 0.332125881906, 0.332125881906, 0.332125881906, 0.332125881906, 0.3321258819060322, 0.3321258819060322, 0.332125881906, 0.3321258819060322, 0.332125881906, 0.332125881906, 0.332125881906, 0.332125881906, 0.9963776457181219, 0.3321258819060322, 0.3321258819060322, 0.332125881906, 0.332125881906, 0.332125881906, 0.332125881906, 0.33212588190515047, 0.332125881906, 0.9963776457146418, 0.332125881906, 0.332125881906, 0.332125881906, 0.3321258819060322, 0.9963776457181219]","['3HAD40', '3HAD60', '3HAD80', '3OAR40', '3OAR60', '3OAR80', '3OAS60', '3OAS80', 'EAR40x', 'EAR60x', 'EAR80x', 'FA80ACPHi', 'KAS15']","['ACACT1r', 'ACACT2r', 'ACACT3r', 'ACOAD1f', 'ACOAD2f', 'ACOAD3f', 'ACOATA', 'ECOAH1', 'ECOAH2', 'ECOAH3', 'FACOAE80', 'FADRx2', 'HACD1', 'HACD2', 'HACD3', 'MACPD']",[],ECOAH1,3HAD60,11.624405866710797,1,29,0,-5.0,-0.9963776457207665,iJO1366,PSL,True,False,-8.86501624095338,0.0,0.0025566226426219,0.0
93,"['3HAD40', '3HAD60', '3HAD80', 'ACACT1r', 'ACACT2r', 'ACACT3r', '3OAR40', '3OAR60', '3OAR80', '3OAS60', '3OAS80', 'ACOAD1f', 'ACOAD2f', 'ACOAD3f', 'ACOATA', 'EAR40x', 'EAR60x', 'EAR80x', 'ECOAH1', 'ECOAH2', 'ECOAH3', 'FA80ACPHi', 'FACOAE80', 'FADRx2', 'HACD1', 'HACD2', 'HACD3', 'KAS15', 'MACPD']","[0.3321258819060322, 0.3321258819060322, 0.332125881906, -0.332125881906, -0.332125881906, -0.332125881906, 0.3321258819060322, 0.3321258819060322, 0.332125881906, 0.3321258819060322, 0.332125881906, 0.332125881906, 0.332125881906, 0.332125881906, 0.9963776457181219, 0.3321258819060322, 0.3321258819060322, 0.332125881906, -0.332125881906, -0.332125881906, -0.332125881906, 0.33212588190515047, -0.332125881906, -0.9963776457146418, -0.332125881906, -0.332125881906, -0.332125881906, 0.3321258819060322, -0.9963776457181219]","[0.3321258819060322, 0.3321258819060322, 0.332125881906, 0.332125881906, 0.332125881906, 0.332125881906, 0.3321258819060322, 0.3321258819060322, 0.332125881906, 0.3321258819060322, 0.332125881906, 0.332125881906, 0.332125881906, 0.332125881906, 0.9963776457181219, 0.3321258819060322, 0.3321258819060322, 0.332125881906, 0.332125881906, 0.332125881906, 0.332125881906, 0.33212588190515047, 0.332125881906, 0.9963776457146418, 0.332125881906, 0.332125881906, 0.332125881906, 0.3321258819060322, 0.9963776457181219]","['3HAD40', '3HAD60', '3HAD80', '3OAR40', '3OAR60', '3OAR80', '3OAS60', '3OAS80', 'EAR40x', 'EAR60x', 'EAR80x', 'FA80ACPHi', 'KAS15']","['ACACT1r', 'ACACT2r', 'ACACT3r', 'ACOAD1f', 'ACOAD2f', 'ACOAD3f', 'ACOATA', 'ECOAH1', 'ECOAH2', 'ECOAH3', 'FACOAE80', 'FADRx2', 'HACD1', 'HACD2', 'HACD3', 'MACPD']",[],ECOAH1,3HAD80,11.624405866710797,1,29,0,-5.0,-0.9963776457207665,iJO1366,PSL,True,False,-8.86501624095338,0.0,0.0025566226426219,0.0
94,"['3HAD100', '3HAD40', '3HAD60', '3HAD80', 'ACACT1r', 'ACACT2r', 'ACACT3r', 'ACACT4r', '3OAR100', '3OAR40', '3OAR60', '3OAR80', '3OAS100', '3OAS60', '3OAS80', 'ACOAD1f', 'ACOAD2f', 'ACOAD3f', 'ACOAD4f', 'ACOATA', 'EAR100x', 'EAR40x', 'EAR60x', 'EAR80x', 'ECOAH1', 'ECOAH2', 'ECOAH3', 'ECOAH4', 'FA100ACPHi', 'FACOAE100', 'FADRx2', 'HACD1', 'HACD2', 'HACD3', 'HACD4', 'KAS15', 'MACPD']","[0.332125881906042, 0.332125881906042, 0.332125881906042, 0.332125881906042, -0.3321258819060328, -0.3321258819060328, -0.3321258819060328, -0.3321258819060328, 0.332125881906042, 0.332125881906042, 0.332125881906042, 0.332125881906042, 0.332125881906042, 0.332125881906042, 0.332125881906042, 0.3321258819060328, 0.3321258819060328, 0.3321258819060328, 0.3321258819060328, 1.3285035276242407, 0.332125881906042, 0.332125881906042, 0.332125881906042, 0.332125881906042, -0.3321258819060328, -0.3321258819060328, -0.3321258819060328, -0.3321258819060328, 0.3321258819057089, -0.3321258819060328, -1.3285035276278068, -0.3321258819060328, -0.3321258819060328, -0.3321258819060328, -0.3321258819060328, 0.332125881906042, -1.3285035276242407]","[0.332125881906042, 0.332125881906042, 0.332125881906042, 0.332125881906042, 0.3321258819060328, 0.3321258819060328, 0.3321258819060328, 0.3321258819060328, 0.332125881906042, 0.332125881906042, 0.332125881906042, 0.332125881906042, 0.332125881906042, 0.332125881906042, 0.332125881906042, 0.3321258819060328, 0.3321258819060328, 0.3321258819060328, 0.3321258819060328, 1.3285035276242407, 0.332125881906042, 0.332125881906042, 0.332125881906042, 0.332125881906042, 0.3321258819060328, 0.3321258819060328, 0.3321258819060328, 0.3321258819060328, 0.3321258819057089, 0.3321258819060328, 1.3285035276278068, 0.3321258819060328, 0.3321258819060328, 0.3321258819060328, 0.3321258819060328, 0.332125881906042, 1.3285035276242407]","['3HAD100', '3HAD40', '3HAD60', '3HAD80', '3OAR100', '3OAR40', '3OAR60', '3OAR80', '3OAS100', '3OAS60', '3OAS80', 'EAR100x', 'EAR40x', 'EAR60x', 'EAR80x', 'FA100ACPHi', 'KAS15']","['ACACT1r', 'ACACT2r', 'ACACT3r', 'ACACT4r', 'ACOAD1f', 'ACOAD2f', 'ACOAD3f', 'ACOAD4f', 'ACOATA', 'ECOAH1', 'ECOAH2', 'ECOAH3', 'ECOAH4', 'FACOAE100', 'FADRx2', 'HACD1', 'HACD2', 'HACD3', 'HACD4', 'MACPD']",[],ECOAH1,3OAR100,15.27779056767757,1,37,0,-7.0,-1.3285035276202786,iJO1366,PSL,True,False,-8.86501624095338,0.0,0.0025566226426219,0.0
95,"['3HAD40', '3HAD60', '3HAD80', 'ACACT1r', 'ACACT2r', 'ACACT3r', '3OAR40', '3OAR60', '3OAR80', '3OAS60', '3OAS80', 'ACOAD1f', 'ACOAD2f', 'ACOAD3f', 'ACOATA', 'EAR40x', 'EAR60x', 'EAR80x', 'ECOAH1', 'ECOAH2', 'ECOAH3', 'FA80ACPHi', 'FACOAE80', 'FADRx2', 'HACD1', 'HACD2', 'HACD3', 'KAS15', 'MACPD']","[0.3321258819060322, 0.3321258819060322, 0.332125881906, -0.332125881906, -0.332125881906, -0.332125881906, 0.3321258819060322, 0.3321258819060322, 0.332125881906, 0.3321258819060322, 0.332125881906, 0.332125881906, 0.332125881906, 0.332125881906, 0.9963776457181219, 0.3321258819060322, 0.3321258819060322, 0.332125881906, -0.332125881906, -0.332125881906, -0.332125881906, 0.33212588190515047, -0.332125881906, -0.9963776457146418, -0.332125881906, -0.332125881906, -0.332125881906, 0.3321258819060322, -0.9963776457181219]","[0.3321258819060322, 0.3321258819060322, 0.332125881906, 0.332125881906, 0.332125881906, 0.332125881906, 0.3321258819060322, 0.3321258819060322, 0.332125881906, 0.3321258819060322, 0.332125881906, 0.332125881906, 0.332125881906, 0.332125881906, 0.9963776457181219, 0.3321258819060322, 0.3321258819060322, 0.332125881906, 0.332125881906, 0.332125881906, 0.332125881906, 0.33212588190515047, 0.332125881906, 0.9963776457146418, 0.332125881906, 0.332125881906, 0.332125881906, 0.3321258819060322, 0.9963776457181219]","['3HAD40', '3HAD60', '3HAD80', '3OAR40', '3OAR60', '3OAR80', '3OAS60', '3OAS80', 'EAR40x', 'EAR60x', 'EAR80x', 'FA80ACPHi', 'KAS15']","['ACACT1r', 'ACACT2r', 'ACACT3r', 'ACOAD1f', 'ACOAD2f', 'ACOAD3f', 'ACOATA', 'ECOAH1', 'ECOAH2', 'ECOAH3', 'FACOAE80', 'FADRx2', 'HACD1', 'HACD2', 'HACD3', 'MACPD']",[],ECOAH1,3OAR40,11.624405866710797,1,29,0,-5.0,-0.9963776457207665,iJO1366,PSL,True,False,-8.86501624095338,0.0,0.0025566226426219,0.0
96,"['3HAD40', '3HAD60', '3HAD80', 'ACACT1r', 'ACACT2r', 'ACACT3r', '3OAR40', '3OAR60', '3OAR80', '3OAS60', '3OAS80', 'ACOAD1f', 'ACOAD2f', 'ACOAD3f', 'ACOATA', 'EAR40x', 'EAR60x', 'EAR80x', 'ECOAH1', 'ECOAH2', 'ECOAH3', 'FA80ACPHi', 'FACOAE80', 'FADRx2', 'HACD1', 'HACD2', 'HACD3', 'KAS15', 'MACPD']","[0.3321258819060322, 0.3321258819060322, 0.332125881906, -0.332125881906, -0.332125881906, -0.332125881906, 0.3321258819060322, 0.3321258819060322, 0.332125881906, 0.3321258819060322, 0.332125881906, 0.332125881906, 0.332125881906, 0.332125881906, 0.9963776457181219, 0.3321258819060322, 0.3321258819060322, 0.332125881906, -0.332125881906, -0.332125881906, -0.332125881906, 0.33212588190515047, -0.332125881906, -0.9963776457146418, -0.332125881906, -0.332125881906, -0.332125881906, 0.3321258819060322, -0.9963776457181219]","[0.3321258819060322, 0.3321258819060322, 0.332125881906, 0.332125881906, 0.332125881906, 0.332125881906, 0.3321258819060322, 0.3321258819060322, 0.332125881906, 0.3321258819060322, 0.332125881906, 0.332125881906, 0.332125881906, 0.332125881906, 0.9963776457181219, 0.3321258819060322, 0.3321258819060322, 0.332125881906, 0.332125881906, 0.332125881906, 0.332125881906, 0.33212588190515047, 0.332125881906, 0.9963776457146418, 0.332125881906, 0.332125881906, 0.332125881906, 0.3321258819060322, 0.9963776457181219]","['3HAD40', '3HAD60', '3HAD80', '3OAR40', '3OAR60', '3OAR80', '3OAS60', '3OAS80', 'EAR40x', 'EAR60x', 'EAR80x', 'FA80ACPHi', 'KAS15']","['ACACT1r', 'ACACT2r', 'ACACT3r', 'ACOAD1f', 'ACOAD2f', 'ACOAD3f', 'ACOATA', 'ECOAH1', 'ECOAH2', 'ECOAH3', 'FACOAE80', 'FADRx2', 'HACD1', 'HACD2', 'HACD3', 'MACPD']",[],ECOAH1,3OAR60,11.624405866710797,1,29,0,-5.0,-0.9963776457207665,iJO1366,PSL,True,False,-8.86501624095338,0.0,0.0025566226426219,0.0
97,"['3HAD40', '3HAD60', '3HAD80', 'ACACT1r', 'ACACT2r', 'ACACT3r', '3OAR40', '3OAR60', '3OAR80', '3OAS60', '3OAS80', 'ACOAD1f', 'ACOAD2f', 'ACOAD3f', 'ACOATA', 'EAR40x', 'EAR60x', 'EAR80x', 'ECOAH1', 'ECOAH2', 'ECOAH3', 'FA80ACPHi', 'FACOAE80', 'FADRx2', 'HACD1', 'HACD2', 'HACD3', 'KAS15', 'MACPD']","[0.3321258819060322, 0.3321258819060322, 0.332125881906, -0.332125881906, -0.332125881906, -0.332125881906, 0.3321258819060322, 0.3321258819060322, 0.332125881906, 0.3321258819060322, 0.332125881906, 0.332125881906, 0.332125881906, 0.332125881906, 0.9963776457181219, 0.3321258819060322, 0.3321258819060322, 0.332125881906, -0.332125881906, -0.332125881906, -0.332125881906, 0.33212588190515047, -0.332125881906, -0.9963776457146418, -0.332125881906, -0.332125881906, -0.332125881906, 0.3321258819060322, -0.9963776457181219]","[0.3321258819060322, 0.3321258819060322, 0.332125881906, 0.332125881906, 0.332125881906, 0.332125881906, 0.3321258819060322, 0.3321258819060322, 0.332125881906, 0.3321258819060322, 0.332125881906, 0.332125881906, 0.332125881906, 0.332125881906, 0.9963776457181219, 0.3321258819060322, 0.3321258819060322, 0.332125881906, 0.332125881906, 0.332125881906, 0.332125881906, 0.33212588190515047, 0.332125881906, 0.9963776457146418, 0.332125881906, 0.332125881906, 0.332125881906, 0.3321258819060322, 0.9963776457181219]","['3HAD40', '3HAD60', '3HAD80', '3OAR40', '3OAR60', '3OAR80', '3OAS60', '3OAS80', 'EAR40x', 'EAR60x', 'EAR80x', 'FA80ACPHi', 'KAS15']","['ACACT1r', 'ACACT2r', 'ACACT3r', 'ACOAD1f', 'ACOAD2f', 'ACOAD3f', 'ACOATA', 'ECOAH1', 'ECOAH2', 'ECOAH3', 'FACOAE80', 'FADRx2', 'HACD1', 'HACD2', 'HACD3', 'MACPD']",[],ECOAH1,3OAR80,11.624405866710797,1,29,0,-5.0,-0.9963776457207665,iJO1366,PSL,True,False,-8.86501624095338,0.0,0.0025566226426219,0.0
98,"['3HAD100', '3HAD40', '3HAD60', '3HAD80', 'ACACT1r', 'ACACT2r', 'ACACT3r', 'ACACT4r', '3OAR100', '3OAR40', '3OAR60', '3OAR80', '3OAS100', '3OAS60', '3OAS80', 'ACOAD1f', 'ACOAD2f', 'ACOAD3f', 'ACOAD4f', 'ACOATA', 'EAR100x', 'EAR40x', 'EAR60x', 'EAR80x', 'ECOAH1', 'ECOAH2', 'ECOAH3', 'ECOAH4', 'FA100ACPHi', 'FACOAE100', 'FADRx2', 'HACD1', 'HACD2', 'HACD3', 'HACD4', 'KAS15', 'MACPD']","[0.332125881906042, 0.332125881906042, 0.332125881906042, 0.332125881906042, -0.3321258819060328, -0.3321258819060328, -0.3321258819060328, -0.3321258819060328, 0.332125881906042, 0.332125881906042, 0.332125881906042, 0.332125881906042, 0.332125881906042, 0.332125881906042, 0.332125881906042, 0.3321258819060328, 0.3321258819060328, 0.3321258819060328, 0.3321258819060328, 1.3285035276242407, 0.332125881906042, 0.332125881906042, 0.332125881906042, 0.332125881906042, -0.3321258819060328, -0.3321258819060328, -0.3321258819060328, -0.3321258819060328, 0.3321258819057089, -0.3321258819060328, -1.3285035276278068, -0.3321258819060328, -0.3321258819060328, -0.3321258819060328, -0.3321258819060328, 0.332125881906042, -1.3285035276242407]","[0.332125881906042, 0.332125881906042, 0.332125881906042, 0.332125881906042, 0.3321258819060328, 0.3321258819060328, 0.3321258819060328, 0.3321258819060328, 0.332125881906042, 0.332125881906042, 0.332125881906042, 0.332125881906042, 0.332125881906042, 0.332125881906042, 0.332125881906042, 0.3321258819060328, 0.3321258819060328, 0.3321258819060328, 0.3321258819060328, 1.3285035276242407, 0.332125881906042, 0.332125881906042, 0.332125881906042, 0.332125881906042, 0.3321258819060328, 0.3321258819060328, 0.3321258819060328, 0.3321258819060328, 0.3321258819057089, 0.3321258819060328, 1.3285035276278068, 0.3321258819060328, 0.3321258819060328, 0.3321258819060328, 0.3321258819060328, 0.332125881906042, 1.3285035276242407]","['3HAD100', '3HAD40', '3HAD60', '3HAD80', '3OAR100', '3OAR40', '3OAR60', '3OAR80', '3OAS100', '3OAS60', '3OAS80', 'EAR100x', 'EAR40x', 'EAR60x', 'EAR80x', 'FA100ACPHi', 'KAS15']","['ACACT1r', 'ACACT2r', 'ACACT3r', 'ACACT4r', 'ACOAD1f', 'ACOAD2f', 'ACOAD3f', 'ACOAD4f', 'ACOATA', 'ECOAH1', 'ECOAH2', 'ECOAH3', 'ECOAH4', 'FACOAE100', 'FADRx2', 'HACD1', 'HACD2', 'HACD3', 'HACD4', 'MACPD']",[],ECOAH1,3OAS100,15.27779056767757,1,37,0,-7.0,-1.3285035276202786,iJO1366,PSL,True,False,-8.86501624095338,0.0,0.0025566226426219,0.0
99,"['3HAD40', '3HAD60', '3HAD80', 'ACACT1r', 'ACACT2r', 'ACACT3r', '3OAR40', '3OAR60', '3OAR80', '3OAS60', '3OAS80', 'ACOAD1f', 'ACOAD2f', 'ACOAD3f', 'ACOATA', 'EAR40x', 'EAR60x', 'EAR80x', 'ECOAH1', 'ECOAH2', 'ECOAH3', 'FA80ACPHi', 'FACOAE80', 'FADRx2', 'HACD1', 'HACD2', 'HACD3', 'KAS15', 'MACPD']","[0.3321258819060322, 0.3321258819060322, 0.332125881906, -0.332125881906, -0.332125881906, -0.332125881906, 0.3321258819060322, 0.3321258819060322, 0.332125881906, 0.3321258819060322, 0.332125881906, 0.332125881906, 0.332125881906, 0.332125881906, 0.9963776457181219, 0.3321258819060322, 0.3321258819060322, 0.332125881906, -0.332125881906, -0.332125881906, -0.332125881906, 0.33212588190515047, -0.332125881906, -0.9963776457146418, -0.332125881906, -0.332125881906, -0.332125881906, 0.3321258819060322, -0.9963776457181219]","[0.3321258819060322, 0.3321258819060322, 0.332125881906, 0.332125881906, 0.332125881906, 0.332125881906, 0.3321258819060322, 0.3321258819060322, 0.332125881906, 0.3321258819060322, 0.332125881906, 0.332125881906, 0.332125881906, 0.332125881906, 0.9963776457181219, 0.3321258819060322, 0.3321258819060322, 0.332125881906, 0.332125881906, 0.332125881906, 0.332125881906, 0.33212588190515047, 0.332125881906, 0.9963776457146418, 0.332125881906, 0.332125881906, 0.332125881906, 0.3321258819060322, 0.9963776457181219]","['3HAD40', '3HAD60', '3HAD80', '3OAR40', '3OAR60', '3OAR80', '3OAS60', '3OAS80', 'EAR40x', 'EAR60x', 'EAR80x', 'FA80ACPHi', 'KAS15']","['ACACT1r', 'ACACT2r', 'ACACT3r', 'ACOAD1f', 'ACOAD2f', 'ACOAD3f', 'ACOATA', 'ECOAH1', 'ECOAH2', 'ECOAH3', 'FACOAE80', 'FADRx2', 'HACD1', 'HACD2', 'HACD3', 'MACPD']",[],ECOAH1,3OAS60,11.624405866710797,1,29,0,-5.0,-0.9963776457207665,iJO1366,PSL,True,False,-8.86501624095338,0.0,0.0025566226426219,-10.6104250518248
100,"['3HAD40', '3HAD60', '3HAD80', 'ACACT1r', 'ACACT2r', 'ACACT3r', '3OAR40', '3OAR60', '3OAR80', '3OAS60', '3OAS80', 'ACOAD1f', 'ACOAD2f', 'ACOAD3f', 'ACOATA', 'EAR40x', 'EAR60x', 'EAR80x', 'ECOAH1', 'ECOAH2', 'ECOAH3', 'FA80ACPHi', 'FACOAE80', 'FADRx2', 'HACD1', 'HACD2', 'HACD3', 'KAS15', 'MACPD']","[0.3321258819060322, 0.3321258819060322, 0.332125881906, -0.332125881906, -0.332125881906, -0.332125881906, 0.3321258819060322, 0.3321258819060322, 0.332125881906, 0.3321258819060322, 0.332125881906, 0.332125881906, 0.332125881906, 0.332125881906, 0.9963776457181219, 0.3321258819060322, 0.3321258819060322, 0.332125881906, -0.332125881906, -0.332125881906, -0.332125881906, 0.33212588190515047, -0.332125881906, -0.9963776457146418, -0.332125881906, -0.332125881906, -0.332125881906, 0.3321258819060322, -0.9963776457181219]","[0.3321258819060322, 0.3321258819060322, 0.332125881906, 0.332125881906, 0.332125881906, 0.332125881906, 0.3321258819060322, 0.3321258819060322, 0.332125881906, 0.3321258819060322, 0.332125881906, 0.332125881906, 0.332125881906, 0.332125881906, 0.9963776457181219, 0.3321258819060322, 0.3321258819060322, 0.332125881906, 0.332125881906, 0.332125881906, 0.332125881906, 0.33212588190515047, 0.332125881906, 0.9963776457146418, 0.332125881906, 0.332125881906, 0.332125881906, 0.3321258819060322, 0.9963776457181219]","['3HAD40', '3HAD60', '3HAD80', '3OAR40', '3OAR60', '3OAR80', '3OAS60', '3OAS80', 'EAR40x', 'EAR60x', 'EAR80x', 'FA80ACPHi', 'KAS15']","['ACACT1r', 'ACACT2r', 'ACACT3r', 'ACOAD1f', 'ACOAD2f', 'ACOAD3f', 'ACOATA', 'ECOAH1', 'ECOAH2', 'ECOAH3', 'FACOAE80', 'FADRx2', 'HACD1', 'HACD2', 'HACD3', 'MACPD']",[],ECOAH1,3OAS80,11.624405866710797,1,29,0,-5.0,-0.9963776457207665,iJO1366,PSL,True,False,-8.86501624095338,0.0,0.0025566226426219,0.0
101,"['3HAD100', '3HAD40', '3HAD60', '3HAD80', 'ACACT1r', 'ACACT2r', 'ACACT3r', 'ACACT4r', '3OAR100', '3OAR40', '3OAR60', '3OAR80', '3OAS100', '3OAS60', '3OAS80', 'ACOAD1f', 'ACOAD2f', 'ACOAD3f', 'ACOAD4f', 'ACOATA', 'EAR100x', 'EAR40x', 'EAR60x', 'EAR80x', 'ECOAH1', 'ECOAH2', 'ECOAH3', 'ECOAH4', 'FA100ACPHi', 'FACOAE100', 'FADRx2', 'HACD1', 'HACD2', 'HACD3', 'HACD4', 'KAS15', 'MACPD']","[0.332125881906042, 0.332125881906042, 0.332125881906042, 0.332125881906042, -0.3321258819060328, -0.3321258819060328, -0.3321258819060328, -0.3321258819060328, 0.332125881906042, 0.332125881906042, 0.332125881906042, 0.332125881906042, 0.332125881906042, 0.332125881906042, 0.332125881906042, 0.3321258819060328, 0.3321258819060328, 0.3321258819060328, 0.3321258819060328, 1.3285035276242407, 0.332125881906042, 0.332125881906042, 0.332125881906042, 0.332125881906042, -0.3321258819060328, -0.3321258819060328, -0.3321258819060328, -0.3321258819060328, 0.3321258819057089, -0.3321258819060328, -1.3285035276278068, -0.3321258819060328, -0.3321258819060328, -0.3321258819060328, -0.3321258819060328, 0.332125881906042, -1.3285035276242407]","[0.332125881906042, 0.332125881906042, 0.332125881906042, 0.332125881906042, 0.3321258819060328, 0.3321258819060328, 0.3321258819060328, 0.3321258819060328, 0.332125881906042, 0.332125881906042, 0.332125881906042, 0.332125881906042, 0.332125881906042, 0.332125881906042, 0.332125881906042, 0.3321258819060328, 0.3321258819060328, 0.3321258819060328, 0.3321258819060328, 1.3285035276242407, 0.332125881906042, 0.332125881906042, 0.332125881906042, 0.332125881906042, 0.3321258819060328, 0.3321258819060328, 0.3321258819060328, 0.3321258819060328, 0.3321258819057089, 0.3321258819060328, 1.3285035276278068, 0.3321258819060328, 0.3321258819060328, 0.3321258819060328, 0.3321258819060328, 0.332125881906042, 1.3285035276242407]","['3HAD100', '3HAD40', '3HAD60', '3HAD80', '3OAR100', '3OAR40', '3OAR60', '3OAR80', '3OAS100', '3OAS60', '3OAS80', 'EAR100x', 'EAR40x', 'EAR60x', 'EAR80x', 'FA100ACPHi', 'KAS15']","['ACACT1r', 'ACACT2r', 'ACACT3r', 'ACACT4r', 'ACOAD1f', 'ACOAD2f', 'ACOAD3f', 'ACOAD4f', 'ACOATA', 'ECOAH1', 'ECOAH2', 'ECOAH3', 'ECOAH4', 'FACOAE100', 'FADRx2', 'HACD1', 'HACD2', 'HACD3', 'HACD4', 'MACPD']",[],ECOAH2,3HAD100,15.27779056767757,1,37,0,-7.0,-1.3285035276202786,iJO1366,PSL,True,False,-8.86501624095338,0.0,0.0,0.0
102,"['3HAD40', '3HAD60', '3HAD80', 'ACACT1r', 'ACACT2r', 'ACACT3r', '3OAR40', '3OAR60', '3OAR80', '3OAS60', '3OAS80', 'ACOAD1f', 'ACOAD2f', 'ACOAD3f', 'ACOATA', 'EAR40x', 'EAR60x', 'EAR80x', 'ECOAH1', 'ECOAH2', 'ECOAH3', 'FA80ACPHi', 'FACOAE80', 'FADRx2', 'HACD1', 'HACD2', 'HACD3', 'KAS15', 'MACPD']","[0.332125881905984, 0.332125881905984, 0.33212588190598413, -0.332125881906, -0.332125881906, -0.332125881906, 0.332125881905984, 0.332125881905984, 0.33212588190598413, 0.332125881905984, 0.33212588190598413, 0.332125881906, 0.332125881906, 0.332125881906, 0.9963776457179081, 0.332125881905984, 0.332125881905984, 0.33212588190598413, -0.332125881906, -0.332125881906, -0.332125881906, 0.332125881906, -0.332125881906, -0.9963776457180094, -0.332125881906, -0.332125881906, -0.332125881906, 0.332125881905984, -0.9963776457179081]","[0.332125881905984, 0.332125881905984, 0.33212588190598413, 0.332125881906, 0.332125881906, 0.332125881906, 0.332125881905984, 0.332125881905984, 0.33212588190598413, 0.332125881905984, 0.33212588190598413, 0.332125881906, 0.332125881906, 0.332125881906, 0.9963776457179081, 0.332125881905984, 0.332125881905984, 0.33212588190598413, 0.332125881906, 0.332125881906, 0.332125881906, 0.332125881906, 0.332125881906, 0.9963776457180094, 0.332125881906, 0.332125881906, 0.332125881906, 0.332125881905984, 0.9963776457179081]","['3HAD40', '3HAD60', '3HAD80', '3OAR40', '3OAR60', '3OAR80', '3OAS60', '3OAS80', 'EAR40x', 'EAR60x', 'EAR80x', 'FA80ACPHi', 'KAS15']","['ACACT1r', 'ACACT2r', 'ACACT3r', 'ACOAD1f', 'ACOAD2f', 'ACOAD3f', 'ACOATA', 'ECOAH1', 'ECOAH2', 'ECOAH3', 'FACOAE80', 'HACD1', 'HACD2', 'HACD3', 'MACPD']",['FADRx2'],ECOAH2,3HAD40,11.624405866709855,1,29,1,-5.0,-0.9963776457177995,iJO1366,PSL,True,False,-8.86501624095338,0.0,0.0,0.0
103,"['3HAD40', '3HAD60', '3HAD80', 'ACACT1r', 'ACACT2r', 'ACACT3r', '3OAR40', '3OAR60', '3OAR80', '3OAS60', '3OAS80', 'ACOAD1f', 'ACOAD2f', 'ACOAD3f', 'ACOATA', 'EAR40x', 'EAR60x', 'EAR80x', 'ECOAH1', 'ECOAH2', 'ECOAH3', 'FA80ACPHi', 'FACOAE80', 'FADRx2', 'HACD1', 'HACD2', 'HACD3', 'KAS15', 'MACPD']","[0.332125881905984, 0.332125881905984, 0.33212588190598413, -0.332125881906, -0.332125881906, -0.332125881906, 0.332125881905984, 0.332125881905984, 0.33212588190598413, 0.332125881905984, 0.33212588190598413, 0.332125881906, 0.332125881906, 0.332125881906, 0.9963776457179081, 0.332125881905984, 0.332125881905984, 0.33212588190598413, -0.332125881906, -0.332125881906, -0.332125881906, 0.332125881906, -0.332125881906, -0.9963776457180094, -0.332125881906, -0.332125881906, -0.332125881906, 0.332125881905984, -0.9963776457179081]","[0.332125881905984, 0.332125881905984, 0.33212588190598413, 0.332125881906, 0.332125881906, 0.332125881906, 0.332125881905984, 0.332125881905984, 0.33212588190598413, 0.332125881905984, 0.33212588190598413, 0.332125881906, 0.332125881906, 0.332125881906, 0.9963776457179081, 0.332125881905984, 0.332125881905984, 0.33212588190598413, 0.332125881906, 0.332125881906, 0.332125881906, 0.332125881906, 0.332125881906, 0.9963776457180094, 0.332125881906, 0.332125881906, 0.332125881906, 0.332125881905984, 0.9963776457179081]","['3HAD40', '3HAD60', '3HAD80', '3OAR40', '3OAR60', '3OAR80', '3OAS60', '3OAS80', 'EAR40x', 'EAR60x', 'EAR80x', 'FA80ACPHi', 'KAS15']","['ACACT1r', 'ACACT2r', 'ACACT3r', 'ACOAD1f', 'ACOAD2f', 'ACOAD3f', 'ACOATA', 'ECOAH1', 'ECOAH2', 'ECOAH3', 'FACOAE80', 'HACD1', 'HACD2', 'HACD3', 'MACPD']",['FADRx2'],ECOAH2,3HAD60,11.624405866709855,1,29,1,-5.0,-0.9963776457177995,iJO1366,PSL,True,False,-8.86501624095338,0.0,0.0,0.0
104,"['3HAD40', '3HAD60', '3HAD80', 'ACACT1r', 'ACACT2r', 'ACACT3r', '3OAR40', '3OAR60', '3OAR80', '3OAS60', '3OAS80', 'ACOAD1f', 'ACOAD2f', 'ACOAD3f', 'ACOATA', 'EAR40x', 'EAR60x', 'EAR80x', 'ECOAH1', 'ECOAH2', 'ECOAH3', 'FA80ACPHi', 'FACOAE80', 'FADRx2', 'HACD1', 'HACD2', 'HACD3', 'KAS15', 'MACPD']","[0.332125881905984, 0.332125881905984, 0.33212588190598413, -0.332125881906, -0.332125881906, -0.332125881906, 0.332125881905984, 0.332125881905984, 0.33212588190598413, 0.332125881905984, 0.33212588190598413, 0.332125881906, 0.332125881906, 0.332125881906, 0.9963776457179081, 0.332125881905984, 0.332125881905984, 0.33212588190598413, -0.332125881906, -0.332125881906, -0.332125881906, 0.332125881906, -0.332125881906, -0.9963776457180094, -0.332125881906, -0.332125881906, -0.332125881906, 0.332125881905984, -0.9963776457179081]","[0.332125881905984, 0.332125881905984, 0.33212588190598413, 0.332125881906, 0.332125881906, 0.332125881906, 0.332125881905984, 0.332125881905984, 0.33212588190598413, 0.332125881905984, 0.33212588190598413, 0.332125881906, 0.332125881906, 0.332125881906, 0.9963776457179081, 0.332125881905984, 0.332125881905984, 0.33212588190598413, 0.332125881906, 0.332125881906, 0.332125881906, 0.332125881906, 0.332125881906, 0.9963776457180094, 0.332125881906, 0.332125881906, 0.332125881906, 0.332125881905984, 0.9963776457179081]","['3HAD40', '3HAD60', '3HAD80', '3OAR40', '3OAR60', '3OAR80', '3OAS60', '3OAS80', 'EAR40x', 'EAR60x', 'EAR80x', 'FA80ACPHi', 'KAS15']","['ACACT1r', 'ACACT2r', 'ACACT3r', 'ACOAD1f', 'ACOAD2f', 'ACOAD3f', 'ACOATA', 'ECOAH1', 'ECOAH2', 'ECOAH3', 'FACOAE80', 'HACD1', 'HACD2', 'HACD3', 'MACPD']",['FADRx2'],ECOAH2,3HAD80,11.624405866709855,1,29,1,-5.0,-0.9963776457177995,iJO1366,PSL,True,False,-8.86501624095338,0.0,0.0,0.0
105,"['3HAD100', '3HAD40', '3HAD60', '3HAD80', 'ACACT1r', 'ACACT2r', 'ACACT3r', 'ACACT4r', '3OAR100', '3OAR40', '3OAR60', '3OAR80', '3OAS100', '3OAS60', '3OAS80', 'ACOAD1f', 'ACOAD2f', 'ACOAD3f', 'ACOAD4f', 'ACOATA', 'EAR100x', 'EAR40x', 'EAR60x', 'EAR80x', 'ECOAH1', 'ECOAH2', 'ECOAH3', 'ECOAH4', 'FA100ACPHi', 'FACOAE100', 'FADRx2', 'HACD1', 'HACD2', 'HACD3', 'HACD4', 'KAS15', 'MACPD']","[0.332125881906042, 0.332125881906042, 0.332125881906042, 0.332125881906042, -0.3321258819060328, -0.3321258819060328, -0.3321258819060328, -0.3321258819060328, 0.332125881906042, 0.332125881906042, 0.332125881906042, 0.332125881906042, 0.332125881906042, 0.332125881906042, 0.332125881906042, 0.3321258819060328, 0.3321258819060328, 0.3321258819060328, 0.3321258819060328, 1.3285035276242407, 0.332125881906042, 0.332125881906042, 0.332125881906042, 0.332125881906042, -0.3321258819060328, -0.3321258819060328, -0.3321258819060328, -0.3321258819060328, 0.3321258819057089, -0.3321258819060328, -1.3285035276278068, -0.3321258819060328, -0.3321258819060328, -0.3321258819060328, -0.3321258819060328, 0.332125881906042, -1.3285035276242407]","[0.332125881906042, 0.332125881906042, 0.332125881906042, 0.332125881906042, 0.3321258819060328, 0.3321258819060328, 0.3321258819060328, 0.3321258819060328, 0.332125881906042, 0.332125881906042, 0.332125881906042, 0.332125881906042, 0.332125881906042, 0.332125881906042, 0.332125881906042, 0.3321258819060328, 0.3321258819060328, 0.3321258819060328, 0.3321258819060328, 1.3285035276242407, 0.332125881906042, 0.332125881906042, 0.332125881906042, 0.332125881906042, 0.3321258819060328, 0.3321258819060328, 0.3321258819060328, 0.3321258819060328, 0.3321258819057089, 0.3321258819060328, 1.3285035276278068, 0.3321258819060328, 0.3321258819060328, 0.3321258819060328, 0.3321258819060328, 0.332125881906042, 1.3285035276242407]","['3HAD100', '3HAD40', '3HAD60', '3HAD80', '3OAR100', '3OAR40', '3OAR60', '3OAR80', '3OAS100', '3OAS60', '3OAS80', 'EAR100x', 'EAR40x', 'EAR60x', 'EAR80x', 'FA100ACPHi', 'KAS15']","['ACACT1r', 'ACACT2r', 'ACACT3r', 'ACACT4r', 'ACOAD1f', 'ACOAD2f', 'ACOAD3f', 'ACOAD4f', 'ACOATA', 'ECOAH1', 'ECOAH2', 'ECOAH3', 'ECOAH4', 'FACOAE100', 'FADRx2', 'HACD1', 'HACD2', 'HACD3', 'HACD4', 'MACPD']",[],ECOAH2,3OAR100,15.27779056767757,1,37,0,-7.0,-1.3285035276202786,iJO1366,PSL,True,False,-8.86501624095338,0.0,0.0,0.0
106,"['3HAD40', '3HAD60', '3HAD80', 'ACACT1r', 'ACACT2r', 'ACACT3r', '3OAR40', '3OAR60', '3OAR80', '3OAS60', '3OAS80', 'ACOAD1f', 'ACOAD2f', 'ACOAD3f', 'ACOATA', 'EAR40x', 'EAR60x', 'EAR80x', 'ECOAH1', 'ECOAH2', 'ECOAH3', 'FA80ACPHi', 'FACOAE80', 'FADRx2', 'HACD1', 'HACD2', 'HACD3', 'KAS15', 'MACPD']","[0.332125881905984, 0.332125881905984, 0.33212588190598413, -0.332125881906, -0.332125881906, -0.332125881906, 0.332125881905984, 0.332125881905984, 0.33212588190598413, 0.332125881905984, 0.33212588190598413, 0.332125881906, 0.332125881906, 0.332125881906, 0.9963776457179081, 0.332125881905984, 0.332125881905984, 0.33212588190598413, -0.332125881906, -0.332125881906, -0.332125881906, 0.332125881906, -0.332125881906, -0.9963776457180094, -0.332125881906, -0.332125881906, -0.332125881906, 0.332125881905984, -0.9963776457179081]","[0.332125881905984, 0.332125881905984, 0.33212588190598413, 0.332125881906, 0.332125881906, 0.332125881906, 0.332125881905984, 0.332125881905984, 0.33212588190598413, 0.332125881905984, 0.33212588190598413, 0.332125881906, 0.332125881906, 0.332125881906, 0.9963776457179081, 0.332125881905984, 0.332125881905984, 0.33212588190598413, 0.332125881906, 0.332125881906, 0.332125881906, 0.332125881906, 0.332125881906, 0.9963776457180094, 0.332125881906, 0.332125881906, 0.332125881906, 0.332125881905984, 0.9963776457179081]","['3HAD40', '3HAD60', '3HAD80', '3OAR40', '3OAR60', '3OAR80', '3OAS60', '3OAS80', 'EAR40x', 'EAR60x', 'EAR80x', 'FA80ACPHi', 'KAS15']","['ACACT1r', 'ACACT2r', 'ACACT3r', 'ACOAD1f', 'ACOAD2f', 'ACOAD3f', 'ACOATA', 'ECOAH1', 'ECOAH2', 'ECOAH3', 'FACOAE80', 'HACD1', 'HACD2', 'HACD3', 'MACPD']",['FADRx2'],ECOAH2,3OAR40,11.624405866709855,1,29,1,-5.0,-0.9963776457177995,iJO1366,PSL,True,False,-8.86501624095338,0.0,0.0,0.0
107,"['3HAD40', '3HAD60', '3HAD80', 'ACACT1r', 'ACACT2r', 'ACACT3r', '3OAR40', '3OAR60', '3OAR80', '3OAS60', '3OAS80', 'ACOAD1f', 'ACOAD2f', 'ACOAD3f', 'ACOATA', 'EAR40x', 'EAR60x', 'EAR80x', 'ECOAH1', 'ECOAH2', 'ECOAH3', 'FA80ACPHi', 'FACOAE80', 'FADRx2', 'HACD1', 'HACD2', 'HACD3', 'KAS15', 'MACPD']","[0.332125881905984, 0.332125881905984, 0.33212588190598413, -0.332125881906, -0.332125881906, -0.332125881906, 0.332125881905984, 0.332125881905984, 0.33212588190598413, 0.332125881905984, 0.33212588190598413, 0.332125881906, 0.332125881906, 0.332125881906, 0.9963776457179081, 0.332125881905984, 0.332125881905984, 0.33212588190598413, -0.332125881906, -0.332125881906, -0.332125881906, 0.332125881906, -0.332125881906, -0.9963776457180094, -0.332125881906, -0.332125881906, -0.332125881906, 0.332125881905984, -0.9963776457179081]","[0.332125881905984, 0.332125881905984, 0.33212588190598413, 0.332125881906, 0.332125881906, 0.332125881906, 0.332125881905984, 0.332125881905984, 0.33212588190598413, 0.332125881905984, 0.33212588190598413, 0.332125881906, 0.332125881906, 0.332125881906, 0.9963776457179081, 0.332125881905984, 0.332125881905984, 0.33212588190598413, 0.332125881906, 0.332125881906, 0.332125881906, 0.332125881906, 0.332125881906, 0.9963776457180094, 0.332125881906, 0.332125881906, 0.332125881906, 0.332125881905984, 0.9963776457179081]","['3HAD40', '3HAD60', '3HAD80', '3OAR40', '3OAR60', '3OAR80', '3OAS60', '3OAS80', 'EAR40x', 'EAR60x', 'EAR80x', 'FA80ACPHi', 'KAS15']","['ACACT1r', 'ACACT2r', 'ACACT3r', 'ACOAD1f', 'ACOAD2f', 'ACOAD3f', 'ACOATA', 'ECOAH1', 'ECOAH2', 'ECOAH3', 'FACOAE80', 'HACD1', 'HACD2', 'HACD3', 'MACPD']",['FADRx2'],ECOAH2,3OAR60,11.624405866709855,1,29,1,-5.0,-0.9963776457177995,iJO1366,PSL,True,False,-8.86501624095338,0.0,0.0,0.0
108,"['3HAD40', '3HAD60', '3HAD80', 'ACACT1r', 'ACACT2r', 'ACACT3r', '3OAR40', '3OAR60', '3OAR80', '3OAS60', '3OAS80', 'ACOAD1f', 'ACOAD2f', 'ACOAD3f', 'ACOATA', 'EAR40x', 'EAR60x', 'EAR80x', 'ECOAH1', 'ECOAH2', 'ECOAH3', 'FA80ACPHi', 'FACOAE80', 'FADRx2', 'HACD1', 'HACD2', 'HACD3', 'KAS15', 'MACPD']","[0.332125881905984, 0.332125881905984, 0.33212588190598413, -0.332125881906, -0.332125881906, -0.332125881906, 0.332125881905984, 0.332125881905984, 0.33212588190598413, 0.332125881905984, 0.33212588190598413, 0.332125881906, 0.332125881906, 0.332125881906, 0.9963776457179081, 0.332125881905984, 0.332125881905984, 0.33212588190598413, -0.332125881906, -0.332125881906, -0.332125881906, 0.332125881906, -0.332125881906, -0.9963776457180094, -0.332125881906, -0.332125881906, -0.332125881906, 0.332125881905984, -0.9963776457179081]","[0.332125881905984, 0.332125881905984, 0.33212588190598413, 0.332125881906, 0.332125881906, 0.332125881906, 0.332125881905984, 0.332125881905984, 0.33212588190598413, 0.332125881905984, 0.33212588190598413, 0.332125881906, 0.332125881906, 0.332125881906, 0.9963776457179081, 0.332125881905984, 0.332125881905984, 0.33212588190598413, 0.332125881906, 0.332125881906, 0.332125881906, 0.332125881906, 0.332125881906, 0.9963776457180094, 0.332125881906, 0.332125881906, 0.332125881906, 0.332125881905984, 0.9963776457179081]","['3HAD40', '3HAD60', '3HAD80', '3OAR40', '3OAR60', '3OAR80', '3OAS60', '3OAS80', 'EAR40x', 'EAR60x', 'EAR80x', 'FA80ACPHi', 'KAS15']","['ACACT1r', 'ACACT2r', 'ACACT3r', 'ACOAD1f', 'ACOAD2f', 'ACOAD3f', 'ACOATA', 'ECOAH1', 'ECOAH2', 'ECOAH3', 'FACOAE80', 'HACD1', 'HACD2', 'HACD3', 'MACPD']",['FADRx2'],ECOAH2,3OAR80,11.624405866709855,1,29,1,-5.0,-0.9963776457177995,iJO1366,PSL,True,False,-8.86501624095338,0.0,0.0,0.0
109,"['3HAD100', '3HAD40', '3HAD60', '3HAD80', 'ACACT1r', 'ACACT2r', 'ACACT3r', 'ACACT4r', '3OAR100', '3OAR40', '3OAR60', '3OAR80', '3OAS100', '3OAS60', '3OAS80', 'ACOAD1f', 'ACOAD2f', 'ACOAD3f', 'ACOAD4f', 'ACOATA', 'EAR100x', 'EAR40x', 'EAR60x', 'EAR80x', 'ECOAH1', 'ECOAH2', 'ECOAH3', 'ECOAH4', 'FA100ACPHi', 'FACOAE100', 'FADRx2', 'HACD1', 'HACD2', 'HACD3', 'HACD4', 'KAS15', 'MACPD']","[0.332125881906042, 0.332125881906042, 0.332125881906042, 0.332125881906042, -0.3321258819060328, -0.3321258819060328, -0.3321258819060328, -0.3321258819060328, 0.332125881906042, 0.332125881906042, 0.332125881906042, 0.332125881906042, 0.332125881906042, 0.332125881906042, 0.332125881906042, 0.3321258819060328, 0.3321258819060328, 0.3321258819060328, 0.3321258819060328, 1.3285035276242407, 0.332125881906042, 0.332125881906042, 0.332125881906042, 0.332125881906042, -0.3321258819060328, -0.3321258819060328, -0.3321258819060328, -0.3321258819060328, 0.3321258819057089, -0.3321258819060328, -1.3285035276278068, -0.3321258819060328, -0.3321258819060328, -0.3321258819060328, -0.3321258819060328, 0.332125881906042, -1.3285035276242407]","[0.332125881906042, 0.332125881906042, 0.332125881906042, 0.332125881906042, 0.3321258819060328, 0.3321258819060328, 0.3321258819060328, 0.3321258819060328, 0.332125881906042, 0.332125881906042, 0.332125881906042, 0.332125881906042, 0.332125881906042, 0.332125881906042, 0.332125881906042, 0.3321258819060328, 0.3321258819060328, 0.3321258819060328, 0.3321258819060328, 1.3285035276242407, 0.332125881906042, 0.332125881906042, 0.332125881906042, 0.332125881906042, 0.3321258819060328, 0.3321258819060328, 0.3321258819060328, 0.3321258819060328, 0.3321258819057089, 0.3321258819060328, 1.3285035276278068, 0.3321258819060328, 0.3321258819060328, 0.3321258819060328, 0.3321258819060328, 0.332125881906042, 1.3285035276242407]","['3HAD100', '3HAD40', '3HAD60', '3HAD80', '3OAR100', '3OAR40', '3OAR60', '3OAR80', '3OAS100', '3OAS60', '3OAS80', 'EAR100x', 'EAR40x', 'EAR60x', 'EAR80x', 'FA100ACPHi', 'KAS15']","['ACACT1r', 'ACACT2r', 'ACACT3r', 'ACACT4r', 'ACOAD1f', 'ACOAD2f', 'ACOAD3f', 'ACOAD4f', 'ACOATA', 'ECOAH1', 'ECOAH2', 'ECOAH3', 'ECOAH4', 'FACOAE100', 'FADRx2', 'HACD1', 'HACD2', 'HACD3', 'HACD4', 'MACPD']",[],ECOAH2,3OAS100,15.27779056767757,1,37,0,-7.0,-1.3285035276202786,iJO1366,PSL,True,False,-8.86501624095338,0.0,0.0,0.0
110,"['3HAD40', '3HAD60', '3HAD80', 'ACACT1r', 'ACACT2r', 'ACACT3r', '3OAR40', '3OAR60', '3OAR80', '3OAS60', '3OAS80', 'ACOAD1f', 'ACOAD2f', 'ACOAD3f', 'ACOATA', 'EAR40x', 'EAR60x', 'EAR80x', 'ECOAH1', 'ECOAH2', 'ECOAH3', 'FA80ACPHi', 'FACOAE80', 'FADRx2', 'HACD1', 'HACD2', 'HACD3', 'KAS15', 'MACPD']","[0.332125881905984, 0.332125881905984, 0.33212588190598413, -0.332125881906, -0.332125881906, -0.332125881906, 0.332125881905984, 0.332125881905984, 0.33212588190598413, 0.332125881905984, 0.33212588190598413, 0.332125881906, 0.332125881906, 0.332125881906, 0.9963776457179081, 0.332125881905984, 0.332125881905984, 0.33212588190598413, -0.332125881906, -0.332125881906, -0.332125881906, 0.332125881906, -0.332125881906, -0.9963776457180094, -0.332125881906, -0.332125881906, -0.332125881906, 0.332125881905984, -0.9963776457179081]","[0.332125881905984, 0.332125881905984, 0.33212588190598413, 0.332125881906, 0.332125881906, 0.332125881906, 0.332125881905984, 0.332125881905984, 0.33212588190598413, 0.332125881905984, 0.33212588190598413, 0.332125881906, 0.332125881906, 0.332125881906, 0.9963776457179081, 0.332125881905984, 0.332125881905984, 0.33212588190598413, 0.332125881906, 0.332125881906, 0.332125881906, 0.332125881906, 0.332125881906, 0.9963776457180094, 0.332125881906, 0.332125881906, 0.332125881906, 0.332125881905984, 0.9963776457179081]","['3HAD40', '3HAD60', '3HAD80', '3OAR40', '3OAR60', '3OAR80', '3OAS60', '3OAS80', 'EAR40x', 'EAR60x', 'EAR80x', 'FA80ACPHi', 'KAS15']","['ACACT1r', 'ACACT2r', 'ACACT3r', 'ACOAD1f', 'ACOAD2f', 'ACOAD3f', 'ACOATA', 'ECOAH1', 'ECOAH2', 'ECOAH3', 'FACOAE80', 'HACD1', 'HACD2', 'HACD3', 'MACPD']",['FADRx2'],ECOAH2,3OAS60,11.624405866709855,1,29,1,-5.0,-0.9963776457177995,iJO1366,PSL,True,False,-8.86501624095338,0.0,0.0,-10.6104250518248
111,"['3HAD40', '3HAD60', '3HAD80', 'ACACT1r', 'ACACT2r', 'ACACT3r', '3OAR40', '3OAR60', '3OAR80', '3OAS60', '3OAS80', 'ACOAD1f', 'ACOAD2f', 'ACOAD3f', 'ACOATA', 'EAR40x', 'EAR60x', 'EAR80x', 'ECOAH1', 'ECOAH2', 'ECOAH3', 'FA80ACPHi', 'FACOAE80', 'FADRx2', 'HACD1', 'HACD2', 'HACD3', 'KAS15', 'MACPD']","[0.332125881905984, 0.332125881905984, 0.33212588190598413, -0.332125881906, -0.332125881906, -0.332125881906, 0.332125881905984, 0.332125881905984, 0.33212588190598413, 0.332125881905984, 0.33212588190598413, 0.332125881906, 0.332125881906, 0.332125881906, 0.9963776457179081, 0.332125881905984, 0.332125881905984, 0.33212588190598413, -0.332125881906, -0.332125881906, -0.332125881906, 0.332125881906, -0.332125881906, -0.9963776457180094, -0.332125881906, -0.332125881906, -0.332125881906, 0.332125881905984, -0.9963776457179081]","[0.332125881905984, 0.332125881905984, 0.33212588190598413, 0.332125881906, 0.332125881906, 0.332125881906, 0.332125881905984, 0.332125881905984, 0.33212588190598413, 0.332125881905984, 0.33212588190598413, 0.332125881906, 0.332125881906, 0.332125881906, 0.9963776457179081, 0.332125881905984, 0.332125881905984, 0.33212588190598413, 0.332125881906, 0.332125881906, 0.332125881906, 0.332125881906, 0.332125881906, 0.9963776457180094, 0.332125881906, 0.332125881906, 0.332125881906, 0.332125881905984, 0.9963776457179081]","['3HAD40', '3HAD60', '3HAD80', '3OAR40', '3OAR60', '3OAR80', '3OAS60', '3OAS80', 'EAR40x', 'EAR60x', 'EAR80x', 'FA80ACPHi', 'KAS15']","['ACACT1r', 'ACACT2r', 'ACACT3r', 'ACOAD1f', 'ACOAD2f', 'ACOAD3f', 'ACOATA', 'ECOAH1', 'ECOAH2', 'ECOAH3', 'FACOAE80', 'HACD1', 'HACD2', 'HACD3', 'MACPD']",['FADRx2'],ECOAH2,3OAS80,11.624405866709855,1,29,1,-5.0,-0.9963776457177995,iJO1366,PSL,True,False,-8.86501624095338,0.0,0.0,0.0
112,"['3HAD100', '3HAD40', '3HAD60', '3HAD80', 'ACACT1r', 'ACACT2r', 'ACACT3r', 'ACACT4r', '3OAR100', '3OAR40', '3OAR60', '3OAR80', '3OAS100', '3OAS60', '3OAS80', 'ACOAD1f', 'ACOAD2f', 'ACOAD3f', 'ACOAD4f', 'ACOATA', 'EAR100x', 'EAR40x', 'EAR60x', 'EAR80x', 'ECOAH1', 'ECOAH2', 'ECOAH3', 'ECOAH4', 'FA100ACPHi', 'FACOAE100', 'FADRx2', 'HACD1', 'HACD2', 'HACD3', 'HACD4', 'KAS15', 'MACPD']","[0.3321258819056123, 0.33212588190561254, 0.33212588190561254, 0.3321258819056123, -0.3321258819059949, -0.3321258819059949, -0.3321258819059949, -0.3321258819059949, 0.33212588190565384, 0.33212588190565384, 0.33212588190565384, 0.33212588190565384, 0.3321258819056123, 0.33212588190561254, 0.3321258819056123, 0.3321258819059949, 0.3321258819059949, 0.3321258819059949, 0.3321258819059949, 1.3285035276215922, 0.3321258819056123, 0.33212588190561254, 0.33212588190561254, 0.3321258819056123, -0.3321258819059949, -0.3321258819059949, -0.3321258819059949, -0.3321258819059949, 0.332125881905918, -0.332125881905918, -1.328503527621871, -0.3321258819059949, -0.3321258819059949, -0.3321258819059949, -0.3321258819059949, 0.33212588190561254, -1.3285035276216173]","[0.3321258819056123, 0.33212588190561254, 0.33212588190561254, 0.3321258819056123, 0.3321258819059949, 0.3321258819059949, 0.3321258819059949, 0.3321258819059949, 0.33212588190565384, 0.33212588190565384, 0.33212588190565384, 0.33212588190565384, 0.3321258819056123, 0.33212588190561254, 0.3321258819056123, 0.3321258819059949, 0.3321258819059949, 0.3321258819059949, 0.3321258819059949, 1.3285035276215922, 0.3321258819056123, 0.33212588190561254, 0.33212588190561254, 0.3321258819056123, 0.3321258819059949, 0.3321258819059949, 0.3321258819059949, 0.3321258819059949, 0.332125881905918, 0.332125881905918, 1.328503527621871, 0.3321258819059949, 0.3321258819059949, 0.3321258819059949, 0.3321258819059949, 0.33212588190561254, 1.3285035276216173]","['3HAD100', '3HAD40', '3HAD60', '3HAD80', '3OAR100', '3OAR40', '3OAR60', '3OAR80', '3OAS100', '3OAS60', '3OAS80', 'EAR100x', 'EAR40x', 'EAR60x', 'EAR80x', 'FA100ACPHi', 'KAS15']","['ACACT1r', 'ACACT2r', 'ACACT3r', 'ACACT4r', 'ACOAD1f', 'ACOAD2f', 'ACOAD3f', 'ACOAD4f', 'ACOATA', 'ECOAH1', 'ECOAH2', 'ECOAH3', 'ECOAH4', 'FACOAE100', 'FADRx2', 'HACD1', 'HACD2', 'HACD3', 'HACD4', 'MACPD']",[],ECOAH3,3HAD100,15.277790567664125,1,37,0,-7.0,-1.3285035276201096,iJO1366,PSL,True,False,-8.86501624095366,0.0,0.0,0.0
113,"['3HAD40', '3HAD60', '3HAD80', 'ACACT1r', 'ACACT2r', 'ACACT3r', '3OAR40', '3OAR60', '3OAR80', '3OAS60', '3OAS80', 'ACOAD1f', 'ACOAD2f', 'ACOAD3f', 'ACOATA', 'EAR40x', 'EAR60x', 'EAR80x', 'ECOAH1', 'ECOAH2', 'ECOAH3', 'FA80ACPHi', 'FACOAE80', 'FADRx2', 'HACD1', 'HACD2', 'HACD3', 'KAS15', 'MACPD']","[0.3321258819057938, 0.3321258819057938, 0.3321258819057902, -0.33212588190550935, -0.33212588190550935, -0.33212588190550935, 0.3321258819057938, 0.3321258819057938, 0.3321258819057902, 0.3321258819057938, 0.3321258819057902, 0.33212588190550935, 0.33212588190550935, 0.33212588190550935, 0.9963776457182296, 0.3321258819057938, 0.3321258819057938, 0.3321258819057902, -0.33212588190550935, -0.33212588190550935, -0.33212588190550935, 0.3321258819057902, -0.3321258819057902, -0.9963776457159647, -0.33212588190550935, -0.33212588190550935, -0.33212588190550935, 0.3321258819057938, -0.9963776457182296]","[0.3321258819057938, 0.3321258819057938, 0.3321258819057902, 0.33212588190550935, 0.33212588190550935, 0.33212588190550935, 0.3321258819057938, 0.3321258819057938, 0.3321258819057902, 0.3321258819057938, 0.3321258819057902, 0.33212588190550935, 0.33212588190550935, 0.33212588190550935, 0.9963776457182296, 0.3321258819057938, 0.3321258819057938, 0.3321258819057902, 0.33212588190550935, 0.33212588190550935, 0.33212588190550935, 0.3321258819057902, 0.3321258819057902, 0.9963776457159647, 0.33212588190550935, 0.33212588190550935, 0.33212588190550935, 0.3321258819057938, 0.9963776457182296]","['3HAD40', '3HAD60', '3HAD80', '3OAR40', '3OAR60', '3OAR80', '3OAS60', '3OAS80', 'EAR40x', 'EAR60x', 'EAR80x', 'FA80ACPHi', 'KAS15']","['ACACT1r', 'ACACT2r', 'ACACT3r', 'ACOAD1f', 'ACOAD2f', 'ACOAD3f', 'ACOATA', 'ECOAH1', 'ECOAH2', 'ECOAH3', 'FACOAE80', 'FADRx2', 'HACD1', 'HACD2', 'HACD3', 'MACPD']",[],ECOAH3,3HAD40,11.624405866695456,1,29,0,-5.0,-0.99637764572049,iJO1366,PSL,True,False,-8.86501624095366,0.0,0.0,0.0
114,"['3HAD40', '3HAD60', '3HAD80', 'ACACT1r', 'ACACT2r', 'ACACT3r', '3OAR40', '3OAR60', '3OAR80', '3OAS60', '3OAS80', 'ACOAD1f', 'ACOAD2f', 'ACOAD3f', 'ACOATA', 'EAR40x', 'EAR60x', 'EAR80x', 'ECOAH1', 'ECOAH2', 'ECOAH3', 'FA80ACPHi', 'FACOAE80', 'FADRx2', 'HACD1', 'HACD2', 'HACD3', 'KAS15', 'MACPD']","[0.3321258819057938, 0.3321258819057938, 0.3321258819057902, -0.33212588190550935, -0.33212588190550935, -0.33212588190550935, 0.3321258819057938, 0.3321258819057938, 0.3321258819057902, 0.3321258819057938, 0.3321258819057902, 0.33212588190550935, 0.33212588190550935, 0.33212588190550935, 0.9963776457182296, 0.3321258819057938, 0.3321258819057938, 0.3321258819057902, -0.33212588190550935, -0.33212588190550935, -0.33212588190550935, 0.3321258819057902, -0.3321258819057902, -0.9963776457159647, -0.33212588190550935, -0.33212588190550935, -0.33212588190550935, 0.3321258819057938, -0.9963776457182296]","[0.3321258819057938, 0.3321258819057938, 0.3321258819057902, 0.33212588190550935, 0.33212588190550935, 0.33212588190550935, 0.3321258819057938, 0.3321258819057938, 0.3321258819057902, 0.3321258819057938, 0.3321258819057902, 0.33212588190550935, 0.33212588190550935, 0.33212588190550935, 0.9963776457182296, 0.3321258819057938, 0.3321258819057938, 0.3321258819057902, 0.33212588190550935, 0.33212588190550935, 0.33212588190550935, 0.3321258819057902, 0.3321258819057902, 0.9963776457159647, 0.33212588190550935, 0.33212588190550935, 0.33212588190550935, 0.3321258819057938, 0.9963776457182296]","['3HAD40', '3HAD60', '3HAD80', '3OAR40', '3OAR60', '3OAR80', '3OAS60', '3OAS80', 'EAR40x', 'EAR60x', 'EAR80x', 'FA80ACPHi', 'KAS15']","['ACACT1r', 'ACACT2r', 'ACACT3r', 'ACOAD1f', 'ACOAD2f', 'ACOAD3f', 'ACOATA', 'ECOAH1', 'ECOAH2', 'ECOAH3', 'FACOAE80', 'FADRx2', 'HACD1', 'HACD2', 'HACD3', 'MACPD']",[],ECOAH3,3HAD60,11.624405866695456,1,29,0,-5.0,-0.99637764572049,iJO1366,PSL,True,False,-8.86501624095366,0.0,0.0,0.0
115,"['3HAD40', '3HAD60', '3HAD80', 'ACACT1r', 'ACACT2r', 'ACACT3r', '3OAR40', '3OAR60', '3OAR80', '3OAS60', '3OAS80', 'ACOAD1f', 'ACOAD2f', 'ACOAD3f', 'ACOATA', 'EAR40x', 'EAR60x', 'EAR80x', 'ECOAH1', 'ECOAH2', 'ECOAH3', 'FA80ACPHi', 'FACOAE80', 'FADRx2', 'HACD1', 'HACD2', 'HACD3', 'KAS15', 'MACPD']","[0.3321258819057938, 0.3321258819057938, 0.3321258819057902, -0.33212588190550935, -0.33212588190550935, -0.33212588190550935, 0.3321258819057938, 0.3321258819057938, 0.3321258819057902, 0.3321258819057938, 0.3321258819057902, 0.33212588190550935, 0.33212588190550935, 0.33212588190550935, 0.9963776457182296, 0.3321258819057938, 0.3321258819057938, 0.3321258819057902, -0.33212588190550935, -0.33212588190550935, -0.33212588190550935, 0.3321258819057902, -0.3321258819057902, -0.9963776457159647, -0.33212588190550935, -0.33212588190550935, -0.33212588190550935, 0.3321258819057938, -0.9963776457182296]","[0.3321258819057938, 0.3321258819057938, 0.3321258819057902, 0.33212588190550935, 0.33212588190550935, 0.33212588190550935, 0.3321258819057938, 0.3321258819057938, 0.3321258819057902, 0.3321258819057938, 0.3321258819057902, 0.33212588190550935, 0.33212588190550935, 0.33212588190550935, 0.9963776457182296, 0.3321258819057938, 0.3321258819057938, 0.3321258819057902, 0.33212588190550935, 0.33212588190550935, 0.33212588190550935, 0.3321258819057902, 0.3321258819057902, 0.9963776457159647, 0.33212588190550935, 0.33212588190550935, 0.33212588190550935, 0.3321258819057938, 0.9963776457182296]","['3HAD40', '3HAD60', '3HAD80', '3OAR40', '3OAR60', '3OAR80', '3OAS60', '3OAS80', 'EAR40x', 'EAR60x', 'EAR80x', 'FA80ACPHi', 'KAS15']","['ACACT1r', 'ACACT2r', 'ACACT3r', 'ACOAD1f', 'ACOAD2f', 'ACOAD3f', 'ACOATA', 'ECOAH1', 'ECOAH2', 'ECOAH3', 'FACOAE80', 'FADRx2', 'HACD1', 'HACD2', 'HACD3', 'MACPD']",[],ECOAH3,3HAD80,11.624405866695456,1,29,0,-5.0,-0.99637764572049,iJO1366,PSL,True,False,-8.86501624095366,0.0,0.0,0.0
116,"['3HAD100', '3HAD40', '3HAD60', '3HAD80', 'ACACT1r', 'ACACT2r', 'ACACT3r', 'ACACT4r', '3OAR100', '3OAR40', '3OAR60', '3OAR80', '3OAS100', '3OAS60', '3OAS80', 'ACOAD1f', 'ACOAD2f', 'ACOAD3f', 'ACOAD4f', 'ACOATA', 'EAR100x', 'EAR40x', 'EAR60x', 'EAR80x', 'ECOAH1', 'ECOAH2', 'ECOAH3', 'ECOAH4', 'FA100ACPHi', 'FACOAE100', 'FADRx2', 'HACD1', 'HACD2', 'HACD3', 'HACD4', 'KAS15', 'MACPD']","[0.3321258819056123, 0.33212588190561254, 0.33212588190561254, 0.3321258819056123, -0.3321258819059949, -0.3321258819059949, -0.3321258819059949, -0.3321258819059949, 0.33212588190565384, 0.33212588190565384, 0.33212588190565384, 0.33212588190565384, 0.3321258819056123, 0.33212588190561254, 0.3321258819056123, 0.3321258819059949, 0.3321258819059949, 0.3321258819059949, 0.3321258819059949, 1.3285035276215922, 0.3321258819056123, 0.33212588190561254, 0.33212588190561254, 0.3321258819056123, -0.3321258819059949, -0.3321258819059949, -0.3321258819059949, -0.3321258819059949, 0.332125881905918, -0.332125881905918, -1.328503527621871, -0.3321258819059949, -0.3321258819059949, -0.3321258819059949, -0.3321258819059949, 0.33212588190561254, -1.3285035276216173]","[0.3321258819056123, 0.33212588190561254, 0.33212588190561254, 0.3321258819056123, 0.3321258819059949, 0.3321258819059949, 0.3321258819059949, 0.3321258819059949, 0.33212588190565384, 0.33212588190565384, 0.33212588190565384, 0.33212588190565384, 0.3321258819056123, 0.33212588190561254, 0.3321258819056123, 0.3321258819059949, 0.3321258819059949, 0.3321258819059949, 0.3321258819059949, 1.3285035276215922, 0.3321258819056123, 0.33212588190561254, 0.33212588190561254, 0.3321258819056123, 0.3321258819059949, 0.3321258819059949, 0.3321258819059949, 0.3321258819059949, 0.332125881905918, 0.332125881905918, 1.328503527621871, 0.3321258819059949, 0.3321258819059949, 0.3321258819059949, 0.3321258819059949, 0.33212588190561254, 1.3285035276216173]","['3HAD100', '3HAD40', '3HAD60', '3HAD80', '3OAR100', '3OAR40', '3OAR60', '3OAR80', '3OAS100', '3OAS60', '3OAS80', 'EAR100x', 'EAR40x', 'EAR60x', 'EAR80x', 'FA100ACPHi', 'KAS15']","['ACACT1r', 'ACACT2r', 'ACACT3r', 'ACACT4r', 'ACOAD1f', 'ACOAD2f', 'ACOAD3f', 'ACOAD4f', 'ACOATA', 'ECOAH1', 'ECOAH2', 'ECOAH3', 'ECOAH4', 'FACOAE100', 'FADRx2', 'HACD1', 'HACD2', 'HACD3', 'HACD4', 'MACPD']",[],ECOAH3,3OAR100,15.277790567664125,1,37,0,-7.0,-1.3285035276201096,iJO1366,PSL,True,False,-8.86501624095366,0.0,0.0,0.0
117,"['3HAD40', '3HAD60', '3HAD80', 'ACACT1r', 'ACACT2r', 'ACACT3r', '3OAR40', '3OAR60', '3OAR80', '3OAS60', '3OAS80', 'ACOAD1f', 'ACOAD2f', 'ACOAD3f', 'ACOATA', 'EAR40x', 'EAR60x', 'EAR80x', 'ECOAH1', 'ECOAH2', 'ECOAH3', 'FA80ACPHi', 'FACOAE80', 'FADRx2', 'HACD1', 'HACD2', 'HACD3', 'KAS15', 'MACPD']","[0.3321258819057938, 0.3321258819057938, 0.3321258819057902, -0.33212588190550935, -0.33212588190550935, -0.33212588190550935, 0.3321258819057938, 0.3321258819057938, 0.3321258819057902, 0.3321258819057938, 0.3321258819057902, 0.33212588190550935, 0.33212588190550935, 0.33212588190550935, 0.9963776457182296, 0.3321258819057938, 0.3321258819057938, 0.3321258819057902, -0.33212588190550935, -0.33212588190550935, -0.33212588190550935, 0.3321258819057902, -0.3321258819057902, -0.9963776457159647, -0.33212588190550935, -0.33212588190550935, -0.33212588190550935, 0.3321258819057938, -0.9963776457182296]","[0.3321258819057938, 0.3321258819057938, 0.3321258819057902, 0.33212588190550935, 0.33212588190550935, 0.33212588190550935, 0.3321258819057938, 0.3321258819057938, 0.3321258819057902, 0.3321258819057938, 0.3321258819057902, 0.33212588190550935, 0.33212588190550935, 0.33212588190550935, 0.9963776457182296, 0.3321258819057938, 0.3321258819057938, 0.3321258819057902, 0.33212588190550935, 0.33212588190550935, 0.33212588190550935, 0.3321258819057902, 0.3321258819057902, 0.9963776457159647, 0.33212588190550935, 0.33212588190550935, 0.33212588190550935, 0.3321258819057938, 0.9963776457182296]","['3HAD40', '3HAD60', '3HAD80', '3OAR40', '3OAR60', '3OAR80', '3OAS60', '3OAS80', 'EAR40x', 'EAR60x', 'EAR80x', 'FA80ACPHi', 'KAS15']","['ACACT1r', 'ACACT2r', 'ACACT3r', 'ACOAD1f', 'ACOAD2f', 'ACOAD3f', 'ACOATA', 'ECOAH1', 'ECOAH2', 'ECOAH3', 'FACOAE80', 'FADRx2', 'HACD1', 'HACD2', 'HACD3', 'MACPD']",[],ECOAH3,3OAR40,11.624405866695456,1,29,0,-5.0,-0.99637764572049,iJO1366,PSL,True,False,-8.86501624095366,0.0,0.0,0.0
118,"['3HAD40', '3HAD60', '3HAD80', 'ACACT1r', 'ACACT2r', 'ACACT3r', '3OAR40', '3OAR60', '3OAR80', '3OAS60', '3OAS80', 'ACOAD1f', 'ACOAD2f', 'ACOAD3f', 'ACOATA', 'EAR40x', 'EAR60x', 'EAR80x', 'ECOAH1', 'ECOAH2', 'ECOAH3', 'FA80ACPHi', 'FACOAE80', 'FADRx2', 'HACD1', 'HACD2', 'HACD3', 'KAS15', 'MACPD']","[0.3321258819057938, 0.3321258819057938, 0.3321258819057902, -0.33212588190550935, -0.33212588190550935, -0.33212588190550935, 0.3321258819057938, 0.3321258819057938, 0.3321258819057902, 0.3321258819057938, 0.3321258819057902, 0.33212588190550935, 0.33212588190550935, 0.33212588190550935, 0.9963776457182296, 0.3321258819057938, 0.3321258819057938, 0.3321258819057902, -0.33212588190550935, -0.33212588190550935, -0.33212588190550935, 0.3321258819057902, -0.3321258819057902, -0.9963776457159647, -0.33212588190550935, -0.33212588190550935, -0.33212588190550935, 0.3321258819057938, -0.9963776457182296]","[0.3321258819057938, 0.3321258819057938, 0.3321258819057902, 0.33212588190550935, 0.33212588190550935, 0.33212588190550935, 0.3321258819057938, 0.3321258819057938, 0.3321258819057902, 0.3321258819057938, 0.3321258819057902, 0.33212588190550935, 0.33212588190550935, 0.33212588190550935, 0.9963776457182296, 0.3321258819057938, 0.3321258819057938, 0.3321258819057902, 0.33212588190550935, 0.33212588190550935, 0.33212588190550935, 0.3321258819057902, 0.3321258819057902, 0.9963776457159647, 0.33212588190550935, 0.33212588190550935, 0.33212588190550935, 0.3321258819057938, 0.9963776457182296]","['3HAD40', '3HAD60', '3HAD80', '3OAR40', '3OAR60', '3OAR80', '3OAS60', '3OAS80', 'EAR40x', 'EAR60x', 'EAR80x', 'FA80ACPHi', 'KAS15']","['ACACT1r', 'ACACT2r', 'ACACT3r', 'ACOAD1f', 'ACOAD2f', 'ACOAD3f', 'ACOATA', 'ECOAH1', 'ECOAH2', 'ECOAH3', 'FACOAE80', 'FADRx2', 'HACD1', 'HACD2', 'HACD3', 'MACPD']",[],ECOAH3,3OAR60,11.624405866695456,1,29,0,-5.0,-0.99637764572049,iJO1366,PSL,True,False,-8.86501624095366,0.0,0.0,0.0
119,"['3HAD40', '3HAD60', '3HAD80', 'ACACT1r', 'ACACT2r', 'ACACT3r', '3OAR40', '3OAR60', '3OAR80', '3OAS60', '3OAS80', 'ACOAD1f', 'ACOAD2f', 'ACOAD3f', 'ACOATA', 'EAR40x', 'EAR60x', 'EAR80x', 'ECOAH1', 'ECOAH2', 'ECOAH3', 'FA80ACPHi', 'FACOAE80', 'FADRx2', 'HACD1', 'HACD2', 'HACD3', 'KAS15', 'MACPD']","[0.3321258819057938, 0.3321258819057938, 0.3321258819057902, -0.33212588190550935, -0.33212588190550935, -0.33212588190550935, 0.3321258819057938, 0.3321258819057938, 0.3321258819057902, 0.3321258819057938, 0.3321258819057902, 0.33212588190550935, 0.33212588190550935, 0.33212588190550935, 0.9963776457182296, 0.3321258819057938, 0.3321258819057938, 0.3321258819057902, -0.33212588190550935, -0.33212588190550935, -0.33212588190550935, 0.3321258819057902, -0.3321258819057902, -0.9963776457159647, -0.33212588190550935, -0.33212588190550935, -0.33212588190550935, 0.3321258819057938, -0.9963776457182296]","[0.3321258819057938, 0.3321258819057938, 0.3321258819057902, 0.33212588190550935, 0.33212588190550935, 0.33212588190550935, 0.3321258819057938, 0.3321258819057938, 0.3321258819057902, 0.3321258819057938, 0.3321258819057902, 0.33212588190550935, 0.33212588190550935, 0.33212588190550935, 0.9963776457182296, 0.3321258819057938, 0.3321258819057938, 0.3321258819057902, 0.33212588190550935, 0.33212588190550935, 0.33212588190550935, 0.3321258819057902, 0.3321258819057902, 0.9963776457159647, 0.33212588190550935, 0.33212588190550935, 0.33212588190550935, 0.3321258819057938, 0.9963776457182296]","['3HAD40', '3HAD60', '3HAD80', '3OAR40', '3OAR60', '3OAR80', '3OAS60', '3OAS80', 'EAR40x', 'EAR60x', 'EAR80x', 'FA80ACPHi', 'KAS15']","['ACACT1r', 'ACACT2r', 'ACACT3r', 'ACOAD1f', 'ACOAD2f', 'ACOAD3f', 'ACOATA', 'ECOAH1', 'ECOAH2', 'ECOAH3', 'FACOAE80', 'FADRx2', 'HACD1', 'HACD2', 'HACD3', 'MACPD']",[],ECOAH3,3OAR80,11.624405866695456,1,29,0,-5.0,-0.99637764572049,iJO1366,PSL,True,False,-8.86501624095366,0.0,0.0,0.0
120,"['3HAD100', '3HAD40', '3HAD60', '3HAD80', 'ACACT1r', 'ACACT2r', 'ACACT3r', 'ACACT4r', '3OAR100', '3OAR40', '3OAR60', '3OAR80', '3OAS100', '3OAS60', '3OAS80', 'ACOAD1f', 'ACOAD2f', 'ACOAD3f', 'ACOAD4f', 'ACOATA', 'EAR100x', 'EAR40x', 'EAR60x', 'EAR80x', 'ECOAH1', 'ECOAH2', 'ECOAH3', 'ECOAH4', 'FA100ACPHi', 'FACOAE100', 'FADRx2', 'HACD1', 'HACD2', 'HACD3', 'HACD4', 'KAS15', 'MACPD']","[0.3321258819056123, 0.33212588190561254, 0.33212588190561254, 0.3321258819056123, -0.3321258819059949, -0.3321258819059949, -0.3321258819059949, -0.3321258819059949, 0.33212588190565384, 0.33212588190565384, 0.33212588190565384, 0.33212588190565384, 0.3321258819056123, 0.33212588190561254, 0.3321258819056123, 0.3321258819059949, 0.3321258819059949, 0.3321258819059949, 0.3321258819059949, 1.3285035276215922, 0.3321258819056123, 0.33212588190561254, 0.33212588190561254, 0.3321258819056123, -0.3321258819059949, -0.3321258819059949, -0.3321258819059949, -0.3321258819059949, 0.332125881905918, -0.332125881905918, -1.328503527621871, -0.3321258819059949, -0.3321258819059949, -0.3321258819059949, -0.3321258819059949, 0.33212588190561254, -1.3285035276216173]","[0.3321258819056123, 0.33212588190561254, 0.33212588190561254, 0.3321258819056123, 0.3321258819059949, 0.3321258819059949, 0.3321258819059949, 0.3321258819059949, 0.33212588190565384, 0.33212588190565384, 0.33212588190565384, 0.33212588190565384, 0.3321258819056123, 0.33212588190561254, 0.3321258819056123, 0.3321258819059949, 0.3321258819059949, 0.3321258819059949, 0.3321258819059949, 1.3285035276215922, 0.3321258819056123, 0.33212588190561254, 0.33212588190561254, 0.3321258819056123, 0.3321258819059949, 0.3321258819059949, 0.3321258819059949, 0.3321258819059949, 0.332125881905918, 0.332125881905918, 1.328503527621871, 0.3321258819059949, 0.3321258819059949, 0.3321258819059949, 0.3321258819059949, 0.33212588190561254, 1.3285035276216173]","['3HAD100', '3HAD40', '3HAD60', '3HAD80', '3OAR100', '3OAR40', '3OAR60', '3OAR80', '3OAS100', '3OAS60', '3OAS80', 'EAR100x', 'EAR40x', 'EAR60x', 'EAR80x', 'FA100ACPHi', 'KAS15']","['ACACT1r', 'ACACT2r', 'ACACT3r', 'ACACT4r', 'ACOAD1f', 'ACOAD2f', 'ACOAD3f', 'ACOAD4f', 'ACOATA', 'ECOAH1', 'ECOAH2', 'ECOAH3', 'ECOAH4', 'FACOAE100', 'FADRx2', 'HACD1', 'HACD2', 'HACD3', 'HACD4', 'MACPD']",[],ECOAH3,3OAS100,15.277790567664125,1,37,0,-7.0,-1.3285035276201096,iJO1366,PSL,True,False,-8.86501624095366,0.0,0.0,0.0
121,"['3HAD40', '3HAD60', '3HAD80', 'ACACT1r', 'ACACT2r', 'ACACT3r', '3OAR40', '3OAR60', '3OAR80', '3OAS60', '3OAS80', 'ACOAD1f', 'ACOAD2f', 'ACOAD3f', 'ACOATA', 'EAR40x', 'EAR60x', 'EAR80x', 'ECOAH1', 'ECOAH2', 'ECOAH3', 'FA80ACPHi', 'FACOAE80', 'FADRx2', 'HACD1', 'HACD2', 'HACD3', 'KAS15', 'MACPD']","[0.3321258819057938, 0.3321258819057938, 0.3321258819057902, -0.33212588190550935, -0.33212588190550935, -0.33212588190550935, 0.3321258819057938, 0.3321258819057938, 0.3321258819057902, 0.3321258819057938, 0.3321258819057902, 0.33212588190550935, 0.33212588190550935, 0.33212588190550935, 0.9963776457182296, 0.3321258819057938, 0.3321258819057938, 0.3321258819057902, -0.33212588190550935, -0.33212588190550935, -0.33212588190550935, 0.3321258819057902, -0.3321258819057902, -0.9963776457159647, -0.33212588190550935, -0.33212588190550935, -0.33212588190550935, 0.3321258819057938, -0.9963776457182296]","[0.3321258819057938, 0.3321258819057938, 0.3321258819057902, 0.33212588190550935, 0.33212588190550935, 0.33212588190550935, 0.3321258819057938, 0.3321258819057938, 0.3321258819057902, 0.3321258819057938, 0.3321258819057902, 0.33212588190550935, 0.33212588190550935, 0.33212588190550935, 0.9963776457182296, 0.3321258819057938, 0.3321258819057938, 0.3321258819057902, 0.33212588190550935, 0.33212588190550935, 0.33212588190550935, 0.3321258819057902, 0.3321258819057902, 0.9963776457159647, 0.33212588190550935, 0.33212588190550935, 0.33212588190550935, 0.3321258819057938, 0.9963776457182296]","['3HAD40', '3HAD60', '3HAD80', '3OAR40', '3OAR60', '3OAR80', '3OAS60', '3OAS80', 'EAR40x', 'EAR60x', 'EAR80x', 'FA80ACPHi', 'KAS15']","['ACACT1r', 'ACACT2r', 'ACACT3r', 'ACOAD1f', 'ACOAD2f', 'ACOAD3f', 'ACOATA', 'ECOAH1', 'ECOAH2', 'ECOAH3', 'FACOAE80', 'FADRx2', 'HACD1', 'HACD2', 'HACD3', 'MACPD']",[],ECOAH3,3OAS60,11.624405866695456,1,29,0,-5.0,-0.99637764572049,iJO1366,PSL,True,False,-8.86501624095366,0.0,0.0,-10.6104250518248
122,"['3HAD40', '3HAD60', '3HAD80', 'ACACT1r', 'ACACT2r', 'ACACT3r', '3OAR40', '3OAR60', '3OAR80', '3OAS60', '3OAS80', 'ACOAD1f', 'ACOAD2f', 'ACOAD3f', 'ACOATA', 'EAR40x', 'EAR60x', 'EAR80x', 'ECOAH1', 'ECOAH2', 'ECOAH3', 'FA80ACPHi', 'FACOAE80', 'FADRx2', 'HACD1', 'HACD2', 'HACD3', 'KAS15', 'MACPD']","[0.3321258819057938, 0.3321258819057938, 0.3321258819057902, -0.33212588190550935, -0.33212588190550935, -0.33212588190550935, 0.3321258819057938, 0.3321258819057938, 0.3321258819057902, 0.3321258819057938, 0.3321258819057902, 0.33212588190550935, 0.33212588190550935, 0.33212588190550935, 0.9963776457182296, 0.3321258819057938, 0.3321258819057938, 0.3321258819057902, -0.33212588190550935, -0.33212588190550935, -0.33212588190550935, 0.3321258819057902, -0.3321258819057902, -0.9963776457159647, -0.33212588190550935, -0.33212588190550935, -0.33212588190550935, 0.3321258819057938, -0.9963776457182296]","[0.3321258819057938, 0.3321258819057938, 0.3321258819057902, 0.33212588190550935, 0.33212588190550935, 0.33212588190550935, 0.3321258819057938, 0.3321258819057938, 0.3321258819057902, 0.3321258819057938, 0.3321258819057902, 0.33212588190550935, 0.33212588190550935, 0.33212588190550935, 0.9963776457182296, 0.3321258819057938, 0.3321258819057938, 0.3321258819057902, 0.33212588190550935, 0.33212588190550935, 0.33212588190550935, 0.3321258819057902, 0.3321258819057902, 0.9963776457159647, 0.33212588190550935, 0.33212588190550935, 0.33212588190550935, 0.3321258819057938, 0.9963776457182296]","['3HAD40', '3HAD60', '3HAD80', '3OAR40', '3OAR60', '3OAR80', '3OAS60', '3OAS80', 'EAR40x', 'EAR60x', 'EAR80x', 'FA80ACPHi', 'KAS15']","['ACACT1r', 'ACACT2r', 'ACACT3r', 'ACOAD1f', 'ACOAD2f', 'ACOAD3f', 'ACOATA', 'ECOAH1', 'ECOAH2', 'ECOAH3', 'FACOAE80', 'FADRx2', 'HACD1', 'HACD2', 'HACD3', 'MACPD']",[],ECOAH3,3OAS80,11.624405866695456,1,29,0,-5.0,-0.99637764572049,iJO1366,PSL,True,False,-8.86501624095366,0.0,0.0,0.0
123,"['3HAD100', 'AACPS8', 'AACPS9', 'ACACT4r', '3OAR100', '3OAS100', 'ACOAD4f', 'ACOATA', 'EAR100x', 'ECOAH4', 'FACOAE100', 'FACOAE80', 'FADRx2', 'HACD4', 'MACPD']","[0.3321258819059934, -0.3321258819059934, 0.3321258819059934, -0.3321258819059949, 0.3321258819059949, 0.3321258819059934, 0.3321258819059949, 0.3321258819058812, 0.3321258819059934, -0.3321258819059949, -0.3321258819059934, 0.3321258819059934, -0.3321258819059994, -0.3321258819059949, -0.3321258819059327]","[0.3321258819059934, 0.3321258819059934, 0.3321258819059934, 0.3321258819059949, 0.3321258819059949, 0.3321258819059934, 0.3321258819059949, 0.3321258819058812, 0.3321258819059934, 0.3321258819059949, 0.3321258819059934, 0.3321258819059934, 0.3321258819059994, 0.3321258819059949, 0.3321258819059327]","['3HAD100', 'AACPS9', '3OAR100', '3OAS100', 'EAR100x', 'FACOAE80']","['AACPS8', 'ACACT4r', 'ACOAD4f', 'ACOATA', 'ECOAH4', 'FACOAE100', 'FADRx2', 'HACD4', 'MACPD']",[],ECOAH4,3HAD100,4.981888228589619,1,15,0,-1.0,-0.33212588190593434,iJO1366,PSL,True,False,-18.5716619559617,0.0,0.0,0.0
124,"['3HAD100', 'AACPS8', 'AACPS9', 'ACACT4r', '3OAR100', '3OAS100', 'ACOAD4f', 'ACOATA', 'EAR100x', 'ECOAH4', 'FACOAE100', 'FACOAE80', 'FADRx2', 'HACD4', 'MACPD']","[0.3321258819059934, -0.3321258819059934, 0.3321258819059934, -0.3321258819059949, 0.3321258819059949, 0.3321258819059934, 0.3321258819059949, 0.3321258819058812, 0.3321258819059934, -0.3321258819059949, -0.3321258819059934, 0.3321258819059934, -0.3321258819059994, -0.3321258819059949, -0.3321258819059327]","[0.3321258819059934, 0.3321258819059934, 0.3321258819059934, 0.3321258819059949, 0.3321258819059949, 0.3321258819059934, 0.3321258819059949, 0.3321258819058812, 0.3321258819059934, 0.3321258819059949, 0.3321258819059934, 0.3321258819059934, 0.3321258819059994, 0.3321258819059949, 0.3321258819059327]","['3HAD100', 'AACPS9', '3OAR100', '3OAS100', 'EAR100x', 'FACOAE80']","['AACPS8', 'ACACT4r', 'ACOAD4f', 'ACOATA', 'ECOAH4', 'FACOAE100', 'FADRx2', 'HACD4', 'MACPD']",[],ECOAH4,3OAR100,4.981888228589619,1,15,0,-1.0,-0.33212588190593434,iJO1366,PSL,True,False,-18.5716619559617,0.0,0.0,0.0
125,"['3HAD100', 'AACPS8', 'AACPS9', 'ACACT4r', '3OAR100', '3OAS100', 'ACOAD4f', 'ACOATA', 'EAR100x', 'ECOAH4', 'FACOAE100', 'FACOAE80', 'FADRx2', 'HACD4', 'MACPD']","[0.3321258819059934, -0.3321258819059934, 0.3321258819059934, -0.3321258819059949, 0.3321258819059949, 0.3321258819059934, 0.3321258819059949, 0.3321258819058812, 0.3321258819059934, -0.3321258819059949, -0.3321258819059934, 0.3321258819059934, -0.3321258819059994, -0.3321258819059949, -0.3321258819059327]","[0.3321258819059934, 0.3321258819059934, 0.3321258819059934, 0.3321258819059949, 0.3321258819059949, 0.3321258819059934, 0.3321258819059949, 0.3321258819058812, 0.3321258819059934, 0.3321258819059949, 0.3321258819059934, 0.3321258819059934, 0.3321258819059994, 0.3321258819059949, 0.3321258819059327]","['3HAD100', 'AACPS9', '3OAR100', '3OAS100', 'EAR100x', 'FACOAE80']","['AACPS8', 'ACACT4r', 'ACOAD4f', 'ACOATA', 'ECOAH4', 'FACOAE100', 'FADRx2', 'HACD4', 'MACPD']",[],ECOAH4,3OAS100,4.981888228589619,1,15,0,-1.0,-0.33212588190593434,iJO1366,PSL,True,False,-18.5716619559617,0.0,0.0,0.0
126,"['3HAD120', 'AACPS7', 'AACPS8', 'ACACT5r', '3OAR120', '3OAS120', 'ACOAD5f', 'ACOATA', 'EAR120x', 'ECOAH5', 'FACOAE100', 'FACOAE120', 'FADRx2', 'HACD5', 'MACPD']","[0.07262943866879999, -0.07262943866879999, 0.07262943866879999, -0.07262943866874139, 0.07262943866885507, 0.07262943866879999, 0.07262943866874139, 0.07262943866885507, 0.07262943866879999, -0.07262943866874139, 0.07262943866879999, -0.07262943866879999, -0.07262943866881622, -0.07262943866874139, -0.07262943866880005]","[0.07262943866879999, 0.07262943866879999, 0.07262943866879999, 0.07262943866874139, 0.07262943866885507, 0.07262943866879999, 0.07262943866874139, 0.07262943866885507, 0.07262943866879999, 0.07262943866874139, 0.07262943866879999, 0.07262943866879999, 0.07262943866881622, 0.07262943866874139, 0.07262943866880005]","['AACPS7', 'ACOATA', 'FACOAE120', 'FADRx2', 'MACPD']","['3HAD120', 'AACPS8', '3OAR120', '3OAS120', 'EAR120x', 'FACOAE100']","['ACACT5r', 'ACOAD5f', 'ECOAH5', 'HACD5']",FACOAE120,3HAD120,1.089441580032016,1,15,4,1.0,0.07262943866901113,iJO1366,PSL,False,False,0.0,0.0,0.0,0.0
127,"['3HAD120', 'AACPS7', 'AACPS8', 'ACACT5r', '3OAR120', '3OAS120', 'ACOAD5f', 'ACOATA', 'EAR120x', 'ECOAH5', 'FACOAE100', 'FACOAE120', 'FADRx2', 'HACD5', 'MACPD']","[0.07262943866879999, -0.07262943866879999, 0.07262943866879999, -0.07262943866874139, 0.07262943866885507, 0.07262943866879999, 0.07262943866874139, 0.07262943866885507, 0.07262943866879999, -0.07262943866874139, 0.07262943866879999, -0.07262943866879999, -0.07262943866881622, -0.07262943866874139, -0.07262943866880005]","[0.07262943866879999, 0.07262943866879999, 0.07262943866879999, 0.07262943866874139, 0.07262943866885507, 0.07262943866879999, 0.07262943866874139, 0.07262943866885507, 0.07262943866879999, 0.07262943866874139, 0.07262943866879999, 0.07262943866879999, 0.07262943866881622, 0.07262943866874139, 0.07262943866880005]","['AACPS7', 'ACOATA', 'FACOAE120', 'FADRx2', 'MACPD']","['3HAD120', 'AACPS8', '3OAR120', '3OAS120', 'EAR120x', 'FACOAE100']","['ACACT5r', 'ACOAD5f', 'ECOAH5', 'HACD5']",FACOAE120,3OAR120,1.089441580032016,1,15,4,1.0,0.07262943866901113,iJO1366,PSL,False,False,0.0,0.0,0.0,0.0
128,"['3HAD120', 'AACPS7', 'AACPS8', 'ACACT5r', '3OAR120', '3OAS120', 'ACOAD5f', 'ACOATA', 'EAR120x', 'ECOAH5', 'FACOAE100', 'FACOAE120', 'FADRx2', 'HACD5', 'MACPD']","[0.07262943866879999, -0.07262943866879999, 0.07262943866879999, -0.07262943866874139, 0.07262943866885507, 0.07262943866879999, 0.07262943866874139, 0.07262943866885507, 0.07262943866879999, -0.07262943866874139, 0.07262943866879999, -0.07262943866879999, -0.07262943866881622, -0.07262943866874139, -0.07262943866880005]","[0.07262943866879999, 0.07262943866879999, 0.07262943866879999, 0.07262943866874139, 0.07262943866885507, 0.07262943866879999, 0.07262943866874139, 0.07262943866885507, 0.07262943866879999, 0.07262943866874139, 0.07262943866879999, 0.07262943866879999, 0.07262943866881622, 0.07262943866874139, 0.07262943866880005]","['AACPS7', 'ACOATA', 'FACOAE120', 'FADRx2', 'MACPD']","['3HAD120', 'AACPS8', '3OAR120', '3OAS120', 'EAR120x', 'FACOAE100']","['ACACT5r', 'ACOAD5f', 'ECOAH5', 'HACD5']",FACOAE120,3OAS120,1.089441580032016,1,15,4,1.0,0.07262943866901113,iJO1366,PSL,False,False,0.0,0.0,0.0,0.0
129,"['EX_cobalt2_e', 'DM_4crsol_c', 'DM_5drib_c', 'DM_mththf_c', 'BIOMASS_Ec_iJO1366_core_53p95M', 'EX_glyclt_e', 'EX_gua_e', 'EX_indole_e', 'EX_k_e', 'EX_cu2_e', 'EX_mal__L_e', 'EX_mg2_e', 'EX_mn2_e', 'EX_mobd_e', 'EX_ca2_e', 'EX_ni2_e', 'EX_cl_e', 'EX_pi_e', 'EX_zn2_e', '12DGR181tipp', 'EX_so4_e', 'EX_succ_e', 'EX_ura_e', '2MAHMP', '5DOAN', 'A5PISO', 'AACTOOR', 'ACACT1r', 'ACACT2r', 'ACACT3r', 'ACACT4r', 'ACACT5r', 'EX_for_e', 'ACACT6r', 'ACACT7r', '3OAR140', 'ACALD', 'ACGAMK', '3OAS140', 'ACHBS', 'ACLS', 'ACM6PH', '3PEPTabcpp', 'ACOAD1f', 'ACOAD2f', 'ACOAD3f', 'ACOAD4f', '4PCPpp', 'ACOAD5f', 'ACOAD6f', 'ACOAD7f', 'ACOATA', 'ACODA', 'ACONTa', 'ACONTb', 'ACOTA', 'AGMH', 'AGMt2pp', 'AGPAT120', 'ADCL', 'AHCYSNS', 'ADCS', 'ALAALAD', 'ALAALAabcpp', 'ALAGLUE', 'ALATA_L2', 'ADPRDP', 'ADPT', 'ADSL1r', 'ADSS', 'AGDC', 'ALDD2x', 'AGM3PApp', 'AGM4PApp', 'AMPMS2', 'ASNNpp', 'ASNS1', 'ASNt2rpp', 'ASP1DC', 'ANHMK', 'ASPO6', 'AOBUTDs', 'ASPabcpp', 'ATPM', 'ATPPRT', 'BMOCOS', 'BMOGDS1', 'BMOGDS2', 'CDPMEK', 'CA2t3pp', 'CA2tex', 'CHORM', 'CHRPL', 'CLt3_2pp', 'CLtex', 'CMPN', 'COBALT2abcpp', 'COBALT2tex', 'CPMPS', 'CYSDS', 'CPPPGO', 'CYSTL', 'APRAUR', 'CS', 'CSND', 'CTECOAI7', 'DAAD', 'CU2abcpp', 'CU2tex', 'DAGK181', 'DALAt2pp', 'DAPDC', 'DAPE', 'DB4PS', 'DHAD1', 'DHAD2', 'DCTPD', 'DHDPRy', 'DHDPS', 'DHFR', 'DHFS', 'DNMPPA', 'DNTPPA', 'DHNPA2r', 'DPCOAK', 'DPR', 'DRPA', 'DHPPDA2', 'ARGSL', 'DHPS2', 'DHPTDCs2', 'ARGSS', 'DURIPP', 'DUTPDP', 'DXPRIi', 'DXPS', 'DMATT', 'DMPPS', 'E4PD', 'ECOAH5', 'ECOAH6', 'ECOAH7', 'ETHAAL', 'ETHAt2pp', 'ECOAH1', 'FCLT', 'ECOAH2', 'ECOAH3', 'ECOAH4', 'FDH5pp', 'FMNAT', 'FORt2pp', 'FORtex', 'FRD3', 'FTHFD', 'FUM', 'FACOAL120t2pp', 'G1SAT', 'FACOAL160t2pp', 'FACOAL161t2pp', 'G3PAT120', 'FADRx', 'FBA3', 'G3PD7', 'G5SADs', 'G6PDA', 'FE2tpp', 'GLUTRR', 'GLUTRS', 'GCALDD', 'FE3Ri', 'GLYAT', 'GLYC3Pt6pp', 'GUAtex', 'GUAtpp', 'H2SO', 'GLYCLTt2rpp', 'GLYCLTtex', 'GLYCTO3', 'HACD1', 'HACD2', 'HACD3', 'HACD4', 'HACD5', 'HACD6', 'GLYOX3', 'HACD7', 'HBZOPT', 'GPDDA2pp', 'HISTD', 'HISTP', 'HMBS', 'GRTT', 'HPPK2', 'GTPCI', 'GTPCII2', 'HSST', 'HSTPT', 'IPMD', 'IPPMIa', 'IPPMIb', 'IPPS', 'K2L4Aabcpp', 'K2L4Aabctex', 'KARA1', 'KARA2', 'KDOCT2', 'KDOPP', 'KDOPS', 'Kt2pp', 'Ktex', 'I2FE2SS', 'I2FE2SS2', 'I2FE2ST', 'I4FE4SR', 'I4FE4ST', 'ICDHyr', 'ICYSDS', 'LADGMDH', 'IG3PS', 'IGPDH', 'LPADSS', 'ILETA', 'LALGP', 'INDOLEt2rpp', 'INDOLEtex', 'LDH_D', 'LPLIPAL1A120pp', 'LDH_D2', 'LEUTAi', 'MACPD', 'MALS', 'MEPCT', 'METAT', 'MALt2_2pp', 'METS', 'MALtex', 'LPLIPAL1E160pp', 'LPLIPAL1E161pp', 'MG2t3_2pp', 'MG2tex', 'MGSA', 'MLDCP1App', 'MDDEP2pp', 'MDH', 'MLTGY2pp', 'ME2', 'MECDPDH5', 'MECDPS', 'MOADSUx', 'MOAT', 'MN2tpp', 'MOAT2', 'MOBDabcpp', 'MOBDtex', 'MOCOS', 'MOHMT', 'MOX', 'MPTAT', 'MNtex', 'MPTS', 'MPTSS', 'MTHFR2', 'NI2abcpp', 'MTHTHFSs', 'NI2tex', 'NACODA', 'NNAM', 'NADN', 'NNDPR', 'NADPPPS', 'NAMNPP', 'NTD1', 'NTD6', 'NTPP1', 'NTD8', 'NTD9', 'NTPP4', 'NTPP5', 'NTPP7', 'NTPP8', 'NTPTP2', 'P5CD', 'P5CR', 'PA120abcpp', 'PA181abcpp', 'OCBT', 'PANTS', 'OCTDPS', 'OHPBAT', 'OMCDC', 'PAPA181pp', 'OPHBDC', 'PDX5PO2', 'PDX5PS', 'OPHHX', 'OPHHX3', 'PE161abcpp', 'PERD', 'PFK_3', 'PFL', 'PLIPA2A120pp', 'PLIPA2E160pp', 'PLIPA2E161pp', 'PHETA1', 'PMDPHT', 'PNTK', 'PItex', 'PPA2', 'PPBNGS', 'PPC', 'PPCDC', 'PPM2', 'PPNCL2', 'PPND', 'PPNDH', 'PPPGO', 'PPS', 'PRAMPC', 'PRATPP', 'PRMICI', 'SDPDS', 'SDPTA', 'SERD_L', 'PTPATi', 'SHCHD2', 'SHCHF', 'PUNP2', 'SHSL1', 'PUNP3', 'PUNP4', 'PYAM5PO', 'SO4t2pp', 'SO4tex', 'QULNS', 'THRD', 'THRD_L', 'SUCCt3pp', 'SUCCtex', 'SUCOAS', 'THZPSN3', 'RBFK', 'RBFSa', 'TMDS', 'RBFSb', 'TMPPP', 'TDP', 'TDSK', 'THDPS', 'TRPAS2', 'TYRL', 'TYRTA', 'U23GAAT', 'UAGAAT', 'USHD', 'UDCPDPS', 'RHCCE', 'ZN2abcpp', 'Zn2tex', 'UHGADA', 'UPP3MT', 'UPP3S', 'UPPDC1', 'URAtex', 'RNTR2c2']","[1.2734937873494724e-06, -1.1359564583157309e-05, -1.1461444086145289e-05, -2.282100866930379e-05, -0.050939751493979, -0.0006243458890500264, 0.022833132329833902, 0.0028955682941722433, 0.009943082913364237, 3.61162838092311e-05, -0.2540628200480099, 0.00044190234421026715, 3.519936828233949e-05, 6.571227942723306e-06, 0.0002651414065261608, 1.645353973255524e-05, 0.0002651414065261608, 0.04913806342339144, 1.7370455259446845e-05, 0.040073844042552764, 0.012847514724161097, 0.9429476360901943, 0.01685061509544994, 1.1359564583157309e-05, -1.1461444086145289e-05, -0.0019821676101337074, 0.06677004336705594, -0.0181284387616773, -0.0181284387616773, -0.0181284387616773, -0.0181284387616773, -0.0181284387616773, -0.8680286587114825, -0.014164103541409873, -0.014164103541409845, -0.003964335220267415, 0.009686906903425552, 0.0014155138145146885, -0.003964335220267415, -0.014799475061794187, -0.04453504559880417, 0.0014155138145146885, 0.0014155138145146885, 0.0181284387616773, 0.0181284387616773, 0.0181284387616773, 0.0181284387616773, 0.0007077569072573443, 0.0181284387616773, 0.014164103541409873, 0.006501338603673551, -0.003953281294193228, -0.01506757097390704, -0.05477001328822617, -0.05477001328822617, 0.01506757097390704, 0.0014155138145146885, 0.0014155138145146885, 0.0019821676101337074, -3.407869374949589e-05, -2.282100866930379e-05, -3.407869374949589e-05, 0.000707756907257346, 0.0007077569072573443, 0.0014155138145146885, 0.027490859447741853, 0.00011604075385318385, 0.0012986070848360156, -0.01523287046718047, -0.01523287046718047, 0.002831027629029377, 0.00293509754100707, 0.0007077569072573443, 0.0007077569072573443, -1.1359564583157309e-05, 0.012785673866307412, 0.0005063920699263098, -0.012785673866307412, -2.9341296725229568e-05, 0.0014155138145146885, -0.00011604075385318385, 0.06677004336705594, 0.012785673866307412, 1.8723111128615302, -0.004825930177036586, -6.2146496822654425e-06, -6.2146496822654425e-06, -6.2146496822654425e-06, -0.00012169506631910234, 0.0002651414065261608, -0.0002651414065261608, -0.01647310059712892, -1.1359564583157309e-05, -0.0001325707032630804, -0.0002651414065261608, 0.01414148629174653, 1.2734937873494724e-06, -1.2734937873494724e-06, -1.2429299364530885e-05, 0.01262653808218021, -1.1359564583157309e-05, -0.007840188092189782, -2.271912916656664e-05, -0.05477001328822617, 0.01414148629174653, 0.007662764937736266, 0.0021232707217720345, 3.61162838092311e-05, -3.61162838092311e-05, 0.040073844042552764, 0.0007077569072573443, -0.017480536062425334, -0.01889604987693999, -4.543825833313328e-05, -0.04453504559880417, -0.014799475061794187, 0.001376239266112831, -0.01889604987693999, -0.01889604987693999, -0.0013669682313409495, -3.407869374949589e-05, -3.407869374949589e-05, -3.407869374949589e-05, -3.407869374949589e-05, -2.9341296725229568e-05, -2.9341296725229568e-05, 0.005539952673727672, -2.271912916656664e-05, -0.01506757097390704, -3.407869374949589e-05, -2.282100866930379e-05, -0.01506757097390704, 0.0027091288037042888, 0.001376239266112831, -0.00012169506631910234, -0.00014441419548541718, -1.416125091532487e-05, -1.4161250915324897e-05, -1.1359564583157309e-05, -0.0181284387616773, -0.014164103541409873, -0.014164103541409845, 0.007082051770704936, 0.007082051770704936, -0.0181284387616773, -1.1359564583157309e-05, -0.0181284387616773, -0.0181284387616773, -0.0181284387616773, 0.6795276647952709, -1.1359564583409332e-05, 0.18850099391621156, 0.8680286587114825, 0.007082051770704943, 0.01406252967679554, -0.9732367179666923, 0.003964335220267415, -0.00018175303333051694, 0.006501338603673551, 0.007662764937736266, 0.0019821676101337074, -0.11327309532511398, 0.008205918527887249, 0.007082051770704943, 0.01506757097390704, 0.004813195239163071, -0.0008181433487448007, -0.00018175303333051694, -0.00018175303333051694, -3.407869374949589e-05, 0.00019886878983249416, 0.031207627475790423, 0.00906421938083865, -0.022833132329833902, -0.022833132329833902, 0.0126265380821802, 0.0006243458890500264, 0.0006243458890500264, 0.0005902671953005305, -0.0181284387616773, -0.0181284387616773, -0.0181284387616773, -0.0181284387616773, -0.0181284387616773, -0.014164103541409873, 0.17989818113870937, -0.014164103541409845, -1.1359564583157309e-05, 0.007082051770704936, -0.004825930177036586, -0.004825930177036586, -2.2719129166314618e-05, -1.416125091532487e-05, -3.407869374949589e-05, -3.407869374949589e-05, -2.271912916656664e-05, -0.007840188092189782, -0.004825930177036586, -0.02294993718033389, 0.02294993718033389, 0.02294993718033389, -0.02294993718033389, -0.0009910838050668537, -0.0009910838050668537, 0.04453504559880417, -0.014799475061794187, -0.0019821676101337074, -0.0019821676101337074, -0.0019821676101337074, -0.009943082913364237, -0.009943082913364237, -1.4645178554519185e-05, -1.321886551268776e-05, -1.426313041831409e-06, -1.321886551268776e-05, -1.321886551268776e-05, -0.05477001328822617, -9.194625144663291e-05, 0.0014155138145146885, -0.004825930177036586, -0.004825930177036586, -0.0009910838050668537, 0.014799475061794187, 0.0014155138145146885, -0.0028955682941722433, -0.0028955682941722433, 0.010477505059157594, 0.0019821676101337074, 0.17083618989406646, -0.02294993718033389, 0.003953281294193228, 0.0005902671953005305, -0.00012169506631910234, -4.574389684160055e-05, 0.2540628200480099, -0.007863009100859103, 0.2540628200480099, 0.0032506693018367755, 0.003831382468868133, -0.00044190234421026715, -0.00044190234421026715, 0.11312813777165343, 0.0007077569072573443, 0.0007077569072573443, -0.2961183165516683, 0.0007077569072573443, -0.328320452110769, -0.00012169506631910234, -0.00012169506631910234, -2.485859872906177e-05, -0.0009910838050668537, -3.519936828233949e-05, -0.0009910838050668537, -6.571227942723306e-06, -6.571227942723306e-06, -6.2146496822654425e-06, -2.9341296725229568e-05, -0.09414486206094472, -1.2429299364530885e-05, -3.519936828233949e-05, -1.2429299364530885e-05, -2.485859872906177e-05, -0.007863009100859103, 1.645353973255524e-05, -2.282100866930379e-05, -1.645353973255524e-05, 0.01506757097390704, 0.00011604075385318385, 0.00011604075385318385, -0.00011604075385318385, 2.2770068912377622e-05, 0.00011604075385318385, 0.0027091288037042888, 0.0013328895375914543, 0.0014979343324319355, 0.0014979343324319355, 0.010418299854726976, 0.016274690264924577, 0.0013328895375914543, 0.0013328895375914543, 0.0019821676101337143, 0.010916898142674991, 0.026328057740408528, -0.011260486766501543, 0.0019821676101337074, 0.040073844042552764, -0.01506757097390704, -2.9341296725229568e-05, -1.1359564583157309e-05, -1.1359564583157309e-05, -0.02294993718033389, 0.040073844042552764, -1.1359564583157309e-05, -1.1359564583157309e-05, -1.1359564583157309e-05, -0.00020811529634999997, 0.00019675573176684266, 0.0027585913024049426, -1.1359564583157309e-05, 0.008205918527887249, -0.20243856838259155, 0.0019821676101337074, 0.0032506693018367755, 0.003831382468868133, 0.009437353060532006, -2.271912916656664e-05, -2.9341296725229568e-05, -0.04913806342339144, 0.010916898142674991, -9.087651666525847e-05, 0.2616040879276351, -2.9341296725229568e-05, 0.005539952673727672, -2.9341296725229568e-05, -0.007035747536596887, -0.009437353060532006, -1.1359564583157309e-05, 0.22658484260657763, -0.004825930177036586, -0.004825930177036586, -0.004825930177036586, -0.01889604987693999, 0.01889604987693999, 0.010992390854388523, -2.9341296725229568e-05, -1.1359564583157309e-05, -1.1359564583157309e-05, 0.0013328895375914543, -0.007840188092189782, 0.021335197997401967, 0.0014979343324319355, 0.027490859447741853, -0.012847514724161097, -0.012847514724161097, -0.00011604075385318385, 0.03556241589126552, -0.014799475061794187, 0.9429476360901943, -0.9429476360901943, -0.026736237969129772, -1.1359564583157309e-05, -1.1359564583409332e-05, -4.543825833313328e-05, -0.0013328895375914543, -2.271912916656664e-05, -1.1359564583157309e-05, 1.1359564583157309e-05, -0.0009910838050668537, -0.01889604987693999, 0.0028955682941722433, -1.1359564583157309e-05, 0.007035747536596887, -0.0019821676101337074, -0.0019821676101337074, -0.0009910838050668537, -2.8016863321675945e-06, -2.282100866930379e-05, 1.7370455259446845e-05, -1.7370455259446845e-05, -0.0019821676101337074, -1.1359564583157309e-05, -2.2719129166314618e-05, -1.1359564583157309e-05, -0.01685061509544994, 0.00012169506631910234]","[1.2734937873494724e-06, 1.1359564583157309e-05, 1.1461444086145289e-05, 2.282100866930379e-05, 0.050939751493979, 0.0006243458890500264, 0.022833132329833902, 0.0028955682941722433, 0.009943082913364237, 3.61162838092311e-05, 0.2540628200480099, 0.00044190234421026715, 3.519936828233949e-05, 6.571227942723306e-06, 0.0002651414065261608, 1.645353973255524e-05, 0.0002651414065261608, 0.04913806342339144, 1.7370455259446845e-05, 0.040073844042552764, 0.012847514724161097, 0.9429476360901943, 0.01685061509544994, 1.1359564583157309e-05, 1.1461444086145289e-05, 0.0019821676101337074, 0.06677004336705594, 0.0181284387616773, 0.0181284387616773, 0.0181284387616773, 0.0181284387616773, 0.0181284387616773, 0.8680286587114825, 0.014164103541409873, 0.014164103541409845, 0.003964335220267415, 0.009686906903425552, 0.0014155138145146885, 0.003964335220267415, 0.014799475061794187, 0.04453504559880417, 0.0014155138145146885, 0.0014155138145146885, 0.0181284387616773, 0.0181284387616773, 0.0181284387616773, 0.0181284387616773, 0.0007077569072573443, 0.0181284387616773, 0.014164103541409873, 0.006501338603673551, 0.003953281294193228, 0.01506757097390704, 0.05477001328822617, 0.05477001328822617, 0.01506757097390704, 0.0014155138145146885, 0.0014155138145146885, 0.0019821676101337074, 3.407869374949589e-05, 2.282100866930379e-05, 3.407869374949589e-05, 0.000707756907257346, 0.0007077569072573443, 0.0014155138145146885, 0.027490859447741853, 0.00011604075385318385, 0.0012986070848360156, 0.01523287046718047, 0.01523287046718047, 0.002831027629029377, 0.00293509754100707, 0.0007077569072573443, 0.0007077569072573443, 1.1359564583157309e-05, 0.012785673866307412, 0.0005063920699263098, 0.012785673866307412, 2.9341296725229568e-05, 0.0014155138145146885, 0.00011604075385318385, 0.06677004336705594, 0.012785673866307412, 1.8723111128615302, 0.004825930177036586, 6.2146496822654425e-06, 6.2146496822654425e-06, 6.2146496822654425e-06, 0.00012169506631910234, 0.0002651414065261608, 0.0002651414065261608, 0.01647310059712892, 1.1359564583157309e-05, 0.0001325707032630804, 0.0002651414065261608, 0.01414148629174653, 1.2734937873494724e-06, 1.2734937873494724e-06, 1.2429299364530885e-05, 0.01262653808218021, 1.1359564583157309e-05, 0.007840188092189782, 2.271912916656664e-05, 0.05477001328822617, 0.01414148629174653, 0.007662764937736266, 0.0021232707217720345, 3.61162838092311e-05, 3.61162838092311e-05, 0.040073844042552764, 0.0007077569072573443, 0.017480536062425334, 0.01889604987693999, 4.543825833313328e-05, 0.04453504559880417, 0.014799475061794187, 0.001376239266112831, 0.01889604987693999, 0.01889604987693999, 0.0013669682313409495, 3.407869374949589e-05, 3.407869374949589e-05, 3.407869374949589e-05, 3.407869374949589e-05, 2.9341296725229568e-05, 2.9341296725229568e-05, 0.005539952673727672, 2.271912916656664e-05, 0.01506757097390704, 3.407869374949589e-05, 2.282100866930379e-05, 0.01506757097390704, 0.0027091288037042888, 0.001376239266112831, 0.00012169506631910234, 0.00014441419548541718, 1.416125091532487e-05, 1.4161250915324897e-05, 1.1359564583157309e-05, 0.0181284387616773, 0.014164103541409873, 0.014164103541409845, 0.007082051770704936, 0.007082051770704936, 0.0181284387616773, 1.1359564583157309e-05, 0.0181284387616773, 0.0181284387616773, 0.0181284387616773, 0.6795276647952709, 1.1359564583409332e-05, 0.18850099391621156, 0.8680286587114825, 0.007082051770704943, 0.01406252967679554, 0.9732367179666923, 0.003964335220267415, 0.00018175303333051694, 0.006501338603673551, 0.007662764937736266, 0.0019821676101337074, 0.11327309532511398, 0.008205918527887249, 0.007082051770704943, 0.01506757097390704, 0.004813195239163071, 0.0008181433487448007, 0.00018175303333051694, 0.00018175303333051694, 3.407869374949589e-05, 0.00019886878983249416, 0.031207627475790423, 0.00906421938083865, 0.022833132329833902, 0.022833132329833902, 0.0126265380821802, 0.0006243458890500264, 0.0006243458890500264, 0.0005902671953005305, 0.0181284387616773, 0.0181284387616773, 0.0181284387616773, 0.0181284387616773, 0.0181284387616773, 0.014164103541409873, 0.17989818113870937, 0.014164103541409845, 1.1359564583157309e-05, 0.007082051770704936, 0.004825930177036586, 0.004825930177036586, 2.2719129166314618e-05, 1.416125091532487e-05, 3.407869374949589e-05, 3.407869374949589e-05, 2.271912916656664e-05, 0.007840188092189782, 0.004825930177036586, 0.02294993718033389, 0.02294993718033389, 0.02294993718033389, 0.02294993718033389, 0.0009910838050668537, 0.0009910838050668537, 0.04453504559880417, 0.014799475061794187, 0.0019821676101337074, 0.0019821676101337074, 0.0019821676101337074, 0.009943082913364237, 0.009943082913364237, 1.4645178554519185e-05, 1.321886551268776e-05, 1.426313041831409e-06, 1.321886551268776e-05, 1.321886551268776e-05, 0.05477001328822617, 9.194625144663291e-05, 0.0014155138145146885, 0.004825930177036586, 0.004825930177036586, 0.0009910838050668537, 0.014799475061794187, 0.0014155138145146885, 0.0028955682941722433, 0.0028955682941722433, 0.010477505059157594, 0.0019821676101337074, 0.17083618989406646, 0.02294993718033389, 0.003953281294193228, 0.0005902671953005305, 0.00012169506631910234, 4.574389684160055e-05, 0.2540628200480099, 0.007863009100859103, 0.2540628200480099, 0.0032506693018367755, 0.003831382468868133, 0.00044190234421026715, 0.00044190234421026715, 0.11312813777165343, 0.0007077569072573443, 0.0007077569072573443, 0.2961183165516683, 0.0007077569072573443, 0.328320452110769, 0.00012169506631910234, 0.00012169506631910234, 2.485859872906177e-05, 0.0009910838050668537, 3.519936828233949e-05, 0.0009910838050668537, 6.571227942723306e-06, 6.571227942723306e-06, 6.2146496822654425e-06, 2.9341296725229568e-05, 0.09414486206094472, 1.2429299364530885e-05, 3.519936828233949e-05, 1.2429299364530885e-05, 2.485859872906177e-05, 0.007863009100859103, 1.645353973255524e-05, 2.282100866930379e-05, 1.645353973255524e-05, 0.01506757097390704, 0.00011604075385318385, 0.00011604075385318385, 0.00011604075385318385, 2.2770068912377622e-05, 0.00011604075385318385, 0.0027091288037042888, 0.0013328895375914543, 0.0014979343324319355, 0.0014979343324319355, 0.010418299854726976, 0.016274690264924577, 0.0013328895375914543, 0.0013328895375914543, 0.0019821676101337143, 0.010916898142674991, 0.026328057740408528, 0.011260486766501543, 0.0019821676101337074, 0.040073844042552764, 0.01506757097390704, 2.9341296725229568e-05, 1.1359564583157309e-05, 1.1359564583157309e-05, 0.02294993718033389, 0.040073844042552764, 1.1359564583157309e-05, 1.1359564583157309e-05, 1.1359564583157309e-05, 0.00020811529634999997, 0.00019675573176684266, 0.0027585913024049426, 1.1359564583157309e-05, 0.008205918527887249, 0.20243856838259155, 0.0019821676101337074, 0.0032506693018367755, 0.003831382468868133, 0.009437353060532006, 2.271912916656664e-05, 2.9341296725229568e-05, 0.04913806342339144, 0.010916898142674991, 9.087651666525847e-05, 0.2616040879276351, 2.9341296725229568e-05, 0.005539952673727672, 2.9341296725229568e-05, 0.007035747536596887, 0.009437353060532006, 1.1359564583157309e-05, 0.22658484260657763, 0.004825930177036586, 0.004825930177036586, 0.004825930177036586, 0.01889604987693999, 0.01889604987693999, 0.010992390854388523, 2.9341296725229568e-05, 1.1359564583157309e-05, 1.1359564583157309e-05, 0.0013328895375914543, 0.007840188092189782, 0.021335197997401967, 0.0014979343324319355, 0.027490859447741853, 0.012847514724161097, 0.012847514724161097, 0.00011604075385318385, 0.03556241589126552, 0.014799475061794187, 0.9429476360901943, 0.9429476360901943, 0.026736237969129772, 1.1359564583157309e-05, 1.1359564583409332e-05, 4.543825833313328e-05, 0.0013328895375914543, 2.271912916656664e-05, 1.1359564583157309e-05, 1.1359564583157309e-05, 0.0009910838050668537, 0.01889604987693999, 0.0028955682941722433, 1.1359564583157309e-05, 0.007035747536596887, 0.0019821676101337074, 0.0019821676101337074, 0.0009910838050668537, 2.8016863321675945e-06, 2.282100866930379e-05, 1.7370455259446845e-05, 1.7370455259446845e-05, 0.0019821676101337074, 1.1359564583157309e-05, 2.2719129166314618e-05, 1.1359564583157309e-05, 0.01685061509544994, 0.00012169506631910234]","['EX_glyclt_e', 'EX_mal__L_e', 'EX_for_e', 'DMPPS', 'FORtex', 'FUM', 'FADRx', 'GLYCLTt2rpp', 'GLYCLTtex', 'MALtex', 'ME2', 'PDX5PO2', 'OPHHX', 'PPPGO']","['EX_gua_e', 'EX_indole_e', '12DGR181tipp', 'EX_succ_e', 'EX_ura_e', '2MAHMP', 'AACTOOR', 'ACALD', 'ACGAMK', 'ACM6PH', '3PEPTabcpp', '4PCPpp', 'ACOATA', 'AGMH', 'AGMt2pp', 'AGPAT120', 'ALAALAD', 'ALAALAabcpp', 'ALAGLUE', 'ALATA_L2', 'ADPRDP', 'AGDC', 'ALDD2x', 'AGM3PApp', 'AGM4PApp', 'ASNNpp', 'ASNS1', 'ASNt2rpp', 'ANHMK', 'AOBUTDs', 'ASPabcpp', 'CA2t3pp', 'CMPN', 'COBALT2abcpp', 'CYSDS', 'CSND', 'DAAD', 'CU2abcpp', 'DAGK181', 'DCTPD', 'DRPA', 'DURIPP', 'ETHAAL', 'ETHAt2pp', 'FDH5pp', 'FORt2pp', 'FRD3', 'FTHFD', 'FACOAL120t2pp', 'FACOAL160t2pp', 'FACOAL161t2pp', 'G3PAT120', 'FBA3', 'G3PD7', 'G6PDA', 'FE3Ri', 'GLYAT', 'GLYC3Pt6pp', 'GUAtex', 'GUAtpp', 'H2SO', 'GLYCTO3', 'GLYOX3', 'GPDDA2pp', 'LADGMDH', 'LALGP', 'INDOLEt2rpp', 'INDOLEtex', 'LDH_D', 'LPLIPAL1A120pp', 'LDH_D2', 'MACPD', 'MALS', 'MALt2_2pp', 'LPLIPAL1E160pp', 'LPLIPAL1E161pp', 'MGSA', 'MLDCP1App', 'MDDEP2pp', 'MLTGY2pp', 'NI2abcpp', 'NACODA', 'NNAM', 'NADN', 'NADPPPS', 'NAMNPP', 'NTD1', 'NTD6', 'NTPP1', 'NTD8', 'NTD9', 'NTPP4', 'NTPP5', 'NTPP7', 'NTPP8', 'NTPTP2', 'P5CD', 'PA120abcpp', 'PA181abcpp', 'PAPA181pp', 'OPHHX3', 'PFK_3', 'PLIPA2A120pp', 'PLIPA2E160pp', 'PLIPA2E161pp', 'PPA2', 'PPM2', 'PPS', 'SERD_L', 'PUNP2', 'PUNP3', 'PUNP4', 'PYAM5PO', 'THRD', 'SUCCt3pp', 'SUCCtex', 'TDP', 'ZN2abcpp', 'URAtex', 'RNTR2c2']","['EX_cobalt2_e', 'DM_4crsol_c', 'DM_5drib_c', 'DM_mththf_c', 'BIOMASS_Ec_iJO1366_core_53p95M', 'EX_k_e', 'EX_cu2_e', 'EX_mg2_e', 'EX_mn2_e', 'EX_mobd_e', 'EX_ca2_e', 'EX_ni2_e', 'EX_cl_e', 'EX_pi_e', 'EX_zn2_e', 'EX_so4_e', '5DOAN', 'A5PISO', 'ACACT1r', 'ACACT2r', 'ACACT3r', 'ACACT4r', 'ACACT5r', 'ACACT6r', 'ACACT7r', '3OAR140', '3OAS140', 'ACHBS', 'ACLS', 'ACOAD1f', 'ACOAD2f', 'ACOAD3f', 'ACOAD4f', 'ACOAD5f', 'ACOAD6f', 'ACOAD7f', 'ACODA', 'ACONTa', 'ACONTb', 'ACOTA', 'ADCL', 'AHCYSNS', 'ADCS', 'ADPT', 'ADSL1r', 'ADSS', 'AMPMS2', 'ASP1DC', 'ASPO6', 'ATPM', 'ATPPRT', 'BMOCOS', 'BMOGDS1', 'BMOGDS2', 'CDPMEK', 'CA2tex', 'CHORM', 'CHRPL', 'CLt3_2pp', 'CLtex', 'COBALT2tex', 'CPMPS', 'CPPPGO', 'CYSTL', 'APRAUR', 'CS', 'CTECOAI7', 'CU2tex', 'DALAt2pp', 'DAPDC', 'DAPE', 'DB4PS', 'DHAD1', 'DHAD2', 'DHDPRy', 'DHDPS', 'DHFR', 'DHFS', 'DNMPPA', 'DNTPPA', 'DHNPA2r', 'DPCOAK', 'DPR', 'DHPPDA2', 'ARGSL', 'DHPS2', 'DHPTDCs2', 'ARGSS', 'DUTPDP', 'DXPRIi', 'DXPS', 'DMATT', 'E4PD', 'ECOAH5', 'ECOAH6', 'ECOAH7', 'ECOAH1', 'FCLT', 'ECOAH2', 'ECOAH3', 'ECOAH4', 'FMNAT', 'G1SAT', 'G5SADs', 'FE2tpp', 'GLUTRR', 'GLUTRS', 'GCALDD', 'HACD1', 'HACD2', 'HACD3', 'HACD4', 'HACD5', 'HACD6', 'HACD7', 'HBZOPT', 'HISTD', 'HISTP', 'HMBS', 'GRTT', 'HPPK2', 'GTPCI', 'GTPCII2', 'HSST', 'HSTPT', 'IPMD', 'IPPMIa', 'IPPMIb', 'IPPS', 'K2L4Aabcpp', 'K2L4Aabctex', 'KARA1', 'KARA2', 'KDOCT2', 'KDOPP', 'KDOPS', 'Kt2pp', 'Ktex', 'I2FE2SS', 'I2FE2SS2', 'I2FE2ST', 'I4FE4SR', 'I4FE4ST', 'ICDHyr', 'ICYSDS', 'IG3PS', 'IGPDH', 'LPADSS', 'ILETA', 'LEUTAi', 'MEPCT', 'METAT', 'METS', 'MG2t3_2pp', 'MG2tex', 'MDH', 'MECDPDH5', 'MECDPS', 'MOADSUx', 'MOAT', 'MN2tpp', 'MOAT2', 'MOBDabcpp', 'MOBDtex', 'MOCOS', 'MOHMT', 'MOX', 'MPTAT', 'MNtex', 'MPTS', 'MPTSS', 'MTHFR2', 'MTHTHFSs', 'NI2tex', 'NNDPR', 'P5CR', 'OCBT', 'PANTS', 'OCTDPS', 'OHPBAT', 'OMCDC', 'OPHBDC', 'PDX5PS', 'PE161abcpp', 'PERD', 'PFL', 'PHETA1', 'PMDPHT', 'PNTK', 'PItex', 'PPBNGS', 'PPC', 'PPCDC', 'PPNCL2', 'PPND', 'PPNDH', 'PRAMPC', 'PRATPP', 'PRMICI', 'SDPDS', 'SDPTA', 'PTPATi', 'SHCHD2', 'SHCHF', 'SHSL1', 'SO4t2pp', 'SO4tex', 'QULNS', 'THRD_L', 'SUCOAS', 'THZPSN3', 'RBFK', 'RBFSa', 'TMDS', 'RBFSb', 'TMPPP', 'TDSK', 'THDPS', 'TRPAS2', 'TYRL', 'TYRTA', 'U23GAAT', 'UAGAAT', 'USHD', 'UDCPDPS', 'RHCCE', 'Zn2tex', 'UHGADA', 'UPP3MT', 'UPP3S', 'UPPDC1']",FUM,SUCCtex,19.367603470898743,1,365,231,61.0,-2.6782895877528534,iJO1366,PSL,True,True,-15.7739435048343,-16.2435967224229,0.0,0.0
130,"['AACPS1', 'AACPS3', '3HAD160', 'ACACT7r', '3OAR160', '3OAS160', 'ACOAD7f', 'ACOATA', 'EAR160x', 'ECOAH7', 'FACOAE140', 'FACOAE160', 'FADRx2', 'HACD7', 'MACPD']","[0.11910914368938295, -0.11910914368859998, 0.11910914368859998, -0.11910914368860001, 0.11910914368859998, 0.11910914368859998, 0.11910914368859998, 0.11910914368795689, 0.11910914368859998, -0.11910914368860001, 0.11910914368858215, -0.11910914368859998, -0.11910914368872483, -0.11910914368860001, -0.11910914368806402]","[0.11910914368938295, 0.11910914368859998, 0.11910914368859998, 0.11910914368860001, 0.11910914368859998, 0.11910914368859998, 0.11910914368859998, 0.11910914368795689, 0.11910914368859998, 0.11910914368860001, 0.11910914368858215, 0.11910914368859998, 0.11910914368872483, 0.11910914368860001, 0.11910914368806402]","['AACPS3', 'FACOAE160', 'FADRx2', 'MACPD']","['3HAD160', '3OAR160', '3OAS160', 'EAR160x']","['AACPS1', 'ACACT7r', 'ACOAD7f', 'ACOATA', 'ECOAH7', 'FACOAE140', 'HACD7']",FACOAE160,3HAD160,1.7866371553321205,1,15,7,1.0,0.11910914368913303,iJO1366,PSL,False,False,0.0,0.0,0.0,0.0
131,"['AACPS1', 'AACPS3', '3HAD160', 'ACACT7r', '3OAR160', '3OAS160', 'ACOAD7f', 'ACOATA', 'EAR160x', 'ECOAH7', 'FACOAE140', 'FACOAE160', 'FADRx2', 'HACD7', 'MACPD']","[0.11910914368938295, -0.11910914368859998, 0.11910914368859998, -0.11910914368860001, 0.11910914368859998, 0.11910914368859998, 0.11910914368859998, 0.11910914368795689, 0.11910914368859998, -0.11910914368860001, 0.11910914368858215, -0.11910914368859998, -0.11910914368872483, -0.11910914368860001, -0.11910914368806402]","[0.11910914368938295, 0.11910914368859998, 0.11910914368859998, 0.11910914368860001, 0.11910914368859998, 0.11910914368859998, 0.11910914368859998, 0.11910914368795689, 0.11910914368859998, 0.11910914368860001, 0.11910914368858215, 0.11910914368859998, 0.11910914368872483, 0.11910914368860001, 0.11910914368806402]","['AACPS3', 'FACOAE160', 'FADRx2', 'MACPD']","['3HAD160', '3OAR160', '3OAS160', 'EAR160x']","['AACPS1', 'ACACT7r', 'ACOAD7f', 'ACOATA', 'ECOAH7', 'FACOAE140', 'HACD7']",FACOAE160,3OAR160,1.7866371553321205,1,15,7,1.0,0.11910914368913303,iJO1366,PSL,False,False,0.0,0.0,0.0,0.0
132,"['AACPS1', 'AACPS3', '3HAD160', 'ACACT7r', '3OAR160', '3OAS160', 'ACOAD7f', 'ACOATA', 'EAR160x', 'ECOAH7', 'FACOAE140', 'FACOAE160', 'FADRx2', 'HACD7', 'MACPD']","[0.11910914368938295, -0.11910914368859998, 0.11910914368859998, -0.11910914368860001, 0.11910914368859998, 0.11910914368859998, 0.11910914368859998, 0.11910914368795689, 0.11910914368859998, -0.11910914368860001, 0.11910914368858215, -0.11910914368859998, -0.11910914368872483, -0.11910914368860001, -0.11910914368806402]","[0.11910914368938295, 0.11910914368859998, 0.11910914368859998, 0.11910914368860001, 0.11910914368859998, 0.11910914368859998, 0.11910914368859998, 0.11910914368795689, 0.11910914368859998, 0.11910914368860001, 0.11910914368858215, 0.11910914368859998, 0.11910914368872483, 0.11910914368860001, 0.11910914368806402]","['AACPS3', 'FACOAE160', 'FADRx2', 'MACPD']","['3HAD160', '3OAR160', '3OAS160', 'EAR160x']","['AACPS1', 'ACACT7r', 'ACOAD7f', 'ACOATA', 'ECOAH7', 'FACOAE140', 'HACD7']",FACOAE160,3OAS160,1.7866371553321205,1,15,7,1.0,0.11910914368913303,iJO1366,PSL,False,False,0.0,0.0,0.0,0.0
133,"['AACPS2', 'AACPS4', '3HAD161', 'ACACT7r', '3OAR161', '3OAS161', 'ACOAD6f', 'ACOATA', 'CTECOAI6', 'CTECOAI7', 'EAR161x', 'ECOAH7', 'FACOAE141', 'FACOAE161', 'FADRx2', 'HACD7', 'MACPD']","[0.14038729955486182, -0.1403872995486, 0.14038729954863002, -0.14038729954857454, 0.14038729954863002, 0.14038729954863002, 0.14038729954865511, 0.1403872995484739, -0.14038729954865511, 0.1403872995486, 0.14038729954863002, -0.14038729954857454, 0.14038729954865511, -0.1403872995486, -0.14038729954881646, -0.14038729954857454, -0.1403872995484739]","[0.14038729955486182, 0.1403872995486, 0.14038729954863002, 0.14038729954857454, 0.14038729954863002, 0.14038729954863002, 0.14038729954865511, 0.1403872995484739, 0.14038729954865511, 0.1403872995486, 0.14038729954863002, 0.14038729954857454, 0.14038729954865511, 0.1403872995486, 0.14038729954881646, 0.14038729954857454, 0.1403872995484739]","['AACPS4', 'CTECOAI7', 'FACOAE161', 'FADRx2', 'MACPD']","['AACPS2', '3HAD161', '3OAR161', '3OAS161', 'EAR161x', 'FACOAE141']","['ACACT7r', 'ACOAD6f', 'ACOATA', 'CTECOAI6', 'ECOAH7', 'HACD7']",FACOAE161,3HAD161,2.386584092328164,1,17,6,1.0,0.14038729955489693,iJO1366,PSL,False,False,0.0,0.0,0.0,0.0
134,"['AACPS2', 'AACPS4', '3HAD161', 'ACACT7r', '3OAR161', '3OAS161', 'ACOAD6f', 'ACOATA', 'CTECOAI6', 'CTECOAI7', 'EAR161x', 'ECOAH7', 'FACOAE141', 'FACOAE161', 'FADRx2', 'HACD7', 'MACPD']","[0.14038729955486182, -0.1403872995486, 0.14038729954863002, -0.14038729954857454, 0.14038729954863002, 0.14038729954863002, 0.14038729954865511, 0.1403872995484739, -0.14038729954865511, 0.1403872995486, 0.14038729954863002, -0.14038729954857454, 0.14038729954865511, -0.1403872995486, -0.14038729954881646, -0.14038729954857454, -0.1403872995484739]","[0.14038729955486182, 0.1403872995486, 0.14038729954863002, 0.14038729954857454, 0.14038729954863002, 0.14038729954863002, 0.14038729954865511, 0.1403872995484739, 0.14038729954865511, 0.1403872995486, 0.14038729954863002, 0.14038729954857454, 0.14038729954865511, 0.1403872995486, 0.14038729954881646, 0.14038729954857454, 0.1403872995484739]","['AACPS4', 'CTECOAI7', 'FACOAE161', 'FADRx2', 'MACPD']","['AACPS2', '3HAD161', '3OAR161', '3OAS161', 'EAR161x', 'FACOAE141']","['ACACT7r', 'ACOAD6f', 'ACOATA', 'CTECOAI6', 'ECOAH7', 'HACD7']",FACOAE161,3OAR161,2.386584092328164,1,17,6,1.0,0.14038729955489693,iJO1366,PSL,False,False,0.0,0.0,0.0,0.0
135,"['AACPS2', 'AACPS4', '3HAD161', 'ACACT7r', '3OAR161', '3OAS161', 'ACOAD6f', 'ACOATA', 'CTECOAI6', 'CTECOAI7', 'EAR161x', 'ECOAH7', 'FACOAE141', 'FACOAE161', 'FADRx2', 'HACD7', 'MACPD']","[0.14038729955486182, -0.1403872995486, 0.14038729954863002, -0.14038729954857454, 0.14038729954863002, 0.14038729954863002, 0.14038729954865511, 0.1403872995484739, -0.14038729954865511, 0.1403872995486, 0.14038729954863002, -0.14038729954857454, 0.14038729954865511, -0.1403872995486, -0.14038729954881646, -0.14038729954857454, -0.1403872995484739]","[0.14038729955486182, 0.1403872995486, 0.14038729954863002, 0.14038729954857454, 0.14038729954863002, 0.14038729954863002, 0.14038729954865511, 0.1403872995484739, 0.14038729954865511, 0.1403872995486, 0.14038729954863002, 0.14038729954857454, 0.14038729954865511, 0.1403872995486, 0.14038729954881646, 0.14038729954857454, 0.1403872995484739]","['AACPS4', 'CTECOAI7', 'FACOAE161', 'FADRx2', 'MACPD']","['AACPS2', '3HAD161', '3OAR161', '3OAS161', 'EAR161x', 'FACOAE141']","['ACACT7r', 'ACOAD6f', 'ACOATA', 'CTECOAI6', 'ECOAH7', 'HACD7']",FACOAE161,3OAS161,2.386584092328164,1,17,6,1.0,0.14038729955489693,iJO1366,PSL,False,False,0.0,0.0,0.0,0.0
136,"['ACPPAT160', 'APG3PAT160', 'G3PAT160']","[0.05955457184429999, 0.05955457184429999, -0.05955457184429999]","[0.05955457184429999, 0.05955457184429999, 0.05955457184429999]",['G3PAT160'],"['ACPPAT160', 'APG3PAT160']",[],G3PAT160,ACPPAT160,0.17866371553289997,1,3,0,1.0,0.05955457184429999,iJO1366,PSL,False,False,0.0,0.0,0.0,0.0
137,"['ACPPAT160', 'APG3PAT160', 'G3PAT160']","[0.05955457184429999, 0.05955457184429999, -0.05955457184429999]","[0.05955457184429999, 0.05955457184429999, 0.05955457184429999]",['G3PAT160'],"['ACPPAT160', 'APG3PAT160']",[],G3PAT160,APG3PAT160,0.17866371553289997,1,3,0,1.0,0.05955457184429999,iJO1366,PSL,False,False,0.0,0.0,0.0,0.0
138,"['ACPPAT161', 'APG3PAT161', 'G3PAT161']","[0.0701936497743, 0.0701936497743, -0.0701936497743]","[0.0701936497743, 0.0701936497743, 0.0701936497743]",['G3PAT161'],"['ACPPAT161', 'APG3PAT161']",[],G3PAT161,ACPPAT161,0.2105809493229,1,3,0,1.0,0.0701936497743,iJO1366,PSL,False,False,0.0,0.0,0.0,0.0
139,"['ACPPAT161', 'APG3PAT161', 'G3PAT161']","[0.0701936497743, 0.0701936497743, -0.0701936497743]","[0.0701936497743, 0.0701936497743, 0.0701936497743]",['G3PAT161'],"['ACPPAT161', 'APG3PAT161']",[],G3PAT161,APG3PAT161,0.2105809493229,1,3,0,1.0,0.0701936497743,iJO1366,PSL,False,False,0.0,0.0,0.0,0.0
140,"['ACALD', 'ACGK', 'ACGS', 'AGPR', 'ALDD2x', 'G5SD', 'GLU5K', 'NACODA']","[0.20630012033199902, 0.20630012033382333, 0.20630012033382333, -0.20630012033382333, -0.20630012033287276, -0.20630012033474998, -0.20630012033474998, 0.20630012033477646]","[0.20630012033199902, 0.20630012033382333, 0.20630012033382333, 0.20630012033382333, 0.20630012033287276, 0.20630012033474998, 0.20630012033474998, 0.20630012033477646]",['NACODA'],"['ALDD2x', 'G5SD', 'GLU5K']","['ACALD', 'ACGK', 'ACGS', 'AGPR']",G5SD,NACODA,1.6504009626793834,1,8,4,0.0,-1.7739143487460751e-12,iJO1366,PSL,False,False,0.0,0.0,0.0,0.0
141,"['GLCtex_copy1', 'GLCtex_copy2']","[-9.506554743701031, 9.506554743701026]","[9.506554743701031, 9.506554743701026]",['GLCtex_copy1'],['GLCtex_copy2'],[],GLCtex_copy1,GLCtex_copy2,19.01310948740205,1,2,0,-0.0,5.329070518200751e-15,iJO1366,PSL,True,False,-999.375313688495,0.0,0.0,0.0
142,"['ACALD', 'ACGK', 'ACGS', 'AGPR', 'ALDD2x', 'G5SD', 'GLU5K', 'NACODA']","[0.20630012033199902, 0.20630012033382333, 0.20630012033382333, -0.20630012033382333, -0.20630012033287276, -0.20630012033474998, -0.20630012033474998, 0.20630012033477646]","[0.20630012033199902, 0.20630012033382333, 0.20630012033382333, 0.20630012033382333, 0.20630012033287276, 0.20630012033474998, 0.20630012033474998, 0.20630012033477646]",['NACODA'],"['ALDD2x', 'G5SD', 'GLU5K']","['ACALD', 'ACGK', 'ACGS', 'AGPR']",GLU5K,NACODA,1.6504009626793834,1,8,4,0.0,-1.7739143487460751e-12,iJO1366,PSL,False,False,0.0,0.0,0.0,0.0
143,"['GLUDy', 'GLUN', 'GLUSy']","[7.929942192653657, -7.929942192669167, 7.92994219265376]","[7.929942192653657, 7.929942192669167, 7.92994219265376]",['GLUSy'],"['GLUDy', 'GLUN']",[],GLUDy,GLUSy,23.78982657795977,1,3,0,-1.0,-7.92994219263825,iJO1366,PSL,True,False,-484.485160027378,0.0,0.0,0.0005658461641306
144,"['3HAD100', '3HAD40', '3HAD60', '3HAD80', 'ACACT1r', 'ACACT2r', 'ACACT3r', 'ACACT4r', '3OAR100', '3OAR40', '3OAR60', '3OAR80', '3OAS100', '3OAS60', '3OAS80', 'ACOAD1f', 'ACOAD2f', 'ACOAD3f', 'ACOAD4f', 'ACOATA', 'EAR100x', 'EAR40x', 'EAR60x', 'EAR80x', 'ECOAH1', 'ECOAH2', 'ECOAH3', 'ECOAH4', 'FA100ACPHi', 'FACOAE100', 'FADRx2', 'HACD1', 'HACD2', 'HACD3', 'HACD4', 'KAS15', 'MACPD']","[0.332125881906042, 0.332125881906042, 0.332125881906042, 0.332125881906042, -0.3321258819060328, -0.3321258819060328, -0.3321258819060328, -0.3321258819060328, 0.332125881906042, 0.332125881906042, 0.332125881906042, 0.332125881906042, 0.332125881906042, 0.332125881906042, 0.332125881906042, 0.3321258819060328, 0.3321258819060328, 0.3321258819060328, 0.3321258819060328, 1.3285035276242407, 0.332125881906042, 0.332125881906042, 0.332125881906042, 0.332125881906042, -0.3321258819060328, -0.3321258819060328, -0.3321258819060328, -0.3321258819060328, 0.3321258819057089, -0.3321258819060328, -1.3285035276278068, -0.3321258819060328, -0.3321258819060328, -0.3321258819060328, -0.3321258819060328, 0.332125881906042, -1.3285035276242407]","[0.332125881906042, 0.332125881906042, 0.332125881906042, 0.332125881906042, 0.3321258819060328, 0.3321258819060328, 0.3321258819060328, 0.3321258819060328, 0.332125881906042, 0.332125881906042, 0.332125881906042, 0.332125881906042, 0.332125881906042, 0.332125881906042, 0.332125881906042, 0.3321258819060328, 0.3321258819060328, 0.3321258819060328, 0.3321258819060328, 1.3285035276242407, 0.332125881906042, 0.332125881906042, 0.332125881906042, 0.332125881906042, 0.3321258819060328, 0.3321258819060328, 0.3321258819060328, 0.3321258819060328, 0.3321258819057089, 0.3321258819060328, 1.3285035276278068, 0.3321258819060328, 0.3321258819060328, 0.3321258819060328, 0.3321258819060328, 0.332125881906042, 1.3285035276242407]","['3HAD100', '3HAD40', '3HAD60', '3HAD80', '3OAR100', '3OAR40', '3OAR60', '3OAR80', '3OAS100', '3OAS60', '3OAS80', 'EAR100x', 'EAR40x', 'EAR60x', 'EAR80x', 'FA100ACPHi', 'KAS15']","['ACACT1r', 'ACACT2r', 'ACACT3r', 'ACACT4r', 'ACOAD1f', 'ACOAD2f', 'ACOAD3f', 'ACOAD4f', 'ACOATA', 'ECOAH1', 'ECOAH2', 'ECOAH3', 'ECOAH4', 'FACOAE100', 'FADRx2', 'HACD1', 'HACD2', 'HACD3', 'HACD4', 'MACPD']",[],HACD1,3HAD100,15.27779056767757,1,37,0,-7.0,-1.3285035276202786,iJO1366,PSL,True,False,-8.86501624095338,0.0,0.273154376759635,0.0
145,"['3HAD40', '3HAD60', '3HAD80', 'ACACT1r', 'ACACT2r', 'ACACT3r', '3OAR40', '3OAR60', '3OAR80', '3OAS60', '3OAS80', 'ACOAD1f', 'ACOAD2f', 'ACOAD3f', 'ACOATA', 'EAR40x', 'EAR60x', 'EAR80x', 'ECOAH1', 'ECOAH2', 'ECOAH3', 'FA80ACPHi', 'FACOAE80', 'FADRx2', 'HACD1', 'HACD2', 'HACD3', 'KAS15', 'MACPD']","[0.3321258819060322, 0.3321258819060322, 0.332125881906, -0.332125881906, -0.332125881906, -0.332125881906, 0.3321258819060322, 0.3321258819060322, 0.332125881906, 0.3321258819060322, 0.332125881906, 0.332125881906, 0.332125881906, 0.332125881906, 0.9963776457181219, 0.3321258819060322, 0.3321258819060322, 0.332125881906, -0.332125881906, -0.332125881906, -0.332125881906, 0.33212588190515047, -0.332125881906, -0.9963776457146418, -0.332125881906, -0.332125881906, -0.332125881906, 0.3321258819060322, -0.9963776457181219]","[0.3321258819060322, 0.3321258819060322, 0.332125881906, 0.332125881906, 0.332125881906, 0.332125881906, 0.3321258819060322, 0.3321258819060322, 0.332125881906, 0.3321258819060322, 0.332125881906, 0.332125881906, 0.332125881906, 0.332125881906, 0.9963776457181219, 0.3321258819060322, 0.3321258819060322, 0.332125881906, 0.332125881906, 0.332125881906, 0.332125881906, 0.33212588190515047, 0.332125881906, 0.9963776457146418, 0.332125881906, 0.332125881906, 0.332125881906, 0.3321258819060322, 0.9963776457181219]","['3HAD40', '3HAD60', '3HAD80', '3OAR40', '3OAR60', '3OAR80', '3OAS60', '3OAS80', 'EAR40x', 'EAR60x', 'EAR80x', 'FA80ACPHi', 'KAS15']","['ACACT1r', 'ACACT2r', 'ACACT3r', 'ACOAD1f', 'ACOAD2f', 'ACOAD3f', 'ACOATA', 'ECOAH1', 'ECOAH2', 'ECOAH3', 'FACOAE80', 'FADRx2', 'HACD1', 'HACD2', 'HACD3', 'MACPD']",[],HACD1,3HAD40,11.624405866710797,1,29,0,-5.0,-0.9963776457207665,iJO1366,PSL,True,False,-8.86501624095338,0.0,0.273154376759635,0.0
146,"['3HAD40', '3HAD60', '3HAD80', 'ACACT1r', 'ACACT2r', 'ACACT3r', '3OAR40', '3OAR60', '3OAR80', '3OAS60', '3OAS80', 'ACOAD1f', 'ACOAD2f', 'ACOAD3f', 'ACOATA', 'EAR40x', 'EAR60x', 'EAR80x', 'ECOAH1', 'ECOAH2', 'ECOAH3', 'FA80ACPHi', 'FACOAE80', 'FADRx2', 'HACD1', 'HACD2', 'HACD3', 'KAS15', 'MACPD']","[0.3321258819060322, 0.3321258819060322, 0.332125881906, -0.332125881906, -0.332125881906, -0.332125881906, 0.3321258819060322, 0.3321258819060322, 0.332125881906, 0.3321258819060322, 0.332125881906, 0.332125881906, 0.332125881906, 0.332125881906, 0.9963776457181219, 0.3321258819060322, 0.3321258819060322, 0.332125881906, -0.332125881906, -0.332125881906, -0.332125881906, 0.33212588190515047, -0.332125881906, -0.9963776457146418, -0.332125881906, -0.332125881906, -0.332125881906, 0.3321258819060322, -0.9963776457181219]","[0.3321258819060322, 0.3321258819060322, 0.332125881906, 0.332125881906, 0.332125881906, 0.332125881906, 0.3321258819060322, 0.3321258819060322, 0.332125881906, 0.3321258819060322, 0.332125881906, 0.332125881906, 0.332125881906, 0.332125881906, 0.9963776457181219, 0.3321258819060322, 0.3321258819060322, 0.332125881906, 0.332125881906, 0.332125881906, 0.332125881906, 0.33212588190515047, 0.332125881906, 0.9963776457146418, 0.332125881906, 0.332125881906, 0.332125881906, 0.3321258819060322, 0.9963776457181219]","['3HAD40', '3HAD60', '3HAD80', '3OAR40', '3OAR60', '3OAR80', '3OAS60', '3OAS80', 'EAR40x', 'EAR60x', 'EAR80x', 'FA80ACPHi', 'KAS15']","['ACACT1r', 'ACACT2r', 'ACACT3r', 'ACOAD1f', 'ACOAD2f', 'ACOAD3f', 'ACOATA', 'ECOAH1', 'ECOAH2', 'ECOAH3', 'FACOAE80', 'FADRx2', 'HACD1', 'HACD2', 'HACD3', 'MACPD']",[],HACD1,3HAD60,11.624405866710797,1,29,0,-5.0,-0.9963776457207665,iJO1366,PSL,True,False,-8.86501624095338,0.0,0.273154376759635,0.0
147,"['3HAD40', '3HAD60', '3HAD80', 'ACACT1r', 'ACACT2r', 'ACACT3r', '3OAR40', '3OAR60', '3OAR80', '3OAS60', '3OAS80', 'ACOAD1f', 'ACOAD2f', 'ACOAD3f', 'ACOATA', 'EAR40x', 'EAR60x', 'EAR80x', 'ECOAH1', 'ECOAH2', 'ECOAH3', 'FA80ACPHi', 'FACOAE80', 'FADRx2', 'HACD1', 'HACD2', 'HACD3', 'KAS15', 'MACPD']","[0.3321258819060322, 0.3321258819060322, 0.332125881906, -0.332125881906, -0.332125881906, -0.332125881906, 0.3321258819060322, 0.3321258819060322, 0.332125881906, 0.3321258819060322, 0.332125881906, 0.332125881906, 0.332125881906, 0.332125881906, 0.9963776457181219, 0.3321258819060322, 0.3321258819060322, 0.332125881906, -0.332125881906, -0.332125881906, -0.332125881906, 0.33212588190515047, -0.332125881906, -0.9963776457146418, -0.332125881906, -0.332125881906, -0.332125881906, 0.3321258819060322, -0.9963776457181219]","[0.3321258819060322, 0.3321258819060322, 0.332125881906, 0.332125881906, 0.332125881906, 0.332125881906, 0.3321258819060322, 0.3321258819060322, 0.332125881906, 0.3321258819060322, 0.332125881906, 0.332125881906, 0.332125881906, 0.332125881906, 0.9963776457181219, 0.3321258819060322, 0.3321258819060322, 0.332125881906, 0.332125881906, 0.332125881906, 0.332125881906, 0.33212588190515047, 0.332125881906, 0.9963776457146418, 0.332125881906, 0.332125881906, 0.332125881906, 0.3321258819060322, 0.9963776457181219]","['3HAD40', '3HAD60', '3HAD80', '3OAR40', '3OAR60', '3OAR80', '3OAS60', '3OAS80', 'EAR40x', 'EAR60x', 'EAR80x', 'FA80ACPHi', 'KAS15']","['ACACT1r', 'ACACT2r', 'ACACT3r', 'ACOAD1f', 'ACOAD2f', 'ACOAD3f', 'ACOATA', 'ECOAH1', 'ECOAH2', 'ECOAH3', 'FACOAE80', 'FADRx2', 'HACD1', 'HACD2', 'HACD3', 'MACPD']",[],HACD1,3HAD80,11.624405866710797,1,29,0,-5.0,-0.9963776457207665,iJO1366,PSL,True,False,-8.86501624095338,0.0,0.273154376759635,0.0
148,"['3HAD100', '3HAD40', '3HAD60', '3HAD80', 'ACACT1r', 'ACACT2r', 'ACACT3r', 'ACACT4r', '3OAR100', '3OAR40', '3OAR60', '3OAR80', '3OAS100', '3OAS60', '3OAS80', 'ACOAD1f', 'ACOAD2f', 'ACOAD3f', 'ACOAD4f', 'ACOATA', 'EAR100x', 'EAR40x', 'EAR60x', 'EAR80x', 'ECOAH1', 'ECOAH2', 'ECOAH3', 'ECOAH4', 'FA100ACPHi', 'FACOAE100', 'FADRx2', 'HACD1', 'HACD2', 'HACD3', 'HACD4', 'KAS15', 'MACPD']","[0.332125881906042, 0.332125881906042, 0.332125881906042, 0.332125881906042, -0.3321258819060328, -0.3321258819060328, -0.3321258819060328, -0.3321258819060328, 0.332125881906042, 0.332125881906042, 0.332125881906042, 0.332125881906042, 0.332125881906042, 0.332125881906042, 0.332125881906042, 0.3321258819060328, 0.3321258819060328, 0.3321258819060328, 0.3321258819060328, 1.3285035276242407, 0.332125881906042, 0.332125881906042, 0.332125881906042, 0.332125881906042, -0.3321258819060328, -0.3321258819060328, -0.3321258819060328, -0.3321258819060328, 0.3321258819057089, -0.3321258819060328, -1.3285035276278068, -0.3321258819060328, -0.3321258819060328, -0.3321258819060328, -0.3321258819060328, 0.332125881906042, -1.3285035276242407]","[0.332125881906042, 0.332125881906042, 0.332125881906042, 0.332125881906042, 0.3321258819060328, 0.3321258819060328, 0.3321258819060328, 0.3321258819060328, 0.332125881906042, 0.332125881906042, 0.332125881906042, 0.332125881906042, 0.332125881906042, 0.332125881906042, 0.332125881906042, 0.3321258819060328, 0.3321258819060328, 0.3321258819060328, 0.3321258819060328, 1.3285035276242407, 0.332125881906042, 0.332125881906042, 0.332125881906042, 0.332125881906042, 0.3321258819060328, 0.3321258819060328, 0.3321258819060328, 0.3321258819060328, 0.3321258819057089, 0.3321258819060328, 1.3285035276278068, 0.3321258819060328, 0.3321258819060328, 0.3321258819060328, 0.3321258819060328, 0.332125881906042, 1.3285035276242407]","['3HAD100', '3HAD40', '3HAD60', '3HAD80', '3OAR100', '3OAR40', '3OAR60', '3OAR80', '3OAS100', '3OAS60', '3OAS80', 'EAR100x', 'EAR40x', 'EAR60x', 'EAR80x', 'FA100ACPHi', 'KAS15']","['ACACT1r', 'ACACT2r', 'ACACT3r', 'ACACT4r', 'ACOAD1f', 'ACOAD2f', 'ACOAD3f', 'ACOAD4f', 'ACOATA', 'ECOAH1', 'ECOAH2', 'ECOAH3', 'ECOAH4', 'FACOAE100', 'FADRx2', 'HACD1', 'HACD2', 'HACD3', 'HACD4', 'MACPD']",[],HACD1,3OAR100,15.27779056767757,1,37,0,-7.0,-1.3285035276202786,iJO1366,PSL,True,False,-8.86501624095338,0.0,0.273154376759635,0.0
149,"['3HAD40', '3HAD60', '3HAD80', 'ACACT1r', 'ACACT2r', 'ACACT3r', '3OAR40', '3OAR60', '3OAR80', '3OAS60', '3OAS80', 'ACOAD1f', 'ACOAD2f', 'ACOAD3f', 'ACOATA', 'EAR40x', 'EAR60x', 'EAR80x', 'ECOAH1', 'ECOAH2', 'ECOAH3', 'FA80ACPHi', 'FACOAE80', 'FADRx2', 'HACD1', 'HACD2', 'HACD3', 'KAS15', 'MACPD']","[0.3321258819060322, 0.3321258819060322, 0.332125881906, -0.332125881906, -0.332125881906, -0.332125881906, 0.3321258819060322, 0.3321258819060322, 0.332125881906, 0.3321258819060322, 0.332125881906, 0.332125881906, 0.332125881906, 0.332125881906, 0.9963776457181219, 0.3321258819060322, 0.3321258819060322, 0.332125881906, -0.332125881906, -0.332125881906, -0.332125881906, 0.33212588190515047, -0.332125881906, -0.9963776457146418, -0.332125881906, -0.332125881906, -0.332125881906, 0.3321258819060322, -0.9963776457181219]","[0.3321258819060322, 0.3321258819060322, 0.332125881906, 0.332125881906, 0.332125881906, 0.332125881906, 0.3321258819060322, 0.3321258819060322, 0.332125881906, 0.3321258819060322, 0.332125881906, 0.332125881906, 0.332125881906, 0.332125881906, 0.9963776457181219, 0.3321258819060322, 0.3321258819060322, 0.332125881906, 0.332125881906, 0.332125881906, 0.332125881906, 0.33212588190515047, 0.332125881906, 0.9963776457146418, 0.332125881906, 0.332125881906, 0.332125881906, 0.3321258819060322, 0.9963776457181219]","['3HAD40', '3HAD60', '3HAD80', '3OAR40', '3OAR60', '3OAR80', '3OAS60', '3OAS80', 'EAR40x', 'EAR60x', 'EAR80x', 'FA80ACPHi', 'KAS15']","['ACACT1r', 'ACACT2r', 'ACACT3r', 'ACOAD1f', 'ACOAD2f', 'ACOAD3f', 'ACOATA', 'ECOAH1', 'ECOAH2', 'ECOAH3', 'FACOAE80', 'FADRx2', 'HACD1', 'HACD2', 'HACD3', 'MACPD']",[],HACD1,3OAR40,11.624405866710797,1,29,0,-5.0,-0.9963776457207665,iJO1366,PSL,True,False,-8.86501624095338,0.0,0.273154376759635,0.0
150,"['3HAD40', '3HAD60', '3HAD80', 'ACACT1r', 'ACACT2r', 'ACACT3r', '3OAR40', '3OAR60', '3OAR80', '3OAS60', '3OAS80', 'ACOAD1f', 'ACOAD2f', 'ACOAD3f', 'ACOATA', 'EAR40x', 'EAR60x', 'EAR80x', 'ECOAH1', 'ECOAH2', 'ECOAH3', 'FA80ACPHi', 'FACOAE80', 'FADRx2', 'HACD1', 'HACD2', 'HACD3', 'KAS15', 'MACPD']","[0.3321258819060322, 0.3321258819060322, 0.332125881906, -0.332125881906, -0.332125881906, -0.332125881906, 0.3321258819060322, 0.3321258819060322, 0.332125881906, 0.3321258819060322, 0.332125881906, 0.332125881906, 0.332125881906, 0.332125881906, 0.9963776457181219, 0.3321258819060322, 0.3321258819060322, 0.332125881906, -0.332125881906, -0.332125881906, -0.332125881906, 0.33212588190515047, -0.332125881906, -0.9963776457146418, -0.332125881906, -0.332125881906, -0.332125881906, 0.3321258819060322, -0.9963776457181219]","[0.3321258819060322, 0.3321258819060322, 0.332125881906, 0.332125881906, 0.332125881906, 0.332125881906, 0.3321258819060322, 0.3321258819060322, 0.332125881906, 0.3321258819060322, 0.332125881906, 0.332125881906, 0.332125881906, 0.332125881906, 0.9963776457181219, 0.3321258819060322, 0.3321258819060322, 0.332125881906, 0.332125881906, 0.332125881906, 0.332125881906, 0.33212588190515047, 0.332125881906, 0.9963776457146418, 0.332125881906, 0.332125881906, 0.332125881906, 0.3321258819060322, 0.9963776457181219]","['3HAD40', '3HAD60', '3HAD80', '3OAR40', '3OAR60', '3OAR80', '3OAS60', '3OAS80', 'EAR40x', 'EAR60x', 'EAR80x', 'FA80ACPHi', 'KAS15']","['ACACT1r', 'ACACT2r', 'ACACT3r', 'ACOAD1f', 'ACOAD2f', 'ACOAD3f', 'ACOATA', 'ECOAH1', 'ECOAH2', 'ECOAH3', 'FACOAE80', 'FADRx2', 'HACD1', 'HACD2', 'HACD3', 'MACPD']",[],HACD1,3OAR60,11.624405866710797,1,29,0,-5.0,-0.9963776457207665,iJO1366,PSL,True,False,-8.86501624095338,0.0,0.273154376759635,0.0
151,"['3HAD40', '3HAD60', '3HAD80', 'ACACT1r', 'ACACT2r', 'ACACT3r', '3OAR40', '3OAR60', '3OAR80', '3OAS60', '3OAS80', 'ACOAD1f', 'ACOAD2f', 'ACOAD3f', 'ACOATA', 'EAR40x', 'EAR60x', 'EAR80x', 'ECOAH1', 'ECOAH2', 'ECOAH3', 'FA80ACPHi', 'FACOAE80', 'FADRx2', 'HACD1', 'HACD2', 'HACD3', 'KAS15', 'MACPD']","[0.3321258819060322, 0.3321258819060322, 0.332125881906, -0.332125881906, -0.332125881906, -0.332125881906, 0.3321258819060322, 0.3321258819060322, 0.332125881906, 0.3321258819060322, 0.332125881906, 0.332125881906, 0.332125881906, 0.332125881906, 0.9963776457181219, 0.3321258819060322, 0.3321258819060322, 0.332125881906, -0.332125881906, -0.332125881906, -0.332125881906, 0.33212588190515047, -0.332125881906, -0.9963776457146418, -0.332125881906, -0.332125881906, -0.332125881906, 0.3321258819060322, -0.9963776457181219]","[0.3321258819060322, 0.3321258819060322, 0.332125881906, 0.332125881906, 0.332125881906, 0.332125881906, 0.3321258819060322, 0.3321258819060322, 0.332125881906, 0.3321258819060322, 0.332125881906, 0.332125881906, 0.332125881906, 0.332125881906, 0.9963776457181219, 0.3321258819060322, 0.3321258819060322, 0.332125881906, 0.332125881906, 0.332125881906, 0.332125881906, 0.33212588190515047, 0.332125881906, 0.9963776457146418, 0.332125881906, 0.332125881906, 0.332125881906, 0.3321258819060322, 0.9963776457181219]","['3HAD40', '3HAD60', '3HAD80', '3OAR40', '3OAR60', '3OAR80', '3OAS60', '3OAS80', 'EAR40x', 'EAR60x', 'EAR80x', 'FA80ACPHi', 'KAS15']","['ACACT1r', 'ACACT2r', 'ACACT3r', 'ACOAD1f', 'ACOAD2f', 'ACOAD3f', 'ACOATA', 'ECOAH1', 'ECOAH2', 'ECOAH3', 'FACOAE80', 'FADRx2', 'HACD1', 'HACD2', 'HACD3', 'MACPD']",[],HACD1,3OAR80,11.624405866710797,1,29,0,-5.0,-0.9963776457207665,iJO1366,PSL,True,False,-8.86501624095338,0.0,0.273154376759635,0.0
152,"['3HAD100', '3HAD40', '3HAD60', '3HAD80', 'ACACT1r', 'ACACT2r', 'ACACT3r', 'ACACT4r', '3OAR100', '3OAR40', '3OAR60', '3OAR80', '3OAS100', '3OAS60', '3OAS80', 'ACOAD1f', 'ACOAD2f', 'ACOAD3f', 'ACOAD4f', 'ACOATA', 'EAR100x', 'EAR40x', 'EAR60x', 'EAR80x', 'ECOAH1', 'ECOAH2', 'ECOAH3', 'ECOAH4', 'FA100ACPHi', 'FACOAE100', 'FADRx2', 'HACD1', 'HACD2', 'HACD3', 'HACD4', 'KAS15', 'MACPD']","[0.332125881906042, 0.332125881906042, 0.332125881906042, 0.332125881906042, -0.3321258819060328, -0.3321258819060328, -0.3321258819060328, -0.3321258819060328, 0.332125881906042, 0.332125881906042, 0.332125881906042, 0.332125881906042, 0.332125881906042, 0.332125881906042, 0.332125881906042, 0.3321258819060328, 0.3321258819060328, 0.3321258819060328, 0.3321258819060328, 1.3285035276242407, 0.332125881906042, 0.332125881906042, 0.332125881906042, 0.332125881906042, -0.3321258819060328, -0.3321258819060328, -0.3321258819060328, -0.3321258819060328, 0.3321258819057089, -0.3321258819060328, -1.3285035276278068, -0.3321258819060328, -0.3321258819060328, -0.3321258819060328, -0.3321258819060328, 0.332125881906042, -1.3285035276242407]","[0.332125881906042, 0.332125881906042, 0.332125881906042, 0.332125881906042, 0.3321258819060328, 0.3321258819060328, 0.3321258819060328, 0.3321258819060328, 0.332125881906042, 0.332125881906042, 0.332125881906042, 0.332125881906042, 0.332125881906042, 0.332125881906042, 0.332125881906042, 0.3321258819060328, 0.3321258819060328, 0.3321258819060328, 0.3321258819060328, 1.3285035276242407, 0.332125881906042, 0.332125881906042, 0.332125881906042, 0.332125881906042, 0.3321258819060328, 0.3321258819060328, 0.3321258819060328, 0.3321258819060328, 0.3321258819057089, 0.3321258819060328, 1.3285035276278068, 0.3321258819060328, 0.3321258819060328, 0.3321258819060328, 0.3321258819060328, 0.332125881906042, 1.3285035276242407]","['3HAD100', '3HAD40', '3HAD60', '3HAD80', '3OAR100', '3OAR40', '3OAR60', '3OAR80', '3OAS100', '3OAS60', '3OAS80', 'EAR100x', 'EAR40x', 'EAR60x', 'EAR80x', 'FA100ACPHi', 'KAS15']","['ACACT1r', 'ACACT2r', 'ACACT3r', 'ACACT4r', 'ACOAD1f', 'ACOAD2f', 'ACOAD3f', 'ACOAD4f', 'ACOATA', 'ECOAH1', 'ECOAH2', 'ECOAH3', 'ECOAH4', 'FACOAE100', 'FADRx2', 'HACD1', 'HACD2', 'HACD3', 'HACD4', 'MACPD']",[],HACD1,3OAS100,15.27779056767757,1,37,0,-7.0,-1.3285035276202786,iJO1366,PSL,True,False,-8.86501624095338,0.0,0.273154376759635,0.0
153,"['3HAD40', '3HAD60', '3HAD80', 'ACACT1r', 'ACACT2r', 'ACACT3r', '3OAR40', '3OAR60', '3OAR80', '3OAS60', '3OAS80', 'ACOAD1f', 'ACOAD2f', 'ACOAD3f', 'ACOATA', 'EAR40x', 'EAR60x', 'EAR80x', 'ECOAH1', 'ECOAH2', 'ECOAH3', 'FA80ACPHi', 'FACOAE80', 'FADRx2', 'HACD1', 'HACD2', 'HACD3', 'KAS15', 'MACPD']","[0.3321258819060322, 0.3321258819060322, 0.332125881906, -0.332125881906, -0.332125881906, -0.332125881906, 0.3321258819060322, 0.3321258819060322, 0.332125881906, 0.3321258819060322, 0.332125881906, 0.332125881906, 0.332125881906, 0.332125881906, 0.9963776457181219, 0.3321258819060322, 0.3321258819060322, 0.332125881906, -0.332125881906, -0.332125881906, -0.332125881906, 0.33212588190515047, -0.332125881906, -0.9963776457146418, -0.332125881906, -0.332125881906, -0.332125881906, 0.3321258819060322, -0.9963776457181219]","[0.3321258819060322, 0.3321258819060322, 0.332125881906, 0.332125881906, 0.332125881906, 0.332125881906, 0.3321258819060322, 0.3321258819060322, 0.332125881906, 0.3321258819060322, 0.332125881906, 0.332125881906, 0.332125881906, 0.332125881906, 0.9963776457181219, 0.3321258819060322, 0.3321258819060322, 0.332125881906, 0.332125881906, 0.332125881906, 0.332125881906, 0.33212588190515047, 0.332125881906, 0.9963776457146418, 0.332125881906, 0.332125881906, 0.332125881906, 0.3321258819060322, 0.9963776457181219]","['3HAD40', '3HAD60', '3HAD80', '3OAR40', '3OAR60', '3OAR80', '3OAS60', '3OAS80', 'EAR40x', 'EAR60x', 'EAR80x', 'FA80ACPHi', 'KAS15']","['ACACT1r', 'ACACT2r', 'ACACT3r', 'ACOAD1f', 'ACOAD2f', 'ACOAD3f', 'ACOATA', 'ECOAH1', 'ECOAH2', 'ECOAH3', 'FACOAE80', 'FADRx2', 'HACD1', 'HACD2', 'HACD3', 'MACPD']",[],HACD1,3OAS60,11.624405866710797,1,29,0,-5.0,-0.9963776457207665,iJO1366,PSL,True,False,-8.86501624095338,0.0,0.273154376759635,-10.6104250518248
154,"['3HAD40', '3HAD60', '3HAD80', 'ACACT1r', 'ACACT2r', 'ACACT3r', '3OAR40', '3OAR60', '3OAR80', '3OAS60', '3OAS80', 'ACOAD1f', 'ACOAD2f', 'ACOAD3f', 'ACOATA', 'EAR40x', 'EAR60x', 'EAR80x', 'ECOAH1', 'ECOAH2', 'ECOAH3', 'FA80ACPHi', 'FACOAE80', 'FADRx2', 'HACD1', 'HACD2', 'HACD3', 'KAS15', 'MACPD']","[0.3321258819060322, 0.3321258819060322, 0.332125881906, -0.332125881906, -0.332125881906, -0.332125881906, 0.3321258819060322, 0.3321258819060322, 0.332125881906, 0.3321258819060322, 0.332125881906, 0.332125881906, 0.332125881906, 0.332125881906, 0.9963776457181219, 0.3321258819060322, 0.3321258819060322, 0.332125881906, -0.332125881906, -0.332125881906, -0.332125881906, 0.33212588190515047, -0.332125881906, -0.9963776457146418, -0.332125881906, -0.332125881906, -0.332125881906, 0.3321258819060322, -0.9963776457181219]","[0.3321258819060322, 0.3321258819060322, 0.332125881906, 0.332125881906, 0.332125881906, 0.332125881906, 0.3321258819060322, 0.3321258819060322, 0.332125881906, 0.3321258819060322, 0.332125881906, 0.332125881906, 0.332125881906, 0.332125881906, 0.9963776457181219, 0.3321258819060322, 0.3321258819060322, 0.332125881906, 0.332125881906, 0.332125881906, 0.332125881906, 0.33212588190515047, 0.332125881906, 0.9963776457146418, 0.332125881906, 0.332125881906, 0.332125881906, 0.3321258819060322, 0.9963776457181219]","['3HAD40', '3HAD60', '3HAD80', '3OAR40', '3OAR60', '3OAR80', '3OAS60', '3OAS80', 'EAR40x', 'EAR60x', 'EAR80x', 'FA80ACPHi', 'KAS15']","['ACACT1r', 'ACACT2r', 'ACACT3r', 'ACOAD1f', 'ACOAD2f', 'ACOAD3f', 'ACOATA', 'ECOAH1', 'ECOAH2', 'ECOAH3', 'FACOAE80', 'FADRx2', 'HACD1', 'HACD2', 'HACD3', 'MACPD']",[],HACD1,3OAS80,11.624405866710797,1,29,0,-5.0,-0.9963776457207665,iJO1366,PSL,True,False,-8.86501624095338,0.0,0.273154376759635,0.0
155,"['3HAD100', '3HAD40', '3HAD60', '3HAD80', 'ACACT1r', 'ACACT2r', 'ACACT3r', 'ACACT4r', '3OAR100', '3OAR40', '3OAR60', '3OAR80', '3OAS100', '3OAS60', '3OAS80', 'ACOAD1f', 'ACOAD2f', 'ACOAD3f', 'ACOAD4f', 'ACOATA', 'EAR100x', 'EAR40x', 'EAR60x', 'EAR80x', 'ECOAH1', 'ECOAH2', 'ECOAH3', 'ECOAH4', 'FA100ACPHi', 'FACOAE100', 'FADRx2', 'HACD1', 'HACD2', 'HACD3', 'HACD4', 'KAS15', 'MACPD']","[0.332125881906042, 0.332125881906042, 0.332125881906042, 0.332125881906042, -0.3321258819060328, -0.3321258819060328, -0.3321258819060328, -0.3321258819060328, 0.332125881906042, 0.332125881906042, 0.332125881906042, 0.332125881906042, 0.332125881906042, 0.332125881906042, 0.332125881906042, 0.3321258819060328, 0.3321258819060328, 0.3321258819060328, 0.3321258819060328, 1.3285035276242407, 0.332125881906042, 0.332125881906042, 0.332125881906042, 0.332125881906042, -0.3321258819060328, -0.3321258819060328, -0.3321258819060328, -0.3321258819060328, 0.3321258819057089, -0.3321258819060328, -1.3285035276278068, -0.3321258819060328, -0.3321258819060328, -0.3321258819060328, -0.3321258819060328, 0.332125881906042, -1.3285035276242407]","[0.332125881906042, 0.332125881906042, 0.332125881906042, 0.332125881906042, 0.3321258819060328, 0.3321258819060328, 0.3321258819060328, 0.3321258819060328, 0.332125881906042, 0.332125881906042, 0.332125881906042, 0.332125881906042, 0.332125881906042, 0.332125881906042, 0.332125881906042, 0.3321258819060328, 0.3321258819060328, 0.3321258819060328, 0.3321258819060328, 1.3285035276242407, 0.332125881906042, 0.332125881906042, 0.332125881906042, 0.332125881906042, 0.3321258819060328, 0.3321258819060328, 0.3321258819060328, 0.3321258819060328, 0.3321258819057089, 0.3321258819060328, 1.3285035276278068, 0.3321258819060328, 0.3321258819060328, 0.3321258819060328, 0.3321258819060328, 0.332125881906042, 1.3285035276242407]","['3HAD100', '3HAD40', '3HAD60', '3HAD80', '3OAR100', '3OAR40', '3OAR60', '3OAR80', '3OAS100', '3OAS60', '3OAS80', 'EAR100x', 'EAR40x', 'EAR60x', 'EAR80x', 'FA100ACPHi', 'KAS15']","['ACACT1r', 'ACACT2r', 'ACACT3r', 'ACACT4r', 'ACOAD1f', 'ACOAD2f', 'ACOAD3f', 'ACOAD4f', 'ACOATA', 'ECOAH1', 'ECOAH2', 'ECOAH3', 'ECOAH4', 'FACOAE100', 'FADRx2', 'HACD1', 'HACD2', 'HACD3', 'HACD4', 'MACPD']",[],HACD2,3HAD100,15.27779056767757,1,37,0,-7.0,-1.3285035276202786,iJO1366,PSL,True,False,-8.86501624095338,0.0,0.273154376759635,0.0
156,"['3HAD40', '3HAD60', '3HAD80', 'ACACT1r', 'ACACT2r', 'ACACT3r', '3OAR40', '3OAR60', '3OAR80', '3OAS60', '3OAS80', 'ACOAD1f', 'ACOAD2f', 'ACOAD3f', 'ACOATA', 'EAR40x', 'EAR60x', 'EAR80x', 'ECOAH1', 'ECOAH2', 'ECOAH3', 'FA80ACPHi', 'FACOAE80', 'FADRx2', 'HACD1', 'HACD2', 'HACD3', 'KAS15', 'MACPD']","[0.332125881905984, 0.332125881905984, 0.33212588190598413, -0.332125881906, -0.332125881906, -0.332125881906, 0.332125881905984, 0.332125881905984, 0.33212588190598413, 0.332125881905984, 0.33212588190598413, 0.332125881906, 0.332125881906, 0.332125881906, 0.9963776457179081, 0.332125881905984, 0.332125881905984, 0.33212588190598413, -0.332125881906, -0.332125881906, -0.332125881906, 0.332125881906, -0.332125881906, -0.9963776457180094, -0.332125881906, -0.332125881906, -0.332125881906, 0.332125881905984, -0.9963776457179081]","[0.332125881905984, 0.332125881905984, 0.33212588190598413, 0.332125881906, 0.332125881906, 0.332125881906, 0.332125881905984, 0.332125881905984, 0.33212588190598413, 0.332125881905984, 0.33212588190598413, 0.332125881906, 0.332125881906, 0.332125881906, 0.9963776457179081, 0.332125881905984, 0.332125881905984, 0.33212588190598413, 0.332125881906, 0.332125881906, 0.332125881906, 0.332125881906, 0.332125881906, 0.9963776457180094, 0.332125881906, 0.332125881906, 0.332125881906, 0.332125881905984, 0.9963776457179081]","['3HAD40', '3HAD60', '3HAD80', '3OAR40', '3OAR60', '3OAR80', '3OAS60', '3OAS80', 'EAR40x', 'EAR60x', 'EAR80x', 'FA80ACPHi', 'KAS15']","['ACACT1r', 'ACACT2r', 'ACACT3r', 'ACOAD1f', 'ACOAD2f', 'ACOAD3f', 'ACOATA', 'ECOAH1', 'ECOAH2', 'ECOAH3', 'FACOAE80', 'HACD1', 'HACD2', 'HACD3', 'MACPD']",['FADRx2'],HACD2,3HAD40,11.624405866709855,1,29,1,-5.0,-0.9963776457177995,iJO1366,PSL,True,False,-8.86501624095338,0.0,0.273154376759635,0.0
157,"['3HAD40', '3HAD60', '3HAD80', 'ACACT1r', 'ACACT2r', 'ACACT3r', '3OAR40', '3OAR60', '3OAR80', '3OAS60', '3OAS80', 'ACOAD1f', 'ACOAD2f', 'ACOAD3f', 'ACOATA', 'EAR40x', 'EAR60x', 'EAR80x', 'ECOAH1', 'ECOAH2', 'ECOAH3', 'FA80ACPHi', 'FACOAE80', 'FADRx2', 'HACD1', 'HACD2', 'HACD3', 'KAS15', 'MACPD']","[0.332125881905984, 0.332125881905984, 0.33212588190598413, -0.332125881906, -0.332125881906, -0.332125881906, 0.332125881905984, 0.332125881905984, 0.33212588190598413, 0.332125881905984, 0.33212588190598413, 0.332125881906, 0.332125881906, 0.332125881906, 0.9963776457179081, 0.332125881905984, 0.332125881905984, 0.33212588190598413, -0.332125881906, -0.332125881906, -0.332125881906, 0.332125881906, -0.332125881906, -0.9963776457180094, -0.332125881906, -0.332125881906, -0.332125881906, 0.332125881905984, -0.9963776457179081]","[0.332125881905984, 0.332125881905984, 0.33212588190598413, 0.332125881906, 0.332125881906, 0.332125881906, 0.332125881905984, 0.332125881905984, 0.33212588190598413, 0.332125881905984, 0.33212588190598413, 0.332125881906, 0.332125881906, 0.332125881906, 0.9963776457179081, 0.332125881905984, 0.332125881905984, 0.33212588190598413, 0.332125881906, 0.332125881906, 0.332125881906, 0.332125881906, 0.332125881906, 0.9963776457180094, 0.332125881906, 0.332125881906, 0.332125881906, 0.332125881905984, 0.9963776457179081]","['3HAD40', '3HAD60', '3HAD80', '3OAR40', '3OAR60', '3OAR80', '3OAS60', '3OAS80', 'EAR40x', 'EAR60x', 'EAR80x', 'FA80ACPHi', 'KAS15']","['ACACT1r', 'ACACT2r', 'ACACT3r', 'ACOAD1f', 'ACOAD2f', 'ACOAD3f', 'ACOATA', 'ECOAH1', 'ECOAH2', 'ECOAH3', 'FACOAE80', 'HACD1', 'HACD2', 'HACD3', 'MACPD']",['FADRx2'],HACD2,3HAD60,11.624405866709855,1,29,1,-5.0,-0.9963776457177995,iJO1366,PSL,True,False,-8.86501624095338,0.0,0.273154376759635,0.0
158,"['3HAD40', '3HAD60', '3HAD80', 'ACACT1r', 'ACACT2r', 'ACACT3r', '3OAR40', '3OAR60', '3OAR80', '3OAS60', '3OAS80', 'ACOAD1f', 'ACOAD2f', 'ACOAD3f', 'ACOATA', 'EAR40x', 'EAR60x', 'EAR80x', 'ECOAH1', 'ECOAH2', 'ECOAH3', 'FA80ACPHi', 'FACOAE80', 'FADRx2', 'HACD1', 'HACD2', 'HACD3', 'KAS15', 'MACPD']","[0.332125881905984, 0.332125881905984, 0.33212588190598413, -0.332125881906, -0.332125881906, -0.332125881906, 0.332125881905984, 0.332125881905984, 0.33212588190598413, 0.332125881905984, 0.33212588190598413, 0.332125881906, 0.332125881906, 0.332125881906, 0.9963776457179081, 0.332125881905984, 0.332125881905984, 0.33212588190598413, -0.332125881906, -0.332125881906, -0.332125881906, 0.332125881906, -0.332125881906, -0.9963776457180094, -0.332125881906, -0.332125881906, -0.332125881906, 0.332125881905984, -0.9963776457179081]","[0.332125881905984, 0.332125881905984, 0.33212588190598413, 0.332125881906, 0.332125881906, 0.332125881906, 0.332125881905984, 0.332125881905984, 0.33212588190598413, 0.332125881905984, 0.33212588190598413, 0.332125881906, 0.332125881906, 0.332125881906, 0.9963776457179081, 0.332125881905984, 0.332125881905984, 0.33212588190598413, 0.332125881906, 0.332125881906, 0.332125881906, 0.332125881906, 0.332125881906, 0.9963776457180094, 0.332125881906, 0.332125881906, 0.332125881906, 0.332125881905984, 0.9963776457179081]","['3HAD40', '3HAD60', '3HAD80', '3OAR40', '3OAR60', '3OAR80', '3OAS60', '3OAS80', 'EAR40x', 'EAR60x', 'EAR80x', 'FA80ACPHi', 'KAS15']","['ACACT1r', 'ACACT2r', 'ACACT3r', 'ACOAD1f', 'ACOAD2f', 'ACOAD3f', 'ACOATA', 'ECOAH1', 'ECOAH2', 'ECOAH3', 'FACOAE80', 'HACD1', 'HACD2', 'HACD3', 'MACPD']",['FADRx2'],HACD2,3HAD80,11.624405866709855,1,29,1,-5.0,-0.9963776457177995,iJO1366,PSL,True,False,-8.86501624095338,0.0,0.273154376759635,0.0
159,"['3HAD100', '3HAD40', '3HAD60', '3HAD80', 'ACACT1r', 'ACACT2r', 'ACACT3r', 'ACACT4r', '3OAR100', '3OAR40', '3OAR60', '3OAR80', '3OAS100', '3OAS60', '3OAS80', 'ACOAD1f', 'ACOAD2f', 'ACOAD3f', 'ACOAD4f', 'ACOATA', 'EAR100x', 'EAR40x', 'EAR60x', 'EAR80x', 'ECOAH1', 'ECOAH2', 'ECOAH3', 'ECOAH4', 'FA100ACPHi', 'FACOAE100', 'FADRx2', 'HACD1', 'HACD2', 'HACD3', 'HACD4', 'KAS15', 'MACPD']","[0.332125881906042, 0.332125881906042, 0.332125881906042, 0.332125881906042, -0.3321258819060328, -0.3321258819060328, -0.3321258819060328, -0.3321258819060328, 0.332125881906042, 0.332125881906042, 0.332125881906042, 0.332125881906042, 0.332125881906042, 0.332125881906042, 0.332125881906042, 0.3321258819060328, 0.3321258819060328, 0.3321258819060328, 0.3321258819060328, 1.3285035276242407, 0.332125881906042, 0.332125881906042, 0.332125881906042, 0.332125881906042, -0.3321258819060328, -0.3321258819060328, -0.3321258819060328, -0.3321258819060328, 0.3321258819057089, -0.3321258819060328, -1.3285035276278068, -0.3321258819060328, -0.3321258819060328, -0.3321258819060328, -0.3321258819060328, 0.332125881906042, -1.3285035276242407]","[0.332125881906042, 0.332125881906042, 0.332125881906042, 0.332125881906042, 0.3321258819060328, 0.3321258819060328, 0.3321258819060328, 0.3321258819060328, 0.332125881906042, 0.332125881906042, 0.332125881906042, 0.332125881906042, 0.332125881906042, 0.332125881906042, 0.332125881906042, 0.3321258819060328, 0.3321258819060328, 0.3321258819060328, 0.3321258819060328, 1.3285035276242407, 0.332125881906042, 0.332125881906042, 0.332125881906042, 0.332125881906042, 0.3321258819060328, 0.3321258819060328, 0.3321258819060328, 0.3321258819060328, 0.3321258819057089, 0.3321258819060328, 1.3285035276278068, 0.3321258819060328, 0.3321258819060328, 0.3321258819060328, 0.3321258819060328, 0.332125881906042, 1.3285035276242407]","['3HAD100', '3HAD40', '3HAD60', '3HAD80', '3OAR100', '3OAR40', '3OAR60', '3OAR80', '3OAS100', '3OAS60', '3OAS80', 'EAR100x', 'EAR40x', 'EAR60x', 'EAR80x', 'FA100ACPHi', 'KAS15']","['ACACT1r', 'ACACT2r', 'ACACT3r', 'ACACT4r', 'ACOAD1f', 'ACOAD2f', 'ACOAD3f', 'ACOAD4f', 'ACOATA', 'ECOAH1', 'ECOAH2', 'ECOAH3', 'ECOAH4', 'FACOAE100', 'FADRx2', 'HACD1', 'HACD2', 'HACD3', 'HACD4', 'MACPD']",[],HACD2,3OAR100,15.27779056767757,1,37,0,-7.0,-1.3285035276202786,iJO1366,PSL,True,False,-8.86501624095338,0.0,0.273154376759635,0.0
160,"['3HAD40', '3HAD60', '3HAD80', 'ACACT1r', 'ACACT2r', 'ACACT3r', '3OAR40', '3OAR60', '3OAR80', '3OAS60', '3OAS80', 'ACOAD1f', 'ACOAD2f', 'ACOAD3f', 'ACOATA', 'EAR40x', 'EAR60x', 'EAR80x', 'ECOAH1', 'ECOAH2', 'ECOAH3', 'FA80ACPHi', 'FACOAE80', 'FADRx2', 'HACD1', 'HACD2', 'HACD3', 'KAS15', 'MACPD']","[0.332125881905984, 0.332125881905984, 0.33212588190598413, -0.332125881906, -0.332125881906, -0.332125881906, 0.332125881905984, 0.332125881905984, 0.33212588190598413, 0.332125881905984, 0.33212588190598413, 0.332125881906, 0.332125881906, 0.332125881906, 0.9963776457179081, 0.332125881905984, 0.332125881905984, 0.33212588190598413, -0.332125881906, -0.332125881906, -0.332125881906, 0.332125881906, -0.332125881906, -0.9963776457180094, -0.332125881906, -0.332125881906, -0.332125881906, 0.332125881905984, -0.9963776457179081]","[0.332125881905984, 0.332125881905984, 0.33212588190598413, 0.332125881906, 0.332125881906, 0.332125881906, 0.332125881905984, 0.332125881905984, 0.33212588190598413, 0.332125881905984, 0.33212588190598413, 0.332125881906, 0.332125881906, 0.332125881906, 0.9963776457179081, 0.332125881905984, 0.332125881905984, 0.33212588190598413, 0.332125881906, 0.332125881906, 0.332125881906, 0.332125881906, 0.332125881906, 0.9963776457180094, 0.332125881906, 0.332125881906, 0.332125881906, 0.332125881905984, 0.9963776457179081]","['3HAD40', '3HAD60', '3HAD80', '3OAR40', '3OAR60', '3OAR80', '3OAS60', '3OAS80', 'EAR40x', 'EAR60x', 'EAR80x', 'FA80ACPHi', 'KAS15']","['ACACT1r', 'ACACT2r', 'ACACT3r', 'ACOAD1f', 'ACOAD2f', 'ACOAD3f', 'ACOATA', 'ECOAH1', 'ECOAH2', 'ECOAH3', 'FACOAE80', 'HACD1', 'HACD2', 'HACD3', 'MACPD']",['FADRx2'],HACD2,3OAR40,11.624405866709855,1,29,1,-5.0,-0.9963776457177995,iJO1366,PSL,True,False,-8.86501624095338,0.0,0.273154376759635,0.0
161,"['3HAD40', '3HAD60', '3HAD80', 'ACACT1r', 'ACACT2r', 'ACACT3r', '3OAR40', '3OAR60', '3OAR80', '3OAS60', '3OAS80', 'ACOAD1f', 'ACOAD2f', 'ACOAD3f', 'ACOATA', 'EAR40x', 'EAR60x', 'EAR80x', 'ECOAH1', 'ECOAH2', 'ECOAH3', 'FA80ACPHi', 'FACOAE80', 'FADRx2', 'HACD1', 'HACD2', 'HACD3', 'KAS15', 'MACPD']","[0.332125881905984, 0.332125881905984, 0.33212588190598413, -0.332125881906, -0.332125881906, -0.332125881906, 0.332125881905984, 0.332125881905984, 0.33212588190598413, 0.332125881905984, 0.33212588190598413, 0.332125881906, 0.332125881906, 0.332125881906, 0.9963776457179081, 0.332125881905984, 0.332125881905984, 0.33212588190598413, -0.332125881906, -0.332125881906, -0.332125881906, 0.332125881906, -0.332125881906, -0.9963776457180094, -0.332125881906, -0.332125881906, -0.332125881906, 0.332125881905984, -0.9963776457179081]","[0.332125881905984, 0.332125881905984, 0.33212588190598413, 0.332125881906, 0.332125881906, 0.332125881906, 0.332125881905984, 0.332125881905984, 0.33212588190598413, 0.332125881905984, 0.33212588190598413, 0.332125881906, 0.332125881906, 0.332125881906, 0.9963776457179081, 0.332125881905984, 0.332125881905984, 0.33212588190598413, 0.332125881906, 0.332125881906, 0.332125881906, 0.332125881906, 0.332125881906, 0.9963776457180094, 0.332125881906, 0.332125881906, 0.332125881906, 0.332125881905984, 0.9963776457179081]","['3HAD40', '3HAD60', '3HAD80', '3OAR40', '3OAR60', '3OAR80', '3OAS60', '3OAS80', 'EAR40x', 'EAR60x', 'EAR80x', 'FA80ACPHi', 'KAS15']","['ACACT1r', 'ACACT2r', 'ACACT3r', 'ACOAD1f', 'ACOAD2f', 'ACOAD3f', 'ACOATA', 'ECOAH1', 'ECOAH2', 'ECOAH3', 'FACOAE80', 'HACD1', 'HACD2', 'HACD3', 'MACPD']",['FADRx2'],HACD2,3OAR60,11.624405866709855,1,29,1,-5.0,-0.9963776457177995,iJO1366,PSL,True,False,-8.86501624095338,0.0,0.273154376759635,0.0
162,"['3HAD40', '3HAD60', '3HAD80', 'ACACT1r', 'ACACT2r', 'ACACT3r', '3OAR40', '3OAR60', '3OAR80', '3OAS60', '3OAS80', 'ACOAD1f', 'ACOAD2f', 'ACOAD3f', 'ACOATA', 'EAR40x', 'EAR60x', 'EAR80x', 'ECOAH1', 'ECOAH2', 'ECOAH3', 'FA80ACPHi', 'FACOAE80', 'FADRx2', 'HACD1', 'HACD2', 'HACD3', 'KAS15', 'MACPD']","[0.332125881905984, 0.332125881905984, 0.33212588190598413, -0.332125881906, -0.332125881906, -0.332125881906, 0.332125881905984, 0.332125881905984, 0.33212588190598413, 0.332125881905984, 0.33212588190598413, 0.332125881906, 0.332125881906, 0.332125881906, 0.9963776457179081, 0.332125881905984, 0.332125881905984, 0.33212588190598413, -0.332125881906, -0.332125881906, -0.332125881906, 0.332125881906, -0.332125881906, -0.9963776457180094, -0.332125881906, -0.332125881906, -0.332125881906, 0.332125881905984, -0.9963776457179081]","[0.332125881905984, 0.332125881905984, 0.33212588190598413, 0.332125881906, 0.332125881906, 0.332125881906, 0.332125881905984, 0.332125881905984, 0.33212588190598413, 0.332125881905984, 0.33212588190598413, 0.332125881906, 0.332125881906, 0.332125881906, 0.9963776457179081, 0.332125881905984, 0.332125881905984, 0.33212588190598413, 0.332125881906, 0.332125881906, 0.332125881906, 0.332125881906, 0.332125881906, 0.9963776457180094, 0.332125881906, 0.332125881906, 0.332125881906, 0.332125881905984, 0.9963776457179081]","['3HAD40', '3HAD60', '3HAD80', '3OAR40', '3OAR60', '3OAR80', '3OAS60', '3OAS80', 'EAR40x', 'EAR60x', 'EAR80x', 'FA80ACPHi', 'KAS15']","['ACACT1r', 'ACACT2r', 'ACACT3r', 'ACOAD1f', 'ACOAD2f', 'ACOAD3f', 'ACOATA', 'ECOAH1', 'ECOAH2', 'ECOAH3', 'FACOAE80', 'HACD1', 'HACD2', 'HACD3', 'MACPD']",['FADRx2'],HACD2,3OAR80,11.624405866709855,1,29,1,-5.0,-0.9963776457177995,iJO1366,PSL,True,False,-8.86501624095338,0.0,0.273154376759635,0.0
163,"['3HAD100', '3HAD40', '3HAD60', '3HAD80', 'ACACT1r', 'ACACT2r', 'ACACT3r', 'ACACT4r', '3OAR100', '3OAR40', '3OAR60', '3OAR80', '3OAS100', '3OAS60', '3OAS80', 'ACOAD1f', 'ACOAD2f', 'ACOAD3f', 'ACOAD4f', 'ACOATA', 'EAR100x', 'EAR40x', 'EAR60x', 'EAR80x', 'ECOAH1', 'ECOAH2', 'ECOAH3', 'ECOAH4', 'FA100ACPHi', 'FACOAE100', 'FADRx2', 'HACD1', 'HACD2', 'HACD3', 'HACD4', 'KAS15', 'MACPD']","[0.332125881906042, 0.332125881906042, 0.332125881906042, 0.332125881906042, -0.3321258819060328, -0.3321258819060328, -0.3321258819060328, -0.3321258819060328, 0.332125881906042, 0.332125881906042, 0.332125881906042, 0.332125881906042, 0.332125881906042, 0.332125881906042, 0.332125881906042, 0.3321258819060328, 0.3321258819060328, 0.3321258819060328, 0.3321258819060328, 1.3285035276242407, 0.332125881906042, 0.332125881906042, 0.332125881906042, 0.332125881906042, -0.3321258819060328, -0.3321258819060328, -0.3321258819060328, -0.3321258819060328, 0.3321258819057089, -0.3321258819060328, -1.3285035276278068, -0.3321258819060328, -0.3321258819060328, -0.3321258819060328, -0.3321258819060328, 0.332125881906042, -1.3285035276242407]","[0.332125881906042, 0.332125881906042, 0.332125881906042, 0.332125881906042, 0.3321258819060328, 0.3321258819060328, 0.3321258819060328, 0.3321258819060328, 0.332125881906042, 0.332125881906042, 0.332125881906042, 0.332125881906042, 0.332125881906042, 0.332125881906042, 0.332125881906042, 0.3321258819060328, 0.3321258819060328, 0.3321258819060328, 0.3321258819060328, 1.3285035276242407, 0.332125881906042, 0.332125881906042, 0.332125881906042, 0.332125881906042, 0.3321258819060328, 0.3321258819060328, 0.3321258819060328, 0.3321258819060328, 0.3321258819057089, 0.3321258819060328, 1.3285035276278068, 0.3321258819060328, 0.3321258819060328, 0.3321258819060328, 0.3321258819060328, 0.332125881906042, 1.3285035276242407]","['3HAD100', '3HAD40', '3HAD60', '3HAD80', '3OAR100', '3OAR40', '3OAR60', '3OAR80', '3OAS100', '3OAS60', '3OAS80', 'EAR100x', 'EAR40x', 'EAR60x', 'EAR80x', 'FA100ACPHi', 'KAS15']","['ACACT1r', 'ACACT2r', 'ACACT3r', 'ACACT4r', 'ACOAD1f', 'ACOAD2f', 'ACOAD3f', 'ACOAD4f', 'ACOATA', 'ECOAH1', 'ECOAH2', 'ECOAH3', 'ECOAH4', 'FACOAE100', 'FADRx2', 'HACD1', 'HACD2', 'HACD3', 'HACD4', 'MACPD']",[],HACD2,3OAS100,15.27779056767757,1,37,0,-7.0,-1.3285035276202786,iJO1366,PSL,True,False,-8.86501624095338,0.0,0.273154376759635,0.0
164,"['3HAD40', '3HAD60', '3HAD80', 'ACACT1r', 'ACACT2r', 'ACACT3r', '3OAR40', '3OAR60', '3OAR80', '3OAS60', '3OAS80', 'ACOAD1f', 'ACOAD2f', 'ACOAD3f', 'ACOATA', 'EAR40x', 'EAR60x', 'EAR80x', 'ECOAH1', 'ECOAH2', 'ECOAH3', 'FA80ACPHi', 'FACOAE80', 'FADRx2', 'HACD1', 'HACD2', 'HACD3', 'KAS15', 'MACPD']","[0.332125881905984, 0.332125881905984, 0.33212588190598413, -0.332125881906, -0.332125881906, -0.332125881906, 0.332125881905984, 0.332125881905984, 0.33212588190598413, 0.332125881905984, 0.33212588190598413, 0.332125881906, 0.332125881906, 0.332125881906, 0.9963776457179081, 0.332125881905984, 0.332125881905984, 0.33212588190598413, -0.332125881906, -0.332125881906, -0.332125881906, 0.332125881906, -0.332125881906, -0.9963776457180094, -0.332125881906, -0.332125881906, -0.332125881906, 0.332125881905984, -0.9963776457179081]","[0.332125881905984, 0.332125881905984, 0.33212588190598413, 0.332125881906, 0.332125881906, 0.332125881906, 0.332125881905984, 0.332125881905984, 0.33212588190598413, 0.332125881905984, 0.33212588190598413, 0.332125881906, 0.332125881906, 0.332125881906, 0.9963776457179081, 0.332125881905984, 0.332125881905984, 0.33212588190598413, 0.332125881906, 0.332125881906, 0.332125881906, 0.332125881906, 0.332125881906, 0.9963776457180094, 0.332125881906, 0.332125881906, 0.332125881906, 0.332125881905984, 0.9963776457179081]","['3HAD40', '3HAD60', '3HAD80', '3OAR40', '3OAR60', '3OAR80', '3OAS60', '3OAS80', 'EAR40x', 'EAR60x', 'EAR80x', 'FA80ACPHi', 'KAS15']","['ACACT1r', 'ACACT2r', 'ACACT3r', 'ACOAD1f', 'ACOAD2f', 'ACOAD3f', 'ACOATA', 'ECOAH1', 'ECOAH2', 'ECOAH3', 'FACOAE80', 'HACD1', 'HACD2', 'HACD3', 'MACPD']",['FADRx2'],HACD2,3OAS60,11.624405866709855,1,29,1,-5.0,-0.9963776457177995,iJO1366,PSL,True,False,-8.86501624095338,0.0,0.273154376759635,-10.6104250518248
165,"['3HAD40', '3HAD60', '3HAD80', 'ACACT1r', 'ACACT2r', 'ACACT3r', '3OAR40', '3OAR60', '3OAR80', '3OAS60', '3OAS80', 'ACOAD1f', 'ACOAD2f', 'ACOAD3f', 'ACOATA', 'EAR40x', 'EAR60x', 'EAR80x', 'ECOAH1', 'ECOAH2', 'ECOAH3', 'FA80ACPHi', 'FACOAE80', 'FADRx2', 'HACD1', 'HACD2', 'HACD3', 'KAS15', 'MACPD']","[0.3321258819060322, 0.3321258819060322, 0.332125881906, -0.332125881906, -0.332125881906, -0.332125881906, 0.3321258819060322, 0.3321258819060322, 0.332125881906, 0.3321258819060322, 0.332125881906, 0.332125881906, 0.332125881906, 0.332125881906, 0.9963776457181219, 0.3321258819060322, 0.3321258819060322, 0.332125881906, -0.332125881906, -0.332125881906, -0.332125881906, 0.33212588190515047, -0.332125881906, -0.9963776457146418, -0.332125881906, -0.332125881906, -0.332125881906, 0.3321258819060322, -0.9963776457181219]","[0.3321258819060322, 0.3321258819060322, 0.332125881906, 0.332125881906, 0.332125881906, 0.332125881906, 0.3321258819060322, 0.3321258819060322, 0.332125881906, 0.3321258819060322, 0.332125881906, 0.332125881906, 0.332125881906, 0.332125881906, 0.9963776457181219, 0.3321258819060322, 0.3321258819060322, 0.332125881906, 0.332125881906, 0.332125881906, 0.332125881906, 0.33212588190515047, 0.332125881906, 0.9963776457146418, 0.332125881906, 0.332125881906, 0.332125881906, 0.3321258819060322, 0.9963776457181219]","['3HAD40', '3HAD60', '3HAD80', '3OAR40', '3OAR60', '3OAR80', '3OAS60', '3OAS80', 'EAR40x', 'EAR60x', 'EAR80x', 'FA80ACPHi', 'KAS15']","['ACACT1r', 'ACACT2r', 'ACACT3r', 'ACOAD1f', 'ACOAD2f', 'ACOAD3f', 'ACOATA', 'ECOAH1', 'ECOAH2', 'ECOAH3', 'FACOAE80', 'FADRx2', 'HACD1', 'HACD2', 'HACD3', 'MACPD']",[],HACD2,3OAS80,11.624405866710797,1,29,0,-5.0,-0.9963776457207665,iJO1366,PSL,True,False,-8.86501624095338,0.0,0.273154376759635,0.0
166,"['3HAD100', '3HAD40', '3HAD60', '3HAD80', 'ACACT1r', 'ACACT2r', 'ACACT3r', 'ACACT4r', '3OAR100', '3OAR40', '3OAR60', '3OAR80', '3OAS100', '3OAS60', '3OAS80', 'ACOAD1f', 'ACOAD2f', 'ACOAD3f', 'ACOAD4f', 'ACOATA', 'EAR100x', 'EAR40x', 'EAR60x', 'EAR80x', 'ECOAH1', 'ECOAH2', 'ECOAH3', 'ECOAH4', 'FA100ACPHi', 'FACOAE100', 'FADRx2', 'HACD1', 'HACD2', 'HACD3', 'HACD4', 'KAS15', 'MACPD']","[0.3321258819056123, 0.33212588190561254, 0.33212588190561254, 0.3321258819056123, -0.3321258819059949, -0.3321258819059949, -0.3321258819059949, -0.3321258819059949, 0.33212588190565384, 0.33212588190565384, 0.33212588190565384, 0.33212588190565384, 0.3321258819056123, 0.33212588190561254, 0.3321258819056123, 0.3321258819059949, 0.3321258819059949, 0.3321258819059949, 0.3321258819059949, 1.3285035276215922, 0.3321258819056123, 0.33212588190561254, 0.33212588190561254, 0.3321258819056123, -0.3321258819059949, -0.3321258819059949, -0.3321258819059949, -0.3321258819059949, 0.332125881905918, -0.332125881905918, -1.328503527621871, -0.3321258819059949, -0.3321258819059949, -0.3321258819059949, -0.3321258819059949, 0.33212588190561254, -1.3285035276216173]","[0.3321258819056123, 0.33212588190561254, 0.33212588190561254, 0.3321258819056123, 0.3321258819059949, 0.3321258819059949, 0.3321258819059949, 0.3321258819059949, 0.33212588190565384, 0.33212588190565384, 0.33212588190565384, 0.33212588190565384, 0.3321258819056123, 0.33212588190561254, 0.3321258819056123, 0.3321258819059949, 0.3321258819059949, 0.3321258819059949, 0.3321258819059949, 1.3285035276215922, 0.3321258819056123, 0.33212588190561254, 0.33212588190561254, 0.3321258819056123, 0.3321258819059949, 0.3321258819059949, 0.3321258819059949, 0.3321258819059949, 0.332125881905918, 0.332125881905918, 1.328503527621871, 0.3321258819059949, 0.3321258819059949, 0.3321258819059949, 0.3321258819059949, 0.33212588190561254, 1.3285035276216173]","['3HAD100', '3HAD40', '3HAD60', '3HAD80', '3OAR100', '3OAR40', '3OAR60', '3OAR80', '3OAS100', '3OAS60', '3OAS80', 'EAR100x', 'EAR40x', 'EAR60x', 'EAR80x', 'FA100ACPHi', 'KAS15']","['ACACT1r', 'ACACT2r', 'ACACT3r', 'ACACT4r', 'ACOAD1f', 'ACOAD2f', 'ACOAD3f', 'ACOAD4f', 'ACOATA', 'ECOAH1', 'ECOAH2', 'ECOAH3', 'ECOAH4', 'FACOAE100', 'FADRx2', 'HACD1', 'HACD2', 'HACD3', 'HACD4', 'MACPD']",[],HACD3,3HAD100,15.277790567664125,1,37,0,-7.0,-1.3285035276201096,iJO1366,PSL,True,False,-8.86501624095366,0.0,0.0,0.0
167,"['3HAD40', '3HAD60', '3HAD80', 'ACACT1r', 'ACACT2r', 'ACACT3r', '3OAR40', '3OAR60', '3OAR80', '3OAS60', '3OAS80', 'ACOAD1f', 'ACOAD2f', 'ACOAD3f', 'ACOATA', 'EAR40x', 'EAR60x', 'EAR80x', 'ECOAH1', 'ECOAH2', 'ECOAH3', 'FA80ACPHi', 'FACOAE80', 'FADRx2', 'HACD1', 'HACD2', 'HACD3', 'KAS15', 'MACPD']","[0.3321258819057938, 0.3321258819057938, 0.3321258819057902, -0.33212588190550935, -0.33212588190550935, -0.33212588190550935, 0.3321258819057938, 0.3321258819057938, 0.3321258819057902, 0.3321258819057938, 0.3321258819057902, 0.33212588190550935, 0.33212588190550935, 0.33212588190550935, 0.9963776457182296, 0.3321258819057938, 0.3321258819057938, 0.3321258819057902, -0.33212588190550935, -0.33212588190550935, -0.33212588190550935, 0.3321258819057902, -0.3321258819057902, -0.9963776457159647, -0.33212588190550935, -0.33212588190550935, -0.33212588190550935, 0.3321258819057938, -0.9963776457182296]","[0.3321258819057938, 0.3321258819057938, 0.3321258819057902, 0.33212588190550935, 0.33212588190550935, 0.33212588190550935, 0.3321258819057938, 0.3321258819057938, 0.3321258819057902, 0.3321258819057938, 0.3321258819057902, 0.33212588190550935, 0.33212588190550935, 0.33212588190550935, 0.9963776457182296, 0.3321258819057938, 0.3321258819057938, 0.3321258819057902, 0.33212588190550935, 0.33212588190550935, 0.33212588190550935, 0.3321258819057902, 0.3321258819057902, 0.9963776457159647, 0.33212588190550935, 0.33212588190550935, 0.33212588190550935, 0.3321258819057938, 0.9963776457182296]","['3HAD40', '3HAD60', '3HAD80', '3OAR40', '3OAR60', '3OAR80', '3OAS60', '3OAS80', 'EAR40x', 'EAR60x', 'EAR80x', 'FA80ACPHi', 'KAS15']","['ACACT1r', 'ACACT2r', 'ACACT3r', 'ACOAD1f', 'ACOAD2f', 'ACOAD3f', 'ACOATA', 'ECOAH1', 'ECOAH2', 'ECOAH3', 'FACOAE80', 'FADRx2', 'HACD1', 'HACD2', 'HACD3', 'MACPD']",[],HACD3,3HAD40,11.624405866695456,1,29,0,-5.0,-0.99637764572049,iJO1366,PSL,True,False,-8.86501624095366,0.0,0.0,0.0
168,"['3HAD40', '3HAD60', '3HAD80', 'ACACT1r', 'ACACT2r', 'ACACT3r', '3OAR40', '3OAR60', '3OAR80', '3OAS60', '3OAS80', 'ACOAD1f', 'ACOAD2f', 'ACOAD3f', 'ACOATA', 'EAR40x', 'EAR60x', 'EAR80x', 'ECOAH1', 'ECOAH2', 'ECOAH3', 'FA80ACPHi', 'FACOAE80', 'FADRx2', 'HACD1', 'HACD2', 'HACD3', 'KAS15', 'MACPD']","[0.3321258819057938, 0.3321258819057938, 0.3321258819057902, -0.33212588190550935, -0.33212588190550935, -0.33212588190550935, 0.3321258819057938, 0.3321258819057938, 0.3321258819057902, 0.3321258819057938, 0.3321258819057902, 0.33212588190550935, 0.33212588190550935, 0.33212588190550935, 0.9963776457182296, 0.3321258819057938, 0.3321258819057938, 0.3321258819057902, -0.33212588190550935, -0.33212588190550935, -0.33212588190550935, 0.3321258819057902, -0.3321258819057902, -0.9963776457159647, -0.33212588190550935, -0.33212588190550935, -0.33212588190550935, 0.3321258819057938, -0.9963776457182296]","[0.3321258819057938, 0.3321258819057938, 0.3321258819057902, 0.33212588190550935, 0.33212588190550935, 0.33212588190550935, 0.3321258819057938, 0.3321258819057938, 0.3321258819057902, 0.3321258819057938, 0.3321258819057902, 0.33212588190550935, 0.33212588190550935, 0.33212588190550935, 0.9963776457182296, 0.3321258819057938, 0.3321258819057938, 0.3321258819057902, 0.33212588190550935, 0.33212588190550935, 0.33212588190550935, 0.3321258819057902, 0.3321258819057902, 0.9963776457159647, 0.33212588190550935, 0.33212588190550935, 0.33212588190550935, 0.3321258819057938, 0.9963776457182296]","['3HAD40', '3HAD60', '3HAD80', '3OAR40', '3OAR60', '3OAR80', '3OAS60', '3OAS80', 'EAR40x', 'EAR60x', 'EAR80x', 'FA80ACPHi', 'KAS15']","['ACACT1r', 'ACACT2r', 'ACACT3r', 'ACOAD1f', 'ACOAD2f', 'ACOAD3f', 'ACOATA', 'ECOAH1', 'ECOAH2', 'ECOAH3', 'FACOAE80', 'FADRx2', 'HACD1', 'HACD2', 'HACD3', 'MACPD']",[],HACD3,3HAD60,11.624405866695456,1,29,0,-5.0,-0.99637764572049,iJO1366,PSL,True,False,-8.86501624095366,0.0,0.0,0.0
169,"['3HAD40', '3HAD60', '3HAD80', 'ACACT1r', 'ACACT2r', 'ACACT3r', '3OAR40', '3OAR60', '3OAR80', '3OAS60', '3OAS80', 'ACOAD1f', 'ACOAD2f', 'ACOAD3f', 'ACOATA', 'EAR40x', 'EAR60x', 'EAR80x', 'ECOAH1', 'ECOAH2', 'ECOAH3', 'FA80ACPHi', 'FACOAE80', 'FADRx2', 'HACD1', 'HACD2', 'HACD3', 'KAS15', 'MACPD']","[0.3321258819057938, 0.3321258819057938, 0.3321258819057902, -0.33212588190550935, -0.33212588190550935, -0.33212588190550935, 0.3321258819057938, 0.3321258819057938, 0.3321258819057902, 0.3321258819057938, 0.3321258819057902, 0.33212588190550935, 0.33212588190550935, 0.33212588190550935, 0.9963776457182296, 0.3321258819057938, 0.3321258819057938, 0.3321258819057902, -0.33212588190550935, -0.33212588190550935, -0.33212588190550935, 0.3321258819057902, -0.3321258819057902, -0.9963776457159647, -0.33212588190550935, -0.33212588190550935, -0.33212588190550935, 0.3321258819057938, -0.9963776457182296]","[0.3321258819057938, 0.3321258819057938, 0.3321258819057902, 0.33212588190550935, 0.33212588190550935, 0.33212588190550935, 0.3321258819057938, 0.3321258819057938, 0.3321258819057902, 0.3321258819057938, 0.3321258819057902, 0.33212588190550935, 0.33212588190550935, 0.33212588190550935, 0.9963776457182296, 0.3321258819057938, 0.3321258819057938, 0.3321258819057902, 0.33212588190550935, 0.33212588190550935, 0.33212588190550935, 0.3321258819057902, 0.3321258819057902, 0.9963776457159647, 0.33212588190550935, 0.33212588190550935, 0.33212588190550935, 0.3321258819057938, 0.9963776457182296]","['3HAD40', '3HAD60', '3HAD80', '3OAR40', '3OAR60', '3OAR80', '3OAS60', '3OAS80', 'EAR40x', 'EAR60x', 'EAR80x', 'FA80ACPHi', 'KAS15']","['ACACT1r', 'ACACT2r', 'ACACT3r', 'ACOAD1f', 'ACOAD2f', 'ACOAD3f', 'ACOATA', 'ECOAH1', 'ECOAH2', 'ECOAH3', 'FACOAE80', 'FADRx2', 'HACD1', 'HACD2', 'HACD3', 'MACPD']",[],HACD3,3HAD80,11.624405866695456,1,29,0,-5.0,-0.99637764572049,iJO1366,PSL,True,False,-8.86501624095366,0.0,0.0,0.0
170,"['3HAD100', '3HAD40', '3HAD60', '3HAD80', 'ACACT1r', 'ACACT2r', 'ACACT3r', 'ACACT4r', '3OAR100', '3OAR40', '3OAR60', '3OAR80', '3OAS100', '3OAS60', '3OAS80', 'ACOAD1f', 'ACOAD2f', 'ACOAD3f', 'ACOAD4f', 'ACOATA', 'EAR100x', 'EAR40x', 'EAR60x', 'EAR80x', 'ECOAH1', 'ECOAH2', 'ECOAH3', 'ECOAH4', 'FA100ACPHi', 'FACOAE100', 'FADRx2', 'HACD1', 'HACD2', 'HACD3', 'HACD4', 'KAS15', 'MACPD']","[0.3321258819056123, 0.33212588190561254, 0.33212588190561254, 0.3321258819056123, -0.3321258819059949, -0.3321258819059949, -0.3321258819059949, -0.3321258819059949, 0.33212588190565384, 0.33212588190565384, 0.33212588190565384, 0.33212588190565384, 0.3321258819056123, 0.33212588190561254, 0.3321258819056123, 0.3321258819059949, 0.3321258819059949, 0.3321258819059949, 0.3321258819059949, 1.3285035276215922, 0.3321258819056123, 0.33212588190561254, 0.33212588190561254, 0.3321258819056123, -0.3321258819059949, -0.3321258819059949, -0.3321258819059949, -0.3321258819059949, 0.332125881905918, -0.332125881905918, -1.328503527621871, -0.3321258819059949, -0.3321258819059949, -0.3321258819059949, -0.3321258819059949, 0.33212588190561254, -1.3285035276216173]","[0.3321258819056123, 0.33212588190561254, 0.33212588190561254, 0.3321258819056123, 0.3321258819059949, 0.3321258819059949, 0.3321258819059949, 0.3321258819059949, 0.33212588190565384, 0.33212588190565384, 0.33212588190565384, 0.33212588190565384, 0.3321258819056123, 0.33212588190561254, 0.3321258819056123, 0.3321258819059949, 0.3321258819059949, 0.3321258819059949, 0.3321258819059949, 1.3285035276215922, 0.3321258819056123, 0.33212588190561254, 0.33212588190561254, 0.3321258819056123, 0.3321258819059949, 0.3321258819059949, 0.3321258819059949, 0.3321258819059949, 0.332125881905918, 0.332125881905918, 1.328503527621871, 0.3321258819059949, 0.3321258819059949, 0.3321258819059949, 0.3321258819059949, 0.33212588190561254, 1.3285035276216173]","['3HAD100', '3HAD40', '3HAD60', '3HAD80', '3OAR100', '3OAR40', '3OAR60', '3OAR80', '3OAS100', '3OAS60', '3OAS80', 'EAR100x', 'EAR40x', 'EAR60x', 'EAR80x', 'FA100ACPHi', 'KAS15']","['ACACT1r', 'ACACT2r', 'ACACT3r', 'ACACT4r', 'ACOAD1f', 'ACOAD2f', 'ACOAD3f', 'ACOAD4f', 'ACOATA', 'ECOAH1', 'ECOAH2', 'ECOAH3', 'ECOAH4', 'FACOAE100', 'FADRx2', 'HACD1', 'HACD2', 'HACD3', 'HACD4', 'MACPD']",[],HACD3,3OAR100,15.277790567664125,1,37,0,-7.0,-1.3285035276201096,iJO1366,PSL,True,False,-8.86501624095366,0.0,0.0,0.0
171,"['3HAD40', '3HAD60', '3HAD80', 'ACACT1r', 'ACACT2r', 'ACACT3r', '3OAR40', '3OAR60', '3OAR80', '3OAS60', '3OAS80', 'ACOAD1f', 'ACOAD2f', 'ACOAD3f', 'ACOATA', 'EAR40x', 'EAR60x', 'EAR80x', 'ECOAH1', 'ECOAH2', 'ECOAH3', 'FA80ACPHi', 'FACOAE80', 'FADRx2', 'HACD1', 'HACD2', 'HACD3', 'KAS15', 'MACPD']","[0.3321258819057938, 0.3321258819057938, 0.3321258819057902, -0.33212588190550935, -0.33212588190550935, -0.33212588190550935, 0.3321258819057938, 0.3321258819057938, 0.3321258819057902, 0.3321258819057938, 0.3321258819057902, 0.33212588190550935, 0.33212588190550935, 0.33212588190550935, 0.9963776457182296, 0.3321258819057938, 0.3321258819057938, 0.3321258819057902, -0.33212588190550935, -0.33212588190550935, -0.33212588190550935, 0.3321258819057902, -0.3321258819057902, -0.9963776457159647, -0.33212588190550935, -0.33212588190550935, -0.33212588190550935, 0.3321258819057938, -0.9963776457182296]","[0.3321258819057938, 0.3321258819057938, 0.3321258819057902, 0.33212588190550935, 0.33212588190550935, 0.33212588190550935, 0.3321258819057938, 0.3321258819057938, 0.3321258819057902, 0.3321258819057938, 0.3321258819057902, 0.33212588190550935, 0.33212588190550935, 0.33212588190550935, 0.9963776457182296, 0.3321258819057938, 0.3321258819057938, 0.3321258819057902, 0.33212588190550935, 0.33212588190550935, 0.33212588190550935, 0.3321258819057902, 0.3321258819057902, 0.9963776457159647, 0.33212588190550935, 0.33212588190550935, 0.33212588190550935, 0.3321258819057938, 0.9963776457182296]","['3HAD40', '3HAD60', '3HAD80', '3OAR40', '3OAR60', '3OAR80', '3OAS60', '3OAS80', 'EAR40x', 'EAR60x', 'EAR80x', 'FA80ACPHi', 'KAS15']","['ACACT1r', 'ACACT2r', 'ACACT3r', 'ACOAD1f', 'ACOAD2f', 'ACOAD3f', 'ACOATA', 'ECOAH1', 'ECOAH2', 'ECOAH3', 'FACOAE80', 'FADRx2', 'HACD1', 'HACD2', 'HACD3', 'MACPD']",[],HACD3,3OAR40,11.624405866695456,1,29,0,-5.0,-0.99637764572049,iJO1366,PSL,True,False,-8.86501624095366,0.0,0.0,0.0
172,"['3HAD40', '3HAD60', '3HAD80', 'ACACT1r', 'ACACT2r', 'ACACT3r', '3OAR40', '3OAR60', '3OAR80', '3OAS60', '3OAS80', 'ACOAD1f', 'ACOAD2f', 'ACOAD3f', 'ACOATA', 'EAR40x', 'EAR60x', 'EAR80x', 'ECOAH1', 'ECOAH2', 'ECOAH3', 'FA80ACPHi', 'FACOAE80', 'FADRx2', 'HACD1', 'HACD2', 'HACD3', 'KAS15', 'MACPD']","[0.3321258819057938, 0.3321258819057938, 0.3321258819057902, -0.33212588190550935, -0.33212588190550935, -0.33212588190550935, 0.3321258819057938, 0.3321258819057938, 0.3321258819057902, 0.3321258819057938, 0.3321258819057902, 0.33212588190550935, 0.33212588190550935, 0.33212588190550935, 0.9963776457182296, 0.3321258819057938, 0.3321258819057938, 0.3321258819057902, -0.33212588190550935, -0.33212588190550935, -0.33212588190550935, 0.3321258819057902, -0.3321258819057902, -0.9963776457159647, -0.33212588190550935, -0.33212588190550935, -0.33212588190550935, 0.3321258819057938, -0.9963776457182296]","[0.3321258819057938, 0.3321258819057938, 0.3321258819057902, 0.33212588190550935, 0.33212588190550935, 0.33212588190550935, 0.3321258819057938, 0.3321258819057938, 0.3321258819057902, 0.3321258819057938, 0.3321258819057902, 0.33212588190550935, 0.33212588190550935, 0.33212588190550935, 0.9963776457182296, 0.3321258819057938, 0.3321258819057938, 0.3321258819057902, 0.33212588190550935, 0.33212588190550935, 0.33212588190550935, 0.3321258819057902, 0.3321258819057902, 0.9963776457159647, 0.33212588190550935, 0.33212588190550935, 0.33212588190550935, 0.3321258819057938, 0.9963776457182296]","['3HAD40', '3HAD60', '3HAD80', '3OAR40', '3OAR60', '3OAR80', '3OAS60', '3OAS80', 'EAR40x', 'EAR60x', 'EAR80x', 'FA80ACPHi', 'KAS15']","['ACACT1r', 'ACACT2r', 'ACACT3r', 'ACOAD1f', 'ACOAD2f', 'ACOAD3f', 'ACOATA', 'ECOAH1', 'ECOAH2', 'ECOAH3', 'FACOAE80', 'FADRx2', 'HACD1', 'HACD2', 'HACD3', 'MACPD']",[],HACD3,3OAR60,11.624405866695456,1,29,0,-5.0,-0.99637764572049,iJO1366,PSL,True,False,-8.86501624095366,0.0,0.0,0.0
173,"['3HAD40', '3HAD60', '3HAD80', 'ACACT1r', 'ACACT2r', 'ACACT3r', '3OAR40', '3OAR60', '3OAR80', '3OAS60', '3OAS80', 'ACOAD1f', 'ACOAD2f', 'ACOAD3f', 'ACOATA', 'EAR40x', 'EAR60x', 'EAR80x', 'ECOAH1', 'ECOAH2', 'ECOAH3', 'FA80ACPHi', 'FACOAE80', 'FADRx2', 'HACD1', 'HACD2', 'HACD3', 'KAS15', 'MACPD']","[0.3321258819057938, 0.3321258819057938, 0.3321258819057902, -0.33212588190550935, -0.33212588190550935, -0.33212588190550935, 0.3321258819057938, 0.3321258819057938, 0.3321258819057902, 0.3321258819057938, 0.3321258819057902, 0.33212588190550935, 0.33212588190550935, 0.33212588190550935, 0.9963776457182296, 0.3321258819057938, 0.3321258819057938, 0.3321258819057902, -0.33212588190550935, -0.33212588190550935, -0.33212588190550935, 0.3321258819057902, -0.3321258819057902, -0.9963776457159647, -0.33212588190550935, -0.33212588190550935, -0.33212588190550935, 0.3321258819057938, -0.9963776457182296]","[0.3321258819057938, 0.3321258819057938, 0.3321258819057902, 0.33212588190550935, 0.33212588190550935, 0.33212588190550935, 0.3321258819057938, 0.3321258819057938, 0.3321258819057902, 0.3321258819057938, 0.3321258819057902, 0.33212588190550935, 0.33212588190550935, 0.33212588190550935, 0.9963776457182296, 0.3321258819057938, 0.3321258819057938, 0.3321258819057902, 0.33212588190550935, 0.33212588190550935, 0.33212588190550935, 0.3321258819057902, 0.3321258819057902, 0.9963776457159647, 0.33212588190550935, 0.33212588190550935, 0.33212588190550935, 0.3321258819057938, 0.9963776457182296]","['3HAD40', '3HAD60', '3HAD80', '3OAR40', '3OAR60', '3OAR80', '3OAS60', '3OAS80', 'EAR40x', 'EAR60x', 'EAR80x', 'FA80ACPHi', 'KAS15']","['ACACT1r', 'ACACT2r', 'ACACT3r', 'ACOAD1f', 'ACOAD2f', 'ACOAD3f', 'ACOATA', 'ECOAH1', 'ECOAH2', 'ECOAH3', 'FACOAE80', 'FADRx2', 'HACD1', 'HACD2', 'HACD3', 'MACPD']",[],HACD3,3OAR80,11.624405866695456,1,29,0,-5.0,-0.99637764572049,iJO1366,PSL,True,False,-8.86501624095366,0.0,0.0,0.0
174,"['3HAD100', '3HAD40', '3HAD60', '3HAD80', 'ACACT1r', 'ACACT2r', 'ACACT3r', 'ACACT4r', '3OAR100', '3OAR40', '3OAR60', '3OAR80', '3OAS100', '3OAS60', '3OAS80', 'ACOAD1f', 'ACOAD2f', 'ACOAD3f', 'ACOAD4f', 'ACOATA', 'EAR100x', 'EAR40x', 'EAR60x', 'EAR80x', 'ECOAH1', 'ECOAH2', 'ECOAH3', 'ECOAH4', 'FA100ACPHi', 'FACOAE100', 'FADRx2', 'HACD1', 'HACD2', 'HACD3', 'HACD4', 'KAS15', 'MACPD']","[0.3321258819056123, 0.33212588190561254, 0.33212588190561254, 0.3321258819056123, -0.3321258819059949, -0.3321258819059949, -0.3321258819059949, -0.3321258819059949, 0.33212588190565384, 0.33212588190565384, 0.33212588190565384, 0.33212588190565384, 0.3321258819056123, 0.33212588190561254, 0.3321258819056123, 0.3321258819059949, 0.3321258819059949, 0.3321258819059949, 0.3321258819059949, 1.3285035276215922, 0.3321258819056123, 0.33212588190561254, 0.33212588190561254, 0.3321258819056123, -0.3321258819059949, -0.3321258819059949, -0.3321258819059949, -0.3321258819059949, 0.332125881905918, -0.332125881905918, -1.328503527621871, -0.3321258819059949, -0.3321258819059949, -0.3321258819059949, -0.3321258819059949, 0.33212588190561254, -1.3285035276216173]","[0.3321258819056123, 0.33212588190561254, 0.33212588190561254, 0.3321258819056123, 0.3321258819059949, 0.3321258819059949, 0.3321258819059949, 0.3321258819059949, 0.33212588190565384, 0.33212588190565384, 0.33212588190565384, 0.33212588190565384, 0.3321258819056123, 0.33212588190561254, 0.3321258819056123, 0.3321258819059949, 0.3321258819059949, 0.3321258819059949, 0.3321258819059949, 1.3285035276215922, 0.3321258819056123, 0.33212588190561254, 0.33212588190561254, 0.3321258819056123, 0.3321258819059949, 0.3321258819059949, 0.3321258819059949, 0.3321258819059949, 0.332125881905918, 0.332125881905918, 1.328503527621871, 0.3321258819059949, 0.3321258819059949, 0.3321258819059949, 0.3321258819059949, 0.33212588190561254, 1.3285035276216173]","['3HAD100', '3HAD40', '3HAD60', '3HAD80', '3OAR100', '3OAR40', '3OAR60', '3OAR80', '3OAS100', '3OAS60', '3OAS80', 'EAR100x', 'EAR40x', 'EAR60x', 'EAR80x', 'FA100ACPHi', 'KAS15']","['ACACT1r', 'ACACT2r', 'ACACT3r', 'ACACT4r', 'ACOAD1f', 'ACOAD2f', 'ACOAD3f', 'ACOAD4f', 'ACOATA', 'ECOAH1', 'ECOAH2', 'ECOAH3', 'ECOAH4', 'FACOAE100', 'FADRx2', 'HACD1', 'HACD2', 'HACD3', 'HACD4', 'MACPD']",[],HACD3,3OAS100,15.277790567664125,1,37,0,-7.0,-1.3285035276201096,iJO1366,PSL,True,False,-8.86501624095366,0.0,0.0,0.0
175,"['3HAD40', '3HAD60', '3HAD80', 'ACACT1r', 'ACACT2r', 'ACACT3r', '3OAR40', '3OAR60', '3OAR80', '3OAS60', '3OAS80', 'ACOAD1f', 'ACOAD2f', 'ACOAD3f', 'ACOATA', 'EAR40x', 'EAR60x', 'EAR80x', 'ECOAH1', 'ECOAH2', 'ECOAH3', 'FA80ACPHi', 'FACOAE80', 'FADRx2', 'HACD1', 'HACD2', 'HACD3', 'KAS15', 'MACPD']","[0.3321258819057938, 0.3321258819057938, 0.3321258819057902, -0.33212588190550935, -0.33212588190550935, -0.33212588190550935, 0.3321258819057938, 0.3321258819057938, 0.3321258819057902, 0.3321258819057938, 0.3321258819057902, 0.33212588190550935, 0.33212588190550935, 0.33212588190550935, 0.9963776457182296, 0.3321258819057938, 0.3321258819057938, 0.3321258819057902, -0.33212588190550935, -0.33212588190550935, -0.33212588190550935, 0.3321258819057902, -0.3321258819057902, -0.9963776457159647, -0.33212588190550935, -0.33212588190550935, -0.33212588190550935, 0.3321258819057938, -0.9963776457182296]","[0.3321258819057938, 0.3321258819057938, 0.3321258819057902, 0.33212588190550935, 0.33212588190550935, 0.33212588190550935, 0.3321258819057938, 0.3321258819057938, 0.3321258819057902, 0.3321258819057938, 0.3321258819057902, 0.33212588190550935, 0.33212588190550935, 0.33212588190550935, 0.9963776457182296, 0.3321258819057938, 0.3321258819057938, 0.3321258819057902, 0.33212588190550935, 0.33212588190550935, 0.33212588190550935, 0.3321258819057902, 0.3321258819057902, 0.9963776457159647, 0.33212588190550935, 0.33212588190550935, 0.33212588190550935, 0.3321258819057938, 0.9963776457182296]","['3HAD40', '3HAD60', '3HAD80', '3OAR40', '3OAR60', '3OAR80', '3OAS60', '3OAS80', 'EAR40x', 'EAR60x', 'EAR80x', 'FA80ACPHi', 'KAS15']","['ACACT1r', 'ACACT2r', 'ACACT3r', 'ACOAD1f', 'ACOAD2f', 'ACOAD3f', 'ACOATA', 'ECOAH1', 'ECOAH2', 'ECOAH3', 'FACOAE80', 'FADRx2', 'HACD1', 'HACD2', 'HACD3', 'MACPD']",[],HACD3,3OAS60,11.624405866695456,1,29,0,-5.0,-0.99637764572049,iJO1366,PSL,True,False,-8.86501624095366,0.0,0.0,-10.6104250518248
176,"['3HAD40', '3HAD60', '3HAD80', 'ACACT1r', 'ACACT2r', 'ACACT3r', '3OAR40', '3OAR60', '3OAR80', '3OAS60', '3OAS80', 'ACOAD1f', 'ACOAD2f', 'ACOAD3f', 'ACOATA', 'EAR40x', 'EAR60x', 'EAR80x', 'ECOAH1', 'ECOAH2', 'ECOAH3', 'FA80ACPHi', 'FACOAE80', 'FADRx2', 'HACD1', 'HACD2', 'HACD3', 'KAS15', 'MACPD']","[0.3321258819057938, 0.3321258819057938, 0.3321258819057902, -0.33212588190550935, -0.33212588190550935, -0.33212588190550935, 0.3321258819057938, 0.3321258819057938, 0.3321258819057902, 0.3321258819057938, 0.3321258819057902, 0.33212588190550935, 0.33212588190550935, 0.33212588190550935, 0.9963776457182296, 0.3321258819057938, 0.3321258819057938, 0.3321258819057902, -0.33212588190550935, -0.33212588190550935, -0.33212588190550935, 0.3321258819057902, -0.3321258819057902, -0.9963776457159647, -0.33212588190550935, -0.33212588190550935, -0.33212588190550935, 0.3321258819057938, -0.9963776457182296]","[0.3321258819057938, 0.3321258819057938, 0.3321258819057902, 0.33212588190550935, 0.33212588190550935, 0.33212588190550935, 0.3321258819057938, 0.3321258819057938, 0.3321258819057902, 0.3321258819057938, 0.3321258819057902, 0.33212588190550935, 0.33212588190550935, 0.33212588190550935, 0.9963776457182296, 0.3321258819057938, 0.3321258819057938, 0.3321258819057902, 0.33212588190550935, 0.33212588190550935, 0.33212588190550935, 0.3321258819057902, 0.3321258819057902, 0.9963776457159647, 0.33212588190550935, 0.33212588190550935, 0.33212588190550935, 0.3321258819057938, 0.9963776457182296]","['3HAD40', '3HAD60', '3HAD80', '3OAR40', '3OAR60', '3OAR80', '3OAS60', '3OAS80', 'EAR40x', 'EAR60x', 'EAR80x', 'FA80ACPHi', 'KAS15']","['ACACT1r', 'ACACT2r', 'ACACT3r', 'ACOAD1f', 'ACOAD2f', 'ACOAD3f', 'ACOATA', 'ECOAH1', 'ECOAH2', 'ECOAH3', 'FACOAE80', 'FADRx2', 'HACD1', 'HACD2', 'HACD3', 'MACPD']",[],HACD3,3OAS80,11.624405866695456,1,29,0,-5.0,-0.99637764572049,iJO1366,PSL,True,False,-8.86501624095366,0.0,0.0,0.0
177,"['3HAD100', 'AACPS8', 'AACPS9', 'ACACT4r', '3OAR100', '3OAS100', 'ACOAD4f', 'ACOATA', 'EAR100x', 'ECOAH4', 'FACOAE100', 'FACOAE80', 'FADRx2', 'HACD4', 'MACPD']","[0.3321258819059934, -0.3321258819059934, 0.3321258819059934, -0.3321258819059949, 0.3321258819059949, 0.3321258819059934, 0.3321258819059949, 0.3321258819058812, 0.3321258819059934, -0.3321258819059949, -0.3321258819059934, 0.3321258819059934, -0.3321258819059994, -0.3321258819059949, -0.3321258819059327]","[0.3321258819059934, 0.3321258819059934, 0.3321258819059934, 0.3321258819059949, 0.3321258819059949, 0.3321258819059934, 0.3321258819059949, 0.3321258819058812, 0.3321258819059934, 0.3321258819059949, 0.3321258819059934, 0.3321258819059934, 0.3321258819059994, 0.3321258819059949, 0.3321258819059327]","['3HAD100', 'AACPS9', '3OAR100', '3OAS100', 'EAR100x', 'FACOAE80']","['AACPS8', 'ACACT4r', 'ACOAD4f', 'ACOATA', 'ECOAH4', 'FACOAE100', 'FADRx2', 'HACD4', 'MACPD']",[],HACD4,3HAD100,4.981888228589619,1,15,0,-1.0,-0.33212588190593434,iJO1366,PSL,True,False,-18.5716619559617,0.0,0.0,0.0
178,"['3HAD100', 'AACPS8', 'AACPS9', 'ACACT4r', '3OAR100', '3OAS100', 'ACOAD4f', 'ACOATA', 'EAR100x', 'ECOAH4', 'FACOAE100', 'FACOAE80', 'FADRx2', 'HACD4', 'MACPD']","[0.3321258819059934, -0.3321258819059934, 0.3321258819059934, -0.3321258819059949, 0.3321258819059949, 0.3321258819059934, 0.3321258819059949, 0.3321258819058812, 0.3321258819059934, -0.3321258819059949, -0.3321258819059934, 0.3321258819059934, -0.3321258819059994, -0.3321258819059949, -0.3321258819059327]","[0.3321258819059934, 0.3321258819059934, 0.3321258819059934, 0.3321258819059949, 0.3321258819059949, 0.3321258819059934, 0.3321258819059949, 0.3321258819058812, 0.3321258819059934, 0.3321258819059949, 0.3321258819059934, 0.3321258819059934, 0.3321258819059994, 0.3321258819059949, 0.3321258819059327]","['3HAD100', 'AACPS9', '3OAR100', '3OAS100', 'EAR100x', 'FACOAE80']","['AACPS8', 'ACACT4r', 'ACOAD4f', 'ACOATA', 'ECOAH4', 'FACOAE100', 'FADRx2', 'HACD4', 'MACPD']",[],HACD4,3OAR100,4.981888228589619,1,15,0,-1.0,-0.33212588190593434,iJO1366,PSL,True,False,-18.5716619559617,0.0,0.0,0.0
179,"['3HAD100', 'AACPS8', 'AACPS9', 'ACACT4r', '3OAR100', '3OAS100', 'ACOAD4f', 'ACOATA', 'EAR100x', 'ECOAH4', 'FACOAE100', 'FACOAE80', 'FADRx2', 'HACD4', 'MACPD']","[0.3321258819059934, -0.3321258819059934, 0.3321258819059934, -0.3321258819059949, 0.3321258819059949, 0.3321258819059934, 0.3321258819059949, 0.3321258819058812, 0.3321258819059934, -0.3321258819059949, -0.3321258819059934, 0.3321258819059934, -0.3321258819059994, -0.3321258819059949, -0.3321258819059327]","[0.3321258819059934, 0.3321258819059934, 0.3321258819059934, 0.3321258819059949, 0.3321258819059949, 0.3321258819059934, 0.3321258819059949, 0.3321258819058812, 0.3321258819059934, 0.3321258819059949, 0.3321258819059934, 0.3321258819059934, 0.3321258819059994, 0.3321258819059949, 0.3321258819059327]","['3HAD100', 'AACPS9', '3OAR100', '3OAS100', 'EAR100x', 'FACOAE80']","['AACPS8', 'ACACT4r', 'ACOAD4f', 'ACOATA', 'ECOAH4', 'FACOAE100', 'FADRx2', 'HACD4', 'MACPD']",[],HACD4,3OAS100,4.981888228589619,1,15,0,-1.0,-0.33212588190593434,iJO1366,PSL,True,False,-18.5716619559617,0.0,0.0,0.0
180,"['DMPPS', 'IPDDI', 'IPDPS']","[0.0019700959219499364, -0.001970095921949944, -0.0019700959219500006]","[0.0019700959219499364, 0.001970095921949944, 0.0019700959219500006]",['IPDPS'],['IPDDI'],['DMPPS'],IPDPS,IPDDI,0.005910287767051904,1,3,1,-1.0,-0.0019700959219500084,iJO1366,PSL,False,True,0.0,-0.0054259842578403,0.0,0.0
181,"['DM_5drib_c', 'EX_colipa_e', 'BIOMASS_Ec_iJO1366_WT_53p95M', 'EX_colipap_e', 'EX_glyc_e', 'EX_glyclt_e', 'EX_gthrd_e', 'EX_his__L_e', 'EX_hom__L_e', 'EX_5mtr_e', 'EX_ile__L_e', 'EX_ins_e', 'EX_LalaDgluMdapDala_e', 'EX_kdo2lipid4_e', 'EX_leu__L_e', 'EX_lipa_e', 'EX_lipa_cold_e', 'EX_adn_e', 'EX_anhgm_e', 'EX_arg__L_e', 'EX_asn__L_e', 'EX_cytd_e', 'EX_cgly_e', 'EX_phe__L_e', 'EX_pheme_e', 'EX_pro__L_e', 'EX_val__L_e', 'EX_xan_e', '12DGR161tipp', '12DGR181tipp', 'EX_spmd_e', 'EX_thymd_e', 'EX_trp__L_e', 'EX_eca4colipa_e', 'EX_enlipa_e', '2AGPEAT160', '2AGPEAT161', '2AGPEAT181', 'EX_tyr__L_e', 'EX_uri_e', '5DOAN', '5MTRtex', '5MTRtpp', '3HAD160', '3HAD181', 'AACTOOR', 'AADDGT', 'EX_feenter_e', 'ACACT8r', 'ACALD', '3OAR160', '3OAR181', 'EX_g3pe_e', 'ACGAMK', 'ACGAMT', '3OAS160', 'ACM6PH', 'ACMAMUT', '3OAS181', '4PCP', '4PCPpp', '4PEPTabcpp', '4PEPTtex', 'ACOATA', 'AGMH', 'AGMt2pp', 'AGPAT181', 'ADMDC', 'ADNK1', 'ALAGLUE', 'ADNtex', 'AGDC', 'AGM3PApp', 'ALLTAMH', 'ALLTN', 'AGM4PApp', 'ASNN', 'AMPTASECG', 'ASNabcpp', 'ASNtex', 'ANHGMtex', 'ASPO3', 'ANHMK', 'AOBUTDs', 'ASPT', 'CBPS', 'CGLYabcpp', 'CGLYtex', 'CLIPAabctex', 'CLPNH160pp', 'CLPNH161pp', 'CLPNH181pp', 'COLIPAKpp', 'COLIPAPabctex', 'COLIPAabctex', 'CPPPGO', 'CPPPGO2', 'CYTDtex', 'CTECOAI8', 'DAAD', 'DHBD', 'DCTPD', 'DHORDfum', 'ARGabcpp', 'ARGtex', 'DMPPS', 'EAR160y', 'EAR181y', 'ECOAH8', 'EDTXS3', 'EDTXS4', 'ENLIPAabctex', 'ECA4COLIPAabctex', 'ECA4OALpp', 'ECAP1pp', 'ECAP2pp', 'ECAP3pp', 'ECAtpp', 'ETHAAL', 'FCLT', 'FLDR2', 'FA140ACPHi', 'FA160ACPHi', 'FA161ACPHi', 'FACOAE140', 'FACOAE181', 'G1PTT', 'G1SAT', 'FACOAL160t2pp', 'G3PAT181', 'G3PEabcpp', 'FE2t2pp', 'G3PEtex', 'G3PT', 'GLCP', 'GLUTRR', 'GLUTRS', 'GLUabcpp', 'FE3Ri', 'GLYAT', 'GLYCLTDy', 'H2SO', 'GLYCLTt2rpp', 'GLYCLTtex', 'GLYCtex', 'GLYCtpp', 'HACD8', 'HCYSMT', 'GMPR', 'GPDDA2', 'HISabcpp', 'HIStex', 'HMBS', 'HOMt2pp', 'HOMtex', 'GTHRDHpp', 'GTHRDtex', 'INStex', 'LIPAabctex', 'Kabcpp', 'Kt2pp', 'ICHORS_copy1', 'ICHORT', 'LADGMDH', 'ILEabcpp', 'ILEtex', 'LALGP', 'INSK', 'LDH_D', 'LEUabcpp', 'LEUtex', 'LIPACabcpp', 'MACPD', 'LPLIPAL1E160pp', 'MG2uabcpp', 'MGSA', 'MDDCP1pp', 'MLDCP1Bpp', 'MLDCP2Bpp', 'MDDEP1pp', 'MDDEP2pp', 'MLTGY1pp', 'MLTGY3pp', 'MN2t3pp', 'MTAN', 'NTD2', 'URIC', 'NTD4', 'NTPP2', 'NTPP4', 'NTPP7', 'NTPP8', 'PA160abcpp', 'PA161abcpp', 'PA181abcpp', 'LPLIPAL2E160', 'LPLIPAL2E161', 'PAPA161', 'PAPA181', 'LPLIPAL2E181', 'PDX5PO2', 'PDX5POi', 'OPHHX', 'OPHHX3', 'PG160abcpp', 'PG161abcpp', 'PG181abcpp', 'PE181abcpp', 'PGMT', 'PETNT161pp', 'PETNT181pp', 'PFL', 'PGPP160', 'PGPP161', 'PGPP181', 'PGSA160', 'PGSA161', 'PGSA181', 'PHEMEabcpp', 'PLIPA2E160pp', 'PHEMEtiex', 'PHEt2rpp', 'PHEtex', 'PIuabcpp', 'POX', 'PPBNGS', 'PPPGO', 'PPPGO3', 'PPS', 'PROabcpp', 'PROtex', 'PSD181', 'PSSA181', 'SERD_L', 'SPMDabcpp', 'SPMDtex', 'SPMS', 'THRA', 'TMDK1', 'TDPADGAT', 'TDPAGTA', 'TDPGDH', 'THMDtex', 'TRPt2rpp', 'TRPtex', 'TYRt2rpp', 'TYRtex', 'UACMAMO', 'UAG2E', 'URItex', 'VALabcpp', 'VALtex', 'XAND', 'UDCPPtppi', 'XANtex', 'XANtpp', 'UGLYCH', 'UPP3S', 'UPPDC1', 'RNTR1c2', 'RNTR2c2']","[-5.839957129891019e-05, -1.1929270020497077e-05, -0.0017553222512446693, 2.0989521352313902e-05, -0.0006744965037422467, -0.00020943788985018457, 5.849883275799422e-05, 0.00021522860076057804, 2.305289614912276e-05, 5.839957129891016e-05, 0.0006600355232598276, 0.0005537417091545649, 0.0008437465395555439, -0.0002996464380349423, 0.001023532116705363, -0.0002886644637533725, 0.00031066242523494075, 0.000463765029167007, 0.00015438574428043746, 0.0006719921518527633, 0.0010159555487689043, 0.00030344358981437836, 0.0005693493823579754, 0.0004208919099913017, 6.692165942695808e-05, 0.0005022010499228433, 0.000962691945574079, 0.00020749335457141715, 0.0002607962700725566, 2.7868193680790506e-05, 7.02374645613042e-05, 0.00011861029656756727, 0.00012913797582524372, 5.2473803380784755e-06, 0.00028866446375334714, -6.076317451516461e-05, -0.0001253917386802176, -1.2737675957252428e-05, 0.0003137953090730616, 0.0003328042704424661, -5.839957129891019e-05, -5.8399571344125434e-05, 5.839957129891016e-05, -0.00010471665750594328, -5.987894787451843e-05, 3.713778706197795e-05, 2.0989521352313902e-05, 3.034471105605504e-05, 2.5475351890236198e-05, -0.000179893469749004, -0.00010471665746081271, -5.987894787451843e-05, 0.0010369514673224378, -9.024565695786891e-05, 2.0989521352313902e-05, -0.00010471665750594328, -9.024565695786891e-05, 2.0989521352313902e-05, -5.987894787451843e-05, -0.0007796064522329754, -2.1239399240060496e-06, -0.0007796064522329754, -0.0008437465395445543, -0.000158856067173474, -9.024565695786891e-05, -9.024565695786891e-05, -2.9939473937259215e-05, 5.839957129891016e-05, -0.000463765029183022, -0.0007796064522835877, -0.000463765029167007, -0.00018049131391573782, 2.1239399240060496e-06, -0.00020749335457141715, -0.00020749335457141715, 6.201614739856246e-05, -0.000468317566215376, -0.0006278482151159696, -0.0010159555487689043, -0.0010159555487234684, -0.00015438574428117136, -5.290182888189211e-06, -9.024565695786891e-05, 3.713778706197795e-05, 0.00016253899611451406, 5.290182888195716e-06, -0.0006278482151159696, -0.0005693493823173412, 0.00031066242523494075, 5.1676687076643065e-06, 4.0196879553502924e-06, 2.07128025646871e-06, 2.0989521352313902e-05, 2.0989521352313902e-05, -2.6236901690392376e-05, 9.49458715323393e-05, -2.893334842943632e-05, -0.00030344358981437836, 2.5475351890236198e-05, -0.00039422734202614957, 8.985982253761904e-05, 6.025433889887747e-05, 5.290182888195716e-06, -0.0006719921518527633, -0.0006719921518651972, -1.8196937719274232e-06, -0.00010471665750594328, -5.987894787451843e-05, -2.5475351890236198e-05, 0.00031066242523494075, 0.00031066242523494075, 0.00028866446375334714, 5.2473803380784755e-06, 5.2473803380784755e-06, 5.2473803380784755e-06, 5.2473803380784755e-06, 5.2473803380784755e-06, 2.0989521352313902e-05, -0.0007562285160247322, 6.601252310290296e-05, -0.00013159371357773656, -0.00020594576772897666, -0.00010471665750594328, -0.0002507834773604352, 0.00020594576772897666, -2.5475351914504857e-05, 2.0989521352313902e-05, 0.0005239585891558818, 0.0001636607242901586, -2.9939473937259215e-05, -0.000955121105177362, 6.0917743687936496e-05, -0.0010369514673129743, -0.0006744965037422467, 0.0002706478719526618, 0.0005239585891270034, 0.0005239585891270034, -5.849883275799422e-05, -6.442643886904898e-06, 3.7137787103347364e-05, -0.00020749335457141715, -0.00012267164608584181, 0.00020943788979366218, 0.00020943788979366218, 0.0006744965037341899, -0.0006744965037341899, -2.5475351890236198e-05, 2.6057894166678103e-06, 0.0005532240096960807, -0.0007562285160247322, -0.00021522860076057804, -0.00021522860072309413, 6.549482364087543e-05, 2.305289614912276e-05, -2.3052896153785696e-05, -5.849883275799422e-05, -5.849883280006907e-05, -0.0005537417091545649, -0.0002886644637533725, 0.18205382719625, -0.18249029126168362, 8.907694882509531e-05, 8.985982258209041e-05, -0.0007796064522329754, -0.0006600355232598276, -0.0006600355233103983, -0.0007796064522329754, -0.0005537417091581454, -9.024565690651798e-05, -0.001023532116705363, -0.0010235321167328948, 0.00031066242523494075, 0.0001588560671536149, 8.183036214507583e-05, -1.9398459539521094e-05, -3.713778706197795e-05, 7.866782799997168e-06, -2.3609084279240802e-06, -1.2989384659210554e-06, 1.861111029986584e-05, 1.0619699620030248e-06, 3.0417407761737438e-05, 1.0619699620030248e-06, 1.5462462413189253e-06, 5.839957129891016e-05, 0.00033280427040979776, -0.00020749335457141715, 0.00030344358981437836, 0.0005532240096960807, 4.778057677867764e-05, 3.736643628980685e-05, 0.0002855350448169591, -5.1676687076643065e-06, -4.0196879553502924e-06, -2.07128025646871e-06, 6.076317451516461e-05, 0.0001253917386802176, -0.0002607962700725566, -2.7868193680790506e-05, 1.2737675957252428e-05, -0.00017087326697146684, 0.00017035556750943928, 0.00020798903374999998, -0.00020850673321202754, -1.3754705160753227e-05, -1.069868912133626e-05, -5.513467191159507e-06, 5.4931009441747006e-06, 0.0002496583505262606, 0.0002607962700725566, 2.7868193680790506e-05, 6.0861309750194405e-06, -2.377232924860584e-05, -1.8490564594611346e-05, -9.52964450200731e-06, -2.377232924860584e-05, -1.8490564594611346e-05, -9.52964450200731e-06, 6.692165942695808e-05, 8.183036214507583e-05, 6.692165942695808e-05, -0.000420891910039245, -0.000420891910039245, -0.0007477461235750882, 5.782493382566756e-05, 0.0002619792945635017, 3.093526918449842e-05, 3.5077253918404535e-05, -1.337405493189653e-05, -0.0005022010499228433, -0.0005022010499260432, 9.529644502007315e-06, 9.529644502007315e-06, 0.0007256490668637091, -7.02374645613042e-05, -7.023746456980007e-05, 5.839957129891016e-05, 0.0005763350462653763, -0.00011861029656756727, 2.0989521352313902e-05, 2.0989521352313902e-05, 2.0989521352313902e-05, -0.00011861029656756727, -0.00012913797581859399, -0.00012913797581859399, -0.00031379530912545306, -0.00031379530912545306, 2.0989521352313902e-05, 2.0989521317460458e-05, -0.0003328042704424661, -0.000962691945574079, -0.000962691945574079, -0.00020749335457141715, 2.0989521352313902e-05, -0.00020749335453729145, -0.00020749335453729145, -0.00020749335457141715, 6.549482364087543e-05, 6.601252310290298e-05, -5.835595764212133e-05, -6.025433889887747e-05]","[5.839957129891019e-05, 1.1929270020497077e-05, 0.0017553222512446693, 2.0989521352313902e-05, 0.0006744965037422467, 0.00020943788985018457, 5.849883275799422e-05, 0.00021522860076057804, 2.305289614912276e-05, 5.839957129891016e-05, 0.0006600355232598276, 0.0005537417091545649, 0.0008437465395555439, 0.0002996464380349423, 0.001023532116705363, 0.0002886644637533725, 0.00031066242523494075, 0.000463765029167007, 0.00015438574428043746, 0.0006719921518527633, 0.0010159555487689043, 0.00030344358981437836, 0.0005693493823579754, 0.0004208919099913017, 6.692165942695808e-05, 0.0005022010499228433, 0.000962691945574079, 0.00020749335457141715, 0.0002607962700725566, 2.7868193680790506e-05, 7.02374645613042e-05, 0.00011861029656756727, 0.00012913797582524372, 5.2473803380784755e-06, 0.00028866446375334714, 6.076317451516461e-05, 0.0001253917386802176, 1.2737675957252428e-05, 0.0003137953090730616, 0.0003328042704424661, 5.839957129891019e-05, 5.8399571344125434e-05, 5.839957129891016e-05, 0.00010471665750594328, 5.987894787451843e-05, 3.713778706197795e-05, 2.0989521352313902e-05, 3.034471105605504e-05, 2.5475351890236198e-05, 0.000179893469749004, 0.00010471665746081271, 5.987894787451843e-05, 0.0010369514673224378, 9.024565695786891e-05, 2.0989521352313902e-05, 0.00010471665750594328, 9.024565695786891e-05, 2.0989521352313902e-05, 5.987894787451843e-05, 0.0007796064522329754, 2.1239399240060496e-06, 0.0007796064522329754, 0.0008437465395445543, 0.000158856067173474, 9.024565695786891e-05, 9.024565695786891e-05, 2.9939473937259215e-05, 5.839957129891016e-05, 0.000463765029183022, 0.0007796064522835877, 0.000463765029167007, 0.00018049131391573782, 2.1239399240060496e-06, 0.00020749335457141715, 0.00020749335457141715, 6.201614739856246e-05, 0.000468317566215376, 0.0006278482151159696, 0.0010159555487689043, 0.0010159555487234684, 0.00015438574428117136, 5.290182888189211e-06, 9.024565695786891e-05, 3.713778706197795e-05, 0.00016253899611451406, 5.290182888195716e-06, 0.0006278482151159696, 0.0005693493823173412, 0.00031066242523494075, 5.1676687076643065e-06, 4.0196879553502924e-06, 2.07128025646871e-06, 2.0989521352313902e-05, 2.0989521352313902e-05, 2.6236901690392376e-05, 9.49458715323393e-05, 2.893334842943632e-05, 0.00030344358981437836, 2.5475351890236198e-05, 0.00039422734202614957, 8.985982253761904e-05, 6.025433889887747e-05, 5.290182888195716e-06, 0.0006719921518527633, 0.0006719921518651972, 1.8196937719274232e-06, 0.00010471665750594328, 5.987894787451843e-05, 2.5475351890236198e-05, 0.00031066242523494075, 0.00031066242523494075, 0.00028866446375334714, 5.2473803380784755e-06, 5.2473803380784755e-06, 5.2473803380784755e-06, 5.2473803380784755e-06, 5.2473803380784755e-06, 2.0989521352313902e-05, 0.0007562285160247322, 6.601252310290296e-05, 0.00013159371357773656, 0.00020594576772897666, 0.00010471665750594328, 0.0002507834773604352, 0.00020594576772897666, 2.5475351914504857e-05, 2.0989521352313902e-05, 0.0005239585891558818, 0.0001636607242901586, 2.9939473937259215e-05, 0.000955121105177362, 6.0917743687936496e-05, 0.0010369514673129743, 0.0006744965037422467, 0.0002706478719526618, 0.0005239585891270034, 0.0005239585891270034, 5.849883275799422e-05, 6.442643886904898e-06, 3.7137787103347364e-05, 0.00020749335457141715, 0.00012267164608584181, 0.00020943788979366218, 0.00020943788979366218, 0.0006744965037341899, 0.0006744965037341899, 2.5475351890236198e-05, 2.6057894166678103e-06, 0.0005532240096960807, 0.0007562285160247322, 0.00021522860076057804, 0.00021522860072309413, 6.549482364087543e-05, 2.305289614912276e-05, 2.3052896153785696e-05, 5.849883275799422e-05, 5.849883280006907e-05, 0.0005537417091545649, 0.0002886644637533725, 0.18205382719625, 0.18249029126168362, 8.907694882509531e-05, 8.985982258209041e-05, 0.0007796064522329754, 0.0006600355232598276, 0.0006600355233103983, 0.0007796064522329754, 0.0005537417091581454, 9.024565690651798e-05, 0.001023532116705363, 0.0010235321167328948, 0.00031066242523494075, 0.0001588560671536149, 8.183036214507583e-05, 1.9398459539521094e-05, 3.713778706197795e-05, 7.866782799997168e-06, 2.3609084279240802e-06, 1.2989384659210554e-06, 1.861111029986584e-05, 1.0619699620030248e-06, 3.0417407761737438e-05, 1.0619699620030248e-06, 1.5462462413189253e-06, 5.839957129891016e-05, 0.00033280427040979776, 0.00020749335457141715, 0.00030344358981437836, 0.0005532240096960807, 4.778057677867764e-05, 3.736643628980685e-05, 0.0002855350448169591, 5.1676687076643065e-06, 4.0196879553502924e-06, 2.07128025646871e-06, 6.076317451516461e-05, 0.0001253917386802176, 0.0002607962700725566, 2.7868193680790506e-05, 1.2737675957252428e-05, 0.00017087326697146684, 0.00017035556750943928, 0.00020798903374999998, 0.00020850673321202754, 1.3754705160753227e-05, 1.069868912133626e-05, 5.513467191159507e-06, 5.4931009441747006e-06, 0.0002496583505262606, 0.0002607962700725566, 2.7868193680790506e-05, 6.0861309750194405e-06, 2.377232924860584e-05, 1.8490564594611346e-05, 9.52964450200731e-06, 2.377232924860584e-05, 1.8490564594611346e-05, 9.52964450200731e-06, 6.692165942695808e-05, 8.183036214507583e-05, 6.692165942695808e-05, 0.000420891910039245, 0.000420891910039245, 0.0007477461235750882, 5.782493382566756e-05, 0.0002619792945635017, 3.093526918449842e-05, 3.5077253918404535e-05, 1.337405493189653e-05, 0.0005022010499228433, 0.0005022010499260432, 9.529644502007315e-06, 9.529644502007315e-06, 0.0007256490668637091, 7.02374645613042e-05, 7.023746456980007e-05, 5.839957129891016e-05, 0.0005763350462653763, 0.00011861029656756727, 2.0989521352313902e-05, 2.0989521352313902e-05, 2.0989521352313902e-05, 0.00011861029656756727, 0.00012913797581859399, 0.00012913797581859399, 0.00031379530912545306, 0.00031379530912545306, 2.0989521352313902e-05, 2.0989521317460458e-05, 0.0003328042704424661, 0.000962691945574079, 0.000962691945574079, 0.00020749335457141715, 2.0989521352313902e-05, 0.00020749335453729145, 0.00020749335453729145, 0.00020749335457141715, 6.549482364087543e-05, 6.601252310290298e-05, 5.835595764212133e-05, 6.025433889887747e-05]","['EX_colipa_e', 'BIOMASS_Ec_iJO1366_WT_53p95M', 'EX_glyc_e', 'EX_glyclt_e', 'EX_kdo2lipid4_e', 'EX_lipa_e', '2AGPEAT160', '2AGPEAT161', '3HAD160', '3OAR160', 'ACGAMK', '3OAS160', 'ACM6PH', '4PCP', '4PCPpp', '4PEPTabcpp', 'AGMH', 'AGMt2pp', 'ADNK1', 'AGDC', 'ASNN', 'AMPTASECG', 'ASNabcpp', 'ASPO3', 'ANHMK', 'CGLYabcpp', 'COLIPAabctex', 'CPPPGO2', 'DAAD', 'ARGabcpp', 'DMPPS', 'EAR160y', 'EAR181y', 'FLDR2', 'FA140ACPHi', 'FA160ACPHi', 'FA161ACPHi', 'FACOAE181', 'G3PAT181', 'G3PEabcpp', 'G3PT', 'FE3Ri', 'GLYCLTDy', 'H2SO', 'GLYCLTt2rpp', 'GLYCLTtex', 'GLYCtex', 'HISabcpp', 'LIPAabctex', 'Kt2pp', 'ILEabcpp', 'INSK', 'LEUabcpp', 'MG2uabcpp', 'MGSA', 'MLDCP1Bpp', 'PA160abcpp', 'PA161abcpp', 'PA181abcpp', 'PAPA161', 'PAPA181', 'PDX5PO2', 'OPHHX3', 'PG160abcpp', 'PGPP160', 'PIuabcpp', 'PPS', 'PROabcpp', 'SPMDabcpp', 'TMDK1', 'VALabcpp', 'RNTR1c2', 'RNTR2c2']","['EX_colipap_e', 'EX_gthrd_e', 'EX_his__L_e', 'EX_hom__L_e', 'EX_ile__L_e', 'EX_ins_e', 'EX_LalaDgluMdapDala_e', 'EX_leu__L_e', 'EX_lipa_cold_e', 'EX_adn_e', 'EX_arg__L_e', 'EX_asn__L_e', 'EX_cytd_e', 'EX_cgly_e', 'EX_phe__L_e', 'EX_pheme_e', 'EX_pro__L_e', 'EX_val__L_e', 'EX_xan_e', 'EX_spmd_e', 'EX_thymd_e', 'EX_trp__L_e', 'EX_eca4colipa_e', 'EX_enlipa_e', 'EX_tyr__L_e', 'EX_uri_e', 'AACTOOR', 'AADDGT', 'EX_feenter_e', 'ACACT8r', 'EX_g3pe_e', 'ACGAMT', 'ACMAMUT', '4PEPTtex', 'ACOATA', 'ADNtex', 'AGM3PApp', 'ASNtex', 'AOBUTDs', 'ASPT', 'CBPS', 'CGLYtex', 'CLIPAabctex', 'CLPNH160pp', 'CLPNH161pp', 'CLPNH181pp', 'COLIPAKpp', 'COLIPAPabctex', 'CYTDtex', 'CTECOAI8', 'DHBD', 'DCTPD', 'DHORDfum', 'ARGtex', 'ECOAH8', 'EDTXS3', 'EDTXS4', 'ENLIPAabctex', 'ECA4COLIPAabctex', 'ECA4OALpp', 'ECAP1pp', 'ECAP2pp', 'ECAP3pp', 'ECAtpp', 'FE2t2pp', 'G3PEtex', 'GLCP', 'GLYAT', 'HACD8', 'HCYSMT', 'GMPR', 'HIStex', 'HOMt2pp', 'HOMtex', 'GTHRDtex', 'INStex', 'Kabcpp', 'ICHORT', 'ILEtex', 'LEUtex', 'LIPACabcpp', 'MACPD', 'LPLIPAL1E160pp', 'MDDCP1pp', 'MDDEP2pp', 'MLTGY3pp', 'MN2t3pp', 'NTD2', 'NTD4', 'NTPP2', 'NTPP4', 'NTPP7', 'NTPP8', 'LPLIPAL2E160', 'LPLIPAL2E161', 'LPLIPAL2E181', 'OPHHX', 'PETNT161pp', 'PETNT181pp', 'PFL', 'PHEMEabcpp', 'PLIPA2E160pp', 'PHEMEtiex', 'PHEt2rpp', 'PHEtex', 'POX', 'PPPGO', 'PROtex', 'SERD_L', 'SPMDtex', 'THRA', 'TDPADGAT', 'TDPAGTA', 'THMDtex', 'TRPt2rpp', 'TRPtex', 'TYRt2rpp', 'TYRtex', 'UACMAMO', 'UAG2E', 'URItex', 'VALtex', 'UDCPPtppi', 'XANtex', 'XANtpp']","['DM_5drib_c', 'EX_5mtr_e', 'EX_anhgm_e', '12DGR161tipp', '12DGR181tipp', '2AGPEAT181', '5DOAN', '5MTRtex', '5MTRtpp', '3HAD181', 'ACALD', '3OAR181', '3OAS181', 'AGPAT181', 'ADMDC', 'ALAGLUE', 'ALLTAMH', 'ALLTN', 'AGM4PApp', 'ANHGMtex', 'CPPPGO', 'ETHAAL', 'FCLT', 'FACOAE140', 'G1PTT', 'G1SAT', 'FACOAL160t2pp', 'GLUTRR', 'GLUTRS', 'GLUabcpp', 'GLYCtpp', 'GPDDA2', 'HMBS', 'GTHRDHpp', 'ICHORS_copy1', 'LADGMDH', 'LALGP', 'LDH_D', 'MLDCP2Bpp', 'MDDEP1pp', 'MLTGY1pp', 'MTAN', 'URIC', 'PDX5POi', 'PG161abcpp', 'PG181abcpp', 'PE181abcpp', 'PGMT', 'PGPP161', 'PGPP181', 'PGSA160', 'PGSA161', 'PGSA181', 'PPBNGS', 'PPPGO3', 'PSD181', 'PSSA181', 'SPMS', 'TDPGDH', 'XAND', 'UGLYCH', 'UPP3S', 'UPPDC1']",Kt2pp,Kabcpp,0.5125811172534963,1,261,63,-1.0,-0.014269388226795908,iJO1366,PSL,False,False,0.0,0.0,1.09581660084655,0.0
182,"['I2FE2SR', 'S2FE2SR', 'S2FE2SS']","[-1.8665048999999998e-06, 1.8665048999999998e-06, -1.3998786749999998e-06]","[1.8665048999999998e-06, 1.8665048999999998e-06, 1.3998786749999998e-06]",['S2FE2SR'],"['I2FE2SR', 'S2FE2SS']",[],I2FE2SR,S2FE2SR,6.532767149999966e-06,1,3,0,-1.0,-1.3998786749999998e-06,iJO1366,PSL,False,False,0.0,0.0,0.0,0.0
183,"['I2FE2SR', 'I2FE2ST', 'S2FE2SR', 'S2FE2ST', 'SCYSDS']","[-1.8665049743633933e-06, -1.878324193649229e-06, 1.8665048999999998e-06, 1.8783231525617158e-06, 1.8665048999999998e-06]","[1.8665049743633933e-06, 1.878324193649229e-06, 1.8665048999999998e-06, 1.8783231525617158e-06, 1.8665048999999998e-06]",['I2FE2SR'],"['S2FE2SR', 'SCYSDS']","['I2FE2ST', 'S2FE2ST']",I2FE2SR,SCYSDS,1.128059338291746e-05,1,5,2,1.0,1.866503784549093e-06,iJO1366,PSL,False,False,0.0,0.0,0.0,0.0
184,"['BIOMASS_Ec_iJO1366_WT_53p95M', 'EX_glyc_e', 'EX_gua_e', 'EX_ile__L_e', 'EX_LalaDgluMdapDala_e', 'EX_kdo2lipid4_e', 'EX_leu__L_e', 'EX_lipa_cold_e', 'EX_adn_e', 'EX_arg__L_e', 'EX_asn__L_e', 'EX_cytd_e', 'EX_cgly_e', 'EX_phe__L_e', 'EX_val__L_e', 'EX_tyr__L_e', 'EX_uri_e', '3HAD160', '3OAR160', 'EX_g3pe_e', '3OAS160', '4PCP', '4PEPTabcpp', '4PEPTtex', 'ALAGLUE', 'ADNtex', 'ASNS1', 'AMPTASECG', 'ASNabcpp', 'ASNtex', 'CGLYabcpp', 'CGLYtex', 'CLIPAabctex', 'CYSDS', 'CYTDtex', 'DAAD', 'ARGabcpp', 'ARGtex', 'EAR160y', 'EDTXS3', 'EDTXS4', 'ETHAAL', 'FA160ACPHi', 'G3PEabcpp', 'G3PEtex', 'G3PT', 'GLCP', 'GUAtex', 'GUAtpp', 'H2SO', 'GLYCtex', 'GLYCtpp', 'GPDDA2', 'Kabcpp', 'I2FE2SR', 'I2FE2SS', 'I2FE2SS2', 'I2FE2ST', 'I4FE4SR', 'I4FE4ST', 'ICYSDS', 'LADGMDH', 'ILEabcpp', 'ILEtex', 'LALGP', 'LEUabcpp', 'LEUtex', 'LIPACabcpp', 'NTD2', 'NTD4', 'NTPP2', 'NTPP4', 'P5CD', 'OPHHX3', 'PHEt2rpp', 'PHEtex', 'PIuabcpp', 'PROD2', 'S2FE2SR', 'S2FE2SS', 'S2FE2SS2', 'S2FE2ST', 'S4FE4SR', 'S4FE4ST', 'SCYSDS', 'SERD_L', 'THRA', 'TYRt2rpp', 'TYRtex', 'URItex', 'VALabcpp', 'VALtex']","[-8.44058193476076e-06, -3.0264436723244907e-06, 1.1821455028660825e-06, 1.3840737093095967e-06, 4.032796726075869e-06, -1.1153216157196166e-06, 3.6951010782356957e-06, 1.1153216157057388e-06, 1.673801421020471e-06, 2.4259920596889375e-06, 4.0664411490284635e-06, 1.3118184369886876e-06, 3.4828906058671888e-06, 1.5194820004775664e-06, 3.4754940116839533e-06, 1.1328611449479276e-06, 1.1825339925053413e-06, -1.0238594698452896e-06, -1.0238594541078783e-06, 4.927600347286785e-06, -1.0238594698452896e-06, -3.800030798064441e-06, -3.800030798064441e-06, -4.032796709907416e-06, -3.8000307540642098e-06, -1.673801421020471e-06, 2.089386761285582e-06, -3.4828906058671888e-06, -4.0664411490284635e-06, -4.066441192662751e-06, -3.4828906058671888e-06, -3.482890633677016e-06, 1.1153216157057388e-06, -1.7304907015472382e-06, -1.3118184369886876e-06, -1.760038405553783e-06, -2.4259920596889375e-06, -2.4259920792246703e-06, -1.0238594698452896e-06, 1.1153216157057388e-06, 1.1153216157057388e-06, -3.998608798094229e-06, -1.0238594698452896e-06, -4.659206722920639e-06, -4.927600343762606e-06, -3.543885107253064e-06, 1.3014280067749571e-06, -1.1821455245808465e-06, -1.1821455245808465e-06, -1.7304907015472382e-06, 3.0264436645666137e-06, -3.5438851000435534e-06, -3.998608798094229e-06, -1.5673316594657254e-06, 1.8665048999999998e-06, -0.00026691250497886814, -0.00023891474578606554, -2.613125429280256e-05, -0.00023891474578606554, -0.00023891474578606554, -0.0010097940316459507, -3.800030798064441e-06, -1.3840737093095967e-06, -1.3840736983183888e-06, -3.800030798064441e-06, -3.6951010782356957e-06, -3.695101099765452e-06, 1.1153216157057388e-06, 1.1825339694231107e-06, 1.3118184369886876e-06, 1.7804901156670168e-06, 1.0584507578459412e-06, 1.7386711888278672e-06, -5.23124086411475e-06, -1.5194819980024477e-06, -1.5194819980024477e-06, -2.4665571748678116e-06, 1.7386711888278672e-06, -1.8665048999999998e-06, 0.00026691020069999994, 0.00023891262719999992, 2.6131068599999993e-05, 0.00023891262719999992, 0.00023891262719999992, 0.0010097791508999997, 4.703126055494167e-06, 3.998608798094229e-06, -1.1328611435601488e-06, -1.1328611435601488e-06, -1.1825339925053413e-06, -3.4754940116839533e-06, -3.47549405432801e-06]","[8.44058193476076e-06, 3.0264436723244907e-06, 1.1821455028660825e-06, 1.3840737093095967e-06, 4.032796726075869e-06, 1.1153216157196166e-06, 3.6951010782356957e-06, 1.1153216157057388e-06, 1.673801421020471e-06, 2.4259920596889375e-06, 4.0664411490284635e-06, 1.3118184369886876e-06, 3.4828906058671888e-06, 1.5194820004775664e-06, 3.4754940116839533e-06, 1.1328611449479276e-06, 1.1825339925053413e-06, 1.0238594698452896e-06, 1.0238594541078783e-06, 4.927600347286785e-06, 1.0238594698452896e-06, 3.800030798064441e-06, 3.800030798064441e-06, 4.032796709907416e-06, 3.8000307540642098e-06, 1.673801421020471e-06, 2.089386761285582e-06, 3.4828906058671888e-06, 4.0664411490284635e-06, 4.066441192662751e-06, 3.4828906058671888e-06, 3.482890633677016e-06, 1.1153216157057388e-06, 1.7304907015472382e-06, 1.3118184369886876e-06, 1.760038405553783e-06, 2.4259920596889375e-06, 2.4259920792246703e-06, 1.0238594698452896e-06, 1.1153216157057388e-06, 1.1153216157057388e-06, 3.998608798094229e-06, 1.0238594698452896e-06, 4.659206722920639e-06, 4.927600343762606e-06, 3.543885107253064e-06, 1.3014280067749571e-06, 1.1821455245808465e-06, 1.1821455245808465e-06, 1.7304907015472382e-06, 3.0264436645666137e-06, 3.5438851000435534e-06, 3.998608798094229e-06, 1.5673316594657254e-06, 1.8665048999999998e-06, 0.00026691250497886814, 0.00023891474578606554, 2.613125429280256e-05, 0.00023891474578606554, 0.00023891474578606554, 0.0010097940316459507, 3.800030798064441e-06, 1.3840737093095967e-06, 1.3840736983183888e-06, 3.800030798064441e-06, 3.6951010782356957e-06, 3.695101099765452e-06, 1.1153216157057388e-06, 1.1825339694231107e-06, 1.3118184369886876e-06, 1.7804901156670168e-06, 1.0584507578459412e-06, 1.7386711888278672e-06, 5.23124086411475e-06, 1.5194819980024477e-06, 1.5194819980024477e-06, 2.4665571748678116e-06, 1.7386711888278672e-06, 1.8665048999999998e-06, 0.00026691020069999994, 0.00023891262719999992, 2.6131068599999993e-05, 0.00023891262719999992, 0.00023891262719999992, 0.0010097791508999997, 4.703126055494167e-06, 3.998608798094229e-06, 1.1328611435601488e-06, 1.1328611435601488e-06, 1.1825339925053413e-06, 3.4754940116839533e-06, 3.47549405432801e-06]","['BIOMASS_Ec_iJO1366_WT_53p95M', 'EX_kdo2lipid4_e', '3HAD160', '3OAR160', '3OAS160', '4PCP', '4PEPTabcpp', 'AMPTASECG', 'ASNabcpp', 'CGLYabcpp', 'CYSDS', 'DAAD', 'ARGabcpp', 'EAR160y', 'FA160ACPHi', 'G3PEabcpp', 'G3PT', 'H2SO', 'GLYCtpp', 'Kabcpp', 'I2FE2SS', 'I2FE2ST', 'ILEabcpp', 'LEUabcpp', 'OPHHX3', 'PIuabcpp', 'S2FE2SR', 'VALabcpp']","['EX_gua_e', 'EX_ile__L_e', 'EX_LalaDgluMdapDala_e', 'EX_leu__L_e', 'EX_lipa_cold_e', 'EX_adn_e', 'EX_arg__L_e', 'EX_asn__L_e', 'EX_cytd_e', 'EX_cgly_e', 'EX_phe__L_e', 'EX_val__L_e', 'EX_tyr__L_e', 'EX_uri_e', 'EX_g3pe_e', '4PEPTtex', 'ADNtex', 'ASNS1', 'ASNtex', 'CGLYtex', 'CLIPAabctex', 'CYTDtex', 'ARGtex', 'EDTXS3', 'EDTXS4', 'G3PEtex', 'GLCP', 'GUAtex', 'GUAtpp', 'I2FE2SR', 'ILEtex', 'LEUtex', 'LIPACabcpp', 'NTD4', 'NTPP2', 'NTPP4', 'P5CD', 'PHEt2rpp', 'PHEtex', 'PROD2', 'S2FE2SS', 'S2FE2ST', 'SERD_L', 'THRA', 'TYRt2rpp', 'TYRtex', 'URItex', 'VALtex']","['EX_glyc_e', 'ALAGLUE', 'ETHAAL', 'GLYCtex', 'GPDDA2', 'I2FE2SS2', 'I4FE4SR', 'I4FE4ST', 'ICYSDS', 'LADGMDH', 'LALGP', 'NTD2', 'S2FE2SS2', 'S4FE4SR', 'S4FE4ST', 'SCYSDS']",I2FE2SS,S2FE2SS,0.004407126041243206,1,92,16,-18.0,-6.729700401775823e-05,iJO1366,PSL,False,False,0.0,0.0,0.239419728710573,0.0
185,"['BIOMASS_Ec_iJO1366_WT_53p95M', 'EX_glyc_e', 'EX_ile__L_e', 'EX_ins_e', 'EX_LalaDgluMdapDala_e', 'EX_kdo2lipid4_e', 'EX_leu__L_e', 'EX_lipa_cold_e', 'EX_adn_e', 'EX_arg__L_e', 'EX_asn__L_e', 'EX_cytd_e', 'EX_cgly_e', 'EX_phe__L_e', 'EX_pro__L_e', 'EX_val__L_e', 'EX_g3pe_e', '4PCP', '4PEPTabcpp', '4PEPTtex', 'ADNK1', 'ALAGLUE', 'ADNtex', 'ASNN', 'AMPTASECG', 'ASNabcpp', 'ASNtex', 'CGLYabcpp', 'CGLYtex', 'CLIPAabctex', 'CYSDS', 'CYTDtex', 'ARGabcpp', 'ARGtex', 'EDTXS3', 'EDTXS4', 'ETHAAL', 'FA161ACPHi', 'G3PEabcpp', 'G3PEtex', 'G3PT', 'GLCP', 'H2SO', 'GLYCtex', 'GLYCtpp', 'GMPR', 'GPDDA2', 'INStex', 'Kabcpp', 'I2FE2SS', 'I2FE2SS2', 'I4FE4SR', 'I4FE4ST', 'ICYSDS', 'LADGMDH', 'ILEabcpp', 'ILEtex', 'LALGP', 'INSK', 'LEUabcpp', 'LEUtex', 'LIPACabcpp', 'NTD4', 'NTPP2', 'OPHHX3', 'PHEt2rpp', 'PHEtex', 'PIuabcpp', 'PROabcpp', 'PROtex', 'S2FE2SS', 'S2FE2SS2', 'S4FE4SR', 'S4FE4ST', 'SCYSDS', 'SERD_L', 'THRA', 'VALabcpp', 'VALtex']","[-7.958844932188493e-06, -1.154256389740397e-06, 2.2468296774214025e-06, 1.8664675280888332e-06, 2.873341991645285e-06, -1.0516658516500355e-06, 3.484207216741808e-06, 1.0516658516502802e-06, 1.6282319847960025e-06, 2.2875312104096167e-06, 4.754318922439715e-06, 1.0331059456802905e-06, 3.22681266992815e-06, 1.4327592235375045e-06, 1.7095439737442237e-06, 3.2771340203919955e-06, 2.4407559199617554e-06, -2.6538609249483887e-06, -2.6538609249483887e-06, -2.8733419412674266e-06, -1.6282319847960025e-06, -2.6538609745330177e-06, -1.6282319847960025e-06, -2.890102756281099e-06, -3.22681266992815e-06, -4.754318922439715e-06, -4.754318865707319e-06, -3.22681266992815e-06, -3.226812623324804e-06, 1.0516658516502802e-06, -1.5743972539936524e-06, -1.0331059456802905e-06, -2.2875312104096167e-06, -2.2875311742609483e-06, 1.0516658516502802e-06, 1.0516658516502802e-06, -1.959914344544539e-06, -1.0516658516528374e-06, -2.5867821151673576e-06, -2.4407559067185502e-06, -1.3890900683095507e-06, 1.227150423559347e-06, -1.5743972539936524e-06, 1.1542564379851683e-06, -1.3890900163460174e-06, 1.8664675431878663e-06, -1.959914344544539e-06, -1.8664675280888332e-06, -1.4778779154580812e-06, -0.00024078111385238805, -0.0002407811297700779, -0.0002407811297700779, -0.0002407811297700779, -0.0009631301937367482, -2.6538609249483887e-06, -2.2468296774214025e-06, -2.2468296947408817e-06, -2.6538609249483887e-06, -1.8664675280888332e-06, -3.484207216741808e-06, -3.48420724094467e-06, 1.0516658516502802e-06, 1.0331059456802905e-06, 1.678870575085186e-06, -4.870326599753019e-06, -1.432759177077969e-06, -1.432759177077969e-06, -3.862649950905905e-06, -1.7095439737442237e-06, -1.7095439943659585e-06, 0.0002407789410877216, 0.00024077913209999993, 0.00024077913209999993, 0.00024077913209999993, 0.000963116146375443, 2.6509915696970233e-06, 1.9599143445388358e-06, -3.2771340203919955e-06, -3.2771340556791984e-06]","[7.958844932188493e-06, 1.154256389740397e-06, 2.2468296774214025e-06, 1.8664675280888332e-06, 2.873341991645285e-06, 1.0516658516500355e-06, 3.484207216741808e-06, 1.0516658516502802e-06, 1.6282319847960025e-06, 2.2875312104096167e-06, 4.754318922439715e-06, 1.0331059456802905e-06, 3.22681266992815e-06, 1.4327592235375045e-06, 1.7095439737442237e-06, 3.2771340203919955e-06, 2.4407559199617554e-06, 2.6538609249483887e-06, 2.6538609249483887e-06, 2.8733419412674266e-06, 1.6282319847960025e-06, 2.6538609745330177e-06, 1.6282319847960025e-06, 2.890102756281099e-06, 3.22681266992815e-06, 4.754318922439715e-06, 4.754318865707319e-06, 3.22681266992815e-06, 3.226812623324804e-06, 1.0516658516502802e-06, 1.5743972539936524e-06, 1.0331059456802905e-06, 2.2875312104096167e-06, 2.2875311742609483e-06, 1.0516658516502802e-06, 1.0516658516502802e-06, 1.959914344544539e-06, 1.0516658516528374e-06, 2.5867821151673576e-06, 2.4407559067185502e-06, 1.3890900683095507e-06, 1.227150423559347e-06, 1.5743972539936524e-06, 1.1542564379851683e-06, 1.3890900163460174e-06, 1.8664675431878663e-06, 1.959914344544539e-06, 1.8664675280888332e-06, 1.4778779154580812e-06, 0.00024078111385238805, 0.0002407811297700779, 0.0002407811297700779, 0.0002407811297700779, 0.0009631301937367482, 2.6538609249483887e-06, 2.2468296774214025e-06, 2.2468296947408817e-06, 2.6538609249483887e-06, 1.8664675280888332e-06, 3.484207216741808e-06, 3.48420724094467e-06, 1.0516658516502802e-06, 1.0331059456802905e-06, 1.678870575085186e-06, 4.870326599753019e-06, 1.432759177077969e-06, 1.432759177077969e-06, 3.862649950905905e-06, 1.7095439737442237e-06, 1.7095439943659585e-06, 0.0002407789410877216, 0.00024077913209999993, 0.00024077913209999993, 0.00024077913209999993, 0.000963116146375443, 2.6509915696970233e-06, 1.9599143445388358e-06, 3.2771340203919955e-06, 3.2771340556791984e-06]","['BIOMASS_Ec_iJO1366_WT_53p95M', 'EX_glyc_e', 'EX_kdo2lipid4_e', '4PCP', '4PEPTabcpp', 'ADNK1', 'ALAGLUE', 'ASNN', 'AMPTASECG', 'ASNabcpp', 'CGLYabcpp', 'CYSDS', 'ARGabcpp', 'FA161ACPHi', 'G3PEabcpp', 'G3PT', 'H2SO', 'GLYCtex', 'Kabcpp', 'I2FE2SS', 'LADGMDH', 'ILEabcpp', 'LALGP', 'INSK', 'LEUabcpp', 'OPHHX3', 'PIuabcpp', 'PROabcpp', 'VALabcpp']","['EX_ile__L_e', 'EX_ins_e', 'EX_LalaDgluMdapDala_e', 'EX_leu__L_e', 'EX_lipa_cold_e', 'EX_adn_e', 'EX_arg__L_e', 'EX_asn__L_e', 'EX_cytd_e', 'EX_cgly_e', 'EX_phe__L_e', 'EX_pro__L_e', 'EX_val__L_e', 'EX_g3pe_e', '4PEPTtex', 'ADNtex', 'ASNtex', 'CGLYtex', 'CLIPAabctex', 'CYTDtex', 'ARGtex', 'EDTXS3', 'EDTXS4', 'G3PEtex', 'GLCP', 'GMPR', 'INStex', 'ILEtex', 'LEUtex', 'LIPACabcpp', 'NTD4', 'NTPP2', 'PHEt2rpp', 'PHEtex', 'PROtex', 'S2FE2SS2', 'S4FE4SR', 'S4FE4ST', 'SERD_L', 'THRA', 'VALtex']","['ETHAAL', 'GLYCtpp', 'GPDDA2', 'I2FE2SS2', 'I4FE4SR', 'I4FE4ST', 'ICYSDS', 'S2FE2SS', 'SCYSDS']",I2FE2SS,S2FE2SS2,0.004205622237303864,1,79,9,-19.0,-6.235405625590998e-05,iJO1366,PSL,False,False,0.0,0.0,0.239419728710573,0.0
186,"['I2FE2SS', 'I2FE2ST', 'ICYSDS', 'S2FE2SS', 'S2FE2ST']","[-2.4264563699999995e-05, -2.429424927298949e-05, -4.862301077575607e-05, 2.4264438650388822e-05, 2.4264438650388822e-05]","[2.4264563699999995e-05, 2.429424927298949e-05, 4.862301077575607e-05, 2.4264438650388822e-05, 2.4264438650388822e-05]",['I2FE2SS'],['S2FE2ST'],"['I2FE2ST', 'ICYSDS', 'S2FE2SS']",I2FE2SS,S2FE2ST,0.00019688196120188814,1,5,3,-1.0,-4.865294644796791e-05,iJO1366,PSL,False,False,0.0,0.0,0.239419728710573,0.0
187,"['BIOMASS_Ec_iJO1366_WT_53p95M', 'EX_glyc_e', 'EX_ile__L_e', 'EX_ins_e', 'EX_LalaDgluMdapDala_e', 'EX_kdo2lipid4_e', 'EX_leu__L_e', 'EX_lipa_cold_e', 'EX_adn_e', 'EX_arg__L_e', 'EX_asn__L_e', 'EX_cytd_e', 'EX_cgly_e', 'EX_phe__L_e', 'EX_pro__L_e', 'EX_val__L_e', 'EX_g3pe_e', '4PCP', '4PEPTabcpp', '4PEPTtex', 'ADNK1', 'ALAGLUE', 'ADNtex', 'ASNN', 'AMPTASECG', 'ASNabcpp', 'ASNtex', 'CGLYabcpp', 'CGLYtex', 'CLIPAabctex', 'CYSDS', 'CYTDtex', 'ARGabcpp', 'ARGtex', 'EDTXS3', 'EDTXS4', 'ETHAAL', 'FA161ACPHi', 'G3PEabcpp', 'G3PEtex', 'G3PT', 'GLCP', 'H2SO', 'GLYCtex', 'GLYCtpp', 'GMPR', 'GPDDA2', 'INStex', 'Kabcpp', 'I2FE2SS', 'I2FE2SS2', 'I4FE4SR', 'I4FE4ST', 'ICYSDS', 'LADGMDH', 'ILEabcpp', 'ILEtex', 'LALGP', 'INSK', 'LEUabcpp', 'LEUtex', 'LIPACabcpp', 'NTD4', 'NTPP2', 'OPHHX3', 'PHEt2rpp', 'PHEtex', 'PIuabcpp', 'PROabcpp', 'PROtex', 'S2FE2SS', 'S2FE2SS2', 'S4FE4SR', 'S4FE4ST', 'SCYSDS', 'SERD_L', 'THRA', 'VALabcpp', 'VALtex']","[-7.958844932188493e-06, -1.154256389740397e-06, 2.2468296774214025e-06, 1.8664675280888332e-06, 2.873341991645285e-06, -1.0516658516500355e-06, 3.484207216741808e-06, 1.0516658516502802e-06, 1.6282319847960025e-06, 2.2875312104096167e-06, 4.754318922439715e-06, 1.0331059456802905e-06, 3.22681266992815e-06, 1.4327592235375045e-06, 1.7095439737442237e-06, 3.2771340203919955e-06, 2.4407559199617554e-06, -2.6538609249483887e-06, -2.6538609249483887e-06, -2.8733419412674266e-06, -1.6282319847960025e-06, -2.6538609745330177e-06, -1.6282319847960025e-06, -2.890102756281099e-06, -3.22681266992815e-06, -4.754318922439715e-06, -4.754318865707319e-06, -3.22681266992815e-06, -3.226812623324804e-06, 1.0516658516502802e-06, -1.5743972539936524e-06, -1.0331059456802905e-06, -2.2875312104096167e-06, -2.2875311742609483e-06, 1.0516658516502802e-06, 1.0516658516502802e-06, -1.959914344544539e-06, -1.0516658516528374e-06, -2.5867821151673576e-06, -2.4407559067185502e-06, -1.3890900683095507e-06, 1.227150423559347e-06, -1.5743972539936524e-06, 1.1542564379851683e-06, -1.3890900163460174e-06, 1.8664675431878663e-06, -1.959914344544539e-06, -1.8664675280888332e-06, -1.4778779154580812e-06, -0.00024078111385238805, -0.0002407811297700779, -0.0002407811297700779, -0.0002407811297700779, -0.0009631301937367482, -2.6538609249483887e-06, -2.2468296774214025e-06, -2.2468296947408817e-06, -2.6538609249483887e-06, -1.8664675280888332e-06, -3.484207216741808e-06, -3.48420724094467e-06, 1.0516658516502802e-06, 1.0331059456802905e-06, 1.678870575085186e-06, -4.870326599753019e-06, -1.432759177077969e-06, -1.432759177077969e-06, -3.862649950905905e-06, -1.7095439737442237e-06, -1.7095439943659585e-06, 0.0002407789410877216, 0.00024077913209999993, 0.00024077913209999993, 0.00024077913209999993, 0.000963116146375443, 2.6509915696970233e-06, 1.9599143445388358e-06, -3.2771340203919955e-06, -3.2771340556791984e-06]","[7.958844932188493e-06, 1.154256389740397e-06, 2.2468296774214025e-06, 1.8664675280888332e-06, 2.873341991645285e-06, 1.0516658516500355e-06, 3.484207216741808e-06, 1.0516658516502802e-06, 1.6282319847960025e-06, 2.2875312104096167e-06, 4.754318922439715e-06, 1.0331059456802905e-06, 3.22681266992815e-06, 1.4327592235375045e-06, 1.7095439737442237e-06, 3.2771340203919955e-06, 2.4407559199617554e-06, 2.6538609249483887e-06, 2.6538609249483887e-06, 2.8733419412674266e-06, 1.6282319847960025e-06, 2.6538609745330177e-06, 1.6282319847960025e-06, 2.890102756281099e-06, 3.22681266992815e-06, 4.754318922439715e-06, 4.754318865707319e-06, 3.22681266992815e-06, 3.226812623324804e-06, 1.0516658516502802e-06, 1.5743972539936524e-06, 1.0331059456802905e-06, 2.2875312104096167e-06, 2.2875311742609483e-06, 1.0516658516502802e-06, 1.0516658516502802e-06, 1.959914344544539e-06, 1.0516658516528374e-06, 2.5867821151673576e-06, 2.4407559067185502e-06, 1.3890900683095507e-06, 1.227150423559347e-06, 1.5743972539936524e-06, 1.1542564379851683e-06, 1.3890900163460174e-06, 1.8664675431878663e-06, 1.959914344544539e-06, 1.8664675280888332e-06, 1.4778779154580812e-06, 0.00024078111385238805, 0.0002407811297700779, 0.0002407811297700779, 0.0002407811297700779, 0.0009631301937367482, 2.6538609249483887e-06, 2.2468296774214025e-06, 2.2468296947408817e-06, 2.6538609249483887e-06, 1.8664675280888332e-06, 3.484207216741808e-06, 3.48420724094467e-06, 1.0516658516502802e-06, 1.0331059456802905e-06, 1.678870575085186e-06, 4.870326599753019e-06, 1.432759177077969e-06, 1.432759177077969e-06, 3.862649950905905e-06, 1.7095439737442237e-06, 1.7095439943659585e-06, 0.0002407789410877216, 0.00024077913209999993, 0.00024077913209999993, 0.00024077913209999993, 0.000963116146375443, 2.6509915696970233e-06, 1.9599143445388358e-06, 3.2771340203919955e-06, 3.2771340556791984e-06]","['BIOMASS_Ec_iJO1366_WT_53p95M', 'EX_glyc_e', 'EX_kdo2lipid4_e', '4PCP', '4PEPTabcpp', 'ADNK1', 'ALAGLUE', 'ASNN', 'AMPTASECG', 'ASNabcpp', 'CGLYabcpp', 'CYSDS', 'ARGabcpp', 'FA161ACPHi', 'G3PEabcpp', 'G3PT', 'H2SO', 'GLYCtex', 'Kabcpp', 'I2FE2SS', 'LADGMDH', 'ILEabcpp', 'LALGP', 'INSK', 'LEUabcpp', 'OPHHX3', 'PIuabcpp', 'PROabcpp', 'VALabcpp']","['EX_ile__L_e', 'EX_ins_e', 'EX_LalaDgluMdapDala_e', 'EX_leu__L_e', 'EX_lipa_cold_e', 'EX_adn_e', 'EX_arg__L_e', 'EX_asn__L_e', 'EX_cytd_e', 'EX_cgly_e', 'EX_phe__L_e', 'EX_pro__L_e', 'EX_val__L_e', 'EX_g3pe_e', '4PEPTtex', 'ADNtex', 'ASNtex', 'CGLYtex', 'CLIPAabctex', 'CYTDtex', 'ARGtex', 'EDTXS3', 'EDTXS4', 'G3PEtex', 'GLCP', 'GMPR', 'INStex', 'ILEtex', 'LEUtex', 'LIPACabcpp', 'NTD4', 'NTPP2', 'PHEt2rpp', 'PHEtex', 'PROtex', 'S2FE2SS2', 'S4FE4SR', 'S4FE4ST', 'SERD_L', 'THRA', 'VALtex']","['ETHAAL', 'GLYCtpp', 'GPDDA2', 'I2FE2SS2', 'I4FE4SR', 'I4FE4ST', 'ICYSDS', 'S2FE2SS', 'SCYSDS']",I2FE2SS,S4FE4SR,0.004205622237303864,1,79,9,-19.0,-6.235405625590998e-05,iJO1366,PSL,False,False,0.0,0.0,0.239419728710573,0.0
188,"['BIOMASS_Ec_iJO1366_WT_53p95M', 'EX_glyc_e', 'EX_ile__L_e', 'EX_ins_e', 'EX_LalaDgluMdapDala_e', 'EX_kdo2lipid4_e', 'EX_leu__L_e', 'EX_lipa_cold_e', 'EX_adn_e', 'EX_arg__L_e', 'EX_asn__L_e', 'EX_cytd_e', 'EX_cgly_e', 'EX_phe__L_e', 'EX_pro__L_e', 'EX_val__L_e', 'EX_g3pe_e', '4PCP', '4PEPTabcpp', '4PEPTtex', 'ADNK1', 'ALAGLUE', 'ADNtex', 'ASNN', 'AMPTASECG', 'ASNabcpp', 'ASNtex', 'CGLYabcpp', 'CGLYtex', 'CLIPAabctex', 'CYSDS', 'CYTDtex', 'ARGabcpp', 'ARGtex', 'EDTXS3', 'EDTXS4', 'ETHAAL', 'FA161ACPHi', 'G3PEabcpp', 'G3PEtex', 'G3PT', 'GLCP', 'H2SO', 'GLYCtex', 'GLYCtpp', 'GMPR', 'GPDDA2', 'INStex', 'Kabcpp', 'I2FE2SS', 'I2FE2SS2', 'I4FE4SR', 'I4FE4ST', 'ICYSDS', 'LADGMDH', 'ILEabcpp', 'ILEtex', 'LALGP', 'INSK', 'LEUabcpp', 'LEUtex', 'LIPACabcpp', 'NTD4', 'NTPP2', 'OPHHX3', 'PHEt2rpp', 'PHEtex', 'PIuabcpp', 'PROabcpp', 'PROtex', 'S2FE2SS', 'S2FE2SS2', 'S4FE4SR', 'S4FE4ST', 'SCYSDS', 'SERD_L', 'THRA', 'VALabcpp', 'VALtex']","[-7.958844932188493e-06, -1.154256389740397e-06, 2.2468296774214025e-06, 1.8664675280888332e-06, 2.873341991645285e-06, -1.0516658516500355e-06, 3.484207216741808e-06, 1.0516658516502802e-06, 1.6282319847960025e-06, 2.2875312104096167e-06, 4.754318922439715e-06, 1.0331059456802905e-06, 3.22681266992815e-06, 1.4327592235375045e-06, 1.7095439737442237e-06, 3.2771340203919955e-06, 2.4407559199617554e-06, -2.6538609249483887e-06, -2.6538609249483887e-06, -2.8733419412674266e-06, -1.6282319847960025e-06, -2.6538609745330177e-06, -1.6282319847960025e-06, -2.890102756281099e-06, -3.22681266992815e-06, -4.754318922439715e-06, -4.754318865707319e-06, -3.22681266992815e-06, -3.226812623324804e-06, 1.0516658516502802e-06, -1.5743972539936524e-06, -1.0331059456802905e-06, -2.2875312104096167e-06, -2.2875311742609483e-06, 1.0516658516502802e-06, 1.0516658516502802e-06, -1.959914344544539e-06, -1.0516658516528374e-06, -2.5867821151673576e-06, -2.4407559067185502e-06, -1.3890900683095507e-06, 1.227150423559347e-06, -1.5743972539936524e-06, 1.1542564379851683e-06, -1.3890900163460174e-06, 1.8664675431878663e-06, -1.959914344544539e-06, -1.8664675280888332e-06, -1.4778779154580812e-06, -0.00024078111385238805, -0.0002407811297700779, -0.0002407811297700779, -0.0002407811297700779, -0.0009631301937367482, -2.6538609249483887e-06, -2.2468296774214025e-06, -2.2468296947408817e-06, -2.6538609249483887e-06, -1.8664675280888332e-06, -3.484207216741808e-06, -3.48420724094467e-06, 1.0516658516502802e-06, 1.0331059456802905e-06, 1.678870575085186e-06, -4.870326599753019e-06, -1.432759177077969e-06, -1.432759177077969e-06, -3.862649950905905e-06, -1.7095439737442237e-06, -1.7095439943659585e-06, 0.0002407789410877216, 0.00024077913209999993, 0.00024077913209999993, 0.00024077913209999993, 0.000963116146375443, 2.6509915696970233e-06, 1.9599143445388358e-06, -3.2771340203919955e-06, -3.2771340556791984e-06]","[7.958844932188493e-06, 1.154256389740397e-06, 2.2468296774214025e-06, 1.8664675280888332e-06, 2.873341991645285e-06, 1.0516658516500355e-06, 3.484207216741808e-06, 1.0516658516502802e-06, 1.6282319847960025e-06, 2.2875312104096167e-06, 4.754318922439715e-06, 1.0331059456802905e-06, 3.22681266992815e-06, 1.4327592235375045e-06, 1.7095439737442237e-06, 3.2771340203919955e-06, 2.4407559199617554e-06, 2.6538609249483887e-06, 2.6538609249483887e-06, 2.8733419412674266e-06, 1.6282319847960025e-06, 2.6538609745330177e-06, 1.6282319847960025e-06, 2.890102756281099e-06, 3.22681266992815e-06, 4.754318922439715e-06, 4.754318865707319e-06, 3.22681266992815e-06, 3.226812623324804e-06, 1.0516658516502802e-06, 1.5743972539936524e-06, 1.0331059456802905e-06, 2.2875312104096167e-06, 2.2875311742609483e-06, 1.0516658516502802e-06, 1.0516658516502802e-06, 1.959914344544539e-06, 1.0516658516528374e-06, 2.5867821151673576e-06, 2.4407559067185502e-06, 1.3890900683095507e-06, 1.227150423559347e-06, 1.5743972539936524e-06, 1.1542564379851683e-06, 1.3890900163460174e-06, 1.8664675431878663e-06, 1.959914344544539e-06, 1.8664675280888332e-06, 1.4778779154580812e-06, 0.00024078111385238805, 0.0002407811297700779, 0.0002407811297700779, 0.0002407811297700779, 0.0009631301937367482, 2.6538609249483887e-06, 2.2468296774214025e-06, 2.2468296947408817e-06, 2.6538609249483887e-06, 1.8664675280888332e-06, 3.484207216741808e-06, 3.48420724094467e-06, 1.0516658516502802e-06, 1.0331059456802905e-06, 1.678870575085186e-06, 4.870326599753019e-06, 1.432759177077969e-06, 1.432759177077969e-06, 3.862649950905905e-06, 1.7095439737442237e-06, 1.7095439943659585e-06, 0.0002407789410877216, 0.00024077913209999993, 0.00024077913209999993, 0.00024077913209999993, 0.000963116146375443, 2.6509915696970233e-06, 1.9599143445388358e-06, 3.2771340203919955e-06, 3.2771340556791984e-06]","['BIOMASS_Ec_iJO1366_WT_53p95M', 'EX_glyc_e', 'EX_kdo2lipid4_e', '4PCP', '4PEPTabcpp', 'ADNK1', 'ALAGLUE', 'ASNN', 'AMPTASECG', 'ASNabcpp', 'CGLYabcpp', 'CYSDS', 'ARGabcpp', 'FA161ACPHi', 'G3PEabcpp', 'G3PT', 'H2SO', 'GLYCtex', 'Kabcpp', 'I2FE2SS', 'LADGMDH', 'ILEabcpp', 'LALGP', 'INSK', 'LEUabcpp', 'OPHHX3', 'PIuabcpp', 'PROabcpp', 'VALabcpp']","['EX_ile__L_e', 'EX_ins_e', 'EX_LalaDgluMdapDala_e', 'EX_leu__L_e', 'EX_lipa_cold_e', 'EX_adn_e', 'EX_arg__L_e', 'EX_asn__L_e', 'EX_cytd_e', 'EX_cgly_e', 'EX_phe__L_e', 'EX_pro__L_e', 'EX_val__L_e', 'EX_g3pe_e', '4PEPTtex', 'ADNtex', 'ASNtex', 'CGLYtex', 'CLIPAabctex', 'CYTDtex', 'ARGtex', 'EDTXS3', 'EDTXS4', 'G3PEtex', 'GLCP', 'GMPR', 'INStex', 'ILEtex', 'LEUtex', 'LIPACabcpp', 'NTD4', 'NTPP2', 'PHEt2rpp', 'PHEtex', 'PROtex', 'S2FE2SS2', 'S4FE4SR', 'S4FE4ST', 'SERD_L', 'THRA', 'VALtex']","['ETHAAL', 'GLYCtpp', 'GPDDA2', 'I2FE2SS2', 'I4FE4SR', 'I4FE4ST', 'ICYSDS', 'S2FE2SS', 'SCYSDS']",I2FE2SS,S4FE4ST,0.004205622237303864,1,79,9,-19.0,-6.235405625590998e-05,iJO1366,PSL,False,False,0.0,0.0,0.239419728710573,0.0
189,"['BIOMASS_Ec_iJO1366_WT_53p95M', 'EX_glyc_e', 'EX_ile__L_e', 'EX_ins_e', 'EX_LalaDgluMdapDala_e', 'EX_kdo2lipid4_e', 'EX_leu__L_e', 'EX_adn_e', 'EX_arg__L_e', 'EX_asn__L_e', 'EX_cytd_e', 'EX_cgly_e', 'EX_phe__L_e', 'EX_pro__L_e', 'EX_val__L_e', 'EX_uri_e', '3HAD160', '3OAR160', 'EX_g3pe_e', '3OAS160', '4PCP', '4PEPTabcpp', '4PEPTtex', 'ALAGLUE', 'ADNtex', 'ASNN', 'AMPTASECG', 'ASNabcpp', 'ASNtex', 'CGLYabcpp', 'CGLYtex', 'CYSDS', 'CYTDtex', 'DHBD', 'DHBSH', 'ARGabcpp', 'ARGtex', 'EAR160y', 'ETHAAL', 'G3PEabcpp', 'G3PEtex', 'G3PT', 'GLCP', 'GLYCL', 'H2SO', 'GLYCtex', 'GLYCtpp', 'GMPR', 'GPDDA2', 'INStex', 'Kabcpp', 'I2FE2SS', 'I2FE2SS2', 'I2FE2ST', 'I4FE4SR', 'I4FE4ST', 'ICHORS_copy1', 'ICHORT', 'ICYSDS', 'LADGMDH', 'ILEabcpp', 'ILEtex', 'LALGP', 'INSK', 'LEUabcpp', 'LEUtex', 'NTD2', 'NTD4', 'NTPP2', 'NTPP4', 'OPHHX3', 'PHEt2rpp', 'PHEtex', 'PIuabcpp', 'PROabcpp', 'PROtex', 'S2FE2SS', 'S2FE2SS2', 'S2FE2ST', 'S4FE4SR', 'S4FE4ST', 'SCYSDS', 'SERD_L', 'THRA', 'URItex', 'VALabcpp', 'VALtex']","[-8.48725278407868e-06, -1.5096959457138075e-06, 2.396002384441598e-06, 1.5927613503663451e-06, 3.0641104363732563e-06, -1.2760768450977011e-06, 3.7155325492976843e-06, 1.8985396081916406e-06, 2.2151456731123176e-06, 4.275585261254156e-06, 1.3190717709221644e-06, 2.849693753276261e-06, 1.5278837334486983e-06, 1.8230449235145322e-06, 3.4947111708451316e-06, 1.1890725772900623e-06, -1.4422218910929219e-06, -1.4422219010157278e-06, 3.095920708572499e-06, -1.4422218910929219e-06, -2.8300574663454678e-06, -2.8300574663454678e-06, -3.0641103876405396e-06, -2.830057496794325e-06, -1.8985396081916406e-06, -2.287599067146706e-06, -2.8478010959054116e-06, -4.275585261254156e-06, -4.2755852973641595e-06, -2.8478010959054116e-06, -2.849693714779278e-06, -1.3099382284907863e-06, -1.3190717709221644e-06, 1.5937766875140369e-06, -1.5937766468798742e-06, -2.2151456731123176e-06, -2.215145627815218e-06, -1.4422218910929219e-06, -2.0921587347821287e-06, -2.904338000274045e-06, -3.0959207606429118e-06, -1.4552587063567269e-06, 1.3086240450187393e-06, 1.7570081552661931e-06, -1.3099382284907863e-06, 1.5096959486982087e-06, -1.4552587117577787e-06, 1.809677458025627e-06, -2.0921587347821287e-06, -1.5927613503663451e-06, -1.57599796947557e-06, -0.0002669125177200102, -0.00024078126240044894, -2.6131272294066812e-05, -0.00024078126240044894, -0.00024078126240044894, 1.589991370565258e-06, 1.5937766468798742e-06, -0.0010153936456011644, -2.8300574663454678e-06, -2.396002384441598e-06, -2.3960024009284098e-06, -2.8300574663454678e-06, -1.8115701153342822e-06, -3.7155325492976843e-06, -3.7155325571802678e-06, 1.1890726022145692e-06, 1.3190717709221644e-06, 1.7903350514880678e-06, 1.423507370775619e-06, -3.776229302227419e-06, -1.5278836826837505e-06, -1.5278836826837505e-06, -3.973358190273012e-06, -1.8230449235145322e-06, -1.8230449541078997e-06, 0.0002669102007000002, 0.0002407791321000002, 2.6131068599999993e-05, 0.0002407791321000002, 0.0002407791321000002, 0.0010153786656000008, 2.289598713149977e-06, 2.0921587347920996e-06, -1.1890725772900623e-06, -3.4947111708451316e-06, -3.494711222629121e-06]","[8.48725278407868e-06, 1.5096959457138075e-06, 2.396002384441598e-06, 1.5927613503663451e-06, 3.0641104363732563e-06, 1.2760768450977011e-06, 3.7155325492976843e-06, 1.8985396081916406e-06, 2.2151456731123176e-06, 4.275585261254156e-06, 1.3190717709221644e-06, 2.849693753276261e-06, 1.5278837334486983e-06, 1.8230449235145322e-06, 3.4947111708451316e-06, 1.1890725772900623e-06, 1.4422218910929219e-06, 1.4422219010157278e-06, 3.095920708572499e-06, 1.4422218910929219e-06, 2.8300574663454678e-06, 2.8300574663454678e-06, 3.0641103876405396e-06, 2.830057496794325e-06, 1.8985396081916406e-06, 2.287599067146706e-06, 2.8478010959054116e-06, 4.275585261254156e-06, 4.2755852973641595e-06, 2.8478010959054116e-06, 2.849693714779278e-06, 1.3099382284907863e-06, 1.3190717709221644e-06, 1.5937766875140369e-06, 1.5937766468798742e-06, 2.2151456731123176e-06, 2.215145627815218e-06, 1.4422218910929219e-06, 2.0921587347821287e-06, 2.904338000274045e-06, 3.0959207606429118e-06, 1.4552587063567269e-06, 1.3086240450187393e-06, 1.7570081552661931e-06, 1.3099382284907863e-06, 1.5096959486982087e-06, 1.4552587117577787e-06, 1.809677458025627e-06, 2.0921587347821287e-06, 1.5927613503663451e-06, 1.57599796947557e-06, 0.0002669125177200102, 0.00024078126240044894, 2.6131272294066812e-05, 0.00024078126240044894, 0.00024078126240044894, 1.589991370565258e-06, 1.5937766468798742e-06, 0.0010153936456011644, 2.8300574663454678e-06, 2.396002384441598e-06, 2.3960024009284098e-06, 2.8300574663454678e-06, 1.8115701153342822e-06, 3.7155325492976843e-06, 3.7155325571802678e-06, 1.1890726022145692e-06, 1.3190717709221644e-06, 1.7903350514880678e-06, 1.423507370775619e-06, 3.776229302227419e-06, 1.5278836826837505e-06, 1.5278836826837505e-06, 3.973358190273012e-06, 1.8230449235145322e-06, 1.8230449541078997e-06, 0.0002669102007000002, 0.0002407791321000002, 2.6131068599999993e-05, 0.0002407791321000002, 0.0002407791321000002, 0.0010153786656000008, 2.289598713149977e-06, 2.0921587347920996e-06, 1.1890725772900623e-06, 3.4947111708451316e-06, 3.494711222629121e-06]","['BIOMASS_Ec_iJO1366_WT_53p95M', 'EX_glyc_e', 'EX_kdo2lipid4_e', '3HAD160', '3OAR160', '3OAS160', '4PCP', '4PEPTabcpp', 'ALAGLUE', 'ASNN', 'AMPTASECG', 'ASNabcpp', 'CGLYabcpp', 'CYSDS', 'DHBSH', 'ARGabcpp', 'EAR160y', 'G3PEabcpp', 'G3PT', 'H2SO', 'GLYCtex', 'Kabcpp', 'I2FE2SS', 'I2FE2ST', 'LADGMDH', 'ILEabcpp', 'LALGP', 'INSK', 'LEUabcpp', 'OPHHX3', 'PIuabcpp', 'PROabcpp', 'VALabcpp']","['EX_ile__L_e', 'EX_ins_e', 'EX_LalaDgluMdapDala_e', 'EX_leu__L_e', 'EX_adn_e', 'EX_arg__L_e', 'EX_asn__L_e', 'EX_cytd_e', 'EX_cgly_e', 'EX_phe__L_e', 'EX_pro__L_e', 'EX_val__L_e', 'EX_uri_e', 'EX_g3pe_e', '4PEPTtex', 'ADNtex', 'ASNtex', 'CGLYtex', 'CYTDtex', 'DHBD', 'ARGtex', 'G3PEtex', 'GLCP', 'GLYCL', 'GMPR', 'INStex', 'ICHORT', 'ILEtex', 'LEUtex', 'NTD2', 'NTD4', 'NTPP2', 'NTPP4', 'PHEt2rpp', 'PHEtex', 'PROtex', 'S2FE2SS', 'S2FE2SS2', 'S2FE2ST', 'S4FE4SR', 'S4FE4ST', 'SCYSDS', 'SERD_L', 'THRA', 'URItex', 'VALtex']","['ETHAAL', 'GLYCtpp', 'GPDDA2', 'I2FE2SS2', 'I4FE4SR', 'I4FE4ST', 'ICHORS_copy1', 'ICYSDS']",I2FE2SS,SCYSDS,0.0044322706434168435,1,87,8,-21.0,-6.27308860575036e-05,iJO1366,PSL,False,False,0.0,0.0,0.239419728710573,0.0
190,"['BIOMASS_Ec_iJO1366_WT_53p95M', 'EX_glyc_e', 'EX_glyclt_e', 'EX_ile__L_e', 'EX_ins_e', 'EX_LalaDgluMdapDala_e', 'EX_leu__L_e', 'EX_adn_e', 'EX_arg__L_e', 'EX_asn__L_e', 'EX_cgly_e', 'EX_phe__L_e', 'EX_pro__L_e', 'EX_val__L_e', 'EX_xan_e', 'EX_tyr__L_e', 'EX_uri_e', '3HAD160', '3OAR160', 'EX_g3pe_e', '3OAS160', '4PCP', '4PEPTabcpp', '4PEPTtex', 'ADNK1', 'ALAGLUE', 'ADNtex', 'AMPTASECG', 'ASNabcpp', 'ASNtex', 'ASPT', 'CGLYabcpp', 'CGLYtex', 'CYSDS', 'DAAD', 'DHBSH', 'ARGabcpp', 'ARGtex', 'EAR160y', 'ETHAAL', 'G3PEabcpp', 'G3PEtex', 'G3PT', 'GLCP', 'GLYCLTDy', 'H2SO', 'GLYCLTt2rpp', 'GLYCLTtex', 'GLYCtex', 'GLYCtpp', 'GMPR', 'GPDDA2', 'INStex', 'Kabcpp', 'I2FE2SS', 'I2FE2SS2', 'I4FE4SR', 'I4FE4ST', 'ICYSDS', 'LADGMDH', 'ILEabcpp', 'ILEtex', 'LALGP', 'INSK', 'LEUabcpp', 'LEUtex', 'NTD2', 'NTPP2', 'NTPP4', 'OPHHX3', 'PHEt2rpp', 'PHEtex', 'PIuabcpp', 'PROabcpp', 'PROtex', 'S2FE2SS', 'S2FE2SS2', 'S4FE4SR', 'S4FE4ST', 'SCYSDS', 'SERD_L', 'THRA', 'TYRt2rpp', 'TYRtex', 'URItex', 'VALabcpp', 'VALtex', 'XANtex', 'XANtpp']","[-8.121458460041656e-06, -1.8006003577254351e-06, -1.1268807124445446e-06, 2.2927364520205196e-06, 1.0609529681460117e-06, 2.9320495405354974e-06, 3.555395841736697e-06, 1.6105339000205277e-06, 2.3342695905925748e-06, 1.902305458018061e-06, 3.3404999893079345e-06, 1.4620330734351589e-06, 1.7444730343041392e-06, 3.3394137517461786e-06, 1.1196363714981953e-06, 1.090029668672951e-06, 2.0183711058052722e-06, -1.2064889473555002e-06, -1.206488946081663e-06, 1.7202883107871448e-06, -1.2064889473555002e-06, -2.70808408058397e-06, -2.70808408058397e-06, -2.9320495968931937e-06, -1.610533920729499e-06, -2.70808402547118e-06, -1.6105339000205277e-06, -2.9561127230689176e-06, -1.902305458018061e-06, -1.9023054846911691e-06, 1.3438877530247417e-06, -2.9561127230689176e-06, -3.3405000294806086e-06, -1.4686905454882162e-06, -1.9425453424852516e-06, -1.0164983445874399e-06, -2.056987446069636e-06, -2.3342695385508705e-06, -1.2064889473555002e-06, -1.5590692388943838e-06, -1.917745330326137e-06, -1.720288310025353e-06, -1.3436835719181695e-06, 1.2522233155784426e-06, -1.1196363714981953e-06, -1.4686905454882162e-06, 1.1268807611486409e-06, 1.1268807611486409e-06, 1.8006003301707096e-06, -1.3436836070468416e-06, 1.0609529317306965e-06, -1.5590692388943838e-06, -1.0609529681460117e-06, -1.508073621445135e-06, -0.00024078134925815955, -0.00024078115434315647, -0.00024078115434315647, -0.00024078115434315647, -0.0009631308140454311, -2.70808408058397e-06, -2.2927364520205196e-06, -2.2927364398128702e-06, -2.70808408058397e-06, -1.0609529317306965e-06, -3.555395841720116e-06, -3.555395892362867e-06, 2.0183711343414734e-06, 1.2337593484346154e-06, 1.4390817953058844e-06, -4.470962117697486e-06, -1.4620330830439343e-06, -1.4620330830439343e-06, -3.649890525314614e-06, -1.7444730343000275e-06, -1.74447302470071e-06, 0.00024077913209999993, 0.000240779115857083, 0.000240779115857083, 0.000240779115857083, 0.0009631164796712491, 3.1044327481064992e-06, 1.5590692388968572e-06, -1.09002962744853e-06, -1.09002962744853e-06, -2.0183711058052722e-06, -3.3394137754337684e-06, -3.3394137517461786e-06, -1.119636408475344e-06, -1.119636408475344e-06]","[8.121458460041656e-06, 1.8006003577254351e-06, 1.1268807124445446e-06, 2.2927364520205196e-06, 1.0609529681460117e-06, 2.9320495405354974e-06, 3.555395841736697e-06, 1.6105339000205277e-06, 2.3342695905925748e-06, 1.902305458018061e-06, 3.3404999893079345e-06, 1.4620330734351589e-06, 1.7444730343041392e-06, 3.3394137517461786e-06, 1.1196363714981953e-06, 1.090029668672951e-06, 2.0183711058052722e-06, 1.2064889473555002e-06, 1.206488946081663e-06, 1.7202883107871448e-06, 1.2064889473555002e-06, 2.70808408058397e-06, 2.70808408058397e-06, 2.9320495968931937e-06, 1.610533920729499e-06, 2.70808402547118e-06, 1.6105339000205277e-06, 2.9561127230689176e-06, 1.902305458018061e-06, 1.9023054846911691e-06, 1.3438877530247417e-06, 2.9561127230689176e-06, 3.3405000294806086e-06, 1.4686905454882162e-06, 1.9425453424852516e-06, 1.0164983445874399e-06, 2.056987446069636e-06, 2.3342695385508705e-06, 1.2064889473555002e-06, 1.5590692388943838e-06, 1.917745330326137e-06, 1.720288310025353e-06, 1.3436835719181695e-06, 1.2522233155784426e-06, 1.1196363714981953e-06, 1.4686905454882162e-06, 1.1268807611486409e-06, 1.1268807611486409e-06, 1.8006003301707096e-06, 1.3436836070468416e-06, 1.0609529317306965e-06, 1.5590692388943838e-06, 1.0609529681460117e-06, 1.508073621445135e-06, 0.00024078134925815955, 0.00024078115434315647, 0.00024078115434315647, 0.00024078115434315647, 0.0009631308140454311, 2.70808408058397e-06, 2.2927364520205196e-06, 2.2927364398128702e-06, 2.70808408058397e-06, 1.0609529317306965e-06, 3.555395841720116e-06, 3.555395892362867e-06, 2.0183711343414734e-06, 1.2337593484346154e-06, 1.4390817953058844e-06, 4.470962117697486e-06, 1.4620330830439343e-06, 1.4620330830439343e-06, 3.649890525314614e-06, 1.7444730343000275e-06, 1.74447302470071e-06, 0.00024077913209999993, 0.000240779115857083, 0.000240779115857083, 0.000240779115857083, 0.0009631164796712491, 3.1044327481064992e-06, 1.5590692388968572e-06, 1.09002962744853e-06, 1.09002962744853e-06, 2.0183711058052722e-06, 3.3394137754337684e-06, 3.3394137517461786e-06, 1.119636408475344e-06, 1.119636408475344e-06]","['BIOMASS_Ec_iJO1366_WT_53p95M', 'EX_glyclt_e', '3HAD160', '3OAR160', '3OAS160', '4PCP', '4PEPTabcpp', 'ADNK1', 'ALAGLUE', 'AMPTASECG', 'ASNabcpp', 'CGLYabcpp', 'CYSDS', 'DAAD', 'DHBSH', 'ARGabcpp', 'EAR160y', 'G3PEabcpp', 'G3PT', 'GLYCLTDy', 'H2SO', 'GLYCLTt2rpp', 'GLYCLTtex', 'GLYCtpp', 'Kabcpp', 'I2FE2SS2', 'I4FE4SR', 'I4FE4ST', 'LADGMDH', 'ILEabcpp', 'LALGP', 'INSK', 'LEUabcpp', 'OPHHX3', 'PIuabcpp', 'PROabcpp', 'VALabcpp']","['EX_ile__L_e', 'EX_ins_e', 'EX_LalaDgluMdapDala_e', 'EX_leu__L_e', 'EX_adn_e', 'EX_arg__L_e', 'EX_asn__L_e', 'EX_cgly_e', 'EX_phe__L_e', 'EX_pro__L_e', 'EX_val__L_e', 'EX_xan_e', 'EX_tyr__L_e', 'EX_uri_e', 'EX_g3pe_e', '4PEPTtex', 'ADNtex', 'ASNtex', 'ASPT', 'CGLYtex', 'ARGtex', 'G3PEtex', 'GLCP', 'GMPR', 'INStex', 'ILEtex', 'LEUtex', 'NTD2', 'NTPP2', 'NTPP4', 'PHEt2rpp', 'PHEtex', 'PROtex', 'S2FE2SS', 'SERD_L', 'THRA', 'TYRt2rpp', 'TYRtex', 'URItex', 'VALtex', 'XANtex', 'XANtpp']","['EX_glyc_e', 'ETHAAL', 'GLYCtex', 'GPDDA2', 'I2FE2SS', 'ICYSDS', 'S2FE2SS2', 'S4FE4SR', 'S4FE4ST', 'SCYSDS']",I2FE2SS2,S2FE2SS,0.004205116199508538,1,89,10,-27.0,-6.388680446963065e-05,iJO1366,PSL,False,False,0.0,0.0,0.0,0.0
191,"['BIOMASS_Ec_iJO1366_WT_53p95M', 'EX_glyc_e', 'EX_ile__L_e', 'EX_ins_e', 'EX_LalaDgluMdapDala_e', 'EX_kdo2lipid4_e', 'EX_leu__L_e', 'EX_lipa_cold_e', 'EX_adn_e', 'EX_arg__L_e', 'EX_asn__L_e', 'EX_cytd_e', 'EX_cgly_e', 'EX_phe__L_e', 'EX_pro__L_e', 'EX_val__L_e', 'EX_tyr__L_e', 'EX_uri_e', 'EX_g3pe_e', '4PCP', '4PEPTabcpp', '4PEPTtex', 'ADNK1', 'ALAGLUE', 'ADNtex', 'ASNN', 'AMPTASECG', 'ASNabcpp', 'ASNtex', 'CGLYabcpp', 'CGLYtex', 'CLIPAabctex', 'CYSDS', 'CYTDtex', 'ARGabcpp', 'ARGtex', 'EDTXS3', 'EDTXS4', 'ETHAAL', 'G3PEabcpp', 'G3PEtex', 'G3PT', 'H2SO', 'GLYCtex', 'GLYCtpp', 'GMPR', 'GPDDA2', 'INStex', 'Kabcpp', 'I2FE2SR', 'I2FE2SS', 'I2FE2SS2', 'I2FE2ST', 'I4FE4SR', 'I4FE4ST', 'ICYSDS', 'LADGMDH', 'ILEabcpp', 'ILEtex', 'LALGP', 'INSK', 'LEUabcpp', 'LEUtex', 'LIPACabcpp', 'NTD2', 'NTD4', 'NTPP2', 'OPHHX3', 'PHEt2rpp', 'PHEtex', 'PIuabcpp', 'PROabcpp', 'PROtex', 'S2FE2SR', 'S2FE2SS', 'S2FE2SS2', 'S2FE2ST', 'S4FE4SR', 'S4FE4ST', 'SCYSDS', 'SERD_L', 'THRA', 'TYRt2rpp', 'TYRtex', 'URItex', 'VALabcpp', 'VALtex']","[-7.688525531523741e-06, -1.6095077382554646e-06, 2.1705168887220516e-06, 1.4117143791736453e-06, 2.680042390516141e-06, -1.153749299754453e-06, 3.365867330129557e-06, 1.1537492997530956e-06, 1.5246812381519703e-06, 2.209836008270554e-06, 4.116194408321228e-06, 1.1949352938245283e-06, 3.5403191934952206e-06, 1.3840960547129022e-06, 1.6514799071202027e-06, 3.165827236278353e-06, 1.0319231427413644e-06, 1.077170054486487e-06, 1.8317819378002136e-06, -2.4680159219333104e-06, -2.4680159219333104e-06, -2.6800423711392796e-06, -1.5246812881675176e-06, -2.4680159640411148e-06, -1.5246812381519703e-06, -2.315295696025954e-06, -2.9257416243816815e-06, -4.116194408321228e-06, -4.1161944182022125e-06, -2.9257416243816815e-06, -3.540319198691577e-06, 1.1537492997530956e-06, -1.0941578565816339e-06, -1.1949352938245283e-06, -2.209836008270554e-06, -2.209835997746268e-06, 1.1537492997530956e-06, 1.1537492997530956e-06, -1.8884095100087176e-06, -2.3344631846500263e-06, -1.8317819012736436e-06, -1.5510017338764598e-06, -1.0941578565816339e-06, 1.6095077626232523e-06, -1.0904894907071139e-06, 1.409999808632545e-06, -1.8884095100087176e-06, -1.4117143791736453e-06, -1.4276823059486434e-06, -1.866520277051063e-06, -0.0002146499779428573, -0.00024264756681990836, 2.6131068599999993e-05, -0.00024264756681990836, -0.00024264756681990836, -0.0009164671070983374, -2.4680159219333104e-06, -2.1705168887220516e-06, -2.1705168364860583e-06, -2.4680159219333104e-06, -1.4117143498852246e-06, -3.365867330129557e-06, -3.365867314641946e-06, 1.1537492997530956e-06, 1.0771701155556923e-06, 1.1949352938245283e-06, 2.06000926722405e-06, -2.811137638998422e-06, -1.38409609462542e-06, -1.38409609462542e-06, -4.119045012206113e-06, -1.6514799071202366e-06, -1.6514799199285335e-06, 1.8665048999999998e-06, 0.00021464787897538718, 0.00024264563699999994, -2.613125312461275e-05, 0.00024264563699999994, 0.00024264563699999994, 0.0009164535368507744, 2.6174531823752565e-06, 1.895267674729303e-06, -1.0319231478206348e-06, -1.0319231478206348e-06, -1.077170054486487e-06, -3.165827236278353e-06, -3.1658272519052844e-06]","[7.688525531523741e-06, 1.6095077382554646e-06, 2.1705168887220516e-06, 1.4117143791736453e-06, 2.680042390516141e-06, 1.153749299754453e-06, 3.365867330129557e-06, 1.1537492997530956e-06, 1.5246812381519703e-06, 2.209836008270554e-06, 4.116194408321228e-06, 1.1949352938245283e-06, 3.5403191934952206e-06, 1.3840960547129022e-06, 1.6514799071202027e-06, 3.165827236278353e-06, 1.0319231427413644e-06, 1.077170054486487e-06, 1.8317819378002136e-06, 2.4680159219333104e-06, 2.4680159219333104e-06, 2.6800423711392796e-06, 1.5246812881675176e-06, 2.4680159640411148e-06, 1.5246812381519703e-06, 2.315295696025954e-06, 2.9257416243816815e-06, 4.116194408321228e-06, 4.1161944182022125e-06, 2.9257416243816815e-06, 3.540319198691577e-06, 1.1537492997530956e-06, 1.0941578565816339e-06, 1.1949352938245283e-06, 2.209836008270554e-06, 2.209835997746268e-06, 1.1537492997530956e-06, 1.1537492997530956e-06, 1.8884095100087176e-06, 2.3344631846500263e-06, 1.8317819012736436e-06, 1.5510017338764598e-06, 1.0941578565816339e-06, 1.6095077626232523e-06, 1.0904894907071139e-06, 1.409999808632545e-06, 1.8884095100087176e-06, 1.4117143791736453e-06, 1.4276823059486434e-06, 1.866520277051063e-06, 0.0002146499779428573, 0.00024264756681990836, 2.6131068599999993e-05, 0.00024264756681990836, 0.00024264756681990836, 0.0009164671070983374, 2.4680159219333104e-06, 2.1705168887220516e-06, 2.1705168364860583e-06, 2.4680159219333104e-06, 1.4117143498852246e-06, 3.365867330129557e-06, 3.365867314641946e-06, 1.1537492997530956e-06, 1.0771701155556923e-06, 1.1949352938245283e-06, 2.06000926722405e-06, 2.811137638998422e-06, 1.38409609462542e-06, 1.38409609462542e-06, 4.119045012206113e-06, 1.6514799071202366e-06, 1.6514799199285335e-06, 1.8665048999999998e-06, 0.00021464787897538718, 0.00024264563699999994, 2.613125312461275e-05, 0.00024264563699999994, 0.00024264563699999994, 0.0009164535368507744, 2.6174531823752565e-06, 1.895267674729303e-06, 1.0319231478206348e-06, 1.0319231478206348e-06, 1.077170054486487e-06, 3.165827236278353e-06, 3.1658272519052844e-06]","['BIOMASS_Ec_iJO1366_WT_53p95M', 'EX_glyc_e', 'EX_kdo2lipid4_e', '4PCP', '4PEPTabcpp', 'ADNK1', 'ALAGLUE', 'ASNN', 'AMPTASECG', 'ASNabcpp', 'CGLYabcpp', 'CYSDS', 'ARGabcpp', 'G3PEabcpp', 'G3PT', 'H2SO', 'GLYCtex', 'Kabcpp', 'I2FE2SR', 'I2FE2SS2', 'I4FE4SR', 'I4FE4ST', 'LADGMDH', 'ILEabcpp', 'LALGP', 'INSK', 'LEUabcpp', 'OPHHX3', 'PIuabcpp', 'PROabcpp', 'S2FE2ST', 'VALabcpp']","['EX_ile__L_e', 'EX_ins_e', 'EX_LalaDgluMdapDala_e', 'EX_leu__L_e', 'EX_lipa_cold_e', 'EX_adn_e', 'EX_arg__L_e', 'EX_asn__L_e', 'EX_cytd_e', 'EX_cgly_e', 'EX_phe__L_e', 'EX_pro__L_e', 'EX_val__L_e', 'EX_tyr__L_e', 'EX_uri_e', 'EX_g3pe_e', '4PEPTtex', 'ADNtex', 'ASNtex', 'CGLYtex', 'CLIPAabctex', 'CYTDtex', 'ARGtex', 'EDTXS3', 'EDTXS4', 'G3PEtex', 'GMPR', 'INStex', 'I2FE2ST', 'ILEtex', 'LEUtex', 'LIPACabcpp', 'NTD4', 'NTPP2', 'PHEt2rpp', 'PHEtex', 'PROtex', 'S2FE2SR', 'S2FE2SS2', 'S4FE4SR', 'S4FE4ST', 'SERD_L', 'THRA', 'TYRt2rpp', 'TYRtex', 'URItex', 'VALtex']","['ETHAAL', 'GLYCtpp', 'GPDDA2', 'I2FE2SS', 'ICYSDS', 'NTD2', 'S2FE2SS', 'SCYSDS']",I2FE2SS2,S2FE2SS2,0.004110338916378714,1,87,8,-19.0,-5.467830085205077e-05,iJO1366,PSL,False,False,0.0,0.0,0.0,0.0
192,"['BIOMASS_Ec_iJO1366_WT_53p95M', 'EX_glyc_e', 'EX_ile__L_e', 'EX_ins_e', 'EX_LalaDgluMdapDala_e', 'EX_kdo2lipid4_e', 'EX_leu__L_e', 'EX_lipa_cold_e', 'EX_adn_e', 'EX_arg__L_e', 'EX_asn__L_e', 'EX_cytd_e', 'EX_cgly_e', 'EX_phe__L_e', 'EX_pro__L_e', 'EX_val__L_e', 'EX_tyr__L_e', 'EX_uri_e', 'EX_g3pe_e', '4PCP', '4PEPTabcpp', '4PEPTtex', 'ADNK1', 'ALAGLUE', 'ADNtex', 'ASNN', 'AMPTASECG', 'ASNabcpp', 'ASNtex', 'CGLYabcpp', 'CGLYtex', 'CLIPAabctex', 'CYSDS', 'CYTDtex', 'ARGabcpp', 'ARGtex', 'EDTXS3', 'EDTXS4', 'ETHAAL', 'G3PEabcpp', 'G3PEtex', 'G3PT', 'H2SO', 'GLYCtex', 'GLYCtpp', 'GMPR', 'GPDDA2', 'INStex', 'Kabcpp', 'I2FE2SR', 'I2FE2SS', 'I2FE2SS2', 'I2FE2ST', 'I4FE4SR', 'I4FE4ST', 'ICYSDS', 'LADGMDH', 'ILEabcpp', 'ILEtex', 'LALGP', 'INSK', 'LEUabcpp', 'LEUtex', 'LIPACabcpp', 'NTD2', 'NTD4', 'NTPP2', 'OPHHX3', 'PHEt2rpp', 'PHEtex', 'PIuabcpp', 'PROabcpp', 'PROtex', 'S2FE2SR', 'S2FE2SS', 'S2FE2SS2', 'S2FE2ST', 'S4FE4SR', 'S4FE4ST', 'SCYSDS', 'SERD_L', 'THRA', 'TYRt2rpp', 'TYRtex', 'URItex', 'VALabcpp', 'VALtex']","[-7.688525531523741e-06, -1.6095077382554646e-06, 2.1705168887220516e-06, 1.4117143791736453e-06, 2.680042390516141e-06, -1.153749299754453e-06, 3.365867330129557e-06, 1.1537492997530956e-06, 1.5246812381519703e-06, 2.209836008270554e-06, 4.116194408321228e-06, 1.1949352938245283e-06, 3.5403191934952206e-06, 1.3840960547129022e-06, 1.6514799071202027e-06, 3.165827236278353e-06, 1.0319231427413644e-06, 1.077170054486487e-06, 1.8317819378002136e-06, -2.4680159219333104e-06, -2.4680159219333104e-06, -2.6800423711392796e-06, -1.5246812881675176e-06, -2.4680159640411148e-06, -1.5246812381519703e-06, -2.315295696025954e-06, -2.9257416243816815e-06, -4.116194408321228e-06, -4.1161944182022125e-06, -2.9257416243816815e-06, -3.540319198691577e-06, 1.1537492997530956e-06, -1.0941578565816339e-06, -1.1949352938245283e-06, -2.209836008270554e-06, -2.209835997746268e-06, 1.1537492997530956e-06, 1.1537492997530956e-06, -1.8884095100087176e-06, -2.3344631846500263e-06, -1.8317819012736436e-06, -1.5510017338764598e-06, -1.0941578565816339e-06, 1.6095077626232523e-06, -1.0904894907071139e-06, 1.409999808632545e-06, -1.8884095100087176e-06, -1.4117143791736453e-06, -1.4276823059486434e-06, -1.866520277051063e-06, -0.0002146499779428573, -0.00024264756681990836, 2.6131068599999993e-05, -0.00024264756681990836, -0.00024264756681990836, -0.0009164671070983374, -2.4680159219333104e-06, -2.1705168887220516e-06, -2.1705168364860583e-06, -2.4680159219333104e-06, -1.4117143498852246e-06, -3.365867330129557e-06, -3.365867314641946e-06, 1.1537492997530956e-06, 1.0771701155556923e-06, 1.1949352938245283e-06, 2.06000926722405e-06, -2.811137638998422e-06, -1.38409609462542e-06, -1.38409609462542e-06, -4.119045012206113e-06, -1.6514799071202366e-06, -1.6514799199285335e-06, 1.8665048999999998e-06, 0.00021464787897538718, 0.00024264563699999994, -2.613125312461275e-05, 0.00024264563699999994, 0.00024264563699999994, 0.0009164535368507744, 2.6174531823752565e-06, 1.895267674729303e-06, -1.0319231478206348e-06, -1.0319231478206348e-06, -1.077170054486487e-06, -3.165827236278353e-06, -3.1658272519052844e-06]","[7.688525531523741e-06, 1.6095077382554646e-06, 2.1705168887220516e-06, 1.4117143791736453e-06, 2.680042390516141e-06, 1.153749299754453e-06, 3.365867330129557e-06, 1.1537492997530956e-06, 1.5246812381519703e-06, 2.209836008270554e-06, 4.116194408321228e-06, 1.1949352938245283e-06, 3.5403191934952206e-06, 1.3840960547129022e-06, 1.6514799071202027e-06, 3.165827236278353e-06, 1.0319231427413644e-06, 1.077170054486487e-06, 1.8317819378002136e-06, 2.4680159219333104e-06, 2.4680159219333104e-06, 2.6800423711392796e-06, 1.5246812881675176e-06, 2.4680159640411148e-06, 1.5246812381519703e-06, 2.315295696025954e-06, 2.9257416243816815e-06, 4.116194408321228e-06, 4.1161944182022125e-06, 2.9257416243816815e-06, 3.540319198691577e-06, 1.1537492997530956e-06, 1.0941578565816339e-06, 1.1949352938245283e-06, 2.209836008270554e-06, 2.209835997746268e-06, 1.1537492997530956e-06, 1.1537492997530956e-06, 1.8884095100087176e-06, 2.3344631846500263e-06, 1.8317819012736436e-06, 1.5510017338764598e-06, 1.0941578565816339e-06, 1.6095077626232523e-06, 1.0904894907071139e-06, 1.409999808632545e-06, 1.8884095100087176e-06, 1.4117143791736453e-06, 1.4276823059486434e-06, 1.866520277051063e-06, 0.0002146499779428573, 0.00024264756681990836, 2.6131068599999993e-05, 0.00024264756681990836, 0.00024264756681990836, 0.0009164671070983374, 2.4680159219333104e-06, 2.1705168887220516e-06, 2.1705168364860583e-06, 2.4680159219333104e-06, 1.4117143498852246e-06, 3.365867330129557e-06, 3.365867314641946e-06, 1.1537492997530956e-06, 1.0771701155556923e-06, 1.1949352938245283e-06, 2.06000926722405e-06, 2.811137638998422e-06, 1.38409609462542e-06, 1.38409609462542e-06, 4.119045012206113e-06, 1.6514799071202366e-06, 1.6514799199285335e-06, 1.8665048999999998e-06, 0.00021464787897538718, 0.00024264563699999994, 2.613125312461275e-05, 0.00024264563699999994, 0.00024264563699999994, 0.0009164535368507744, 2.6174531823752565e-06, 1.895267674729303e-06, 1.0319231478206348e-06, 1.0319231478206348e-06, 1.077170054486487e-06, 3.165827236278353e-06, 3.1658272519052844e-06]","['BIOMASS_Ec_iJO1366_WT_53p95M', 'EX_glyc_e', 'EX_kdo2lipid4_e', '4PCP', '4PEPTabcpp', 'ADNK1', 'ALAGLUE', 'ASNN', 'AMPTASECG', 'ASNabcpp', 'CGLYabcpp', 'CYSDS', 'ARGabcpp', 'G3PEabcpp', 'G3PT', 'H2SO', 'GLYCtex', 'Kabcpp', 'I2FE2SR', 'I2FE2SS2', 'I4FE4SR', 'I4FE4ST', 'LADGMDH', 'ILEabcpp', 'LALGP', 'INSK', 'LEUabcpp', 'OPHHX3', 'PIuabcpp', 'PROabcpp', 'S2FE2ST', 'VALabcpp']","['EX_ile__L_e', 'EX_ins_e', 'EX_LalaDgluMdapDala_e', 'EX_leu__L_e', 'EX_lipa_cold_e', 'EX_adn_e', 'EX_arg__L_e', 'EX_asn__L_e', 'EX_cytd_e', 'EX_cgly_e', 'EX_phe__L_e', 'EX_pro__L_e', 'EX_val__L_e', 'EX_tyr__L_e', 'EX_uri_e', 'EX_g3pe_e', '4PEPTtex', 'ADNtex', 'ASNtex', 'CGLYtex', 'CLIPAabctex', 'CYTDtex', 'ARGtex', 'EDTXS3', 'EDTXS4', 'G3PEtex', 'GMPR', 'INStex', 'I2FE2ST', 'ILEtex', 'LEUtex', 'LIPACabcpp', 'NTD4', 'NTPP2', 'PHEt2rpp', 'PHEtex', 'PROtex', 'S2FE2SR', 'S2FE2SS2', 'S4FE4SR', 'S4FE4ST', 'SERD_L', 'THRA', 'TYRt2rpp', 'TYRtex', 'URItex', 'VALtex']","['ETHAAL', 'GLYCtpp', 'GPDDA2', 'I2FE2SS', 'ICYSDS', 'NTD2', 'S2FE2SS', 'SCYSDS']",I2FE2SS2,S4FE4SR,0.004110338916378714,1,87,8,-19.0,-5.467830085205077e-05,iJO1366,PSL,False,False,0.0,0.0,0.0,0.0
193,"['BIOMASS_Ec_iJO1366_WT_53p95M', 'EX_glyc_e', 'EX_ile__L_e', 'EX_ins_e', 'EX_LalaDgluMdapDala_e', 'EX_kdo2lipid4_e', 'EX_leu__L_e', 'EX_lipa_cold_e', 'EX_adn_e', 'EX_arg__L_e', 'EX_asn__L_e', 'EX_cytd_e', 'EX_cgly_e', 'EX_phe__L_e', 'EX_pro__L_e', 'EX_val__L_e', 'EX_tyr__L_e', 'EX_uri_e', 'EX_g3pe_e', '4PCP', '4PEPTabcpp', '4PEPTtex', 'ADNK1', 'ALAGLUE', 'ADNtex', 'ASNN', 'AMPTASECG', 'ASNabcpp', 'ASNtex', 'CGLYabcpp', 'CGLYtex', 'CLIPAabctex', 'CYSDS', 'CYTDtex', 'ARGabcpp', 'ARGtex', 'EDTXS3', 'EDTXS4', 'ETHAAL', 'G3PEabcpp', 'G3PEtex', 'G3PT', 'H2SO', 'GLYCtex', 'GLYCtpp', 'GMPR', 'GPDDA2', 'INStex', 'Kabcpp', 'I2FE2SR', 'I2FE2SS', 'I2FE2SS2', 'I2FE2ST', 'I4FE4SR', 'I4FE4ST', 'ICYSDS', 'LADGMDH', 'ILEabcpp', 'ILEtex', 'LALGP', 'INSK', 'LEUabcpp', 'LEUtex', 'LIPACabcpp', 'NTD2', 'NTD4', 'NTPP2', 'OPHHX3', 'PHEt2rpp', 'PHEtex', 'PIuabcpp', 'PROabcpp', 'PROtex', 'S2FE2SR', 'S2FE2SS', 'S2FE2SS2', 'S2FE2ST', 'S4FE4SR', 'S4FE4ST', 'SCYSDS', 'SERD_L', 'THRA', 'TYRt2rpp', 'TYRtex', 'URItex', 'VALabcpp', 'VALtex']","[-7.688525531523741e-06, -1.6095077382554646e-06, 2.1705168887220516e-06, 1.4117143791736453e-06, 2.680042390516141e-06, -1.153749299754453e-06, 3.365867330129557e-06, 1.1537492997530956e-06, 1.5246812381519703e-06, 2.209836008270554e-06, 4.116194408321228e-06, 1.1949352938245283e-06, 3.5403191934952206e-06, 1.3840960547129022e-06, 1.6514799071202027e-06, 3.165827236278353e-06, 1.0319231427413644e-06, 1.077170054486487e-06, 1.8317819378002136e-06, -2.4680159219333104e-06, -2.4680159219333104e-06, -2.6800423711392796e-06, -1.5246812881675176e-06, -2.4680159640411148e-06, -1.5246812381519703e-06, -2.315295696025954e-06, -2.9257416243816815e-06, -4.116194408321228e-06, -4.1161944182022125e-06, -2.9257416243816815e-06, -3.540319198691577e-06, 1.1537492997530956e-06, -1.0941578565816339e-06, -1.1949352938245283e-06, -2.209836008270554e-06, -2.209835997746268e-06, 1.1537492997530956e-06, 1.1537492997530956e-06, -1.8884095100087176e-06, -2.3344631846500263e-06, -1.8317819012736436e-06, -1.5510017338764598e-06, -1.0941578565816339e-06, 1.6095077626232523e-06, -1.0904894907071139e-06, 1.409999808632545e-06, -1.8884095100087176e-06, -1.4117143791736453e-06, -1.4276823059486434e-06, -1.866520277051063e-06, -0.0002146499779428573, -0.00024264756681990836, 2.6131068599999993e-05, -0.00024264756681990836, -0.00024264756681990836, -0.0009164671070983374, -2.4680159219333104e-06, -2.1705168887220516e-06, -2.1705168364860583e-06, -2.4680159219333104e-06, -1.4117143498852246e-06, -3.365867330129557e-06, -3.365867314641946e-06, 1.1537492997530956e-06, 1.0771701155556923e-06, 1.1949352938245283e-06, 2.06000926722405e-06, -2.811137638998422e-06, -1.38409609462542e-06, -1.38409609462542e-06, -4.119045012206113e-06, -1.6514799071202366e-06, -1.6514799199285335e-06, 1.8665048999999998e-06, 0.00021464787897538718, 0.00024264563699999994, -2.613125312461275e-05, 0.00024264563699999994, 0.00024264563699999994, 0.0009164535368507744, 2.6174531823752565e-06, 1.895267674729303e-06, -1.0319231478206348e-06, -1.0319231478206348e-06, -1.077170054486487e-06, -3.165827236278353e-06, -3.1658272519052844e-06]","[7.688525531523741e-06, 1.6095077382554646e-06, 2.1705168887220516e-06, 1.4117143791736453e-06, 2.680042390516141e-06, 1.153749299754453e-06, 3.365867330129557e-06, 1.1537492997530956e-06, 1.5246812381519703e-06, 2.209836008270554e-06, 4.116194408321228e-06, 1.1949352938245283e-06, 3.5403191934952206e-06, 1.3840960547129022e-06, 1.6514799071202027e-06, 3.165827236278353e-06, 1.0319231427413644e-06, 1.077170054486487e-06, 1.8317819378002136e-06, 2.4680159219333104e-06, 2.4680159219333104e-06, 2.6800423711392796e-06, 1.5246812881675176e-06, 2.4680159640411148e-06, 1.5246812381519703e-06, 2.315295696025954e-06, 2.9257416243816815e-06, 4.116194408321228e-06, 4.1161944182022125e-06, 2.9257416243816815e-06, 3.540319198691577e-06, 1.1537492997530956e-06, 1.0941578565816339e-06, 1.1949352938245283e-06, 2.209836008270554e-06, 2.209835997746268e-06, 1.1537492997530956e-06, 1.1537492997530956e-06, 1.8884095100087176e-06, 2.3344631846500263e-06, 1.8317819012736436e-06, 1.5510017338764598e-06, 1.0941578565816339e-06, 1.6095077626232523e-06, 1.0904894907071139e-06, 1.409999808632545e-06, 1.8884095100087176e-06, 1.4117143791736453e-06, 1.4276823059486434e-06, 1.866520277051063e-06, 0.0002146499779428573, 0.00024264756681990836, 2.6131068599999993e-05, 0.00024264756681990836, 0.00024264756681990836, 0.0009164671070983374, 2.4680159219333104e-06, 2.1705168887220516e-06, 2.1705168364860583e-06, 2.4680159219333104e-06, 1.4117143498852246e-06, 3.365867330129557e-06, 3.365867314641946e-06, 1.1537492997530956e-06, 1.0771701155556923e-06, 1.1949352938245283e-06, 2.06000926722405e-06, 2.811137638998422e-06, 1.38409609462542e-06, 1.38409609462542e-06, 4.119045012206113e-06, 1.6514799071202366e-06, 1.6514799199285335e-06, 1.8665048999999998e-06, 0.00021464787897538718, 0.00024264563699999994, 2.613125312461275e-05, 0.00024264563699999994, 0.00024264563699999994, 0.0009164535368507744, 2.6174531823752565e-06, 1.895267674729303e-06, 1.0319231478206348e-06, 1.0319231478206348e-06, 1.077170054486487e-06, 3.165827236278353e-06, 3.1658272519052844e-06]","['BIOMASS_Ec_iJO1366_WT_53p95M', 'EX_glyc_e', 'EX_kdo2lipid4_e', '4PCP', '4PEPTabcpp', 'ADNK1', 'ALAGLUE', 'ASNN', 'AMPTASECG', 'ASNabcpp', 'CGLYabcpp', 'CYSDS', 'ARGabcpp', 'G3PEabcpp', 'G3PT', 'H2SO', 'GLYCtex', 'Kabcpp', 'I2FE2SR', 'I2FE2SS2', 'I4FE4SR', 'I4FE4ST', 'LADGMDH', 'ILEabcpp', 'LALGP', 'INSK', 'LEUabcpp', 'OPHHX3', 'PIuabcpp', 'PROabcpp', 'S2FE2ST', 'VALabcpp']","['EX_ile__L_e', 'EX_ins_e', 'EX_LalaDgluMdapDala_e', 'EX_leu__L_e', 'EX_lipa_cold_e', 'EX_adn_e', 'EX_arg__L_e', 'EX_asn__L_e', 'EX_cytd_e', 'EX_cgly_e', 'EX_phe__L_e', 'EX_pro__L_e', 'EX_val__L_e', 'EX_tyr__L_e', 'EX_uri_e', 'EX_g3pe_e', '4PEPTtex', 'ADNtex', 'ASNtex', 'CGLYtex', 'CLIPAabctex', 'CYTDtex', 'ARGtex', 'EDTXS3', 'EDTXS4', 'G3PEtex', 'GMPR', 'INStex', 'I2FE2ST', 'ILEtex', 'LEUtex', 'LIPACabcpp', 'NTD4', 'NTPP2', 'PHEt2rpp', 'PHEtex', 'PROtex', 'S2FE2SR', 'S2FE2SS2', 'S4FE4SR', 'S4FE4ST', 'SERD_L', 'THRA', 'TYRt2rpp', 'TYRtex', 'URItex', 'VALtex']","['ETHAAL', 'GLYCtpp', 'GPDDA2', 'I2FE2SS', 'ICYSDS', 'NTD2', 'S2FE2SS', 'SCYSDS']",I2FE2SS2,S4FE4ST,0.004110338916378714,1,87,8,-19.0,-5.467830085205077e-05,iJO1366,PSL,False,False,0.0,0.0,0.0,0.0
194,"['BIOMASS_Ec_iJO1366_WT_53p95M', 'EX_glyc_e', 'EX_ile__L_e', 'EX_LalaDgluMdapDala_e', 'EX_kdo2lipid4_e', 'EX_leu__L_e', 'EX_adn_e', 'EX_arg__L_e', 'EX_asn__L_e', 'EX_cytd_e', 'EX_cgly_e', 'EX_phe__L_e', 'EX_pro__L_e', 'EX_val__L_e', 'EX_tyr__L_e', 'EX_uri_e', 'EX_g3pe_e', '4PCP', '4PEPTabcpp', '4PEPTtex', 'ADNK1', 'ALAGLUE', 'ADNtex', 'AMPTASECG', 'ASNabcpp', 'ASNtex', 'CGLYabcpp', 'CGLYtex', 'CYSDS', 'CYTDtex', 'DHBD', 'DHBSH', 'ARGabcpp', 'ARGtex', 'ETHAAL', 'G3PEabcpp', 'G3PEtex', 'G3PT', 'GLCP', 'H2SO', 'GLYCtex', 'GLYCtpp', 'GMPR', 'GPDDA2', 'Kabcpp', 'I2FE2SR', 'I2FE2SS', 'I2FE2SS2', 'I4FE4SR', 'I4FE4ST', 'ICHORS_copy1', 'ICHORT', 'ICYSDS', 'LADGMDH', 'ILEabcpp', 'ILEtex', 'LALGP', 'LEUabcpp', 'LEUtex', 'NTD2', 'NTPP2', 'NTPP4', 'NTPP8', 'OPHHX3', 'PGMT', 'PHEt2rpp', 'PHEtex', 'PIuabcpp', 'PROabcpp', 'PROtex', 'S2FE2SR', 'S2FE2SS', 'S2FE2SS2', 'S4FE4SR', 'S4FE4ST', 'SCYSDS', 'SERD_L', 'THRA', 'TYRt2rpp', 'TYRtex', 'URItex', 'VALabcpp', 'VALtex']","[-8.181766579910025e-06, -2.7084127141646987e-06, 2.309761796104315e-06, 3.250256136195945e-06, -1.0811222723554337e-06, 3.581797409835108e-06, 1.9155735344611458e-06, 2.3516033503977397e-06, 1.916431549536801e-06, 1.2715937600660254e-06, 2.741085775700676e-06, 1.4728898014848557e-06, 2.5322260810423103e-06, 3.368924012647767e-06, 1.0981239833007805e-06, 1.1389756764401682e-06, 3.1645779839397128e-06, -2.637228067602776e-06, -2.637228067602776e-06, -3.250256099818216e-06, -1.915573508620705e-06, -3.0246276310208486e-06, -1.9155735344611458e-06, -2.741085775700676e-06, -1.916431549536801e-06, -1.916431529025431e-06, -2.741085775700676e-06, -2.7410857228460372e-06, -1.0423873682372398e-06, -1.2715937600660254e-06, 1.3780199878965504e-06, -1.3780199678804436e-06, -2.3516033503977397e-06, -2.3516033706982853e-06, -2.182065228015091e-06, -3.020309404072245e-06, -3.1645779472455615e-06, -2.321360276110724e-06, 1.261522043656587e-06, -1.0423873682372398e-06, 2.7084126941190334e-06, -2.514728635105712e-06, 1.269643529930021e-06, -2.182065228015091e-06, -1.5192722362234925e-06, -1.8665212635331596e-06, -0.0002407813657222763, -0.0002426476906234115, -0.0002426476906234115, -0.0002426476906234115, 1.374370867779362e-06, 1.3780199678804436e-06, -0.0009687304839180134, -3.0246275592202336e-06, -2.309761796104315e-06, -2.3097618395695463e-06, -3.0246275592202336e-06, -3.581797409835108e-06, -3.581797386686958e-06, 1.1389756376378735e-06, 1.991039596943578e-06, 1.1281675824648119e-06, 1.1389756376378735e-06, -3.645552860262382e-06, 1.261522015738592e-06, -1.4728898349858355e-06, -1.4728898349858355e-06, -3.7141045457628197e-06, -2.5322260810423103e-06, -2.532226062612608e-06, 1.8665048999999998e-06, 0.00024077913209999993, 0.00024264563699999994, 0.00024264563699999994, 0.00024264563699999994, 0.0009687160430999998, 2.5774613834579794e-06, 2.182065227951391e-06, -1.0981240166074713e-06, -1.0981240166074713e-06, -1.1389756764401682e-06, -3.368924012647767e-06, -3.368924012647767e-06]","[8.181766579910025e-06, 2.7084127141646987e-06, 2.309761796104315e-06, 3.250256136195945e-06, 1.0811222723554337e-06, 3.581797409835108e-06, 1.9155735344611458e-06, 2.3516033503977397e-06, 1.916431549536801e-06, 1.2715937600660254e-06, 2.741085775700676e-06, 1.4728898014848557e-06, 2.5322260810423103e-06, 3.368924012647767e-06, 1.0981239833007805e-06, 1.1389756764401682e-06, 3.1645779839397128e-06, 2.637228067602776e-06, 2.637228067602776e-06, 3.250256099818216e-06, 1.915573508620705e-06, 3.0246276310208486e-06, 1.9155735344611458e-06, 2.741085775700676e-06, 1.916431549536801e-06, 1.916431529025431e-06, 2.741085775700676e-06, 2.7410857228460372e-06, 1.0423873682372398e-06, 1.2715937600660254e-06, 1.3780199878965504e-06, 1.3780199678804436e-06, 2.3516033503977397e-06, 2.3516033706982853e-06, 2.182065228015091e-06, 3.020309404072245e-06, 3.1645779472455615e-06, 2.321360276110724e-06, 1.261522043656587e-06, 1.0423873682372398e-06, 2.7084126941190334e-06, 2.514728635105712e-06, 1.269643529930021e-06, 2.182065228015091e-06, 1.5192722362234925e-06, 1.8665212635331596e-06, 0.0002407813657222763, 0.0002426476906234115, 0.0002426476906234115, 0.0002426476906234115, 1.374370867779362e-06, 1.3780199678804436e-06, 0.0009687304839180134, 3.0246275592202336e-06, 2.309761796104315e-06, 2.3097618395695463e-06, 3.0246275592202336e-06, 3.581797409835108e-06, 3.581797386686958e-06, 1.1389756376378735e-06, 1.991039596943578e-06, 1.1281675824648119e-06, 1.1389756376378735e-06, 3.645552860262382e-06, 1.261522015738592e-06, 1.4728898349858355e-06, 1.4728898349858355e-06, 3.7141045457628197e-06, 2.5322260810423103e-06, 2.532226062612608e-06, 1.8665048999999998e-06, 0.00024077913209999993, 0.00024264563699999994, 0.00024264563699999994, 0.00024264563699999994, 0.0009687160430999998, 2.5774613834579794e-06, 2.182065227951391e-06, 1.0981240166074713e-06, 1.0981240166074713e-06, 1.1389756764401682e-06, 3.368924012647767e-06, 3.368924012647767e-06]","['BIOMASS_Ec_iJO1366_WT_53p95M', 'EX_glyc_e', 'EX_kdo2lipid4_e', '4PCP', '4PEPTabcpp', 'ADNK1', 'AMPTASECG', 'ASNabcpp', 'CGLYabcpp', 'CYSDS', 'DHBSH', 'ARGabcpp', 'G3PEabcpp', 'H2SO', 'GLYCtex', 'Kabcpp', 'I2FE2SR', 'I2FE2SS2', 'I4FE4SR', 'I4FE4ST', 'ILEabcpp', 'LEUabcpp', 'OPHHX3', 'PGMT', 'PIuabcpp', 'PROabcpp', 'VALabcpp']","['EX_ile__L_e', 'EX_LalaDgluMdapDala_e', 'EX_leu__L_e', 'EX_adn_e', 'EX_arg__L_e', 'EX_asn__L_e', 'EX_cytd_e', 'EX_cgly_e', 'EX_phe__L_e', 'EX_pro__L_e', 'EX_val__L_e', 'EX_tyr__L_e', 'EX_uri_e', 'EX_g3pe_e', '4PEPTtex', 'ADNtex', 'ASNtex', 'CGLYtex', 'CYTDtex', 'DHBD', 'ARGtex', 'G3PEtex', 'GLCP', 'GMPR', 'ICHORT', 'ILEtex', 'LEUtex', 'NTD2', 'NTPP2', 'NTPP4', 'NTPP8', 'PHEt2rpp', 'PHEtex', 'PROtex', 'S2FE2SR', 'S2FE2SS', 'S2FE2SS2', 'S4FE4SR', 'S4FE4ST', 'SCYSDS', 'SERD_L', 'THRA', 'TYRt2rpp', 'TYRtex', 'URItex', 'VALtex']","['ALAGLUE', 'ETHAAL', 'G3PT', 'GLYCtpp', 'GPDDA2', 'I2FE2SS', 'ICHORS_copy1', 'ICYSDS', 'LADGMDH', 'LALGP']",I2FE2SS2,SCYSDS,0.004236883951490673,1,83,10,-17.0,-5.614605212372046e-05,iJO1366,PSL,False,False,0.0,0.0,0.0,0.0
195,"['I2FE2SS', 'I2FE2ST', 'S2FE2SS', 'S2FE2ST', 'SCYSDS']","[-2.426471038137739e-05, -2.4264577034670666e-05, 2.4264563699999995e-05, 2.4264562674256096e-05, 4.8529126374256094e-05]","[2.426471038137739e-05, 2.4264577034670666e-05, 2.4264563699999995e-05, 2.4264562674256096e-05, 4.8529126374256094e-05]",['I2FE2ST'],['S2FE2SS'],"['I2FE2SS', 'S2FE2ST', 'SCYSDS']",I2FE2ST,S2FE2SS,0.00019218241657537085,1,5,3,1.0,4.852896533246413e-05,iJO1366,PSL,False,False,0.0,0.0,0.0,0.0
196,"['I2FE2SR', 'I2FE2SS2', 'I2FE2ST', 'I4FE4SR', 'I4FE4ST', 'S2FE2SR', 'S2FE2SS', 'S2FE2SS2', 'S2FE2ST', 'S4FE4SR', 'S4FE4ST']","[-1.8665048999999998e-06, 1.2598908075000018e-05, -2.6131068599999993e-05, 1.2598908075000018e-05, 1.2598908075000018e-05, 1.8665048999999998e-06, 1.1665655624999997e-05, -1.2598908074999998e-05, 2.6131068599999993e-05, -1.2598908074999998e-05, -1.2598908074999998e-05]","[1.8665048999999998e-06, 1.2598908075000018e-05, 2.6131068599999993e-05, 1.2598908075000018e-05, 1.2598908075000018e-05, 1.8665048999999998e-06, 1.1665655624999997e-05, 1.2598908074999998e-05, 2.6131068599999993e-05, 1.2598908074999998e-05, 1.2598908074999998e-05]","['S2FE2SR', 'S2FE2ST']","['I2FE2SR', 'I2FE2ST', 'S2FE2SS2', 'S4FE4SR', 'S4FE4ST']","['I2FE2SS2', 'I4FE4SR', 'I4FE4ST', 'S2FE2SS']",I2FE2ST,S2FE2ST,0.00015491990670000002,1,11,4,1.0,1.1665655625000054e-05,iJO1366,PSL,False,False,0.0,0.0,0.0,0.0
197,"['I2FE2SR', 'I2FE2SS', 'I2FE2ST', 'S2FE2SR', 'S2FE2SS', 'S2FE2ST', 'SCYSDS']","[-1.8665058893337485e-06, -2.426469874405667e-05, -2.6131080472004976e-05, 1.8665048999999998e-06, 2.4264563699999995e-05, 2.6131068599999993e-05, 5.039563229999999e-05]","[1.8665058893337485e-06, 2.426469874405667e-05, 2.6131080472004976e-05, 1.8665048999999998e-06, 2.4264563699999995e-05, 2.6131068599999993e-05, 5.039563229999999e-05]","['I2FE2SR', 'I2FE2ST']","['S2FE2SR', 'S2FE2SS', 'S2FE2ST', 'SCYSDS']",['I2FE2SS'],I2FE2ST,SCYSDS,0.00020676861960941377,1,7,1,1.0,5.039548439460458e-05,iJO1366,PSL,False,False,0.0,0.0,0.0,0.0
198,"['BIOMASS_Ec_iJO1366_WT_53p95M', 'EX_glyc_e', 'EX_ile__L_e', 'EX_ins_e', 'EX_LalaDgluMdapDala_e', 'EX_kdo2lipid4_e', 'EX_leu__L_e', 'EX_lipa_cold_e', 'EX_adn_e', 'EX_arg__L_e', 'EX_asn__L_e', 'EX_cytd_e', 'EX_cgly_e', 'EX_phe__L_e', 'EX_pro__L_e', 'EX_val__L_e', 'EX_uri_e', '3HAD160', '3OAR160', 'EX_g3pe_e', '3OAS160', '4PCP', '4PEPTabcpp', '4PEPTtex', 'ADNK1', 'ALAGLUE', 'ADNtex', 'AMPTASECG', 'ASNabcpp', 'ASNtex', 'CGLYabcpp', 'CGLYtex', 'CLIPAabctex', 'CYSDS', 'CYTDtex', 'DHBSH', 'ARGabcpp', 'ARGtex', 'EAR160y', 'EDTXS3', 'EDTXS4', 'ETHAAL', 'FA160ACPHi', 'G3PEabcpp', 'G3PEtex', 'G3PT', 'GLCP', 'H2SO', 'GLYCtex', 'GLYCtpp', 'GMPR', 'GPDDA2', 'INStex', 'Kabcpp', 'I2FE2SS', 'I2FE2SS2', 'I4FE4SR', 'I4FE4ST', 'ICYSDS', 'LADGMDH', 'ILEabcpp', 'ILEtex', 'LALGP', 'INSK', 'LEUabcpp', 'LEUtex', 'LIPACabcpp', 'NTD2', 'NTD4', 'NTPP2', 'OPHHX3', 'PGMT', 'PHEt2rpp', 'PHEtex', 'PIuabcpp', 'PROabcpp', 'PROtex', 'S2FE2SS', 'S2FE2SS2', 'S4FE4SR', 'S4FE4ST', 'SCYSDS', 'SERD_L', 'THRA', 'URItex', 'VALabcpp', 'VALtex']","[-8.179810076960915e-06, -2.186238465931272e-06, 2.3092094635865284e-06, 1.3843058468410163e-06, 3.1950878198738764e-06, -1.0808637439588265e-06, 3.5809408958717956e-06, 1.080863743957469e-06, 1.6220882343986887e-06, 2.3510410122968598e-06, 2.76649356612895e-06, 1.0617884527164279e-06, 3.401477492590452e-06, 1.4725375898645809e-06, 1.7570068449046516e-06, 3.3681186953221382e-06, 1.3482044778356794e-06, -1.0808637439588265e-06, -1.0808637398440624e-06, 2.658601871217306e-06, -1.0808637439588265e-06, -2.3389030093835805e-06, -2.3389030093835805e-06, -3.195087856511236e-06, -1.0509455144318844e-06, -2.6536375798968947e-06, -1.6220882343986887e-06, -2.6436817783558305e-06, -2.76649356612895e-06, -2.766493594208441e-06, -2.6436817783558305e-06, -3.4014774428214878e-06, 1.080863743957469e-06, -1.1682862655374923e-06, -1.0617884527164279e-06, -1.1356286782747862e-06, -2.351041012320106e-06, -2.3510409619120765e-06, -1.0808637439588265e-06, 1.080863743957469e-06, 1.080863743957469e-06, -2.016372262831328e-06, -1.0808637439588265e-06, -2.658601871217306e-06, -2.658601829352847e-06, -2.2549325109575904e-06, 1.2612203763363726e-06, -1.1682862655374923e-06, 2.186238475587743e-06, -2.1337731368475943e-06, 1.3934262870496372e-06, -2.016372262831328e-06, -1.3843058468410163e-06, -1.5189089331908724e-06, -0.00024078136518815098, -0.00024078118523232926, -0.00024078118523232926, -0.00024078118523232926, -0.0009631309494051656, -2.6536375617148057e-06, -2.3092094635865284e-06, -2.309209435225057e-06, -2.6536375617148057e-06, -1.3843057988238705e-06, -3.5809408958717956e-06, -3.5809408700515633e-06, 1.080863743957469e-06, 1.1459995716556204e-06, 1.0617884527164279e-06, 1.725481827656388e-06, -2.9349273100136167e-06, 1.2612204045581166e-06, -1.472537633162574e-06, -1.472537633162574e-06, -3.932294642794432e-06, -1.7570068449046516e-06, -1.7570068848726805e-06, 0.00024077913209999993, 0.00024077913209999993, 0.00024077913209999993, 0.00024077913209999993, 0.0009631165283999998, 2.6133923934000648e-06, 2.016372262831328e-06, -1.3482044778356794e-06, -3.3681186953221382e-06, -3.368118655089347e-06]","[8.179810076960915e-06, 2.186238465931272e-06, 2.3092094635865284e-06, 1.3843058468410163e-06, 3.1950878198738764e-06, 1.0808637439588265e-06, 3.5809408958717956e-06, 1.080863743957469e-06, 1.6220882343986887e-06, 2.3510410122968598e-06, 2.76649356612895e-06, 1.0617884527164279e-06, 3.401477492590452e-06, 1.4725375898645809e-06, 1.7570068449046516e-06, 3.3681186953221382e-06, 1.3482044778356794e-06, 1.0808637439588265e-06, 1.0808637398440624e-06, 2.658601871217306e-06, 1.0808637439588265e-06, 2.3389030093835805e-06, 2.3389030093835805e-06, 3.195087856511236e-06, 1.0509455144318844e-06, 2.6536375798968947e-06, 1.6220882343986887e-06, 2.6436817783558305e-06, 2.76649356612895e-06, 2.766493594208441e-06, 2.6436817783558305e-06, 3.4014774428214878e-06, 1.080863743957469e-06, 1.1682862655374923e-06, 1.0617884527164279e-06, 1.1356286782747862e-06, 2.351041012320106e-06, 2.3510409619120765e-06, 1.0808637439588265e-06, 1.080863743957469e-06, 1.080863743957469e-06, 2.016372262831328e-06, 1.0808637439588265e-06, 2.658601871217306e-06, 2.658601829352847e-06, 2.2549325109575904e-06, 1.2612203763363726e-06, 1.1682862655374923e-06, 2.186238475587743e-06, 2.1337731368475943e-06, 1.3934262870496372e-06, 2.016372262831328e-06, 1.3843058468410163e-06, 1.5189089331908724e-06, 0.00024078136518815098, 0.00024078118523232926, 0.00024078118523232926, 0.00024078118523232926, 0.0009631309494051656, 2.6536375617148057e-06, 2.3092094635865284e-06, 2.309209435225057e-06, 2.6536375617148057e-06, 1.3843057988238705e-06, 3.5809408958717956e-06, 3.5809408700515633e-06, 1.080863743957469e-06, 1.1459995716556204e-06, 1.0617884527164279e-06, 1.725481827656388e-06, 2.9349273100136167e-06, 1.2612204045581166e-06, 1.472537633162574e-06, 1.472537633162574e-06, 3.932294642794432e-06, 1.7570068449046516e-06, 1.7570068848726805e-06, 0.00024077913209999993, 0.00024077913209999993, 0.00024077913209999993, 0.00024077913209999993, 0.0009631165283999998, 2.6133923934000648e-06, 2.016372262831328e-06, 1.3482044778356794e-06, 3.3681186953221382e-06, 3.368118655089347e-06]","['BIOMASS_Ec_iJO1366_WT_53p95M', 'EX_glyc_e', 'EX_kdo2lipid4_e', '3HAD160', '3OAR160', '3OAS160', '4PCP', '4PEPTabcpp', 'ADNK1', 'ALAGLUE', 'AMPTASECG', 'ASNabcpp', 'CGLYabcpp', 'CYSDS', 'DHBSH', 'ARGabcpp', 'EAR160y', 'FA160ACPHi', 'G3PEabcpp', 'G3PT', 'H2SO', 'GLYCtex', 'Kabcpp', 'I2FE2SS2', 'I4FE4SR', 'I4FE4ST', 'LADGMDH', 'ILEabcpp', 'LALGP', 'INSK', 'LEUabcpp', 'OPHHX3', 'PGMT', 'PIuabcpp', 'PROabcpp', 'VALabcpp']","['EX_ile__L_e', 'EX_ins_e', 'EX_LalaDgluMdapDala_e', 'EX_leu__L_e', 'EX_lipa_cold_e', 'EX_adn_e', 'EX_arg__L_e', 'EX_asn__L_e', 'EX_cytd_e', 'EX_cgly_e', 'EX_phe__L_e', 'EX_pro__L_e', 'EX_val__L_e', 'EX_uri_e', 'EX_g3pe_e', '4PEPTtex', 'ADNtex', 'ASNtex', 'CGLYtex', 'CLIPAabctex', 'CYTDtex', 'ARGtex', 'EDTXS3', 'EDTXS4', 'G3PEtex', 'GLCP', 'GMPR', 'INStex', 'ILEtex', 'LEUtex', 'LIPACabcpp', 'NTD2', 'NTD4', 'NTPP2', 'PHEt2rpp', 'PHEtex', 'PROtex', 'S2FE2SS', 'SERD_L', 'THRA', 'URItex', 'VALtex']","['ETHAAL', 'GLYCtpp', 'GPDDA2', 'I2FE2SS', 'ICYSDS', 'S2FE2SS2', 'S4FE4SR', 'S4FE4ST', 'SCYSDS']",I4FE4SR,S2FE2SS,0.004206554177993397,1,87,9,-21.0,-5.770965147619781e-05,iJO1366,PSL,False,False,0.0,0.0,4.0819348535166,0.0
199,"['BIOMASS_Ec_iJO1366_WT_53p95M', 'EX_glyc_e', 'EX_ile__L_e', 'EX_ins_e', 'EX_LalaDgluMdapDala_e', 'EX_kdo2lipid4_e', 'EX_leu__L_e', 'EX_lipa_cold_e', 'EX_adn_e', 'EX_arg__L_e', 'EX_asn__L_e', 'EX_cytd_e', 'EX_cgly_e', 'EX_phe__L_e', 'EX_pro__L_e', 'EX_val__L_e', 'EX_tyr__L_e', 'EX_uri_e', 'EX_g3pe_e', '4PCP', '4PEPTabcpp', '4PEPTtex', 'ADNK1', 'ALAGLUE', 'ADNtex', 'ASNN', 'AMPTASECG', 'ASNabcpp', 'ASNtex', 'CGLYabcpp', 'CGLYtex', 'CLIPAabctex', 'CYSDS', 'CYTDtex', 'ARGabcpp', 'ARGtex', 'EDTXS3', 'EDTXS4', 'ETHAAL', 'G3PEabcpp', 'G3PEtex', 'G3PT', 'H2SO', 'GLYCtex', 'GLYCtpp', 'GMPR', 'GPDDA2', 'INStex', 'Kabcpp', 'I2FE2SR', 'I2FE2SS', 'I2FE2SS2', 'I2FE2ST', 'I4FE4SR', 'I4FE4ST', 'ICYSDS', 'LADGMDH', 'ILEabcpp', 'ILEtex', 'LALGP', 'INSK', 'LEUabcpp', 'LEUtex', 'LIPACabcpp', 'NTD2', 'NTD4', 'NTPP2', 'OPHHX3', 'PHEt2rpp', 'PHEtex', 'PIuabcpp', 'PROabcpp', 'PROtex', 'S2FE2SR', 'S2FE2SS', 'S2FE2SS2', 'S2FE2ST', 'S4FE4SR', 'S4FE4ST', 'SCYSDS', 'SERD_L', 'THRA', 'TYRt2rpp', 'TYRtex', 'URItex', 'VALabcpp', 'VALtex']","[-7.688525531523741e-06, -1.6095077382554646e-06, 2.1705168887220516e-06, 1.4117143791736453e-06, 2.680042390516141e-06, -1.153749299754453e-06, 3.365867330129557e-06, 1.1537492997530956e-06, 1.5246812381519703e-06, 2.209836008270554e-06, 4.116194408321228e-06, 1.1949352938245283e-06, 3.5403191934952206e-06, 1.3840960547129022e-06, 1.6514799071202027e-06, 3.165827236278353e-06, 1.0319231427413644e-06, 1.077170054486487e-06, 1.8317819378002136e-06, -2.4680159219333104e-06, -2.4680159219333104e-06, -2.6800423711392796e-06, -1.5246812881675176e-06, -2.4680159640411148e-06, -1.5246812381519703e-06, -2.315295696025954e-06, -2.9257416243816815e-06, -4.116194408321228e-06, -4.1161944182022125e-06, -2.9257416243816815e-06, -3.540319198691577e-06, 1.1537492997530956e-06, -1.0941578565816339e-06, -1.1949352938245283e-06, -2.209836008270554e-06, -2.209835997746268e-06, 1.1537492997530956e-06, 1.1537492997530956e-06, -1.8884095100087176e-06, -2.3344631846500263e-06, -1.8317819012736436e-06, -1.5510017338764598e-06, -1.0941578565816339e-06, 1.6095077626232523e-06, -1.0904894907071139e-06, 1.409999808632545e-06, -1.8884095100087176e-06, -1.4117143791736453e-06, -1.4276823059486434e-06, -1.866520277051063e-06, -0.0002146499779428573, -0.00024264756681990836, 2.6131068599999993e-05, -0.00024264756681990836, -0.00024264756681990836, -0.0009164671070983374, -2.4680159219333104e-06, -2.1705168887220516e-06, -2.1705168364860583e-06, -2.4680159219333104e-06, -1.4117143498852246e-06, -3.365867330129557e-06, -3.365867314641946e-06, 1.1537492997530956e-06, 1.0771701155556923e-06, 1.1949352938245283e-06, 2.06000926722405e-06, -2.811137638998422e-06, -1.38409609462542e-06, -1.38409609462542e-06, -4.119045012206113e-06, -1.6514799071202366e-06, -1.6514799199285335e-06, 1.8665048999999998e-06, 0.00021464787897538718, 0.00024264563699999994, -2.613125312461275e-05, 0.00024264563699999994, 0.00024264563699999994, 0.0009164535368507744, 2.6174531823752565e-06, 1.895267674729303e-06, -1.0319231478206348e-06, -1.0319231478206348e-06, -1.077170054486487e-06, -3.165827236278353e-06, -3.1658272519052844e-06]","[7.688525531523741e-06, 1.6095077382554646e-06, 2.1705168887220516e-06, 1.4117143791736453e-06, 2.680042390516141e-06, 1.153749299754453e-06, 3.365867330129557e-06, 1.1537492997530956e-06, 1.5246812381519703e-06, 2.209836008270554e-06, 4.116194408321228e-06, 1.1949352938245283e-06, 3.5403191934952206e-06, 1.3840960547129022e-06, 1.6514799071202027e-06, 3.165827236278353e-06, 1.0319231427413644e-06, 1.077170054486487e-06, 1.8317819378002136e-06, 2.4680159219333104e-06, 2.4680159219333104e-06, 2.6800423711392796e-06, 1.5246812881675176e-06, 2.4680159640411148e-06, 1.5246812381519703e-06, 2.315295696025954e-06, 2.9257416243816815e-06, 4.116194408321228e-06, 4.1161944182022125e-06, 2.9257416243816815e-06, 3.540319198691577e-06, 1.1537492997530956e-06, 1.0941578565816339e-06, 1.1949352938245283e-06, 2.209836008270554e-06, 2.209835997746268e-06, 1.1537492997530956e-06, 1.1537492997530956e-06, 1.8884095100087176e-06, 2.3344631846500263e-06, 1.8317819012736436e-06, 1.5510017338764598e-06, 1.0941578565816339e-06, 1.6095077626232523e-06, 1.0904894907071139e-06, 1.409999808632545e-06, 1.8884095100087176e-06, 1.4117143791736453e-06, 1.4276823059486434e-06, 1.866520277051063e-06, 0.0002146499779428573, 0.00024264756681990836, 2.6131068599999993e-05, 0.00024264756681990836, 0.00024264756681990836, 0.0009164671070983374, 2.4680159219333104e-06, 2.1705168887220516e-06, 2.1705168364860583e-06, 2.4680159219333104e-06, 1.4117143498852246e-06, 3.365867330129557e-06, 3.365867314641946e-06, 1.1537492997530956e-06, 1.0771701155556923e-06, 1.1949352938245283e-06, 2.06000926722405e-06, 2.811137638998422e-06, 1.38409609462542e-06, 1.38409609462542e-06, 4.119045012206113e-06, 1.6514799071202366e-06, 1.6514799199285335e-06, 1.8665048999999998e-06, 0.00021464787897538718, 0.00024264563699999994, 2.613125312461275e-05, 0.00024264563699999994, 0.00024264563699999994, 0.0009164535368507744, 2.6174531823752565e-06, 1.895267674729303e-06, 1.0319231478206348e-06, 1.0319231478206348e-06, 1.077170054486487e-06, 3.165827236278353e-06, 3.1658272519052844e-06]","['BIOMASS_Ec_iJO1366_WT_53p95M', 'EX_glyc_e', 'EX_kdo2lipid4_e', '4PCP', '4PEPTabcpp', 'ADNK1', 'ALAGLUE', 'ASNN', 'AMPTASECG', 'ASNabcpp', 'CGLYabcpp', 'CYSDS', 'ARGabcpp', 'G3PEabcpp', 'G3PT', 'H2SO', 'GLYCtex', 'Kabcpp', 'I2FE2SR', 'I2FE2SS2', 'I4FE4SR', 'I4FE4ST', 'LADGMDH', 'ILEabcpp', 'LALGP', 'INSK', 'LEUabcpp', 'OPHHX3', 'PIuabcpp', 'PROabcpp', 'S2FE2ST', 'VALabcpp']","['EX_ile__L_e', 'EX_ins_e', 'EX_LalaDgluMdapDala_e', 'EX_leu__L_e', 'EX_lipa_cold_e', 'EX_adn_e', 'EX_arg__L_e', 'EX_asn__L_e', 'EX_cytd_e', 'EX_cgly_e', 'EX_phe__L_e', 'EX_pro__L_e', 'EX_val__L_e', 'EX_tyr__L_e', 'EX_uri_e', 'EX_g3pe_e', '4PEPTtex', 'ADNtex', 'ASNtex', 'CGLYtex', 'CLIPAabctex', 'CYTDtex', 'ARGtex', 'EDTXS3', 'EDTXS4', 'G3PEtex', 'GMPR', 'INStex', 'I2FE2ST', 'ILEtex', 'LEUtex', 'LIPACabcpp', 'NTD4', 'NTPP2', 'PHEt2rpp', 'PHEtex', 'PROtex', 'S2FE2SR', 'S2FE2SS2', 'S4FE4SR', 'S4FE4ST', 'SERD_L', 'THRA', 'TYRt2rpp', 'TYRtex', 'URItex', 'VALtex']","['ETHAAL', 'GLYCtpp', 'GPDDA2', 'I2FE2SS', 'ICYSDS', 'NTD2', 'S2FE2SS', 'SCYSDS']",I4FE4SR,S2FE2SS2,0.004110338916378714,1,87,8,-19.0,-5.467830085205077e-05,iJO1366,PSL,False,False,0.0,0.0,4.0819348535166,0.0
200,"['BIOMASS_Ec_iJO1366_WT_53p95M', 'EX_glyc_e', 'EX_ile__L_e', 'EX_ins_e', 'EX_LalaDgluMdapDala_e', 'EX_kdo2lipid4_e', 'EX_leu__L_e', 'EX_lipa_cold_e', 'EX_adn_e', 'EX_arg__L_e', 'EX_asn__L_e', 'EX_cytd_e', 'EX_cgly_e', 'EX_phe__L_e', 'EX_pro__L_e', 'EX_val__L_e', 'EX_tyr__L_e', 'EX_uri_e', 'EX_g3pe_e', '4PCP', '4PEPTabcpp', '4PEPTtex', 'ADNK1', 'ALAGLUE', 'ADNtex', 'ASNN', 'AMPTASECG', 'ASNabcpp', 'ASNtex', 'CGLYabcpp', 'CGLYtex', 'CLIPAabctex', 'CYSDS', 'CYTDtex', 'ARGabcpp', 'ARGtex', 'EDTXS3', 'EDTXS4', 'ETHAAL', 'G3PEabcpp', 'G3PEtex', 'G3PT', 'H2SO', 'GLYCtex', 'GLYCtpp', 'GMPR', 'GPDDA2', 'INStex', 'Kabcpp', 'I2FE2SR', 'I2FE2SS', 'I2FE2SS2', 'I2FE2ST', 'I4FE4SR', 'I4FE4ST', 'ICYSDS', 'LADGMDH', 'ILEabcpp', 'ILEtex', 'LALGP', 'INSK', 'LEUabcpp', 'LEUtex', 'LIPACabcpp', 'NTD2', 'NTD4', 'NTPP2', 'OPHHX3', 'PHEt2rpp', 'PHEtex', 'PIuabcpp', 'PROabcpp', 'PROtex', 'S2FE2SR', 'S2FE2SS', 'S2FE2SS2', 'S2FE2ST', 'S4FE4SR', 'S4FE4ST', 'SCYSDS', 'SERD_L', 'THRA', 'TYRt2rpp', 'TYRtex', 'URItex', 'VALabcpp', 'VALtex']","[-7.688525531523741e-06, -1.6095077382554646e-06, 2.1705168887220516e-06, 1.4117143791736453e-06, 2.680042390516141e-06, -1.153749299754453e-06, 3.365867330129557e-06, 1.1537492997530956e-06, 1.5246812381519703e-06, 2.209836008270554e-06, 4.116194408321228e-06, 1.1949352938245283e-06, 3.5403191934952206e-06, 1.3840960547129022e-06, 1.6514799071202027e-06, 3.165827236278353e-06, 1.0319231427413644e-06, 1.077170054486487e-06, 1.8317819378002136e-06, -2.4680159219333104e-06, -2.4680159219333104e-06, -2.6800423711392796e-06, -1.5246812881675176e-06, -2.4680159640411148e-06, -1.5246812381519703e-06, -2.315295696025954e-06, -2.9257416243816815e-06, -4.116194408321228e-06, -4.1161944182022125e-06, -2.9257416243816815e-06, -3.540319198691577e-06, 1.1537492997530956e-06, -1.0941578565816339e-06, -1.1949352938245283e-06, -2.209836008270554e-06, -2.209835997746268e-06, 1.1537492997530956e-06, 1.1537492997530956e-06, -1.8884095100087176e-06, -2.3344631846500263e-06, -1.8317819012736436e-06, -1.5510017338764598e-06, -1.0941578565816339e-06, 1.6095077626232523e-06, -1.0904894907071139e-06, 1.409999808632545e-06, -1.8884095100087176e-06, -1.4117143791736453e-06, -1.4276823059486434e-06, -1.866520277051063e-06, -0.0002146499779428573, -0.00024264756681990836, 2.6131068599999993e-05, -0.00024264756681990836, -0.00024264756681990836, -0.0009164671070983374, -2.4680159219333104e-06, -2.1705168887220516e-06, -2.1705168364860583e-06, -2.4680159219333104e-06, -1.4117143498852246e-06, -3.365867330129557e-06, -3.365867314641946e-06, 1.1537492997530956e-06, 1.0771701155556923e-06, 1.1949352938245283e-06, 2.06000926722405e-06, -2.811137638998422e-06, -1.38409609462542e-06, -1.38409609462542e-06, -4.119045012206113e-06, -1.6514799071202366e-06, -1.6514799199285335e-06, 1.8665048999999998e-06, 0.00021464787897538718, 0.00024264563699999994, -2.613125312461275e-05, 0.00024264563699999994, 0.00024264563699999994, 0.0009164535368507744, 2.6174531823752565e-06, 1.895267674729303e-06, -1.0319231478206348e-06, -1.0319231478206348e-06, -1.077170054486487e-06, -3.165827236278353e-06, -3.1658272519052844e-06]","[7.688525531523741e-06, 1.6095077382554646e-06, 2.1705168887220516e-06, 1.4117143791736453e-06, 2.680042390516141e-06, 1.153749299754453e-06, 3.365867330129557e-06, 1.1537492997530956e-06, 1.5246812381519703e-06, 2.209836008270554e-06, 4.116194408321228e-06, 1.1949352938245283e-06, 3.5403191934952206e-06, 1.3840960547129022e-06, 1.6514799071202027e-06, 3.165827236278353e-06, 1.0319231427413644e-06, 1.077170054486487e-06, 1.8317819378002136e-06, 2.4680159219333104e-06, 2.4680159219333104e-06, 2.6800423711392796e-06, 1.5246812881675176e-06, 2.4680159640411148e-06, 1.5246812381519703e-06, 2.315295696025954e-06, 2.9257416243816815e-06, 4.116194408321228e-06, 4.1161944182022125e-06, 2.9257416243816815e-06, 3.540319198691577e-06, 1.1537492997530956e-06, 1.0941578565816339e-06, 1.1949352938245283e-06, 2.209836008270554e-06, 2.209835997746268e-06, 1.1537492997530956e-06, 1.1537492997530956e-06, 1.8884095100087176e-06, 2.3344631846500263e-06, 1.8317819012736436e-06, 1.5510017338764598e-06, 1.0941578565816339e-06, 1.6095077626232523e-06, 1.0904894907071139e-06, 1.409999808632545e-06, 1.8884095100087176e-06, 1.4117143791736453e-06, 1.4276823059486434e-06, 1.866520277051063e-06, 0.0002146499779428573, 0.00024264756681990836, 2.6131068599999993e-05, 0.00024264756681990836, 0.00024264756681990836, 0.0009164671070983374, 2.4680159219333104e-06, 2.1705168887220516e-06, 2.1705168364860583e-06, 2.4680159219333104e-06, 1.4117143498852246e-06, 3.365867330129557e-06, 3.365867314641946e-06, 1.1537492997530956e-06, 1.0771701155556923e-06, 1.1949352938245283e-06, 2.06000926722405e-06, 2.811137638998422e-06, 1.38409609462542e-06, 1.38409609462542e-06, 4.119045012206113e-06, 1.6514799071202366e-06, 1.6514799199285335e-06, 1.8665048999999998e-06, 0.00021464787897538718, 0.00024264563699999994, 2.613125312461275e-05, 0.00024264563699999994, 0.00024264563699999994, 0.0009164535368507744, 2.6174531823752565e-06, 1.895267674729303e-06, 1.0319231478206348e-06, 1.0319231478206348e-06, 1.077170054486487e-06, 3.165827236278353e-06, 3.1658272519052844e-06]","['BIOMASS_Ec_iJO1366_WT_53p95M', 'EX_glyc_e', 'EX_kdo2lipid4_e', '4PCP', '4PEPTabcpp', 'ADNK1', 'ALAGLUE', 'ASNN', 'AMPTASECG', 'ASNabcpp', 'CGLYabcpp', 'CYSDS', 'ARGabcpp', 'G3PEabcpp', 'G3PT', 'H2SO', 'GLYCtex', 'Kabcpp', 'I2FE2SR', 'I2FE2SS2', 'I4FE4SR', 'I4FE4ST', 'LADGMDH', 'ILEabcpp', 'LALGP', 'INSK', 'LEUabcpp', 'OPHHX3', 'PIuabcpp', 'PROabcpp', 'S2FE2ST', 'VALabcpp']","['EX_ile__L_e', 'EX_ins_e', 'EX_LalaDgluMdapDala_e', 'EX_leu__L_e', 'EX_lipa_cold_e', 'EX_adn_e', 'EX_arg__L_e', 'EX_asn__L_e', 'EX_cytd_e', 'EX_cgly_e', 'EX_phe__L_e', 'EX_pro__L_e', 'EX_val__L_e', 'EX_tyr__L_e', 'EX_uri_e', 'EX_g3pe_e', '4PEPTtex', 'ADNtex', 'ASNtex', 'CGLYtex', 'CLIPAabctex', 'CYTDtex', 'ARGtex', 'EDTXS3', 'EDTXS4', 'G3PEtex', 'GMPR', 'INStex', 'I2FE2ST', 'ILEtex', 'LEUtex', 'LIPACabcpp', 'NTD4', 'NTPP2', 'PHEt2rpp', 'PHEtex', 'PROtex', 'S2FE2SR', 'S2FE2SS2', 'S4FE4SR', 'S4FE4ST', 'SERD_L', 'THRA', 'TYRt2rpp', 'TYRtex', 'URItex', 'VALtex']","['ETHAAL', 'GLYCtpp', 'GPDDA2', 'I2FE2SS', 'ICYSDS', 'NTD2', 'S2FE2SS', 'SCYSDS']",I4FE4SR,S4FE4SR,0.004110338916378714,1,87,8,-19.0,-5.467830085205077e-05,iJO1366,PSL,False,False,0.0,0.0,4.0819348535166,0.0
201,"['BIOMASS_Ec_iJO1366_WT_53p95M', 'EX_glyc_e', 'EX_ile__L_e', 'EX_ins_e', 'EX_LalaDgluMdapDala_e', 'EX_kdo2lipid4_e', 'EX_leu__L_e', 'EX_lipa_cold_e', 'EX_adn_e', 'EX_arg__L_e', 'EX_asn__L_e', 'EX_cytd_e', 'EX_cgly_e', 'EX_phe__L_e', 'EX_pro__L_e', 'EX_val__L_e', 'EX_tyr__L_e', 'EX_uri_e', 'EX_g3pe_e', '4PCP', '4PEPTabcpp', '4PEPTtex', 'ADNK1', 'ALAGLUE', 'ADNtex', 'ASNN', 'AMPTASECG', 'ASNabcpp', 'ASNtex', 'CGLYabcpp', 'CGLYtex', 'CLIPAabctex', 'CYSDS', 'CYTDtex', 'ARGabcpp', 'ARGtex', 'EDTXS3', 'EDTXS4', 'ETHAAL', 'G3PEabcpp', 'G3PEtex', 'G3PT', 'H2SO', 'GLYCtex', 'GLYCtpp', 'GMPR', 'GPDDA2', 'INStex', 'Kabcpp', 'I2FE2SR', 'I2FE2SS', 'I2FE2SS2', 'I2FE2ST', 'I4FE4SR', 'I4FE4ST', 'ICYSDS', 'LADGMDH', 'ILEabcpp', 'ILEtex', 'LALGP', 'INSK', 'LEUabcpp', 'LEUtex', 'LIPACabcpp', 'NTD2', 'NTD4', 'NTPP2', 'OPHHX3', 'PHEt2rpp', 'PHEtex', 'PIuabcpp', 'PROabcpp', 'PROtex', 'S2FE2SR', 'S2FE2SS', 'S2FE2SS2', 'S2FE2ST', 'S4FE4SR', 'S4FE4ST', 'SCYSDS', 'SERD_L', 'THRA', 'TYRt2rpp', 'TYRtex', 'URItex', 'VALabcpp', 'VALtex']","[-7.688525531523741e-06, -1.6095077382554646e-06, 2.1705168887220516e-06, 1.4117143791736453e-06, 2.680042390516141e-06, -1.153749299754453e-06, 3.365867330129557e-06, 1.1537492997530956e-06, 1.5246812381519703e-06, 2.209836008270554e-06, 4.116194408321228e-06, 1.1949352938245283e-06, 3.5403191934952206e-06, 1.3840960547129022e-06, 1.6514799071202027e-06, 3.165827236278353e-06, 1.0319231427413644e-06, 1.077170054486487e-06, 1.8317819378002136e-06, -2.4680159219333104e-06, -2.4680159219333104e-06, -2.6800423711392796e-06, -1.5246812881675176e-06, -2.4680159640411148e-06, -1.5246812381519703e-06, -2.315295696025954e-06, -2.9257416243816815e-06, -4.116194408321228e-06, -4.1161944182022125e-06, -2.9257416243816815e-06, -3.540319198691577e-06, 1.1537492997530956e-06, -1.0941578565816339e-06, -1.1949352938245283e-06, -2.209836008270554e-06, -2.209835997746268e-06, 1.1537492997530956e-06, 1.1537492997530956e-06, -1.8884095100087176e-06, -2.3344631846500263e-06, -1.8317819012736436e-06, -1.5510017338764598e-06, -1.0941578565816339e-06, 1.6095077626232523e-06, -1.0904894907071139e-06, 1.409999808632545e-06, -1.8884095100087176e-06, -1.4117143791736453e-06, -1.4276823059486434e-06, -1.866520277051063e-06, -0.0002146499779428573, -0.00024264756681990836, 2.6131068599999993e-05, -0.00024264756681990836, -0.00024264756681990836, -0.0009164671070983374, -2.4680159219333104e-06, -2.1705168887220516e-06, -2.1705168364860583e-06, -2.4680159219333104e-06, -1.4117143498852246e-06, -3.365867330129557e-06, -3.365867314641946e-06, 1.1537492997530956e-06, 1.0771701155556923e-06, 1.1949352938245283e-06, 2.06000926722405e-06, -2.811137638998422e-06, -1.38409609462542e-06, -1.38409609462542e-06, -4.119045012206113e-06, -1.6514799071202366e-06, -1.6514799199285335e-06, 1.8665048999999998e-06, 0.00021464787897538718, 0.00024264563699999994, -2.613125312461275e-05, 0.00024264563699999994, 0.00024264563699999994, 0.0009164535368507744, 2.6174531823752565e-06, 1.895267674729303e-06, -1.0319231478206348e-06, -1.0319231478206348e-06, -1.077170054486487e-06, -3.165827236278353e-06, -3.1658272519052844e-06]","[7.688525531523741e-06, 1.6095077382554646e-06, 2.1705168887220516e-06, 1.4117143791736453e-06, 2.680042390516141e-06, 1.153749299754453e-06, 3.365867330129557e-06, 1.1537492997530956e-06, 1.5246812381519703e-06, 2.209836008270554e-06, 4.116194408321228e-06, 1.1949352938245283e-06, 3.5403191934952206e-06, 1.3840960547129022e-06, 1.6514799071202027e-06, 3.165827236278353e-06, 1.0319231427413644e-06, 1.077170054486487e-06, 1.8317819378002136e-06, 2.4680159219333104e-06, 2.4680159219333104e-06, 2.6800423711392796e-06, 1.5246812881675176e-06, 2.4680159640411148e-06, 1.5246812381519703e-06, 2.315295696025954e-06, 2.9257416243816815e-06, 4.116194408321228e-06, 4.1161944182022125e-06, 2.9257416243816815e-06, 3.540319198691577e-06, 1.1537492997530956e-06, 1.0941578565816339e-06, 1.1949352938245283e-06, 2.209836008270554e-06, 2.209835997746268e-06, 1.1537492997530956e-06, 1.1537492997530956e-06, 1.8884095100087176e-06, 2.3344631846500263e-06, 1.8317819012736436e-06, 1.5510017338764598e-06, 1.0941578565816339e-06, 1.6095077626232523e-06, 1.0904894907071139e-06, 1.409999808632545e-06, 1.8884095100087176e-06, 1.4117143791736453e-06, 1.4276823059486434e-06, 1.866520277051063e-06, 0.0002146499779428573, 0.00024264756681990836, 2.6131068599999993e-05, 0.00024264756681990836, 0.00024264756681990836, 0.0009164671070983374, 2.4680159219333104e-06, 2.1705168887220516e-06, 2.1705168364860583e-06, 2.4680159219333104e-06, 1.4117143498852246e-06, 3.365867330129557e-06, 3.365867314641946e-06, 1.1537492997530956e-06, 1.0771701155556923e-06, 1.1949352938245283e-06, 2.06000926722405e-06, 2.811137638998422e-06, 1.38409609462542e-06, 1.38409609462542e-06, 4.119045012206113e-06, 1.6514799071202366e-06, 1.6514799199285335e-06, 1.8665048999999998e-06, 0.00021464787897538718, 0.00024264563699999994, 2.613125312461275e-05, 0.00024264563699999994, 0.00024264563699999994, 0.0009164535368507744, 2.6174531823752565e-06, 1.895267674729303e-06, 1.0319231478206348e-06, 1.0319231478206348e-06, 1.077170054486487e-06, 3.165827236278353e-06, 3.1658272519052844e-06]","['BIOMASS_Ec_iJO1366_WT_53p95M', 'EX_glyc_e', 'EX_kdo2lipid4_e', '4PCP', '4PEPTabcpp', 'ADNK1', 'ALAGLUE', 'ASNN', 'AMPTASECG', 'ASNabcpp', 'CGLYabcpp', 'CYSDS', 'ARGabcpp', 'G3PEabcpp', 'G3PT', 'H2SO', 'GLYCtex', 'Kabcpp', 'I2FE2SR', 'I2FE2SS2', 'I4FE4SR', 'I4FE4ST', 'LADGMDH', 'ILEabcpp', 'LALGP', 'INSK', 'LEUabcpp', 'OPHHX3', 'PIuabcpp', 'PROabcpp', 'S2FE2ST', 'VALabcpp']","['EX_ile__L_e', 'EX_ins_e', 'EX_LalaDgluMdapDala_e', 'EX_leu__L_e', 'EX_lipa_cold_e', 'EX_adn_e', 'EX_arg__L_e', 'EX_asn__L_e', 'EX_cytd_e', 'EX_cgly_e', 'EX_phe__L_e', 'EX_pro__L_e', 'EX_val__L_e', 'EX_tyr__L_e', 'EX_uri_e', 'EX_g3pe_e', '4PEPTtex', 'ADNtex', 'ASNtex', 'CGLYtex', 'CLIPAabctex', 'CYTDtex', 'ARGtex', 'EDTXS3', 'EDTXS4', 'G3PEtex', 'GMPR', 'INStex', 'I2FE2ST', 'ILEtex', 'LEUtex', 'LIPACabcpp', 'NTD4', 'NTPP2', 'PHEt2rpp', 'PHEtex', 'PROtex', 'S2FE2SR', 'S2FE2SS2', 'S4FE4SR', 'S4FE4ST', 'SERD_L', 'THRA', 'TYRt2rpp', 'TYRtex', 'URItex', 'VALtex']","['ETHAAL', 'GLYCtpp', 'GPDDA2', 'I2FE2SS', 'ICYSDS', 'NTD2', 'S2FE2SS', 'SCYSDS']",I4FE4SR,S4FE4ST,0.004110338916378714,1,87,8,-19.0,-5.467830085205077e-05,iJO1366,PSL,False,False,0.0,0.0,4.0819348535166,0.0
202,"['BIOMASS_Ec_iJO1366_WT_53p95M', 'EX_glyc_e', 'EX_ile__L_e', 'EX_LalaDgluMdapDala_e', 'EX_kdo2lipid4_e', 'EX_leu__L_e', 'EX_adn_e', 'EX_arg__L_e', 'EX_asn__L_e', 'EX_cytd_e', 'EX_cgly_e', 'EX_phe__L_e', 'EX_pro__L_e', 'EX_val__L_e', 'EX_tyr__L_e', 'EX_uri_e', 'EX_g3pe_e', '4PCP', '4PEPTabcpp', '4PEPTtex', 'ADNK1', 'ALAGLUE', 'ADNtex', 'AMPTASECG', 'ASNabcpp', 'ASNtex', 'CGLYabcpp', 'CGLYtex', 'CYSDS', 'CYTDtex', 'DHBD', 'DHBSH', 'ARGabcpp', 'ARGtex', 'ETHAAL', 'G3PEabcpp', 'G3PEtex', 'G3PT', 'GLCP', 'H2SO', 'GLYCtex', 'GLYCtpp', 'GMPR', 'GPDDA2', 'Kabcpp', 'I2FE2SR', 'I2FE2SS', 'I2FE2SS2', 'I4FE4SR', 'I4FE4ST', 'ICHORS_copy1', 'ICHORT', 'ICYSDS', 'LADGMDH', 'ILEabcpp', 'ILEtex', 'LALGP', 'LEUabcpp', 'LEUtex', 'NTD2', 'NTPP2', 'NTPP4', 'NTPP8', 'OPHHX3', 'PGMT', 'PHEt2rpp', 'PHEtex', 'PIuabcpp', 'PROabcpp', 'PROtex', 'S2FE2SR', 'S2FE2SS', 'S2FE2SS2', 'S4FE4SR', 'S4FE4ST', 'SCYSDS', 'SERD_L', 'THRA', 'TYRt2rpp', 'TYRtex', 'URItex', 'VALabcpp', 'VALtex']","[-8.181766579910025e-06, -2.7084127141646987e-06, 2.309761796104315e-06, 3.250256136195945e-06, -1.0811222723554337e-06, 3.581797409835108e-06, 1.9155735344611458e-06, 2.3516033503977397e-06, 1.916431549536801e-06, 1.2715937600660254e-06, 2.741085775700676e-06, 1.4728898014848557e-06, 2.5322260810423103e-06, 3.368924012647767e-06, 1.0981239833007805e-06, 1.1389756764401682e-06, 3.1645779839397128e-06, -2.637228067602776e-06, -2.637228067602776e-06, -3.250256099818216e-06, -1.915573508620705e-06, -3.0246276310208486e-06, -1.9155735344611458e-06, -2.741085775700676e-06, -1.916431549536801e-06, -1.916431529025431e-06, -2.741085775700676e-06, -2.7410857228460372e-06, -1.0423873682372398e-06, -1.2715937600660254e-06, 1.3780199878965504e-06, -1.3780199678804436e-06, -2.3516033503977397e-06, -2.3516033706982853e-06, -2.182065228015091e-06, -3.020309404072245e-06, -3.1645779472455615e-06, -2.321360276110724e-06, 1.261522043656587e-06, -1.0423873682372398e-06, 2.7084126941190334e-06, -2.514728635105712e-06, 1.269643529930021e-06, -2.182065228015091e-06, -1.5192722362234925e-06, -1.8665212635331596e-06, -0.0002407813657222763, -0.0002426476906234115, -0.0002426476906234115, -0.0002426476906234115, 1.374370867779362e-06, 1.3780199678804436e-06, -0.0009687304839180134, -3.0246275592202336e-06, -2.309761796104315e-06, -2.3097618395695463e-06, -3.0246275592202336e-06, -3.581797409835108e-06, -3.581797386686958e-06, 1.1389756376378735e-06, 1.991039596943578e-06, 1.1281675824648119e-06, 1.1389756376378735e-06, -3.645552860262382e-06, 1.261522015738592e-06, -1.4728898349858355e-06, -1.4728898349858355e-06, -3.7141045457628197e-06, -2.5322260810423103e-06, -2.532226062612608e-06, 1.8665048999999998e-06, 0.00024077913209999993, 0.00024264563699999994, 0.00024264563699999994, 0.00024264563699999994, 0.0009687160430999998, 2.5774613834579794e-06, 2.182065227951391e-06, -1.0981240166074713e-06, -1.0981240166074713e-06, -1.1389756764401682e-06, -3.368924012647767e-06, -3.368924012647767e-06]","[8.181766579910025e-06, 2.7084127141646987e-06, 2.309761796104315e-06, 3.250256136195945e-06, 1.0811222723554337e-06, 3.581797409835108e-06, 1.9155735344611458e-06, 2.3516033503977397e-06, 1.916431549536801e-06, 1.2715937600660254e-06, 2.741085775700676e-06, 1.4728898014848557e-06, 2.5322260810423103e-06, 3.368924012647767e-06, 1.0981239833007805e-06, 1.1389756764401682e-06, 3.1645779839397128e-06, 2.637228067602776e-06, 2.637228067602776e-06, 3.250256099818216e-06, 1.915573508620705e-06, 3.0246276310208486e-06, 1.9155735344611458e-06, 2.741085775700676e-06, 1.916431549536801e-06, 1.916431529025431e-06, 2.741085775700676e-06, 2.7410857228460372e-06, 1.0423873682372398e-06, 1.2715937600660254e-06, 1.3780199878965504e-06, 1.3780199678804436e-06, 2.3516033503977397e-06, 2.3516033706982853e-06, 2.182065228015091e-06, 3.020309404072245e-06, 3.1645779472455615e-06, 2.321360276110724e-06, 1.261522043656587e-06, 1.0423873682372398e-06, 2.7084126941190334e-06, 2.514728635105712e-06, 1.269643529930021e-06, 2.182065228015091e-06, 1.5192722362234925e-06, 1.8665212635331596e-06, 0.0002407813657222763, 0.0002426476906234115, 0.0002426476906234115, 0.0002426476906234115, 1.374370867779362e-06, 1.3780199678804436e-06, 0.0009687304839180134, 3.0246275592202336e-06, 2.309761796104315e-06, 2.3097618395695463e-06, 3.0246275592202336e-06, 3.581797409835108e-06, 3.581797386686958e-06, 1.1389756376378735e-06, 1.991039596943578e-06, 1.1281675824648119e-06, 1.1389756376378735e-06, 3.645552860262382e-06, 1.261522015738592e-06, 1.4728898349858355e-06, 1.4728898349858355e-06, 3.7141045457628197e-06, 2.5322260810423103e-06, 2.532226062612608e-06, 1.8665048999999998e-06, 0.00024077913209999993, 0.00024264563699999994, 0.00024264563699999994, 0.00024264563699999994, 0.0009687160430999998, 2.5774613834579794e-06, 2.182065227951391e-06, 1.0981240166074713e-06, 1.0981240166074713e-06, 1.1389756764401682e-06, 3.368924012647767e-06, 3.368924012647767e-06]","['BIOMASS_Ec_iJO1366_WT_53p95M', 'EX_glyc_e', 'EX_kdo2lipid4_e', '4PCP', '4PEPTabcpp', 'ADNK1', 'AMPTASECG', 'ASNabcpp', 'CGLYabcpp', 'CYSDS', 'DHBSH', 'ARGabcpp', 'G3PEabcpp', 'H2SO', 'GLYCtex', 'Kabcpp', 'I2FE2SR', 'I2FE2SS2', 'I4FE4SR', 'I4FE4ST', 'ILEabcpp', 'LEUabcpp', 'OPHHX3', 'PGMT', 'PIuabcpp', 'PROabcpp', 'VALabcpp']","['EX_ile__L_e', 'EX_LalaDgluMdapDala_e', 'EX_leu__L_e', 'EX_adn_e', 'EX_arg__L_e', 'EX_asn__L_e', 'EX_cytd_e', 'EX_cgly_e', 'EX_phe__L_e', 'EX_pro__L_e', 'EX_val__L_e', 'EX_tyr__L_e', 'EX_uri_e', 'EX_g3pe_e', '4PEPTtex', 'ADNtex', 'ASNtex', 'CGLYtex', 'CYTDtex', 'DHBD', 'ARGtex', 'G3PEtex', 'GLCP', 'GMPR', 'ICHORT', 'ILEtex', 'LEUtex', 'NTD2', 'NTPP2', 'NTPP4', 'NTPP8', 'PHEt2rpp', 'PHEtex', 'PROtex', 'S2FE2SR', 'S2FE2SS', 'S2FE2SS2', 'S4FE4SR', 'S4FE4ST', 'SCYSDS', 'SERD_L', 'THRA', 'TYRt2rpp', 'TYRtex', 'URItex', 'VALtex']","['ALAGLUE', 'ETHAAL', 'G3PT', 'GLYCtpp', 'GPDDA2', 'I2FE2SS', 'ICHORS_copy1', 'ICYSDS', 'LADGMDH', 'LALGP']",I4FE4SR,SCYSDS,0.004236883951490673,1,83,10,-17.0,-5.614605212372046e-05,iJO1366,PSL,False,False,0.0,0.0,4.0819348535166,0.0
203,"['BIOMASS_Ec_iJO1366_WT_53p95M', 'EX_glyc_e', 'EX_gthrd_e', 'EX_ile__L_e', 'EX_ins_e', 'EX_LalaDgluMdapDala_e', 'EX_kdo2lipid4_e', 'EX_leu__L_e', 'EX_lipa_cold_e', 'EX_adn_e', 'EX_arg__L_e', 'EX_asn__L_e', 'EX_cytd_e', 'EX_cgly_e', 'EX_phe__L_e', 'EX_pro__L_e', 'EX_val__L_e', 'EX_uri_e', 'EX_g3pe_e', '4PCP', '4PEPTabcpp', '4PEPTtex', 'ADNK1', 'ALAGLUE', 'ADNtex', 'AGDC', 'AMPTASECG', 'ASNabcpp', 'ASNtex', 'CGLYabcpp', 'CGLYtex', 'CLIPAabctex', 'CYTDtex', 'DAAD', 'DHBSH', 'ARGabcpp', 'ARGtex', 'EDTXS3', 'EDTXS4', 'ETHAAL', 'FA140ACPHi', 'FACOAE140', 'FACOAL160t2pp', 'G3PEabcpp', 'G3PEtex', 'G3PT', 'GLCP', 'GLUabcpp', 'H2SO', 'GLYCtex', 'GLYCtpp', 'GMPR', 'GPDDA2', 'GTHRDHpp', 'GTHRDtex', 'INStex', 'Kabcpp', 'I2FE2SS', 'I2FE2SS2', 'I4FE4SR', 'I4FE4ST', 'ICYSDS', 'LADGMDH', 'ILEabcpp', 'ILEtex', 'LALGP', 'INSK', 'LEUabcpp', 'LEUtex', 'LIPACabcpp', 'NTD2', 'NTPP2', 'NTPP4', 'NTPP8', 'OPHHX3', 'PGMT', 'PHEt2rpp', 'PHEtex', 'PIuabcpp', 'PROabcpp', 'PROtex', 'S2FE2SS', 'S2FE2SS2', 'S4FE4SR', 'S4FE4ST', 'SCYSDS', 'SERD_L', 'THRA', 'URItex', 'VALabcpp', 'VALtex']","[-8.074221926968946e-06, -1.3096473216078916e-06, 1.6371556490520105e-06, 2.2794012953148954e-06, 1.930207304212672e-06, 2.9149959711836926e-06, -1.0669115370030846e-06, 3.534716726760756e-06, 1.0669115370030846e-06, 1.6011703110052622e-06, 2.320692866264462e-06, 2.504037577222115e-06, 1.048082253873872e-06, 1.2748887782993156e-06, 1.4535295055148765e-06, 1.7343267214586788e-06, 3.3246415837894297e-06, 1.3308012967172544e-06, 2.614796850758331e-06, -2.0698630112903223e-06, -2.0698630112903223e-06, -2.9149960028007627e-06, -1.601170337733917e-06, -2.692333168852201e-06, -1.6011703110052622e-06, -1.2449402836272387e-06, -2.910243875861612e-06, -2.504037577222115e-06, -2.504037524886371e-06, -2.910243875861612e-06, -1.274888745683711e-06, 1.0669115370030846e-06, -1.048082253873872e-06, -1.245914604611209e-06, -1.4447279577234267e-06, -2.320692866264462e-06, -2.3206928290164797e-06, 1.0669115370030846e-06, 1.0669115370030846e-06, -2.361750735568298e-06, -1.328379293036308e-06, 1.328379293036308e-06, 1.2408870242198878e-06, -2.09789716064101e-06, -2.614796812849818e-06, -1.3851735935127591e-06, 1.2449400562535608e-06, -1.6353550975622966e-06, -1.2338739562300916e-06, 1.3096472457618802e-06, -1.2816298067264142e-06, 1.9284067024719024e-06, -2.361750735568298e-06, -1.6353550975622966e-06, -1.6371556057492853e-06, -1.930207304212672e-06, -1.4993022696188635e-06, -0.000240781336362586, -0.00024078114258125976, -0.00024078114258125976, -0.00024078114258125976, -0.0009631307309563694, -2.6923331531039414e-06, -2.2794012953148954e-06, -2.279401314808638e-06, -2.6923331531039414e-06, -1.9302072540305915e-06, -3.5347167267446115e-06, -3.534716711328656e-06, 1.0669115370030846e-06, 1.330801332258269e-06, 1.9648661120641453e-06, 1.1996194116737325e-06, 1.3308013322721468e-06, -3.90493976354378e-06, 1.2449404493963812e-06, -1.4535295349560329e-06, -1.4535295349560329e-06, -4.1241302550787395e-06, -1.7343267214690755e-06, -1.7343267018077313e-06, 0.00024077913209999993, 0.00024077911595155608, 0.00024077911595155608, 0.00024077911595155608, 0.0009631164799546682, 1.637035199293646e-06, 2.361750735567344e-06, -1.3308012967172544e-06, -3.3246415837894297e-06, -3.324641625113145e-06]","[8.074221926968946e-06, 1.3096473216078916e-06, 1.6371556490520105e-06, 2.2794012953148954e-06, 1.930207304212672e-06, 2.9149959711836926e-06, 1.0669115370030846e-06, 3.534716726760756e-06, 1.0669115370030846e-06, 1.6011703110052622e-06, 2.320692866264462e-06, 2.504037577222115e-06, 1.048082253873872e-06, 1.2748887782993156e-06, 1.4535295055148765e-06, 1.7343267214586788e-06, 3.3246415837894297e-06, 1.3308012967172544e-06, 2.614796850758331e-06, 2.0698630112903223e-06, 2.0698630112903223e-06, 2.9149960028007627e-06, 1.601170337733917e-06, 2.692333168852201e-06, 1.6011703110052622e-06, 1.2449402836272387e-06, 2.910243875861612e-06, 2.504037577222115e-06, 2.504037524886371e-06, 2.910243875861612e-06, 1.274888745683711e-06, 1.0669115370030846e-06, 1.048082253873872e-06, 1.245914604611209e-06, 1.4447279577234267e-06, 2.320692866264462e-06, 2.3206928290164797e-06, 1.0669115370030846e-06, 1.0669115370030846e-06, 2.361750735568298e-06, 1.328379293036308e-06, 1.328379293036308e-06, 1.2408870242198878e-06, 2.09789716064101e-06, 2.614796812849818e-06, 1.3851735935127591e-06, 1.2449400562535608e-06, 1.6353550975622966e-06, 1.2338739562300916e-06, 1.3096472457618802e-06, 1.2816298067264142e-06, 1.9284067024719024e-06, 2.361750735568298e-06, 1.6353550975622966e-06, 1.6371556057492853e-06, 1.930207304212672e-06, 1.4993022696188635e-06, 0.000240781336362586, 0.00024078114258125976, 0.00024078114258125976, 0.00024078114258125976, 0.0009631307309563694, 2.6923331531039414e-06, 2.2794012953148954e-06, 2.279401314808638e-06, 2.6923331531039414e-06, 1.9302072540305915e-06, 3.5347167267446115e-06, 3.534716711328656e-06, 1.0669115370030846e-06, 1.330801332258269e-06, 1.9648661120641453e-06, 1.1996194116737325e-06, 1.3308013322721468e-06, 3.90493976354378e-06, 1.2449404493963812e-06, 1.4535295349560329e-06, 1.4535295349560329e-06, 4.1241302550787395e-06, 1.7343267214690755e-06, 1.7343267018077313e-06, 0.00024077913209999993, 0.00024077911595155608, 0.00024077911595155608, 0.00024077911595155608, 0.0009631164799546682, 1.637035199293646e-06, 2.361750735567344e-06, 1.3308012967172544e-06, 3.3246415837894297e-06, 3.324641625113145e-06]","['BIOMASS_Ec_iJO1366_WT_53p95M', 'EX_kdo2lipid4_e', '4PCP', '4PEPTabcpp', 'ADNK1', 'ALAGLUE', 'AGDC', 'AMPTASECG', 'ASNabcpp', 'CGLYabcpp', 'DAAD', 'DHBSH', 'ARGabcpp', 'FA140ACPHi', 'G3PEabcpp', 'G3PT', 'GLUabcpp', 'H2SO', 'GLYCtpp', 'Kabcpp', 'I2FE2SS2', 'I4FE4SR', 'I4FE4ST', 'LADGMDH', 'ILEabcpp', 'LALGP', 'INSK', 'LEUabcpp', 'OPHHX3', 'PIuabcpp', 'PROabcpp', 'VALabcpp']","['EX_gthrd_e', 'EX_ile__L_e', 'EX_ins_e', 'EX_LalaDgluMdapDala_e', 'EX_leu__L_e', 'EX_lipa_cold_e', 'EX_adn_e', 'EX_arg__L_e', 'EX_asn__L_e', 'EX_cytd_e', 'EX_cgly_e', 'EX_phe__L_e', 'EX_pro__L_e', 'EX_val__L_e', 'EX_uri_e', 'EX_g3pe_e', '4PEPTtex', 'ADNtex', 'ASNtex', 'CGLYtex', 'CLIPAabctex', 'CYTDtex', 'ARGtex', 'EDTXS3', 'EDTXS4', 'FACOAE140', 'G3PEtex', 'GLCP', 'GMPR', 'GTHRDtex', 'INStex', 'ILEtex', 'LEUtex', 'LIPACabcpp', 'NTD2', 'NTPP2', 'NTPP4', 'NTPP8', 'PHEt2rpp', 'PHEtex', 'PROtex', 'S2FE2SS', 'SERD_L', 'THRA', 'URItex', 'VALtex']","['EX_glyc_e', 'ETHAAL', 'FACOAL160t2pp', 'GLYCtex', 'GPDDA2', 'GTHRDHpp', 'I2FE2SS', 'ICYSDS', 'PGMT', 'S2FE2SS2', 'S4FE4SR', 'S4FE4ST', 'SCYSDS']",I4FE4ST,S2FE2SS,0.004206379981728107,1,91,13,-17.0,-5.452174100057574e-05,iJO1366,PSL,False,False,0.0,0.0,0.015777873684208,0.0
204,"['BIOMASS_Ec_iJO1366_WT_53p95M', 'EX_glyc_e', 'EX_ile__L_e', 'EX_ins_e', 'EX_LalaDgluMdapDala_e', 'EX_leu__L_e', 'EX_adn_e', 'EX_arg__L_e', 'EX_asn__L_e', 'EX_cytd_e', 'EX_cgly_e', 'EX_phe__L_e', 'EX_pro__L_e', 'EX_val__L_e', 'EX_tyr__L_e', 'EX_uri_e', 'EX_g3pe_e', '4PCP', '4PEPTabcpp', '4PEPTtex', 'ADNK1', 'ALAGLUE', 'ADNtex', 'ASNS1', 'AMPTASECG', 'ASNabcpp', 'ASNtex', 'CGLYabcpp', 'CGLYtex', 'CYSDS', 'CYTDtex', 'DAAD', 'ARGabcpp', 'ARGtex', 'ETHAAL', 'FA161ACPHi', 'G3PEabcpp', 'G3PEtex', 'G3PT', 'H2SO', 'GLYCtex', 'GLYCtpp', 'GMPR', 'GPDDA2', 'INStex', 'Kabcpp', 'I2FE2SR', 'I2FE2SS', 'I2FE2SS2', 'I2FE2ST', 'I4FE4SR', 'I4FE4ST', 'ICYSDS', 'LADGMDH', 'ILEabcpp', 'ILEtex', 'LALGP', 'INSK', 'LEUabcpp', 'LEUtex', 'NTD2', 'NTD4', 'NTPP2', 'OPHHX3', 'PHEt2rpp', 'PHEtex', 'PIuabcpp', 'PROabcpp', 'PROtex', 'S2FE2SR', 'S2FE2SS', 'S2FE2SS2', 'S2FE2ST', 'S4FE4SR', 'S4FE4ST', 'SCYSDS', 'SERD_L', 'THRA', 'TYRt2rpp', 'TYRtex', 'URItex', 'VALabcpp', 'VALtex']","[-7.688600030865933e-06, -1.72475775593093e-06, 2.170537920313638e-06, 1.8204990510639618e-06, 2.5601527299590937e-06, 2.534598289472001e-06, 1.1088809515058529e-06, 2.2098574208714863e-06, 3.4385231979516817e-06, 1.188088504022744e-06, 4.0497487465090685e-06, 1.3841094661515285e-06, 1.651495909436862e-06, 3.997159524260496e-06, 1.0319331417429911e-06, 1.0771805136755574e-06, 2.775528540874251e-06, -2.3481242069115772e-06, -2.3481242069115772e-06, -2.560152779551572e-06, -1.5229648045217599e-06, -2.3481242124034907e-06, -1.1088809515058529e-06, 1.1826040736809054e-06, -3.313571895474071e-06, -3.4385231979516817e-06, -3.438523208387778e-06, -3.313571895474071e-06, -4.049748781653761e-06, -1.5279787058435556e-06, -1.188088504022744e-06, -1.7077766187867383e-06, -2.2098574208714863e-06, -2.2098573708717595e-06, -1.895286039208638e-06, -1.3437520046122309e-06, -2.8941774223186934e-06, -2.7755285145758535e-06, -1.8057494686560717e-06, -1.5279787058435556e-06, 1.7247577943635406e-06, -1.805749434424797e-06, 1.8187844402495212e-06, -1.895286039208638e-06, -1.8204990510639618e-06, -1.427696139731495e-06, -1.8665202772000616e-06, -0.00021464997796140763, -0.00024264756683860768, 2.6131068599999993e-05, -0.00024264756683860768, -0.00024264756683860768, -0.0009164671072262529, -2.3481242069115772e-06, -2.170537920313638e-06, -2.170537868551037e-06, -2.3481242069115772e-06, -1.8204989981618347e-06, -2.534598289472001e-06, -2.5345982521685073e-06, 1.0947027641317053e-06, 1.188088504022744e-06, 1.666584319603981e-06, -4.395462800746864e-06, -1.384109509672271e-06, -1.384109509672271e-06, -3.298289565911716e-06, -1.651495909436862e-06, -1.6514959497726522e-06, 1.8665048999999998e-06, 0.0002146478789735992, 0.00024264563699999994, -2.6131253126400734e-05, 0.00024264563699999994, 0.00024264563699999994, 0.0009164535368471983, 2.408831323810756e-06, 1.8952860392086381e-06, -1.0319331522623543e-06, -1.0319331522623543e-06, -1.0771805136755574e-06, -3.997159524260496e-06, -3.997159524260496e-06]","[7.688600030865933e-06, 1.72475775593093e-06, 2.170537920313638e-06, 1.8204990510639618e-06, 2.5601527299590937e-06, 2.534598289472001e-06, 1.1088809515058529e-06, 2.2098574208714863e-06, 3.4385231979516817e-06, 1.188088504022744e-06, 4.0497487465090685e-06, 1.3841094661515285e-06, 1.651495909436862e-06, 3.997159524260496e-06, 1.0319331417429911e-06, 1.0771805136755574e-06, 2.775528540874251e-06, 2.3481242069115772e-06, 2.3481242069115772e-06, 2.560152779551572e-06, 1.5229648045217599e-06, 2.3481242124034907e-06, 1.1088809515058529e-06, 1.1826040736809054e-06, 3.313571895474071e-06, 3.4385231979516817e-06, 3.438523208387778e-06, 3.313571895474071e-06, 4.049748781653761e-06, 1.5279787058435556e-06, 1.188088504022744e-06, 1.7077766187867383e-06, 2.2098574208714863e-06, 2.2098573708717595e-06, 1.895286039208638e-06, 1.3437520046122309e-06, 2.8941774223186934e-06, 2.7755285145758535e-06, 1.8057494686560717e-06, 1.5279787058435556e-06, 1.7247577943635406e-06, 1.805749434424797e-06, 1.8187844402495212e-06, 1.895286039208638e-06, 1.8204990510639618e-06, 1.427696139731495e-06, 1.8665202772000616e-06, 0.00021464997796140763, 0.00024264756683860768, 2.6131068599999993e-05, 0.00024264756683860768, 0.00024264756683860768, 0.0009164671072262529, 2.3481242069115772e-06, 2.170537920313638e-06, 2.170537868551037e-06, 2.3481242069115772e-06, 1.8204989981618347e-06, 2.534598289472001e-06, 2.5345982521685073e-06, 1.0947027641317053e-06, 1.188088504022744e-06, 1.666584319603981e-06, 4.395462800746864e-06, 1.384109509672271e-06, 1.384109509672271e-06, 3.298289565911716e-06, 1.651495909436862e-06, 1.6514959497726522e-06, 1.8665048999999998e-06, 0.0002146478789735992, 0.00024264563699999994, 2.6131253126400734e-05, 0.00024264563699999994, 0.00024264563699999994, 0.0009164535368471983, 2.408831323810756e-06, 1.8952860392086381e-06, 1.0319331522623543e-06, 1.0319331522623543e-06, 1.0771805136755574e-06, 3.997159524260496e-06, 3.997159524260496e-06]","['BIOMASS_Ec_iJO1366_WT_53p95M', 'EX_glyc_e', '4PCP', '4PEPTabcpp', 'ADNK1', 'ALAGLUE', 'AMPTASECG', 'ASNabcpp', 'CGLYabcpp', 'CYSDS', 'DAAD', 'ARGabcpp', 'FA161ACPHi', 'G3PEabcpp', 'G3PT', 'H2SO', 'GLYCtex', 'Kabcpp', 'I2FE2SR', 'I2FE2SS2', 'I4FE4SR', 'I4FE4ST', 'LADGMDH', 'ILEabcpp', 'LALGP', 'INSK', 'LEUabcpp', 'OPHHX3', 'PIuabcpp', 'PROabcpp', 'S2FE2ST', 'VALabcpp']","['EX_ile__L_e', 'EX_ins_e', 'EX_LalaDgluMdapDala_e', 'EX_leu__L_e', 'EX_adn_e', 'EX_arg__L_e', 'EX_asn__L_e', 'EX_cytd_e', 'EX_cgly_e', 'EX_phe__L_e', 'EX_pro__L_e', 'EX_val__L_e', 'EX_tyr__L_e', 'EX_uri_e', 'EX_g3pe_e', '4PEPTtex', 'ADNtex', 'ASNS1', 'ASNtex', 'CGLYtex', 'CYTDtex', 'ARGtex', 'G3PEtex', 'GMPR', 'INStex', 'I2FE2ST', 'ILEtex', 'LEUtex', 'NTD2', 'NTD4', 'NTPP2', 'PHEt2rpp', 'PHEtex', 'PROtex', 'S2FE2SR', 'S2FE2SS2', 'S4FE4SR', 'S4FE4ST', 'SERD_L', 'THRA', 'TYRt2rpp', 'TYRtex', 'URItex', 'VALtex']","['ETHAAL', 'GLYCtpp', 'GPDDA2', 'I2FE2SS', 'ICYSDS', 'S2FE2SS', 'SCYSDS']",I4FE4ST,S2FE2SS2,0.004107716879965852,1,83,7,-23.0,-6.211000384141231e-05,iJO1366,PSL,False,False,0.0,0.0,0.015777873684208,0.0
205,"['BIOMASS_Ec_iJO1366_WT_53p95M', 'EX_glyc_e', 'EX_ile__L_e', 'EX_ins_e', 'EX_LalaDgluMdapDala_e', 'EX_leu__L_e', 'EX_adn_e', 'EX_arg__L_e', 'EX_asn__L_e', 'EX_cytd_e', 'EX_cgly_e', 'EX_phe__L_e', 'EX_pro__L_e', 'EX_val__L_e', 'EX_tyr__L_e', 'EX_uri_e', 'EX_g3pe_e', '4PCP', '4PEPTabcpp', '4PEPTtex', 'ADNK1', 'ALAGLUE', 'ADNtex', 'ASNS1', 'AMPTASECG', 'ASNabcpp', 'ASNtex', 'CGLYabcpp', 'CGLYtex', 'CYSDS', 'CYTDtex', 'DAAD', 'ARGabcpp', 'ARGtex', 'ETHAAL', 'FA161ACPHi', 'G3PEabcpp', 'G3PEtex', 'G3PT', 'H2SO', 'GLYCtex', 'GLYCtpp', 'GMPR', 'GPDDA2', 'INStex', 'Kabcpp', 'I2FE2SR', 'I2FE2SS', 'I2FE2SS2', 'I2FE2ST', 'I4FE4SR', 'I4FE4ST', 'ICYSDS', 'LADGMDH', 'ILEabcpp', 'ILEtex', 'LALGP', 'INSK', 'LEUabcpp', 'LEUtex', 'NTD2', 'NTD4', 'NTPP2', 'OPHHX3', 'PHEt2rpp', 'PHEtex', 'PIuabcpp', 'PROabcpp', 'PROtex', 'S2FE2SR', 'S2FE2SS', 'S2FE2SS2', 'S2FE2ST', 'S4FE4SR', 'S4FE4ST', 'SCYSDS', 'SERD_L', 'THRA', 'TYRt2rpp', 'TYRtex', 'URItex', 'VALabcpp', 'VALtex']","[-7.688600030865933e-06, -1.72475775593093e-06, 2.170537920313638e-06, 1.8204990510639618e-06, 2.5601527299590937e-06, 2.534598289472001e-06, 1.1088809515058529e-06, 2.2098574208714863e-06, 3.4385231979516817e-06, 1.188088504022744e-06, 4.0497487465090685e-06, 1.3841094661515285e-06, 1.651495909436862e-06, 3.997159524260496e-06, 1.0319331417429911e-06, 1.0771805136755574e-06, 2.775528540874251e-06, -2.3481242069115772e-06, -2.3481242069115772e-06, -2.560152779551572e-06, -1.5229648045217599e-06, -2.3481242124034907e-06, -1.1088809515058529e-06, 1.1826040736809054e-06, -3.313571895474071e-06, -3.4385231979516817e-06, -3.438523208387778e-06, -3.313571895474071e-06, -4.049748781653761e-06, -1.5279787058435556e-06, -1.188088504022744e-06, -1.7077766187867383e-06, -2.2098574208714863e-06, -2.2098573708717595e-06, -1.895286039208638e-06, -1.3437520046122309e-06, -2.8941774223186934e-06, -2.7755285145758535e-06, -1.8057494686560717e-06, -1.5279787058435556e-06, 1.7247577943635406e-06, -1.805749434424797e-06, 1.8187844402495212e-06, -1.895286039208638e-06, -1.8204990510639618e-06, -1.427696139731495e-06, -1.8665202772000616e-06, -0.00021464997796140763, -0.00024264756683860768, 2.6131068599999993e-05, -0.00024264756683860768, -0.00024264756683860768, -0.0009164671072262529, -2.3481242069115772e-06, -2.170537920313638e-06, -2.170537868551037e-06, -2.3481242069115772e-06, -1.8204989981618347e-06, -2.534598289472001e-06, -2.5345982521685073e-06, 1.0947027641317053e-06, 1.188088504022744e-06, 1.666584319603981e-06, -4.395462800746864e-06, -1.384109509672271e-06, -1.384109509672271e-06, -3.298289565911716e-06, -1.651495909436862e-06, -1.6514959497726522e-06, 1.8665048999999998e-06, 0.0002146478789735992, 0.00024264563699999994, -2.6131253126400734e-05, 0.00024264563699999994, 0.00024264563699999994, 0.0009164535368471983, 2.408831323810756e-06, 1.8952860392086381e-06, -1.0319331522623543e-06, -1.0319331522623543e-06, -1.0771805136755574e-06, -3.997159524260496e-06, -3.997159524260496e-06]","[7.688600030865933e-06, 1.72475775593093e-06, 2.170537920313638e-06, 1.8204990510639618e-06, 2.5601527299590937e-06, 2.534598289472001e-06, 1.1088809515058529e-06, 2.2098574208714863e-06, 3.4385231979516817e-06, 1.188088504022744e-06, 4.0497487465090685e-06, 1.3841094661515285e-06, 1.651495909436862e-06, 3.997159524260496e-06, 1.0319331417429911e-06, 1.0771805136755574e-06, 2.775528540874251e-06, 2.3481242069115772e-06, 2.3481242069115772e-06, 2.560152779551572e-06, 1.5229648045217599e-06, 2.3481242124034907e-06, 1.1088809515058529e-06, 1.1826040736809054e-06, 3.313571895474071e-06, 3.4385231979516817e-06, 3.438523208387778e-06, 3.313571895474071e-06, 4.049748781653761e-06, 1.5279787058435556e-06, 1.188088504022744e-06, 1.7077766187867383e-06, 2.2098574208714863e-06, 2.2098573708717595e-06, 1.895286039208638e-06, 1.3437520046122309e-06, 2.8941774223186934e-06, 2.7755285145758535e-06, 1.8057494686560717e-06, 1.5279787058435556e-06, 1.7247577943635406e-06, 1.805749434424797e-06, 1.8187844402495212e-06, 1.895286039208638e-06, 1.8204990510639618e-06, 1.427696139731495e-06, 1.8665202772000616e-06, 0.00021464997796140763, 0.00024264756683860768, 2.6131068599999993e-05, 0.00024264756683860768, 0.00024264756683860768, 0.0009164671072262529, 2.3481242069115772e-06, 2.170537920313638e-06, 2.170537868551037e-06, 2.3481242069115772e-06, 1.8204989981618347e-06, 2.534598289472001e-06, 2.5345982521685073e-06, 1.0947027641317053e-06, 1.188088504022744e-06, 1.666584319603981e-06, 4.395462800746864e-06, 1.384109509672271e-06, 1.384109509672271e-06, 3.298289565911716e-06, 1.651495909436862e-06, 1.6514959497726522e-06, 1.8665048999999998e-06, 0.0002146478789735992, 0.00024264563699999994, 2.6131253126400734e-05, 0.00024264563699999994, 0.00024264563699999994, 0.0009164535368471983, 2.408831323810756e-06, 1.8952860392086381e-06, 1.0319331522623543e-06, 1.0319331522623543e-06, 1.0771805136755574e-06, 3.997159524260496e-06, 3.997159524260496e-06]","['BIOMASS_Ec_iJO1366_WT_53p95M', 'EX_glyc_e', '4PCP', '4PEPTabcpp', 'ADNK1', 'ALAGLUE', 'AMPTASECG', 'ASNabcpp', 'CGLYabcpp', 'CYSDS', 'DAAD', 'ARGabcpp', 'FA161ACPHi', 'G3PEabcpp', 'G3PT', 'H2SO', 'GLYCtex', 'Kabcpp', 'I2FE2SR', 'I2FE2SS2', 'I4FE4SR', 'I4FE4ST', 'LADGMDH', 'ILEabcpp', 'LALGP', 'INSK', 'LEUabcpp', 'OPHHX3', 'PIuabcpp', 'PROabcpp', 'S2FE2ST', 'VALabcpp']","['EX_ile__L_e', 'EX_ins_e', 'EX_LalaDgluMdapDala_e', 'EX_leu__L_e', 'EX_adn_e', 'EX_arg__L_e', 'EX_asn__L_e', 'EX_cytd_e', 'EX_cgly_e', 'EX_phe__L_e', 'EX_pro__L_e', 'EX_val__L_e', 'EX_tyr__L_e', 'EX_uri_e', 'EX_g3pe_e', '4PEPTtex', 'ADNtex', 'ASNS1', 'ASNtex', 'CGLYtex', 'CYTDtex', 'ARGtex', 'G3PEtex', 'GMPR', 'INStex', 'I2FE2ST', 'ILEtex', 'LEUtex', 'NTD2', 'NTD4', 'NTPP2', 'PHEt2rpp', 'PHEtex', 'PROtex', 'S2FE2SR', 'S2FE2SS2', 'S4FE4SR', 'S4FE4ST', 'SERD_L', 'THRA', 'TYRt2rpp', 'TYRtex', 'URItex', 'VALtex']","['ETHAAL', 'GLYCtpp', 'GPDDA2', 'I2FE2SS', 'ICYSDS', 'S2FE2SS', 'SCYSDS']",I4FE4ST,S4FE4SR,0.004107716879965852,1,83,7,-23.0,-6.211000384141231e-05,iJO1366,PSL,False,False,0.0,0.0,0.015777873684208,0.0
206,"['BIOMASS_Ec_iJO1366_WT_53p95M', 'EX_glyc_e', 'EX_ile__L_e', 'EX_ins_e', 'EX_LalaDgluMdapDala_e', 'EX_leu__L_e', 'EX_adn_e', 'EX_arg__L_e', 'EX_asn__L_e', 'EX_cytd_e', 'EX_cgly_e', 'EX_phe__L_e', 'EX_pro__L_e', 'EX_val__L_e', 'EX_tyr__L_e', 'EX_uri_e', 'EX_g3pe_e', '4PCP', '4PEPTabcpp', '4PEPTtex', 'ADNK1', 'ALAGLUE', 'ADNtex', 'ASNS1', 'AMPTASECG', 'ASNabcpp', 'ASNtex', 'CGLYabcpp', 'CGLYtex', 'CYSDS', 'CYTDtex', 'DAAD', 'ARGabcpp', 'ARGtex', 'ETHAAL', 'FA161ACPHi', 'G3PEabcpp', 'G3PEtex', 'G3PT', 'H2SO', 'GLYCtex', 'GLYCtpp', 'GMPR', 'GPDDA2', 'INStex', 'Kabcpp', 'I2FE2SR', 'I2FE2SS', 'I2FE2SS2', 'I2FE2ST', 'I4FE4SR', 'I4FE4ST', 'ICYSDS', 'LADGMDH', 'ILEabcpp', 'ILEtex', 'LALGP', 'INSK', 'LEUabcpp', 'LEUtex', 'NTD2', 'NTD4', 'NTPP2', 'OPHHX3', 'PHEt2rpp', 'PHEtex', 'PIuabcpp', 'PROabcpp', 'PROtex', 'S2FE2SR', 'S2FE2SS', 'S2FE2SS2', 'S2FE2ST', 'S4FE4SR', 'S4FE4ST', 'SCYSDS', 'SERD_L', 'THRA', 'TYRt2rpp', 'TYRtex', 'URItex', 'VALabcpp', 'VALtex']","[-7.688600030865933e-06, -1.72475775593093e-06, 2.170537920313638e-06, 1.8204990510639618e-06, 2.5601527299590937e-06, 2.534598289472001e-06, 1.1088809515058529e-06, 2.2098574208714863e-06, 3.4385231979516817e-06, 1.188088504022744e-06, 4.0497487465090685e-06, 1.3841094661515285e-06, 1.651495909436862e-06, 3.997159524260496e-06, 1.0319331417429911e-06, 1.0771805136755574e-06, 2.775528540874251e-06, -2.3481242069115772e-06, -2.3481242069115772e-06, -2.560152779551572e-06, -1.5229648045217599e-06, -2.3481242124034907e-06, -1.1088809515058529e-06, 1.1826040736809054e-06, -3.313571895474071e-06, -3.4385231979516817e-06, -3.438523208387778e-06, -3.313571895474071e-06, -4.049748781653761e-06, -1.5279787058435556e-06, -1.188088504022744e-06, -1.7077766187867383e-06, -2.2098574208714863e-06, -2.2098573708717595e-06, -1.895286039208638e-06, -1.3437520046122309e-06, -2.8941774223186934e-06, -2.7755285145758535e-06, -1.8057494686560717e-06, -1.5279787058435556e-06, 1.7247577943635406e-06, -1.805749434424797e-06, 1.8187844402495212e-06, -1.895286039208638e-06, -1.8204990510639618e-06, -1.427696139731495e-06, -1.8665202772000616e-06, -0.00021464997796140763, -0.00024264756683860768, 2.6131068599999993e-05, -0.00024264756683860768, -0.00024264756683860768, -0.0009164671072262529, -2.3481242069115772e-06, -2.170537920313638e-06, -2.170537868551037e-06, -2.3481242069115772e-06, -1.8204989981618347e-06, -2.534598289472001e-06, -2.5345982521685073e-06, 1.0947027641317053e-06, 1.188088504022744e-06, 1.666584319603981e-06, -4.395462800746864e-06, -1.384109509672271e-06, -1.384109509672271e-06, -3.298289565911716e-06, -1.651495909436862e-06, -1.6514959497726522e-06, 1.8665048999999998e-06, 0.0002146478789735992, 0.00024264563699999994, -2.6131253126400734e-05, 0.00024264563699999994, 0.00024264563699999994, 0.0009164535368471983, 2.408831323810756e-06, 1.8952860392086381e-06, -1.0319331522623543e-06, -1.0319331522623543e-06, -1.0771805136755574e-06, -3.997159524260496e-06, -3.997159524260496e-06]","[7.688600030865933e-06, 1.72475775593093e-06, 2.170537920313638e-06, 1.8204990510639618e-06, 2.5601527299590937e-06, 2.534598289472001e-06, 1.1088809515058529e-06, 2.2098574208714863e-06, 3.4385231979516817e-06, 1.188088504022744e-06, 4.0497487465090685e-06, 1.3841094661515285e-06, 1.651495909436862e-06, 3.997159524260496e-06, 1.0319331417429911e-06, 1.0771805136755574e-06, 2.775528540874251e-06, 2.3481242069115772e-06, 2.3481242069115772e-06, 2.560152779551572e-06, 1.5229648045217599e-06, 2.3481242124034907e-06, 1.1088809515058529e-06, 1.1826040736809054e-06, 3.313571895474071e-06, 3.4385231979516817e-06, 3.438523208387778e-06, 3.313571895474071e-06, 4.049748781653761e-06, 1.5279787058435556e-06, 1.188088504022744e-06, 1.7077766187867383e-06, 2.2098574208714863e-06, 2.2098573708717595e-06, 1.895286039208638e-06, 1.3437520046122309e-06, 2.8941774223186934e-06, 2.7755285145758535e-06, 1.8057494686560717e-06, 1.5279787058435556e-06, 1.7247577943635406e-06, 1.805749434424797e-06, 1.8187844402495212e-06, 1.895286039208638e-06, 1.8204990510639618e-06, 1.427696139731495e-06, 1.8665202772000616e-06, 0.00021464997796140763, 0.00024264756683860768, 2.6131068599999993e-05, 0.00024264756683860768, 0.00024264756683860768, 0.0009164671072262529, 2.3481242069115772e-06, 2.170537920313638e-06, 2.170537868551037e-06, 2.3481242069115772e-06, 1.8204989981618347e-06, 2.534598289472001e-06, 2.5345982521685073e-06, 1.0947027641317053e-06, 1.188088504022744e-06, 1.666584319603981e-06, 4.395462800746864e-06, 1.384109509672271e-06, 1.384109509672271e-06, 3.298289565911716e-06, 1.651495909436862e-06, 1.6514959497726522e-06, 1.8665048999999998e-06, 0.0002146478789735992, 0.00024264563699999994, 2.6131253126400734e-05, 0.00024264563699999994, 0.00024264563699999994, 0.0009164535368471983, 2.408831323810756e-06, 1.8952860392086381e-06, 1.0319331522623543e-06, 1.0319331522623543e-06, 1.0771805136755574e-06, 3.997159524260496e-06, 3.997159524260496e-06]","['BIOMASS_Ec_iJO1366_WT_53p95M', 'EX_glyc_e', '4PCP', '4PEPTabcpp', 'ADNK1', 'ALAGLUE', 'AMPTASECG', 'ASNabcpp', 'CGLYabcpp', 'CYSDS', 'DAAD', 'ARGabcpp', 'FA161ACPHi', 'G3PEabcpp', 'G3PT', 'H2SO', 'GLYCtex', 'Kabcpp', 'I2FE2SR', 'I2FE2SS2', 'I4FE4SR', 'I4FE4ST', 'LADGMDH', 'ILEabcpp', 'LALGP', 'INSK', 'LEUabcpp', 'OPHHX3', 'PIuabcpp', 'PROabcpp', 'S2FE2ST', 'VALabcpp']","['EX_ile__L_e', 'EX_ins_e', 'EX_LalaDgluMdapDala_e', 'EX_leu__L_e', 'EX_adn_e', 'EX_arg__L_e', 'EX_asn__L_e', 'EX_cytd_e', 'EX_cgly_e', 'EX_phe__L_e', 'EX_pro__L_e', 'EX_val__L_e', 'EX_tyr__L_e', 'EX_uri_e', 'EX_g3pe_e', '4PEPTtex', 'ADNtex', 'ASNS1', 'ASNtex', 'CGLYtex', 'CYTDtex', 'ARGtex', 'G3PEtex', 'GMPR', 'INStex', 'I2FE2ST', 'ILEtex', 'LEUtex', 'NTD2', 'NTD4', 'NTPP2', 'PHEt2rpp', 'PHEtex', 'PROtex', 'S2FE2SR', 'S2FE2SS2', 'S4FE4SR', 'S4FE4ST', 'SERD_L', 'THRA', 'TYRt2rpp', 'TYRtex', 'URItex', 'VALtex']","['ETHAAL', 'GLYCtpp', 'GPDDA2', 'I2FE2SS', 'ICYSDS', 'S2FE2SS', 'SCYSDS']",I4FE4ST,S4FE4ST,0.004107716879965852,1,83,7,-23.0,-6.211000384141231e-05,iJO1366,PSL,False,False,0.0,0.0,0.015777873684208,0.0
207,"['BIOMASS_Ec_iJO1366_WT_53p95M', 'EX_glyc_e', 'EX_ile__L_e', 'EX_ins_e', 'EX_LalaDgluMdapDala_e', 'EX_leu__L_e', 'EX_adn_e', 'EX_arg__L_e', 'EX_asn__L_e', 'EX_cytd_e', 'EX_cgly_e', 'EX_phe__L_e', 'EX_pro__L_e', 'EX_val__L_e', 'EX_tyr__L_e', 'EX_uri_e', 'EX_g3pe_e', '4PCP', '4PEPTabcpp', '4PEPTtex', 'ADNK1', 'ALAGLUE', 'ADNtex', 'ASNS1', 'AMPTASECG', 'ASNabcpp', 'ASNtex', 'CGLYabcpp', 'CGLYtex', 'CYSDS', 'CYTDtex', 'ARGabcpp', 'ARGtex', 'ETHAAL', 'G3PEabcpp', 'G3PEtex', 'G3PT', 'GLCP', 'H2SO', 'GLYCtex', 'GLYCtpp', 'GMPR', 'GPDDA2', 'INStex', 'Kabcpp', 'I2FE2SR', 'I2FE2SS', 'I2FE2SS2', 'I4FE4SR', 'I4FE4ST', 'ICYSDS', 'LADGMDH', 'ILEabcpp', 'ILEtex', 'LALGP', 'INSK', 'LEUabcpp', 'LEUtex', 'NTD2', 'NTD4', 'NTPP2', 'OPHHX3', 'PGMT', 'PHEt2rpp', 'PHEtex', 'PIuabcpp', 'PROabcpp', 'PROtex', 'S2FE2SR', 'S2FE2SS', 'S2FE2SS2', 'S4FE4SR', 'S4FE4ST', 'SCYSDS', 'SERD_L', 'THRA', 'TYRt2rpp', 'TYRtex', 'URItex', 'VALabcpp', 'VALtex']","[-8.136538520190671e-06, -2.4378358503553185e-06, 2.296993643458034e-06, 1.9451046000540373e-06, 2.8493801873367778e-06, 3.5619975602920315e-06, 1.6116940741994767e-06, 2.338603901473203e-06, 3.3535913290083574e-06, 1.056171527125116e-06, 3.071551158114301e-06, 1.4647478009432448e-06, 1.7477122010599156e-06, 3.350301085447427e-06, 1.092053654025911e-06, 1.3410724477580516e-06, 3.2172176992681285e-06, -2.6468861531840637e-06, -2.6468861531840637e-06, -2.8493801664808416e-06, -1.6116941021021786e-06, -2.646886173351959e-06, -1.6116940741994767e-06, 1.4477536383470562e-06, -3.071551158114301e-06, -3.3535913290083574e-06, -3.353591296217928e-06, -3.071551158114301e-06, -3.0715511911694193e-06, -1.5467830619918244e-06, -1.056171527125116e-06, -2.174063838789042e-06, -2.338603849239007e-06, -2.54413927467872e-06, -3.2172176992681285e-06, -3.217217681594775e-06, -2.796623085360439e-06, 1.254548464812639e-06, -1.5467830619918244e-06, 2.437835746604833e-06, -2.395249225628504e-06, 1.943290118711083e-06, -2.54413927467872e-06, -1.9451046000540373e-06, -1.5108738378142056e-06, -1.8665211730770403e-06, -0.000240781353375016, -0.0002426476792711685, -0.0002426476792711685, -0.0002426476792711685, -0.000968730404090488, -2.6468861531840637e-06, -2.296993643458034e-06, -2.2969936708250316e-06, -2.6468861531840637e-06, -1.945104566858369e-06, -3.5619975602920315e-06, -3.5619975733425235e-06, 1.3410723999629504e-06, 1.0008842600828238e-06, 1.980034277343501e-06, -3.950588132614619e-06, 1.254548465112748e-06, -1.4647478110418888e-06, -1.4647478110418888e-06, -2.9553958582617668e-06, -1.7477122010599156e-06, -1.7477121900810744e-06, 1.8665048999999998e-06, 0.00024077913209999993, 0.00024264563699999994, 0.00024264563699999994, 0.00024264563699999994, 0.0009687160430999998, 3.5238258168335292e-06, 2.5441392746787197e-06, -1.0920537079073256e-06, -1.0920537079073256e-06, -1.3410724477580516e-06, -3.350301085447427e-06, -3.350301085447427e-06]","[8.136538520190671e-06, 2.4378358503553185e-06, 2.296993643458034e-06, 1.9451046000540373e-06, 2.8493801873367778e-06, 3.5619975602920315e-06, 1.6116940741994767e-06, 2.338603901473203e-06, 3.3535913290083574e-06, 1.056171527125116e-06, 3.071551158114301e-06, 1.4647478009432448e-06, 1.7477122010599156e-06, 3.350301085447427e-06, 1.092053654025911e-06, 1.3410724477580516e-06, 3.2172176992681285e-06, 2.6468861531840637e-06, 2.6468861531840637e-06, 2.8493801664808416e-06, 1.6116941021021786e-06, 2.646886173351959e-06, 1.6116940741994767e-06, 1.4477536383470562e-06, 3.071551158114301e-06, 3.3535913290083574e-06, 3.353591296217928e-06, 3.071551158114301e-06, 3.0715511911694193e-06, 1.5467830619918244e-06, 1.056171527125116e-06, 2.174063838789042e-06, 2.338603849239007e-06, 2.54413927467872e-06, 3.2172176992681285e-06, 3.217217681594775e-06, 2.796623085360439e-06, 1.254548464812639e-06, 1.5467830619918244e-06, 2.437835746604833e-06, 2.395249225628504e-06, 1.943290118711083e-06, 2.54413927467872e-06, 1.9451046000540373e-06, 1.5108738378142056e-06, 1.8665211730770403e-06, 0.000240781353375016, 0.0002426476792711685, 0.0002426476792711685, 0.0002426476792711685, 0.000968730404090488, 2.6468861531840637e-06, 2.296993643458034e-06, 2.2969936708250316e-06, 2.6468861531840637e-06, 1.945104566858369e-06, 3.5619975602920315e-06, 3.5619975733425235e-06, 1.3410723999629504e-06, 1.0008842600828238e-06, 1.980034277343501e-06, 3.950588132614619e-06, 1.254548465112748e-06, 1.4647478110418888e-06, 1.4647478110418888e-06, 2.9553958582617668e-06, 1.7477122010599156e-06, 1.7477121900810744e-06, 1.8665048999999998e-06, 0.00024077913209999993, 0.00024264563699999994, 0.00024264563699999994, 0.00024264563699999994, 0.0009687160430999998, 3.5238258168335292e-06, 2.5441392746787197e-06, 1.0920537079073256e-06, 1.0920537079073256e-06, 1.3410724477580516e-06, 3.350301085447427e-06, 3.350301085447427e-06]","['BIOMASS_Ec_iJO1366_WT_53p95M', '4PCP', '4PEPTabcpp', 'ADNK1', 'ALAGLUE', 'AMPTASECG', 'ASNabcpp', 'CGLYabcpp', 'CYSDS', 'ARGabcpp', 'G3PEabcpp', 'G3PT', 'H2SO', 'GLYCtpp', 'Kabcpp', 'I2FE2SR', 'I2FE2SS2', 'I4FE4SR', 'I4FE4ST', 'LADGMDH', 'ILEabcpp', 'LALGP', 'INSK', 'LEUabcpp', 'OPHHX3', 'PGMT', 'PIuabcpp', 'PROabcpp', 'VALabcpp']","['EX_ile__L_e', 'EX_ins_e', 'EX_LalaDgluMdapDala_e', 'EX_leu__L_e', 'EX_adn_e', 'EX_arg__L_e', 'EX_asn__L_e', 'EX_cytd_e', 'EX_cgly_e', 'EX_phe__L_e', 'EX_pro__L_e', 'EX_val__L_e', 'EX_tyr__L_e', 'EX_uri_e', 'EX_g3pe_e', '4PEPTtex', 'ADNtex', 'ASNS1', 'ASNtex', 'CGLYtex', 'CYTDtex', 'ARGtex', 'G3PEtex', 'GLCP', 'GMPR', 'INStex', 'ILEtex', 'LEUtex', 'NTD2', 'NTPP2', 'PHEt2rpp', 'PHEtex', 'PROtex', 'S2FE2SR', 'S2FE2SS', 'S2FE2SS2', 'S4FE4SR', 'S4FE4ST', 'SCYSDS', 'SERD_L', 'THRA', 'TYRt2rpp', 'TYRtex', 'URItex', 'VALtex']","['EX_glyc_e', 'ETHAAL', 'GLYCtex', 'GPDDA2', 'I2FE2SS', 'ICYSDS', 'NTD4']",I4FE4ST,SCYSDS,0.004236422305846423,1,81,7,-19.0,-5.885275272363307e-05,iJO1366,PSL,False,False,0.0,0.0,0.015777873684208,0.0
208,"['HXAND', 'HXPRT', 'IMPD', 'XPPT']","[0.22744855410419973, -0.22744855410419962, -0.22744855410419978, 0.22744855410419978]","[0.22744855410419973, 0.22744855410419962, 0.22744855410419978, 0.22744855410419978]","['HXPRT', 'IMPD']","['HXAND', 'XPPT']",[],IMPD,HXAND,0.9097942164167989,1,4,0,0.0,1.1102230246251565e-16,iJO1366,PSL,False,False,0.0,0.0,0.0,0.073888113522447
209,"['HXAND', 'HXPRT', 'IMPD', 'XPPT']","[0.22744855410421944, -0.22744855410421944, -0.22744855410416376, 0.22744855410421944]","[0.22744855410421944, 0.22744855410421944, 0.22744855410416376, 0.22744855410421944]","['HXPRT', 'IMPD']","['HXAND', 'XPPT']",[],IMPD,XPPT,0.9097942164167665,1,4,0,0.0,5.56776846849516e-14,iJO1366,PSL,False,False,0.0,0.0,0.0,0.0
210,"['EX_h2s_e', 'EX_acald_e', 'EX_leu__L_e', 'EX_ade_e', 'EX_alaala_e', 'EX_asn__L_e', 'EX_asp__L_e', 'EX_val__L_e', '12DGR141tipp', '12DGR160tipp', 'EX_ser__L_e', 'EX_succ_e', '2AGPA141tipp', '2AGPE181tipp', '2AGPEAT181', '2AGPG140tipp', '2AGPGAT141', 'EX_ura_e', '3HAD121', '3HAD160', '3HAD161', '3HAD181', '3HAD40', '3HAD60', '3OAR121', '3OAR160', 'ACALDtex', '3OAR161', 'ACALDtpp', '3OAR181', '3OAR40', '3OAR60', '3OAS121', '3OAS160', '3OAS161', '3OAS181', '3OAS60', 'ACOATA', 'AGPAT141', 'ALAALAabcpp', 'ADEt2rpp', 'ADEtex', 'ALAALAtex', 'ALATA_L2', 'ASNN', 'ASNabcpp', 'ASNtex', 'ASPtex', 'CLPNH140pp', 'CLPNH141pp', 'CLPNS140pp', 'CLPNS141pp', 'CYSDS', 'CYTDH', 'CYTDK2', 'CSND', 'CTECOAI6', 'DAAD', 'DAGK160', 'EAR160y', 'EAR161y', 'EAR181x', 'EAR40y', 'ETHAt2pp', 'FACOAL140t2pp', 'FACOAL141t2pp', 'G6PDH2r', 'GLCDpp', 'GLCNt2rpp', 'GLCabcpp', 'GLUN', 'GLYAT', 'H2St1pp', 'H2Stex', 'GNK', 'GPDDA2', 'GPDDA2pp', 'KAS14', 'LEUabcpp', 'LEUtex', 'LPLIPAL1A141pp', 'LPLIPAL1E181pp', 'MDH3', 'MMCD', 'MMM', 'MN2tpp', 'LPLIPAL2A141', 'MNt2pp', 'NADH10', 'NAt3_2pp', 'OAADC', 'PAPA141', 'PAPA141pp', 'PAPA160pp', 'OMMBLHX', 'LPLIPAL2E181', 'OMMBLHX3', 'LPLIPAL2G140', 'LPLIPAL2G141', 'PE181abcpp', 'PGL', 'PGP141abcpp', 'PLIPA1E181pp', 'PLIPA1G140pp', 'PGPP141', 'PGPP141pp', 'PLIPA2A141pp', 'PLIPA2E181pp', 'PLIPA1A141pp', 'RNTR4c2', 'PSD141', 'PSSA141', 'SERt4pp', 'SERtex', 'PYAM5PO', 'THRA', 'SUCCt3pp', 'SUCCtex', 'T2DECAI', 'RBK', 'TRE6PP', 'TRE6PS', 'TREH', 'VALabcpp', 'VALtex', 'UDCPDPpp', 'UDCPPtppi', 'URAt2pp_copy1', 'URAtex']","[-2.7718838928603162e-06, 1.5553502230106209e-06, 1.2891865676656344e-06, -3.4861213683158154e-06, 1.0650461919740374e-06, 3.2691865318838775e-06, -3.8065567196099437e-06, 1.210870603396419e-06, 1.2507604733730249e-06, -1.1257131116021446e-06, 3.5565988724950426e-06, 3.046989681010359e-06, 2.3796541433265817e-06, -3.2306094472633884e-06, -1.6153047236316942e-06, 2.5015209467460497e-06, 1.2507604734077193e-06, -1.5165506603229129e-06, -1.1836388902897177e-06, 2.0445502352112177e-06, 1.2507604733730249e-06, 1.250760473359147e-06, -1.6812075613881206e-06, -1.6812075613881206e-06, -1.1836388902897177e-06, 2.0445502352112177e-06, -1.5553502230106209e-06, 1.2507604733730249e-06, -1.5553502230106209e-06, 1.250760473359147e-06, -1.6812075613881206e-06, -1.6812075613881206e-06, -1.1836388902897177e-06, 2.0445502352112177e-06, 1.2507604733730249e-06, 1.250760473359147e-06, -1.6812075613881206e-06, -1.6812075613881206e-06, -1.2507604733730249e-06, -1.0650461919779405e-06, 3.4861213683158154e-06, 3.4861213683158154e-06, -1.0650461919740374e-06, 5.664640111202601e-06, -2.5794118702730795e-06, -3.2691865318838775e-06, -3.2691865318838775e-06, 3.8065567196099437e-06, -2.136976696584525e-06, 1.2507604734077193e-06, -2.136976696584525e-06, 1.2507604734077193e-06, -2.784297003899372e-06, -1.514636328581176e-06, 1.514636328581176e-06, -1.514636328581176e-06, -2.5015209467460497e-06, -2.1300922981026815e-06, -1.1257131116021446e-06, 2.0445502352112177e-06, 1.2507604733730249e-06, 2.434399363704376e-06, -1.6812075613881206e-06, 2.3796541433473983e-06, 2.5015209467460497e-06, -2.5015209467460497e-06, 1.9889644931048167e-06, -1.9889644931048167e-06, -1.9889644931048167e-06, 1.9889644931048167e-06, 1.4967474807614511e-06, 3.3090412432379424e-06, -2.7718838928603162e-06, 2.7718838928603162e-06, -1.9889644931048167e-06, -2.3796541433473983e-06, 2.3796541433473983e-06, -1.6812075613881206e-06, -1.2891865676656344e-06, -1.2891865676656344e-06, -2.379654143291887e-06, 1.6153047236316942e-06, 5.072662040861431e-06, -1.6582800670406073e-06, -1.6582800670406073e-06, -0.0006448794202344004, 2.3796541433265817e-06, 0.0006448774429499999, -5.072662040861431e-06, -3.5565988724950426e-06, 1.922800012543746e-06, -1.2507604733730249e-06, 1.2507604733730249e-06, -1.1257131116021446e-06, 2.0464173839536935e-06, -1.6153047236316942e-06, -2.0464173839536935e-06, 2.136976696584525e-06, -1.2507604734077193e-06, -1.6153047236316942e-06, 1.9889644931048167e-06, 1.2507604734077193e-06, -3.2306094472633884e-06, 2.5015209467460497e-06, -1.2507604734077193e-06, 1.2507604734077193e-06, -2.379654143291887e-06, 1.6153047236316942e-06, 2.3796541433265817e-06, 1.0561413267273778e-06, -2.3863269325297143e-06, -2.3863269325297143e-06, -3.5565988724950426e-06, -3.5565988724950426e-06, 5.664640111202601e-06, 1.5572645547523578e-06, 3.046989681010359e-06, -3.046989681010359e-06, -1.1836388902897177e-06, -1.514636328581176e-06, -1.3686442061344728e-06, -1.3686442061344728e-06, -1.3686442061344728e-06, -1.210870603396419e-06, -1.210870603396419e-06, -2.8984791631131435e-06, -2.8984791631131435e-06, 1.5165506603229129e-06, 1.5165506603229129e-06]","[2.7718838928603162e-06, 1.5553502230106209e-06, 1.2891865676656344e-06, 3.4861213683158154e-06, 1.0650461919740374e-06, 3.2691865318838775e-06, 3.8065567196099437e-06, 1.210870603396419e-06, 1.2507604733730249e-06, 1.1257131116021446e-06, 3.5565988724950426e-06, 3.046989681010359e-06, 2.3796541433265817e-06, 3.2306094472633884e-06, 1.6153047236316942e-06, 2.5015209467460497e-06, 1.2507604734077193e-06, 1.5165506603229129e-06, 1.1836388902897177e-06, 2.0445502352112177e-06, 1.2507604733730249e-06, 1.250760473359147e-06, 1.6812075613881206e-06, 1.6812075613881206e-06, 1.1836388902897177e-06, 2.0445502352112177e-06, 1.5553502230106209e-06, 1.2507604733730249e-06, 1.5553502230106209e-06, 1.250760473359147e-06, 1.6812075613881206e-06, 1.6812075613881206e-06, 1.1836388902897177e-06, 2.0445502352112177e-06, 1.2507604733730249e-06, 1.250760473359147e-06, 1.6812075613881206e-06, 1.6812075613881206e-06, 1.2507604733730249e-06, 1.0650461919779405e-06, 3.4861213683158154e-06, 3.4861213683158154e-06, 1.0650461919740374e-06, 5.664640111202601e-06, 2.5794118702730795e-06, 3.2691865318838775e-06, 3.2691865318838775e-06, 3.8065567196099437e-06, 2.136976696584525e-06, 1.2507604734077193e-06, 2.136976696584525e-06, 1.2507604734077193e-06, 2.784297003899372e-06, 1.514636328581176e-06, 1.514636328581176e-06, 1.514636328581176e-06, 2.5015209467460497e-06, 2.1300922981026815e-06, 1.1257131116021446e-06, 2.0445502352112177e-06, 1.2507604733730249e-06, 2.434399363704376e-06, 1.6812075613881206e-06, 2.3796541433473983e-06, 2.5015209467460497e-06, 2.5015209467460497e-06, 1.9889644931048167e-06, 1.9889644931048167e-06, 1.9889644931048167e-06, 1.9889644931048167e-06, 1.4967474807614511e-06, 3.3090412432379424e-06, 2.7718838928603162e-06, 2.7718838928603162e-06, 1.9889644931048167e-06, 2.3796541433473983e-06, 2.3796541433473983e-06, 1.6812075613881206e-06, 1.2891865676656344e-06, 1.2891865676656344e-06, 2.379654143291887e-06, 1.6153047236316942e-06, 5.072662040861431e-06, 1.6582800670406073e-06, 1.6582800670406073e-06, 0.0006448794202344004, 2.3796541433265817e-06, 0.0006448774429499999, 5.072662040861431e-06, 3.5565988724950426e-06, 1.922800012543746e-06, 1.2507604733730249e-06, 1.2507604733730249e-06, 1.1257131116021446e-06, 2.0464173839536935e-06, 1.6153047236316942e-06, 2.0464173839536935e-06, 2.136976696584525e-06, 1.2507604734077193e-06, 1.6153047236316942e-06, 1.9889644931048167e-06, 1.2507604734077193e-06, 3.2306094472633884e-06, 2.5015209467460497e-06, 1.2507604734077193e-06, 1.2507604734077193e-06, 2.379654143291887e-06, 1.6153047236316942e-06, 2.3796541433265817e-06, 1.0561413267273778e-06, 2.3863269325297143e-06, 2.3863269325297143e-06, 3.5565988724950426e-06, 3.5565988724950426e-06, 5.664640111202601e-06, 1.5572645547523578e-06, 3.046989681010359e-06, 3.046989681010359e-06, 1.1836388902897177e-06, 1.514636328581176e-06, 1.3686442061344728e-06, 1.3686442061344728e-06, 1.3686442061344728e-06, 1.210870603396419e-06, 1.210870603396419e-06, 2.8984791631131435e-06, 2.8984791631131435e-06, 1.5165506603229129e-06, 1.5165506603229129e-06]","['EX_acald_e', 'EX_alaala_e', 'EX_asp__L_e', 'EX_val__L_e', '12DGR160tipp', 'EX_succ_e', '2AGPGAT141', 'EX_ura_e', '3HAD160', '3HAD181', '3OAR160', 'ACALDtex', 'ACALDtpp', '3OAR181', '3OAS160', '3OAS181', 'ACOATA', 'AGPAT141', 'ALAALAtex', 'ASNabcpp', 'ASPtex', 'CYTDH', 'CYTDK2', 'CSND', 'DAGK160', 'EAR160y', 'EAR161y', 'EAR181x', 'EAR40y', 'FACOAL140t2pp', 'GLUN', 'KAS14', 'LEUabcpp', 'LPLIPAL1E181pp', 'MDH3', 'MMCD', 'MMM', 'MNt2pp', 'PAPA160pp', 'LPLIPAL2G140', 'LPLIPAL2G141', 'PLIPA2E181pp', 'RNTR4c2', 'PSD141', 'PSSA141', 'SUCCtex', 'RBK', 'VALabcpp', 'VALtex', 'URAtex']","['EX_h2s_e', 'EX_leu__L_e', 'EX_ade_e', 'EX_asn__L_e', '12DGR141tipp', 'EX_ser__L_e', '2AGPA141tipp', '2AGPE181tipp', '2AGPEAT181', '3HAD121', '3HAD161', '3HAD40', '3HAD60', '3OAR121', '3OAR161', '3OAR40', '3OAR60', '3OAS121', '3OAS161', '3OAS60', 'ADEt2rpp', 'ADEtex', 'ALATA_L2', 'ASNN', 'ASNtex', 'CLPNH141pp', 'CLPNS141pp', 'CYSDS', 'DAAD', 'G6PDH2r', 'GLCDpp', 'GLCNt2rpp', 'GLCabcpp', 'GLYAT', 'H2St1pp', 'H2Stex', 'GNK', 'LEUtex', 'MN2tpp', 'LPLIPAL2A141', 'NADH10', 'NAt3_2pp', 'OAADC', 'PAPA141', 'PAPA141pp', 'OMMBLHX', 'LPLIPAL2E181', 'OMMBLHX3', 'PGL', 'PGP141abcpp', 'PLIPA1E181pp', 'PGPP141', 'PGPP141pp', 'PLIPA1A141pp', 'SERt4pp', 'SERtex', 'PYAM5PO', 'THRA', 'SUCCt3pp', 'T2DECAI', 'TRE6PP', 'TRE6PS', 'TREH', 'URAt2pp_copy1']","['2AGPG140tipp', 'ALAALAabcpp', 'CLPNH140pp', 'CLPNS140pp', 'CTECOAI6', 'ETHAt2pp', 'FACOAL141t2pp', 'GPDDA2', 'GPDDA2pp', 'LPLIPAL1A141pp', 'PE181abcpp', 'PLIPA1G140pp', 'PLIPA2A141pp', 'UDCPDPpp', 'UDCPPtppi']",MN2tpp,MNt2pp,0.0014535450203009429,1,129,15,-13.0,-1.946476269329802e-05,iJO1366,PSL,False,False,0.0,0.0,0.0,0.0
211,"['BIOMASS_Ec_iJO1366_WT_53p95M', 'EX_ile__L_e', 'EX_ins_e', 'EX_LalaDgluMdapDala_e', 'EX_leu__L_e', 'EX_arg__L_e', 'EX_asn__L_e', 'EX_cgly_e', 'EX_pro__L_e', 'EX_val__L_e', 'EX_g3pe_e', '4PCP', '4PEPTabcpp', '4PEPTtex', 'ALAGLUE', 'ASNN', 'AMPTASECG', 'ASNabcpp', 'ASNtex', 'CGLYabcpp', 'CGLYtex', 'CYSDS', 'ARGabcpp', 'ARGtex', 'ETHAAL', 'G3PEabcpp', 'G3PEtex', 'GMPR', 'GPDDA2', 'INStex', 'LADGMDH', 'ILEabcpp', 'ILEtex', 'LALGP', 'INSK', 'LEUabcpp', 'LEUtex', 'NI2tpp', 'NI2uabcpp', 'NTPP2', 'OPHHX3', 'PIuabcpp', 'PROabcpp', 'PROtex', 'SERD_L', 'VALabcpp', 'VALtex']","[-5.014314024886817e-06, 1.4155709351096977e-06, 1.349080207546649e-06, 1.8102927208211994e-06, 2.1951563651811945e-06, 1.441214137032354e-06, 2.211852516142976e-06, 2.1277038112613494e-06, 1.0770646239176384e-06, 2.06469386698771e-06, 1.5344476998493811e-06, -1.6720129829704593e-06, -1.6720129829704593e-06, -1.810292701520666e-06, -1.6720130133762723e-06, -1.037339713461094e-06, -2.1277038112613494e-06, -2.211852516142976e-06, -2.211852461186936e-06, -2.1277038112613494e-06, -2.127703851328988e-06, -1.0866319343088866e-06, -1.441214137032354e-06, -1.4412141808861634e-06, -1.1244418699183344e-06, -1.5344476998493811e-06, -1.5344477333201212e-06, 1.3524348299043254e-06, -1.1244418699183344e-06, -1.349080207546649e-06, -1.6720129829704593e-06, -1.4155709351096977e-06, -1.4155709777696757e-06, -1.6720129829704593e-06, -1.349080253801858e-06, -2.1951563651811945e-06, -2.1951564121991396e-06, -0.0003014420807444056, 0.00030144054134999997, 1.6238365785625763e-06, -2.495574786820498e-06, -2.818245728342106e-06, -1.0770646239176384e-06, -1.0770646667879191e-06, 1.942857862100119e-06, -2.06469386698771e-06, -2.064693831016484e-06]","[5.014314024886817e-06, 1.4155709351096977e-06, 1.349080207546649e-06, 1.8102927208211994e-06, 2.1951563651811945e-06, 1.441214137032354e-06, 2.211852516142976e-06, 2.1277038112613494e-06, 1.0770646239176384e-06, 2.06469386698771e-06, 1.5344476998493811e-06, 1.6720129829704593e-06, 1.6720129829704593e-06, 1.810292701520666e-06, 1.6720130133762723e-06, 1.037339713461094e-06, 2.1277038112613494e-06, 2.211852516142976e-06, 2.211852461186936e-06, 2.1277038112613494e-06, 2.127703851328988e-06, 1.0866319343088866e-06, 1.441214137032354e-06, 1.4412141808861634e-06, 1.1244418699183344e-06, 1.5344476998493811e-06, 1.5344477333201212e-06, 1.3524348299043254e-06, 1.1244418699183344e-06, 1.349080207546649e-06, 1.6720129829704593e-06, 1.4155709351096977e-06, 1.4155709777696757e-06, 1.6720129829704593e-06, 1.349080253801858e-06, 2.1951563651811945e-06, 2.1951564121991396e-06, 0.0003014420807444056, 0.00030144054134999997, 1.6238365785625763e-06, 2.495574786820498e-06, 2.818245728342106e-06, 1.0770646239176384e-06, 1.0770646667879191e-06, 1.942857862100119e-06, 2.06469386698771e-06, 2.064693831016484e-06]","['BIOMASS_Ec_iJO1366_WT_53p95M', '4PCP', '4PEPTabcpp', 'ALAGLUE', 'ASNN', 'AMPTASECG', 'ASNabcpp', 'CGLYabcpp', 'CYSDS', 'ARGabcpp', 'G3PEabcpp', 'LADGMDH', 'ILEabcpp', 'LALGP', 'INSK', 'LEUabcpp', 'NI2tpp', 'OPHHX3', 'PIuabcpp', 'PROabcpp', 'VALabcpp']","['EX_ile__L_e', 'EX_ins_e', 'EX_LalaDgluMdapDala_e', 'EX_leu__L_e', 'EX_arg__L_e', 'EX_asn__L_e', 'EX_cgly_e', 'EX_pro__L_e', 'EX_val__L_e', 'EX_g3pe_e', '4PEPTtex', 'ASNtex', 'CGLYtex', 'ARGtex', 'G3PEtex', 'GMPR', 'INStex', 'ILEtex', 'LEUtex', 'NI2uabcpp', 'NTPP2', 'PROtex', 'SERD_L', 'VALtex']","['ETHAAL', 'GPDDA2']",NI2tpp,NI2uabcpp,0.0008209875081737149,1,47,2,-19.0,-3.568795315701092e-05,iJO1366,PSL,False,False,0.0,0.0,0.0,0.0
212,"['ADK3', 'NDPK1']","[-0.712639036839505, -0.712639036839505]","[0.712639036839505, 0.712639036839505]",['NDPK1'],['ADK3'],[],NDPK1,ADK3,2.137917110518229,1,2,0,2.0,1.42527807367901,iJO1366,PSL,True,True,-999.962492976983,-1000.0,0.0191130259884161,0.0
213,"['EX_co2_e', 'EX_cobalt2_e', 'DM_4crsol_c', 'DM_5drib_c', 'DM_amob_c', 'DM_mththf_c', 'BIOMASS_Ec_iJO1366_core_53p95M', 'EX_glyclt_e', 'EX_h_e', 'EX_h2o_e', 'EX_k_e', 'EX_ac_e', 'EX_cu2_e', 'EX_meoh_e', 'EX_mg2_e', 'EX_mn2_e', 'EX_mobd_e', 'EX_nh4_e', 'EX_ca2_e', 'EX_ni2_e', 'EX_o2_e', 'EX_cl_e', 'EX_pi_e', 'EX_zn2_e', 'EX_so4_e', 'EX_succ_e', 'EX_etoh_e', 'EX_fe2_e', 'EX_fe3_e', '5DOAN', 'A5PISO', 'AACPS3', 'AACPS4', 'AACPS7', 'ACACT1r', 'ACACT2r', 'ACACT3r', 'ACACT4r', 'ACACT5r', 'EX_for_e', 'ACACT6r', 'ACACT7r', '3OAR140', 'ACALD', 'ACCOAC', '3OAS140', 'ACGK', 'ACGS', 'ACHBS', 'ACLS', 'ACOAD1f', 'ACOAD2f', 'ACOAD3f', 'ACOAD4f', 'ACOAD5f', 'ACOAD6f', 'ACOAD7f', 'ACODA', 'ACONTa', 'ACONTb', 'ACOTA', 'AGPAT160', 'AGPAT161', 'AGPR', 'ACtex', 'ADCL', 'AHCYSNS', 'ADCS', 'AICART', 'AIRC2', 'AIRC3', 'AKGDH', 'ADNK1', 'ALAALAr', 'ALAR', 'ALCD2x', 'ADSK', 'ADSL1r', 'ADSL2r', 'ADSS', 'AMAOTr', 'AMPMS2', 'ASNS2', 'ASP1DC', 'ASPCT', 'ASPK', 'ANPRT', 'ASPO6', 'ANS', 'AOXSr2', 'ASPTA', 'CBMKr', 'ATPPRT', 'ATPS4rpp', 'BMOCOS', 'BMOGDS1', 'BMOGDS2', 'BPNT', 'CDPMEK', 'BTS5', 'CA2t3pp', 'CA2tex', 'CHORM', 'CHORS', 'CHRPL', 'CLt3_2pp', 'CLtex', 'CO2tex', 'CO2tpp', 'COBALT2tex', 'COBALT2tpp', 'CPMPS', 'CYSS', 'CPPPGO', 'CPPPGO2', 'CYSTL', 'APRAUR', 'CYTBO3_4pp', 'CS', 'CYTK1', 'CTECOAI7', 'CTPS2', 'CU2tex', 'CU2tpp', 'DALAt2pp', 'DAPDC', 'DAPE', 'DDPA', 'DASYN160', 'DASYN161', 'DB4PS', 'DHAD1', 'DHAD2', 'DHAPT', 'DBTS', 'DHDPRy', 'DHDPS', 'DHFR', 'DHFS', 'DNMPPA', 'DNTPPA', 'DHNPA2r', 'DHORD2', 'DHORTS', 'DPCOAK', 'DPR', 'DHPPDA2', 'ARGSL', 'DHPS2', 'DHPTDCs2', 'ARGSS', 'DHQS', 'DHQTi', 'DTMPK', 'DUTPDP', 'DXPRIi', 'DXPS', 'DMATT', 'DMPPS', 'E4PD', 'ASAD', 'ECOAH5', 'ECOAH6', 'ECOAH7', 'EGMEACPR', 'ENO', 'EPMEACPR', 'ECOAH1', 'FCLT', 'ECOAH2', 'ECOAH3', 'ECOAH4', 'ETOHtex', 'ETOHtrpp', 'F6PA', 'FMNAT', 'FORtex', 'FORtppi', 'FACOAE120', 'FUM', 'FACOAE160', 'FACOAE161', 'G1PACT', 'G1SAT', 'G3PAT160', 'G3PAT161', 'FADRx', 'G3PD2', 'GHMT2r', 'G5SADs', 'FE2tex', 'G5SD', 'GK1', 'G6PDH2r', 'FE2tpp', 'GLNS', 'GLU5K', 'GAPD', 'GLUDy', 'GLUPRT', 'GLUR', 'GARFT', 'GART', 'GLUTRR', 'GLUTRS', 'GCALDD', 'FE3abcpp', 'FE3tex', 'GF6PTA', 'H2Otex', 'H2Otpp', 'GLYCLTt2rpp', 'GLYCLTtex', 'GLYCTO2', 'HACD1', 'HACD2', 'HACD3', 'HACD4', 'HACD5', 'HACD6', 'HACD7', 'HBZOPT', 'HCO3E', 'GMPS2', 'GND', 'HISTD', 'HISTP', 'HMBS', 'GRTT', 'HPPK2', 'HSDy', 'GTPCI', 'GTPCII2', 'HSK', 'HSST', 'IPDPS', 'HSTPT', 'IPMD', 'IPPMIa', 'IPPMIb', 'IPPS', 'K2L4Aabcpp', 'K2L4Aabctex', 'KARA1', 'KARA2', 'KDOCT2', 'KDOPP', 'Htex', 'KDOPS', 'Kt2pp', 'Ktex', 'I2FE2SR', 'I2FE2SS', 'I2FE2SS2', 'I2FE2ST', 'I4FE4SR', 'I4FE4ST', 'ICDHyr', 'ICYSDS', 'IG3PS', 'IGPDH', 'IGPS', 'LPADSS', 'ILETA', 'IMPC', 'IMPD', 'LEUTAi', 'MALCOAMT', 'MALS', 'MEOHtex', 'MEOHtrpp', 'MEPCT', 'METAT', 'METS', 'MG2t3_2pp', 'MG2tex', 'MCOATA', 'MCTP1App', 'MDH', 'MECDPDH5', 'MECDPS', 'MOADSUx', 'MOAT', 'MN2tpp', 'MOAT2', 'MOBDabcpp', 'MOBDtex', 'MOCOS', 'MOHMT', 'MOX', 'MPTAT', 'MPTG', 'MNtex', 'MPTS', 'MPTSS', 'NH4tex', 'NH4tpp', 'MTHFC', 'MTHFD', 'MTHFR2', 'MTHTHFSs', 'NI2tex', 'NI2tpp', 'NADH16pp', 'NADK', 'NNATr', 'NNDPR', 'NADS1', 'NDPK2', 'NDPK3', 'NDPK4', 'OPMEACPS', 'ORPT', 'P5CR', 'O2tex', 'O2tpp', 'OCBT', 'PANTS', 'OCTDPS', 'OGMEACPD', 'OGMEACPR', 'OGMEACPS', 'OHPBAT', 'OMCDC', 'PAPPT3', 'PAPSR', 'OMPDC', 'OPHBDC', 'PDH', 'PDX5PO2', 'PDX5POi', 'PDX5PS', 'OPHHX', 'OPHHX3', 'OPMEACPD', 'OPMEACPR', 'PE160abcpp', 'PE161abcpp', 'PGAMT', 'PGCD', 'PGI', 'PGK', 'PGL', 'PGM', 'PERD', 'PFL', 'PHETA1', 'PMDPHT', 'PMEACPE', 'PIt2rpp', 'PMPK', 'PNTK', 'PItex', 'POR5', 'PPBNGS', 'PPC', 'PPCDC', 'PPNCL2', 'PPND', 'PPNDH', 'PPPGO3', 'PRAGSr', 'PRAIS', 'PRAIi', 'PRAMPC', 'PRASCSi', 'PRATPP', 'PRFGS', 'PRMICI', 'PSCVT', 'RNTR4c2', 'RPI', 'PSD160', 'PYK', 'PSD161', 'SADT2', 'SDPDS', 'SDPTA', 'PSERT', 'PSP_L', 'PSSA160', 'SERAT', 'PSSA161', 'PTPATi', 'SHCHD2', 'SHCHF', 'PUNP1', 'SHK3Dr', 'SHKK', 'SHSL1', 'SO4t2pp', 'SO4tex', 'QULNS', 'THRD_L', 'THRS', 'SUCCt3pp', 'SUCCtex', 'SUCDi', 'SUCOAS', 'THZPSN3', 'TKT1', 'RBFK', 'TKT2', 'RBFSa', 'SULR', 'TALA', 'TMDS', 'RBFSb', 'TMPK', 'TMPPP', 'TPI', 'TRDR', 'TDSK', 'THD2pp', 'THDPS', 'TRPAS2', 'TRPS3', 'TYRL', 'TYRTA', 'U23GAAT', 'UAAGDS', 'UAGAAT', 'USHD', 'UAGCVT', 'UAGDP', 'UAGPT3', 'UAMAGS', 'UAMAS', 'UAPGR', 'UDCPDP', 'UDCPDPS', 'RHCCE', 'ZN2tpp', 'Zn2tex', 'UGMDDS', 'UHGADA', 'UMPK', 'UPP3MT', 'UPP3S', 'UPPDC1', 'RNTR1c2', 'RNTR2c2', 'RNTR3c2']","[-12.01647017919731, 1.75956625e-05, -0.00015695330949999997, -5.603698879999997e-05, -1.4076529999999999e-06, -0.0003153142720000265, -0.7038264999999999, 0.00015348596054998165, 7.452307508862866, -40.884453497953125, 0.13738200601449999, 6.11215840308455, 0.0004990129885, -1.4076529999999999e-06, 0.006105694887499999, 0.00048634411149999987, 9.079361849999999e-05, 7.601906153023163, 0.0036634169324999996, 0.00022733595949999997, 17.00387396426199, 0.0036634169324999996, 0.6789328605152245, 0.00024000483649999995, 0.1775120815647009, 0.07604644309079998, 10.358885738592077, 0.005808680104499999, 0.005495477311999999, -5.603698879999997e-05, -0.02738729676799999, -0.08982796854199998, -0.10587521274199999, -0.05477459353599998, -0.25047777482, -0.25047777482, -0.25047777482, -0.25047777482, -0.25047777482, 7.660319380692684, -0.195703181284, -0.195703181284, -0.05477459353599998, -10.358885738592077, -0.05477881649499998, -0.05477459353599998, -0.208186248088, -0.208186248088, -0.20448200921849993, -0.6153336903282431, 0.25047777482, 0.25047777482, 0.25047777482, 0.25047777482, 0.25047777482, 0.195703181284, 0.08982796854200001, -0.208186248088, -6.438734226211736, -6.438734226211736, 0.208186248088, -0.04491398427099999, -0.05293760637099999, 0.208186248088, -6.11215840308455, -0.0004708599284998227, -0.0003153142720000265, -0.0004708599284998227, -0.38200394435209317, -0.3153248293950931, 0.3153248293950931, -5.681985604023744, -0.00037135126080002645, -0.019557930781999997, -0.029336896172980936, -10.358885738592077, -0.1744588822077009, -0.21047016507810778, -0.31532482939509315, -0.21047016507810778, -1.4076529999999999e-06, -0.00015695330949999997, -0.16966089695749997, -0.00040540406370097315, -0.23282228706749983, -0.7524440193139998, -0.04000760973949999, -0.0016033167669746717, -0.04000760973949999, -1.4076529999999999e-06, 2.0605780636883186, -0.4410085351554998, -0.06667911495699999, -54.48065026834075, -8.586683299999999e-05, -8.586683299999999e-05, -8.586683299999999e-05, -0.1744588822077009, -0.0016814415085000525, -1.4076529999999999e-06, 0.0036634169324999996, -0.0036634169324999996, -0.22760622887599996, -0.2682416518534998, -0.0001569533095000088, -0.0018317084662499998, -0.0036634169324999996, 12.01647017919731, 12.01647017919731, -1.75956625e-05, -1.75956625e-05, -0.00017173366599999997, -0.1744588822077009, -0.00020811529634999997, 5.116198685e-05, -0.10832664044149998, -0.0003139066190000519, -34.00712358263493, -6.438734226211736, -0.12732573298220107, 0.10587521274199999, -0.1129817489124999, -0.0004990129885, -0.0004990129885, -0.009778965390999999, -0.24152580556649994, -0.2610837363484999, -0.2682416518534998, -0.04491398427099999, -0.05293760637099999, -0.0006278132380001039, -0.6153336903282431, -0.20448200921849993, 0.8856830334158676, -1.4076529999999999e-06, -0.2610837363484999, -0.2610837363484999, -0.018887184127499818, -0.0004708599284998227, -0.0004708599284998227, -0.0004708599284998227, -0.0004708599284998227, -0.23282228706749986, 0.23282228706749983, -0.00040540406370097315, -0.00040540406370097315, -0.0003139066190000519, -0.208186248088, -0.0004708599284998227, -0.0003153142720000265, -0.208186248088, -0.2682416518534998, -0.2682416518534998, -0.018416324198999995, -0.018416324198999995, -0.0016814415085000525, -0.0019953481275000523, -0.00019566376700000718, -0.00019566376700000718, -0.00015695330949999997, 0.7524440193139998, -0.25047777482, -0.195703181284, -0.195703181284, -1.4076529999999999e-06, 3.1378712581595014, -1.4076529999999999e-06, -0.25047777482, -0.00015695330949999997, -0.25047777482, -0.25047777482, -0.25047777482, -10.358885738592077, -10.358885738592077, 0.8856830334158676, -0.00015695330950005193, -7.660319380692684, 7.660319380692684, -0.05477459353599998, -6.492013289675746, -0.08982796854200001, -0.10587521274199999, -0.06650315833199996, -0.0025112529519999995, -0.04491398427099999, -0.05293760637099999, -1.5384873080850006, 0.097851590642, -0.746672642011593, -0.1555843669575, -0.005808680104499999, -0.1555843669575, -0.17153377927398447, -0.8191798750838563, -0.005808680104499999, -1.2743588182926704, -0.1555843669575, 1.967008015210208, 5.9804862646215176, -0.3154817827045931, 0.01955793078199998, -0.23689110806429903, -0.07859067464029407, -0.0025112529519999995, -0.0025112529519999995, -0.0004708599284998227, -0.005495477311999999, -0.005495477311999999, -0.06650315833199996, 40.884453497953125, 40.884453497953125, -0.00015348596054998165, -0.00015348596054998165, -0.0006243458890498044, -0.25047777482, -0.25047777482, -0.25047777482, -0.25047777482, -0.25047777482, -0.195703181284, -0.195703181284, -0.0001569533095000088, -0.3701036458900931, -0.17153377927398447, -0.8191798750838563, -0.06667911495699999, -0.06667911495699999, -0.00031390661899999994, -0.00019566376700000718, -0.0004708599284998227, 0.49136028296549994, -0.0004708599284998227, -0.0003139066190000519, -0.38303364252399996, -0.10832664044149998, -0.0014857777415000452, -0.06667911495699999, -0.3170956568715, 0.3170956568715, 0.3170956568715, -0.3170956568715, -0.013693648383999998, -0.013693648383999998, 0.6153336903282431, -0.20448200921849993, -0.02738729676799999, -0.02738729676799999, -7.452307508862866, -0.02738729676799999, -0.13738200601449999, -0.13738200601449999, -1.4076529999999999e-06, -0.00020129437899999995, -0.00018299488999999996, -1.9707141999999995e-05, -0.00018299488999999996, -0.00018299488999999996, -6.438734226211736, -0.0012704068324999995, -0.06667911495699999, -0.06667911495699999, -0.04000760973949999, -0.013693648383999994, 0.20448200921849993, 0.38200394435209317, -0.17153377927398447, -0.3170956568715, -1.4076529999999999e-06, -0.0006243458890498044, 1.4076529999999999e-06, 1.4076529999999999e-06, -0.0016814415085000525, -0.0005297122233000263, -0.1086419547135, -0.006105694887499999, -0.006105694887499999, -0.054777408841999976, -0.009778965390999999, -6.494189790344921, -0.0016814415085000525, -0.0016814415085000525, -0.00034346733199999994, -0.013693648383999994, -0.00048634411149999987, -0.013693648383999998, -9.079361849999999e-05, -9.079361849999999e-05, -8.586683299999999e-05, -0.00040540406370097315, 0.0015521547801246717, -0.00017173366599999997, -0.009778965390999999, -0.00048634411149999987, -0.00017173366599999997, -0.00034346733199999994, -7.601906153023163, -7.601906153023163, -0.6190520057258923, -0.6190520057258923, -0.1086419547135, -0.0003153142720000265, -0.00022733595949999997, -0.00022733595949999997, -28.015174042635337, -0.0003146104454998522, -0.0016033167669746717, -0.0016033167669746717, -0.0016033167669746717, -0.29932544539949985, -0.12732573298220107, -0.018416324198999995, -1.4076529999999999e-06, 0.23282228706749988, -0.1555843669575, -17.00387396426199, -17.00387396426199, -0.208186248088, -0.00040540406370097315, -0.0001569533095000088, -1.4076529999999999e-06, -1.4076529999999999e-06, -1.4076529999999999e-06, -0.00015695330949999997, -0.3170956568715, -0.019557930781999997, -0.1744588822077009, -0.23282228706749988, -0.00015695330949999997, 0.21951168170779223, -0.00020811529634999997, 5.116198685e-05, -0.00015695330949999997, -0.00020811529634999997, 5.116198685e-05, -1.4076529999999999e-06, -1.4076529999999999e-06, -0.032338012369, -0.014822586089999996, 0.06650315833199996, -1.170863242949294, 0.8191798750838561, -1.967008015210208, -0.8191798750838563, -3.1378712581595014, -0.00015695330949999997, 7.58345519245689, 0.1303944165225, -0.0003139066190000519, -1.4076529999999999e-06, -0.6789328605152245, -0.00015695330949999997, -0.00040540406370097315, -0.6789328605152245, -0.07654465100750002, -0.0012556264759999998, -2.0066746543352565, -0.00040540406370097315, -0.00040540406370097315, -0.09721181235349999, -0.1303944165225, -0.00015695330949999997, -0.3154817827045931, -0.3154817827045931, -0.04000760973949999, -0.06667911495699999, -0.3153248293950931, -0.06667911495699999, -0.3154817827045931, -0.06667911495699999, -0.2682416518534998, -0.018416324198999995, 0.7911647650777951, -0.04491398427099999, 4.842291410335892, -0.05293760637099999, -0.1744588822077009, -0.2610837363484999, 0.2610837363484999, -1.170863242949294, -1.170863242949294, -0.04491398427099999, -0.1744588822077009, -0.05293760637099999, -0.00040540406370097315, -0.00015695330949999997, -0.00015695330949999997, 0.00037135126080002645, -0.2682416518534998, -0.2682416518534998, -0.10832664044149998, -0.1775120815647009, -0.1775120815647009, -0.0016033167669746717, -0.20448200921849993, -0.38303364252399996, 0.07604644309079998, -0.07604644309079998, -5.758502907043044, 5.3125752272337445, -0.00015695330949999997, -0.13419930258149992, -0.00015695330950005193, 0.13419930258149992, -0.0006278132380001039, -0.1744588822077009, -0.13419930258149992, -0.018416324198999995, -0.0003139066190000519, -0.00015695330949999997, -0.00015695330949999997, 0.985137940824842, -0.1744588822077009, -0.013693648383999994, -1.2907790248399253, -0.2610837363484999, 0.04000760973949999, -0.04000760973949999, -0.00015695330949999997, 0.09721181235349999, -0.02738729676799999, -0.01955793078199998, -0.02738729676799999, -0.013693648383999994, -0.01955793078199998, -0.06650315833199996, -0.019557930781999997, -0.01955793078199998, -0.01955793078199998, -0.01955793078199998, -0.019557930781999997, -3.8710457499998376e-05, -0.0003153142720000265, -0.00024000483649999995, -0.00024000483649999995, -0.019557930781999997, -0.02738729676799999, -0.2660738662334998, -0.00015695330949999997, -0.00031390661899999994, -0.00015695330949999997, -0.018416324198999995, -0.019015280550499995, -0.019015280550499995]","[12.01647017919731, 1.75956625e-05, 0.00015695330949999997, 5.603698879999997e-05, 1.4076529999999999e-06, 0.0003153142720000265, 0.7038264999999999, 0.00015348596054998165, 7.452307508862866, 40.884453497953125, 0.13738200601449999, 6.11215840308455, 0.0004990129885, 1.4076529999999999e-06, 0.006105694887499999, 0.00048634411149999987, 9.079361849999999e-05, 7.601906153023163, 0.0036634169324999996, 0.00022733595949999997, 17.00387396426199, 0.0036634169324999996, 0.6789328605152245, 0.00024000483649999995, 0.1775120815647009, 0.07604644309079998, 10.358885738592077, 0.005808680104499999, 0.005495477311999999, 5.603698879999997e-05, 0.02738729676799999, 0.08982796854199998, 0.10587521274199999, 0.05477459353599998, 0.25047777482, 0.25047777482, 0.25047777482, 0.25047777482, 0.25047777482, 7.660319380692684, 0.195703181284, 0.195703181284, 0.05477459353599998, 10.358885738592077, 0.05477881649499998, 0.05477459353599998, 0.208186248088, 0.208186248088, 0.20448200921849993, 0.6153336903282431, 0.25047777482, 0.25047777482, 0.25047777482, 0.25047777482, 0.25047777482, 0.195703181284, 0.08982796854200001, 0.208186248088, 6.438734226211736, 6.438734226211736, 0.208186248088, 0.04491398427099999, 0.05293760637099999, 0.208186248088, 6.11215840308455, 0.0004708599284998227, 0.0003153142720000265, 0.0004708599284998227, 0.38200394435209317, 0.3153248293950931, 0.3153248293950931, 5.681985604023744, 0.00037135126080002645, 0.019557930781999997, 0.029336896172980936, 10.358885738592077, 0.1744588822077009, 0.21047016507810778, 0.31532482939509315, 0.21047016507810778, 1.4076529999999999e-06, 0.00015695330949999997, 0.16966089695749997, 0.00040540406370097315, 0.23282228706749983, 0.7524440193139998, 0.04000760973949999, 0.0016033167669746717, 0.04000760973949999, 1.4076529999999999e-06, 2.0605780636883186, 0.4410085351554998, 0.06667911495699999, 54.48065026834075, 8.586683299999999e-05, 8.586683299999999e-05, 8.586683299999999e-05, 0.1744588822077009, 0.0016814415085000525, 1.4076529999999999e-06, 0.0036634169324999996, 0.0036634169324999996, 0.22760622887599996, 0.2682416518534998, 0.0001569533095000088, 0.0018317084662499998, 0.0036634169324999996, 12.01647017919731, 12.01647017919731, 1.75956625e-05, 1.75956625e-05, 0.00017173366599999997, 0.1744588822077009, 0.00020811529634999997, 5.116198685e-05, 0.10832664044149998, 0.0003139066190000519, 34.00712358263493, 6.438734226211736, 0.12732573298220107, 0.10587521274199999, 0.1129817489124999, 0.0004990129885, 0.0004990129885, 0.009778965390999999, 0.24152580556649994, 0.2610837363484999, 0.2682416518534998, 0.04491398427099999, 0.05293760637099999, 0.0006278132380001039, 0.6153336903282431, 0.20448200921849993, 0.8856830334158676, 1.4076529999999999e-06, 0.2610837363484999, 0.2610837363484999, 0.018887184127499818, 0.0004708599284998227, 0.0004708599284998227, 0.0004708599284998227, 0.0004708599284998227, 0.23282228706749986, 0.23282228706749983, 0.00040540406370097315, 0.00040540406370097315, 0.0003139066190000519, 0.208186248088, 0.0004708599284998227, 0.0003153142720000265, 0.208186248088, 0.2682416518534998, 0.2682416518534998, 0.018416324198999995, 0.018416324198999995, 0.0016814415085000525, 0.0019953481275000523, 0.00019566376700000718, 0.00019566376700000718, 0.00015695330949999997, 0.7524440193139998, 0.25047777482, 0.195703181284, 0.195703181284, 1.4076529999999999e-06, 3.1378712581595014, 1.4076529999999999e-06, 0.25047777482, 0.00015695330949999997, 0.25047777482, 0.25047777482, 0.25047777482, 10.358885738592077, 10.358885738592077, 0.8856830334158676, 0.00015695330950005193, 7.660319380692684, 7.660319380692684, 0.05477459353599998, 6.492013289675746, 0.08982796854200001, 0.10587521274199999, 0.06650315833199996, 0.0025112529519999995, 0.04491398427099999, 0.05293760637099999, 1.5384873080850006, 0.097851590642, 0.746672642011593, 0.1555843669575, 0.005808680104499999, 0.1555843669575, 0.17153377927398447, 0.8191798750838563, 0.005808680104499999, 1.2743588182926704, 0.1555843669575, 1.967008015210208, 5.9804862646215176, 0.3154817827045931, 0.01955793078199998, 0.23689110806429903, 0.07859067464029407, 0.0025112529519999995, 0.0025112529519999995, 0.0004708599284998227, 0.005495477311999999, 0.005495477311999999, 0.06650315833199996, 40.884453497953125, 40.884453497953125, 0.00015348596054998165, 0.00015348596054998165, 0.0006243458890498044, 0.25047777482, 0.25047777482, 0.25047777482, 0.25047777482, 0.25047777482, 0.195703181284, 0.195703181284, 0.0001569533095000088, 0.3701036458900931, 0.17153377927398447, 0.8191798750838563, 0.06667911495699999, 0.06667911495699999, 0.00031390661899999994, 0.00019566376700000718, 0.0004708599284998227, 0.49136028296549994, 0.0004708599284998227, 0.0003139066190000519, 0.38303364252399996, 0.10832664044149998, 0.0014857777415000452, 0.06667911495699999, 0.3170956568715, 0.3170956568715, 0.3170956568715, 0.3170956568715, 0.013693648383999998, 0.013693648383999998, 0.6153336903282431, 0.20448200921849993, 0.02738729676799999, 0.02738729676799999, 7.452307508862866, 0.02738729676799999, 0.13738200601449999, 0.13738200601449999, 1.4076529999999999e-06, 0.00020129437899999995, 0.00018299488999999996, 1.9707141999999995e-05, 0.00018299488999999996, 0.00018299488999999996, 6.438734226211736, 0.0012704068324999995, 0.06667911495699999, 0.06667911495699999, 0.04000760973949999, 0.013693648383999994, 0.20448200921849993, 0.38200394435209317, 0.17153377927398447, 0.3170956568715, 1.4076529999999999e-06, 0.0006243458890498044, 1.4076529999999999e-06, 1.4076529999999999e-06, 0.0016814415085000525, 0.0005297122233000263, 0.1086419547135, 0.006105694887499999, 0.006105694887499999, 0.054777408841999976, 0.009778965390999999, 6.494189790344921, 0.0016814415085000525, 0.0016814415085000525, 0.00034346733199999994, 0.013693648383999994, 0.00048634411149999987, 0.013693648383999998, 9.079361849999999e-05, 9.079361849999999e-05, 8.586683299999999e-05, 0.00040540406370097315, 0.0015521547801246717, 0.00017173366599999997, 0.009778965390999999, 0.00048634411149999987, 0.00017173366599999997, 0.00034346733199999994, 7.601906153023163, 7.601906153023163, 0.6190520057258923, 0.6190520057258923, 0.1086419547135, 0.0003153142720000265, 0.00022733595949999997, 0.00022733595949999997, 28.015174042635337, 0.0003146104454998522, 0.0016033167669746717, 0.0016033167669746717, 0.0016033167669746717, 0.29932544539949985, 0.12732573298220107, 0.018416324198999995, 1.4076529999999999e-06, 0.23282228706749988, 0.1555843669575, 17.00387396426199, 17.00387396426199, 0.208186248088, 0.00040540406370097315, 0.0001569533095000088, 1.4076529999999999e-06, 1.4076529999999999e-06, 1.4076529999999999e-06, 0.00015695330949999997, 0.3170956568715, 0.019557930781999997, 0.1744588822077009, 0.23282228706749988, 0.00015695330949999997, 0.21951168170779223, 0.00020811529634999997, 5.116198685e-05, 0.00015695330949999997, 0.00020811529634999997, 5.116198685e-05, 1.4076529999999999e-06, 1.4076529999999999e-06, 0.032338012369, 0.014822586089999996, 0.06650315833199996, 1.170863242949294, 0.8191798750838561, 1.967008015210208, 0.8191798750838563, 3.1378712581595014, 0.00015695330949999997, 7.58345519245689, 0.1303944165225, 0.0003139066190000519, 1.4076529999999999e-06, 0.6789328605152245, 0.00015695330949999997, 0.00040540406370097315, 0.6789328605152245, 0.07654465100750002, 0.0012556264759999998, 2.0066746543352565, 0.00040540406370097315, 0.00040540406370097315, 0.09721181235349999, 0.1303944165225, 0.00015695330949999997, 0.3154817827045931, 0.3154817827045931, 0.04000760973949999, 0.06667911495699999, 0.3153248293950931, 0.06667911495699999, 0.3154817827045931, 0.06667911495699999, 0.2682416518534998, 0.018416324198999995, 0.7911647650777951, 0.04491398427099999, 4.842291410335892, 0.05293760637099999, 0.1744588822077009, 0.2610837363484999, 0.2610837363484999, 1.170863242949294, 1.170863242949294, 0.04491398427099999, 0.1744588822077009, 0.05293760637099999, 0.00040540406370097315, 0.00015695330949999997, 0.00015695330949999997, 0.00037135126080002645, 0.2682416518534998, 0.2682416518534998, 0.10832664044149998, 0.1775120815647009, 0.1775120815647009, 0.0016033167669746717, 0.20448200921849993, 0.38303364252399996, 0.07604644309079998, 0.07604644309079998, 5.758502907043044, 5.3125752272337445, 0.00015695330949999997, 0.13419930258149992, 0.00015695330950005193, 0.13419930258149992, 0.0006278132380001039, 0.1744588822077009, 0.13419930258149992, 0.018416324198999995, 0.0003139066190000519, 0.00015695330949999997, 0.00015695330949999997, 0.985137940824842, 0.1744588822077009, 0.013693648383999994, 1.2907790248399253, 0.2610837363484999, 0.04000760973949999, 0.04000760973949999, 0.00015695330949999997, 0.09721181235349999, 0.02738729676799999, 0.01955793078199998, 0.02738729676799999, 0.013693648383999994, 0.01955793078199998, 0.06650315833199996, 0.019557930781999997, 0.01955793078199998, 0.01955793078199998, 0.01955793078199998, 0.019557930781999997, 3.8710457499998376e-05, 0.0003153142720000265, 0.00024000483649999995, 0.00024000483649999995, 0.019557930781999997, 0.02738729676799999, 0.2660738662334998, 0.00015695330949999997, 0.00031390661899999994, 0.00015695330949999997, 0.018416324198999995, 0.019015280550499995, 0.019015280550499995]","['EX_glyclt_e', 'EX_ac_e', 'EX_succ_e', 'EX_etoh_e', 'ACALD', 'ACtex', 'ALCD2x', 'CA2t3pp', 'CPPPGO2', 'ETOHtex', 'ETOHtrpp', 'GLYCLTt2rpp', 'GLYCLTtex', 'PDX5POi', 'OPHHX3', 'PYK', 'SUCCt3pp', 'SUCCtex']","['EX_o2_e', 'AKGDH', 'ADNK1', 'CPPPGO', 'CYTBO3_4pp', 'DHORD2', 'DMPPS', 'G6PDH2r', 'GART', 'GLYCTO2', 'GND', 'MALS', 'NADH16pp', 'O2tex', 'O2tpp', 'PAPSR', 'PDX5PO2', 'OPHHX', 'PGL', 'PUNP1', 'SUCDi', 'TRDR']","['EX_co2_e', 'EX_cobalt2_e', 'DM_4crsol_c', 'DM_5drib_c', 'DM_amob_c', 'DM_mththf_c', 'BIOMASS_Ec_iJO1366_core_53p95M', 'EX_h_e', 'EX_h2o_e', 'EX_k_e', 'EX_cu2_e', 'EX_meoh_e', 'EX_mg2_e', 'EX_mn2_e', 'EX_mobd_e', 'EX_nh4_e', 'EX_ca2_e', 'EX_ni2_e', 'EX_cl_e', 'EX_pi_e', 'EX_zn2_e', 'EX_so4_e', 'EX_fe2_e', 'EX_fe3_e', '5DOAN', 'A5PISO', 'AACPS3', 'AACPS4', 'AACPS7', 'ACACT1r', 'ACACT2r', 'ACACT3r', 'ACACT4r', 'ACACT5r', 'EX_for_e', 'ACACT6r', 'ACACT7r', '3OAR140', 'ACCOAC', '3OAS140', 'ACGK', 'ACGS', 'ACHBS', 'ACLS', 'ACOAD1f', 'ACOAD2f', 'ACOAD3f', 'ACOAD4f', 'ACOAD5f', 'ACOAD6f', 'ACOAD7f', 'ACODA', 'ACONTa', 'ACONTb', 'ACOTA', 'AGPAT160', 'AGPAT161', 'AGPR', 'ADCL', 'AHCYSNS', 'ADCS', 'AICART', 'AIRC2', 'AIRC3', 'ALAALAr', 'ALAR', 'ADSK', 'ADSL1r', 'ADSL2r', 'ADSS', 'AMAOTr', 'AMPMS2', 'ASNS2', 'ASP1DC', 'ASPCT', 'ASPK', 'ANPRT', 'ASPO6', 'ANS', 'AOXSr2', 'ASPTA', 'CBMKr', 'ATPPRT', 'ATPS4rpp', 'BMOCOS', 'BMOGDS1', 'BMOGDS2', 'BPNT', 'CDPMEK', 'BTS5', 'CA2tex', 'CHORM', 'CHORS', 'CHRPL', 'CLt3_2pp', 'CLtex', 'CO2tex', 'CO2tpp', 'COBALT2tex', 'COBALT2tpp', 'CPMPS', 'CYSS', 'CYSTL', 'APRAUR', 'CS', 'CYTK1', 'CTECOAI7', 'CTPS2', 'CU2tex', 'CU2tpp', 'DALAt2pp', 'DAPDC', 'DAPE', 'DDPA', 'DASYN160', 'DASYN161', 'DB4PS', 'DHAD1', 'DHAD2', 'DHAPT', 'DBTS', 'DHDPRy', 'DHDPS', 'DHFR', 'DHFS', 'DNMPPA', 'DNTPPA', 'DHNPA2r', 'DHORTS', 'DPCOAK', 'DPR', 'DHPPDA2', 'ARGSL', 'DHPS2', 'DHPTDCs2', 'ARGSS', 'DHQS', 'DHQTi', 'DTMPK', 'DUTPDP', 'DXPRIi', 'DXPS', 'DMATT', 'E4PD', 'ASAD', 'ECOAH5', 'ECOAH6', 'ECOAH7', 'EGMEACPR', 'ENO', 'EPMEACPR', 'ECOAH1', 'FCLT', 'ECOAH2', 'ECOAH3', 'ECOAH4', 'F6PA', 'FMNAT', 'FORtex', 'FORtppi', 'FACOAE120', 'FUM', 'FACOAE160', 'FACOAE161', 'G1PACT', 'G1SAT', 'G3PAT160', 'G3PAT161', 'FADRx', 'G3PD2', 'GHMT2r', 'G5SADs', 'FE2tex', 'G5SD', 'GK1', 'FE2tpp', 'GLNS', 'GLU5K', 'GAPD', 'GLUDy', 'GLUPRT', 'GLUR', 'GARFT', 'GLUTRR', 'GLUTRS', 'GCALDD', 'FE3abcpp', 'FE3tex', 'GF6PTA', 'H2Otex', 'H2Otpp', 'HACD1', 'HACD2', 'HACD3', 'HACD4', 'HACD5', 'HACD6', 'HACD7', 'HBZOPT', 'HCO3E', 'GMPS2', 'HISTD', 'HISTP', 'HMBS', 'GRTT', 'HPPK2', 'HSDy', 'GTPCI', 'GTPCII2', 'HSK', 'HSST', 'IPDPS', 'HSTPT', 'IPMD', 'IPPMIa', 'IPPMIb', 'IPPS', 'K2L4Aabcpp', 'K2L4Aabctex', 'KARA1', 'KARA2', 'KDOCT2', 'KDOPP', 'Htex', 'KDOPS', 'Kt2pp', 'Ktex', 'I2FE2SR', 'I2FE2SS', 'I2FE2SS2', 'I2FE2ST', 'I4FE4SR', 'I4FE4ST', 'ICDHyr', 'ICYSDS', 'IG3PS', 'IGPDH', 'IGPS', 'LPADSS', 'ILETA', 'IMPC', 'IMPD', 'LEUTAi', 'MALCOAMT', 'MEOHtex', 'MEOHtrpp', 'MEPCT', 'METAT', 'METS', 'MG2t3_2pp', 'MG2tex', 'MCOATA', 'MCTP1App', 'MDH', 'MECDPDH5', 'MECDPS', 'MOADSUx', 'MOAT', 'MN2tpp', 'MOAT2', 'MOBDabcpp', 'MOBDtex', 'MOCOS', 'MOHMT', 'MOX', 'MPTAT', 'MPTG', 'MNtex', 'MPTS', 'MPTSS', 'NH4tex', 'NH4tpp', 'MTHFC', 'MTHFD', 'MTHFR2', 'MTHTHFSs', 'NI2tex', 'NI2tpp', 'NADK', 'NNATr', 'NNDPR', 'NADS1', 'NDPK2', 'NDPK3', 'NDPK4', 'OPMEACPS', 'ORPT', 'P5CR', 'OCBT', 'PANTS', 'OCTDPS', 'OGMEACPD', 'OGMEACPR', 'OGMEACPS', 'OHPBAT', 'OMCDC', 'PAPPT3', 'OMPDC', 'OPHBDC', 'PDH', 'PDX5PS', 'OPMEACPD', 'OPMEACPR', 'PE160abcpp', 'PE161abcpp', 'PGAMT', 'PGCD', 'PGI', 'PGK', 'PGM', 'PERD', 'PFL', 'PHETA1', 'PMDPHT', 'PMEACPE', 'PIt2rpp', 'PMPK', 'PNTK', 'PItex', 'POR5', 'PPBNGS', 'PPC', 'PPCDC', 'PPNCL2', 'PPND', 'PPNDH', 'PPPGO3', 'PRAGSr', 'PRAIS', 'PRAIi', 'PRAMPC', 'PRASCSi', 'PRATPP', 'PRFGS', 'PRMICI', 'PSCVT', 'RNTR4c2', 'RPI', 'PSD160', 'PSD161', 'SADT2', 'SDPDS', 'SDPTA', 'PSERT', 'PSP_L', 'PSSA160', 'SERAT', 'PSSA161', 'PTPATi', 'SHCHD2', 'SHCHF', 'SHK3Dr', 'SHKK', 'SHSL1', 'SO4t2pp', 'SO4tex', 'QULNS', 'THRD_L', 'THRS', 'SUCOAS', 'THZPSN3', 'TKT1', 'RBFK', 'TKT2', 'RBFSa', 'SULR', 'TALA', 'TMDS', 'RBFSb', 'TMPK', 'TMPPP', 'TPI', 'TDSK', 'THD2pp', 'THDPS', 'TRPAS2', 'TRPS3', 'TYRL', 'TYRTA', 'U23GAAT', 'UAAGDS', 'UAGAAT', 'USHD', 'UAGCVT', 'UAGDP', 'UAGPT3', 'UAMAGS', 'UAMAS', 'UAPGR', 'UDCPDP', 'UDCPDPS', 'RHCCE', 'ZN2tpp', 'Zn2tex', 'UGMDDS', 'UHGADA', 'UMPK', 'UPP3MT', 'UPP3S', 'UPPDC1', 'RNTR1c2', 'RNTR2c2', 'RNTR3c2']",O2tex,CPPPGO2,619.1734945253917,1,443,403,-289.0,-167.64704800005762,iJO1366,PSL,False,False,0.0,0.0,1.96474362545396e-06,0.0
214,"['EX_co2_e', 'EX_cobalt2_e', 'DM_4crsol_c', 'DM_5drib_c', 'DM_amob_c', 'DM_mththf_c', 'BIOMASS_Ec_iJO1366_core_53p95M', 'EX_glyclt_e', 'EX_h_e', 'EX_h2o_e', 'EX_k_e', 'EX_ac_e', 'EX_cu2_e', 'EX_meoh_e', 'EX_mg2_e', 'EX_mn2_e', 'EX_mobd_e', 'EX_nh4_e', 'EX_ca2_e', 'EX_ni2_e', 'EX_o2_e', 'EX_cl_e', 'EX_pi_e', 'EX_zn2_e', 'EX_so4_e', 'EX_succ_e', 'EX_etoh_e', 'EX_fe2_e', 'EX_fe3_e', '5DOAN', 'A5PISO', 'AACPS3', 'AACPS4', 'AACPS7', 'ACACT1r', 'ACACT2r', 'ACACT3r', 'ACACT4r', 'ACACT5r', 'EX_for_e', 'ACACT6r', 'ACACT7r', '3OAR140', 'ACALD', 'ACCOAC', '3OAS140', 'ACGK', 'ACGS', 'ACHBS', 'ACLS', 'ACOAD1f', 'ACOAD2f', 'ACOAD3f', 'ACOAD4f', 'ACOAD5f', 'ACOAD6f', 'ACOAD7f', 'ACODA', 'ACONTa', 'ACONTb', 'ACOTA', 'AGPAT160', 'AGPAT161', 'AGPR', 'ACtex', 'ADCL', 'AHCYSNS', 'ADCS', 'AICART', 'AIRC2', 'AIRC3', 'AKGDH', 'ADNK1', 'ALAALAr', 'ALAR', 'ALCD2x', 'ADSK', 'ADSL1r', 'ADSL2r', 'ADSS', 'AMAOTr', 'AMPMS2', 'ASNS2', 'ASP1DC', 'ASPCT', 'ASPK', 'ANPRT', 'ASPO6', 'ANS', 'AOXSr2', 'ASPTA', 'CBMKr', 'ATPPRT', 'ATPS4rpp', 'BMOCOS', 'BMOGDS1', 'BMOGDS2', 'BPNT', 'CDPMEK', 'BTS5', 'CA2tex', 'CHORM', 'CHORS', 'CHRPL', 'CLt3_2pp', 'CLtex', 'CO2tex', 'CO2tpp', 'COBALT2tex', 'COBALT2tpp', 'CPMPS', 'CYSS', 'CPPPGO', 'CPPPGO2', 'CYSTL', 'APRAUR', 'CYTBO3_4pp', 'CS', 'CYTK1', 'CTECOAI7', 'CTPS2', 'CU2tex', 'CU2tpp', 'DALAt2pp', 'DAPDC', 'DAPE', 'DDPA', 'DASYN160', 'DASYN161', 'DB4PS', 'DHAD1', 'DHAD2', 'DHAPT', 'DBTS', 'DHDPRy', 'DHDPS', 'DHFR', 'DHFS', 'DNMPPA', 'DNTPPA', 'DHNPA2r', 'DHORD2', 'DHORTS', 'DPCOAK', 'DPR', 'DHPPDA2', 'ARGSL', 'DHPS2', 'DHPTDCs2', 'ARGSS', 'DHQS', 'DHQTi', 'DTMPK', 'DUTPDP', 'DXPRIi', 'DXPS', 'DMATT', 'DMPPS', 'E4PD', 'ASAD', 'ECOAH5', 'ECOAH6', 'ECOAH7', 'EGMEACPR', 'ENO', 'EPMEACPR', 'ECOAH1', 'FCLT', 'ECOAH2', 'ECOAH3', 'ECOAH4', 'ETOHtex', 'ETOHtrpp', 'F6PA', 'FMNAT', 'FORtex', 'FORtppi', 'FACOAE120', 'FUM', 'FACOAE160', 'FACOAE161', 'G1PACT', 'G1SAT', 'G3PAT160', 'G3PAT161', 'FADRx', 'G3PD2', 'GHMT2r', 'G5SADs', 'FE2tex', 'G5SD', 'GK1', 'G6PDH2r', 'FE2tpp', 'GLNS', 'GLU5K', 'GAPD', 'GLUDy', 'GLUPRT', 'GLUR', 'GARFT', 'GART', 'GLUTRR', 'GLUTRS', 'GCALDD', 'FE3abcpp', 'FE3tex', 'GF6PTA', 'H2Otex', 'H2Otpp', 'GLYCLTt2rpp', 'GLYCLTtex', 'GLYCTO2', 'HACD1', 'HACD2', 'HACD3', 'HACD4', 'HACD5', 'HACD6', 'HACD7', 'HBZOPT', 'HCO3E', 'GMPS2', 'GND', 'HISTD', 'HISTP', 'HMBS', 'GRTT', 'HPPK2', 'HSDy', 'GTPCI', 'GTPCII2', 'HSK', 'HSST', 'IPDPS', 'HSTPT', 'IPMD', 'IPPMIa', 'IPPMIb', 'IPPS', 'K2L4Aabcpp', 'K2L4Aabctex', 'KARA1', 'KARA2', 'KDOCT2', 'KDOPP', 'Htex', 'KDOPS', 'Kt2pp', 'Ktex', 'I2FE2SR', 'I2FE2SS', 'I2FE2SS2', 'I2FE2ST', 'I4FE4SR', 'I4FE4ST', 'ICDHyr', 'ICYSDS', 'IG3PS', 'IGPDH', 'IGPS', 'LPADSS', 'ILETA', 'IMPC', 'IMPD', 'LEUTAi', 'MALCOAMT', 'MALS', 'MEOHtex', 'MEOHtrpp', 'MEPCT', 'METAT', 'METS', 'MG2t3_2pp', 'MG2tex', 'MCOATA', 'MCTP1App', 'MDH', 'MECDPDH5', 'MECDPS', 'MOADSUx', 'MOAT', 'MN2tpp', 'MOAT2', 'MOBDabcpp', 'MOBDtex', 'MOCOS', 'MOHMT', 'MOX', 'MPTAT', 'MPTG', 'MNtex', 'MPTS', 'MPTSS', 'NH4tex', 'NH4tpp', 'MTHFC', 'MTHFD', 'MTHFR2', 'MTHTHFSs', 'NI2tex', 'NI2tpp', 'NADH16pp', 'NADK', 'NNATr', 'NNDPR', 'NADS1', 'NDPK2', 'NDPK3', 'NDPK4', 'OPMEACPS', 'ORPT', 'P5CR', 'O2tex', 'O2tpp', 'OCBT', 'PANTS', 'OCTDPS', 'OGMEACPD', 'OGMEACPR', 'OGMEACPS', 'OHPBAT', 'OMCDC', 'PAPPT3', 'PAPSR', 'OMPDC', 'OPHBDC', 'PDH', 'PDX5PO2', 'PDX5POi', 'PDX5PS', 'OPHHX', 'OPHHX3', 'OPMEACPD', 'OPMEACPR', 'PE160abcpp', 'PE161abcpp', 'PGAMT', 'PGCD', 'PGI', 'PGK', 'PGL', 'PGM', 'PERD', 'PFL', 'PHETA1', 'PMDPHT', 'PMEACPE', 'PIt2rpp', 'PMPK', 'PNTK', 'PItex', 'POR5', 'PPBNGS', 'PPC', 'PPCDC', 'PPNCL2', 'PPND', 'PPNDH', 'PPPGO3', 'PRAGSr', 'PRAIS', 'PRAIi', 'PRAMPC', 'PRASCSi', 'PRATPP', 'PRFGS', 'PRMICI', 'PSCVT', 'RNTR4c2', 'RPI', 'PSD160', 'PYK', 'PSD161', 'SADT2', 'SDPDS', 'SDPTA', 'PSERT', 'PSP_L', 'PSSA160', 'SERAT', 'PSSA161', 'PTPATi', 'SHCHD2', 'SHCHF', 'PUNP1', 'SHK3Dr', 'SHKK', 'SHSL1', 'SO4t2pp', 'SO4tex', 'QULNS', 'THRD_L', 'THRS', 'SUCCt3pp', 'SUCCtex', 'SUCDi', 'SUCOAS', 'THZPSN3', 'TKT1', 'RBFK', 'TKT2', 'RBFSa', 'SULR', 'TMDS', 'RBFSb', 'TMPK', 'TMPPP', 'TPI', 'TRDR', 'TDSK', 'THD2pp', 'THDPS', 'TRPAS2', 'TRPS3', 'TYRL', 'TYRTA', 'U23GAAT', 'UAAGDS', 'UAGAAT', 'USHD', 'UAGCVT', 'UAGDP', 'UAGPT3', 'UAMAGS', 'UAMAS', 'UAPGR', 'UDCPDP', 'UDCPDPS', 'RHCCE', 'ZN2tpp', 'Zn2tex', 'UGMDDS', 'UHGADA', 'UMPK', 'UPP3MT', 'UPP3S', 'UPPDC1', 'RNTR1c2', 'RNTR2c2', 'RNTR3c2']","[-12.016373533426327, 1.75956625e-05, -0.00015695330949999997, -5.649584069999998e-05, -1.8665048999999998e-06, -0.00031577312389999995, -0.7038264999999999, 0.0001534859605500094, 7.452167730976919, -40.884418338425206, 0.13738200601449999, 6.112110682438015, 0.0004990129885, -1.8665048999999998e-06, 0.006105694887499999, 0.00048634411149999987, 9.079361849999999e-05, 7.601909364999301, 0.0036634169325679977, 0.00022733595949999997, 17.003873820875462, 0.0036634169324999996, 0.6789328605216716, 0.00024000483649999995, 0.17751299926861044, 0.0760464430908, 10.35893850661346, 0.005808680104499999, 0.005495477311999999, -5.649584069999998e-05, -0.027387296767999995, -0.08982796854199998, -0.10587521274199999, -0.05477459353599999, -0.25047777482, -0.25047777482, -0.25047777482, -0.25047777482, -0.25047777482, 7.660229158867001, -0.195703181284, -0.195703181284, -0.05477459353599999, -10.35893850661346, -0.05478019305070002, -0.05477459353599999, -0.208186248088, -0.208186248088, -0.20448200921849993, -0.6153336903283795, 0.25047777482, 0.25047777482, 0.25047777482, 0.25047777482, 0.25047777482, 0.195703181284, 0.08982796854199998, -0.208186248088, -6.438733767355785, -6.438733767355785, 0.208186248088, -0.04491398427099999, -0.05293760637099999, 0.208186248088, -6.112110682438015, -0.0004708599284999615, -0.00031577312389999995, -0.0004708599284999615, -0.38200440320648116, -0.3153252882494812, 0.3153252882494812, -5.681985145167722, -0.0003722689646488206, -0.019557930781999997, -0.029336896172999997, -10.35893850661346, -0.17445979991161042, -0.21047062393242236, -0.31532528824948114, -0.21047062393242236, -1.8665048999999998e-06, -0.00015695330949999997, -0.16966089695749997, -0.00040540406383736405, -0.2328222870674999, -0.7524444781658999, -0.04000760973949999, -0.0016033167669744497, -0.04000760973949999, -1.8665048999999998e-06, 2.060579440249115, -0.4410085351554999, -0.06667911495699999, -54.48062319607464, -8.586683299999999e-05, -8.586683299999999e-05, -8.586683299999999e-05, -0.17445979991161042, -0.0016814415084999864, -1.8665048999999998e-06, -0.0036634169325679977, -0.22760622887599996, -0.26824165185349996, -0.00015695330949999997, -0.0018317084662499998, -0.0036634169324999996, 12.016373533426327, 12.016373533426327, -1.75956625e-05, -1.75956625e-05, -0.00017173366599999997, -0.17445979991161042, -0.00020811529634999997, 5.116198685e-05, -0.10832709929339998, -0.000313906618999984, -34.007123295861874, -6.438733767355785, -0.12732573298233735, 0.10587521274199999, -0.11298174891249994, -0.0004990129885, -0.0004990129885, -0.009778965390999999, -0.24152580556649994, -0.2610837363484999, -0.26824165185349996, -0.04491398427099999, -0.05293760637099999, -0.000627813237999968, -0.6153336903283795, -0.20448200921849993, 0.8856844099739665, -1.8665048999999998e-06, -0.2610837363484999, -0.2610837363484999, -0.018887184127499956, -0.0004708599284999615, -0.0004708599284999615, -0.0004708599284999615, -0.0004708599284999615, -0.2328222870674999, 0.2328222870674999, -0.00040540406383736405, -0.00040540406383736405, -0.000313906618999984, -0.208186248088, -0.0004708599284999615, -0.00031577312389999995, -0.208186248088, -0.26824165185349996, -0.26824165185349996, -0.018416324198999995, -0.018416324198999995, -0.0016814415084999864, -0.0019953481274999864, -0.00019566376699999875, -0.00019566376699999875, -0.00015695330949999997, 0.7524444781658999, -0.25047777482, -0.195703181284, -0.195703181284, -1.8665048999999998e-06, 3.137875387833976, -1.8665048999999998e-06, -0.25047777482, -0.00015695330949999997, -0.25047777482, -0.25047777482, -0.25047777482, -10.35893850661346, -10.35893850661346, 0.8856844099739665, -0.00015695330949998403, -7.660229158867001, 7.660229158867001, -0.05477459353599999, -6.492013748528427, -0.08982796854199998, -0.10587521274199999, -0.06650315833199999, -0.0025112529519999995, -0.04491398427099999, -0.05293760637099999, -1.5384873080850001, 0.097851590642, -0.7466731008659615, -0.1555843669575, -0.005808680104499999, -0.1555843669575, -0.1715337792740588, -0.8191812516419672, -0.005808680104499999, -1.2743597360015213, -0.1555843669575, 1.9670107683264035, 5.980489017740704, -0.3154822415589812, 0.019557930781999997, -0.23689019036034292, -0.07859205119863827, -0.0025112529519999995, -0.0025112529519999995, -0.0004708599284999615, -0.005495477311999999, -0.005495477311999999, -0.06650315833199999, 40.884418338425206, 40.884418338425206, -0.0001534859605500094, -0.0001534859605500094, -0.0006243458890499709, -0.25047777482, -0.25047777482, -0.25047777482, -0.25047777482, -0.25047777482, -0.195703181284, -0.195703181284, -0.00015695330949999997, -0.3701054813001812, -0.1715337792740588, -0.8191812516419672, -0.06667911495699999, -0.06667911495699999, -0.00031390661899999994, -0.00019566376699999875, -0.0004708599284999615, 0.4913607418173999, -0.0004708599284999615, -0.000313906618999984, -0.38303364252399996, -0.10832709929339998, -0.0014857777414999877, -0.06667911495699999, -0.3170956568715, 0.3170956568715, 0.3170956568715, -0.3170956568715, -0.013693648383999998, -0.013693648383999998, 0.6153336903283795, -0.20448200921849993, -0.027387296767999995, -0.027387296767999995, -7.452167730976919, -0.027387296767999995, -0.13738200601449999, -0.13738200601449999, -1.8665048999999998e-06, -0.00020129437899999995, -0.00018299488999999996, -2.0165993899999995e-05, -0.00018299488999999996, -0.00018299488999999996, -6.438733767355785, -0.0012708656844064399, -0.06667911495699999, -0.06667911495699999, -0.04000760973949999, -0.013693648383999998, 0.20448200921849993, 0.38200440320648116, -0.1715337792740588, -0.3170956568715, -1.8665048999999998e-06, -0.0006243458890499709, 1.8665048999999998e-06, 1.8665048999999998e-06, -0.0016814415084999864, -0.0005310887789999998, -0.10864287241729997, -0.006105694887499999, -0.006105694887499999, -0.05477832654580002, -0.009778965390999999, -6.494190249197601, -0.0016814415084999864, -0.0016814415084999864, -0.00034346733199999994, -0.013693648383999998, -0.00048634411149999987, -0.013693648383999998, -9.079361849999999e-05, -9.079361849999999e-05, -8.586683299999999e-05, -0.00040540406383736405, 0.0015521547801244497, -0.00017173366599999997, -0.009778965390999999, -0.00048634411149999987, -0.00017173366599999997, -0.00034346733199999994, -7.601909364999301, -7.601909364999301, -0.6190515468763241, -0.6190515468763241, -0.10864287241729997, -0.00031577312389999995, -0.00022733595949999997, -0.00022733595949999997, -28.0151742147183, -0.00031461044549963013, -0.0016033167669744497, -0.0016033167669744497, -0.0016033167669744497, -0.29932544539949996, -0.12732573298233735, -0.018416324198999995, -1.8665048999999998e-06, 0.2328222870674999, -0.1555843669575, -17.003873820875462, -17.003873820875462, -0.208186248088, -0.00040540406383736405, -0.00015695330949999997, -1.8665048999999998e-06, -1.8665048999999998e-06, -1.8665048999999998e-06, -0.00015695330949999997, -0.3170956568715, -0.019557930781999997, -0.17445979991161042, -0.2328222870674999, -0.00015695330949999997, 0.21960740976687276, -0.00020811529634999997, 5.116198685e-05, -0.00015695330949999997, -0.00020811529634999997, 5.116198685e-05, -1.8665048999999998e-06, -1.8665048999999998e-06, -0.032338012369, -0.014822586089999996, 0.06650315833199999, -1.1708646195075718, 0.8191812516419663, -1.9670107683264035, -0.8191812516419672, -3.137875387833976, -0.00015695330949999997, 7.583363594072864, 0.1303944165225, -0.000313906618999984, -1.8665048999999998e-06, -0.6789328605216716, -0.00015695330949999997, -0.00040540406383736405, -0.6789328605216716, -0.07654465100749995, -0.0012556264759999998, -2.006675113187423, -0.00040540406383736405, -0.00040540406383736405, -0.09721181235349999, -0.1303944165225, -0.00015695330949999997, -0.3154822415589812, -0.3154822415589812, -0.04000760973949999, -0.06667911495699999, -0.3153252882494812, -0.06667911495699999, -0.3154822415589812, -0.06667911495699999, -0.26824165185349996, -0.018416324198999995, 0.7911661416359557, -0.04491398427099999, 4.842294622304431, -0.05293760637099999, -0.17445979991161042, -0.2610837363484999, 0.2610837363484999, -1.1708646195075718, -1.1708646195075718, -0.04491398427099999, -0.17445979991161042, -0.05293760637099999, -0.00040540406383736405, -0.00015695330949999997, -0.00015695330949999997, 0.00037226896459999984, -0.26824165185349996, -0.26824165185349996, -0.10832709929339998, -0.17751299926861044, -0.17751299926861044, -0.0016033167669744497, -0.20448200921849993, -0.38303364252399996, 0.0760464430908, -0.0760464430908, -5.758502448187023, 5.312574309525822, -0.00015695330949999997, -0.13419930258149812, -0.00015695330949998403, 0.13419930258149815, -0.000627813237999968, -0.17445979991161042, -0.018416324198999995, -0.000313906618999984, -0.00015695330949999997, -0.00015695330949999997, 0.9851393173829415, -0.17445979991161042, -0.013693648383999998, -1.2907863664757193, -0.2610837363484999, 0.04000760973949999, -0.04000760973949999, -0.00015695330949999997, 0.09721181235349999, -0.027387296767999995, -0.019557930781999997, -0.027387296767999995, -0.013693648383999998, -0.019557930781999997, -0.06650315833199999, -0.019557930781999997, -0.019557930781999997, -0.019557930781999997, -0.019557930781999997, -0.019557930781999997, -3.871045749999878e-05, -0.00031577312389999995, -0.00024000483649999995, -0.00024000483649999995, -0.019557930781999997, -0.027387296767999995, -0.26607386623349993, -0.00015695330949999997, -0.00031390661899999994, -0.00015695330949999997, -0.018416324198999995, -0.019015280550499995, -0.019015280550499995]","[12.016373533426327, 1.75956625e-05, 0.00015695330949999997, 5.649584069999998e-05, 1.8665048999999998e-06, 0.00031577312389999995, 0.7038264999999999, 0.0001534859605500094, 7.452167730976919, 40.884418338425206, 0.13738200601449999, 6.112110682438015, 0.0004990129885, 1.8665048999999998e-06, 0.006105694887499999, 0.00048634411149999987, 9.079361849999999e-05, 7.601909364999301, 0.0036634169325679977, 0.00022733595949999997, 17.003873820875462, 0.0036634169324999996, 0.6789328605216716, 0.00024000483649999995, 0.17751299926861044, 0.0760464430908, 10.35893850661346, 0.005808680104499999, 0.005495477311999999, 5.649584069999998e-05, 0.027387296767999995, 0.08982796854199998, 0.10587521274199999, 0.05477459353599999, 0.25047777482, 0.25047777482, 0.25047777482, 0.25047777482, 0.25047777482, 7.660229158867001, 0.195703181284, 0.195703181284, 0.05477459353599999, 10.35893850661346, 0.05478019305070002, 0.05477459353599999, 0.208186248088, 0.208186248088, 0.20448200921849993, 0.6153336903283795, 0.25047777482, 0.25047777482, 0.25047777482, 0.25047777482, 0.25047777482, 0.195703181284, 0.08982796854199998, 0.208186248088, 6.438733767355785, 6.438733767355785, 0.208186248088, 0.04491398427099999, 0.05293760637099999, 0.208186248088, 6.112110682438015, 0.0004708599284999615, 0.00031577312389999995, 0.0004708599284999615, 0.38200440320648116, 0.3153252882494812, 0.3153252882494812, 5.681985145167722, 0.0003722689646488206, 0.019557930781999997, 0.029336896172999997, 10.35893850661346, 0.17445979991161042, 0.21047062393242236, 0.31532528824948114, 0.21047062393242236, 1.8665048999999998e-06, 0.00015695330949999997, 0.16966089695749997, 0.00040540406383736405, 0.2328222870674999, 0.7524444781658999, 0.04000760973949999, 0.0016033167669744497, 0.04000760973949999, 1.8665048999999998e-06, 2.060579440249115, 0.4410085351554999, 0.06667911495699999, 54.48062319607464, 8.586683299999999e-05, 8.586683299999999e-05, 8.586683299999999e-05, 0.17445979991161042, 0.0016814415084999864, 1.8665048999999998e-06, 0.0036634169325679977, 0.22760622887599996, 0.26824165185349996, 0.00015695330949999997, 0.0018317084662499998, 0.0036634169324999996, 12.016373533426327, 12.016373533426327, 1.75956625e-05, 1.75956625e-05, 0.00017173366599999997, 0.17445979991161042, 0.00020811529634999997, 5.116198685e-05, 0.10832709929339998, 0.000313906618999984, 34.007123295861874, 6.438733767355785, 0.12732573298233735, 0.10587521274199999, 0.11298174891249994, 0.0004990129885, 0.0004990129885, 0.009778965390999999, 0.24152580556649994, 0.2610837363484999, 0.26824165185349996, 0.04491398427099999, 0.05293760637099999, 0.000627813237999968, 0.6153336903283795, 0.20448200921849993, 0.8856844099739665, 1.8665048999999998e-06, 0.2610837363484999, 0.2610837363484999, 0.018887184127499956, 0.0004708599284999615, 0.0004708599284999615, 0.0004708599284999615, 0.0004708599284999615, 0.2328222870674999, 0.2328222870674999, 0.00040540406383736405, 0.00040540406383736405, 0.000313906618999984, 0.208186248088, 0.0004708599284999615, 0.00031577312389999995, 0.208186248088, 0.26824165185349996, 0.26824165185349996, 0.018416324198999995, 0.018416324198999995, 0.0016814415084999864, 0.0019953481274999864, 0.00019566376699999875, 0.00019566376699999875, 0.00015695330949999997, 0.7524444781658999, 0.25047777482, 0.195703181284, 0.195703181284, 1.8665048999999998e-06, 3.137875387833976, 1.8665048999999998e-06, 0.25047777482, 0.00015695330949999997, 0.25047777482, 0.25047777482, 0.25047777482, 10.35893850661346, 10.35893850661346, 0.8856844099739665, 0.00015695330949998403, 7.660229158867001, 7.660229158867001, 0.05477459353599999, 6.492013748528427, 0.08982796854199998, 0.10587521274199999, 0.06650315833199999, 0.0025112529519999995, 0.04491398427099999, 0.05293760637099999, 1.5384873080850001, 0.097851590642, 0.7466731008659615, 0.1555843669575, 0.005808680104499999, 0.1555843669575, 0.1715337792740588, 0.8191812516419672, 0.005808680104499999, 1.2743597360015213, 0.1555843669575, 1.9670107683264035, 5.980489017740704, 0.3154822415589812, 0.019557930781999997, 0.23689019036034292, 0.07859205119863827, 0.0025112529519999995, 0.0025112529519999995, 0.0004708599284999615, 0.005495477311999999, 0.005495477311999999, 0.06650315833199999, 40.884418338425206, 40.884418338425206, 0.0001534859605500094, 0.0001534859605500094, 0.0006243458890499709, 0.25047777482, 0.25047777482, 0.25047777482, 0.25047777482, 0.25047777482, 0.195703181284, 0.195703181284, 0.00015695330949999997, 0.3701054813001812, 0.1715337792740588, 0.8191812516419672, 0.06667911495699999, 0.06667911495699999, 0.00031390661899999994, 0.00019566376699999875, 0.0004708599284999615, 0.4913607418173999, 0.0004708599284999615, 0.000313906618999984, 0.38303364252399996, 0.10832709929339998, 0.0014857777414999877, 0.06667911495699999, 0.3170956568715, 0.3170956568715, 0.3170956568715, 0.3170956568715, 0.013693648383999998, 0.013693648383999998, 0.6153336903283795, 0.20448200921849993, 0.027387296767999995, 0.027387296767999995, 7.452167730976919, 0.027387296767999995, 0.13738200601449999, 0.13738200601449999, 1.8665048999999998e-06, 0.00020129437899999995, 0.00018299488999999996, 2.0165993899999995e-05, 0.00018299488999999996, 0.00018299488999999996, 6.438733767355785, 0.0012708656844064399, 0.06667911495699999, 0.06667911495699999, 0.04000760973949999, 0.013693648383999998, 0.20448200921849993, 0.38200440320648116, 0.1715337792740588, 0.3170956568715, 1.8665048999999998e-06, 0.0006243458890499709, 1.8665048999999998e-06, 1.8665048999999998e-06, 0.0016814415084999864, 0.0005310887789999998, 0.10864287241729997, 0.006105694887499999, 0.006105694887499999, 0.05477832654580002, 0.009778965390999999, 6.494190249197601, 0.0016814415084999864, 0.0016814415084999864, 0.00034346733199999994, 0.013693648383999998, 0.00048634411149999987, 0.013693648383999998, 9.079361849999999e-05, 9.079361849999999e-05, 8.586683299999999e-05, 0.00040540406383736405, 0.0015521547801244497, 0.00017173366599999997, 0.009778965390999999, 0.00048634411149999987, 0.00017173366599999997, 0.00034346733199999994, 7.601909364999301, 7.601909364999301, 0.6190515468763241, 0.6190515468763241, 0.10864287241729997, 0.00031577312389999995, 0.00022733595949999997, 0.00022733595949999997, 28.0151742147183, 0.00031461044549963013, 0.0016033167669744497, 0.0016033167669744497, 0.0016033167669744497, 0.29932544539949996, 0.12732573298233735, 0.018416324198999995, 1.8665048999999998e-06, 0.2328222870674999, 0.1555843669575, 17.003873820875462, 17.003873820875462, 0.208186248088, 0.00040540406383736405, 0.00015695330949999997, 1.8665048999999998e-06, 1.8665048999999998e-06, 1.8665048999999998e-06, 0.00015695330949999997, 0.3170956568715, 0.019557930781999997, 0.17445979991161042, 0.2328222870674999, 0.00015695330949999997, 0.21960740976687276, 0.00020811529634999997, 5.116198685e-05, 0.00015695330949999997, 0.00020811529634999997, 5.116198685e-05, 1.8665048999999998e-06, 1.8665048999999998e-06, 0.032338012369, 0.014822586089999996, 0.06650315833199999, 1.1708646195075718, 0.8191812516419663, 1.9670107683264035, 0.8191812516419672, 3.137875387833976, 0.00015695330949999997, 7.583363594072864, 0.1303944165225, 0.000313906618999984, 1.8665048999999998e-06, 0.6789328605216716, 0.00015695330949999997, 0.00040540406383736405, 0.6789328605216716, 0.07654465100749995, 0.0012556264759999998, 2.006675113187423, 0.00040540406383736405, 0.00040540406383736405, 0.09721181235349999, 0.1303944165225, 0.00015695330949999997, 0.3154822415589812, 0.3154822415589812, 0.04000760973949999, 0.06667911495699999, 0.3153252882494812, 0.06667911495699999, 0.3154822415589812, 0.06667911495699999, 0.26824165185349996, 0.018416324198999995, 0.7911661416359557, 0.04491398427099999, 4.842294622304431, 0.05293760637099999, 0.17445979991161042, 0.2610837363484999, 0.2610837363484999, 1.1708646195075718, 1.1708646195075718, 0.04491398427099999, 0.17445979991161042, 0.05293760637099999, 0.00040540406383736405, 0.00015695330949999997, 0.00015695330949999997, 0.00037226896459999984, 0.26824165185349996, 0.26824165185349996, 0.10832709929339998, 0.17751299926861044, 0.17751299926861044, 0.0016033167669744497, 0.20448200921849993, 0.38303364252399996, 0.0760464430908, 0.0760464430908, 5.758502448187023, 5.312574309525822, 0.00015695330949999997, 0.13419930258149812, 0.00015695330949998403, 0.13419930258149815, 0.000627813237999968, 0.17445979991161042, 0.018416324198999995, 0.000313906618999984, 0.00015695330949999997, 0.00015695330949999997, 0.9851393173829415, 0.17445979991161042, 0.013693648383999998, 1.2907863664757193, 0.2610837363484999, 0.04000760973949999, 0.04000760973949999, 0.00015695330949999997, 0.09721181235349999, 0.027387296767999995, 0.019557930781999997, 0.027387296767999995, 0.013693648383999998, 0.019557930781999997, 0.06650315833199999, 0.019557930781999997, 0.019557930781999997, 0.019557930781999997, 0.019557930781999997, 0.019557930781999997, 3.871045749999878e-05, 0.00031577312389999995, 0.00024000483649999995, 0.00024000483649999995, 0.019557930781999997, 0.027387296767999995, 0.26607386623349993, 0.00015695330949999997, 0.00031390661899999994, 0.00015695330949999997, 0.018416324198999995, 0.019015280550499995, 0.019015280550499995]","['EX_glyclt_e', 'EX_ac_e', 'EX_succ_e', 'EX_etoh_e', 'ACALD', 'ACtex', 'ALCD2x', 'CPPPGO2', 'DHAPT', 'ETOHtex', 'ETOHtrpp', 'F6PA', 'GLYCLTt2rpp', 'GLYCLTtex', 'PDX5POi', 'OPHHX3', 'SUCCt3pp', 'SUCCtex']","['DM_amob_c', 'EX_meoh_e', 'EX_o2_e', 'AKGDH', 'AMAOTr', 'AOXSr2', 'BTS5', 'CPPPGO', 'CYTBO3_4pp', 'DBTS', 'DHORD2', 'DMPPS', 'EGMEACPR', 'EPMEACPR', 'G6PDH2r', 'GART', 'GLYCTO2', 'GND', 'I2FE2SR', 'MALCOAMT', 'MALS', 'MEOHtex', 'MEOHtrpp', 'NADH16pp', 'OPMEACPS', 'O2tex', 'O2tpp', 'OGMEACPD', 'OGMEACPR', 'OGMEACPS', 'PDX5PO2', 'OPHHX', 'OPMEACPD', 'OPMEACPR', 'PGL', 'PMEACPE', 'SUCDi']","['EX_co2_e', 'EX_cobalt2_e', 'DM_4crsol_c', 'DM_5drib_c', 'DM_mththf_c', 'BIOMASS_Ec_iJO1366_core_53p95M', 'EX_h_e', 'EX_h2o_e', 'EX_k_e', 'EX_cu2_e', 'EX_mg2_e', 'EX_mn2_e', 'EX_mobd_e', 'EX_nh4_e', 'EX_ca2_e', 'EX_ni2_e', 'EX_cl_e', 'EX_pi_e', 'EX_zn2_e', 'EX_so4_e', 'EX_fe2_e', 'EX_fe3_e', '5DOAN', 'A5PISO', 'AACPS3', 'AACPS4', 'AACPS7', 'ACACT1r', 'ACACT2r', 'ACACT3r', 'ACACT4r', 'ACACT5r', 'EX_for_e', 'ACACT6r', 'ACACT7r', '3OAR140', 'ACCOAC', '3OAS140', 'ACGK', 'ACGS', 'ACHBS', 'ACLS', 'ACOAD1f', 'ACOAD2f', 'ACOAD3f', 'ACOAD4f', 'ACOAD5f', 'ACOAD6f', 'ACOAD7f', 'ACODA', 'ACONTa', 'ACONTb', 'ACOTA', 'AGPAT160', 'AGPAT161', 'AGPR', 'ADCL', 'AHCYSNS', 'ADCS', 'AICART', 'AIRC2', 'AIRC3', 'ADNK1', 'ALAALAr', 'ALAR', 'ADSK', 'ADSL1r', 'ADSL2r', 'ADSS', 'AMPMS2', 'ASNS2', 'ASP1DC', 'ASPCT', 'ASPK', 'ANPRT', 'ASPO6', 'ANS', 'ASPTA', 'CBMKr', 'ATPPRT', 'ATPS4rpp', 'BMOCOS', 'BMOGDS1', 'BMOGDS2', 'BPNT', 'CDPMEK', 'CA2tex', 'CHORM', 'CHORS', 'CHRPL', 'CLt3_2pp', 'CLtex', 'CO2tex', 'CO2tpp', 'COBALT2tex', 'COBALT2tpp', 'CPMPS', 'CYSS', 'CYSTL', 'APRAUR', 'CS', 'CYTK1', 'CTECOAI7', 'CTPS2', 'CU2tex', 'CU2tpp', 'DALAt2pp', 'DAPDC', 'DAPE', 'DDPA', 'DASYN160', 'DASYN161', 'DB4PS', 'DHAD1', 'DHAD2', 'DHDPRy', 'DHDPS', 'DHFR', 'DHFS', 'DNMPPA', 'DNTPPA', 'DHNPA2r', 'DHORTS', 'DPCOAK', 'DPR', 'DHPPDA2', 'ARGSL', 'DHPS2', 'DHPTDCs2', 'ARGSS', 'DHQS', 'DHQTi', 'DTMPK', 'DUTPDP', 'DXPRIi', 'DXPS', 'DMATT', 'E4PD', 'ASAD', 'ECOAH5', 'ECOAH6', 'ECOAH7', 'ENO', 'ECOAH1', 'FCLT', 'ECOAH2', 'ECOAH3', 'ECOAH4', 'FMNAT', 'FORtex', 'FORtppi', 'FACOAE120', 'FUM', 'FACOAE160', 'FACOAE161', 'G1PACT', 'G1SAT', 'G3PAT160', 'G3PAT161', 'FADRx', 'G3PD2', 'GHMT2r', 'G5SADs', 'FE2tex', 'G5SD', 'GK1', 'FE2tpp', 'GLNS', 'GLU5K', 'GAPD', 'GLUDy', 'GLUPRT', 'GLUR', 'GARFT', 'GLUTRR', 'GLUTRS', 'GCALDD', 'FE3abcpp', 'FE3tex', 'GF6PTA', 'H2Otex', 'H2Otpp', 'HACD1', 'HACD2', 'HACD3', 'HACD4', 'HACD5', 'HACD6', 'HACD7', 'HBZOPT', 'HCO3E', 'GMPS2', 'HISTD', 'HISTP', 'HMBS', 'GRTT', 'HPPK2', 'HSDy', 'GTPCI', 'GTPCII2', 'HSK', 'HSST', 'IPDPS', 'HSTPT', 'IPMD', 'IPPMIa', 'IPPMIb', 'IPPS', 'K2L4Aabcpp', 'K2L4Aabctex', 'KARA1', 'KARA2', 'KDOCT2', 'KDOPP', 'Htex', 'KDOPS', 'Kt2pp', 'Ktex', 'I2FE2SS', 'I2FE2SS2', 'I2FE2ST', 'I4FE4SR', 'I4FE4ST', 'ICDHyr', 'ICYSDS', 'IG3PS', 'IGPDH', 'IGPS', 'LPADSS', 'ILETA', 'IMPC', 'IMPD', 'LEUTAi', 'MEPCT', 'METAT', 'METS', 'MG2t3_2pp', 'MG2tex', 'MCOATA', 'MCTP1App', 'MDH', 'MECDPDH5', 'MECDPS', 'MOADSUx', 'MOAT', 'MN2tpp', 'MOAT2', 'MOBDabcpp', 'MOBDtex', 'MOCOS', 'MOHMT', 'MOX', 'MPTAT', 'MPTG', 'MNtex', 'MPTS', 'MPTSS', 'NH4tex', 'NH4tpp', 'MTHFC', 'MTHFD', 'MTHFR2', 'MTHTHFSs', 'NI2tex', 'NI2tpp', 'NADK', 'NNATr', 'NNDPR', 'NADS1', 'NDPK2', 'NDPK3', 'NDPK4', 'ORPT', 'P5CR', 'OCBT', 'PANTS', 'OCTDPS', 'OHPBAT', 'OMCDC', 'PAPPT3', 'PAPSR', 'OMPDC', 'OPHBDC', 'PDH', 'PDX5PS', 'PE160abcpp', 'PE161abcpp', 'PGAMT', 'PGCD', 'PGI', 'PGK', 'PGM', 'PERD', 'PFL', 'PHETA1', 'PMDPHT', 'PIt2rpp', 'PMPK', 'PNTK', 'PItex', 'POR5', 'PPBNGS', 'PPC', 'PPCDC', 'PPNCL2', 'PPND', 'PPNDH', 'PPPGO3', 'PRAGSr', 'PRAIS', 'PRAIi', 'PRAMPC', 'PRASCSi', 'PRATPP', 'PRFGS', 'PRMICI', 'PSCVT', 'RNTR4c2', 'RPI', 'PSD160', 'PYK', 'PSD161', 'SADT2', 'SDPDS', 'SDPTA', 'PSERT', 'PSP_L', 'PSSA160', 'SERAT', 'PSSA161', 'PTPATi', 'SHCHD2', 'SHCHF', 'PUNP1', 'SHK3Dr', 'SHKK', 'SHSL1', 'SO4t2pp', 'SO4tex', 'QULNS', 'THRD_L', 'THRS', 'SUCOAS', 'THZPSN3', 'TKT1', 'RBFK', 'TKT2', 'RBFSa', 'SULR', 'TMDS', 'RBFSb', 'TMPK', 'TMPPP', 'TPI', 'TRDR', 'TDSK', 'THD2pp', 'THDPS', 'TRPAS2', 'TRPS3', 'TYRL', 'TYRTA', 'U23GAAT', 'UAAGDS', 'UAGAAT', 'USHD', 'UAGCVT', 'UAGDP', 'UAGPT3', 'UAMAGS', 'UAMAS', 'UAPGR', 'UDCPDP', 'UDCPDPS', 'RHCCE', 'ZN2tpp', 'Zn2tex', 'UGMDDS', 'UHGADA', 'UMPK', 'UPP3MT', 'UPP3S', 'UPPDC1', 'RNTR1c2', 'RNTR2c2', 'RNTR3c2']",O2tex,OPHHX3,619.172652961823,1,441,386,-289.0,-167.5168972349104,iJO1366,PSL,False,False,0.0,0.0,1.96474362545396e-06,0.0
215,"['EX_co2_e', 'EX_cobalt2_e', 'DM_4crsol_c', 'DM_5drib_c', 'DM_amob_c', 'DM_mththf_c', 'BIOMASS_Ec_iJO1366_core_53p95M', 'EX_glyclt_e', 'EX_h_e', 'EX_h2o_e', 'EX_k_e', 'EX_ac_e', 'EX_cu2_e', 'EX_meoh_e', 'EX_mg2_e', 'EX_mn2_e', 'EX_mobd_e', 'EX_nh4_e', 'EX_ca2_e', 'EX_ni2_e', 'EX_o2_e', 'EX_cl_e', 'EX_pi_e', 'EX_zn2_e', 'EX_so4_e', 'EX_succ_e', 'EX_etoh_e', 'EX_fe2_e', 'EX_fe3_e', '5DOAN', 'A5PISO', 'AACPS3', 'AACPS4', 'AACPS7', 'ACACT1r', 'ACACT2r', 'ACACT3r', 'ACACT4r', 'ACACT5r', 'EX_for_e', 'ACACT6r', 'ACACT7r', '3OAR140', 'ACALD', 'ACCOAC', '3OAS140', 'ACGK', 'ACGS', 'ACHBS', 'ACKr', 'ACLS', 'ACOAD1f', 'ACOAD2f', 'ACOAD3f', 'ACOAD4f', 'ACOAD5f', 'ACOAD6f', 'ACOAD7f', 'ACODA', 'ACONTa', 'ACONTb', 'ACOTA', 'AGPAT160', 'AGPAT161', 'AGPR', 'ACt2rpp', 'ACtex', 'ADCL', 'AHCYSNS', 'ADCS', 'AICART', 'AIRC2', 'AIRC3', 'AKGDH', 'ADNK1', 'ALAALAr', 'ALAR', 'ALCD2x', 'ADSK', 'ADSL1r', 'ADSL2r', 'ADSS', 'AMAOTr', 'AMPMS2', 'ASNS2', 'ASP1DC', 'ASPCT', 'ASPK', 'ANPRT', 'ASPO6', 'ANS', 'AOXSr2', 'ASPTA', 'CBMKr', 'ATPPRT', 'ATPS4rpp', 'BMOCOS', 'BMOGDS1', 'BMOGDS2', 'BPNT', 'CDPMEK', 'BTS5', 'CA2t3pp', 'CA2tex', 'CHORM', 'CHORS', 'CHRPL', 'CLt3_2pp', 'CLtex', 'CO2tex', 'CO2tpp', 'COBALT2tex', 'COBALT2tpp', 'CPMPS', 'CYSS', 'CPPPGO', 'CPPPGO2', 'CYSTL', 'APRAUR', 'CYTBO3_4pp', 'CS', 'CYTK1', 'CTECOAI7', 'CTPS2', 'CU2tex', 'CU2tpp', 'DALAt2pp', 'DAPDC', 'DAPE', 'DDPA', 'DASYN160', 'DASYN161', 'DB4PS', 'DHAD1', 'DHAD2', 'DHAPT', 'DBTS', 'DHDPRy', 'DHDPS', 'DHFR', 'DHFS', 'DNMPPA', 'DNTPPA', 'DHNPA2r', 'DHORD2', 'DHORTS', 'DPCOAK', 'DPR', 'DHPPDA2', 'ARGSL', 'DHPS2', 'DHPTDCs2', 'ARGSS', 'DHQS', 'DHQTi', 'DTMPK', 'DUTPDP', 'DXPRIi', 'DXPS', 'DMATT', 'DMPPS', 'E4PD', 'ASAD', 'ECOAH5', 'ECOAH6', 'ECOAH7', 'EGMEACPR', 'ENO', 'EPMEACPR', 'ECOAH1', 'FCLT', 'ECOAH2', 'ECOAH3', 'ECOAH4', 'ETOHtex', 'ETOHtrpp', 'F6PA', 'FMNAT', 'FORtex', 'FORtppi', 'FACOAE120', 'FUM', 'FACOAE160', 'FACOAE161', 'G1PACT', 'G1SAT', 'G3PAT160', 'G3PAT161', 'FADRx', 'G3PD2', 'GHMT2r', 'G5SADs', 'FE2tex', 'G5SD', 'GK1', 'G6PDH2r', 'FE2tpp', 'GLNS', 'GLU5K', 'GAPD', 'GLUDy', 'GLUPRT', 'GLUR', 'GARFT', 'GART', 'GLUTRR', 'GLUTRS', 'GCALDD', 'FE3abcpp', 'FE3tex', 'GF6PTA', 'H2Otex', 'H2Otpp', 'GLYCLTt4pp', 'GLYCLTtex', 'GLYCTO2', 'HACD1', 'HACD2', 'HACD3', 'HACD4', 'HACD5', 'HACD6', 'HACD7', 'HBZOPT', 'HCO3E', 'GMPS2', 'GND', 'HISTD', 'HISTP', 'HMBS', 'GRTT', 'HPPK2', 'HSDy', 'GTPCI', 'GTPCII2', 'HSK', 'HSST', 'IPDPS', 'HSTPT', 'IPMD', 'IPPMIa', 'IPPMIb', 'IPPS', 'K2L4Aabcpp', 'K2L4Aabctex', 'KARA1', 'KARA2', 'KDOCT2', 'KDOPP', 'Htex', 'KDOPS', 'Kt2pp', 'Ktex', 'I2FE2SR', 'I2FE2SS', 'I2FE2SS2', 'I2FE2ST', 'I4FE4SR', 'I4FE4ST', 'ICDHyr', 'ICYSDS', 'IG3PS', 'IGPDH', 'IGPS', 'LPADSS', 'ILETA', 'IMPC', 'IMPD', 'LEUTAi', 'MALCOAMT', 'MALS', 'MEOHtex', 'MEOHtrpp', 'MEPCT', 'METAT', 'METS', 'MG2t3_2pp', 'MG2tex', 'MCOATA', 'MCTP1App', 'MDH', 'MECDPDH5', 'MECDPS', 'MOADSUx', 'MOAT', 'MN2tpp', 'MOAT2', 'MOBDabcpp', 'MOBDtex', 'MOCOS', 'MOHMT', 'MOX', 'MPTAT', 'MPTG', 'MNtex', 'MPTS', 'MPTSS', 'NH4tex', 'NH4tpp', 'MTHFC', 'MTHFD', 'MTHFR2', 'MTHTHFSs', 'NI2tex', 'NI2tpp', 'NADH16pp', 'NADK', 'NNATr', 'NNDPR', 'NADS1', 'NDPK2', 'NDPK3', 'NDPK4', 'OPMEACPS', 'ORPT', 'P5CR', 'O2tex', 'O2tpp', 'OCBT', 'PANTS', 'OCTDPS', 'OGMEACPD', 'OGMEACPR', 'OGMEACPS', 'OHPBAT', 'OMCDC', 'PAPPT3', 'PAPSR', 'OMPDC', 'OPHBDC', 'PDH', 'PDX5PO2', 'PDX5POi', 'PDX5PS', 'OPHHX', 'OPHHX3', 'OPMEACPD', 'OPMEACPR', 'PE160abcpp', 'PE161abcpp', 'PGAMT', 'PGCD', 'PGI', 'PGK', 'PGL', 'PGM', 'PERD', 'PFL', 'PHETA1', 'PMDPHT', 'PMEACPE', 'PIt2rpp', 'PMPK', 'PNTK', 'PItex', 'POR5', 'PPBNGS', 'PPC', 'PPCDC', 'PPNCL2', 'PPND', 'PPNDH', 'PPPGO3', 'PRAGSr', 'PRAIS', 'PRAIi', 'PRAMPC', 'PRASCSi', 'PRATPP', 'PRFGS', 'PRMICI', 'PRPPS', 'PSCVT', 'RNTR4c2', 'RPI', 'PSD160', 'PYK', 'PSD161', 'SADT2', 'SDPDS', 'SDPTA', 'PSERT', 'PSP_L', 'PSSA160', 'SERAT', 'PSSA161', 'PTAr', 'PTPATi', 'SHCHD2', 'SHCHF', 'PUNP1', 'SHK3Dr', 'SHKK', 'SHSL1', 'SO4t2pp', 'SO4tex', 'QULNS', 'THRD_L', 'THRS', 'SUCCt3pp', 'SUCCtex', 'SUCDi', 'SUCOAS', 'THZPSN3', 'TKT1', 'RBFK', 'TKT2', 'RBFSa', 'SULR', 'TALA', 'TMDS', 'RBFSb', 'TMPK', 'TMPPP', 'TPI', 'TRDR', 'TDSK', 'THD2pp', 'THDPS', 'TRPAS2', 'TRPS3', 'TYRL', 'TYRTA', 'U23GAAT', 'UAAGDS', 'UAGAAT', 'USHD', 'UAGCVT', 'UAGDP', 'UAGPT3', 'UAMAGS', 'UAMAS', 'UAPGR', 'UDCPDP', 'UDCPDPS', 'RHCCE', 'ZN2tpp', 'Zn2tex', 'UGMDDS', 'UHGADA', 'UMPK', 'UPP3MT', 'UPP3S', 'UPPDC1', 'RNTR1c2', 'RNTR2c2', 'RNTR3c2']","[-12.01647017904822, 1.75956625e-05, -0.00015695330949999997, -5.603698879999997e-05, -1.4076529999999999e-06, -0.0003153142720000265, -0.7038264999999999, 0.00015348596054998165, 7.452307508650119, -40.88445349791549, 0.13738200601449999, 6.112158403011939, 0.0004990129885, -1.4076529999999999e-06, 0.006105694887499999, 0.00048634411149999987, 9.079361849999999e-05, 7.601906153035471, 0.0036634169324999996, 0.00022733595949999997, 17.003873964263718, 0.0036634169324999996, 0.67893286052171, 0.00024000483649999995, 0.17751208156486167, 0.07604644309079998, 10.358885738670047, 0.005808680104499999, 0.005495477311999999, -5.603698879999997e-05, -0.027387296767999995, -0.08982796854199998, -0.10587521274199999, -0.05477459353599998, -0.25047777482, -0.25047777482, -0.25047777482, -0.25047777482, -0.25047777482, 7.660319380557549, -0.195703181284, -0.195703181284, -0.05477459353599999, -10.358885738670047, -0.05477881649500001, -0.05477459353599999, -0.208186248088, -0.208186248088, -0.20448200921849993, -6.5221908300758, -0.6153336903284194, 0.25047777482, 0.25047777482, 0.25047777482, 0.25047777482, 0.25047777482, 0.195703181284, 0.08982796854199998, -0.208186248088, -6.438734226209608, -6.438734226209608, 0.208186248088, -0.04491398427099999, -0.05293760637099999, 0.208186248088, -6.112158403011939, -6.112158403011939, -0.00047085992849998926, -0.0003153142720000265, -0.00047085992849998926, -0.3820039443544879, -0.3153248293974879, 0.3153248293974879, -5.681985604021699, -0.00037135126080002645, -0.019557930781999997, -0.029336896172999997, -10.358885738670047, -0.17445888220786165, -0.21047016508044233, -0.3153248293974879, -0.21047016508044233, -1.4076529999999999e-06, -0.00015695330949999997, -0.16966089695749997, -0.0004054040638616918, -0.23282228706750005, -0.7524440193139998, -0.04000760973949999, -0.0016033167669751158, -0.04000760973949999, -1.4076529999999999e-06, 2.0605780636932094, -0.44100853515550004, -0.06667911495699999, -54.48065026830969, -8.586683299999999e-05, -8.586683299999999e-05, -8.586683299999999e-05, -0.17445888220786165, -0.0016814415085000542, -1.4076529999999999e-06, 0.0035099309719597116, -0.0036634169324999996, -0.22760622887599996, -0.26824165185349996, -0.0001569533095000088, -0.0018317084662499998, -0.0036634169324999996, 12.01647017904822, 12.01647017904822, -1.75956625e-05, -1.75956625e-05, -0.00017173366599999997, -0.17445888220786165, -0.00020811529634999997, 5.116198685e-05, -0.10832664044149998, -0.0003139066190000519, -34.007123582638386, -6.438734226209608, -0.12732573298236174, 0.10587521274199999, -0.11298174891250012, -0.0004990129885, -0.0004990129885, -0.009778965390999999, -0.24152580556649994, -0.2610837363484999, -0.26824165185349996, -0.04491398427099999, -0.05293760637099999, -0.0006278132380001039, -0.6153336903284194, -0.20448200921849993, 0.8856830334182626, -1.4076529999999999e-06, -0.2610837363484999, -0.2610837363484999, -0.018887184127499984, -0.00047085992849998926, -0.00047085992849998926, -0.00047085992849998926, -0.00047085992849998926, -0.23282228706750008, 0.23282228706750005, -0.0004054040638616918, -0.0004054040638616918, -0.0003139066190000519, -0.208186248088, -0.00047085992849998926, -0.0003153142720000265, -0.208186248088, -0.26824165185349996, -0.26824165185349996, -0.018416324198999995, -0.018416324198999995, -0.0016814415085000542, -0.001995348127500054, -0.00019566376700000734, -0.00019566376700000734, -0.00015695330949999997, 0.7524440193139998, -0.25047777482, -0.195703181284, -0.195703181284, -1.4076529999999999e-06, 3.1378712581668324, -1.4076529999999999e-06, -0.25047777482, -0.00015695330949999997, -0.25047777482, -0.25047777482, -0.25047777482, -10.358885738670047, -10.358885738670047, 0.8856830334182626, -0.00015695330950005193, -7.660319380557549, 7.660319380557549, -0.05477459353599998, -6.49201328967843, -0.08982796854199998, -0.10587521274199999, -0.06650315833199999, -0.0025112529519999995, -0.04491398427099999, -0.05293760637099999, -1.5384873080850001, 0.097851590642, -0.7466726420139681, -0.1555843669575, -0.005808680104499999, -0.1555843669575, -0.17153377927404556, -0.8191798750862631, -0.005808680104499999, -1.2743588182975216, -0.1555843669575, 1.9670080152150042, 5.980486264628972, -0.3154817827069879, 0.019557930781999997, -0.23689110806411856, -0.07859067464286935, -0.0025112529519999995, -0.0025112529519999995, -0.00047085992849998926, -0.005495477311999999, -0.005495477311999999, -0.06650315833199999, 40.88445349791549, 40.88445349791549, -0.00015348596054998165, -0.00015348596054998165, -0.0006243458890499709, -0.25047777482, -0.25047777482, -0.25047777482, -0.25047777482, -0.25047777482, -0.195703181284, -0.195703181284, -0.0001569533095000088, -0.3701036458924879, -0.17153377927404556, -0.8191798750862631, -0.06667911495699999, -0.06667911495699999, -0.00031390661899999994, -0.00019566376700000734, -0.00047085992849998926, 0.49136028296549994, -0.00047085992849998926, -0.0003139066190000519, -0.38303364252399996, -0.10832664044149998, -0.0014857777415000469, -0.06667911495699999, -0.3170956568715, 0.3170956568715, 0.3170956568715, -0.3170956568715, -0.013693648383999998, -0.013693648383999998, 0.6153336903284194, -0.20448200921849993, -0.027387296767999995, -0.027387296767999995, -7.452307508650119, -0.027387296767999995, -0.13738200601449999, -0.13738200601449999, -1.4076529999999999e-06, -0.00020129437899999995, -0.00018299488999999996, -1.9707141999999995e-05, -0.00018299488999999996, -0.00018299488999999996, -6.438734226209608, -0.0012704068324999995, -0.06667911495699999, -0.06667911495699999, -0.04000760973949999, -0.013693648383999998, 0.20448200921849993, 0.3820039443544879, -0.17153377927404556, -0.3170956568715, -1.4076529999999999e-06, -0.0006243458890499709, 1.4076529999999999e-06, 1.4076529999999999e-06, -0.0016814415085000542, -0.0005297122233000263, -0.1086419547135, -0.006105694887499999, -0.006105694887499999, -0.05477740884200001, -0.009778965390999999, -6.494189790347605, -0.0016814415085000542, -0.0016814415085000542, -0.00034346733199999994, -0.013693648383999998, -0.00048634411149999987, -0.013693648383999998, -9.079361849999999e-05, -9.079361849999999e-05, -8.586683299999999e-05, -0.0004054040638616918, 0.0015521547801251158, -0.00017173366599999997, -0.009778965390999999, -0.00048634411149999987, -0.00017173366599999997, -0.00034346733199999994, -7.601906153035471, -7.601906153035471, -0.6190520057281064, -0.6190520057281064, -0.1086419547135, -0.0003153142720000265, -0.00022733595949999997, -0.00022733595949999997, -28.015174042640837, -0.00031461044550029627, -0.0016033167669751158, -0.0016033167669751158, -0.0016033167669751158, -0.29932544539950007, -0.12732573298236174, -0.018416324198999995, -1.4076529999999999e-06, 0.2328222870675001, -0.1555843669575, -17.003873964263718, -17.003873964263718, -0.208186248088, -0.0004054040638616918, -0.0001569533095000088, -1.4076529999999999e-06, -1.4076529999999999e-06, -1.4076529999999999e-06, -0.00015695330949999997, -0.3170956568715, -0.019557930781999997, -0.17445888220786165, -0.2328222870675001, -0.00015695330949999997, 0.21951168185314351, -0.00020811529634999997, 5.116198685e-05, -0.00015695330949999997, -0.00020811529634999997, 5.116198685e-05, -1.4076529999999999e-06, -1.4076529999999999e-06, -0.032338012369, -0.014822586089999996, 0.06650315833199999, -1.1708632429518298, 0.8191798750862631, -1.9670080152150042, -0.8191798750862631, -3.1378712581668324, -0.00015695330949999997, 7.58345519231918, 0.1303944165225, -0.0003139066190000519, -1.4076529999999999e-06, -0.67893286052171, -0.00015695330949999997, -0.0004054040638616918, -0.67893286052171, -0.07654465100750002, -0.0012556264759999998, -2.0066746543353355, -0.0004054040638616918, -0.0004054040638616918, -0.09721181235349999, -0.1303944165225, -0.00015695330949999997, -0.3154817827069879, -0.3154817827069879, -0.04000760973949999, -0.06667911495699999, -0.3153248293974879, -0.06667911495699999, -0.3154817827069879, -0.06667911495699999, -0.6565941112379632, -0.26824165185349996, -0.018416324198999995, 0.7911647650802633, -0.04491398427099999, 4.842291410340901, -0.05293760637099999, -0.17445888220786165, -0.2610837363484999, 0.2610837363484999, -1.1708632429518298, -1.1708632429518298, -0.04491398427099999, -0.17445888220786165, -0.05293760637099999, 6.5221908300758, -0.0004054040638616918, -0.00015695330949999997, -0.00015695330949999997, 0.00037135126080002645, -0.26824165185349996, -0.26824165185349996, -0.10832664044149998, -0.17751208156486167, -0.17751208156486167, -0.0016033167669751158, -0.20448200921849993, -0.38303364252399996, 0.07604644309079998, -0.07604644309079998, -5.758502907041, 5.3125752272317, -0.00015695330949999997, -0.13419930258149998, -0.00015695330950005193, 0.13419930258149998, -0.0006278132380001039, -0.17445888220786165, -0.13419930258149998, -0.018416324198999995, -0.0003139066190000519, -0.00015695330949999997, -0.00015695330949999997, 0.9851379408272383, -0.17445888220786165, -0.013693648383999998, -1.2907790248434616, -0.2610837363484999, 0.04000760973949999, -0.04000760973949999, -0.00015695330949999997, 0.09721181235349999, -0.027387296767999995, -0.019557930781999997, -0.027387296767999995, -0.013693648383999998, -0.019557930781999997, -0.06650315833199999, -0.019557930781999997, -0.019557930781999997, -0.019557930781999997, -0.019557930781999997, -0.019557930781999997, -3.871045749999854e-05, -0.0003153142720000265, -0.00024000483649999995, -0.00024000483649999995, -0.019557930781999997, -0.027387296767999995, -0.26607386623350004, -0.00015695330949999997, -0.00031390661899999994, -0.00015695330949999997, -0.018416324198999995, -0.019015280550499995, -0.019015280550499995]","[12.01647017904822, 1.75956625e-05, 0.00015695330949999997, 5.603698879999997e-05, 1.4076529999999999e-06, 0.0003153142720000265, 0.7038264999999999, 0.00015348596054998165, 7.452307508650119, 40.88445349791549, 0.13738200601449999, 6.112158403011939, 0.0004990129885, 1.4076529999999999e-06, 0.006105694887499999, 0.00048634411149999987, 9.079361849999999e-05, 7.601906153035471, 0.0036634169324999996, 0.00022733595949999997, 17.003873964263718, 0.0036634169324999996, 0.67893286052171, 0.00024000483649999995, 0.17751208156486167, 0.07604644309079998, 10.358885738670047, 0.005808680104499999, 0.005495477311999999, 5.603698879999997e-05, 0.027387296767999995, 0.08982796854199998, 0.10587521274199999, 0.05477459353599998, 0.25047777482, 0.25047777482, 0.25047777482, 0.25047777482, 0.25047777482, 7.660319380557549, 0.195703181284, 0.195703181284, 0.05477459353599999, 10.358885738670047, 0.05477881649500001, 0.05477459353599999, 0.208186248088, 0.208186248088, 0.20448200921849993, 6.5221908300758, 0.6153336903284194, 0.25047777482, 0.25047777482, 0.25047777482, 0.25047777482, 0.25047777482, 0.195703181284, 0.08982796854199998, 0.208186248088, 6.438734226209608, 6.438734226209608, 0.208186248088, 0.04491398427099999, 0.05293760637099999, 0.208186248088, 6.112158403011939, 6.112158403011939, 0.00047085992849998926, 0.0003153142720000265, 0.00047085992849998926, 0.3820039443544879, 0.3153248293974879, 0.3153248293974879, 5.681985604021699, 0.00037135126080002645, 0.019557930781999997, 0.029336896172999997, 10.358885738670047, 0.17445888220786165, 0.21047016508044233, 0.3153248293974879, 0.21047016508044233, 1.4076529999999999e-06, 0.00015695330949999997, 0.16966089695749997, 0.0004054040638616918, 0.23282228706750005, 0.7524440193139998, 0.04000760973949999, 0.0016033167669751158, 0.04000760973949999, 1.4076529999999999e-06, 2.0605780636932094, 0.44100853515550004, 0.06667911495699999, 54.48065026830969, 8.586683299999999e-05, 8.586683299999999e-05, 8.586683299999999e-05, 0.17445888220786165, 0.0016814415085000542, 1.4076529999999999e-06, 0.0035099309719597116, 0.0036634169324999996, 0.22760622887599996, 0.26824165185349996, 0.0001569533095000088, 0.0018317084662499998, 0.0036634169324999996, 12.01647017904822, 12.01647017904822, 1.75956625e-05, 1.75956625e-05, 0.00017173366599999997, 0.17445888220786165, 0.00020811529634999997, 5.116198685e-05, 0.10832664044149998, 0.0003139066190000519, 34.007123582638386, 6.438734226209608, 0.12732573298236174, 0.10587521274199999, 0.11298174891250012, 0.0004990129885, 0.0004990129885, 0.009778965390999999, 0.24152580556649994, 0.2610837363484999, 0.26824165185349996, 0.04491398427099999, 0.05293760637099999, 0.0006278132380001039, 0.6153336903284194, 0.20448200921849993, 0.8856830334182626, 1.4076529999999999e-06, 0.2610837363484999, 0.2610837363484999, 0.018887184127499984, 0.00047085992849998926, 0.00047085992849998926, 0.00047085992849998926, 0.00047085992849998926, 0.23282228706750008, 0.23282228706750005, 0.0004054040638616918, 0.0004054040638616918, 0.0003139066190000519, 0.208186248088, 0.00047085992849998926, 0.0003153142720000265, 0.208186248088, 0.26824165185349996, 0.26824165185349996, 0.018416324198999995, 0.018416324198999995, 0.0016814415085000542, 0.001995348127500054, 0.00019566376700000734, 0.00019566376700000734, 0.00015695330949999997, 0.7524440193139998, 0.25047777482, 0.195703181284, 0.195703181284, 1.4076529999999999e-06, 3.1378712581668324, 1.4076529999999999e-06, 0.25047777482, 0.00015695330949999997, 0.25047777482, 0.25047777482, 0.25047777482, 10.358885738670047, 10.358885738670047, 0.8856830334182626, 0.00015695330950005193, 7.660319380557549, 7.660319380557549, 0.05477459353599998, 6.49201328967843, 0.08982796854199998, 0.10587521274199999, 0.06650315833199999, 0.0025112529519999995, 0.04491398427099999, 0.05293760637099999, 1.5384873080850001, 0.097851590642, 0.7466726420139681, 0.1555843669575, 0.005808680104499999, 0.1555843669575, 0.17153377927404556, 0.8191798750862631, 0.005808680104499999, 1.2743588182975216, 0.1555843669575, 1.9670080152150042, 5.980486264628972, 0.3154817827069879, 0.019557930781999997, 0.23689110806411856, 0.07859067464286935, 0.0025112529519999995, 0.0025112529519999995, 0.00047085992849998926, 0.005495477311999999, 0.005495477311999999, 0.06650315833199999, 40.88445349791549, 40.88445349791549, 0.00015348596054998165, 0.00015348596054998165, 0.0006243458890499709, 0.25047777482, 0.25047777482, 0.25047777482, 0.25047777482, 0.25047777482, 0.195703181284, 0.195703181284, 0.0001569533095000088, 0.3701036458924879, 0.17153377927404556, 0.8191798750862631, 0.06667911495699999, 0.06667911495699999, 0.00031390661899999994, 0.00019566376700000734, 0.00047085992849998926, 0.49136028296549994, 0.00047085992849998926, 0.0003139066190000519, 0.38303364252399996, 0.10832664044149998, 0.0014857777415000469, 0.06667911495699999, 0.3170956568715, 0.3170956568715, 0.3170956568715, 0.3170956568715, 0.013693648383999998, 0.013693648383999998, 0.6153336903284194, 0.20448200921849993, 0.027387296767999995, 0.027387296767999995, 7.452307508650119, 0.027387296767999995, 0.13738200601449999, 0.13738200601449999, 1.4076529999999999e-06, 0.00020129437899999995, 0.00018299488999999996, 1.9707141999999995e-05, 0.00018299488999999996, 0.00018299488999999996, 6.438734226209608, 0.0012704068324999995, 0.06667911495699999, 0.06667911495699999, 0.04000760973949999, 0.013693648383999998, 0.20448200921849993, 0.3820039443544879, 0.17153377927404556, 0.3170956568715, 1.4076529999999999e-06, 0.0006243458890499709, 1.4076529999999999e-06, 1.4076529999999999e-06, 0.0016814415085000542, 0.0005297122233000263, 0.1086419547135, 0.006105694887499999, 0.006105694887499999, 0.05477740884200001, 0.009778965390999999, 6.494189790347605, 0.0016814415085000542, 0.0016814415085000542, 0.00034346733199999994, 0.013693648383999998, 0.00048634411149999987, 0.013693648383999998, 9.079361849999999e-05, 9.079361849999999e-05, 8.586683299999999e-05, 0.0004054040638616918, 0.0015521547801251158, 0.00017173366599999997, 0.009778965390999999, 0.00048634411149999987, 0.00017173366599999997, 0.00034346733199999994, 7.601906153035471, 7.601906153035471, 0.6190520057281064, 0.6190520057281064, 0.1086419547135, 0.0003153142720000265, 0.00022733595949999997, 0.00022733595949999997, 28.015174042640837, 0.00031461044550029627, 0.0016033167669751158, 0.0016033167669751158, 0.0016033167669751158, 0.29932544539950007, 0.12732573298236174, 0.018416324198999995, 1.4076529999999999e-06, 0.2328222870675001, 0.1555843669575, 17.003873964263718, 17.003873964263718, 0.208186248088, 0.0004054040638616918, 0.0001569533095000088, 1.4076529999999999e-06, 1.4076529999999999e-06, 1.4076529999999999e-06, 0.00015695330949999997, 0.3170956568715, 0.019557930781999997, 0.17445888220786165, 0.2328222870675001, 0.00015695330949999997, 0.21951168185314351, 0.00020811529634999997, 5.116198685e-05, 0.00015695330949999997, 0.00020811529634999997, 5.116198685e-05, 1.4076529999999999e-06, 1.4076529999999999e-06, 0.032338012369, 0.014822586089999996, 0.06650315833199999, 1.1708632429518298, 0.8191798750862631, 1.9670080152150042, 0.8191798750862631, 3.1378712581668324, 0.00015695330949999997, 7.58345519231918, 0.1303944165225, 0.0003139066190000519, 1.4076529999999999e-06, 0.67893286052171, 0.00015695330949999997, 0.0004054040638616918, 0.67893286052171, 0.07654465100750002, 0.0012556264759999998, 2.0066746543353355, 0.0004054040638616918, 0.0004054040638616918, 0.09721181235349999, 0.1303944165225, 0.00015695330949999997, 0.3154817827069879, 0.3154817827069879, 0.04000760973949999, 0.06667911495699999, 0.3153248293974879, 0.06667911495699999, 0.3154817827069879, 0.06667911495699999, 0.6565941112379632, 0.26824165185349996, 0.018416324198999995, 0.7911647650802633, 0.04491398427099999, 4.842291410340901, 0.05293760637099999, 0.17445888220786165, 0.2610837363484999, 0.2610837363484999, 1.1708632429518298, 1.1708632429518298, 0.04491398427099999, 0.17445888220786165, 0.05293760637099999, 6.5221908300758, 0.0004054040638616918, 0.00015695330949999997, 0.00015695330949999997, 0.00037135126080002645, 0.26824165185349996, 0.26824165185349996, 0.10832664044149998, 0.17751208156486167, 0.17751208156486167, 0.0016033167669751158, 0.20448200921849993, 0.38303364252399996, 0.07604644309079998, 0.07604644309079998, 5.758502907041, 5.3125752272317, 0.00015695330949999997, 0.13419930258149998, 0.00015695330950005193, 0.13419930258149998, 0.0006278132380001039, 0.17445888220786165, 0.13419930258149998, 0.018416324198999995, 0.0003139066190000519, 0.00015695330949999997, 0.00015695330949999997, 0.9851379408272383, 0.17445888220786165, 0.013693648383999998, 1.2907790248434616, 0.2610837363484999, 0.04000760973949999, 0.04000760973949999, 0.00015695330949999997, 0.09721181235349999, 0.027387296767999995, 0.019557930781999997, 0.027387296767999995, 0.013693648383999998, 0.019557930781999997, 0.06650315833199999, 0.019557930781999997, 0.019557930781999997, 0.019557930781999997, 0.019557930781999997, 0.019557930781999997, 3.871045749999854e-05, 0.0003153142720000265, 0.00024000483649999995, 0.00024000483649999995, 0.019557930781999997, 0.027387296767999995, 0.26607386623350004, 0.00015695330949999997, 0.00031390661899999994, 0.00015695330949999997, 0.018416324198999995, 0.019015280550499995, 0.019015280550499995]","['EX_glyclt_e', 'EX_ac_e', 'EX_succ_e', 'EX_etoh_e', 'ACALD', 'ACt2rpp', 'ACtex', 'ALCD2x', 'CA2t3pp', 'CPPPGO2', 'ETOHtex', 'ETOHtrpp', 'GLYCLTtex', 'PDX5POi', 'OPHHX3', 'PYK', 'SUCCt3pp', 'SUCCtex']","['EX_o2_e', 'AKGDH', 'ADNK1', 'CPPPGO', 'CYTBO3_4pp', 'DHORD2', 'DMPPS', 'G6PDH2r', 'GLYCLTt4pp', 'GLYCTO2', 'GND', 'MALS', 'NADH16pp', 'O2tex', 'O2tpp', 'PDX5PO2', 'OPHHX', 'PGL', 'PUNP1', 'SUCDi']","['EX_co2_e', 'EX_cobalt2_e', 'DM_4crsol_c', 'DM_5drib_c', 'DM_amob_c', 'DM_mththf_c', 'BIOMASS_Ec_iJO1366_core_53p95M', 'EX_h_e', 'EX_h2o_e', 'EX_k_e', 'EX_cu2_e', 'EX_meoh_e', 'EX_mg2_e', 'EX_mn2_e', 'EX_mobd_e', 'EX_nh4_e', 'EX_ca2_e', 'EX_ni2_e', 'EX_cl_e', 'EX_pi_e', 'EX_zn2_e', 'EX_so4_e', 'EX_fe2_e', 'EX_fe3_e', '5DOAN', 'A5PISO', 'AACPS3', 'AACPS4', 'AACPS7', 'ACACT1r', 'ACACT2r', 'ACACT3r', 'ACACT4r', 'ACACT5r', 'EX_for_e', 'ACACT6r', 'ACACT7r', '3OAR140', 'ACCOAC', '3OAS140', 'ACGK', 'ACGS', 'ACHBS', 'ACKr', 'ACLS', 'ACOAD1f', 'ACOAD2f', 'ACOAD3f', 'ACOAD4f', 'ACOAD5f', 'ACOAD6f', 'ACOAD7f', 'ACODA', 'ACONTa', 'ACONTb', 'ACOTA', 'AGPAT160', 'AGPAT161', 'AGPR', 'ADCL', 'AHCYSNS', 'ADCS', 'AICART', 'AIRC2', 'AIRC3', 'ALAALAr', 'ALAR', 'ADSK', 'ADSL1r', 'ADSL2r', 'ADSS', 'AMAOTr', 'AMPMS2', 'ASNS2', 'ASP1DC', 'ASPCT', 'ASPK', 'ANPRT', 'ASPO6', 'ANS', 'AOXSr2', 'ASPTA', 'CBMKr', 'ATPPRT', 'ATPS4rpp', 'BMOCOS', 'BMOGDS1', 'BMOGDS2', 'BPNT', 'CDPMEK', 'BTS5', 'CA2tex', 'CHORM', 'CHORS', 'CHRPL', 'CLt3_2pp', 'CLtex', 'CO2tex', 'CO2tpp', 'COBALT2tex', 'COBALT2tpp', 'CPMPS', 'CYSS', 'CYSTL', 'APRAUR', 'CS', 'CYTK1', 'CTECOAI7', 'CTPS2', 'CU2tex', 'CU2tpp', 'DALAt2pp', 'DAPDC', 'DAPE', 'DDPA', 'DASYN160', 'DASYN161', 'DB4PS', 'DHAD1', 'DHAD2', 'DHAPT', 'DBTS', 'DHDPRy', 'DHDPS', 'DHFR', 'DHFS', 'DNMPPA', 'DNTPPA', 'DHNPA2r', 'DHORTS', 'DPCOAK', 'DPR', 'DHPPDA2', 'ARGSL', 'DHPS2', 'DHPTDCs2', 'ARGSS', 'DHQS', 'DHQTi', 'DTMPK', 'DUTPDP', 'DXPRIi', 'DXPS', 'DMATT', 'E4PD', 'ASAD', 'ECOAH5', 'ECOAH6', 'ECOAH7', 'EGMEACPR', 'ENO', 'EPMEACPR', 'ECOAH1', 'FCLT', 'ECOAH2', 'ECOAH3', 'ECOAH4', 'F6PA', 'FMNAT', 'FORtex', 'FORtppi', 'FACOAE120', 'FUM', 'FACOAE160', 'FACOAE161', 'G1PACT', 'G1SAT', 'G3PAT160', 'G3PAT161', 'FADRx', 'G3PD2', 'GHMT2r', 'G5SADs', 'FE2tex', 'G5SD', 'GK1', 'FE2tpp', 'GLNS', 'GLU5K', 'GAPD', 'GLUDy', 'GLUPRT', 'GLUR', 'GARFT', 'GART', 'GLUTRR', 'GLUTRS', 'GCALDD', 'FE3abcpp', 'FE3tex', 'GF6PTA', 'H2Otex', 'H2Otpp', 'HACD1', 'HACD2', 'HACD3', 'HACD4', 'HACD5', 'HACD6', 'HACD7', 'HBZOPT', 'HCO3E', 'GMPS2', 'HISTD', 'HISTP', 'HMBS', 'GRTT', 'HPPK2', 'HSDy', 'GTPCI', 'GTPCII2', 'HSK', 'HSST', 'IPDPS', 'HSTPT', 'IPMD', 'IPPMIa', 'IPPMIb', 'IPPS', 'K2L4Aabcpp', 'K2L4Aabctex', 'KARA1', 'KARA2', 'KDOCT2', 'KDOPP', 'Htex', 'KDOPS', 'Kt2pp', 'Ktex', 'I2FE2SR', 'I2FE2SS', 'I2FE2SS2', 'I2FE2ST', 'I4FE4SR', 'I4FE4ST', 'ICDHyr', 'ICYSDS', 'IG3PS', 'IGPDH', 'IGPS', 'LPADSS', 'ILETA', 'IMPC', 'IMPD', 'LEUTAi', 'MALCOAMT', 'MEOHtex', 'MEOHtrpp', 'MEPCT', 'METAT', 'METS', 'MG2t3_2pp', 'MG2tex', 'MCOATA', 'MCTP1App', 'MDH', 'MECDPDH5', 'MECDPS', 'MOADSUx', 'MOAT', 'MN2tpp', 'MOAT2', 'MOBDabcpp', 'MOBDtex', 'MOCOS', 'MOHMT', 'MOX', 'MPTAT', 'MPTG', 'MNtex', 'MPTS', 'MPTSS', 'NH4tex', 'NH4tpp', 'MTHFC', 'MTHFD', 'MTHFR2', 'MTHTHFSs', 'NI2tex', 'NI2tpp', 'NADK', 'NNATr', 'NNDPR', 'NADS1', 'NDPK2', 'NDPK3', 'NDPK4', 'OPMEACPS', 'ORPT', 'P5CR', 'OCBT', 'PANTS', 'OCTDPS', 'OGMEACPD', 'OGMEACPR', 'OGMEACPS', 'OHPBAT', 'OMCDC', 'PAPPT3', 'PAPSR', 'OMPDC', 'OPHBDC', 'PDH', 'PDX5PS', 'OPMEACPD', 'OPMEACPR', 'PE160abcpp', 'PE161abcpp', 'PGAMT', 'PGCD', 'PGI', 'PGK', 'PGM', 'PERD', 'PFL', 'PHETA1', 'PMDPHT', 'PMEACPE', 'PIt2rpp', 'PMPK', 'PNTK', 'PItex', 'POR5', 'PPBNGS', 'PPC', 'PPCDC', 'PPNCL2', 'PPND', 'PPNDH', 'PPPGO3', 'PRAGSr', 'PRAIS', 'PRAIi', 'PRAMPC', 'PRASCSi', 'PRATPP', 'PRFGS', 'PRMICI', 'PRPPS', 'PSCVT', 'RNTR4c2', 'RPI', 'PSD160', 'PSD161', 'SADT2', 'SDPDS', 'SDPTA', 'PSERT', 'PSP_L', 'PSSA160', 'SERAT', 'PSSA161', 'PTAr', 'PTPATi', 'SHCHD2', 'SHCHF', 'SHK3Dr', 'SHKK', 'SHSL1', 'SO4t2pp', 'SO4tex', 'QULNS', 'THRD_L', 'THRS', 'SUCOAS', 'THZPSN3', 'TKT1', 'RBFK', 'TKT2', 'RBFSa', 'SULR', 'TALA', 'TMDS', 'RBFSb', 'TMPK', 'TMPPP', 'TPI', 'TRDR', 'TDSK', 'THD2pp', 'THDPS', 'TRPAS2', 'TRPS3', 'TYRL', 'TYRTA', 'U23GAAT', 'UAAGDS', 'UAGAAT', 'USHD', 'UAGCVT', 'UAGDP', 'UAGPT3', 'UAMAGS', 'UAMAS', 'UAPGR', 'UDCPDP', 'UDCPDPS', 'RHCCE', 'ZN2tpp', 'Zn2tex', 'UGMDDS', 'UHGADA', 'UMPK', 'UPP3MT', 'UPP3S', 'UPPDC1', 'RNTR1c2', 'RNTR2c2', 'RNTR3c2']",O2tex,SUCCtex,619.1734945242,1,447,409,-291.0,-174.41595400083753,iJO1366,PSL,False,True,0.0,-16.2435967224229,1.96474362545396e-06,0.0
216,"['EX_co2_e', 'EX_cobalt2_e', 'DM_4crsol_c', 'DM_5drib_c', 'DM_amob_c', 'DM_mththf_c', 'BIOMASS_Ec_iJO1366_core_53p95M', 'EX_glyclt_e', 'EX_h2o_e', 'EX_k_e', 'EX_ac_e', 'EX_cu2_e', 'EX_meoh_e', 'EX_mg2_e', 'EX_mn2_e', 'EX_mobd_e', 'EX_nh4_e', 'EX_ca2_e', 'EX_ni2_e', 'EX_o2_e', 'EX_cl_e', 'EX_pi_e', 'EX_zn2_e', 'EX_so4_e', 'EX_succ_e', 'EX_etoh_e', '5DOAN', 'A5PISO', 'AACPS3', 'AACPS4', 'AACPS7', 'ACACT1r', 'ACACT2r', 'ACACT3r', 'ACACT4r', 'ACACT5r', 'EX_for_e', 'ACACT6r', 'ACACT7r', '3OAR140', 'ACALD', 'ACCOAC', '3OAS140', 'ACGK', 'ACGS', 'ACHBS', 'ACLS', 'ACOAD1f', 'ACOAD2f', 'ACOAD3f', 'ACOAD4f', 'ACOAD5f', 'ACOAD6f', 'ACOAD7f', 'ACODA', 'ACONTa', 'ACONTb', 'ACOTA', 'AGPAT160', 'AGPAT161', 'AGPR', 'ACtex', 'ADCL', 'AHCYSNS', 'ADCS', 'AICART', 'AIRC2', 'AIRC3', 'AKGDH', 'ADNK1', 'ALAALAr', 'ALAR', 'ALCD2x', 'ADSK', 'ADSL1r', 'ADSL2r', 'ADSS', 'AMAOTr', 'AMPMS2', 'ASNS2', 'ASP1DC', 'ASPCT', 'ASPK', 'ANPRT', 'ASPO6', 'ANS', 'AOXSr2', 'ASPTA', 'CBMKr', 'ATPPRT', 'ATPS4rpp', 'BMOCOS', 'BMOGDS1', 'BMOGDS2', 'BPNT', 'CDPMEK', 'BTS5', 'CA2tex', 'CHORM', 'CHORS', 'CHRPL', 'CLt3_2pp', 'CLtex', 'CO2tex', 'CO2tpp', 'COBALT2tex', 'COBALT2tpp', 'CPMPS', 'CYSS', 'CPPPGO', 'CPPPGO2', 'CYSTL', 'APRAUR', 'CYTBO3_4pp', 'CS', 'CYTK1', 'CTECOAI7', 'CTPS2', 'CU2tex', 'CU2tpp', 'DALAt2pp', 'DAPDC', 'DAPE', 'DDPA', 'DASYN160', 'DASYN161', 'DB4PS', 'DHAD1', 'DHAD2', 'DHAPT', 'DBTS', 'DHDPRy', 'DHDPS', 'DHFR', 'DHFS', 'DNMPPA', 'DNTPPA', 'DHNPA2r', 'DHORD2', 'DHORTS', 'DPCOAK', 'DPR', 'DHPPDA2', 'ARGSL', 'DHPS2', 'DHPTDCs2', 'ARGSS', 'DHQS', 'DHQTi', 'DTMPK', 'DUTPDP', 'DXPRIi', 'DXPS', 'DMATT', 'DMPPS', 'E4PD', 'ASAD', 'ECOAH5', 'ECOAH6', 'ECOAH7', 'EGMEACPR', 'ENO', 'EPMEACPR', 'ECOAH1', 'FCLT', 'ECOAH2', 'ECOAH3', 'ECOAH4', 'ETOHtex', 'ETOHtrpp', 'F6PA', 'FMNAT', 'FORtex', 'FORtppi', 'FACOAE120', 'FUM', 'FACOAE160', 'FACOAE161', 'G1PACT', 'G1SAT', 'G3PAT160', 'G3PAT161', 'FADRx', 'G3PD2', 'GHMT2r', 'G5SADs', 'G5SD', 'GK1', 'G6PDH2r', 'FE2tpp', 'GLNS', 'GLU5K', 'GAPD', 'GLUDy', 'GLUPRT', 'GLUR', 'GARFT', 'GART', 'GLUTRR', 'GLUTRS', 'GCALDD', 'FE3abcpp', 'GF6PTA', 'H2Otex', 'H2Otpp', 'GLYCLTt2rpp', 'GLYCLTtex', 'GLYCTO2', 'HACD1', 'HACD2', 'HACD3', 'HACD4', 'HACD5', 'HACD6', 'HACD7', 'HBZOPT', 'HCO3E', 'GMPS2', 'GND', 'HISTD', 'HISTP', 'HMBS', 'GRTT', 'HPPK2', 'HSDy', 'GTPCI', 'GTPCII2', 'HSK', 'HSST', 'FESD1s', 'IPDPS', 'HSTPT', 'IPMD', 'IPPMIa', 'FESR', 'IPPMIb', 'IPPS', 'K2L4Aabcpp', 'K2L4Aabctex', 'KARA1', 'KARA2', 'KDOCT2', 'KDOPP', 'KDOPS', 'Kt2pp', 'Ktex', 'I2FE2SR', 'I2FE2SS', 'I2FE2SS2', 'I2FE2ST', 'I4FE4SR', 'I4FE4ST', 'ICDHyr', 'ICYSDS', 'IG3PS', 'IGPDH', 'IGPS', 'LPADSS', 'ILETA', 'IMPC', 'IMPD', 'LEUTAi', 'MALCOAMT', 'MALS', 'MEOHtex', 'MEOHtrpp', 'MEPCT', 'METAT', 'METS', 'MG2t3_2pp', 'MG2tex', 'MCOATA', 'MCTP1App', 'MDH', 'MECDPDH5', 'MECDPS', 'MOADSUx', 'MOAT', 'MN2tpp', 'MOAT2', 'MOBDabcpp', 'MOBDtex', 'MOCOS', 'MOHMT', 'MOX', 'MPTAT', 'MPTG', 'MNtex', 'MPTS', 'MPTSS', 'NH4tex', 'NH4tpp', 'MTHFC', 'MTHFD', 'MTHFR2', 'MTHTHFSs', 'NI2tex', 'NI2tpp', 'NADH16pp', 'NADK', 'NNATr', 'NNDPR', 'NADS1', 'NDPK2', 'NDPK3', 'NDPK4', 'OPMEACPS', 'ORPT', 'P5CR', 'O2tex', 'O2tpp', 'OCBT', 'PANTS', 'OCTDPS', 'OGMEACPD', 'OGMEACPR', 'OGMEACPS', 'OHPBAT', 'OMCDC', 'PAPPT3', 'PAPSR', 'OMPDC', 'OPHBDC', 'PDH', 'PDX5POi', 'PDX5PS', 'OPHHX', 'OPHHX3', 'OPMEACPD', 'OPMEACPR', 'PE160abcpp', 'PE161abcpp', 'PGAMT', 'PGCD', 'PGI', 'PGK', 'PGL', 'PGM', 'PERD', 'PFL', 'PHETA1', 'PMDPHT', 'PMEACPE', 'PIt2rpp', 'PMPK', 'PNTK', 'PItex', 'POR5', 'PPBNGS', 'PPC', 'PPCDC', 'PPNCL2', 'PPND', 'PPNDH', 'PPPGO3', 'PRAGSr', 'PRAIS', 'PRAIi', 'PRAMPC', 'PRASCSi', 'PRATPP', 'PRFGS', 'PRMICI', 'PSCVT', 'RNTR4c2', 'RPI', 'PSD160', 'PYK', 'PSD161', 'SADT2', 'SDPDS', 'SDPTA', 'PSERT', 'PSP_L', 'PSSA160', 'SERAT', 'PSSA161', 'PTPATi', 'SHCHD2', 'SHCHF', 'PUNP1', 'SHK3Dr', 'SHKK', 'SHSL1', 'SO4t2pp', 'SO4tex', 'QULNS', 'THRD_L', 'THRS', 'SUCCt3pp', 'SUCCtex', 'SUCDi', 'SUCOAS', 'THZPSN3', 'TKT1', 'RBFK', 'TKT2', 'RBFSa', 'SULR', 'TALA', 'TMDS', 'RBFSb', 'TMPK', 'TMPPP', 'TPI', 'TRDR', 'TDSK', 'THD2pp', 'THDPS', 'TRPAS2', 'TRPS3', 'TYRL', 'TYRTA', 'U23GAAT', 'UAAGDS', 'UAGAAT', 'USHD', 'UAGCVT', 'UAGDP', 'UAGPT3', 'UAMAGS', 'UAMAS', 'UAPGR', 'UDCPDP', 'UDCPDPS', 'RHCCE', 'ZN2tpp', 'Zn2tex', 'UGMDDS', 'UHGADA', 'UMPK', 'UPP3MT', 'UPP3S', 'UPPDC1', 'RNTR1c2', 'RNTR2c2', 'RNTR3c2']","[-12.015103897696338, 1.75956625e-05, -0.00015695330949999997, -5.603698879999997e-05, -1.4076529999999999e-06, -0.0003153142720000265, -0.7038264999999999, 0.00015348596054998165, -40.88018287633952, 0.13738200601449999, 6.112158403125363, 0.0004990129885, -1.4076529999999999e-06, 0.006105694887499999, 0.00048634411149999987, 9.079361849999999e-05, 7.601906153016573, 0.0036634169325679977, 0.00022733595949999997, 17.00173865344223, 0.0036634169324999996, 0.6789328605124116, 0.00024000483649999995, 0.17751208156472, 0.0760464430908, 10.358885738548317, -5.603698879999997e-05, -0.02738729676799999, -0.08982796854199998, -0.10587521274199999, -0.05477459353599999, -0.25047777481999994, -0.25047777481999994, -0.25047777481999994, -0.25047777481999994, -0.25047777481999994, 7.658953099183845, -0.19570318128399994, -0.19570318128399994, -0.05477459353599999, -10.358885738548317, -0.05477881649499999, -0.05477459353599999, -0.208186248088, -0.208186248088, -0.20448200921849993, -0.6153336903282622, 0.25047777481999994, 0.25047777481999994, 0.25047777481999994, 0.25047777481999994, 0.25047777481999994, 0.19570318128399994, 0.08982796854199998, -0.208186248088, -6.438734226212893, -6.438734226212893, 0.208186248088, -0.04491398427099999, -0.05293760637099999, 0.208186248088, -6.112158403125363, -0.00047085992850004477, -0.0003153142720000265, -0.00047085992850004477, -0.3820039443508217, -0.31532482939382167, 0.31532482939382167, -5.681985604025051, -0.00037135126080002645, -0.019557930781999997, -0.029336896172965823, -10.358885738548317, -0.17445888220772, -0.21047016507683633, -0.31532482939382167, -0.21047016507683633, -1.4076529999999999e-06, -0.00015695330949999997, -0.16966089695749997, -0.000405404063720069, -0.23282228706749986, -0.7524440193139998, -0.04000760973949999, -0.0016033167669742276, -0.04000760973949999, -1.4076529999999999e-06, 2.0605780636858047, -0.4410085351554998, -0.06667911495699999, -54.47336343323187, -8.586683299999999e-05, -8.586683299999999e-05, -8.586683299999999e-05, -0.17445888220772, -0.001681441508500057, -1.4076529999999999e-06, -0.0036634169325679977, -0.22760622887599996, -0.2682416518535, -0.0001569533095000088, -0.0018317084662499998, -0.0036634169324999996, 12.015103897696338, 12.015103897696338, -1.75956625e-05, -1.75956625e-05, -0.00017173366599999997, -0.17445888220772, -0.00020811529634999997, 5.116198685e-05, -0.10832664044149995, -0.0003139066190000519, -34.00211388348289, -6.438734226212893, -0.1273257329822201, 0.10587521274199999, -0.11298174891249994, -0.0004990129885, -0.0004990129885, -0.009778965390999999, -0.24152580556649994, -0.2610837363484999, -0.2682416518535, -0.04491398427099999, -0.05293760637099999, -0.0006278132380001039, -0.6153336903282622, -0.20448200921849993, 0.8856830334145975, -1.4076529999999999e-06, -0.2610837363484999, -0.2610837363484999, -0.01888718412750004, -0.00047085992850004477, -0.00047085992850004477, -0.00047085992850004477, -0.00047085992850004477, -0.23282228706749986, 0.23282228706749986, -0.000405404063720069, -0.000405404063720069, -0.0003139066190000519, -0.208186248088, -0.00047085992850004477, -0.0003153142720000265, -0.208186248088, -0.2682416518535, -0.2682416518535, -0.018416324198999995, -0.018416324198999995, -0.001681441508500057, -0.0019953481275000566, -0.0001956637670000076, -0.0001956637670000076, -0.00015695330949999997, 0.7524440193139998, -0.25047777481999994, -0.19570318128399994, -0.19570318128399994, -1.4076529999999999e-06, 3.1378712581556716, -1.4076529999999999e-06, -0.25047777481999994, -0.00015695330949999997, -0.25047777481999994, -0.25047777481999994, -0.25047777481999994, -10.358885738548317, -10.358885738548317, 0.8856830334145975, -0.00015695330950005193, -7.658953099183845, 7.658953099183845, -0.05477459353599999, -6.492013289674509, -0.08982796854199998, -0.10587521274199999, -0.06650315833199999, -0.0025112529519999995, -0.04491398427099999, -0.05293760637099999, -1.5384873080849997, 0.097851590642, -0.7466726420103018, -0.1555843669575, -0.1555843669575, -0.1715337792739847, -0.8191798750825849, -0.013095515234099998, -1.274358818290128, -0.1555843669575, 1.9670080152076679, 5.98048626461747, -0.31548178270332167, 0.019557930781999997, -0.23689110806426017, -0.0785906746390615, -0.0025112529519999995, -0.0025112529519999995, -0.00047085992850004477, 0.0017913578175999998, -0.06650315833199999, 40.88018287633952, 40.886730633956525, -0.00015348596054998165, -0.00015348596054998165, -0.0006243458890500264, -0.25047777481999994, -0.25047777481999994, -0.25047777481999994, -0.25047777481999994, -0.25047777481999994, -0.19570318128399994, -0.19570318128399994, -0.0001569533095000088, -0.3701036458888216, -0.1715337792739847, -0.8191798750825849, -0.06667911495699999, -0.06667911495699999, -0.00031390661899999994, -0.0001956637670000076, -0.00047085992850004477, 0.49136028296549994, -0.00047085992850004477, -0.0003139066190000519, -0.38303364252399996, -0.10832664044149995, -0.0036434175647999997, -0.0014857777415000497, -0.06667911495699999, -0.3170956568715, 0.3170956568715, -0.007286835129599999, 0.3170956568715, -0.3170956568715, -0.013693648383999998, -0.013693648383999998, 0.6153336903282622, -0.20448200921849993, -0.02738729676799999, -0.02738729676799999, -0.02738729676799999, -0.13738200601449999, -0.13738200601449999, -1.4076529999999999e-06, -0.00020129437900000017, -0.00018299489000000017, -1.9707141999999995e-05, -0.00018299489000000017, -0.00018299489000000017, -6.438734226212893, -0.0012704068325000003, -0.06667911495699999, -0.06667911495699999, -0.04000760973949999, -0.013693648383999998, 0.20448200921849993, 0.3820039443508217, -0.1715337792739847, -0.3170956568715, -1.4076529999999999e-06, -0.0006243458890500264, 1.4076529999999999e-06, 1.4076529999999999e-06, -0.001681441508500057, -0.0005297122233000263, -0.1086419547135, -0.006105694887499999, -0.006105694887499999, -0.05477740884199999, -0.009778965390999999, -6.4907544880752335, -0.001681441508500057, -0.001681441508500057, -0.00034346733199999994, -0.013693648383999998, -0.00048634411149999987, -0.013693648383999998, -9.079361849999999e-05, -9.079361849999999e-05, -8.586683299999999e-05, -0.000405404063720069, -0.0018831474883257721, -0.00017173366599999997, -0.009778965390999999, -0.00048634411149999987, -0.00017173366599999997, -0.00034346733199999994, -7.601906153016573, -7.601906153016573, -0.6190520057245819, -0.6190520057245819, -0.1086419547135, -0.0003153142720000265, -0.00022733595949999997, -0.00022733595949999997, -28.010164343481986, -0.0003146104454994081, -0.0016033167669742276, -0.0016033167669742276, -0.0016033167669742276, -0.2993254453994999, -0.1273257329822201, -0.018416324198999995, -1.4076529999999999e-06, 0.23282228706749986, -0.1555843669575, -17.00173865344223, -17.00501253225077, -0.208186248088, -0.000405404063720069, -0.0001569533095000088, -1.4076529999999999e-06, -1.4076529999999999e-06, -1.4076529999999999e-06, -0.00015695330949999997, -0.3170956568715, -0.019557930781999997, -0.17445888220772, -0.23282228706749986, -0.00015695330949999997, 0.22087796321140107, -0.00015695330949999997, -0.00015695330949999997, -0.00020811529634999997, 5.116198685e-05, -1.4076529999999999e-06, -1.4076529999999999e-06, -0.032338012369, -0.014822586089999996, 0.06650315833199999, -1.1708632429480015, 0.8191798750825843, -1.9670080152076679, -0.8191798750825849, -3.1378712581556716, -0.00015695330949999997, 7.582088910949285, 0.1303944165225, -0.0003139066190000519, -1.4076529999999999e-06, -0.6789328605124116, -0.00015695330949999997, -0.000405404063720069, -0.6789328605124116, -0.07654465100750002, -0.0012556264759999998, -2.006674654335139, -0.000405404063720069, -0.000405404063720069, -0.09721181235349999, -0.1303944165225, -0.00015695330949999997, -0.31548178270332167, -0.31548178270332167, -0.04000760973949999, -0.06667911495699999, -0.31532482939382167, -0.06667911495699999, -0.31548178270332167, -0.06667911495699999, -0.2682416518535, -0.018416324198999995, 0.7911647650765685, -0.04491398427099999, 4.842291410333206, -0.05293760637099999, -0.17445888220772, -0.2610837363484999, 0.2610837363484999, -1.1708632429480015, -1.1708632429480015, -0.04491398427099999, -0.17445888220772, -0.05293760637099999, -0.000405404063720069, -0.00015695330949999997, -0.00015695330949999997, 0.00037135126080002645, -0.2682416518535, -0.2682416518535, -0.10832664044149995, -0.17751208156472, -0.17751208156472, -0.0016033167669742276, -0.20448200921849993, -0.38303364252399996, 0.0760464430908, -0.0760464430908, -5.758502907044352, 5.312575227235052, -0.00015695330949999997, -0.13419930258150004, -0.00015695330950005193, 0.13419930258150004, -0.0006278132380001039, -0.17445888220772, -0.13419930258150004, -0.018416324198999995, -0.0003139066190000519, -0.00015695330949999997, -0.00015695330949999997, 0.9851379408235719, -0.17445888220772, -0.013693648383999998, -1.290779024838689, -0.2610837363484999, 0.04000760973949999, -0.04000760973949999, -0.00015695330949999997, 0.09721181235349999, -0.027387296767999995, -0.019557930781999997, -0.027387296767999995, -0.013693648383999998, -0.019557930781999997, -0.06650315833199999, -0.019557930781999997, -0.019557930781999997, -0.019557930781999997, -0.019557930781999997, -0.019557930781999997, -3.871045749999878e-05, -0.0003153142720000265, -0.00024000483649999995, -0.00024000483649999995, -0.019557930781999997, -0.027387296767999995, -0.2660738662334998, -0.00015695330949999997, -0.00031390661899999994, -0.00015695330949999997, -0.018416324198999995, -0.019015280550499995, -0.019015280550499995]","[12.015103897696338, 1.75956625e-05, 0.00015695330949999997, 5.603698879999997e-05, 1.4076529999999999e-06, 0.0003153142720000265, 0.7038264999999999, 0.00015348596054998165, 40.88018287633952, 0.13738200601449999, 6.112158403125363, 0.0004990129885, 1.4076529999999999e-06, 0.006105694887499999, 0.00048634411149999987, 9.079361849999999e-05, 7.601906153016573, 0.0036634169325679977, 0.00022733595949999997, 17.00173865344223, 0.0036634169324999996, 0.6789328605124116, 0.00024000483649999995, 0.17751208156472, 0.0760464430908, 10.358885738548317, 5.603698879999997e-05, 0.02738729676799999, 0.08982796854199998, 0.10587521274199999, 0.05477459353599999, 0.25047777481999994, 0.25047777481999994, 0.25047777481999994, 0.25047777481999994, 0.25047777481999994, 7.658953099183845, 0.19570318128399994, 0.19570318128399994, 0.05477459353599999, 10.358885738548317, 0.05477881649499999, 0.05477459353599999, 0.208186248088, 0.208186248088, 0.20448200921849993, 0.6153336903282622, 0.25047777481999994, 0.25047777481999994, 0.25047777481999994, 0.25047777481999994, 0.25047777481999994, 0.19570318128399994, 0.08982796854199998, 0.208186248088, 6.438734226212893, 6.438734226212893, 0.208186248088, 0.04491398427099999, 0.05293760637099999, 0.208186248088, 6.112158403125363, 0.00047085992850004477, 0.0003153142720000265, 0.00047085992850004477, 0.3820039443508217, 0.31532482939382167, 0.31532482939382167, 5.681985604025051, 0.00037135126080002645, 0.019557930781999997, 0.029336896172965823, 10.358885738548317, 0.17445888220772, 0.21047016507683633, 0.31532482939382167, 0.21047016507683633, 1.4076529999999999e-06, 0.00015695330949999997, 0.16966089695749997, 0.000405404063720069, 0.23282228706749986, 0.7524440193139998, 0.04000760973949999, 0.0016033167669742276, 0.04000760973949999, 1.4076529999999999e-06, 2.0605780636858047, 0.4410085351554998, 0.06667911495699999, 54.47336343323187, 8.586683299999999e-05, 8.586683299999999e-05, 8.586683299999999e-05, 0.17445888220772, 0.001681441508500057, 1.4076529999999999e-06, 0.0036634169325679977, 0.22760622887599996, 0.2682416518535, 0.0001569533095000088, 0.0018317084662499998, 0.0036634169324999996, 12.015103897696338, 12.015103897696338, 1.75956625e-05, 1.75956625e-05, 0.00017173366599999997, 0.17445888220772, 0.00020811529634999997, 5.116198685e-05, 0.10832664044149995, 0.0003139066190000519, 34.00211388348289, 6.438734226212893, 0.1273257329822201, 0.10587521274199999, 0.11298174891249994, 0.0004990129885, 0.0004990129885, 0.009778965390999999, 0.24152580556649994, 0.2610837363484999, 0.2682416518535, 0.04491398427099999, 0.05293760637099999, 0.0006278132380001039, 0.6153336903282622, 0.20448200921849993, 0.8856830334145975, 1.4076529999999999e-06, 0.2610837363484999, 0.2610837363484999, 0.01888718412750004, 0.00047085992850004477, 0.00047085992850004477, 0.00047085992850004477, 0.00047085992850004477, 0.23282228706749986, 0.23282228706749986, 0.000405404063720069, 0.000405404063720069, 0.0003139066190000519, 0.208186248088, 0.00047085992850004477, 0.0003153142720000265, 0.208186248088, 0.2682416518535, 0.2682416518535, 0.018416324198999995, 0.018416324198999995, 0.001681441508500057, 0.0019953481275000566, 0.0001956637670000076, 0.0001956637670000076, 0.00015695330949999997, 0.7524440193139998, 0.25047777481999994, 0.19570318128399994, 0.19570318128399994, 1.4076529999999999e-06, 3.1378712581556716, 1.4076529999999999e-06, 0.25047777481999994, 0.00015695330949999997, 0.25047777481999994, 0.25047777481999994, 0.25047777481999994, 10.358885738548317, 10.358885738548317, 0.8856830334145975, 0.00015695330950005193, 7.658953099183845, 7.658953099183845, 0.05477459353599999, 6.492013289674509, 0.08982796854199998, 0.10587521274199999, 0.06650315833199999, 0.0025112529519999995, 0.04491398427099999, 0.05293760637099999, 1.5384873080849997, 0.097851590642, 0.7466726420103018, 0.1555843669575, 0.1555843669575, 0.1715337792739847, 0.8191798750825849, 0.013095515234099998, 1.274358818290128, 0.1555843669575, 1.9670080152076679, 5.98048626461747, 0.31548178270332167, 0.019557930781999997, 0.23689110806426017, 0.0785906746390615, 0.0025112529519999995, 0.0025112529519999995, 0.00047085992850004477, 0.0017913578175999998, 0.06650315833199999, 40.88018287633952, 40.886730633956525, 0.00015348596054998165, 0.00015348596054998165, 0.0006243458890500264, 0.25047777481999994, 0.25047777481999994, 0.25047777481999994, 0.25047777481999994, 0.25047777481999994, 0.19570318128399994, 0.19570318128399994, 0.0001569533095000088, 0.3701036458888216, 0.1715337792739847, 0.8191798750825849, 0.06667911495699999, 0.06667911495699999, 0.00031390661899999994, 0.0001956637670000076, 0.00047085992850004477, 0.49136028296549994, 0.00047085992850004477, 0.0003139066190000519, 0.38303364252399996, 0.10832664044149995, 0.0036434175647999997, 0.0014857777415000497, 0.06667911495699999, 0.3170956568715, 0.3170956568715, 0.007286835129599999, 0.3170956568715, 0.3170956568715, 0.013693648383999998, 0.013693648383999998, 0.6153336903282622, 0.20448200921849993, 0.02738729676799999, 0.02738729676799999, 0.02738729676799999, 0.13738200601449999, 0.13738200601449999, 1.4076529999999999e-06, 0.00020129437900000017, 0.00018299489000000017, 1.9707141999999995e-05, 0.00018299489000000017, 0.00018299489000000017, 6.438734226212893, 0.0012704068325000003, 0.06667911495699999, 0.06667911495699999, 0.04000760973949999, 0.013693648383999998, 0.20448200921849993, 0.3820039443508217, 0.1715337792739847, 0.3170956568715, 1.4076529999999999e-06, 0.0006243458890500264, 1.4076529999999999e-06, 1.4076529999999999e-06, 0.001681441508500057, 0.0005297122233000263, 0.1086419547135, 0.006105694887499999, 0.006105694887499999, 0.05477740884199999, 0.009778965390999999, 6.4907544880752335, 0.001681441508500057, 0.001681441508500057, 0.00034346733199999994, 0.013693648383999998, 0.00048634411149999987, 0.013693648383999998, 9.079361849999999e-05, 9.079361849999999e-05, 8.586683299999999e-05, 0.000405404063720069, 0.0018831474883257721, 0.00017173366599999997, 0.009778965390999999, 0.00048634411149999987, 0.00017173366599999997, 0.00034346733199999994, 7.601906153016573, 7.601906153016573, 0.6190520057245819, 0.6190520057245819, 0.1086419547135, 0.0003153142720000265, 0.00022733595949999997, 0.00022733595949999997, 28.010164343481986, 0.0003146104454994081, 0.0016033167669742276, 0.0016033167669742276, 0.0016033167669742276, 0.2993254453994999, 0.1273257329822201, 0.018416324198999995, 1.4076529999999999e-06, 0.23282228706749986, 0.1555843669575, 17.00173865344223, 17.00501253225077, 0.208186248088, 0.000405404063720069, 0.0001569533095000088, 1.4076529999999999e-06, 1.4076529999999999e-06, 1.4076529999999999e-06, 0.00015695330949999997, 0.3170956568715, 0.019557930781999997, 0.17445888220772, 0.23282228706749986, 0.00015695330949999997, 0.22087796321140107, 0.00015695330949999997, 0.00015695330949999997, 0.00020811529634999997, 5.116198685e-05, 1.4076529999999999e-06, 1.4076529999999999e-06, 0.032338012369, 0.014822586089999996, 0.06650315833199999, 1.1708632429480015, 0.8191798750825843, 1.9670080152076679, 0.8191798750825849, 3.1378712581556716, 0.00015695330949999997, 7.582088910949285, 0.1303944165225, 0.0003139066190000519, 1.4076529999999999e-06, 0.6789328605124116, 0.00015695330949999997, 0.000405404063720069, 0.6789328605124116, 0.07654465100750002, 0.0012556264759999998, 2.006674654335139, 0.000405404063720069, 0.000405404063720069, 0.09721181235349999, 0.1303944165225, 0.00015695330949999997, 0.31548178270332167, 0.31548178270332167, 0.04000760973949999, 0.06667911495699999, 0.31532482939382167, 0.06667911495699999, 0.31548178270332167, 0.06667911495699999, 0.2682416518535, 0.018416324198999995, 0.7911647650765685, 0.04491398427099999, 4.842291410333206, 0.05293760637099999, 0.17445888220772, 0.2610837363484999, 0.2610837363484999, 1.1708632429480015, 1.1708632429480015, 0.04491398427099999, 0.17445888220772, 0.05293760637099999, 0.000405404063720069, 0.00015695330949999997, 0.00015695330949999997, 0.00037135126080002645, 0.2682416518535, 0.2682416518535, 0.10832664044149995, 0.17751208156472, 0.17751208156472, 0.0016033167669742276, 0.20448200921849993, 0.38303364252399996, 0.0760464430908, 0.0760464430908, 5.758502907044352, 5.312575227235052, 0.00015695330949999997, 0.13419930258150004, 0.00015695330950005193, 0.13419930258150004, 0.0006278132380001039, 0.17445888220772, 0.13419930258150004, 0.018416324198999995, 0.0003139066190000519, 0.00015695330949999997, 0.00015695330949999997, 0.9851379408235719, 0.17445888220772, 0.013693648383999998, 1.290779024838689, 0.2610837363484999, 0.04000760973949999, 0.04000760973949999, 0.00015695330949999997, 0.09721181235349999, 0.027387296767999995, 0.019557930781999997, 0.027387296767999995, 0.013693648383999998, 0.019557930781999997, 0.06650315833199999, 0.019557930781999997, 0.019557930781999997, 0.019557930781999997, 0.019557930781999997, 0.019557930781999997, 3.871045749999878e-05, 0.0003153142720000265, 0.00024000483649999995, 0.00024000483649999995, 0.019557930781999997, 0.027387296767999995, 0.2660738662334998, 0.00015695330949999997, 0.00031390661899999994, 0.00015695330949999997, 0.018416324198999995, 0.019015280550499995, 0.019015280550499995]","['EX_glyclt_e', 'EX_ac_e', 'EX_succ_e', 'EX_etoh_e', 'ACALD', 'ACtex', 'ALCD2x', 'CPPPGO2', 'ETOHtex', 'ETOHtrpp', 'FE3abcpp', 'GLYCLTt2rpp', 'GLYCLTtex', 'OPHHX3', 'PYK', 'SUCCt3pp', 'SUCCtex']","['AKGDH', 'ADNK1', 'CPPPGO', 'CYTBO3_4pp', 'DHORD2', 'DMPPS', 'G3PAT160', 'G3PAT161', 'G6PDH2r', 'GART', 'GLYCTO2', 'GND', 'FESD1s', 'FESR', 'MALS', 'NADH16pp', 'O2tpp', 'PAPSR', 'PDX5POi', 'OPHHX', 'PGL', 'PUNP1', 'SUCDi', 'TRDR']","['EX_co2_e', 'EX_cobalt2_e', 'DM_4crsol_c', 'DM_5drib_c', 'DM_amob_c', 'DM_mththf_c', 'BIOMASS_Ec_iJO1366_core_53p95M', 'EX_h2o_e', 'EX_k_e', 'EX_cu2_e', 'EX_meoh_e', 'EX_mg2_e', 'EX_mn2_e', 'EX_mobd_e', 'EX_nh4_e', 'EX_ca2_e', 'EX_ni2_e', 'EX_o2_e', 'EX_cl_e', 'EX_pi_e', 'EX_zn2_e', 'EX_so4_e', '5DOAN', 'A5PISO', 'AACPS3', 'AACPS4', 'AACPS7', 'ACACT1r', 'ACACT2r', 'ACACT3r', 'ACACT4r', 'ACACT5r', 'EX_for_e', 'ACACT6r', 'ACACT7r', '3OAR140', 'ACCOAC', '3OAS140', 'ACGK', 'ACGS', 'ACHBS', 'ACLS', 'ACOAD1f', 'ACOAD2f', 'ACOAD3f', 'ACOAD4f', 'ACOAD5f', 'ACOAD6f', 'ACOAD7f', 'ACODA', 'ACONTa', 'ACONTb', 'ACOTA', 'AGPAT160', 'AGPAT161', 'AGPR', 'ADCL', 'AHCYSNS', 'ADCS', 'AICART', 'AIRC2', 'AIRC3', 'ALAALAr', 'ALAR', 'ADSK', 'ADSL1r', 'ADSL2r', 'ADSS', 'AMAOTr', 'AMPMS2', 'ASNS2', 'ASP1DC', 'ASPCT', 'ASPK', 'ANPRT', 'ASPO6', 'ANS', 'AOXSr2', 'ASPTA', 'CBMKr', 'ATPPRT', 'ATPS4rpp', 'BMOCOS', 'BMOGDS1', 'BMOGDS2', 'BPNT', 'CDPMEK', 'BTS5', 'CA2tex', 'CHORM', 'CHORS', 'CHRPL', 'CLt3_2pp', 'CLtex', 'CO2tex', 'CO2tpp', 'COBALT2tex', 'COBALT2tpp', 'CPMPS', 'CYSS', 'CYSTL', 'APRAUR', 'CS', 'CYTK1', 'CTECOAI7', 'CTPS2', 'CU2tex', 'CU2tpp', 'DALAt2pp', 'DAPDC', 'DAPE', 'DDPA', 'DASYN160', 'DASYN161', 'DB4PS', 'DHAD1', 'DHAD2', 'DHAPT', 'DBTS', 'DHDPRy', 'DHDPS', 'DHFR', 'DHFS', 'DNMPPA', 'DNTPPA', 'DHNPA2r', 'DHORTS', 'DPCOAK', 'DPR', 'DHPPDA2', 'ARGSL', 'DHPS2', 'DHPTDCs2', 'ARGSS', 'DHQS', 'DHQTi', 'DTMPK', 'DUTPDP', 'DXPRIi', 'DXPS', 'DMATT', 'E4PD', 'ASAD', 'ECOAH5', 'ECOAH6', 'ECOAH7', 'EGMEACPR', 'ENO', 'EPMEACPR', 'ECOAH1', 'FCLT', 'ECOAH2', 'ECOAH3', 'ECOAH4', 'F6PA', 'FMNAT', 'FORtex', 'FORtppi', 'FACOAE120', 'FUM', 'FACOAE160', 'FACOAE161', 'G1PACT', 'G1SAT', 'FADRx', 'G3PD2', 'GHMT2r', 'G5SADs', 'G5SD', 'GK1', 'FE2tpp', 'GLNS', 'GLU5K', 'GAPD', 'GLUDy', 'GLUPRT', 'GLUR', 'GARFT', 'GLUTRR', 'GLUTRS', 'GCALDD', 'GF6PTA', 'H2Otex', 'H2Otpp', 'HACD1', 'HACD2', 'HACD3', 'HACD4', 'HACD5', 'HACD6', 'HACD7', 'HBZOPT', 'HCO3E', 'GMPS2', 'HISTD', 'HISTP', 'HMBS', 'GRTT', 'HPPK2', 'HSDy', 'GTPCI', 'GTPCII2', 'HSK', 'HSST', 'IPDPS', 'HSTPT', 'IPMD', 'IPPMIa', 'IPPMIb', 'IPPS', 'K2L4Aabcpp', 'K2L4Aabctex', 'KARA1', 'KARA2', 'KDOCT2', 'KDOPP', 'KDOPS', 'Kt2pp', 'Ktex', 'I2FE2SR', 'I2FE2SS', 'I2FE2SS2', 'I2FE2ST', 'I4FE4SR', 'I4FE4ST', 'ICDHyr', 'ICYSDS', 'IG3PS', 'IGPDH', 'IGPS', 'LPADSS', 'ILETA', 'IMPC', 'IMPD', 'LEUTAi', 'MALCOAMT', 'MEOHtex', 'MEOHtrpp', 'MEPCT', 'METAT', 'METS', 'MG2t3_2pp', 'MG2tex', 'MCOATA', 'MCTP1App', 'MDH', 'MECDPDH5', 'MECDPS', 'MOADSUx', 'MOAT', 'MN2tpp', 'MOAT2', 'MOBDabcpp', 'MOBDtex', 'MOCOS', 'MOHMT', 'MOX', 'MPTAT', 'MPTG', 'MNtex', 'MPTS', 'MPTSS', 'NH4tex', 'NH4tpp', 'MTHFC', 'MTHFD', 'MTHFR2', 'MTHTHFSs', 'NI2tex', 'NI2tpp', 'NADK', 'NNATr', 'NNDPR', 'NADS1', 'NDPK2', 'NDPK3', 'NDPK4', 'OPMEACPS', 'ORPT', 'P5CR', 'O2tex', 'OCBT', 'PANTS', 'OCTDPS', 'OGMEACPD', 'OGMEACPR', 'OGMEACPS', 'OHPBAT', 'OMCDC', 'PAPPT3', 'OMPDC', 'OPHBDC', 'PDH', 'PDX5PS', 'OPMEACPD', 'OPMEACPR', 'PE160abcpp', 'PE161abcpp', 'PGAMT', 'PGCD', 'PGI', 'PGK', 'PGM', 'PERD', 'PFL', 'PHETA1', 'PMDPHT', 'PMEACPE', 'PIt2rpp', 'PMPK', 'PNTK', 'PItex', 'POR5', 'PPBNGS', 'PPC', 'PPCDC', 'PPNCL2', 'PPND', 'PPNDH', 'PPPGO3', 'PRAGSr', 'PRAIS', 'PRAIi', 'PRAMPC', 'PRASCSi', 'PRATPP', 'PRFGS', 'PRMICI', 'PSCVT', 'RNTR4c2', 'RPI', 'PSD160', 'PSD161', 'SADT2', 'SDPDS', 'SDPTA', 'PSERT', 'PSP_L', 'PSSA160', 'SERAT', 'PSSA161', 'PTPATi', 'SHCHD2', 'SHCHF', 'SHK3Dr', 'SHKK', 'SHSL1', 'SO4t2pp', 'SO4tex', 'QULNS', 'THRD_L', 'THRS', 'SUCOAS', 'THZPSN3', 'TKT1', 'RBFK', 'TKT2', 'RBFSa', 'SULR', 'TALA', 'TMDS', 'RBFSb', 'TMPK', 'TMPPP', 'TPI', 'TDSK', 'THD2pp', 'THDPS', 'TRPAS2', 'TRPS3', 'TYRL', 'TYRTA', 'U23GAAT', 'UAAGDS', 'UAGAAT', 'USHD', 'UAGCVT', 'UAGDP', 'UAGPT3', 'UAMAGS', 'UAMAS', 'UAPGR', 'UDCPDP', 'UDCPDPS', 'RHCCE', 'ZN2tpp', 'Zn2tex', 'UGMDDS', 'UHGADA', 'UMPK', 'UPP3MT', 'UPP3S', 'UPPDC1', 'RNTR1c2', 'RNTR2c2', 'RNTR3c2']",O2tpp,CPPPGO2,619.1388247324395,1,437,396,-293.0,-167.64592943111995,iJO1366,PSL,False,False,0.0,0.0,0.0,0.0
217,"['EX_co2_e', 'EX_cobalt2_e', 'DM_4crsol_c', 'DM_5drib_c', 'DM_amob_c', 'DM_mththf_c', 'BIOMASS_Ec_iJO1366_core_53p95M', 'EX_glyclt_e', 'EX_h2o_e', 'EX_k_e', 'EX_ac_e', 'EX_cu2_e', 'EX_meoh_e', 'EX_mg2_e', 'EX_mn2_e', 'EX_mobd_e', 'EX_nh4_e', 'EX_ca2_e', 'EX_ni2_e', 'EX_o2_e', 'EX_cl_e', 'EX_pi_e', 'EX_zn2_e', 'EX_so4_e', 'EX_succ_e', 'EX_etoh_e', '5DOAN', 'A5PISO', 'AACPS3', 'AACPS4', 'AACPS7', 'ACACT1r', 'ACACT2r', 'ACACT3r', 'ACACT4r', 'ACACT5r', 'EX_for_e', 'ACACT6r', 'ACACT7r', '3OAR140', 'ACALD', 'ACCOAC', '3OAS140', 'ACGK', 'ACGS', 'ACHBS', 'ACKr', 'ACLS', 'ACOAD1f', 'ACOAD2f', 'ACOAD3f', 'ACOAD4f', 'ACOAD5f', 'ACOAD6f', 'ACOAD7f', 'ACODA', 'ACONTa', 'ACONTb', 'ACOTA', 'AGPAT160', 'AGPAT161', 'AGPR', 'ACt2rpp', 'ACt4pp', 'ACtex', 'ADCL', 'AHCYSNS', 'ADCS', 'AICART', 'AIRC2', 'AIRC3', 'AKGDH', 'ADNK1', 'ALAALAr', 'ALAR', 'ALCD2x', 'ADSK', 'ADSL1r', 'ADSL2r', 'ADSS', 'AMAOTr', 'AMPMS2', 'ASNS2', 'ASP1DC', 'ASPCT', 'ASPK', 'ANPRT', 'ASPO6', 'ANS', 'AOXSr2', 'ASPTA', 'CBMKr', 'ATPPRT', 'ATPS4rpp', 'BMOCOS', 'BMOGDS1', 'BMOGDS2', 'BPNT', 'CDPMEK', 'BTS5', 'CA2tex', 'CHORM', 'CHORS', 'CHRPL', 'CLt3_2pp', 'CLtex', 'CO2tex', 'CO2tpp', 'COBALT2tex', 'COBALT2tpp', 'CPMPS', 'CYSS', 'CPPPGO', 'CPPPGO2', 'CYSTL', 'APRAUR', 'CYTBO3_4pp', 'CS', 'CYTK1', 'CTECOAI7', 'CTPS2', 'CU2tex', 'CU2tpp', 'DALAt2pp', 'DAPDC', 'DAPE', 'DDPA', 'DASYN160', 'DASYN161', 'DB4PS', 'DHAD1', 'DHAD2', 'DHAPT', 'DBTS', 'DHDPRy', 'DHDPS', 'DHFR', 'DHFS', 'DNMPPA', 'DNTPPA', 'DHNPA2r', 'DHORD2', 'DHORTS', 'DPCOAK', 'DPR', 'DHPPDA2', 'ARGSL', 'DHPS2', 'DHPTDCs2', 'ARGSS', 'DHQS', 'DHQTi', 'DTMPK', 'DUTPDP', 'DXPRIi', 'DXPS', 'DMATT', 'DMPPS', 'E4PD', 'ASAD', 'ECOAH5', 'ECOAH6', 'ECOAH7', 'EGMEACPR', 'ENO', 'EPMEACPR', 'ECOAH1', 'FCLT', 'ECOAH2', 'ECOAH3', 'ECOAH4', 'ETOHtex', 'ETOHtrpp', 'F6PA', 'FMNAT', 'FORtex', 'FORtppi', 'FACOAE120', 'FUM', 'FACOAE160', 'FACOAE161', 'G1PACT', 'G1SAT', 'G3PAT160', 'G3PAT161', 'FADRx', 'G3PD2', 'GHMT2r', 'G5SADs', 'G5SD', 'GK1', 'G6PDH2r', 'FE2tpp', 'GLNS', 'GLU5K', 'GAPD', 'GLUDy', 'GLUPRT', 'GLUR', 'GARFT', 'GART', 'GLUTRR', 'GLUTRS', 'GCALDD', 'FE3abcpp', 'GF6PTA', 'H2Otex', 'H2Otpp', 'GLYCLTtex', 'GLYCTO2', 'HACD1', 'HACD2', 'HACD3', 'HACD4', 'HACD5', 'HACD6', 'HACD7', 'HBZOPT', 'HCO3E', 'GMPS2', 'GND', 'HISTD', 'HISTP', 'HMBS', 'GRTT', 'HPPK2', 'HSDy', 'GTPCI', 'GTPCII2', 'HSK', 'HSST', 'FESD1s', 'IPDPS', 'HSTPT', 'IPMD', 'IPPMIa', 'FESR', 'IPPMIb', 'IPPS', 'K2L4Aabcpp', 'K2L4Aabctex', 'KARA1', 'KARA2', 'KDOCT2', 'KDOPP', 'KDOPS', 'Kt2pp', 'Ktex', 'I2FE2SR', 'I2FE2SS', 'I2FE2SS2', 'I2FE2ST', 'I4FE4SR', 'I4FE4ST', 'ICDHyr', 'ICYSDS', 'IG3PS', 'IGPDH', 'IGPS', 'LPADSS', 'ILETA', 'IMPC', 'IMPD', 'LEUTAi', 'MALCOAMT', 'MALS', 'MEOHtex', 'MEOHtrpp', 'MEPCT', 'METAT', 'METS', 'MG2t3_2pp', 'MG2tex', 'MCOATA', 'MCTP1App', 'MDH', 'MECDPDH5', 'MECDPS', 'MOADSUx', 'MOAT', 'MN2tpp', 'MOAT2', 'MOBDabcpp', 'MOBDtex', 'MOCOS', 'MOHMT', 'MOX', 'MPTAT', 'MPTG', 'MNtex', 'MPTS', 'MPTSS', 'NH4tex', 'NH4tpp', 'MTHFC', 'MTHFD', 'MTHFR2', 'MTHTHFSs', 'NI2tex', 'NI2tpp', 'NADH16pp', 'NADK', 'NNATr', 'NNDPR', 'NADS1', 'NDPK2', 'NDPK3', 'NDPK4', 'OPMEACPS', 'ORPT', 'P5CR', 'O2tex', 'O2tpp', 'OCBT', 'PANTS', 'OCTDPS', 'OGMEACPD', 'OGMEACPR', 'OGMEACPS', 'OHPBAT', 'OMCDC', 'PAPPT3', 'PAPSR', 'OMPDC', 'OPHBDC', 'PDH', 'PDX5POi', 'PDX5PS', 'OPHHX', 'OPHHX3', 'OPMEACPD', 'OPMEACPR', 'PE160abcpp', 'PE161abcpp', 'PGAMT', 'PGCD', 'PGI', 'PGK', 'PGL', 'PGM', 'PERD', 'PFL', 'PHETA1', 'PMDPHT', 'PMEACPE', 'PIt2rpp', 'PMPK', 'PNTK', 'PItex', 'POR5', 'PPBNGS', 'PPC', 'PPCDC', 'PPNCL2', 'PPND', 'PPNDH', 'PPPGO3', 'PRAGSr', 'PRAIS', 'PRAIi', 'PRAMPC', 'PRASCSi', 'PRATPP', 'PRFGS', 'PRMICI', 'PRPPS', 'PSCVT', 'RNTR4c2', 'RPI', 'PSD160', 'PYK', 'PSD161', 'SADT2', 'SDPDS', 'SDPTA', 'PSERT', 'PSP_L', 'PSSA160', 'SERAT', 'PSSA161', 'PTAr', 'PTPATi', 'SHCHD2', 'SHCHF', 'PUNP1', 'SHK3Dr', 'SHKK', 'SHSL1', 'SO4t2pp', 'SO4tex', 'QULNS', 'THRD_L', 'THRS', 'SUCCt3pp', 'SUCCtex', 'SUCDi', 'SUCOAS', 'THZPSN3', 'TKT1', 'RBFK', 'TKT2', 'RBFSa', 'SULR', 'TALA', 'TMDS', 'RBFSb', 'TMPK', 'TMPPP', 'TPI', 'TRDR', 'TDSK', 'THD2pp', 'THDPS', 'TRPAS2', 'TRPS3', 'TYRL', 'TYRTA', 'U23GAAT', 'UAAGDS', 'UAGAAT', 'USHD', 'UAGCVT', 'UAGDP', 'UAGPT3', 'UAMAGS', 'UAMAS', 'UAPGR', 'UDCPDP', 'UDCPDPS', 'RHCCE', 'ZN2tpp', 'Zn2tex', 'UGMDDS', 'UHGADA', 'UMPK', 'UPP3MT', 'UPP3S', 'UPPDC1', 'RNTR1c2', 'RNTR2c2', 'RNTR3c2']","[-12.015103897402492, 1.75956625e-05, -0.00015695330949999997, -5.6036988799999945e-05, -1.4076529999999999e-06, -0.0003153142720000265, -0.7038264999999999, 0.00015348596059538977, -40.88018287625488, 0.13738200601449999, 6.112158402985671, 0.0004990129885, -1.4076529999999999e-06, 0.006105694887499999, 0.00048634411149999987, 9.079361849999999e-05, 7.601906153038776, 0.0036634169325679977, 0.00022733595949999997, 17.00173865344388, 0.0036634169324999996, 0.6789328605229668, 0.00024000483649999995, 0.1775120815648382, 0.07604644309079998, 10.358885738698508, -5.6036988799999945e-05, -0.02738729676799999, -0.08982796854199998, -0.10587521274199999, -0.05477459353599998, -0.25047777481999994, -0.25047777481999994, -0.25047777481999994, -0.25047777481999994, -0.25047777481999994, 7.6589530989140595, -0.195703181284, -0.195703181284, -0.05477459353599998, -10.358885738698508, -0.05477881649499998, -0.05477459353599998, -0.208186248088, -0.208186248088, -0.20448200921849993, -6.522190830049508, -0.6153336903284226, 0.25047777481999994, 0.25047777481999994, 0.25047777481999994, 0.25047777481999994, 0.25047777481999994, 0.195703181284, 0.08982796854200001, -0.208186248088, -6.438734226209755, -6.438734226209755, 0.208186248088, -0.04491398427099999, -0.05293760637099999, 0.208186248088, -6.108494986053103, -0.0036634169325679977, -6.112158402985671, -0.00047085992849993374, -0.0003153142720000265, -0.00047085992849993374, -0.38200394435519935, -0.3153248293981993, 0.3153248293981993, -5.6819856040219605, -0.00037135126080002645, -0.019557930781999997, -0.029336896172999997, -10.358885738698508, -0.17445888220783817, -0.210470165081228, -0.31532482939819934, -0.210470165081228, -1.4076529999999999e-06, -0.00015695330949999997, -0.16966089695749997, -0.00040540406386480043, -0.23282228706749994, -0.7524440193139998, -0.04000760973949999, -0.0016033167669751158, -0.04000760973949999, -1.4076529999999999e-06, 2.060578063694709, -0.4410085351554999, -0.06667911495699999, -54.47336343316378, -8.586683299999999e-05, -8.586683299999999e-05, -8.586683299999999e-05, -0.17445888220783817, -0.0016814415085000542, -1.4076529999999999e-06, -0.0036634169325679977, -0.22760622887599996, -0.2682416518534999, -0.0001569533095000088, -0.0018317084662499998, -0.0036634169324999996, 12.015103897402492, 12.015103897402492, -1.75956625e-05, -1.75956625e-05, -0.00017173366599999997, -0.17445888220783817, -0.00020811529634999997, 5.116198685000001e-05, -0.10832664044149998, -0.0003139066189999409, -34.00211388348611, -6.438734226209755, -0.12732573298236488, 0.10587521274199999, -0.11298174891250001, -0.0004990129885, -0.0004990129885, -0.009778965390999999, -0.24152580556649994, -0.2610837363484999, -0.2682416518534999, -0.04491398427099999, -0.05293760637099999, -0.0006278132379998818, -0.6153336903284226, -0.20448200921849993, 0.8856830334189731, -1.4076529999999999e-06, -0.2610837363484999, -0.2610837363484999, -0.01888718412749993, -0.00047085992849993374, -0.00047085992849993374, -0.00047085992849993374, -0.00047085992849993374, -0.23282228706749997, 0.23282228706749994, -0.00040540406386480043, -0.00040540406386480043, -0.0003139066189999409, -0.208186248088, -0.00047085992849993374, -0.0003153142720000265, -0.208186248088, -0.2682416518534999, -0.2682416518534999, -0.018416324198999995, -0.018416324198999995, -0.0016814415085000542, -0.001995348127500054, -0.00019566376700000734, -0.00019566376700000734, -0.00015695330949999997, 0.7524440193139998, -0.25047777481999994, -0.195703181284, -0.195703181284, -1.4076529999999999e-06, 3.137871258168934, -1.4076529999999999e-06, -0.25047777481999994, -0.00015695330949999997, -0.25047777481999994, -0.25047777481999994, -0.25047777481999994, -10.358885738698508, -10.358885738698508, 0.8856830334189731, -0.0001569533094999409, -7.6589530989140595, 7.6589530989140595, -0.05477459353599998, -6.492013289680187, -0.08982796854200001, -0.10587521274199999, -0.06650315833199996, -0.0025112529519999995, -0.04491398427099999, -0.05293760637099999, -1.5384873080849997, 0.097851590642, -0.7466726420146795, -0.1555843669575, -0.1555843669575, -0.17153377927397126, -0.8191798750869732, -0.0130955152341, -1.2743588182988699, -0.1555843669575, 1.9670080152164182, 5.980486264630931, -0.31548178270769933, 0.01955793078199998, -0.23689110806411548, -0.07859067464358382, -0.0025112529519999995, -0.0025112529519999995, -0.00047085992849993374, 0.0017913578175999998, -0.06650315833199996, 40.88018287625488, 40.886730633871885, -0.00015348596059538977, -0.0006243458890499154, -0.25047777481999994, -0.25047777481999994, -0.25047777481999994, -0.25047777481999994, -0.25047777481999994, -0.195703181284, -0.195703181284, -0.0001569533095000088, -0.3701036458931993, -0.17153377927397126, -0.8191798750869732, -0.06667911495699999, -0.06667911495699999, -0.00031390661899999994, -0.00019566376700000734, -0.00047085992849993374, 0.49136028296549994, -0.00047085992849993374, -0.0003139066189999409, -0.38303364252399996, -0.10832664044149998, -0.0036434175647999997, -0.0014857777415000504, -0.06667911495699999, -0.3170956568715, 0.3170956568715, -0.007286835129599999, 0.3170956568715, -0.3170956568715, -0.013693648383999998, -0.013693648383999998, 0.6153336903284226, -0.20448200921849993, -0.02738729676799999, -0.02738729676799999, -0.02738729676799999, -0.13738200601449999, -0.13738200601449999, -1.4076529999999999e-06, -0.00020129437900000017, -0.00018299489000000017, -1.9707141999999995e-05, -0.00018299489000000017, -0.00018299489000000017, -6.438734226209755, -0.0012704068324118634, -0.06667911495699999, -0.06667911495699999, -0.04000760973949999, -0.013693648383999994, 0.20448200921849993, 0.38200394435519935, -0.17153377927397126, -0.3170956568715, -1.4076529999999999e-06, -0.0006243458890499154, 1.4076529999999999e-06, 1.4076529999999999e-06, -0.0016814415085000542, -0.0005297122233000263, -0.1086419547135, -0.006105694887499999, -0.006105694887499999, -0.054777408841999976, -0.009778965390999999, -6.490754488080913, -0.0016814415085000534, -0.0016814415085000542, -0.00034346733199999994, -0.013693648383999994, -0.00048634411149999987, -0.013693648383999994, -9.079361849999999e-05, -9.079361849999999e-05, -8.586683299999999e-05, -0.00040540406386480043, -0.001883147488324884, -0.00017173366599999997, -0.009778965390999999, -0.00048634411149999987, -0.00017173366599999997, -0.00034346733199999994, -7.601906153038776, -7.601906153038776, -0.6190520057288147, -0.6190520057288147, -0.1086419547135, -0.0003153142720000265, -0.00022733595949999997, -0.00022733595949999997, -28.010164343488295, -0.00031461044550029627, -0.0016033167669751158, -0.0016033167669751158, -0.0016033167669751158, -0.29932544539949996, -0.12732573298236488, -0.018416324198999995, -1.4076529999999999e-06, 0.2328222870675, -0.1555843669575, -17.00173865344388, -17.00501253225238, -0.208186248088, -0.00040540406386480043, -0.0001569533095000088, -1.4076529999999999e-06, -1.4076529999999999e-06, -1.4076529999999999e-06, -0.00015695330949999997, -0.3170956568715, -0.019557930781999997, -0.17445888220783817, -0.2328222870675, -0.00015695330949999997, 0.2208779634993947, -0.00015695330949999997, -0.00015695330949999997, -0.00020811529634999997, 5.116198685e-05, -1.4076529999999999e-06, -1.4076529999999999e-06, -0.032338012369, -0.014822586089999996, 0.06650315833199996, -1.1708632429525179, 0.8191798750869737, -1.9670080152164182, -0.8191798750869732, -3.137871258168934, -0.00015695330949999997, 7.582088910674978, 0.1303944165225, -0.0003139066189999409, -1.4076529999999999e-06, -0.6789328605229668, -0.00015695330949999997, -0.00040540406386480043, -0.6789328605229668, -0.07654465100750002, -0.0012556264759999998, -2.0066746543352263, -0.00040540406386480043, -0.00040540406386480043, -0.09721181235349999, -0.1303944165225, -0.00015695330949999997, -0.31548178270769933, -0.31548178270769933, -0.04000760973949999, -0.06667911495699999, -0.3153248293981993, -0.06667911495699999, -0.31548178270769933, -0.06667911495699999, -0.6565941112386736, -0.2682416518534999, -0.018416324198999995, 0.7911647650809736, -0.04491398427099999, 4.842291410342189, -0.05293760637099999, -0.17445888220783817, -0.2610837363484999, 0.2610837363484999, -1.1708632429525179, -1.1708632429525179, -0.04491398427099999, -0.17445888220783817, -0.05293760637099999, 6.522190830049508, -0.00040540406386480043, -0.00015695330949999997, -0.00015695330949999997, 0.00037135126080002645, -0.2682416518534999, -0.2682416518534999, -0.10832664044149998, -0.1775120815648382, -0.1775120815648382, -0.0016033167669751158, -0.20448200921849993, -0.38303364252399996, 0.07604644309079998, -0.07604644309079998, -5.758502907041261, 5.312575227231961, -0.00015695330949999997, -0.13419930258149998, -0.0001569533094999409, 0.13419930258149998, -0.0006278132379998818, -0.17445888220783817, -0.13419930258149998, -0.018416324198999995, -0.0003139066189999409, -0.00015695330949999997, -0.00015695330949999997, 0.9851379408279488, -0.17445888220783817, -0.013693648383999994, -1.2907790248430553, -0.2610837363484999, 0.04000760973949999, -0.04000760973949999, -0.00015695330949999997, 0.09721181235349999, -0.02738729676799999, -0.01955793078199998, -0.02738729676799999, -0.013693648383999994, -0.01955793078199998, -0.06650315833199996, -0.019557930781999997, -0.01955793078199998, -0.01955793078199998, -0.01955793078199998, -0.019557930781999997, -3.871045749999878e-05, -0.0003153142720000265, -0.00024000483649999995, -0.00024000483649999995, -0.019557930781999997, -0.02738729676799999, -0.26607386623349993, -0.00015695330949999997, -0.00031390661899999994, -0.00015695330949999994, -0.018416324198999995, -0.019015280550499995, -0.019015280550499995]","[12.015103897402492, 1.75956625e-05, 0.00015695330949999997, 5.6036988799999945e-05, 1.4076529999999999e-06, 0.0003153142720000265, 0.7038264999999999, 0.00015348596059538977, 40.88018287625488, 0.13738200601449999, 6.112158402985671, 0.0004990129885, 1.4076529999999999e-06, 0.006105694887499999, 0.00048634411149999987, 9.079361849999999e-05, 7.601906153038776, 0.0036634169325679977, 0.00022733595949999997, 17.00173865344388, 0.0036634169324999996, 0.6789328605229668, 0.00024000483649999995, 0.1775120815648382, 0.07604644309079998, 10.358885738698508, 5.6036988799999945e-05, 0.02738729676799999, 0.08982796854199998, 0.10587521274199999, 0.05477459353599998, 0.25047777481999994, 0.25047777481999994, 0.25047777481999994, 0.25047777481999994, 0.25047777481999994, 7.6589530989140595, 0.195703181284, 0.195703181284, 0.05477459353599998, 10.358885738698508, 0.05477881649499998, 0.05477459353599998, 0.208186248088, 0.208186248088, 0.20448200921849993, 6.522190830049508, 0.6153336903284226, 0.25047777481999994, 0.25047777481999994, 0.25047777481999994, 0.25047777481999994, 0.25047777481999994, 0.195703181284, 0.08982796854200001, 0.208186248088, 6.438734226209755, 6.438734226209755, 0.208186248088, 0.04491398427099999, 0.05293760637099999, 0.208186248088, 6.108494986053103, 0.0036634169325679977, 6.112158402985671, 0.00047085992849993374, 0.0003153142720000265, 0.00047085992849993374, 0.38200394435519935, 0.3153248293981993, 0.3153248293981993, 5.6819856040219605, 0.00037135126080002645, 0.019557930781999997, 0.029336896172999997, 10.358885738698508, 0.17445888220783817, 0.210470165081228, 0.31532482939819934, 0.210470165081228, 1.4076529999999999e-06, 0.00015695330949999997, 0.16966089695749997, 0.00040540406386480043, 0.23282228706749994, 0.7524440193139998, 0.04000760973949999, 0.0016033167669751158, 0.04000760973949999, 1.4076529999999999e-06, 2.060578063694709, 0.4410085351554999, 0.06667911495699999, 54.47336343316378, 8.586683299999999e-05, 8.586683299999999e-05, 8.586683299999999e-05, 0.17445888220783817, 0.0016814415085000542, 1.4076529999999999e-06, 0.0036634169325679977, 0.22760622887599996, 0.2682416518534999, 0.0001569533095000088, 0.0018317084662499998, 0.0036634169324999996, 12.015103897402492, 12.015103897402492, 1.75956625e-05, 1.75956625e-05, 0.00017173366599999997, 0.17445888220783817, 0.00020811529634999997, 5.116198685000001e-05, 0.10832664044149998, 0.0003139066189999409, 34.00211388348611, 6.438734226209755, 0.12732573298236488, 0.10587521274199999, 0.11298174891250001, 0.0004990129885, 0.0004990129885, 0.009778965390999999, 0.24152580556649994, 0.2610837363484999, 0.2682416518534999, 0.04491398427099999, 0.05293760637099999, 0.0006278132379998818, 0.6153336903284226, 0.20448200921849993, 0.8856830334189731, 1.4076529999999999e-06, 0.2610837363484999, 0.2610837363484999, 0.01888718412749993, 0.00047085992849993374, 0.00047085992849993374, 0.00047085992849993374, 0.00047085992849993374, 0.23282228706749997, 0.23282228706749994, 0.00040540406386480043, 0.00040540406386480043, 0.0003139066189999409, 0.208186248088, 0.00047085992849993374, 0.0003153142720000265, 0.208186248088, 0.2682416518534999, 0.2682416518534999, 0.018416324198999995, 0.018416324198999995, 0.0016814415085000542, 0.001995348127500054, 0.00019566376700000734, 0.00019566376700000734, 0.00015695330949999997, 0.7524440193139998, 0.25047777481999994, 0.195703181284, 0.195703181284, 1.4076529999999999e-06, 3.137871258168934, 1.4076529999999999e-06, 0.25047777481999994, 0.00015695330949999997, 0.25047777481999994, 0.25047777481999994, 0.25047777481999994, 10.358885738698508, 10.358885738698508, 0.8856830334189731, 0.0001569533094999409, 7.6589530989140595, 7.6589530989140595, 0.05477459353599998, 6.492013289680187, 0.08982796854200001, 0.10587521274199999, 0.06650315833199996, 0.0025112529519999995, 0.04491398427099999, 0.05293760637099999, 1.5384873080849997, 0.097851590642, 0.7466726420146795, 0.1555843669575, 0.1555843669575, 0.17153377927397126, 0.8191798750869732, 0.0130955152341, 1.2743588182988699, 0.1555843669575, 1.9670080152164182, 5.980486264630931, 0.31548178270769933, 0.01955793078199998, 0.23689110806411548, 0.07859067464358382, 0.0025112529519999995, 0.0025112529519999995, 0.00047085992849993374, 0.0017913578175999998, 0.06650315833199996, 40.88018287625488, 40.886730633871885, 0.00015348596059538977, 0.0006243458890499154, 0.25047777481999994, 0.25047777481999994, 0.25047777481999994, 0.25047777481999994, 0.25047777481999994, 0.195703181284, 0.195703181284, 0.0001569533095000088, 0.3701036458931993, 0.17153377927397126, 0.8191798750869732, 0.06667911495699999, 0.06667911495699999, 0.00031390661899999994, 0.00019566376700000734, 0.00047085992849993374, 0.49136028296549994, 0.00047085992849993374, 0.0003139066189999409, 0.38303364252399996, 0.10832664044149998, 0.0036434175647999997, 0.0014857777415000504, 0.06667911495699999, 0.3170956568715, 0.3170956568715, 0.007286835129599999, 0.3170956568715, 0.3170956568715, 0.013693648383999998, 0.013693648383999998, 0.6153336903284226, 0.20448200921849993, 0.02738729676799999, 0.02738729676799999, 0.02738729676799999, 0.13738200601449999, 0.13738200601449999, 1.4076529999999999e-06, 0.00020129437900000017, 0.00018299489000000017, 1.9707141999999995e-05, 0.00018299489000000017, 0.00018299489000000017, 6.438734226209755, 0.0012704068324118634, 0.06667911495699999, 0.06667911495699999, 0.04000760973949999, 0.013693648383999994, 0.20448200921849993, 0.38200394435519935, 0.17153377927397126, 0.3170956568715, 1.4076529999999999e-06, 0.0006243458890499154, 1.4076529999999999e-06, 1.4076529999999999e-06, 0.0016814415085000542, 0.0005297122233000263, 0.1086419547135, 0.006105694887499999, 0.006105694887499999, 0.054777408841999976, 0.009778965390999999, 6.490754488080913, 0.0016814415085000534, 0.0016814415085000542, 0.00034346733199999994, 0.013693648383999994, 0.00048634411149999987, 0.013693648383999994, 9.079361849999999e-05, 9.079361849999999e-05, 8.586683299999999e-05, 0.00040540406386480043, 0.001883147488324884, 0.00017173366599999997, 0.009778965390999999, 0.00048634411149999987, 0.00017173366599999997, 0.00034346733199999994, 7.601906153038776, 7.601906153038776, 0.6190520057288147, 0.6190520057288147, 0.1086419547135, 0.0003153142720000265, 0.00022733595949999997, 0.00022733595949999997, 28.010164343488295, 0.00031461044550029627, 0.0016033167669751158, 0.0016033167669751158, 0.0016033167669751158, 0.29932544539949996, 0.12732573298236488, 0.018416324198999995, 1.4076529999999999e-06, 0.2328222870675, 0.1555843669575, 17.00173865344388, 17.00501253225238, 0.208186248088, 0.00040540406386480043, 0.0001569533095000088, 1.4076529999999999e-06, 1.4076529999999999e-06, 1.4076529999999999e-06, 0.00015695330949999997, 0.3170956568715, 0.019557930781999997, 0.17445888220783817, 0.2328222870675, 0.00015695330949999997, 0.2208779634993947, 0.00015695330949999997, 0.00015695330949999997, 0.00020811529634999997, 5.116198685e-05, 1.4076529999999999e-06, 1.4076529999999999e-06, 0.032338012369, 0.014822586089999996, 0.06650315833199996, 1.1708632429525179, 0.8191798750869737, 1.9670080152164182, 0.8191798750869732, 3.137871258168934, 0.00015695330949999997, 7.582088910674978, 0.1303944165225, 0.0003139066189999409, 1.4076529999999999e-06, 0.6789328605229668, 0.00015695330949999997, 0.00040540406386480043, 0.6789328605229668, 0.07654465100750002, 0.0012556264759999998, 2.0066746543352263, 0.00040540406386480043, 0.00040540406386480043, 0.09721181235349999, 0.1303944165225, 0.00015695330949999997, 0.31548178270769933, 0.31548178270769933, 0.04000760973949999, 0.06667911495699999, 0.3153248293981993, 0.06667911495699999, 0.31548178270769933, 0.06667911495699999, 0.6565941112386736, 0.2682416518534999, 0.018416324198999995, 0.7911647650809736, 0.04491398427099999, 4.842291410342189, 0.05293760637099999, 0.17445888220783817, 0.2610837363484999, 0.2610837363484999, 1.1708632429525179, 1.1708632429525179, 0.04491398427099999, 0.17445888220783817, 0.05293760637099999, 6.522190830049508, 0.00040540406386480043, 0.00015695330949999997, 0.00015695330949999997, 0.00037135126080002645, 0.2682416518534999, 0.2682416518534999, 0.10832664044149998, 0.1775120815648382, 0.1775120815648382, 0.0016033167669751158, 0.20448200921849993, 0.38303364252399996, 0.07604644309079998, 0.07604644309079998, 5.758502907041261, 5.312575227231961, 0.00015695330949999997, 0.13419930258149998, 0.0001569533094999409, 0.13419930258149998, 0.0006278132379998818, 0.17445888220783817, 0.13419930258149998, 0.018416324198999995, 0.0003139066189999409, 0.00015695330949999997, 0.00015695330949999997, 0.9851379408279488, 0.17445888220783817, 0.013693648383999994, 1.2907790248430553, 0.2610837363484999, 0.04000760973949999, 0.04000760973949999, 0.00015695330949999997, 0.09721181235349999, 0.02738729676799999, 0.01955793078199998, 0.02738729676799999, 0.013693648383999994, 0.01955793078199998, 0.06650315833199996, 0.019557930781999997, 0.01955793078199998, 0.01955793078199998, 0.01955793078199998, 0.019557930781999997, 3.871045749999878e-05, 0.0003153142720000265, 0.00024000483649999995, 0.00024000483649999995, 0.019557930781999997, 0.02738729676799999, 0.26607386623349993, 0.00015695330949999997, 0.00031390661899999994, 0.00015695330949999994, 0.018416324198999995, 0.019015280550499995, 0.019015280550499995]","['EX_glyclt_e', 'EX_ac_e', 'EX_succ_e', 'EX_etoh_e', 'ACALD', 'ACtex', 'ALCD2x', 'CPPPGO2', 'ETOHtex', 'ETOHtrpp', 'FE3abcpp', 'GLYCLTtex', 'OPHHX3', 'PYK', 'SUCCt3pp', 'SUCCtex']","['ACt4pp', 'AKGDH', 'ADNK1', 'CPPPGO', 'CYTBO3_4pp', 'DHORD2', 'DMPPS', 'G6PDH2r', 'GART', 'GLYCTO2', 'GND', 'FESD1s', 'FESR', 'MALS', 'NADH16pp', 'O2tpp', 'PAPSR', 'PDX5POi', 'OPHHX', 'PGL', 'PUNP1', 'SUCDi', 'TRDR']","['EX_co2_e', 'EX_cobalt2_e', 'DM_4crsol_c', 'DM_5drib_c', 'DM_amob_c', 'DM_mththf_c', 'BIOMASS_Ec_iJO1366_core_53p95M', 'EX_h2o_e', 'EX_k_e', 'EX_cu2_e', 'EX_meoh_e', 'EX_mg2_e', 'EX_mn2_e', 'EX_mobd_e', 'EX_nh4_e', 'EX_ca2_e', 'EX_ni2_e', 'EX_o2_e', 'EX_cl_e', 'EX_pi_e', 'EX_zn2_e', 'EX_so4_e', '5DOAN', 'A5PISO', 'AACPS3', 'AACPS4', 'AACPS7', 'ACACT1r', 'ACACT2r', 'ACACT3r', 'ACACT4r', 'ACACT5r', 'EX_for_e', 'ACACT6r', 'ACACT7r', '3OAR140', 'ACCOAC', '3OAS140', 'ACGK', 'ACGS', 'ACHBS', 'ACKr', 'ACLS', 'ACOAD1f', 'ACOAD2f', 'ACOAD3f', 'ACOAD4f', 'ACOAD5f', 'ACOAD6f', 'ACOAD7f', 'ACODA', 'ACONTa', 'ACONTb', 'ACOTA', 'AGPAT160', 'AGPAT161', 'AGPR', 'ACt2rpp', 'ADCL', 'AHCYSNS', 'ADCS', 'AICART', 'AIRC2', 'AIRC3', 'ALAALAr', 'ALAR', 'ADSK', 'ADSL1r', 'ADSL2r', 'ADSS', 'AMAOTr', 'AMPMS2', 'ASNS2', 'ASP1DC', 'ASPCT', 'ASPK', 'ANPRT', 'ASPO6', 'ANS', 'AOXSr2', 'ASPTA', 'CBMKr', 'ATPPRT', 'ATPS4rpp', 'BMOCOS', 'BMOGDS1', 'BMOGDS2', 'BPNT', 'CDPMEK', 'BTS5', 'CA2tex', 'CHORM', 'CHORS', 'CHRPL', 'CLt3_2pp', 'CLtex', 'CO2tex', 'CO2tpp', 'COBALT2tex', 'COBALT2tpp', 'CPMPS', 'CYSS', 'CYSTL', 'APRAUR', 'CS', 'CYTK1', 'CTECOAI7', 'CTPS2', 'CU2tex', 'CU2tpp', 'DALAt2pp', 'DAPDC', 'DAPE', 'DDPA', 'DASYN160', 'DASYN161', 'DB4PS', 'DHAD1', 'DHAD2', 'DHAPT', 'DBTS', 'DHDPRy', 'DHDPS', 'DHFR', 'DHFS', 'DNMPPA', 'DNTPPA', 'DHNPA2r', 'DHORTS', 'DPCOAK', 'DPR', 'DHPPDA2', 'ARGSL', 'DHPS2', 'DHPTDCs2', 'ARGSS', 'DHQS', 'DHQTi', 'DTMPK', 'DUTPDP', 'DXPRIi', 'DXPS', 'DMATT', 'E4PD', 'ASAD', 'ECOAH5', 'ECOAH6', 'ECOAH7', 'EGMEACPR', 'ENO', 'EPMEACPR', 'ECOAH1', 'FCLT', 'ECOAH2', 'ECOAH3', 'ECOAH4', 'F6PA', 'FMNAT', 'FORtex', 'FORtppi', 'FACOAE120', 'FUM', 'FACOAE160', 'FACOAE161', 'G1PACT', 'G1SAT', 'G3PAT160', 'G3PAT161', 'FADRx', 'G3PD2', 'GHMT2r', 'G5SADs', 'G5SD', 'GK1', 'FE2tpp', 'GLNS', 'GLU5K', 'GAPD', 'GLUDy', 'GLUPRT', 'GLUR', 'GARFT', 'GLUTRR', 'GLUTRS', 'GCALDD', 'GF6PTA', 'H2Otex', 'H2Otpp', 'HACD1', 'HACD2', 'HACD3', 'HACD4', 'HACD5', 'HACD6', 'HACD7', 'HBZOPT', 'HCO3E', 'GMPS2', 'HISTD', 'HISTP', 'HMBS', 'GRTT', 'HPPK2', 'HSDy', 'GTPCI', 'GTPCII2', 'HSK', 'HSST', 'IPDPS', 'HSTPT', 'IPMD', 'IPPMIa', 'IPPMIb', 'IPPS', 'K2L4Aabcpp', 'K2L4Aabctex', 'KARA1', 'KARA2', 'KDOCT2', 'KDOPP', 'KDOPS', 'Kt2pp', 'Ktex', 'I2FE2SR', 'I2FE2SS', 'I2FE2SS2', 'I2FE2ST', 'I4FE4SR', 'I4FE4ST', 'ICDHyr', 'ICYSDS', 'IG3PS', 'IGPDH', 'IGPS', 'LPADSS', 'ILETA', 'IMPC', 'IMPD', 'LEUTAi', 'MALCOAMT', 'MEOHtex', 'MEOHtrpp', 'MEPCT', 'METAT', 'METS', 'MG2t3_2pp', 'MG2tex', 'MCOATA', 'MCTP1App', 'MDH', 'MECDPDH5', 'MECDPS', 'MOADSUx', 'MOAT', 'MN2tpp', 'MOAT2', 'MOBDabcpp', 'MOBDtex', 'MOCOS', 'MOHMT', 'MOX', 'MPTAT', 'MPTG', 'MNtex', 'MPTS', 'MPTSS', 'NH4tex', 'NH4tpp', 'MTHFC', 'MTHFD', 'MTHFR2', 'MTHTHFSs', 'NI2tex', 'NI2tpp', 'NADK', 'NNATr', 'NNDPR', 'NADS1', 'NDPK2', 'NDPK3', 'NDPK4', 'OPMEACPS', 'ORPT', 'P5CR', 'O2tex', 'OCBT', 'PANTS', 'OCTDPS', 'OGMEACPD', 'OGMEACPR', 'OGMEACPS', 'OHPBAT', 'OMCDC', 'PAPPT3', 'OMPDC', 'OPHBDC', 'PDH', 'PDX5PS', 'OPMEACPD', 'OPMEACPR', 'PE160abcpp', 'PE161abcpp', 'PGAMT', 'PGCD', 'PGI', 'PGK', 'PGM', 'PERD', 'PFL', 'PHETA1', 'PMDPHT', 'PMEACPE', 'PIt2rpp', 'PMPK', 'PNTK', 'PItex', 'POR5', 'PPBNGS', 'PPC', 'PPCDC', 'PPNCL2', 'PPND', 'PPNDH', 'PPPGO3', 'PRAGSr', 'PRAIS', 'PRAIi', 'PRAMPC', 'PRASCSi', 'PRATPP', 'PRFGS', 'PRMICI', 'PRPPS', 'PSCVT', 'RNTR4c2', 'RPI', 'PSD160', 'PSD161', 'SADT2', 'SDPDS', 'SDPTA', 'PSERT', 'PSP_L', 'PSSA160', 'SERAT', 'PSSA161', 'PTAr', 'PTPATi', 'SHCHD2', 'SHCHF', 'SHK3Dr', 'SHKK', 'SHSL1', 'SO4t2pp', 'SO4tex', 'QULNS', 'THRD_L', 'THRS', 'SUCOAS', 'THZPSN3', 'TKT1', 'RBFK', 'TKT2', 'RBFSa', 'SULR', 'TALA', 'TMDS', 'RBFSb', 'TMPK', 'TMPPP', 'TPI', 'TDSK', 'THD2pp', 'THDPS', 'TRPAS2', 'TRPS3', 'TYRL', 'TYRTA', 'U23GAAT', 'UAAGDS', 'UAGAAT', 'USHD', 'UAGCVT', 'UAGDP', 'UAGPT3', 'UAMAGS', 'UAMAS', 'UAPGR', 'UDCPDP', 'UDCPDPS', 'RHCCE', 'ZN2tpp', 'Zn2tex', 'UGMDDS', 'UHGADA', 'UMPK', 'UPP3MT', 'UPP3S', 'UPPDC1', 'RNTR1c2', 'RNTR2c2', 'RNTR3c2']",O2tpp,OPHHX3,619.1388247299827,1,441,402,-295.0,-174.4145284604864,iJO1366,PSL,False,False,0.0,0.0,0.0,0.0
218,"['EX_co2_e', 'EX_cobalt2_e', 'DM_4crsol_c', 'DM_5drib_c', 'DM_amob_c', 'DM_mththf_c', 'BIOMASS_Ec_iJO1366_core_53p95M', 'EX_glyclt_e', 'EX_h2o_e', 'EX_k_e', 'EX_ac_e', 'EX_cu2_e', 'EX_meoh_e', 'EX_mg2_e', 'EX_mn2_e', 'EX_mobd_e', 'EX_nh4_e', 'EX_ca2_e', 'EX_ni2_e', 'EX_o2_e', 'EX_cl_e', 'EX_pi_e', 'EX_zn2_e', 'EX_so4_e', 'EX_succ_e', 'EX_etoh_e', '5DOAN', 'A5PISO', 'AACPS3', 'AACPS4', 'AACPS7', 'ACACT1r', 'ACACT2r', 'ACACT3r', 'ACACT4r', 'ACACT5r', 'EX_for_e', 'ACACT6r', 'ACACT7r', '3OAR140', 'ACALD', 'ACCOAC', '3OAS140', 'ACGK', 'ACGS', 'ACHBS', 'ACLS', 'ACOAD1f', 'ACOAD2f', 'ACOAD3f', 'ACOAD4f', 'ACOAD5f', 'ACOAD6f', 'ACOAD7f', 'ACODA', 'ACONTa', 'ACONTb', 'ACOTA', 'AGPAT160', 'AGPAT161', 'AGPR', 'ACt2rpp', 'ACtex', 'ADCL', 'AHCYSNS', 'ADCS', 'AICART', 'AIRC2', 'AIRC3', 'AKGDH', 'ADNK1', 'ALAALAr', 'ALAR', 'ALCD2x', 'ADSK', 'ADSL1r', 'ADSL2r', 'ADSS', 'AMAOTr', 'AMPMS2', 'ASNS2', 'ASP1DC', 'ASPCT', 'ASPK', 'ANPRT', 'ASPO6', 'ANS', 'AOXSr2', 'ASPTA', 'CBMKr', 'ATPPRT', 'ATPS4rpp', 'BMOCOS', 'BMOGDS1', 'BMOGDS2', 'BPNT', 'CDPMEK', 'BTS5', 'CA2t3pp', 'CA2tex', 'CHORM', 'CHORS', 'CHRPL', 'CLt3_2pp', 'CLtex', 'CO2tex', 'CO2tpp', 'COBALT2tex', 'COBALT2tpp', 'CPMPS', 'CYSS', 'CPPPGO', 'CPPPGO2', 'CYSTL', 'APRAUR', 'CYTBO3_4pp', 'CS', 'CYTK1', 'CTECOAI7', 'CTPS2', 'CU2tex', 'CU2tpp', 'DALAt2pp', 'DAPDC', 'DAPE', 'DDPA', 'DASYN160', 'DASYN161', 'DB4PS', 'DHAD1', 'DHAD2', 'DHAPT', 'DBTS', 'DHDPRy', 'DHDPS', 'DHFR', 'DHFS', 'DNMPPA', 'DNTPPA', 'DHNPA2r', 'DHORD2', 'DHORTS', 'DPCOAK', 'DPR', 'DHPPDA2', 'ARGSL', 'DHPS2', 'DHPTDCs2', 'ARGSS', 'DHQS', 'DHQTi', 'DTMPK', 'DUTPDP', 'DXPRIi', 'DXPS', 'DMATT', 'DMPPS', 'E4PD', 'ASAD', 'ECOAH5', 'ECOAH6', 'ECOAH7', 'EGMEACPR', 'ENO', 'EPMEACPR', 'ECOAH1', 'FCLT', 'ECOAH2', 'ECOAH3', 'ECOAH4', 'ETOHtex', 'ETOHtrpp', 'F6PA', 'FMNAT', 'FORtex', 'FORtppi', 'FACOAE120', 'FUM', 'FACOAE160', 'FACOAE161', 'G1PACT', 'G1SAT', 'G3PAT160', 'G3PAT161', 'FADRx', 'G3PD2', 'GHMT2r', 'G5SADs', 'G5SD', 'GK1', 'G6PDH2r', 'FE2tpp', 'GLNS', 'GLU5K', 'GAPD', 'GLUDy', 'GLUPRT', 'GLUR', 'GARFT', 'GART', 'GLUTRR', 'GLUTRS', 'GCALDD', 'FE3abcpp', 'GF6PTA', 'H2Otex', 'H2Otpp', 'GLYCLTt4pp', 'GLYCLTtex', 'GLYCTO2', 'HACD1', 'HACD2', 'HACD3', 'HACD4', 'HACD5', 'HACD6', 'HACD7', 'HBZOPT', 'HCO3E', 'GMPS2', 'GND', 'HISTD', 'HISTP', 'HMBS', 'GRTT', 'HPPK2', 'HSDy', 'GTPCI', 'GTPCII2', 'HSK', 'HSST', 'FESD1s', 'IPDPS', 'HSTPT', 'IPMD', 'IPPMIa', 'FESR', 'IPPMIb', 'IPPS', 'K2L4Aabcpp', 'K2L4Aabctex', 'KARA1', 'KARA2', 'KDOCT2', 'KDOPP', 'KDOPS', 'Kt2pp', 'Ktex', 'I2FE2SR', 'I2FE2SS', 'I2FE2SS2', 'I2FE2ST', 'I4FE4SR', 'I4FE4ST', 'ICDHyr', 'ICYSDS', 'IG3PS', 'IGPDH', 'IGPS', 'LPADSS', 'ILETA', 'IMPC', 'IMPD', 'LEUTAi', 'MALCOAMT', 'MALS', 'MEOHtex', 'MEOHtrpp', 'MEPCT', 'METAT', 'METS', 'MG2t3_2pp', 'MG2tex', 'MCOATA', 'MCTP1App', 'MDH', 'MECDPDH5', 'MECDPS', 'MOADSUx', 'MOAT', 'MN2tpp', 'MOAT2', 'MOBDabcpp', 'MOBDtex', 'MOCOS', 'MOHMT', 'MOX', 'MPTAT', 'MPTG', 'MNtex', 'MPTS', 'MPTSS', 'NH4tex', 'NH4tpp', 'MTHFC', 'MTHFD', 'MTHFR2', 'MTHTHFSs', 'NI2tex', 'NI2tpp', 'NADH16pp', 'NADK', 'NNATr', 'NNDPR', 'NADS1', 'NDPK2', 'NDPK3', 'NDPK4', 'OPMEACPS', 'ORPT', 'P5CR', 'O2tex', 'O2tpp', 'OCBT', 'PANTS', 'OCTDPS', 'OGMEACPD', 'OGMEACPR', 'OGMEACPS', 'OHPBAT', 'OMCDC', 'PAPPT3', 'PAPSR', 'OMPDC', 'OPHBDC', 'PDH', 'PDX5PO2', 'PDX5PS', 'OPHHX', 'OPHHX3', 'OPMEACPD', 'OPMEACPR', 'PE160abcpp', 'PE161abcpp', 'PGAMT', 'PGCD', 'PGI', 'PGK', 'PGL', 'PGM', 'PERD', 'PFL', 'PHETA1', 'PMDPHT', 'PMEACPE', 'PIt2rpp', 'PMPK', 'PNTK', 'PItex', 'POR5', 'PPBNGS', 'PPC', 'PPCDC', 'PPNCL2', 'PPND', 'PPNDH', 'PPPGO3', 'PRAGSr', 'PRAIS', 'PRAIi', 'PRAMPC', 'PRASCSi', 'PRATPP', 'PRFGS', 'PRMICI', 'PSCVT', 'RNTR4c2', 'RPI', 'PSD160', 'PYK', 'PSD161', 'SADT2', 'SDPDS', 'SDPTA', 'PSERT', 'PSP_L', 'PSSA160', 'SERAT', 'PSSA161', 'PTPATi', 'SHCHD2', 'SHCHF', 'PUNP1', 'SHK3Dr', 'SHKK', 'SHSL1', 'SO4t2pp', 'SO4tex', 'QULNS', 'THRD_L', 'THRS', 'SUCCt3pp', 'SUCCtex', 'SUCDi', 'SUCOAS', 'THZPSN3', 'TKT1', 'RBFK', 'TKT2', 'RBFSa', 'SULR', 'TALA', 'TMDS', 'RBFSb', 'TMPK', 'TMPPP', 'TPI', 'TRDR', 'TDSK', 'THD2pp', 'THDPS', 'TRPAS2', 'TRPS3', 'TYRL', 'TYRTA', 'U23GAAT', 'UAAGDS', 'UAGAAT', 'USHD', 'UAGCVT', 'UAGDP', 'UAGPT3', 'UAMAGS', 'UAMAS', 'UAPGR', 'UDCPDP', 'UDCPDPS', 'RHCCE', 'ZN2tpp', 'Zn2tex', 'UGMDDS', 'UHGADA', 'UMPK', 'UPP3MT', 'UPP3S', 'UPPDC1', 'RNTR1c2', 'RNTR2c2', 'RNTR3c2']","[-12.01510389763472, 1.75956625e-05, -0.00015695330949999997, -5.6036988799999945e-05, -1.4076529999999999e-06, -0.0003153142720000265, -0.7038264999999999, 0.00015348596055005104, -40.88018287633395, 0.13738200601449999, 6.112158403091895, 0.0004990129885, -1.4076529999999999e-06, 0.006105694887499999, 0.00048634411149999987, 9.079361849999999e-05, 7.6019061530242755, 0.0036634169324999996, 0.00022733595949999997, 17.00173865344462, 0.0036634169324999996, 0.6789328605160473, 0.00024000483649999995, 0.17751208156492784, 0.0760464430908, 10.358885738584314, -5.6036988799999945e-05, -0.02738729676799999, -0.08982796854199998, -0.10587521274199999, -0.05477459353599998, -0.25047777482, -0.25047777482, -0.25047777482, -0.25047777482, -0.25047777482, 7.658953099133621, -0.195703181284, -0.195703181284, -0.05477459353599999, -10.358885738584314, -0.05477881649500001, -0.05477459353599999, -0.208186248088, -0.208186248088, -0.20448200921849993, -0.6153336903284701, 0.25047777482, 0.25047777482, 0.25047777482, 0.25047777482, 0.25047777482, 0.195703181284, 0.08982796854200001, -0.208186248088, -6.438734226210275, -6.438734226210275, 0.208186248088, -0.04491398427099999, -0.05293760637099999, 0.208186248088, -6.112158403091895, -6.112158403091895, -0.00047085992849991987, -0.0003153142720000265, -0.00047085992849991987, -0.382003944352283, -0.315324829395283, 0.315324829395283, -5.681985604022571, -0.00037135126080002645, -0.019557930781999997, -0.029336896172999997, -10.358885738584314, -0.17445888220792782, -0.21047016507830218, -0.31532482939528306, -0.21047016507830218, -1.4076529999999999e-06, -0.00015695330949999997, -0.16966089695749997, -0.00040540406392788886, -0.2328222870674999, -0.7524440193139998, -0.04000760973949999, -0.0016033167669744497, -0.04000760973949999, -1.4076529999999999e-06, 2.06057806368894, -0.4410085351554999, -0.06667911495699999, -54.473363433224975, -8.586683299999999e-05, -8.586683299999999e-05, -8.586683299999999e-05, -0.17445888220792782, -0.001681441508500057, -1.4076529999999999e-06, 0.0035099309719597116, -0.0036634169324999996, -0.22760622887599996, -0.2682416518534999, -0.0001569533095000088, -0.0018317084662499998, -0.0036634169324999996, 12.01510389763472, 12.01510389763472, -1.75956625e-05, -1.75956625e-05, -0.00017173366599999997, -0.17445888220792782, -0.00020811529634999997, 5.116198685000001e-05, -0.10832664044149995, -0.0003139066190000519, -34.002113883487645, -6.438734226210275, -0.12732573298242794, 0.10587521274199999, -0.11298174891249994, -0.0004990129885, -0.0004990129885, -0.009778965390999999, -0.24152580556649994, -0.2610837363484999, -0.2682416518534999, -0.04491398427099999, -0.05293760637099999, -0.0006278132380001039, -0.6153336903284701, -0.20448200921849993, 0.8856830334160573, -1.4076529999999999e-06, -0.2610837363484999, -0.2610837363484999, -0.018887184127499915, -0.00047085992849991987, -0.00047085992849991987, -0.00047085992849991987, -0.00047085992849991987, -0.2328222870674999, 0.2328222870674999, -0.00040540406392788886, -0.00040540406392788886, -0.0003139066190000519, -0.208186248088, -0.00047085992849991987, -0.0003153142720000265, -0.208186248088, -0.2682416518534999, -0.2682416518534999, -0.018416324198999995, -0.018416324198999995, -0.001681441508500057, -0.0019953481275000566, -0.0001956637670000076, -0.00019566376700000756, -0.00015695330949999997, 0.7524440193139998, -0.25047777482, -0.195703181284, -0.195703181284, -1.4076529999999999e-06, 3.1378712581602795, -1.4076529999999999e-06, -0.25047777482, -0.00015695330949999997, -0.25047777482, -0.25047777482, -0.25047777482, -10.358885738584314, -10.358885738584314, 0.8856830334160573, -0.00015695330950005193, -7.658953099133621, 7.658953099133621, -0.05477459353599998, -6.492013289674955, -0.08982796854199998, -0.10587521274199999, -0.06650315833199999, -0.0025112529519999995, -0.04491398427099999, -0.05293760637099999, -1.5384873080850001, 0.097851590642, -0.7466726420117632, -0.1555843669574415, -0.1555843669574415, -0.17153377927398455, -0.8191798750840509, -0.013095515234099998, -1.2743588182930505, -0.1555843669574415, 1.9670080152105882, 5.9804862646222485, -0.315481782704783, 0.019557930781999997, -0.23689110806405234, -0.07859067464073066, -0.0025112529519999995, -0.0025112529519999995, -0.00047085992849991987, 0.0017913578175999998, -0.06650315833199999, 40.88018287633395, 40.88673063395095, -0.00015348596055005104, -0.00015348596055005104, -0.0006243458890499709, -0.25047777482, -0.25047777482, -0.25047777482, -0.25047777482, -0.25047777482, -0.195703181284, -0.195703181284, -0.0001569533095000088, -0.370103645890283, -0.17153377927398455, -0.8191798750840509, -0.06667911495699999, -0.06667911495699999, -0.00031390661899999994, -0.0001956637670000076, -0.00047085992849991987, 0.49136028296549994, -0.00047085992849991987, -0.0003139066190000519, -0.38303364252399996, -0.10832664044149995, -0.0036434175647999997, -0.0014857777415000495, -0.06667911495699999, -0.3170956568715, 0.3170956568715, -0.007286835129599999, 0.3170956568715, -0.3170956568715, -0.013693648383999998, -0.013693648383999998, 0.6153336903284701, -0.20448200921849993, -0.02738729676799999, -0.02738729676799999, -0.02738729676799999, -0.13738200601449999, -0.13738200601449999, -1.4076529999999999e-06, -0.00020129437900000017, -0.00018299489000000017, -1.9707141999999995e-05, -0.00018299489000000017, -0.00018299489000000017, -6.438734226210275, -0.0012704068325000003, -0.06667911495699999, -0.06667911495699999, -0.04000760973949999, -0.013693648383999998, 0.20448200921849993, 0.382003944352283, -0.17153377927398455, -0.3170956568715, -1.4076529999999999e-06, -0.0006243458890499709, 1.4076529999999999e-06, 1.4076529999999999e-06, -0.001681441508500057, -0.0005297122233000263, -0.1086419547135, -0.006105694887499999, -0.006105694887499999, -0.054777408842000004, -0.009778965390999999, -6.49059753476618, -0.001681441508500057, -0.001681441508500057, -0.00034346733199999994, -0.013693648383999998, -0.00048634411149999987, -0.013693648383999998, -9.079361849999999e-05, -9.079361849999999e-05, -8.586683299999999e-05, -0.00040540406392788886, -0.00204010079782555, -0.00017173366599999997, -0.009778965390999999, -0.00048634411149999987, -0.00017173366599999997, -0.00034346733199999994, -7.6019061530242755, -7.6019061530242755, -0.6190520057258354, -0.6190520057258354, -0.1086419547135, -0.0003153142720000265, -0.00022733595949999997, -0.00022733595949999997, -28.010164343489222, -0.00031461044549963013, -0.0016033167669744497, -0.0016033167669744497, -0.0016033167669744497, -0.29932544539949996, -0.12732573298242794, -0.018416324198999995, -1.4076529999999999e-06, 0.2328222870674999, -0.1555843669574415, -17.00173865344462, -17.005012532253147, -0.208186248088, -0.00040540406392788886, -0.0001569533095000088, -1.4076529999999999e-06, -1.4076529999999999e-06, -1.4076529999999999e-06, -0.00015695330949999997, -0.3170956568715, -0.019557930781999997, -0.17445888220792782, -0.2328222870674999, -0.00015695330949999997, 0.22087796326847897, -0.00015695330949999997, -0.00015695330949999997, -0.00020811529634999997, 5.116198685e-05, -1.4076529999999999e-06, -1.4076529999999999e-06, -0.032338012369, -0.014822586089999996, 0.06650315833199999, -1.1708632429496912, 0.8191798750840515, -1.9670080152105882, -0.8191798750840509, -3.1378712581602795, -0.00015695330949999997, 7.58208891089739, 0.1303944165225, -0.0003139066190000519, -1.4076529999999999e-06, -0.6789328605160473, -0.00015695330949999997, -0.00040540406392788886, -0.6789328605160473, -0.07654465100750002, -0.0012556264759999998, -2.0066746543352094, -0.00040540406392788886, -0.00040540406392788886, -0.09721181235349999, -0.1303944165225, -0.00015695330949999997, -0.315481782704783, -0.315481782704783, -0.04000760973949999, -0.06667911495699999, -0.315324829395283, -0.06667911495699999, -0.315481782704783, -0.06667911495699999, -0.2682416518534999, -0.018416324198999995, 0.7911647650780509, -0.04491398427099999, 4.8422914103364265, -0.05293760637099999, -0.17445888220792782, -0.2610837363484999, 0.2610837363484999, -1.1708632429496912, -1.1708632429496912, -0.04491398427099999, -0.17445888220792782, -0.05293760637099999, -0.00040540406392788886, -0.00015695330949999997, -0.00015695330949999997, 0.00037135126080002645, -0.2682416518534999, -0.2682416518534999, -0.10832664044149995, -0.17751208156492784, -0.17751208156492784, -0.0016033167669744497, -0.20448200921849993, -0.38303364252399996, 0.0760464430908, -0.0760464430908, -5.758502907041871, 5.312575227232571, -0.00015695330949999997, -0.13419930258149998, -0.00015695330950005193, 0.13419930258149998, -0.0006278132380001039, -0.17445888220792782, -0.13419930258149998, -0.018416324198999995, -0.0003139066190000519, -0.00015695330949999997, -0.00015695330949999997, 0.9851379408250303, -0.17445888220792782, -0.013693648383999998, -1.2907790248430282, -0.2610837363484999, 0.04000760973949999, -0.04000760973949999, -0.00015695330949999997, 0.09721181235349999, -0.027387296767999995, -0.019557930781999997, -0.027387296767999995, -0.013693648383999998, -0.019557930781999997, -0.06650315833199999, -0.019557930781999997, -0.019557930781999997, -0.019557930781999997, -0.019557930781999997, -0.019557930781999997, -3.871045749999878e-05, -0.0003153142720000265, -0.00024000483649999995, -0.00024000483649999995, -0.019557930781999997, -0.027387296767999995, -0.26607386623349993, -0.00015695330949999997, -0.00031390661899999994, -0.00015695330949999997, -0.018416324198999995, -0.019015280550499995, -0.019015280550499995]","[12.01510389763472, 1.75956625e-05, 0.00015695330949999997, 5.6036988799999945e-05, 1.4076529999999999e-06, 0.0003153142720000265, 0.7038264999999999, 0.00015348596055005104, 40.88018287633395, 0.13738200601449999, 6.112158403091895, 0.0004990129885, 1.4076529999999999e-06, 0.006105694887499999, 0.00048634411149999987, 9.079361849999999e-05, 7.6019061530242755, 0.0036634169324999996, 0.00022733595949999997, 17.00173865344462, 0.0036634169324999996, 0.6789328605160473, 0.00024000483649999995, 0.17751208156492784, 0.0760464430908, 10.358885738584314, 5.6036988799999945e-05, 0.02738729676799999, 0.08982796854199998, 0.10587521274199999, 0.05477459353599998, 0.25047777482, 0.25047777482, 0.25047777482, 0.25047777482, 0.25047777482, 7.658953099133621, 0.195703181284, 0.195703181284, 0.05477459353599999, 10.358885738584314, 0.05477881649500001, 0.05477459353599999, 0.208186248088, 0.208186248088, 0.20448200921849993, 0.6153336903284701, 0.25047777482, 0.25047777482, 0.25047777482, 0.25047777482, 0.25047777482, 0.195703181284, 0.08982796854200001, 0.208186248088, 6.438734226210275, 6.438734226210275, 0.208186248088, 0.04491398427099999, 0.05293760637099999, 0.208186248088, 6.112158403091895, 6.112158403091895, 0.00047085992849991987, 0.0003153142720000265, 0.00047085992849991987, 0.382003944352283, 0.315324829395283, 0.315324829395283, 5.681985604022571, 0.00037135126080002645, 0.019557930781999997, 0.029336896172999997, 10.358885738584314, 0.17445888220792782, 0.21047016507830218, 0.31532482939528306, 0.21047016507830218, 1.4076529999999999e-06, 0.00015695330949999997, 0.16966089695749997, 0.00040540406392788886, 0.2328222870674999, 0.7524440193139998, 0.04000760973949999, 0.0016033167669744497, 0.04000760973949999, 1.4076529999999999e-06, 2.06057806368894, 0.4410085351554999, 0.06667911495699999, 54.473363433224975, 8.586683299999999e-05, 8.586683299999999e-05, 8.586683299999999e-05, 0.17445888220792782, 0.001681441508500057, 1.4076529999999999e-06, 0.0035099309719597116, 0.0036634169324999996, 0.22760622887599996, 0.2682416518534999, 0.0001569533095000088, 0.0018317084662499998, 0.0036634169324999996, 12.01510389763472, 12.01510389763472, 1.75956625e-05, 1.75956625e-05, 0.00017173366599999997, 0.17445888220792782, 0.00020811529634999997, 5.116198685000001e-05, 0.10832664044149995, 0.0003139066190000519, 34.002113883487645, 6.438734226210275, 0.12732573298242794, 0.10587521274199999, 0.11298174891249994, 0.0004990129885, 0.0004990129885, 0.009778965390999999, 0.24152580556649994, 0.2610837363484999, 0.2682416518534999, 0.04491398427099999, 0.05293760637099999, 0.0006278132380001039, 0.6153336903284701, 0.20448200921849993, 0.8856830334160573, 1.4076529999999999e-06, 0.2610837363484999, 0.2610837363484999, 0.018887184127499915, 0.00047085992849991987, 0.00047085992849991987, 0.00047085992849991987, 0.00047085992849991987, 0.2328222870674999, 0.2328222870674999, 0.00040540406392788886, 0.00040540406392788886, 0.0003139066190000519, 0.208186248088, 0.00047085992849991987, 0.0003153142720000265, 0.208186248088, 0.2682416518534999, 0.2682416518534999, 0.018416324198999995, 0.018416324198999995, 0.001681441508500057, 0.0019953481275000566, 0.0001956637670000076, 0.00019566376700000756, 0.00015695330949999997, 0.7524440193139998, 0.25047777482, 0.195703181284, 0.195703181284, 1.4076529999999999e-06, 3.1378712581602795, 1.4076529999999999e-06, 0.25047777482, 0.00015695330949999997, 0.25047777482, 0.25047777482, 0.25047777482, 10.358885738584314, 10.358885738584314, 0.8856830334160573, 0.00015695330950005193, 7.658953099133621, 7.658953099133621, 0.05477459353599998, 6.492013289674955, 0.08982796854199998, 0.10587521274199999, 0.06650315833199999, 0.0025112529519999995, 0.04491398427099999, 0.05293760637099999, 1.5384873080850001, 0.097851590642, 0.7466726420117632, 0.1555843669574415, 0.1555843669574415, 0.17153377927398455, 0.8191798750840509, 0.013095515234099998, 1.2743588182930505, 0.1555843669574415, 1.9670080152105882, 5.9804862646222485, 0.315481782704783, 0.019557930781999997, 0.23689110806405234, 0.07859067464073066, 0.0025112529519999995, 0.0025112529519999995, 0.00047085992849991987, 0.0017913578175999998, 0.06650315833199999, 40.88018287633395, 40.88673063395095, 0.00015348596055005104, 0.00015348596055005104, 0.0006243458890499709, 0.25047777482, 0.25047777482, 0.25047777482, 0.25047777482, 0.25047777482, 0.195703181284, 0.195703181284, 0.0001569533095000088, 0.370103645890283, 0.17153377927398455, 0.8191798750840509, 0.06667911495699999, 0.06667911495699999, 0.00031390661899999994, 0.0001956637670000076, 0.00047085992849991987, 0.49136028296549994, 0.00047085992849991987, 0.0003139066190000519, 0.38303364252399996, 0.10832664044149995, 0.0036434175647999997, 0.0014857777415000495, 0.06667911495699999, 0.3170956568715, 0.3170956568715, 0.007286835129599999, 0.3170956568715, 0.3170956568715, 0.013693648383999998, 0.013693648383999998, 0.6153336903284701, 0.20448200921849993, 0.02738729676799999, 0.02738729676799999, 0.02738729676799999, 0.13738200601449999, 0.13738200601449999, 1.4076529999999999e-06, 0.00020129437900000017, 0.00018299489000000017, 1.9707141999999995e-05, 0.00018299489000000017, 0.00018299489000000017, 6.438734226210275, 0.0012704068325000003, 0.06667911495699999, 0.06667911495699999, 0.04000760973949999, 0.013693648383999998, 0.20448200921849993, 0.382003944352283, 0.17153377927398455, 0.3170956568715, 1.4076529999999999e-06, 0.0006243458890499709, 1.4076529999999999e-06, 1.4076529999999999e-06, 0.001681441508500057, 0.0005297122233000263, 0.1086419547135, 0.006105694887499999, 0.006105694887499999, 0.054777408842000004, 0.009778965390999999, 6.49059753476618, 0.001681441508500057, 0.001681441508500057, 0.00034346733199999994, 0.013693648383999998, 0.00048634411149999987, 0.013693648383999998, 9.079361849999999e-05, 9.079361849999999e-05, 8.586683299999999e-05, 0.00040540406392788886, 0.00204010079782555, 0.00017173366599999997, 0.009778965390999999, 0.00048634411149999987, 0.00017173366599999997, 0.00034346733199999994, 7.6019061530242755, 7.6019061530242755, 0.6190520057258354, 0.6190520057258354, 0.1086419547135, 0.0003153142720000265, 0.00022733595949999997, 0.00022733595949999997, 28.010164343489222, 0.00031461044549963013, 0.0016033167669744497, 0.0016033167669744497, 0.0016033167669744497, 0.29932544539949996, 0.12732573298242794, 0.018416324198999995, 1.4076529999999999e-06, 0.2328222870674999, 0.1555843669574415, 17.00173865344462, 17.005012532253147, 0.208186248088, 0.00040540406392788886, 0.0001569533095000088, 1.4076529999999999e-06, 1.4076529999999999e-06, 1.4076529999999999e-06, 0.00015695330949999997, 0.3170956568715, 0.019557930781999997, 0.17445888220792782, 0.2328222870674999, 0.00015695330949999997, 0.22087796326847897, 0.00015695330949999997, 0.00015695330949999997, 0.00020811529634999997, 5.116198685e-05, 1.4076529999999999e-06, 1.4076529999999999e-06, 0.032338012369, 0.014822586089999996, 0.06650315833199999, 1.1708632429496912, 0.8191798750840515, 1.9670080152105882, 0.8191798750840509, 3.1378712581602795, 0.00015695330949999997, 7.58208891089739, 0.1303944165225, 0.0003139066190000519, 1.4076529999999999e-06, 0.6789328605160473, 0.00015695330949999997, 0.00040540406392788886, 0.6789328605160473, 0.07654465100750002, 0.0012556264759999998, 2.0066746543352094, 0.00040540406392788886, 0.00040540406392788886, 0.09721181235349999, 0.1303944165225, 0.00015695330949999997, 0.315481782704783, 0.315481782704783, 0.04000760973949999, 0.06667911495699999, 0.315324829395283, 0.06667911495699999, 0.315481782704783, 0.06667911495699999, 0.2682416518534999, 0.018416324198999995, 0.7911647650780509, 0.04491398427099999, 4.8422914103364265, 0.05293760637099999, 0.17445888220792782, 0.2610837363484999, 0.2610837363484999, 1.1708632429496912, 1.1708632429496912, 0.04491398427099999, 0.17445888220792782, 0.05293760637099999, 0.00040540406392788886, 0.00015695330949999997, 0.00015695330949999997, 0.00037135126080002645, 0.2682416518534999, 0.2682416518534999, 0.10832664044149995, 0.17751208156492784, 0.17751208156492784, 0.0016033167669744497, 0.20448200921849993, 0.38303364252399996, 0.0760464430908, 0.0760464430908, 5.758502907041871, 5.312575227232571, 0.00015695330949999997, 0.13419930258149998, 0.00015695330950005193, 0.13419930258149998, 0.0006278132380001039, 0.17445888220792782, 0.13419930258149998, 0.018416324198999995, 0.0003139066190000519, 0.00015695330949999997, 0.00015695330949999997, 0.9851379408250303, 0.17445888220792782, 0.013693648383999998, 1.2907790248430282, 0.2610837363484999, 0.04000760973949999, 0.04000760973949999, 0.00015695330949999997, 0.09721181235349999, 0.027387296767999995, 0.019557930781999997, 0.027387296767999995, 0.013693648383999998, 0.019557930781999997, 0.06650315833199999, 0.019557930781999997, 0.019557930781999997, 0.019557930781999997, 0.019557930781999997, 0.019557930781999997, 3.871045749999878e-05, 0.0003153142720000265, 0.00024000483649999995, 0.00024000483649999995, 0.019557930781999997, 0.027387296767999995, 0.26607386623349993, 0.00015695330949999997, 0.00031390661899999994, 0.00015695330949999997, 0.018416324198999995, 0.019015280550499995, 0.019015280550499995]","['EX_glyclt_e', 'EX_ac_e', 'EX_succ_e', 'EX_etoh_e', 'ACALD', 'ACt2rpp', 'ACtex', 'ALCD2x', 'CA2t3pp', 'CPPPGO2', 'ETOHtex', 'ETOHtrpp', 'FE3abcpp', 'GLYCLTtex', 'OPHHX3', 'PYK', 'SUCCt3pp', 'SUCCtex']","['AKGDH', 'CPPPGO', 'CYTBO3_4pp', 'DHORD2', 'G6PDH2r', 'GART', 'GLYCLTt4pp', 'GLYCTO2', 'GND', 'FESD1s', 'IPDPS', 'FESR', 'MALS', 'NADH16pp', 'O2tpp', 'PAPSR', 'OPHHX', 'PGL', 'SUCDi', 'TRDR']","['EX_co2_e', 'EX_cobalt2_e', 'DM_4crsol_c', 'DM_5drib_c', 'DM_amob_c', 'DM_mththf_c', 'BIOMASS_Ec_iJO1366_core_53p95M', 'EX_h2o_e', 'EX_k_e', 'EX_cu2_e', 'EX_meoh_e', 'EX_mg2_e', 'EX_mn2_e', 'EX_mobd_e', 'EX_nh4_e', 'EX_ca2_e', 'EX_ni2_e', 'EX_o2_e', 'EX_cl_e', 'EX_pi_e', 'EX_zn2_e', 'EX_so4_e', '5DOAN', 'A5PISO', 'AACPS3', 'AACPS4', 'AACPS7', 'ACACT1r', 'ACACT2r', 'ACACT3r', 'ACACT4r', 'ACACT5r', 'EX_for_e', 'ACACT6r', 'ACACT7r', '3OAR140', 'ACCOAC', '3OAS140', 'ACGK', 'ACGS', 'ACHBS', 'ACLS', 'ACOAD1f', 'ACOAD2f', 'ACOAD3f', 'ACOAD4f', 'ACOAD5f', 'ACOAD6f', 'ACOAD7f', 'ACODA', 'ACONTa', 'ACONTb', 'ACOTA', 'AGPAT160', 'AGPAT161', 'AGPR', 'ADCL', 'AHCYSNS', 'ADCS', 'AICART', 'AIRC2', 'AIRC3', 'ADNK1', 'ALAALAr', 'ALAR', 'ADSK', 'ADSL1r', 'ADSL2r', 'ADSS', 'AMAOTr', 'AMPMS2', 'ASNS2', 'ASP1DC', 'ASPCT', 'ASPK', 'ANPRT', 'ASPO6', 'ANS', 'AOXSr2', 'ASPTA', 'CBMKr', 'ATPPRT', 'ATPS4rpp', 'BMOCOS', 'BMOGDS1', 'BMOGDS2', 'BPNT', 'CDPMEK', 'BTS5', 'CA2tex', 'CHORM', 'CHORS', 'CHRPL', 'CLt3_2pp', 'CLtex', 'CO2tex', 'CO2tpp', 'COBALT2tex', 'COBALT2tpp', 'CPMPS', 'CYSS', 'CYSTL', 'APRAUR', 'CS', 'CYTK1', 'CTECOAI7', 'CTPS2', 'CU2tex', 'CU2tpp', 'DALAt2pp', 'DAPDC', 'DAPE', 'DDPA', 'DASYN160', 'DASYN161', 'DB4PS', 'DHAD1', 'DHAD2', 'DHAPT', 'DBTS', 'DHDPRy', 'DHDPS', 'DHFR', 'DHFS', 'DNMPPA', 'DNTPPA', 'DHNPA2r', 'DHORTS', 'DPCOAK', 'DPR', 'DHPPDA2', 'ARGSL', 'DHPS2', 'DHPTDCs2', 'ARGSS', 'DHQS', 'DHQTi', 'DTMPK', 'DUTPDP', 'DXPRIi', 'DXPS', 'DMATT', 'DMPPS', 'E4PD', 'ASAD', 'ECOAH5', 'ECOAH6', 'ECOAH7', 'EGMEACPR', 'ENO', 'EPMEACPR', 'ECOAH1', 'FCLT', 'ECOAH2', 'ECOAH3', 'ECOAH4', 'F6PA', 'FMNAT', 'FORtex', 'FORtppi', 'FACOAE120', 'FUM', 'FACOAE160', 'FACOAE161', 'G1PACT', 'G1SAT', 'G3PAT160', 'G3PAT161', 'FADRx', 'G3PD2', 'GHMT2r', 'G5SADs', 'G5SD', 'GK1', 'FE2tpp', 'GLNS', 'GLU5K', 'GAPD', 'GLUDy', 'GLUPRT', 'GLUR', 'GARFT', 'GLUTRR', 'GLUTRS', 'GCALDD', 'GF6PTA', 'H2Otex', 'H2Otpp', 'HACD1', 'HACD2', 'HACD3', 'HACD4', 'HACD5', 'HACD6', 'HACD7', 'HBZOPT', 'HCO3E', 'GMPS2', 'HISTD', 'HISTP', 'HMBS', 'GRTT', 'HPPK2', 'HSDy', 'GTPCI', 'GTPCII2', 'HSK', 'HSST', 'HSTPT', 'IPMD', 'IPPMIa', 'IPPMIb', 'IPPS', 'K2L4Aabcpp', 'K2L4Aabctex', 'KARA1', 'KARA2', 'KDOCT2', 'KDOPP', 'KDOPS', 'Kt2pp', 'Ktex', 'I2FE2SR', 'I2FE2SS', 'I2FE2SS2', 'I2FE2ST', 'I4FE4SR', 'I4FE4ST', 'ICDHyr', 'ICYSDS', 'IG3PS', 'IGPDH', 'IGPS', 'LPADSS', 'ILETA', 'IMPC', 'IMPD', 'LEUTAi', 'MALCOAMT', 'MEOHtex', 'MEOHtrpp', 'MEPCT', 'METAT', 'METS', 'MG2t3_2pp', 'MG2tex', 'MCOATA', 'MCTP1App', 'MDH', 'MECDPDH5', 'MECDPS', 'MOADSUx', 'MOAT', 'MN2tpp', 'MOAT2', 'MOBDabcpp', 'MOBDtex', 'MOCOS', 'MOHMT', 'MOX', 'MPTAT', 'MPTG', 'MNtex', 'MPTS', 'MPTSS', 'NH4tex', 'NH4tpp', 'MTHFC', 'MTHFD', 'MTHFR2', 'MTHTHFSs', 'NI2tex', 'NI2tpp', 'NADK', 'NNATr', 'NNDPR', 'NADS1', 'NDPK2', 'NDPK3', 'NDPK4', 'OPMEACPS', 'ORPT', 'P5CR', 'O2tex', 'OCBT', 'PANTS', 'OCTDPS', 'OGMEACPD', 'OGMEACPR', 'OGMEACPS', 'OHPBAT', 'OMCDC', 'PAPPT3', 'OMPDC', 'OPHBDC', 'PDH', 'PDX5PO2', 'PDX5PS', 'OPMEACPD', 'OPMEACPR', 'PE160abcpp', 'PE161abcpp', 'PGAMT', 'PGCD', 'PGI', 'PGK', 'PGM', 'PERD', 'PFL', 'PHETA1', 'PMDPHT', 'PMEACPE', 'PIt2rpp', 'PMPK', 'PNTK', 'PItex', 'POR5', 'PPBNGS', 'PPC', 'PPCDC', 'PPNCL2', 'PPND', 'PPNDH', 'PPPGO3', 'PRAGSr', 'PRAIS', 'PRAIi', 'PRAMPC', 'PRASCSi', 'PRATPP', 'PRFGS', 'PRMICI', 'PSCVT', 'RNTR4c2', 'RPI', 'PSD160', 'PSD161', 'SADT2', 'SDPDS', 'SDPTA', 'PSERT', 'PSP_L', 'PSSA160', 'SERAT', 'PSSA161', 'PTPATi', 'SHCHD2', 'SHCHF', 'PUNP1', 'SHK3Dr', 'SHKK', 'SHSL1', 'SO4t2pp', 'SO4tex', 'QULNS', 'THRD_L', 'THRS', 'SUCOAS', 'THZPSN3', 'TKT1', 'RBFK', 'TKT2', 'RBFSa', 'SULR', 'TALA', 'TMDS', 'RBFSb', 'TMPK', 'TMPPP', 'TPI', 'TDSK', 'THD2pp', 'THDPS', 'TRPAS2', 'TRPS3', 'TYRL', 'TYRTA', 'U23GAAT', 'UAAGDS', 'UAGAAT', 'USHD', 'UAGCVT', 'UAGDP', 'UAGPT3', 'UAMAGS', 'UAMAS', 'UAPGR', 'UDCPDP', 'UDCPDPS', 'RHCCE', 'ZN2tpp', 'Zn2tex', 'UGMDDS', 'UHGADA', 'UMPK', 'UPP3MT', 'UPP3S', 'UPPDC1', 'RNTR1c2', 'RNTR2c2', 'RNTR3c2']",O2tpp,SUCCtex,619.1388247320439,1,439,401,-293.0,-173.75457790348793,iJO1366,PSL,False,True,0.0,-16.2435967224229,0.0,0.0
219,"['GRXR', 'GTHOr', 'PAPSR', 'PAPSR2', 'TRDR']","[0.2313271512863997, 0.23132715128645032, -0.2313271512863997, 0.2313271512863997, -0.23132715128639966]","[0.2313271512863997, 0.23132715128645032, 0.2313271512863997, 0.2313271512863997, 0.23132715128639966]",['PAPSR'],"['GRXR', 'GTHOr', 'PAPSR2']",['TRDR'],PAPSR,GRXR,1.1566357564319985,1,5,1,1.0,0.23132715128645034,iJO1366,PSL,False,False,0.0,0.0,0.0,0.0
220,"['GRXR', 'GTHOr', 'PAPSR', 'PAPSR2', 'TRDR']","[0.23132715128636355, 0.23132715128633663, -0.23132715128633663, 0.23132715128636355, -0.2313271512863097]","[0.23132715128636355, 0.23132715128633663, 0.23132715128633663, 0.23132715128636355, 0.2313271512863097]",['PAPSR'],"['GRXR', 'GTHOr', 'PAPSR2']",['TRDR'],PAPSR,GTHOr,1.156635756431737,1,5,1,1.0,0.2313271512864174,iJO1366,PSL,False,False,0.0,0.0,0.0,0.0
221,"['PAPSR', 'PAPSR2', 'RNDR1', 'RNDR1b', 'RNDR2', 'RNDR2b', 'RNDR3', 'RNDR3b', 'RNDR4', 'RNDR4b']","[-0.23132715128637305, 0.23132715128637305, 0.024419483606699995, -0.024419483606699995, 0.15727450263132306, -0.15727450263132306, 0.025213681441649996, -0.025213681441649996, 0.024419483606699995, -0.024419483606699995]","[0.23132715128637305, 0.23132715128637305, 0.024419483606699995, 0.024419483606699995, 0.15727450263132306, 0.15727450263132306, 0.025213681441649996, 0.025213681441649996, 0.024419483606699995, 0.024419483606699995]","['PAPSR', 'RNDR1b', 'RNDR2b', 'RNDR3b', 'RNDR4b']","['PAPSR2', 'RNDR1', 'RNDR2', 'RNDR3', 'RNDR4']",[],PAPSR,PAPSR2,0.9253086051454922,1,10,0,0.0,0.0,iJO1366,PSL,False,False,0.0,0.0,0.0,0.0
222,"['MOX', 'PDX5PO2', 'PDX5POi']","[-0.0002081152963455679, -0.00020811529635, 0.00020811529634999997]","[0.0002081152963455679, 0.00020811529635, 0.00020811529634999997]",['PDX5PO2'],['PDX5POi'],['MOX'],PDX5PO2,PDX5POi,0.0008324611853547119,1,3,1,-1.0,-0.00020811529634556797,iJO1366,PSL,False,False,0.0,0.0,0.0,0.0
223,"['BIOMASS_Ec_iJO1366_WT_53p95M', 'EX_glyc_e', 'EX_ile__L_e', 'EX_ins_e', 'EX_LalaDgluMdapDala_e', 'EX_leu__L_e', 'EX_adn_e', 'EX_arg__L_e', 'EX_asn__L_e', 'EX_val__L_e', 'EX_uri_e', 'EX_g3pe_e', 'EX_g3pg_e', '4PCP', '4PEPTabcpp', '4PEPTtex', 'ALAGLUE', 'ADNtex', 'ALDD2x', 'ASNabcpp', 'ASNtex', 'CYTBD2pp', 'DAAD', 'ARGabcpp', 'ARGtex', 'ETHAAL', 'FLDR2', 'G3PEabcpp', 'G3PEtex', 'G3PGabcpp', 'G3PGtex', 'G3PT', 'GLYCtex', 'GLYCtpp', 'GMPR', 'GPDDA2', 'INStex', 'LADGMDH', 'ILEabcpp', 'ILEtex', 'LALGP', 'INSK', 'LEUabcpp', 'LEUtex', 'NADH10', 'NTD2', 'NTPP2', 'OPHHX', 'OPHHX3', 'POX', 'PPA', 'SERD_L', 'URItex', 'VALabcpp', 'VALtex']","[-5.377255402742397e-06, -3.630848960996092e-06, 1.5180314637265952e-06, 1.3436805375022232e-06, 2.3019562595157084e-06, 2.354044115693288e-06, 1.0663419516276917e-06, 1.5455307478817737e-06, 2.292501235388251e-06, 2.214138716372105e-06, 1.660564976191381e-06, 2.274155137505321e-06, 1.1129474478966037e-06, -1.4146843752907423e-06, -1.4146843752907423e-06, -2.301956214978418e-06, -1.4146843341222848e-06, -1.0663419516276917e-06, -1.0176327603962668e-06, -2.292501235388251e-06, -2.292501221745624e-06, 0.00020682059634014038, -1.7753400909370498e-06, -1.5455307478817737e-06, -1.5455307220690884e-06, -2.1250453117047714e-06, -1.2139408881658986e-06, -2.191540452015084e-06, -2.274155121995136e-06, -1.1279991190203999e-06, -1.1129474160043173e-06, -3.9192910513061174e-06, 3.630848937064002e-06, -3.919291089005128e-06, 1.1331006356529727e-06, -2.1250453117047714e-06, -1.3436805375022232e-06, -1.4146843752907423e-06, -1.5180314637265952e-06, -1.5180314676399576e-06, -1.4146843752907423e-06, -1.3436804683353287e-06, -2.354044115693288e-06, -2.3540441134173307e-06, 0.00020613394992485823, 1.6605649669765299e-06, 1.1331006356529727e-06, -0.00020811649547795478, 0.00020811529634999997, 1.0176327474020752e-06, -1.211506924386676e-06, 3.694491448626852e-06, -1.660564976191381e-06, -2.214138716372105e-06, -2.214138703493518e-06]","[5.377255402742397e-06, 3.630848960996092e-06, 1.5180314637265952e-06, 1.3436805375022232e-06, 2.3019562595157084e-06, 2.354044115693288e-06, 1.0663419516276917e-06, 1.5455307478817737e-06, 2.292501235388251e-06, 2.214138716372105e-06, 1.660564976191381e-06, 2.274155137505321e-06, 1.1129474478966037e-06, 1.4146843752907423e-06, 1.4146843752907423e-06, 2.301956214978418e-06, 1.4146843341222848e-06, 1.0663419516276917e-06, 1.0176327603962668e-06, 2.292501235388251e-06, 2.292501221745624e-06, 0.00020682059634014038, 1.7753400909370498e-06, 1.5455307478817737e-06, 1.5455307220690884e-06, 2.1250453117047714e-06, 1.2139408881658986e-06, 2.191540452015084e-06, 2.274155121995136e-06, 1.1279991190203999e-06, 1.1129474160043173e-06, 3.9192910513061174e-06, 3.630848937064002e-06, 3.919291089005128e-06, 1.1331006356529727e-06, 2.1250453117047714e-06, 1.3436805375022232e-06, 1.4146843752907423e-06, 1.5180314637265952e-06, 1.5180314676399576e-06, 1.4146843752907423e-06, 1.3436804683353287e-06, 2.354044115693288e-06, 2.3540441134173307e-06, 0.00020613394992485823, 1.6605649669765299e-06, 1.1331006356529727e-06, 0.00020811649547795478, 0.00020811529634999997, 1.0176327474020752e-06, 1.211506924386676e-06, 3.694491448626852e-06, 1.660564976191381e-06, 2.214138716372105e-06, 2.214138703493518e-06]","['BIOMASS_Ec_iJO1366_WT_53p95M', '4PCP', '4PEPTabcpp', 'ALAGLUE', 'ALDD2x', 'ASNabcpp', 'DAAD', 'ARGabcpp', 'FLDR2', 'G3PEabcpp', 'G3PGabcpp', 'G3PT', 'LADGMDH', 'ILEabcpp', 'LALGP', 'INSK', 'LEUabcpp', 'OPHHX', 'PPA', 'VALabcpp']","['EX_ile__L_e', 'EX_ins_e', 'EX_LalaDgluMdapDala_e', 'EX_leu__L_e', 'EX_adn_e', 'EX_arg__L_e', 'EX_asn__L_e', 'EX_val__L_e', 'EX_uri_e', 'EX_g3pe_e', 'EX_g3pg_e', '4PEPTtex', 'ADNtex', 'ASNtex', 'CYTBD2pp', 'ARGtex', 'G3PEtex', 'G3PGtex', 'GMPR', 'INStex', 'ILEtex', 'LEUtex', 'NADH10', 'NTD2', 'NTPP2', 'OPHHX3', 'POX', 'SERD_L', 'URItex', 'VALtex']","['EX_glyc_e', 'ETHAAL', 'GLYCtex', 'GLYCtpp', 'GPDDA2']",OPHHX,OPHHX3,0.001160621598202071,1,55,5,-15.0,0.0003772470007059923,iJO1366,PSL,False,False,0.0,0.0,0.0,0.0
224,"['DM_5drib_c', 'EX_colipa_e', 'BIOMASS_Ec_iJO1366_WT_53p95M', 'EX_glyclt_e', 'EX_gthrd_e', 'EX_gua_e', 'EX_his__L_e', 'EX_5mtr_e', 'EX_ile__L_e', 'EX_ins_e', 'EX_LalaDgluMdapDala_e', 'EX_kdo2lipid4_e', 'EX_leu__L_e', 'EX_lipa_cold_e', 'EX_acser_e', 'EX_adn_e', 'EX_anhgm_e', 'EX_arg__L_e', 'EX_asn__L_e', 'EX_cytd_e', 'EX_cbl1_e', 'EX_cgly_e', 'EX_phe__L_e', 'EX_pheme_e', 'EX_pro__L_e', 'EX_val__L_e', 'EX_xan_e', 'EX_spmd_e', 'EX_thr__L_e', 'EX_thymd_e', 'EX_trp__L_e', '2AGPEAT160', '2AGPEAT161', '2AGPEAT181', 'EX_tyr__L_e', 'EX_uri_e', '5DOAN', '5MTRtex', '5MTRtpp', 'AACPS5', '3HAD160', '3HAD181', 'AACTOOR', 'ABUTD', 'EX_feenter_e', 'EX_for_e', 'ACACT8r', '3OAR160', '3OAR181', 'EX_g3pe_e', 'ACGAMK', 'EX_g3pg_e', '3OAS160', 'ACM6PH', '3OAS181', '4PCP', '4PCPpp', '4PEPTabcpp', '4PEPTtex', 'ACOATA', 'AGMH', 'AGMt2pp', 'ACSERtex', 'ACSERtpp', 'ADMDC', 'ADNK1', 'ALAGLUE', 'ADNtex', 'AGDC', 'ALLTAMH', 'ALLTN', 'AGM4PApp', 'AMMQLT8', 'ASNS1', 'AMPTASECG', 'ASNabcpp', 'ASNtex', 'ANHGMtex', 'ASPO3', 'ANHMK', 'AOBUTDs', 'ASPT', 'CBL1abcpp', 'CBL1tonex', 'CBLAT', 'CBPS', 'CGLYabcpp', 'CGLYtex', 'CA2t3pp', 'CLIPAabctex', 'CLPNH160pp', 'CLPNH161pp', 'CLPNH181pp', 'CYSDS', 'CPPPGO', 'CPPPGO2', 'CYTBDpp', 'CYTDK2', 'CYTDtex', 'CTECOAI8', 'DAAD', 'DHBD', 'DHBSH', 'DCTPD', 'DHNAOT4', 'DHNCOAS', 'DHNCOAT', 'DHORDfum', 'ARGabcpp', 'ARGtex', 'DMQMT', 'EAR160y', 'EAR181y', 'ECOAH8', 'EDTXS3', 'EDTXS4', 'ENTERES2', 'ETHAAL', 'FCLT', 'FLDR2', 'FA140ACPHi', 'FA160ACPHi', 'FA161ACPHi', 'FORt2pp', 'FORtex', 'FACOAE140', 'G1SAT', 'FACOAL160t2pp', 'FACOAL181t2pp', 'G3PEabcpp', 'FE2t2pp', 'G3PEtex', 'G3PGtex', 'GLCP', 'GLUDC', 'GLUTRR', 'GLUTRS', 'FE3Ri', 'GLYCLTDy', 'GUAtex', 'GUAtpp', 'H2SO', 'GLYCLTt2rpp', 'GLYCLTtex', 'GLYOX3', 'HACD8', 'HCYSMT', 'HEMEOS', 'GMPR', 'GPDDA2', 'FEENTERabcpp', 'HISabcpp', 'FEENTERtonex', 'HIStex', 'HMBS', 'GTHRDabcpp', 'GTHRDtex', 'INStex', 'IPDPS', 'K2L4Aabcpp', 'K2L4Aabctex', 'Kabcpp', 'ICHORS_copy1', 'ICHORT', 'LADGMDH', 'ILEabcpp', 'ILEtex', 'LALGP', 'INSK', 'LEUabcpp', 'LEUtex', 'LIPACabcpp', 'MACPD', 'LPLIPAL1E160pp', 'LPLIPAL1E181pp', 'MG2uabcpp', 'MGSA', 'MDDCP1pp', 'MLDCP2Bpp', 'LPLIPAL1G160pp', 'MDDEP2pp', 'MLTGY1pp', 'MN2t3pp', 'MTAN', 'NI2uabcpp', 'NDPK5', 'NTD2', 'URIC', 'NTD4', 'NTPP2', 'NTPP4', 'NTPP7', 'NTPP8', 'NTPTP2', 'PA160abcpp', 'PA161abcpp', 'PA181abcpp', 'LPLIPAL2E160', 'LPLIPAL2E161', 'OHPHM', 'OMBZLM', 'LPLIPAL2E181', 'OMMBLHX3', 'OMPHHX3', 'PDX5PO2', 'OPHHX', 'OPHHX3', 'PG160abcpp', 'PG161abcpp', 'PG181abcpp', 'PE181abcpp', 'PGMT', 'PGPP160', 'PGPP161', 'PGPP181', 'PGSA160', 'PGSA161', 'PGSA181', 'PHEMEabcpp', 'PLIPA2E160pp', 'PLIPA2E181pp', 'PLIPA2G160pp', 'PHEMEtiex', 'PHEt2rpp', 'PHEtex', 'PIt2rpp', 'PIuabcpp', 'POX', 'PPA', 'PPBNGS', 'PPPGO', 'PROabcpp', 'PROtex', 'S2FE2SS', 'S2FE2SS2', 'S4FE4SR', 'S4FE4ST', 'PSD181', 'SCYSDS', 'SEPHCHCS', 'PSSA181', 'SERD_L', 'PTRCTA', 'SHCHCS3', 'PUNP3', 'SPMDabcpp', 'SPMDtex', 'SPMS', 'THRA', 'THRD', 'THRabcpp', 'SUCBZL', 'SUCBZS', 'THRtex', 'TMDK1', 'THD2pp', 'THIORDXi', 'THMDtex', 'TRPt2rpp', 'TRPtex', 'TYRt2rpp', 'TYRtex', 'URItex', 'VALabcpp', 'VALtex', 'XAND', 'XANtex', 'XANtpp', 'ZNabcpp', 'UGLYCH', 'UPP3S', 'UPPDC1', 'RNDR2', 'RNTR1c2']","[-0.001668937526674946, 7.201228647448454e-05, -0.008834779349096374, -0.0018946261999319598, 1.9701557948483862e-06, 1.9701557948484913e-06, 0.001077807680660417, 0.0016715535632784594, 0.00330528271337599, 0.0027710099486739637, 0.004225284369957484, -0.0015012544501464102, 0.0051255771124387155, 0.00155558320103091, 0.0012976853706230806, 0.002321756895867111, 0.0009251058472530427, 0.0033651583341173016, 0.004025505428566889, 0.0015195683795354853, 1.9701557948479526e-06, 0.002005803847118561, 0.002107714956453649, 0.0001071824746856115, 0.0025148895473771915, 0.004820906427767113, 0.0018848776953026003, 0.0017311353152087653, 0.0015137033034091933, 0.0005939126656357985, 0.0006466887007179831, -0.0002617506568641237, -0.0006267731297142753, -0.00015101847080117685, 0.0015714038990683188, 0.0016666017467059646, -0.001668937526674946, -0.0016715535633693435, 0.0016715535632784594, 0.0003020369416023537, -0.0005235013137282474, -0.000302036941602352, 0.0011547716804519831, -0.001377620454334023, 0.00025239235268255747, -3.0490768188535557e-05, 0.00012756303897276666, -0.0005235013137507849, -0.000302036941602352, 0.0017301935426527074, -0.000603883651743015, 4.303432892632799e-05, -0.0005235013137282474, -0.000603883651743015, -0.000302036941602352, -0.0039040621744474632, -1.7227819730737932e-05, -0.0039040621744474632, -0.004225284369908877, -0.000796714846615032, -0.000603883651743015, -0.000603883651743015, -0.0012976853706732072, 0.0012976853706230806, 0.0016715535632784594, -0.0023197867400108554, -0.0039040621744561577, -0.002321756895867111, -0.00120776730348603, -0.0018848776953026003, -0.0018848776953026003, 0.00030399437577928977, -1.970155794848498e-06, 0.0012830797793193698, -0.002005803847118561, -0.004025505428566889, -0.004025505428558063, -0.0009251058472727891, -2.649475196200889e-05, -0.000603883651743015, 0.0011547716804519831, 7.691929555100928e-05, -1.9701557948484913e-06, -1.9701557948484913e-06, -1.9701558358065085e-06, 2.6494751962008778e-05, -0.002005803847118561, -0.0020058038471688633, 5.8282447586724406e-05, 0.00155558320103091, 2.6009590403739727e-05, 2.0231644709430695e-05, 1.0425039631933722e-05, -0.0001668628068665079, 0.0009357537766435562, -0.0008331342406976416, 0.00043802838423090407, -0.00030170918351490883, -0.0015195683795354853, 0.00012756303897276666, -0.001974935336520482, 0.0007512665906688198, -0.0007512665906631269, 0.00030170918353905314, -3.940311589696989e-06, -3.940311589696989e-06, -3.940311589696989e-06, 2.6494751962008778e-05, -0.0033651583341173016, -0.003365158334077023, -1.9701557948484947e-06, -0.0005235013137282474, -0.0003020369416023537, -0.00012756303897276666, 0.00155558320103091, 0.00155558320103091, -0.00025042219688770897, -0.00021765792271716332, 0.00010261953594591458, -0.0003574129374714274, -0.0010320818873026626, -0.0005235013137282474, -0.0012535462594285506, 3.0490768188535557e-05, 3.0490768153867975e-05, 0.0010320818873026626, 0.000800214024025081, 0.0009045188482758259, 0.00012756303902680663, -0.0012572068061812527, 0.0001775540933647464, -0.0017301935426985438, -4.303432888264069e-05, 0.0013622081234991226, 0.001377620454334023, 0.0008002140240085283, 0.0008002140240085283, -8.149856474131071e-05, -0.001884877695302229, -1.9701558358065085e-06, -1.9701558358065085e-06, -0.0008570763954292848, 0.0018946261999417402, 0.0018946261999417402, 0.0006038836517430145, -0.00012756303897276666, 1.3089442727792777e-05, -1.9701557948484913e-06, 0.002768417165710014, -0.00021765792271716332, -0.00025239235268255747, -0.001077807680660417, -0.00025239235268255747, -0.0010778076806445824, 0.00010002675300106604, -1.9701557948484913e-06, -1.9701558358065085e-06, -0.0027710099486739637, -5.6066729473504186e-05, -0.0015555765749464094, -0.0015555765749464094, -0.002185518792983705, 0.0007473262791108937, 0.0007512665906631269, -0.0039040621744474424, -0.00330528271337599, -0.0033052827134270046, -0.0039040621744474424, -0.0027710099486548123, -0.0051255771124387155, -0.005125577112494284, 0.00155558320103091, 0.0007967148465458651, 0.0004092118430425659, 6.37815195134033e-05, -9.713446771809132e-05, -0.0005508880287089686, 3.879274269999802e-05, -1.1882778224534623e-05, 4.304758109535729e-05, 5.345041506203306e-06, 0.0001404103747733043, 7.742591361705332e-06, 0.0016715535632784594, -3.6141094101725735e-06, -0.0003017091835317842, 0.0016666017467493674, -0.0018848776953026003, 0.0012178591960205765, 0.002768417165710014, 0.0015348086139298084, 0.0002922034820543322, 0.0016400937426187118, 1.9701557948484913e-06, -2.6009590403739727e-05, -2.0231644709430695e-05, -1.0425039631933722e-05, 0.0002617506568641237, 0.0006267731297142753, -1.9701557948484947e-06, -1.9701557948484947e-06, 0.00015101847080117685, -1.9701557948484947e-06, -1.9701557948484947e-06, -2.5927829448484584e-06, 0.0002074926692, -0.00021008545214484846, -2.61817498841619e-05, -5.3847980132742405e-05, -2.7750041935511714e-05, -4.8835412849528194e-05, 0.0013622081235098449, -7.660183562945493e-05, -9.306556566338121e-05, -4.7964017086244214e-05, -7.660183562945493e-05, -9.306556566338121e-05, -4.7964017086244214e-05, 0.0001071824746856115, 0.0004092118430425659, 6.37815195134033e-05, 4.304758109535729e-05, 0.0001071824746856115, -0.0021077149564234787, -0.0021077149564234787, -0.9114378833312458, 0.9027233895323632, 0.0005175404627276864, -6.716601366168334e-05, 0.00040010701200426414, 0.00010261953594591458, -0.0025148895473771794, -0.002514889547342136, -3.2104210623035133e-06, -2.9434626166233965e-06, -2.9434626166233965e-06, -2.9434626166233965e-06, 5.8389056718177924e-05, -1.2331021016552012e-05, -3.940311589696989e-06, 5.8389056718177924e-05, 0.001933470671563807, -0.001377620454334023, -3.940311589696989e-06, 1.9701558358065085e-06, -0.0017311353152087653, -0.0017311353152535958, 0.0016715535632784594, 0.00021765792271716332, 0.0011547716804519831, -0.0015137033034091933, -3.940311589696989e-06, -3.940311589696989e-06, -0.0015137033034307024, -0.0005939126655933854, 0.000456017619001603, 0.000301709183539018, -0.0005939126656357985, -0.0006466887007263722, -0.0006466887007263722, -0.0015714038991063717, -0.0015714038991063717, -0.0016666017467059646, -0.004820906427767113, -0.004820906427767113, -0.0018848776953026003, -0.0018848776952609114, -0.0018848776952609114, -3.814557559107157e-06, -0.0018848776953026003, 0.00010002675300106604, 0.00010261953594591458, -0.00030170918353905314, -0.0002922034820543322]","[0.001668937526674946, 7.201228647448454e-05, 0.008834779349096374, 0.0018946261999319598, 1.9701557948483862e-06, 1.9701557948484913e-06, 0.001077807680660417, 0.0016715535632784594, 0.00330528271337599, 0.0027710099486739637, 0.004225284369957484, 0.0015012544501464102, 0.0051255771124387155, 0.00155558320103091, 0.0012976853706230806, 0.002321756895867111, 0.0009251058472530427, 0.0033651583341173016, 0.004025505428566889, 0.0015195683795354853, 1.9701557948479526e-06, 0.002005803847118561, 0.002107714956453649, 0.0001071824746856115, 0.0025148895473771915, 0.004820906427767113, 0.0018848776953026003, 0.0017311353152087653, 0.0015137033034091933, 0.0005939126656357985, 0.0006466887007179831, 0.0002617506568641237, 0.0006267731297142753, 0.00015101847080117685, 0.0015714038990683188, 0.0016666017467059646, 0.001668937526674946, 0.0016715535633693435, 0.0016715535632784594, 0.0003020369416023537, 0.0005235013137282474, 0.000302036941602352, 0.0011547716804519831, 0.001377620454334023, 0.00025239235268255747, 3.0490768188535557e-05, 0.00012756303897276666, 0.0005235013137507849, 0.000302036941602352, 0.0017301935426527074, 0.000603883651743015, 4.303432892632799e-05, 0.0005235013137282474, 0.000603883651743015, 0.000302036941602352, 0.0039040621744474632, 1.7227819730737932e-05, 0.0039040621744474632, 0.004225284369908877, 0.000796714846615032, 0.000603883651743015, 0.000603883651743015, 0.0012976853706732072, 0.0012976853706230806, 0.0016715535632784594, 0.0023197867400108554, 0.0039040621744561577, 0.002321756895867111, 0.00120776730348603, 0.0018848776953026003, 0.0018848776953026003, 0.00030399437577928977, 1.970155794848498e-06, 0.0012830797793193698, 0.002005803847118561, 0.004025505428566889, 0.004025505428558063, 0.0009251058472727891, 2.649475196200889e-05, 0.000603883651743015, 0.0011547716804519831, 7.691929555100928e-05, 1.9701557948484913e-06, 1.9701557948484913e-06, 1.9701558358065085e-06, 2.6494751962008778e-05, 0.002005803847118561, 0.0020058038471688633, 5.8282447586724406e-05, 0.00155558320103091, 2.6009590403739727e-05, 2.0231644709430695e-05, 1.0425039631933722e-05, 0.0001668628068665079, 0.0009357537766435562, 0.0008331342406976416, 0.00043802838423090407, 0.00030170918351490883, 0.0015195683795354853, 0.00012756303897276666, 0.001974935336520482, 0.0007512665906688198, 0.0007512665906631269, 0.00030170918353905314, 3.940311589696989e-06, 3.940311589696989e-06, 3.940311589696989e-06, 2.6494751962008778e-05, 0.0033651583341173016, 0.003365158334077023, 1.9701557948484947e-06, 0.0005235013137282474, 0.0003020369416023537, 0.00012756303897276666, 0.00155558320103091, 0.00155558320103091, 0.00025042219688770897, 0.00021765792271716332, 0.00010261953594591458, 0.0003574129374714274, 0.0010320818873026626, 0.0005235013137282474, 0.0012535462594285506, 3.0490768188535557e-05, 3.0490768153867975e-05, 0.0010320818873026626, 0.000800214024025081, 0.0009045188482758259, 0.00012756303902680663, 0.0012572068061812527, 0.0001775540933647464, 0.0017301935426985438, 4.303432888264069e-05, 0.0013622081234991226, 0.001377620454334023, 0.0008002140240085283, 0.0008002140240085283, 8.149856474131071e-05, 0.001884877695302229, 1.9701558358065085e-06, 1.9701558358065085e-06, 0.0008570763954292848, 0.0018946261999417402, 0.0018946261999417402, 0.0006038836517430145, 0.00012756303897276666, 1.3089442727792777e-05, 1.9701557948484913e-06, 0.002768417165710014, 0.00021765792271716332, 0.00025239235268255747, 0.001077807680660417, 0.00025239235268255747, 0.0010778076806445824, 0.00010002675300106604, 1.9701557948484913e-06, 1.9701558358065085e-06, 0.0027710099486739637, 5.6066729473504186e-05, 0.0015555765749464094, 0.0015555765749464094, 0.002185518792983705, 0.0007473262791108937, 0.0007512665906631269, 0.0039040621744474424, 0.00330528271337599, 0.0033052827134270046, 0.0039040621744474424, 0.0027710099486548123, 0.0051255771124387155, 0.005125577112494284, 0.00155558320103091, 0.0007967148465458651, 0.0004092118430425659, 6.37815195134033e-05, 9.713446771809132e-05, 0.0005508880287089686, 3.879274269999802e-05, 1.1882778224534623e-05, 4.304758109535729e-05, 5.345041506203306e-06, 0.0001404103747733043, 7.742591361705332e-06, 0.0016715535632784594, 3.6141094101725735e-06, 0.0003017091835317842, 0.0016666017467493674, 0.0018848776953026003, 0.0012178591960205765, 0.002768417165710014, 0.0015348086139298084, 0.0002922034820543322, 0.0016400937426187118, 1.9701557948484913e-06, 2.6009590403739727e-05, 2.0231644709430695e-05, 1.0425039631933722e-05, 0.0002617506568641237, 0.0006267731297142753, 1.9701557948484947e-06, 1.9701557948484947e-06, 0.00015101847080117685, 1.9701557948484947e-06, 1.9701557948484947e-06, 2.5927829448484584e-06, 0.0002074926692, 0.00021008545214484846, 2.61817498841619e-05, 5.3847980132742405e-05, 2.7750041935511714e-05, 4.8835412849528194e-05, 0.0013622081235098449, 7.660183562945493e-05, 9.306556566338121e-05, 4.7964017086244214e-05, 7.660183562945493e-05, 9.306556566338121e-05, 4.7964017086244214e-05, 0.0001071824746856115, 0.0004092118430425659, 6.37815195134033e-05, 4.304758109535729e-05, 0.0001071824746856115, 0.0021077149564234787, 0.0021077149564234787, 0.9114378833312458, 0.9027233895323632, 0.0005175404627276864, 6.716601366168334e-05, 0.00040010701200426414, 0.00010261953594591458, 0.0025148895473771794, 0.002514889547342136, 3.2104210623035133e-06, 2.9434626166233965e-06, 2.9434626166233965e-06, 2.9434626166233965e-06, 5.8389056718177924e-05, 1.2331021016552012e-05, 3.940311589696989e-06, 5.8389056718177924e-05, 0.001933470671563807, 0.001377620454334023, 3.940311589696989e-06, 1.9701558358065085e-06, 0.0017311353152087653, 0.0017311353152535958, 0.0016715535632784594, 0.00021765792271716332, 0.0011547716804519831, 0.0015137033034091933, 3.940311589696989e-06, 3.940311589696989e-06, 0.0015137033034307024, 0.0005939126655933854, 0.000456017619001603, 0.000301709183539018, 0.0005939126656357985, 0.0006466887007263722, 0.0006466887007263722, 0.0015714038991063717, 0.0015714038991063717, 0.0016666017467059646, 0.004820906427767113, 0.004820906427767113, 0.0018848776953026003, 0.0018848776952609114, 0.0018848776952609114, 3.814557559107157e-06, 0.0018848776953026003, 0.00010002675300106604, 0.00010261953594591458, 0.00030170918353905314, 0.0002922034820543322]","['BIOMASS_Ec_iJO1366_WT_53p95M', 'EX_glyclt_e', 'EX_kdo2lipid4_e', 'EX_cbl1_e', '2AGPEAT160', '2AGPEAT161', '2AGPEAT181', '3HAD160', 'ABUTD', 'EX_for_e', '3OAR160', '3OAS160', '4PCP', '4PCPpp', '4PEPTabcpp', 'ADNK1', 'ALAGLUE', 'ALLTAMH', 'ALLTN', 'AMMQLT8', 'AMPTASECG', 'ASNabcpp', 'ASPO3', 'CBL1abcpp', 'CBL1tonex', 'CBLAT', 'CGLYabcpp', 'CYSDS', 'CPPPGO2', 'CYTDK2', 'DAAD', 'DHBSH', 'DHNAOT4', 'DHNCOAS', 'DHNCOAT', 'ARGabcpp', 'DMQMT', 'EAR160y', 'EAR181y', 'ENTERES2', 'FLDR2', 'FA140ACPHi', 'FA160ACPHi', 'FA161ACPHi', 'FORtex', 'G3PEabcpp', 'FE3Ri', 'GLYCLTDy', 'H2SO', 'GLYCLTt2rpp', 'GLYCLTtex', 'HEMEOS', 'FEENTERabcpp', 'HISabcpp', 'FEENTERtonex', 'GTHRDabcpp', 'IPDPS', 'Kabcpp', 'LADGMDH', 'ILEabcpp', 'LALGP', 'INSK', 'LEUabcpp', 'MG2uabcpp', 'MGSA', 'MLDCP2Bpp', 'NI2uabcpp', 'NDPK5', 'URIC', 'PA160abcpp', 'PA161abcpp', 'PA181abcpp', 'OHPHM', 'OMBZLM', 'OMMBLHX3', 'OMPHHX3', 'PDX5PO2', 'OPHHX3', 'PIt2rpp', 'PPA', 'PROabcpp', 'S2FE2SS', 'S2FE2SS2', 'S4FE4SR', 'S4FE4ST', 'SCYSDS', 'SEPHCHCS', 'PTRCTA', 'SHCHCS3', 'SPMDabcpp', 'THRabcpp', 'SUCBZL', 'SUCBZS', 'TMDK1', 'VALabcpp', 'XAND', 'ZNabcpp', 'UGLYCH', 'RNDR2', 'RNTR1c2']","['EX_colipa_e', 'EX_gthrd_e', 'EX_gua_e', 'EX_his__L_e', 'EX_ile__L_e', 'EX_ins_e', 'EX_LalaDgluMdapDala_e', 'EX_leu__L_e', 'EX_lipa_cold_e', 'EX_acser_e', 'EX_anhgm_e', 'EX_arg__L_e', 'EX_asn__L_e', 'EX_cytd_e', 'EX_cgly_e', 'EX_phe__L_e', 'EX_pro__L_e', 'EX_val__L_e', 'EX_xan_e', 'EX_spmd_e', 'EX_thr__L_e', 'EX_thymd_e', 'EX_trp__L_e', 'EX_tyr__L_e', 'EX_uri_e', 'AACPS5', 'AACTOOR', 'EX_feenter_e', 'EX_g3pe_e', 'EX_g3pg_e', '4PEPTtex', 'ACSERtex', 'ACSERtpp', 'ASNS1', 'ASNtex', 'ANHGMtex', 'AOBUTDs', 'ASPT', 'CBPS', 'CGLYtex', 'CA2t3pp', 'CLIPAabctex', 'CLPNH160pp', 'CLPNH161pp', 'CLPNH181pp', 'CPPPGO', 'CYTBDpp', 'CYTDtex', 'DCTPD', 'DHORDfum', 'ARGtex', 'EDTXS3', 'EDTXS4', 'FORt2pp', 'FE2t2pp', 'G3PEtex', 'G3PGtex', 'GLCP', 'GLUDC', 'GUAtex', 'GUAtpp', 'HCYSMT', 'GMPR', 'HIStex', 'GTHRDtex', 'INStex', 'ILEtex', 'LEUtex', 'LIPACabcpp', 'MACPD', 'LPLIPAL1E160pp', 'LPLIPAL1E181pp', 'MDDCP1pp', 'LPLIPAL1G160pp', 'MDDEP2pp', 'MLTGY1pp', 'MN2t3pp', 'NTD2', 'NTPP2', 'NTPP4', 'NTPP7', 'NTPP8', 'NTPTP2', 'LPLIPAL2E160', 'LPLIPAL2E161', 'LPLIPAL2E181', 'OPHHX', 'PLIPA2E160pp', 'PLIPA2E181pp', 'PLIPA2G160pp', 'PHEt2rpp', 'PHEtex', 'PIuabcpp', 'POX', 'PPPGO', 'PROtex', 'SERD_L', 'PUNP3', 'SPMDtex', 'THRA', 'THRD', 'THRtex', 'THD2pp', 'THIORDXi', 'THMDtex', 'TRPt2rpp', 'TRPtex', 'TYRt2rpp', 'TYRtex', 'URItex', 'VALtex', 'XANtex', 'XANtpp']","['DM_5drib_c', 'EX_5mtr_e', 'EX_adn_e', 'EX_pheme_e', '5DOAN', '5MTRtex', '5MTRtpp', '3HAD181', 'ACACT8r', '3OAR181', 'ACGAMK', 'ACM6PH', '3OAS181', 'ACOATA', 'AGMH', 'AGMt2pp', 'ADMDC', 'ADNtex', 'AGDC', 'AGM4PApp', 'ANHMK', 'CTECOAI8', 'DHBD', 'ECOAH8', 'ETHAAL', 'FCLT', 'FACOAE140', 'G1SAT', 'FACOAL160t2pp', 'FACOAL181t2pp', 'GLUTRR', 'GLUTRS', 'GLYOX3', 'HACD8', 'GPDDA2', 'HMBS', 'K2L4Aabcpp', 'K2L4Aabctex', 'ICHORS_copy1', 'ICHORT', 'MTAN', 'NTD4', 'PG160abcpp', 'PG161abcpp', 'PG181abcpp', 'PE181abcpp', 'PGMT', 'PGPP160', 'PGPP161', 'PGPP181', 'PGSA160', 'PGSA161', 'PGSA181', 'PHEMEabcpp', 'PHEMEtiex', 'PPBNGS', 'PSD181', 'PSSA181', 'SPMS', 'UPP3S', 'UPPDC1']",PIt2rpp,PIuabcpp,2.552655978973798,1,274,61,38.0,0.07043842503515459,iJO1366,PSL,True,False,-293.742709084336,0.0,0.0,0.0003173060955532
225,"['FLDR2', 'NADTRHD', 'PDH', 'POR5']","[0.0022295401030499994, -0.002229540102698678, 0.002229540103058092, -0.0022295401030305584]","[0.0022295401030499994, 0.002229540102698678, 0.002229540103058092, 0.0022295401030305584]","['NADTRHD', 'POR5']","['FLDR2', 'PDH']",[],POR5,FLDR2,0.008918160411856769,1,4,0,-0.0,-3.788549335359548e-13,iJO1366,PSL,True,False,-484.059771403858,0.0,0.0,0.0
226,"['EX_cobalt2_e', 'DM_4crsol_c', 'DM_5drib_c', 'DM_mththf_c', 'EX_colipa_e', 'EX_glcn_e', 'BIOMASS_Ec_iJO1366_WT_53p95M', 'EX_glyclt_e', 'EX_gthrd_e', 'EX_his__L_e', 'EX_hom__L_e', 'EX_5mtr_e', 'EX_ile__L_e', 'EX_LalaDgluMdap_e', 'EX_LalaDgluMdapDala_e', 'EX_leu__L_e', 'EX_lipa_cold_e', 'EX_acser_e', 'EX_ade_e', 'EX_adn_e', 'EX_lys__L_e', 'EX_ala__L_e', 'EX_alaala_e', 'EX_anhgm_e', 'EX_arg__L_e', 'EX_asn__L_e', 'EX_asp__L_e', 'EX_mobd_e', 'EX_cytd_e', 'EX_cbl1_e', 'EX_phe__L_e', 'EX_pheme_e', 'EX_pro__L_e', 'EX_ptrc_e', 'EX_val__L_e', 'EX_xan_e', 'EX_spmd_e', 'EX_thr__L_e', 'EX_thymd_e', 'EX_trp__L_e', 'EX_tyr__L_e', 'EX_uri_e', '5DOAN', '5MTRtex', '5MTRtpp', '3HAD140', 'A5PISO', 'AACPS1', '3HAD181', 'EX_feenter_e', 'EX_for_e', 'ACACT7r', 'ACACT8r', '3OAR181', 'EX_g3pe_e', 'ACGAMK', 'EX_g3pg_e', 'ACM6PH', '3OAS181', '3PEPTtex', '4PCP', '4PEPTabcpp', '4PEPTtex', 'ACOAD7f', 'AGMH', 'AGMt2pp', 'ACSERtex', 'ACSERtpp', 'AGPAT181', 'ADA', 'ADCL', 'AHCYSNS', 'ADCS', 'ALAALAD', 'ALAALAabcpp', 'ADEt2rpp', 'ADEtex', 'ADMDC', 'ADNK1', 'ALAALAtex', 'ALAGLUE', 'ALAR', 'ADNtex', 'ALATA_L2', 'ALAabcpp', 'ALAtex', 'AGDC', 'AGM3PApp', 'ALLTAMH', 'ALLTN', 'AGM4PApp', 'AMMQLT8', 'AMPMS2', 'AMPTASECG', 'ASNabcpp', 'ASNtex', 'ASP1DC', 'ANHGMtex', 'ANHMK', 'ASPO4', 'ASPabcpp', 'CBL1abcpp', 'CBL1tonex', 'CBLAT', 'ASPtex', 'CDPMEK', 'CGLYabcpp', 'CA2t3pp', 'CHRPL', 'CLIPAabctex', 'CLPNH160pp', 'COBALT2tex', 'CLPNH161pp', 'CLPNH181pp', 'COBALT2tpp', 'CPMPS', 'CYSDS', 'CPPPGO', 'APRAUR', 'CYTD', 'CYTDK2', 'CYTDtex', 'CTECOAI7', 'CTECOAI8', 'DASYN181', 'DB4PS', 'DHFS', 'DNMPPA', 'DHNAOT4', 'DHNCOAS', 'DNTPPA', 'DHNCOAT', 'DHNPA2r', 'DPCOAK', 'DPR', 'DHPPDA2', 'DHPS2', 'DHPTDCs2', 'ARGabcpp', 'DUTPDP', 'ARGtex', 'DXPRIi', 'DXPS', 'DMATT', 'DMQMT', 'E4PD', 'EAR140y', 'EAR181x', 'ECOAH7', 'ECOAH8', 'EDTXS3', 'EDTXS4', 'FCLT', 'FLDR2', 'FMNAT', 'FORtex', 'FORtppi', 'FACOAE140', 'G1SAT', 'FACOAL160t2pp', 'FACOAL161t2pp', 'FACOAL181t2pp', 'G3PAT161', 'G3PAT181', 'G3PD5', 'G3PD6', 'FE2abcpp', 'G3PEtex', 'G3PGtex', 'G6PDA', 'GLCDpp', 'GLCNt2rpp', 'GLCNtex', 'GLCS1', 'GLGC', 'GLUTRR', 'GLUTRS', 'GLUabcpp', 'GCALDD', 'FE3abcpp', 'H2SO', 'GLYCLTt2rpp', 'GLYCLTtex', 'GLYCTO2', 'HACD7', 'HACD8', 'HBZOPT', 'HEMEOS', 'GMPS2', 'FEENTERR1', 'GNK', 'FEENTERabcpp', 'HISabcpp', 'FEENTERtonex', 'HIStex', 'HMBS', 'HOMt2pp', 'GRTT', 'HOMtex', 'HPPK2', 'GTHRDHpp', 'GTHRDabcpp', 'GTHRDtex', 'GTPCI', 'GTPCII2', 'IPDPS', 'KDOCT2', 'KDOPP', 'KDOPS', 'Kabcpp', 'ICHORS_copy1', 'LADGMDH', 'LPADSS', 'ILEabcpp', 'ILEtex', 'LALGP', 'INSK', 'LDH_D', 'LEUabcpp', 'LEUtex', 'LYStex', 'LIPACabcpp', 'MACPD', 'MEPCT', 'METS', 'LPLIPAL1E160pp', 'LPLIPAL1E161pp', 'LPLIPAL1E181pp', 'MG2uabcpp', 'MLDCP1Bpp', 'MLDCP2Bpp', 'MDDCP4pp', 'MDDEP1pp', 'MDDEP2pp', 'MDDEP3pp', 'MDDEP4pp', 'MLTGY1pp', 'MLTGY2pp', 'MLTGY4pp', 'MECDPDH5', 'MECDPS', 'LPLIPAL1G181pp', 'MOADSUx', 'MOAT', 'MOAT2', 'MOBDabcpp', 'MOBDtex', 'MOCOS', 'MOHMT', 'MPTAT', 'MNt2pp', 'MPTS', 'MPTSS', 'NDPK7', 'NDPK8', 'MTAN', 'MTHFR2', 'MTHTHFSs', 'NI2uabcpp', 'NADK', 'NNATr', 'NNDPR', 'NADS1', 'NDPK5', 'URIC', 'NTD4', 'P5CD', 'PA160abcpp', 'PA161abcpp', 'PA181abcpp', 'PANTS', 'OCTDPS', 'OHPBAT', 'OHPHM', 'OMBZLM', 'OMMBLHX3', 'PAPSR2', 'OMPHHX3', 'OPHBDC', 'PDX5PO2', 'PDX5PS', 'OPHHX', 'OPHHX3', 'PG160abcpp', 'PG161abcpp', 'PE181abcpp', 'PGMT', 'PERD', 'PGPP160', 'PGPP161', 'PGPP181', 'LYSabcpp', 'PGSA160', 'PGSA161', 'PGSA181', 'PHEMEabcpp', 'PLIPA2E160pp', 'PLIPA2E161pp', 'PLIPA2E181pp', 'PHEMEtiex', 'PLIPA2G181pp', 'PMDPHT', 'PHEt2rpp', 'PHEtex', 'PMPK', 'PNTK', 'PIuabcpp', 'PPA', 'PPA2', 'PPBNGS', 'PPCDC', 'PPK', 'PPNCL2', 'PPPGO3', 'PROD2', 'PROabcpp', 'PROtex', 'RNTR4c2', 'S2FE2SS', 'S2FE2SS2', 'S2FE2ST', 'S4FE4SR', 'S4FE4ST', 'SCYSDS', 'SEPHCHCS', 'SERD_L', 'PTPATi', 'PTRCabcpp', 'PTRCtex', 'SHCHCS3', 'SHCHD2', 'SHCHF', 'PYAM5PO', 'QULNS', 'SPMDabcpp', 'SPMDtex', 'SPMS', 'THRabcpp', 'SUCBZL', 'SUCBZS', 'THRtex', 'THZPSN3', 'RBFK', 'RBFSa', 'TMDK1', 'RBFSb', 'TMPK', 'TMPPP', 'TDSK', 'TRPS1', 'THMDtex', 'TRPt2rpp', 'TRPtex', 'TYRL', 'TYRt2rpp', 'TYRtex', 'U23GAAT', 'URIK2', 'UAGAAT', 'URItex', 'USHD', 'VALabcpp', 'VALtex', 'UDCPDPS', 'XAND', 'XANt2pp', 'RHCCE', 'XANtex', 'ZNabcpp', 'UGLYCH', 'UHGADA', 'UPP3MT', 'UPP3S', 'UPPDC1', 'RNDR1', 'RNDR2b', 'RNDR3']","[1.2111057685615378e-06, -1.1128985288088293e-05, -1.144802669707801e-05, -5.4949957853017706e-05, 0.0002978237943468962, -0.005279181426830704, -0.036538313623714416, -0.0033234619083318782, 0.01740106391399343, 0.004629976477044662, 0.003774767236217391, 7.762678136553382e-05, 0.014198617046906276, 2.210567974234722e-05, 0.005026676398902166, 0.02201812047751242, 0.0024173006706674494, 0.0077973522331667156, 1.1228796815480413e-05, 0.021877842440062523, 0.016770815110650317, 0.014409390863193039, 2.210567974234722e-05, 0.0035362953388686294, 0.014455826872127995, 0.01178073293645987, 0.00484178863246143, 6.73014994845289e-06, 0.008891414932350017, 8.148043938088767e-06, 0.009054184381104696, 0.00019339218225271262, 0.015921798332810405, 0.001138002912895445, 0.020709312545838462, 0.00328192690852928, 0.00032404116844386385, 0.012398061826277474, 0.0012976405658946533, 0.002883230121026592, 0.006750325127870438, 0.005936928897540383, -1.144802669707801e-05, -7.76267813762388e-05, 7.762678136553382e-05, -0.008538497707085826, 0.0043144471269442874, 0.008369619258583219, -0.0002534297432940833, 8.148043938088315e-06, -0.00013056688210730434, -0.00836961925858759, 0.0015232822950110858, -0.0002534297432940833, 0.004070042786199524, -0.002157223563467459, 0.00011476684309208701, -0.002157223563467459, -0.0002534297432940833, -2.2105679704509384e-05, -0.0036697103032433433, -0.0036697103032433433, -0.005026676398870222, 0.005075334603588999, -0.002157223563467459, -0.002157223563467459, -0.007797352233183119, 0.0077973522331667156, -0.00012671487164704165, -0.010221999866823865, -4.153499980259789e-05, -5.4949957853017706e-05, -4.153499980259789e-05, -2.2105679742347173e-05, -2.210567974234722e-05, -1.1228796779505501e-05, -1.1228796779505501e-05, 7.762678136553382e-05, -0.011655842573255082, -2.2105679704509384e-05, -0.003669710303256579, 0.003626482376034801, -0.021877842440062523, 0.0032819269085292806, -0.014409390863156818, -0.014409390863193039, -0.004314447126934918, 2.210567974234722e-05, -0.00328192690852928, -0.00328192690852928, 0.0013569660956588231, -8.148043938068999e-06, -1.1128985288088293e-05, -0.017392915870055342, -0.011780732936459868, -0.011780732936472305, -2.8745719810676718e-05, -0.003536295338903983, -0.002157223563467459, -0.00011372186785281804, -0.004841788632485581, -8.148043938088315e-06, -8.148043938088315e-06, -8.148043889377732e-06, -0.00484178863246143, -0.00027403770411341816, -0.017392915870055342, 0.00025051530631463315, -1.112898528720895e-05, 0.0024173006706674494, 0.00010756879530821524, -1.2111057685615378e-06, 8.367273819830601e-05, 4.3115210075983013e-05, -1.2111057769691428e-06, -1.2250082951433753e-05, -0.005355411716240781, 0.000174115153026536, -2.225797057617664e-05, -0.0010668933945343628, -0.0072115860409305566, -0.008891414932350017, 0.0032942846549985916, 0.0015232822950110858, -8.359966157105863e-05, -4.451594115235328e-05, -4.153499980259789e-05, -4.153499980259789e-05, -1.6296087876157314e-05, -1.6296087876157314e-05, -4.153499980259789e-05, -1.6296087876157314e-05, -4.1534999809300643e-05, -2.8745719810676718e-05, -2.8745719810676718e-05, -2.225797057617664e-05, -4.153499980259789e-05, -5.4949957853017706e-05, -0.014455826872127986, 4.153499980259767e-05, -0.014455826872108446, -0.00027403770411341816, -0.0002962956746895948, -3.831793410074332e-05, -8.148043937208964e-06, -1.1128985192954133e-05, -0.006643069678337013, -0.0002534297432940833, -0.00836961925858759, -0.0015232822950110858, 0.0024173006706674494, 0.0024173006706674494, 0.000174115153026536, -2.2852141124060643e-06, -1.1128985288088347e-05, 0.00013056688214874157, -0.00013056688210730434, 0.008369619258583219, 0.001303889341897957, 0.0035520523086137457, 0.003294284654996823, 0.0015232822949726539, -0.0010819354636866945, -0.00012671487164704165, 0.0021722192593076196, 0.0012928532743003984, -0.0002047051406976623, -0.004070042786224803, -0.0001147668431258353, -0.008628894253869826, -0.0010092502410481517, 0.00426993118583141, 0.005279181426885771, -0.005633732962699654, -0.005633732962699654, 0.0013038893419075816, 0.0013038893419075816, -0.017392915870055342, -4.153499980259789e-05, -0.00037577964319695064, -0.001275153289544988, 0.0033234619082804784, 0.0033234619082804784, 0.0032819269085292806, -0.00836961925858759, -0.0015232822950110858, -1.112898528720895e-05, -8.148043938088315e-06, -0.01190121876177161, -4.074021969044157e-06, 0.004269931185782552, -8.148043938088315e-06, -0.004629976477044662, -8.148043938088315e-06, -0.004629976477076525, 0.0001629861677384477, 0.003774767236217391, -3.831793410074332e-05, -0.0037747672362229423, -4.153499980259789e-05, -0.017392915870055342, -8.148043938088315e-06, -0.017401063914007864, -4.153499980259789e-05, -2.225797057617664e-05, -0.00023571977001267484, 0.004314447126934906, 0.004314447126934906, 0.004314447126934906, -0.009394032124637516, -1.62960878924423e-05, -0.0036697103032433433, 0.002157223563467453, -0.014198617046906276, -0.014198617046872641, -0.0036697103032433433, -0.010221999866823865, -0.0021572235634721437, -0.02201812047751242, -0.022018120477468983, -0.016770815110703552, 0.0024173006706674494, 9.028693184320868e-05, -0.00027403770411341816, -0.007499427497313915, 0.0017760261543068728, 0.0016471423274984115, 0.0006468743043942399, -0.000417513331086514, -4.914403182389589e-05, -4.914403182389589e-05, 0.0001857273502999992, 0.00022365101769075574, 2.210567974234722e-05, 0.0001857273502999992, 2.459028506875962e-05, 0.000655135065423858, 2.210567974234722e-05, 2.459028506875962e-05, -0.00027403770411341816, -0.00027403770411341816, 0.00011476684309208701, -2.4500165902867506e-05, 0.002157223563467453, 0.002157223563467453, -6.730150016448874e-06, -6.73014994845289e-06, -6.380809671082869e-06, -2.8745719810676718e-05, -1.2250082951433753e-05, -3.327911831440402e-05, -1.2250082951433753e-05, -2.4500165902867506e-05, -0.0012969676852208067, -0.0012561055661990395, 7.762678136553382e-05, -0.007507575541252004, -5.4949957853017706e-05, -1.553494863248032e-05, -2.2307876336985673e-05, -0.00011372186793323635, -0.00011372186785281804, -0.00011372186785281804, -0.0015271851754050658, -0.00328192690852928, 0.0006129354968850975, -0.005118499983313818, -0.00010756879530821524, -8.367273819830601e-05, -4.3115210075983013e-05, -2.8745719810676718e-05, -2.7425073163350706e-05, -1.1128985192954133e-05, -8.148043937208964e-06, -8.148043937208964e-06, -8.148043937208964e-06, 0.0015271851753789756, -8.148043937208964e-06, -1.112898528720895e-05, -1.1128985288088293e-05, -1.1128985288088293e-05, 0.00020513435499999998, -0.00021626334028720893, -0.0002863142255554262, -0.00022270102153653938, 0.00018112042063275226, 0.00563373296267855, -1.1128985192954133e-05, -0.0004948383814059644, -0.0003848945957122077, -8.359966157105861e-05, -0.016770815110650303, -0.0004948383814059644, -0.0003848945957122077, -8.359966157105861e-05, 0.00019339218225271262, 0.0017760261543068728, 0.0016471423274984115, 0.0006468743043942399, 0.00019339218225271262, 0.00011476684309208701, -2.225797057617664e-05, -0.009054184381056984, -0.009054184381056984, -1.1128985288088293e-05, -2.8745719810676718e-05, -0.03656030183684056, 3.015917799917336, -8.148043938088315e-06, 0.0006519446709537908, -2.8745719810676718e-05, 3.0437609050346737, -2.8745719810676718e-05, 0.000174115153026536, -0.005118499983313818, -0.015921798332810405, -0.01592179833278351, 4.153499980259767e-05, -1.3798050319274027e-05, -1.2646653719552305e-05, -1.2512081269691516e-06, -1.2646653719552305e-05, -1.2646653719552305e-05, -5.29892196049001e-05, -1.6296087876157314e-05, 0.013974337705280455, -2.8745719810676718e-05, -0.0011380029128954445, -0.0011380029128531532, -1.6296087876157314e-05, -1.1128985288088293e-05, -1.1128985288088293e-05, 0.0032819269085292806, -0.00011372186785281804, -0.00032404116844386385, -0.00032404116848283593, 7.762678136553382e-05, -0.012398061826277474, -1.6296087876157314e-05, -1.6296087876157314e-05, -0.012398061826274898, -1.1128985288088293e-05, -1.1128985288088347e-05, -4.451594115235328e-05, -0.0012976405659388332, -2.225797057617664e-05, -1.1128985288088293e-05, -1.1128985288088293e-05, 0.002157223563467453, 0.00010522694598435328, -0.0012976405658946533, -0.002883230121028646, -0.002883230121028646, -1.1128985288088293e-05, -0.006750325127882206, -0.006750325127882206, 0.004314447126934906, -0.00700382229199345, 0.0043144471269442874, -0.005936928897540383, 0.002157223563467453, -0.020709312545838462, -0.020709312545818648, -2.744816999304309e-06, -0.00328192690852928, -0.00328192690852928, -5.4949957853017706e-05, -0.0032819269085848646, -1.6396714064083413e-05, -0.00328192690852928, 0.004314447126934906, -1.1128985288088293e-05, 0.0001629861677384477, 0.000174115153026536, -0.0012561055661362425, -0.0015271851753789756, -0.0012969676851805698]","[1.2111057685615378e-06, 1.1128985288088293e-05, 1.144802669707801e-05, 5.4949957853017706e-05, 0.0002978237943468962, 0.005279181426830704, 0.036538313623714416, 0.0033234619083318782, 0.01740106391399343, 0.004629976477044662, 0.003774767236217391, 7.762678136553382e-05, 0.014198617046906276, 2.210567974234722e-05, 0.005026676398902166, 0.02201812047751242, 0.0024173006706674494, 0.0077973522331667156, 1.1228796815480413e-05, 0.021877842440062523, 0.016770815110650317, 0.014409390863193039, 2.210567974234722e-05, 0.0035362953388686294, 0.014455826872127995, 0.01178073293645987, 0.00484178863246143, 6.73014994845289e-06, 0.008891414932350017, 8.148043938088767e-06, 0.009054184381104696, 0.00019339218225271262, 0.015921798332810405, 0.001138002912895445, 0.020709312545838462, 0.00328192690852928, 0.00032404116844386385, 0.012398061826277474, 0.0012976405658946533, 0.002883230121026592, 0.006750325127870438, 0.005936928897540383, 1.144802669707801e-05, 7.76267813762388e-05, 7.762678136553382e-05, 0.008538497707085826, 0.0043144471269442874, 0.008369619258583219, 0.0002534297432940833, 8.148043938088315e-06, 0.00013056688210730434, 0.00836961925858759, 0.0015232822950110858, 0.0002534297432940833, 0.004070042786199524, 0.002157223563467459, 0.00011476684309208701, 0.002157223563467459, 0.0002534297432940833, 2.2105679704509384e-05, 0.0036697103032433433, 0.0036697103032433433, 0.005026676398870222, 0.005075334603588999, 0.002157223563467459, 0.002157223563467459, 0.007797352233183119, 0.0077973522331667156, 0.00012671487164704165, 0.010221999866823865, 4.153499980259789e-05, 5.4949957853017706e-05, 4.153499980259789e-05, 2.2105679742347173e-05, 2.210567974234722e-05, 1.1228796779505501e-05, 1.1228796779505501e-05, 7.762678136553382e-05, 0.011655842573255082, 2.2105679704509384e-05, 0.003669710303256579, 0.003626482376034801, 0.021877842440062523, 0.0032819269085292806, 0.014409390863156818, 0.014409390863193039, 0.004314447126934918, 2.210567974234722e-05, 0.00328192690852928, 0.00328192690852928, 0.0013569660956588231, 8.148043938068999e-06, 1.1128985288088293e-05, 0.017392915870055342, 0.011780732936459868, 0.011780732936472305, 2.8745719810676718e-05, 0.003536295338903983, 0.002157223563467459, 0.00011372186785281804, 0.004841788632485581, 8.148043938088315e-06, 8.148043938088315e-06, 8.148043889377732e-06, 0.00484178863246143, 0.00027403770411341816, 0.017392915870055342, 0.00025051530631463315, 1.112898528720895e-05, 0.0024173006706674494, 0.00010756879530821524, 1.2111057685615378e-06, 8.367273819830601e-05, 4.3115210075983013e-05, 1.2111057769691428e-06, 1.2250082951433753e-05, 0.005355411716240781, 0.000174115153026536, 2.225797057617664e-05, 0.0010668933945343628, 0.0072115860409305566, 0.008891414932350017, 0.0032942846549985916, 0.0015232822950110858, 8.359966157105863e-05, 4.451594115235328e-05, 4.153499980259789e-05, 4.153499980259789e-05, 1.6296087876157314e-05, 1.6296087876157314e-05, 4.153499980259789e-05, 1.6296087876157314e-05, 4.1534999809300643e-05, 2.8745719810676718e-05, 2.8745719810676718e-05, 2.225797057617664e-05, 4.153499980259789e-05, 5.4949957853017706e-05, 0.014455826872127986, 4.153499980259767e-05, 0.014455826872108446, 0.00027403770411341816, 0.0002962956746895948, 3.831793410074332e-05, 8.148043937208964e-06, 1.1128985192954133e-05, 0.006643069678337013, 0.0002534297432940833, 0.00836961925858759, 0.0015232822950110858, 0.0024173006706674494, 0.0024173006706674494, 0.000174115153026536, 2.2852141124060643e-06, 1.1128985288088347e-05, 0.00013056688214874157, 0.00013056688210730434, 0.008369619258583219, 0.001303889341897957, 0.0035520523086137457, 0.003294284654996823, 0.0015232822949726539, 0.0010819354636866945, 0.00012671487164704165, 0.0021722192593076196, 0.0012928532743003984, 0.0002047051406976623, 0.004070042786224803, 0.0001147668431258353, 0.008628894253869826, 0.0010092502410481517, 0.00426993118583141, 0.005279181426885771, 0.005633732962699654, 0.005633732962699654, 0.0013038893419075816, 0.0013038893419075816, 0.017392915870055342, 4.153499980259789e-05, 0.00037577964319695064, 0.001275153289544988, 0.0033234619082804784, 0.0033234619082804784, 0.0032819269085292806, 0.00836961925858759, 0.0015232822950110858, 1.112898528720895e-05, 8.148043938088315e-06, 0.01190121876177161, 4.074021969044157e-06, 0.004269931185782552, 8.148043938088315e-06, 0.004629976477044662, 8.148043938088315e-06, 0.004629976477076525, 0.0001629861677384477, 0.003774767236217391, 3.831793410074332e-05, 0.0037747672362229423, 4.153499980259789e-05, 0.017392915870055342, 8.148043938088315e-06, 0.017401063914007864, 4.153499980259789e-05, 2.225797057617664e-05, 0.00023571977001267484, 0.004314447126934906, 0.004314447126934906, 0.004314447126934906, 0.009394032124637516, 1.62960878924423e-05, 0.0036697103032433433, 0.002157223563467453, 0.014198617046906276, 0.014198617046872641, 0.0036697103032433433, 0.010221999866823865, 0.0021572235634721437, 0.02201812047751242, 0.022018120477468983, 0.016770815110703552, 0.0024173006706674494, 9.028693184320868e-05, 0.00027403770411341816, 0.007499427497313915, 0.0017760261543068728, 0.0016471423274984115, 0.0006468743043942399, 0.000417513331086514, 4.914403182389589e-05, 4.914403182389589e-05, 0.0001857273502999992, 0.00022365101769075574, 2.210567974234722e-05, 0.0001857273502999992, 2.459028506875962e-05, 0.000655135065423858, 2.210567974234722e-05, 2.459028506875962e-05, 0.00027403770411341816, 0.00027403770411341816, 0.00011476684309208701, 2.4500165902867506e-05, 0.002157223563467453, 0.002157223563467453, 6.730150016448874e-06, 6.73014994845289e-06, 6.380809671082869e-06, 2.8745719810676718e-05, 1.2250082951433753e-05, 3.327911831440402e-05, 1.2250082951433753e-05, 2.4500165902867506e-05, 0.0012969676852208067, 0.0012561055661990395, 7.762678136553382e-05, 0.007507575541252004, 5.4949957853017706e-05, 1.553494863248032e-05, 2.2307876336985673e-05, 0.00011372186793323635, 0.00011372186785281804, 0.00011372186785281804, 0.0015271851754050658, 0.00328192690852928, 0.0006129354968850975, 0.005118499983313818, 0.00010756879530821524, 8.367273819830601e-05, 4.3115210075983013e-05, 2.8745719810676718e-05, 2.7425073163350706e-05, 1.1128985192954133e-05, 8.148043937208964e-06, 8.148043937208964e-06, 8.148043937208964e-06, 0.0015271851753789756, 8.148043937208964e-06, 1.112898528720895e-05, 1.1128985288088293e-05, 1.1128985288088293e-05, 0.00020513435499999998, 0.00021626334028720893, 0.0002863142255554262, 0.00022270102153653938, 0.00018112042063275226, 0.00563373296267855, 1.1128985192954133e-05, 0.0004948383814059644, 0.0003848945957122077, 8.359966157105861e-05, 0.016770815110650303, 0.0004948383814059644, 0.0003848945957122077, 8.359966157105861e-05, 0.00019339218225271262, 0.0017760261543068728, 0.0016471423274984115, 0.0006468743043942399, 0.00019339218225271262, 0.00011476684309208701, 2.225797057617664e-05, 0.009054184381056984, 0.009054184381056984, 1.1128985288088293e-05, 2.8745719810676718e-05, 0.03656030183684056, 3.015917799917336, 8.148043938088315e-06, 0.0006519446709537908, 2.8745719810676718e-05, 3.0437609050346737, 2.8745719810676718e-05, 0.000174115153026536, 0.005118499983313818, 0.015921798332810405, 0.01592179833278351, 4.153499980259767e-05, 1.3798050319274027e-05, 1.2646653719552305e-05, 1.2512081269691516e-06, 1.2646653719552305e-05, 1.2646653719552305e-05, 5.29892196049001e-05, 1.6296087876157314e-05, 0.013974337705280455, 2.8745719810676718e-05, 0.0011380029128954445, 0.0011380029128531532, 1.6296087876157314e-05, 1.1128985288088293e-05, 1.1128985288088293e-05, 0.0032819269085292806, 0.00011372186785281804, 0.00032404116844386385, 0.00032404116848283593, 7.762678136553382e-05, 0.012398061826277474, 1.6296087876157314e-05, 1.6296087876157314e-05, 0.012398061826274898, 1.1128985288088293e-05, 1.1128985288088347e-05, 4.451594115235328e-05, 0.0012976405659388332, 2.225797057617664e-05, 1.1128985288088293e-05, 1.1128985288088293e-05, 0.002157223563467453, 0.00010522694598435328, 0.0012976405658946533, 0.002883230121028646, 0.002883230121028646, 1.1128985288088293e-05, 0.006750325127882206, 0.006750325127882206, 0.004314447126934906, 0.00700382229199345, 0.0043144471269442874, 0.005936928897540383, 0.002157223563467453, 0.020709312545838462, 0.020709312545818648, 2.744816999304309e-06, 0.00328192690852928, 0.00328192690852928, 5.4949957853017706e-05, 0.0032819269085848646, 1.6396714064083413e-05, 0.00328192690852928, 0.004314447126934906, 1.1128985288088293e-05, 0.0001629861677384477, 0.000174115153026536, 0.0012561055661362425, 0.0015271851753789756, 0.0012969676851805698]","['EX_glcn_e', 'BIOMASS_Ec_iJO1366_WT_53p95M', 'EX_glyclt_e', 'EX_cbl1_e', 'EX_for_e', '4PCP', '4PEPTabcpp', 'ADA', 'ALAALAD', 'ALAALAabcpp', 'ADNK1', 'ALAGLUE', 'ALAabcpp', 'ALLTAMH', 'ALLTN', 'AMMQLT8', 'AMPTASECG', 'ASNabcpp', 'ASPO4', 'ASPabcpp', 'CBL1abcpp', 'CBL1tonex', 'CBLAT', 'CGLYabcpp', 'CYSDS', 'CYTD', 'CYTDK2', 'DHNAOT4', 'DHNCOAS', 'DHNCOAT', 'ARGabcpp', 'DMQMT', 'EAR140y', 'FLDR2', 'FORtex', 'FORtppi', 'G3PAT161', 'FE2abcpp', 'G6PDA', 'GLCNtex', 'GLCS1', 'GLGC', 'GLUabcpp', 'FE3abcpp', 'H2SO', 'GLYCLTt2rpp', 'GLYCLTtex', 'HEMEOS', 'FEENTERR1', 'FEENTERabcpp', 'HISabcpp', 'FEENTERtonex', 'GTHRDHpp', 'GTHRDabcpp', 'IPDPS', 'Kabcpp', 'LADGMDH', 'ILEabcpp', 'LALGP', 'INSK', 'LEUabcpp', 'MG2uabcpp', 'MLDCP1Bpp', 'MLDCP2Bpp', 'MNt2pp', 'NDPK7', 'NI2uabcpp', 'URIC', 'P5CD', 'PA160abcpp', 'PA161abcpp', 'PA181abcpp', 'OHPHM', 'OMBZLM', 'OMMBLHX3', 'OMPHHX3', 'PDX5PO2', 'OPHHX3', 'LYSabcpp', 'PIuabcpp', 'PPA2', 'PPK', 'PROD2', 'PROabcpp', 'S2FE2SS', 'S2FE2SS2', 'S2FE2ST', 'S4FE4SR', 'S4FE4ST', 'SCYSDS', 'SEPHCHCS', 'PTRCabcpp', 'SHCHCS3', 'SPMDabcpp', 'THRabcpp', 'SUCBZL', 'SUCBZS', 'TMDK1', 'URIK2', 'VALabcpp', 'XAND', 'XANt2pp', 'ZNabcpp', 'UGLYCH', 'RNDR1', 'RNDR2b', 'RNDR3']","['EX_colipa_e', 'EX_gthrd_e', 'EX_his__L_e', 'EX_hom__L_e', 'EX_ile__L_e', 'EX_LalaDgluMdap_e', 'EX_LalaDgluMdapDala_e', 'EX_leu__L_e', 'EX_lipa_cold_e', 'EX_acser_e', 'EX_ade_e', 'EX_adn_e', 'EX_lys__L_e', 'EX_ala__L_e', 'EX_alaala_e', 'EX_anhgm_e', 'EX_arg__L_e', 'EX_asn__L_e', 'EX_asp__L_e', 'EX_cytd_e', 'EX_phe__L_e', 'EX_pheme_e', 'EX_pro__L_e', 'EX_ptrc_e', 'EX_val__L_e', 'EX_xan_e', 'EX_spmd_e', 'EX_thr__L_e', 'EX_thymd_e', 'EX_trp__L_e', 'EX_tyr__L_e', 'EX_uri_e', 'AACPS1', 'EX_feenter_e', 'ACACT7r', 'ACACT8r', 'EX_g3pe_e', 'EX_g3pg_e', '3PEPTtex', '4PEPTtex', 'ACOAD7f', 'ACSERtex', 'ACSERtpp', 'ADEt2rpp', 'ADEtex', 'ALAALAtex', 'ADNtex', 'ALATA_L2', 'ALAtex', 'AGM3PApp', 'ASNtex', 'ANHGMtex', 'ASPtex', 'CA2t3pp', 'CLIPAabctex', 'CLPNH160pp', 'CLPNH161pp', 'CLPNH181pp', 'CYTDtex', 'CTECOAI7', 'CTECOAI8', 'DUTPDP', 'ARGtex', 'ECOAH7', 'ECOAH8', 'EDTXS3', 'EDTXS4', 'FACOAE140', 'FACOAL160t2pp', 'FACOAL161t2pp', 'FACOAL181t2pp', 'G3PD5', 'G3PD6', 'G3PEtex', 'G3PGtex', 'GLCNt2rpp', 'GLYCTO2', 'HACD7', 'HACD8', 'GNK', 'HIStex', 'HOMt2pp', 'HOMtex', 'GTHRDtex', 'ILEtex', 'LEUtex', 'LYStex', 'LIPACabcpp', 'MACPD', 'LPLIPAL1E160pp', 'LPLIPAL1E161pp', 'LPLIPAL1E181pp', 'MDDEP1pp', 'MDDEP2pp', 'MDDEP3pp', 'MLTGY2pp', 'LPLIPAL1G181pp', 'PAPSR2', 'OPHHX', 'PHEMEabcpp', 'PLIPA2E160pp', 'PLIPA2E161pp', 'PLIPA2E181pp', 'PHEMEtiex', 'PLIPA2G181pp', 'PHEt2rpp', 'PHEtex', 'PPA', 'PROtex', 'RNTR4c2', 'SERD_L', 'PTRCtex', 'PYAM5PO', 'SPMDtex', 'THRtex', 'TRPS1', 'THMDtex', 'TRPt2rpp', 'TRPtex', 'TYRt2rpp', 'TYRtex', 'URItex', 'VALtex', 'XANtex']","['EX_cobalt2_e', 'DM_4crsol_c', 'DM_5drib_c', 'DM_mththf_c', 'EX_5mtr_e', 'EX_mobd_e', '5DOAN', '5MTRtex', '5MTRtpp', '3HAD140', 'A5PISO', '3HAD181', '3OAR181', 'ACGAMK', 'ACM6PH', '3OAS181', 'AGMH', 'AGMt2pp', 'AGPAT181', 'ADCL', 'AHCYSNS', 'ADCS', 'ADMDC', 'ALAR', 'AGDC', 'AGM4PApp', 'AMPMS2', 'ASP1DC', 'ANHMK', 'CDPMEK', 'CHRPL', 'COBALT2tex', 'COBALT2tpp', 'CPMPS', 'CPPPGO', 'APRAUR', 'DASYN181', 'DB4PS', 'DHFS', 'DNMPPA', 'DNTPPA', 'DHNPA2r', 'DPCOAK', 'DPR', 'DHPPDA2', 'DHPS2', 'DHPTDCs2', 'DXPRIi', 'DXPS', 'DMATT', 'E4PD', 'EAR181x', 'FCLT', 'FMNAT', 'G1SAT', 'G3PAT181', 'GLCDpp', 'GLUTRR', 'GLUTRS', 'GCALDD', 'HBZOPT', 'GMPS2', 'HMBS', 'GRTT', 'HPPK2', 'GTPCI', 'GTPCII2', 'KDOCT2', 'KDOPP', 'KDOPS', 'ICHORS_copy1', 'LPADSS', 'LDH_D', 'MEPCT', 'METS', 'MDDCP4pp', 'MDDEP4pp', 'MLTGY1pp', 'MLTGY4pp', 'MECDPDH5', 'MECDPS', 'MOADSUx', 'MOAT', 'MOAT2', 'MOBDabcpp', 'MOBDtex', 'MOCOS', 'MOHMT', 'MPTAT', 'MPTS', 'MPTSS', 'NDPK8', 'MTAN', 'MTHFR2', 'MTHTHFSs', 'NADK', 'NNATr', 'NNDPR', 'NADS1', 'NDPK5', 'NTD4', 'PANTS', 'OCTDPS', 'OHPBAT', 'OPHBDC', 'PDX5PS', 'PG160abcpp', 'PG161abcpp', 'PE181abcpp', 'PGMT', 'PERD', 'PGPP160', 'PGPP161', 'PGPP181', 'PGSA160', 'PGSA161', 'PGSA181', 'PMDPHT', 'PMPK', 'PNTK', 'PPBNGS', 'PPCDC', 'PPNCL2', 'PPPGO3', 'PTPATi', 'SHCHD2', 'SHCHF', 'QULNS', 'SPMS', 'THZPSN3', 'RBFK', 'RBFSa', 'RBFSb', 'TMPK', 'TMPPP', 'TDSK', 'TYRL', 'U23GAAT', 'UAGAAT', 'USHD', 'UDCPDPS', 'RHCCE', 'UHGADA', 'UPP3MT', 'UPP3S', 'UPPDC1']",PPK,PPA,8.560761237255456,1,377,146,121.0,-5.674808350451592,iJO1366,PSL,True,False,-1000.0,0.0,0.0,31.0217230672185
227,"['ASPO5', 'ASPO6', 'CYTBD2pp', 'FRD3', 'NADH18pp', 'PPPGO', 'PPPGO3', 'THD2pp', 'THIORDXi']","[0.00013874352324952377, -0.0001387435232495203, -0.00034685883824892016, 0.00013874352635314896, 0.00013874352635314896, 0.00020811529635012931, -0.0002081152963500862, -0.0001387435252880289, -0.00013874352212864954]","[0.00013874352324952377, 0.0001387435232495203, 0.00034685883824892016, 0.00013874352635314896, 0.00013874352635314896, 0.00020811529635012931, 0.0002081152963500862, 0.0001387435252880289, 0.00013874352212864954]","['CYTBD2pp', 'PPPGO3', 'THD2pp', 'THIORDXi']","['ASPO5', 'FRD3', 'NADH18pp', 'PPPGO']",['ASPO6'],PPPGO3,PPPGO,0.0020811529619562913,1,9,1,-1.0,-0.0003468588329592541,iJO1366,PSL,False,False,0.0,0.0,0.0,0.0
228,"['PPM', 'PRPPS', 'R15BPK', 'R1PK']","[-0.8706237445851457, -0.8706237445851457, 0.8706237445851611, 0.8706237445851611]","[0.8706237445851457, 0.8706237445851457, 0.8706237445851611, 0.8706237445851611]",['PRPPS'],"['R15BPK', 'R1PK']",['PPM'],PRPPS,R15BPK,4.353118722925593,1,4,1,-0.0,-3.086420008457935e-14,iJO1366,PSL,True,False,-999.95414493558,0.0,0.0,0.0
229,"['PPM', 'PRPPS', 'R15BPK', 'R1PK']","[-0.8706237445851457, -0.8706237445851457, 0.8706237445851611, 0.8706237445851611]","[0.8706237445851457, 0.8706237445851457, 0.8706237445851611, 0.8706237445851611]",['PRPPS'],"['R15BPK', 'R1PK']",['PPM'],PRPPS,R1PK,4.353118722925593,1,4,1,-0.0,-3.086420008457935e-14,iJO1366,PSL,True,False,-999.95414493558,0.0,0.0,0.0
230,"['EX_co2_e', 'EX_cobalt2_e', 'DM_4crsol_c', 'DM_5drib_c', 'DM_amob_c', 'DM_mththf_c', 'BIOMASS_Ec_iJO1366_core_53p95M', 'EX_k_e', 'EX_kdo2lipid4_e', 'EX_ac_e', 'EX_cu2_e', 'EX_alltn_e', 'EX_meoh_e', 'EX_mg2_e', 'EX_mn2_e', 'EX_mobd_e', 'EX_nh4_e', 'EX_ca2_e', 'EX_ni2_e', 'EX_cl_e', 'EX_pi_e', 'EX_zn2_e', 'EX_so4_e', 'EX_urea_e', '2MAHMP', '5DOAN', 'A5PISO', 'AACPS3', 'AACPS4', 'AACPS7', 'ABTA', 'ABUTD', 'ACACT1r', 'ACACT2r', 'ACACT3r', 'ACACT4r', 'ACACT5r', 'ACACT6r', 'ACACT7r', '3OAR140', 'ACALD', 'ACCOAC', '3OAS140', 'ACHBS', 'ACLS', 'ACOAD1f', 'ACOAD2f', 'ACOAD3f', 'ACOAD4f', 'ACOAD5f', 'ACOAD6f', 'ACOAD7f', 'ACONTa', 'ACONTb', 'AGMT', 'AGPAT160', 'AGPAT161', 'ACtex', 'ADCL', 'AHCYSNS', 'ADCS', 'AICART', 'AKGDH', 'ALAALAD', 'ADD', 'ALAR', 'ADPT', 'ADSK', 'ALLTNt2rpp', 'ALLTNtex', 'AMAOTr', 'AMPMS2', 'AMPN', 'ASNS2', 'ASP1DC', 'ASPCT', 'ASPK', 'ANPRT', 'ASPO6', 'ANS', 'AOXSr2', 'ASPT', 'CBMKr', 'ATPPRT', 'ATPS4rpp', 'BMOCOS', 'BMOGDS1', 'BMOGDS2', 'BPNT', 'CDPMEK', 'BTS5', 'CA2tex', 'CHORM', 'CHORS', 'CHRPL', 'CLt3_2pp', 'CLtex', 'CO2tex', 'CO2tpp', 'COBALT2abcpp', 'COBALT2tex', 'CPMPS', 'CYSDS', 'CPPPGO', 'CYSTL', 'APRAUR', 'CYTBO3_4pp', 'CS', 'CYTK1', 'CTECOAI7', 'DAAD', 'CTPS2', 'CU2abcpp', 'CU2tex', 'DALAt2pp', 'DAPDC', 'DAPE', 'DDPA', 'DASYN160', 'DASYN161', 'DB4PS', 'DHAD1', 'DHAD2', 'DBTS', 'DHDPRy', 'DHDPS', 'DHFR', 'DHFS', 'DNMPPA', 'DNTPPA', 'DHNPA2r', 'ARGDC', 'DHORD2', 'DHORTS', 'DPCOAK', 'DPR', 'DHPPDA2', 'DHPS2', 'DHPTDCs2', 'DHQS', 'DHQTi', 'DUTPDP', 'DXPRIi', 'DXPS', 'DMATT', 'DMPPS', 'E4PD', 'ASAD', 'ECOAH5', 'ECOAH6', 'ECOAH7', 'EGMEACPR', 'EPMEACPR', 'ETHAAL', 'ECOAH1', 'FCLT', 'ECOAH2', 'ECOAH3', 'ECOAH4', 'FMNAT', 'FACOAE120', 'FUM', 'FACOAE160', 'FACOAE161', 'G1PACT', 'G1SAT', 'FACOAL160t2pp', 'G3PAT160', 'G3PAT161', 'FADRx', 'G3PD2', 'FBA', 'FBP', 'G3PEabcpp', 'GHMT2r', 'GK1', 'G6PDH2r', 'FE2tpp', 'GLNS', 'GAPD', 'GLUDy', 'GLUR', 'GLUTRR', 'GLUTRS', 'GCALDD', 'GLXCL', 'GF6PTA', 'GLYCK', 'GLYCL', 'H2Otpp', 'GLYCTO2', 'HACD1', 'HACD2', 'HACD3', 'HACD4', 'HACD5', 'HACD6', 'HACD7', 'HBZOPT', 'HCO3E', 'GMPS2', 'GND', 'GPDDA2', 'HISTD', 'HISTP', 'HMBS', 'GRTT', 'HPPK2', 'HSDy', 'GTPCI', 'GTPCII2', 'HSST', 'FESD1s', 'IPDPS', 'HSTPT', 'HXAND', 'IPMD', 'IPPMIa', 'FESR', 'IPPMIb', 'IPPS', 'K2L4Aabcpp', 'K2L4Aabctex', 'KARA1', 'KARA2', 'KDOCT2', 'KDOPP', 'KDOPS', 'Kt2pp', 'Ktex', 'I2FE2SR', 'I2FE2SS', 'I2FE2SS2', 'I2FE2ST', 'I4FE4SR', 'I4FE4ST', 'ICDHyr', 'ICYSDS', 'IG3PS', 'IGPDH', 'IGPS', 'LPADSS', 'ILETA', 'IMPC', 'IMPD', 'LEUTAi', 'MALCOAMT', 'MALS', 'MEOHtex', 'MEOHtrpp', 'MEPCT', 'METAT', 'METS', 'LPLIPAL1E160pp', 'MG2t3_2pp', 'MG2tex', 'MCOATA', 'MCTP1App', 'MDH', 'MECDPDH5', 'MECDPS', 'MOADSUx', 'MOAT', 'MN2tpp', 'MOAT2', 'MOBDabcpp', 'MOBDtex', 'MOCOS', 'MOHMT', 'MOX', 'MPTAT', 'MPTG', 'MNtex', 'MPTS', 'MPTSS', 'NH4tex', 'NH4tpp', 'MTHFC', 'MTHFD', 'MTHFR2', 'NI2abcpp', 'MTHTHFSs', 'NI2tex', 'NADH16pp', 'NNATr', 'NNDPR', 'NADPPPS', 'NADS1', 'NDPK2', 'NDPK3', 'NTD10', 'URIC', 'OPMEACPS', 'NTPP7', 'ORPT', 'P5CD', 'P5CR', 'O2tpp', 'PANTS', 'OCTDPS', 'OGMEACPD', 'OGMEACPR', 'OGMEACPS', 'OHPBAT', 'OMCDC', 'PAPPT3', 'PAPSR', 'OMPDC', 'OPHBDC', 'PDH', 'PDX5PO2', 'PDX5PS', 'OPHHX', 'OPHHX3', 'OPMEACPD', 'OPMEACPR', 'PE160abcpp', 'PE161abcpp', 'PGAMT', 'PGCD', 'PGI', 'PGK', 'PGL', 'PERD', 'PFL', 'PLIPA2E160pp', 'PHETA1', 'PMDPHT', 'PMEACPE', 'PNTK', 'PItex', 'PIuabcpp', 'POR5', 'PPA', 'PPBNGS', 'PPCDC', 'PPNCL2', 'PPND', 'PPNDH', 'PPPGO3', 'PRAIi', 'PRAMPC', 'PRATPP', 'PRMICI', 'PROD2', 'PSCVT', 'RNTR4c2', 'RPE', 'RPI', 'PSD160', 'PSD161', 'SADT2', 'SDPDS', 'SDPTA', 'PSERT', 'PSP_L', 'PSSA160', 'PSSA161', 'SERD_L', 'PTPATi', 'PTRCTA', 'SHCHD2', 'SHCHF', 'SHK3Dr', 'SHKK', 'SHSL1', 'SO4t2pp', 'SO4tex', 'QULNS', 'THRA', 'THRD_L', 'SSALy', 'SUCDi', 'SUCOAS', 'THZPSN3', 'TKT1', 'RBFK', 'TKT2', 'RBFSa', 'SULR', 'TALA', 'TMDS', 'RBFSb', 'TMPPP', 'RBK', 'TDP', 'TRDR', 'TDSK', 'THDPS', 'TRPAS2', 'TRPS3', 'TYRL', 'TYRTA', 'U23GAAT', 'UAAGDS', 'UAGAAT', 'USHD', 'UAGCVT', 'UAGDP', 'UAGPT3', 'UAMAGS', 'UAMAS', 'UAPGR', 'UDCPDP', 'UDCPDPS', 'XAND', 'RHCCE', 'XTSNH', 'ZN2abcpp', 'Zn2tex', 'UGMDDS', 'UHGADA', 'UMPK', 'UPP3MT', 'UPP3S', 'UPPDC1', 'UREAtex', 'UREAtpp', 'RNTR1c2', 'RNTR2c2', 'RNTR3c2']","[-2.5394043186797077, 1.5388385e-05, -0.0001372643942, -0.000138495465, -1.2310708e-06, -0.00027575985920000567, -0.6155354, 0.1201482013322, 0.3508657406947384, -1.4761395386761933, 0.0004364145986, 0.2759063566250878, -1.2310708e-06, 0.005339769594999999, 0.00042533496139999995, 7.94040666e-05, 4.478791719205648, 0.0032038617570151473, 0.0001988179342, 0.0032038617569999997, -0.1079669529511591, 0.00020989757139999997, 0.15524418323396277, 0.1820704470368, 0.0001372643942, -0.000138495465, 0.6777797679046769, -0.041921658874503234, -0.0925937591512, 1.3555595358093537, 0.1820704470368355, 0.1820704470368, 1.1844062246269538, 1.1844062246269538, 1.1844062246269538, 1.1844062246269538, 1.1844062246269538, -0.17115331118240001, -0.17115331118240001, 1.3555595358093537, 0.3533031598247627, 1.3555558425969538, 1.3555595358093537, -0.17883088422659993, -0.5381435186226637, -1.1844062246269538, -1.1844062246269538, -1.1844062246269538, -1.1844062246269538, -1.1844062246269538, 0.17115331118240001, 0.07855955203119999, -2.305714077476675, -2.305714077476675, 0.1820704470368, -0.020960829437251617, -0.0462968795756, 1.4761395386761933, -0.0004117931826000008, -0.00027575985920000567, -0.0004117931826000008, -0.05817732833100009, -1.8259657867167431, 0.017104497695199998, 0.1840678594096882, 0.33218845145953735, -0.0006280788988500056, -0.15257399066876276, -0.2759063566250878, -0.2759063566250878, -1.2310708e-06, -0.0001372643942, 0.1838540358350382, -0.14837788584699999, -0.0003545483903627522, -0.20361603264299988, -0.323069910044, -0.0349888787422, -0.0014021896411957613, -0.0349888787422, -1.2310708e-06, 0.8250611880184101, -0.20361603264299982, -0.058314592725199996, -24.317341225357417, -7.50953188e-05, -7.50953188e-05, -7.50953188e-05, -0.15257399066876276, -0.0014705140706000079, -1.2310708e-06, -0.0032038617570151473, -0.19905429979359998, -0.2345922361126, -0.00013726439420000188, -0.0016019308784999998, -0.0032038617569999997, 2.5394043186797077, 2.5394043186797077, 1.5388385e-05, -1.5388385e-05, -0.0001501906376, 0.15257399066876276, -0.0001372643942, -0.09473766894940006, -0.0002745287883999992, -15.16331260168105, -2.305714077476675, 0.6086969964308625, 0.0925937591512, 0.3578451980023374, -0.09880882008499989, 0.0004364145986, -0.0004364145986, -0.008552248847599999, -0.21122774339939998, -0.22833224109459993, -0.2345922361126, -0.020960829437251617, -0.0462968795756, -0.0005490575767999984, -0.5381435186226637, -0.17883088422659993, -1.2310708e-06, -0.22833224109459993, -0.22833224109459993, -0.016517892459, -0.0004117931826000008, -0.0004117931826000008, -0.0004117931826000008, -0.0004117931826000008, 0.1820704470368, -0.20361603264299988, 0.20361603264299988, -0.0003545483903627522, -0.0003545483903627522, -0.0002745287883999992, -0.0004117931826000008, -0.00027575985920000567, -0.2345922361126, -0.2345922361126, -0.0161060992764, -0.0014705140706000079, -0.0017450428590000077, -0.00017111884120000123, -0.0001711188412000012, -0.0001372643942, 0.323069910044, 1.1844062246269538, -0.17115331118240001, -0.17115331118240001, -1.2310708e-06, -1.2310708e-06, 0.018318946578348372, 1.1844062246269538, -0.0001372643942, 1.1844062246269538, 1.1844062246269538, 1.1844062246269538, -0.00013726439419999923, 1.3555595358093537, -0.818696887267298, -0.041921658874503234, -0.0925937591512, 0.6435707725142769, -0.0021962303072, 0.03663789315669676, -0.020960829437251617, -0.0462968795756, 5.2783830104175316, 0.08557665559119998, -0.2580588613737058, 0.25805886137370626, 0.018318946578348372, -0.441005261613196, -0.1500158255463996, -0.552510648216072, -0.009886114059400004, 0.13904656636887736, -0.9072443266432586, 2.2102890654299703, 0.017104497695199998, -0.0021962303072, -0.0021962303072, -0.0004117931826000008, 0.7433026985133893, 0.6435707725142769, 0.7433026985133893, 0.2710793280184333, 11.90217105368636, -0.0004117931826000008, 1.1844062246269538, 1.1844062246269538, 1.1844062246269538, 1.1844062246269538, 1.1844062246269538, -0.17115331118240001, -0.17115331118240001, -0.00013726439420000188, 1.3556931069911538, -0.1500158255463996, -0.552510648216072, 0.018318946578348372, -0.058314592725199996, -0.058314592725199996, -0.0002745287884, -0.00017111884120000123, -0.0004117931826000008, 0.09473766894940006, -0.0004117931826000008, -0.0002745287883999992, -0.09473766894940006, -0.0024030502016, -0.0012993952294000066, -0.058314592725199996, 0.1840678594096882, -0.2773177792974, 0.2773177792974, -0.0048061004032, 0.2773177792974, -0.2773177792974, 0.33888988395233843, 0.33888988395233843, 0.5381435186226637, -0.17883088422659993, 0.6777797679046769, 0.6777797679046769, 0.6777797679046769, -0.1201482013322, -0.1201482013322, -1.2310708e-06, -0.00017604312440000033, -0.00016003920400000033, -1.7234991199999995e-05, -0.00016003920400000033, -0.00016003920400000033, -2.305714077476675, -0.0011110413970000013, -0.058314592725199996, -0.058314592725199996, -0.0349888787422, 0.33888988395233843, 0.17883088422659993, 0.05817732833100009, -0.05817732833100003, -0.2773177792974, -1.2310708e-06, -1.4870171902093778, 1.2310708e-06, 1.2310708e-06, -0.0014705140706000079, -0.0005527507892000067, -0.09501342880859998, 0.01831894657834838, -0.005339769594999999, -0.005339769594999999, 1.3555570736677538, -0.008552248847599999, -2.0288068602911835, -0.0014705140706000079, -0.0014705140706000079, -0.0003003812752, 0.33888988395233843, -0.00042533496139999995, 0.33888988395233843, -7.94040666e-05, -7.94040666e-05, -7.50953188e-05, -0.0003545483903627522, -0.27690721718549205, -0.0001501906376, -0.008552248847599999, -0.00042533496139999995, -0.0001501906376, -0.0003003812752, -4.478791719205648, -4.478791719205648, -0.0583145927251999, -0.0583145927251999, -0.09501342880859998, 0.0001988179342, -0.00027575985920000567, -0.0001988179342, -13.31497764299294, -0.0014021896411957613, -0.0014021896411957613, 0.0002751443237917206, -0.0014021896411957613, 0.4399547398712771, 0.6086969964308625, 0.09183849721539958, 0.2759063566250878, -1.2310708e-06, 0.0161060992764, 0.20361603264299988, 0.136067177847, -0.10047324787810034, -7.584300673084499, -0.0003545483903627522, -0.00013726439420000188, -1.2310708e-06, -1.2310708e-06, -1.2310708e-06, -0.0001372643942, -0.2773177792974, -0.017104497695199998, -0.15257399066876276, -0.20361603264299988, -0.0001372643942, 2.251418471209899, -0.0001372643942, -0.0001372643942, -0.00020811529634999997, 7.085090214999998e-05, -1.2310708e-06, -1.2310708e-06, -0.00996244291005162, -0.012963175523999997, -0.6435707725142769, -0.16394162812986823, 0.5525106482160727, 0.9072443266432586, -0.552510648216072, -0.0001372643942, 0.0015099083361999983, 0.01831894657834838, 0.11403716588099999, -0.0002745287883999992, -1.2310708e-06, -0.0003545483903627522, 0.1079669529511591, 0.1079669529511591, -0.06694255242699998, 1.2153930414743297, -0.0010981151536, -0.0003545483903627522, -0.0003545483903627522, -0.08501713391259999, -0.11403716588099999, -0.0001372643942, -0.0349888787422, -0.058314592725199996, -0.058314592725199996, -0.058314592725199996, 0.03559392996889965, -0.2345922361126, -0.0161060992764, -0.35848953505977693, 0.8712518234841582, -0.020960829437251617, -0.0462968795756, -0.15257399066876276, -0.22833224109459993, 0.22833224109459993, -0.16394162812986823, -0.16394162812986823, -0.020960829437251617, -0.0462968795756, 0.47714895753297937, -0.0003545483903627522, 0.1820704470368, -0.0001372643942, -0.0001372643942, -0.2345922361126, -0.2345922361126, -0.09473766894940006, -0.15524418323396277, -0.15524418323396277, -0.0014021896411957613, 0.3349842132464143, -0.17883088422659993, 0.1820704470368355, -1.6443071328625076, 1.502895876672743, -0.0001372643942, -0.2966095177832885, -0.00013726439419999923, -0.06188001727648845, -0.0005490575767999984, -0.15257399066876276, -0.2966095177832885, -0.0161060992764, -0.0002745287883999992, -0.0001372643942, 0.09183849721539958, 0.0001372643942, -0.15257399066876276, 0.33888988395233843, -0.22833224109459993, 0.0349888787422, -0.0349888787422, -0.0001372643942, 0.08501713391259999, 0.6777797679046769, -0.017104497695199998, 0.6777797679046769, 0.33888988395233843, -0.017104497695199998, 0.6435707725142769, -0.017104497695199998, -0.017104497695199998, -0.017104497695199998, -0.017104497695199998, -0.017104497695199998, -3.3854446999999344e-05, 0.2759063566250878, -0.00027575985920000567, 0.09183849721539958, 0.00020989757139999997, -0.00020989757139999997, -0.017104497695199998, 0.6777797679046769, 0.1181693536141386, -0.0001372643942, -0.0002745287884, -0.0001372643942, -0.1820704470368, -0.1820704470368, -0.0161060992764, -0.016629919901799996, -0.016629919901799996]","[2.5394043186797077, 1.5388385e-05, 0.0001372643942, 0.000138495465, 1.2310708e-06, 0.00027575985920000567, 0.6155354, 0.1201482013322, 0.3508657406947384, 1.4761395386761933, 0.0004364145986, 0.2759063566250878, 1.2310708e-06, 0.005339769594999999, 0.00042533496139999995, 7.94040666e-05, 4.478791719205648, 0.0032038617570151473, 0.0001988179342, 0.0032038617569999997, 0.1079669529511591, 0.00020989757139999997, 0.15524418323396277, 0.1820704470368, 0.0001372643942, 0.000138495465, 0.6777797679046769, 0.041921658874503234, 0.0925937591512, 1.3555595358093537, 0.1820704470368355, 0.1820704470368, 1.1844062246269538, 1.1844062246269538, 1.1844062246269538, 1.1844062246269538, 1.1844062246269538, 0.17115331118240001, 0.17115331118240001, 1.3555595358093537, 0.3533031598247627, 1.3555558425969538, 1.3555595358093537, 0.17883088422659993, 0.5381435186226637, 1.1844062246269538, 1.1844062246269538, 1.1844062246269538, 1.1844062246269538, 1.1844062246269538, 0.17115331118240001, 0.07855955203119999, 2.305714077476675, 2.305714077476675, 0.1820704470368, 0.020960829437251617, 0.0462968795756, 1.4761395386761933, 0.0004117931826000008, 0.00027575985920000567, 0.0004117931826000008, 0.05817732833100009, 1.8259657867167431, 0.017104497695199998, 0.1840678594096882, 0.33218845145953735, 0.0006280788988500056, 0.15257399066876276, 0.2759063566250878, 0.2759063566250878, 1.2310708e-06, 0.0001372643942, 0.1838540358350382, 0.14837788584699999, 0.0003545483903627522, 0.20361603264299988, 0.323069910044, 0.0349888787422, 0.0014021896411957613, 0.0349888787422, 1.2310708e-06, 0.8250611880184101, 0.20361603264299982, 0.058314592725199996, 24.317341225357417, 7.50953188e-05, 7.50953188e-05, 7.50953188e-05, 0.15257399066876276, 0.0014705140706000079, 1.2310708e-06, 0.0032038617570151473, 0.19905429979359998, 0.2345922361126, 0.00013726439420000188, 0.0016019308784999998, 0.0032038617569999997, 2.5394043186797077, 2.5394043186797077, 1.5388385e-05, 1.5388385e-05, 0.0001501906376, 0.15257399066876276, 0.0001372643942, 0.09473766894940006, 0.0002745287883999992, 15.16331260168105, 2.305714077476675, 0.6086969964308625, 0.0925937591512, 0.3578451980023374, 0.09880882008499989, 0.0004364145986, 0.0004364145986, 0.008552248847599999, 0.21122774339939998, 0.22833224109459993, 0.2345922361126, 0.020960829437251617, 0.0462968795756, 0.0005490575767999984, 0.5381435186226637, 0.17883088422659993, 1.2310708e-06, 0.22833224109459993, 0.22833224109459993, 0.016517892459, 0.0004117931826000008, 0.0004117931826000008, 0.0004117931826000008, 0.0004117931826000008, 0.1820704470368, 0.20361603264299988, 0.20361603264299988, 0.0003545483903627522, 0.0003545483903627522, 0.0002745287883999992, 0.0004117931826000008, 0.00027575985920000567, 0.2345922361126, 0.2345922361126, 0.0161060992764, 0.0014705140706000079, 0.0017450428590000077, 0.00017111884120000123, 0.0001711188412000012, 0.0001372643942, 0.323069910044, 1.1844062246269538, 0.17115331118240001, 0.17115331118240001, 1.2310708e-06, 1.2310708e-06, 0.018318946578348372, 1.1844062246269538, 0.0001372643942, 1.1844062246269538, 1.1844062246269538, 1.1844062246269538, 0.00013726439419999923, 1.3555595358093537, 0.818696887267298, 0.041921658874503234, 0.0925937591512, 0.6435707725142769, 0.0021962303072, 0.03663789315669676, 0.020960829437251617, 0.0462968795756, 5.2783830104175316, 0.08557665559119998, 0.2580588613737058, 0.25805886137370626, 0.018318946578348372, 0.441005261613196, 0.1500158255463996, 0.552510648216072, 0.009886114059400004, 0.13904656636887736, 0.9072443266432586, 2.2102890654299703, 0.017104497695199998, 0.0021962303072, 0.0021962303072, 0.0004117931826000008, 0.7433026985133893, 0.6435707725142769, 0.7433026985133893, 0.2710793280184333, 11.90217105368636, 0.0004117931826000008, 1.1844062246269538, 1.1844062246269538, 1.1844062246269538, 1.1844062246269538, 1.1844062246269538, 0.17115331118240001, 0.17115331118240001, 0.00013726439420000188, 1.3556931069911538, 0.1500158255463996, 0.552510648216072, 0.018318946578348372, 0.058314592725199996, 0.058314592725199996, 0.0002745287884, 0.00017111884120000123, 0.0004117931826000008, 0.09473766894940006, 0.0004117931826000008, 0.0002745287883999992, 0.09473766894940006, 0.0024030502016, 0.0012993952294000066, 0.058314592725199996, 0.1840678594096882, 0.2773177792974, 0.2773177792974, 0.0048061004032, 0.2773177792974, 0.2773177792974, 0.33888988395233843, 0.33888988395233843, 0.5381435186226637, 0.17883088422659993, 0.6777797679046769, 0.6777797679046769, 0.6777797679046769, 0.1201482013322, 0.1201482013322, 1.2310708e-06, 0.00017604312440000033, 0.00016003920400000033, 1.7234991199999995e-05, 0.00016003920400000033, 0.00016003920400000033, 2.305714077476675, 0.0011110413970000013, 0.058314592725199996, 0.058314592725199996, 0.0349888787422, 0.33888988395233843, 0.17883088422659993, 0.05817732833100009, 0.05817732833100003, 0.2773177792974, 1.2310708e-06, 1.4870171902093778, 1.2310708e-06, 1.2310708e-06, 0.0014705140706000079, 0.0005527507892000067, 0.09501342880859998, 0.01831894657834838, 0.005339769594999999, 0.005339769594999999, 1.3555570736677538, 0.008552248847599999, 2.0288068602911835, 0.0014705140706000079, 0.0014705140706000079, 0.0003003812752, 0.33888988395233843, 0.00042533496139999995, 0.33888988395233843, 7.94040666e-05, 7.94040666e-05, 7.50953188e-05, 0.0003545483903627522, 0.27690721718549205, 0.0001501906376, 0.008552248847599999, 0.00042533496139999995, 0.0001501906376, 0.0003003812752, 4.478791719205648, 4.478791719205648, 0.0583145927251999, 0.0583145927251999, 0.09501342880859998, 0.0001988179342, 0.00027575985920000567, 0.0001988179342, 13.31497764299294, 0.0014021896411957613, 0.0014021896411957613, 0.0002751443237917206, 0.0014021896411957613, 0.4399547398712771, 0.6086969964308625, 0.09183849721539958, 0.2759063566250878, 1.2310708e-06, 0.0161060992764, 0.20361603264299988, 0.136067177847, 0.10047324787810034, 7.584300673084499, 0.0003545483903627522, 0.00013726439420000188, 1.2310708e-06, 1.2310708e-06, 1.2310708e-06, 0.0001372643942, 0.2773177792974, 0.017104497695199998, 0.15257399066876276, 0.20361603264299988, 0.0001372643942, 2.251418471209899, 0.0001372643942, 0.0001372643942, 0.00020811529634999997, 7.085090214999998e-05, 1.2310708e-06, 1.2310708e-06, 0.00996244291005162, 0.012963175523999997, 0.6435707725142769, 0.16394162812986823, 0.5525106482160727, 0.9072443266432586, 0.552510648216072, 0.0001372643942, 0.0015099083361999983, 0.01831894657834838, 0.11403716588099999, 0.0002745287883999992, 1.2310708e-06, 0.0003545483903627522, 0.1079669529511591, 0.1079669529511591, 0.06694255242699998, 1.2153930414743297, 0.0010981151536, 0.0003545483903627522, 0.0003545483903627522, 0.08501713391259999, 0.11403716588099999, 0.0001372643942, 0.0349888787422, 0.058314592725199996, 0.058314592725199996, 0.058314592725199996, 0.03559392996889965, 0.2345922361126, 0.0161060992764, 0.35848953505977693, 0.8712518234841582, 0.020960829437251617, 0.0462968795756, 0.15257399066876276, 0.22833224109459993, 0.22833224109459993, 0.16394162812986823, 0.16394162812986823, 0.020960829437251617, 0.0462968795756, 0.47714895753297937, 0.0003545483903627522, 0.1820704470368, 0.0001372643942, 0.0001372643942, 0.2345922361126, 0.2345922361126, 0.09473766894940006, 0.15524418323396277, 0.15524418323396277, 0.0014021896411957613, 0.3349842132464143, 0.17883088422659993, 0.1820704470368355, 1.6443071328625076, 1.502895876672743, 0.0001372643942, 0.2966095177832885, 0.00013726439419999923, 0.06188001727648845, 0.0005490575767999984, 0.15257399066876276, 0.2966095177832885, 0.0161060992764, 0.0002745287883999992, 0.0001372643942, 0.09183849721539958, 0.0001372643942, 0.15257399066876276, 0.33888988395233843, 0.22833224109459993, 0.0349888787422, 0.0349888787422, 0.0001372643942, 0.08501713391259999, 0.6777797679046769, 0.017104497695199998, 0.6777797679046769, 0.33888988395233843, 0.017104497695199998, 0.6435707725142769, 0.017104497695199998, 0.017104497695199998, 0.017104497695199998, 0.017104497695199998, 0.017104497695199998, 3.3854446999999344e-05, 0.2759063566250878, 0.00027575985920000567, 0.09183849721539958, 0.00020989757139999997, 0.00020989757139999997, 0.017104497695199998, 0.6777797679046769, 0.1181693536141386, 0.0001372643942, 0.0002745287884, 0.0001372643942, 0.1820704470368, 0.1820704470368, 0.0161060992764, 0.016629919901799996, 0.016629919901799996]","['EX_ac_e', 'ACtex', 'ADPT', 'G6PDH2r', 'GLYCTO2', 'GND', 'IPDPS', 'MALS', 'PAPSR', 'OPHHX', 'PGL', 'RPI', 'TRDR']","['EX_kdo2lipid4_e', 'EX_alltn_e', 'EX_urea_e', '2MAHMP', 'ABTA', 'ABUTD', 'ACALD', 'AGMT', 'ALAALAD', 'ADD', 'ALLTNt2rpp', 'ALLTNtex', 'AMPN', 'ASPT', 'COBALT2abcpp', 'CYSDS', 'DAAD', 'CU2abcpp', 'ARGDC', 'ETHAAL', 'FACOAL160t2pp', 'FBP', 'G3PEabcpp', 'GLXCL', 'GLYCK', 'GPDDA2', 'HXAND', 'LPLIPAL1E160pp', 'NI2abcpp', 'NADPPPS', 'NTD10', 'URIC', 'NTPP7', 'P5CD', 'OPHHX3', 'PFL', 'PLIPA2E160pp', 'PIuabcpp', 'PPA', 'PROD2', 'SERD_L', 'PTRCTA', 'THRA', 'SSALy', 'TKT1', 'TALA', 'RBK', 'TDP', 'XAND', 'XTSNH', 'ZN2abcpp', 'UREAtex', 'UREAtpp']","['EX_co2_e', 'EX_cobalt2_e', 'DM_4crsol_c', 'DM_5drib_c', 'DM_amob_c', 'DM_mththf_c', 'BIOMASS_Ec_iJO1366_core_53p95M', 'EX_k_e', 'EX_cu2_e', 'EX_meoh_e', 'EX_mg2_e', 'EX_mn2_e', 'EX_mobd_e', 'EX_nh4_e', 'EX_ca2_e', 'EX_ni2_e', 'EX_cl_e', 'EX_pi_e', 'EX_zn2_e', 'EX_so4_e', '5DOAN', 'A5PISO', 'AACPS3', 'AACPS4', 'AACPS7', 'ACACT1r', 'ACACT2r', 'ACACT3r', 'ACACT4r', 'ACACT5r', 'ACACT6r', 'ACACT7r', '3OAR140', 'ACCOAC', '3OAS140', 'ACHBS', 'ACLS', 'ACOAD1f', 'ACOAD2f', 'ACOAD3f', 'ACOAD4f', 'ACOAD5f', 'ACOAD6f', 'ACOAD7f', 'ACONTa', 'ACONTb', 'AGPAT160', 'AGPAT161', 'ADCL', 'AHCYSNS', 'ADCS', 'AICART', 'AKGDH', 'ALAR', 'ADSK', 'AMAOTr', 'AMPMS2', 'ASNS2', 'ASP1DC', 'ASPCT', 'ASPK', 'ANPRT', 'ASPO6', 'ANS', 'AOXSr2', 'CBMKr', 'ATPPRT', 'ATPS4rpp', 'BMOCOS', 'BMOGDS1', 'BMOGDS2', 'BPNT', 'CDPMEK', 'BTS5', 'CA2tex', 'CHORM', 'CHORS', 'CHRPL', 'CLt3_2pp', 'CLtex', 'CO2tex', 'CO2tpp', 'COBALT2tex', 'CPMPS', 'CPPPGO', 'CYSTL', 'APRAUR', 'CYTBO3_4pp', 'CS', 'CYTK1', 'CTECOAI7', 'CTPS2', 'CU2tex', 'DALAt2pp', 'DAPDC', 'DAPE', 'DDPA', 'DASYN160', 'DASYN161', 'DB4PS', 'DHAD1', 'DHAD2', 'DBTS', 'DHDPRy', 'DHDPS', 'DHFR', 'DHFS', 'DNMPPA', 'DNTPPA', 'DHNPA2r', 'DHORD2', 'DHORTS', 'DPCOAK', 'DPR', 'DHPPDA2', 'DHPS2', 'DHPTDCs2', 'DHQS', 'DHQTi', 'DUTPDP', 'DXPRIi', 'DXPS', 'DMATT', 'DMPPS', 'E4PD', 'ASAD', 'ECOAH5', 'ECOAH6', 'ECOAH7', 'EGMEACPR', 'EPMEACPR', 'ECOAH1', 'FCLT', 'ECOAH2', 'ECOAH3', 'ECOAH4', 'FMNAT', 'FACOAE120', 'FUM', 'FACOAE160', 'FACOAE161', 'G1PACT', 'G1SAT', 'G3PAT160', 'G3PAT161', 'FADRx', 'G3PD2', 'FBA', 'GHMT2r', 'GK1', 'FE2tpp', 'GLNS', 'GAPD', 'GLUDy', 'GLUR', 'GLUTRR', 'GLUTRS', 'GCALDD', 'GF6PTA', 'GLYCL', 'H2Otpp', 'HACD1', 'HACD2', 'HACD3', 'HACD4', 'HACD5', 'HACD6', 'HACD7', 'HBZOPT', 'HCO3E', 'GMPS2', 'HISTD', 'HISTP', 'HMBS', 'GRTT', 'HPPK2', 'HSDy', 'GTPCI', 'GTPCII2', 'HSST', 'FESD1s', 'HSTPT', 'IPMD', 'IPPMIa', 'FESR', 'IPPMIb', 'IPPS', 'K2L4Aabcpp', 'K2L4Aabctex', 'KARA1', 'KARA2', 'KDOCT2', 'KDOPP', 'KDOPS', 'Kt2pp', 'Ktex', 'I2FE2SR', 'I2FE2SS', 'I2FE2SS2', 'I2FE2ST', 'I4FE4SR', 'I4FE4ST', 'ICDHyr', 'ICYSDS', 'IG3PS', 'IGPDH', 'IGPS', 'LPADSS', 'ILETA', 'IMPC', 'IMPD', 'LEUTAi', 'MALCOAMT', 'MEOHtex', 'MEOHtrpp', 'MEPCT', 'METAT', 'METS', 'MG2t3_2pp', 'MG2tex', 'MCOATA', 'MCTP1App', 'MDH', 'MECDPDH5', 'MECDPS', 'MOADSUx', 'MOAT', 'MN2tpp', 'MOAT2', 'MOBDabcpp', 'MOBDtex', 'MOCOS', 'MOHMT', 'MOX', 'MPTAT', 'MPTG', 'MNtex', 'MPTS', 'MPTSS', 'NH4tex', 'NH4tpp', 'MTHFC', 'MTHFD', 'MTHFR2', 'MTHTHFSs', 'NI2tex', 'NADH16pp', 'NNATr', 'NNDPR', 'NADS1', 'NDPK2', 'NDPK3', 'OPMEACPS', 'ORPT', 'P5CR', 'O2tpp', 'PANTS', 'OCTDPS', 'OGMEACPD', 'OGMEACPR', 'OGMEACPS', 'OHPBAT', 'OMCDC', 'PAPPT3', 'OMPDC', 'OPHBDC', 'PDH', 'PDX5PO2', 'PDX5PS', 'OPMEACPD', 'OPMEACPR', 'PE160abcpp', 'PE161abcpp', 'PGAMT', 'PGCD', 'PGI', 'PGK', 'PERD', 'PHETA1', 'PMDPHT', 'PMEACPE', 'PNTK', 'PItex', 'POR5', 'PPBNGS', 'PPCDC', 'PPNCL2', 'PPND', 'PPNDH', 'PPPGO3', 'PRAIi', 'PRAMPC', 'PRATPP', 'PRMICI', 'PSCVT', 'RNTR4c2', 'RPE', 'PSD160', 'PSD161', 'SADT2', 'SDPDS', 'SDPTA', 'PSERT', 'PSP_L', 'PSSA160', 'PSSA161', 'PTPATi', 'SHCHD2', 'SHCHF', 'SHK3Dr', 'SHKK', 'SHSL1', 'SO4t2pp', 'SO4tex', 'QULNS', 'THRD_L', 'SUCDi', 'SUCOAS', 'THZPSN3', 'RBFK', 'TKT2', 'RBFSa', 'SULR', 'TMDS', 'RBFSb', 'TMPPP', 'TDSK', 'THDPS', 'TRPAS2', 'TRPS3', 'TYRL', 'TYRTA', 'U23GAAT', 'UAAGDS', 'UAGAAT', 'USHD', 'UAGCVT', 'UAGDP', 'UAGPT3', 'UAMAGS', 'UAMAS', 'UAPGR', 'UDCPDP', 'UDCPDPS', 'RHCCE', 'Zn2tex', 'UGMDDS', 'UHGADA', 'UMPK', 'UPP3MT', 'UPP3S', 'UPPDC1', 'RNTR1c2', 'RNTR2c2', 'RNTR3c2']",RPI,TALA,260.3997810008037,1,421,355,147.0,28.709151681968038,iJO1366,PSL,True,True,-65.5095912255263,-230.309502619577,0.0,-16.2747746345896
231,"['DM_5drib_c', 'EX_colipa_e', 'BIOMASS_Ec_iJO1366_WT_53p95M', 'EX_colipap_e', 'EX_glyc_e', 'EX_glyclt_e', 'EX_gthrd_e', 'EX_his__L_e', 'EX_5mtr_e', 'EX_ile__L_e', 'EX_ins_e', 'EX_LalaDgluMdapDala_e', 'EX_kdo2lipid4_e', 'EX_leu__L_e', 'EX_lipa_e', 'EX_lipa_cold_e', 'EX_adn_e', 'EX_anhgm_e', 'EX_arg__L_e', 'EX_asn__L_e', 'EX_cytd_e', 'EX_cgly_e', 'EX_phe__L_e', 'EX_pheme_e', 'EX_pro__L_e', 'EX_val__L_e', 'EX_xan_e', '12DGR161tipp', '12DGR181tipp', 'EX_spmd_e', 'EX_thymd_e', 'EX_trp__L_e', 'EX_eca4colipa_e', 'EX_enlipa_e', '2AGPEAT160', '2AGPEAT161', '2AGPEAT181', 'EX_tyr__L_e', 'EX_uri_e', '5DOAN', '5MTRtex', '5MTRtpp', '3HAD160', '3HAD181', 'AACTOOR', 'AADDGT', 'EX_feenter_e', 'ACACT8r', 'ACALD', '3OAR160', '3OAR181', 'EX_g3pe_e', 'ACGAMT', '3OAS160', 'ACMAMUT', '3OAS181', '4PCP', '4PEPTabcpp', '4PEPTtex', 'ACOATA', 'AGM4PCPpp', 'AGMt2pp', 'AGPAT181', 'ADMDC', 'ADNK1', 'ALAGLUE', 'ADNtex', 'ALLTAMH', 'ALLTN', 'AGM4PApp', 'ASNN', 'AMPTASECG', 'ASNabcpp', 'ASNtex', 'ANHGMtex', 'ASPO3', 'AOBUTDs', 'ASPT', 'CGLYabcpp', 'CGLYtex', 'CA2t3pp', 'CLIPAabctex', 'CLPNH160pp', 'CLPNH161pp', 'CLPNH181pp', 'COLIPAKpp', 'COLIPAPabctex', 'COLIPAabctex', 'CPPPGO', 'CPPPGO2', 'CYTDtex', 'CTECOAI8', 'DAAD', 'DHBD', 'DHBSH', 'DHNAOT4', 'DHNCOAS', 'DHNCOAT', 'ARGabcpp', 'ARGtex', 'EAR160y', 'EAR181y', 'ECOAH8', 'EDTXS3', 'EDTXS4', 'ENLIPAabctex', 'ECA4COLIPAabctex', 'ENTERES2', 'ECA4OALpp', 'ECAP1pp', 'ECAP2pp', 'ECAP3pp', 'ECAtpp', 'ETHAAL', 'FCLT', 'FLDR2', 'FA140ACPHi', 'FA160ACPHi', 'FA161ACPHi', 'FACOAE140', 'FACOAE181', 'G1PTT', 'G1SAT', 'FACOAL160t2pp', 'G3PAT181', 'G3PEabcpp', 'FE2t2pp', 'G3PEtex', 'G3PT', 'GLCP', 'GLUTRR', 'GLUTRS', 'FE3Ri', 'GLYAT', 'GLYCL', 'GLYCLTDy', 'H2SO', 'GLYCLTt2rpp', 'GLYCLTtex', 'GLYCtex', 'GLYCtpp', 'GLYOX3', 'HACD8', 'HCYSMT', 'GMPR', 'GPDDA2', 'FEENTERabcpp', 'HISabcpp', 'FEENTERtonex', 'HIStex', 'HMBS', 'GTHRDtex', 'INStex', 'IPDPS', 'LIPAabctex', 'Kabcpp', 'ICHORS_copy1', 'ICHORT', 'LADGMDH', 'ILEabcpp', 'ILEtex', 'LALGP', 'INSK', 'LEUabcpp', 'LEUtex', 'LIPACabcpp', 'MACPD', 'LPLIPAL1E160pp', 'MG2uabcpp', 'MGSA', 'MDDCP1pp', 'MDDEP2pp', 'MLTGY1pp', 'MN2t3pp', 'MTAN', 'NTD2', 'URIC', 'NTD4', 'NTPP2', 'NTPP7', 'NTPP8', 'PA160abcpp', 'PA161abcpp', 'PA181abcpp', 'LPLIPAL2E160', 'LPLIPAL2E161', 'PAPA161', 'PAPA181', 'LPLIPAL2E181', 'PDX5PO2', 'PDX5POi', 'OPHHX', 'OPHHX3', 'PG160abcpp', 'PG161abcpp', 'PG181abcpp', 'PE181abcpp', 'PGMT', 'PETNT161pp', 'PETNT181pp', 'PGPP160', 'PGPP161', 'PGPP181', 'PGSA160', 'PGSA161', 'PGSA181', 'PHEMEabcpp', 'PLIPA2E160pp', 'PHEMEtiex', 'PHEt2rpp', 'PHEtex', 'PIuabcpp', 'POX', 'PPBNGS', 'PPPGO', 'PPPGO3', 'PPS', 'PROabcpp', 'PROtex', 'PSD181', 'SEPHCHCS', 'PSSA181', 'SERD_L', 'SHCHCS3', 'SO4t2pp', 'SPMDabcpp', 'SPMDtex', 'SPMS', 'THRA', 'SUCBZL', 'SUCBZS', 'SULabcpp', 'TMDK1', 'TDPADGAT', 'TDPAGTA', 'TDPGDH', 'THMDtex', 'TRPt2rpp', 'TRPtex', 'TYRt2rpp', 'TYRtex', 'UACMAMO', 'UAG2E', 'URItex', 'VALabcpp', 'VALtex', 'XAND', 'UDCPPtppi', 'XANtex', 'XANtpp', 'UGLYCH', 'UPP3S', 'UPPDC1', 'RNTR2c2']","[-7.578502169530989e-05, -2.9461311091863825e-06, -0.0022778786202377497, 1.7210495794195425e-05, -0.0008138662112144174, -0.0003061874771435909, 8.309998389257082e-06, 0.00027899324126461067, 7.578502169530993e-05, 0.0008555807652648184, 0.000717795200330329, 0.001093720322371314, -0.0003884612431210334, 0.0013267685731104763, -0.0004361782465239772, 0.00040269330712100135, 0.0006011617159629168, 0.00021560786812102346, 0.0008710797210287335, 0.0012910207839899601, 0.0003933434140890313, 0.0007842144615920477, 0.0005455873345938205, 9.976724181986752e-05, 0.0006509855043698195, 0.001247903647822568, 0.0003036662359143373, 0.0003999951767664473, 3.61830697575165e-05, 9.114703511019332e-05, 0.0001537471708843441, 0.00016739700221020393, 4.302623948548856e-06, 0.0004361782465239638, -7.879407382971933e-05, -0.00016247568703109752, -1.651109636444336e-05, 0.00040676180539384044, 0.00042387405710542225, -7.578502169530989e-05, -7.578502174965251e-05, 7.578502169530993e-05, -0.00014718588228163076, -7.774193305879409e-05, 6.324478977641767e-05, 1.7210495794195425e-05, 4.3772483353304105e-05, 3.3022192837961484e-05, -0.0001728654766566251, -0.00014718588226969587, -7.774193305879409e-05, 0.0012837706049041234, 1.7210495794195425e-05, -0.00014718588228163076, 1.7210495794195425e-05, -7.774193305879409e-05, -0.001010576341661016, -0.001010576341661016, -0.0010937203223875258, -0.00022501648584238865, -6.127493488439434e-06, -0.0001324638874107254, -3.8870966529397044e-05, 7.578502169530993e-05, -0.0006011617160042318, -0.0010105763416277114, -0.0006011617159629168, -0.0003036662359143373, -0.0003036662359143373, 8.314398071029806e-05, -0.0005811369865144356, -0.0007925244599813047, -0.0012910207839899601, -0.0012910207840377552, -0.00021560786808549892, -6.85764228619979e-06, 6.324478977641767e-05, 0.00024731873527780723, -0.0007925244599813047, -0.0007842144616461155, 1.5087512427416795e-05, 0.00040269330712100135, 6.706074657979935e-06, 5.216342040344446e-06, 2.687896771880545e-06, 1.7210495794195425e-05, 1.7210495794195425e-05, -2.151311974274428e-05, 0.00013613530557225897, -3.754712211701748e-05, -0.0003933434140890313, 3.3022192837961484e-05, -0.0005110652879238842, 0.00012979354926301312, -0.00012979354926297325, -1.0159338646260364e-06, -1.0159338646260364e-06, -1.0159338646260364e-06, -0.0008710797210287335, -0.0008710797210369492, -0.00014718588228163076, -7.774193305879409e-05, -3.3022192837961484e-05, 0.00040269330712100135, 0.00040269330712100135, 0.0004361782465239638, 4.302623948548856e-06, -4.3264516420991085e-05, 4.302623948548856e-06, 4.302623948548856e-06, 4.302623948548856e-06, 4.302623948548856e-06, 1.7210495794195425e-05, -0.000919948264312546, 9.858818345524149e-05, -0.0001705879481342207, -0.00025550742483934283, -0.00014718588228163076, -0.00032495137406219504, 0.00025550742483934283, -3.302219272888672e-05, 1.7210495794195425e-05, 0.0007833367361627097, 0.00021208296673263247, -3.8870966529397044e-05, -0.0011777291215378063, 9.642248233673948e-05, -0.0012837706049140252, -0.0008138662112144174, 0.0003512192708185979, 0.000783336736183428, 0.000783336736183428, -1.031644101493227e-05, 6.324478977148829e-05, 0.0006951546323540413, -0.0003036662359143373, -0.00013776496595208076, 0.00030618747712196637, 0.00030618747712196637, 0.0008138662111605299, -0.0008138662111605299, 8.752275668697559e-06, -3.3022192837961484e-05, 3.3800693511185824e-06, 0.0007171241088601152, -0.000919948264312546, -4.3772483353304105e-05, -0.00027899324126461067, -4.3772483353304105e-05, -0.0002789932412952112, 9.79170920229285e-05, -8.309998406730301e-06, -0.000717795200330329, -1.448026918433095e-05, -0.0004361782465239772, -0.0005657629604919393, 0.00012877761537311017, 0.00012979354926297325, -0.001010576341661016, -0.0008555807652648184, -0.000855580765232844, -0.001010576341661016, -0.0007177952002924981, -0.0013267685731104763, -0.0013267685731079837, 0.00040269330712100135, 0.00022501648584945244, 0.0001060414833663171, -2.514509475282067e-05, -5.4492514107720106e-05, 1.0163461000000859e-05, 1.3781165652438386e-06, 3.7741737455219276e-05, 2.0043106321164552e-06, 7.578502169530993e-05, 0.00042387405714172655, -0.0003036662359143373, 0.0003933434140890313, 0.0007171241088601152, 5.8432712380804275e-05, 0.00039012415698580494, -6.706074657979935e-06, -5.216342040344446e-06, -2.687896771880545e-06, 7.879407382971933e-05, 0.00016247568703109752, -0.0003999951767664473, -3.61830697575165e-05, 1.651109636444336e-05, -0.00020862326328231298, 0.00020795217185, 0.00020795217185, -0.00020862326328231298, -1.7849456868183006e-05, -1.3883670190349085e-05, -7.154816746166772e-06, 7.1469509853459e-06, 0.00033400877509848215, 0.0003999951767664473, 3.61830697575165e-05, -3.084931015387984e-05, -2.3995173385584454e-05, -1.2366603029270742e-05, -3.084931015387984e-05, -2.3995173385584458e-05, -1.2366603029270744e-05, 9.976724181986752e-05, 0.0001060414833663171, 9.976724181986752e-05, -0.0005455873346136286, -0.0005455873346136286, -0.000977662197783502, 3.0591090754268635e-05, 0.000391668368091714, 2.361236022961887e-05, 7.497582322562262e-05, -1.7347167383219286e-05, -0.0006509855043698195, -0.0006509855044214419, 1.236660302927074e-05, -1.0159338646260364e-06, 1.236660302927074e-05, 0.0008896252318799672, -1.0159338646260364e-06, -0.23594958710282693, -9.114703511019332e-05, -9.114703516388545e-05, 7.578502169530993e-05, 0.0007470827877104684, -1.0159338646260364e-06, -1.0159338646260364e-06, 0.2360747802945919, -0.0001537471708843441, 1.7210495794195425e-05, 1.7210495794195425e-05, 1.7210495794195425e-05, -0.0001537471708843441, -0.00016739700220114173, -0.00016739700220114173, -0.00040676180537957407, -0.00040676180537957407, 1.7210495794195425e-05, 1.7210495798281045e-05, -0.00042387405710542225, -0.001247903647822568, -0.001247903647822568, -0.0003036662359143373, 1.7210495794195425e-05, -0.00030366623593636177, -0.00030366623593636177, -0.0003036662359143373, 9.79170920229285e-05, 9.858818345524146e-05, -7.8103962721527e-05]","[7.578502169530989e-05, 2.9461311091863825e-06, 0.0022778786202377497, 1.7210495794195425e-05, 0.0008138662112144174, 0.0003061874771435909, 8.309998389257082e-06, 0.00027899324126461067, 7.578502169530993e-05, 0.0008555807652648184, 0.000717795200330329, 0.001093720322371314, 0.0003884612431210334, 0.0013267685731104763, 0.0004361782465239772, 0.00040269330712100135, 0.0006011617159629168, 0.00021560786812102346, 0.0008710797210287335, 0.0012910207839899601, 0.0003933434140890313, 0.0007842144615920477, 0.0005455873345938205, 9.976724181986752e-05, 0.0006509855043698195, 0.001247903647822568, 0.0003036662359143373, 0.0003999951767664473, 3.61830697575165e-05, 9.114703511019332e-05, 0.0001537471708843441, 0.00016739700221020393, 4.302623948548856e-06, 0.0004361782465239638, 7.879407382971933e-05, 0.00016247568703109752, 1.651109636444336e-05, 0.00040676180539384044, 0.00042387405710542225, 7.578502169530989e-05, 7.578502174965251e-05, 7.578502169530993e-05, 0.00014718588228163076, 7.774193305879409e-05, 6.324478977641767e-05, 1.7210495794195425e-05, 4.3772483353304105e-05, 3.3022192837961484e-05, 0.0001728654766566251, 0.00014718588226969587, 7.774193305879409e-05, 0.0012837706049041234, 1.7210495794195425e-05, 0.00014718588228163076, 1.7210495794195425e-05, 7.774193305879409e-05, 0.001010576341661016, 0.001010576341661016, 0.0010937203223875258, 0.00022501648584238865, 6.127493488439434e-06, 0.0001324638874107254, 3.8870966529397044e-05, 7.578502169530993e-05, 0.0006011617160042318, 0.0010105763416277114, 0.0006011617159629168, 0.0003036662359143373, 0.0003036662359143373, 8.314398071029806e-05, 0.0005811369865144356, 0.0007925244599813047, 0.0012910207839899601, 0.0012910207840377552, 0.00021560786808549892, 6.85764228619979e-06, 6.324478977641767e-05, 0.00024731873527780723, 0.0007925244599813047, 0.0007842144616461155, 1.5087512427416795e-05, 0.00040269330712100135, 6.706074657979935e-06, 5.216342040344446e-06, 2.687896771880545e-06, 1.7210495794195425e-05, 1.7210495794195425e-05, 2.151311974274428e-05, 0.00013613530557225897, 3.754712211701748e-05, 0.0003933434140890313, 3.3022192837961484e-05, 0.0005110652879238842, 0.00012979354926301312, 0.00012979354926297325, 1.0159338646260364e-06, 1.0159338646260364e-06, 1.0159338646260364e-06, 0.0008710797210287335, 0.0008710797210369492, 0.00014718588228163076, 7.774193305879409e-05, 3.3022192837961484e-05, 0.00040269330712100135, 0.00040269330712100135, 0.0004361782465239638, 4.302623948548856e-06, 4.3264516420991085e-05, 4.302623948548856e-06, 4.302623948548856e-06, 4.302623948548856e-06, 4.302623948548856e-06, 1.7210495794195425e-05, 0.000919948264312546, 9.858818345524149e-05, 0.0001705879481342207, 0.00025550742483934283, 0.00014718588228163076, 0.00032495137406219504, 0.00025550742483934283, 3.302219272888672e-05, 1.7210495794195425e-05, 0.0007833367361627097, 0.00021208296673263247, 3.8870966529397044e-05, 0.0011777291215378063, 9.642248233673948e-05, 0.0012837706049140252, 0.0008138662112144174, 0.0003512192708185979, 0.000783336736183428, 0.000783336736183428, 1.031644101493227e-05, 6.324478977148829e-05, 0.0006951546323540413, 0.0003036662359143373, 0.00013776496595208076, 0.00030618747712196637, 0.00030618747712196637, 0.0008138662111605299, 0.0008138662111605299, 8.752275668697559e-06, 3.3022192837961484e-05, 3.3800693511185824e-06, 0.0007171241088601152, 0.000919948264312546, 4.3772483353304105e-05, 0.00027899324126461067, 4.3772483353304105e-05, 0.0002789932412952112, 9.79170920229285e-05, 8.309998406730301e-06, 0.000717795200330329, 1.448026918433095e-05, 0.0004361782465239772, 0.0005657629604919393, 0.00012877761537311017, 0.00012979354926297325, 0.001010576341661016, 0.0008555807652648184, 0.000855580765232844, 0.001010576341661016, 0.0007177952002924981, 0.0013267685731104763, 0.0013267685731079837, 0.00040269330712100135, 0.00022501648584945244, 0.0001060414833663171, 2.514509475282067e-05, 5.4492514107720106e-05, 1.0163461000000859e-05, 1.3781165652438386e-06, 3.7741737455219276e-05, 2.0043106321164552e-06, 7.578502169530993e-05, 0.00042387405714172655, 0.0003036662359143373, 0.0003933434140890313, 0.0007171241088601152, 5.8432712380804275e-05, 0.00039012415698580494, 6.706074657979935e-06, 5.216342040344446e-06, 2.687896771880545e-06, 7.879407382971933e-05, 0.00016247568703109752, 0.0003999951767664473, 3.61830697575165e-05, 1.651109636444336e-05, 0.00020862326328231298, 0.00020795217185, 0.00020795217185, 0.00020862326328231298, 1.7849456868183006e-05, 1.3883670190349085e-05, 7.154816746166772e-06, 7.1469509853459e-06, 0.00033400877509848215, 0.0003999951767664473, 3.61830697575165e-05, 3.084931015387984e-05, 2.3995173385584454e-05, 1.2366603029270742e-05, 3.084931015387984e-05, 2.3995173385584458e-05, 1.2366603029270744e-05, 9.976724181986752e-05, 0.0001060414833663171, 9.976724181986752e-05, 0.0005455873346136286, 0.0005455873346136286, 0.000977662197783502, 3.0591090754268635e-05, 0.000391668368091714, 2.361236022961887e-05, 7.497582322562262e-05, 1.7347167383219286e-05, 0.0006509855043698195, 0.0006509855044214419, 1.236660302927074e-05, 1.0159338646260364e-06, 1.236660302927074e-05, 0.0008896252318799672, 1.0159338646260364e-06, 0.23594958710282693, 9.114703511019332e-05, 9.114703516388545e-05, 7.578502169530993e-05, 0.0007470827877104684, 1.0159338646260364e-06, 1.0159338646260364e-06, 0.2360747802945919, 0.0001537471708843441, 1.7210495794195425e-05, 1.7210495794195425e-05, 1.7210495794195425e-05, 0.0001537471708843441, 0.00016739700220114173, 0.00016739700220114173, 0.00040676180537957407, 0.00040676180537957407, 1.7210495794195425e-05, 1.7210495798281045e-05, 0.00042387405710542225, 0.001247903647822568, 0.001247903647822568, 0.0003036662359143373, 1.7210495794195425e-05, 0.00030366623593636177, 0.00030366623593636177, 0.0003036662359143373, 9.79170920229285e-05, 9.858818345524146e-05, 7.8103962721527e-05]","['EX_colipa_e', 'BIOMASS_Ec_iJO1366_WT_53p95M', 'EX_glyc_e', 'EX_glyclt_e', 'EX_kdo2lipid4_e', 'EX_lipa_e', '2AGPEAT160', '2AGPEAT161', '2AGPEAT181', '3HAD160', '3OAR160', '3OAS160', '4PCP', '4PEPTabcpp', 'AGM4PCPpp', 'ADNK1', 'ALAGLUE', 'ALLTAMH', 'ALLTN', 'ASNN', 'AMPTASECG', 'ASNabcpp', 'ASPO3', 'CGLYabcpp', 'COLIPAabctex', 'CPPPGO2', 'DAAD', 'DHBSH', 'DHNAOT4', 'DHNCOAS', 'DHNCOAT', 'ARGabcpp', 'EAR160y', 'EAR181y', 'ENTERES2', 'FLDR2', 'FA140ACPHi', 'FA160ACPHi', 'FA161ACPHi', 'FACOAE181', 'G3PAT181', 'G3PEabcpp', 'G3PT', 'FE3Ri', 'GLYCLTDy', 'H2SO', 'GLYCLTt2rpp', 'GLYCLTtex', 'GLYCtex', 'FEENTERabcpp', 'HISabcpp', 'FEENTERtonex', 'IPDPS', 'LIPAabctex', 'Kabcpp', 'LADGMDH', 'ILEabcpp', 'LALGP', 'INSK', 'LEUabcpp', 'MG2uabcpp', 'MGSA', 'URIC', 'PA160abcpp', 'PA161abcpp', 'PA181abcpp', 'PAPA161', 'PAPA181', 'PDX5PO2', 'OPHHX3', 'PG160abcpp', 'PG161abcpp', 'PG181abcpp', 'PGPP160', 'PGPP161', 'PGPP181', 'PIuabcpp', 'PPS', 'PROabcpp', 'SEPHCHCS', 'SHCHCS3', 'SO4t2pp', 'SPMDabcpp', 'SUCBZL', 'SUCBZS', 'TMDK1', 'VALabcpp', 'XAND', 'UGLYCH', 'RNTR2c2']","['EX_colipap_e', 'EX_gthrd_e', 'EX_his__L_e', 'EX_ile__L_e', 'EX_ins_e', 'EX_LalaDgluMdapDala_e', 'EX_leu__L_e', 'EX_lipa_cold_e', 'EX_adn_e', 'EX_anhgm_e', 'EX_arg__L_e', 'EX_asn__L_e', 'EX_cytd_e', 'EX_cgly_e', 'EX_phe__L_e', 'EX_pheme_e', 'EX_pro__L_e', 'EX_val__L_e', 'EX_xan_e', 'EX_spmd_e', 'EX_thymd_e', 'EX_trp__L_e', 'EX_eca4colipa_e', 'EX_enlipa_e', 'EX_tyr__L_e', 'EX_uri_e', 'AACTOOR', 'AADDGT', 'EX_g3pe_e', 'ACGAMT', 'ACMAMUT', '4PEPTtex', 'ACOATA', 'ADNtex', 'ASNtex', 'ANHGMtex', 'AOBUTDs', 'ASPT', 'CGLYtex', 'CA2t3pp', 'CLIPAabctex', 'CLPNH160pp', 'CLPNH161pp', 'CLPNH181pp', 'COLIPAKpp', 'COLIPAPabctex', 'CYTDtex', 'DHBD', 'ARGtex', 'EDTXS3', 'EDTXS4', 'ENLIPAabctex', 'ECA4COLIPAabctex', 'ECA4OALpp', 'ECAP1pp', 'ECAP2pp', 'ECAP3pp', 'ECAtpp', 'FE2t2pp', 'G3PEtex', 'GLCP', 'GLYAT', 'GLYCL', 'GLYOX3', 'HCYSMT', 'GMPR', 'HIStex', 'GTHRDtex', 'INStex', 'ICHORT', 'ILEtex', 'LEUtex', 'LIPACabcpp', 'MACPD', 'MDDCP1pp', 'MDDEP2pp', 'MLTGY1pp', 'MN2t3pp', 'NTD2', 'NTD4', 'NTPP2', 'NTPP7', 'NTPP8', 'LPLIPAL2E160', 'LPLIPAL2E161', 'LPLIPAL2E181', 'PDX5POi', 'OPHHX', 'PETNT161pp', 'PETNT181pp', 'PHEMEabcpp', 'PHEMEtiex', 'PHEt2rpp', 'PHEtex', 'POX', 'PPPGO', 'PROtex', 'SERD_L', 'SPMDtex', 'THRA', 'SULabcpp', 'TDPADGAT', 'TDPAGTA', 'THMDtex', 'TRPt2rpp', 'TRPtex', 'TYRt2rpp', 'TYRtex', 'UACMAMO', 'UAG2E', 'URItex', 'VALtex', 'UDCPPtppi', 'XANtex', 'XANtpp']","['DM_5drib_c', 'EX_5mtr_e', '12DGR161tipp', '12DGR181tipp', '5DOAN', '5MTRtex', '5MTRtpp', '3HAD181', 'EX_feenter_e', 'ACACT8r', 'ACALD', '3OAR181', '3OAS181', 'AGMt2pp', 'AGPAT181', 'ADMDC', 'AGM4PApp', 'CPPPGO', 'CTECOAI8', 'ECOAH8', 'ETHAAL', 'FCLT', 'FACOAE140', 'G1PTT', 'G1SAT', 'FACOAL160t2pp', 'GLUTRR', 'GLUTRS', 'GLYCtpp', 'HACD8', 'GPDDA2', 'HMBS', 'ICHORS_copy1', 'LPLIPAL1E160pp', 'MTAN', 'PE181abcpp', 'PGMT', 'PGSA160', 'PGSA161', 'PGSA181', 'PLIPA2E160pp', 'PPBNGS', 'PPPGO3', 'PSD181', 'PSSA181', 'SPMS', 'TDPGDH', 'UPP3S', 'UPPDC1']",SO4t2pp,SULabcpp,0.6640248304275854,1,254,49,-8.0,-0.01643130069202818,iJO1366,PSL,False,False,0.0,0.0,0.0,1.68788423340258
232,"['GRXR', 'GTHOr', 'PAPSR', 'PAPSR2', 'TRDR']","[0.2313271512863997, 0.23132715128645032, -0.2313271512863997, 0.2313271512863997, -0.2313271512863997]","[0.2313271512863997, 0.23132715128645032, 0.2313271512863997, 0.2313271512863997, 0.2313271512863997]","['PAPSR', 'TRDR']","['GRXR', 'GTHOr', 'PAPSR2']",[],TRDR,GRXR,1.1566357564319985,1,5,0,1.0,0.23132715128645032,iJO1366,PSL,False,False,0.0,0.0,0.0,0.0
233,"['GRXR', 'GTHOr', 'PAPSR', 'PAPSR2', 'TRDR']","[0.23132715128639997, 0.23132715128645032, -0.23132715128639997, 0.23132715128639997, -0.23132715128639997]","[0.23132715128639997, 0.23132715128645032, 0.23132715128639997, 0.23132715128639997, 0.23132715128639997]","['PAPSR', 'TRDR']","['GRXR', 'GTHOr', 'PAPSR2']",[],TRDR,GTHOr,1.1566357564319998,1,5,0,1.0,0.23132715128645032,iJO1366,PSL,False,False,0.0,0.0,0.0,0.0
234,"['GRXR', 'GTHOr', 'PAPSR', 'PAPSR2', 'TRDR']","[0.23132715128640055, 0.23132715128633663, -0.23132715128640058, 0.23132715128640058, -0.23132715128640058]","[0.23132715128640055, 0.23132715128633663, 0.23132715128640058, 0.23132715128640058, 0.23132715128640058]",['PAPSR2'],"['PAPSR', 'TRDR']","['GRXR', 'GTHOr']",TRDR,PAPSR2,1.156635756432003,1,5,2,1.0,0.23132715128633663,iJO1366,PSL,False,False,0.0,0.0,0.0,0.0
235,"['TRPS1', 'TRPS2', 'TRPS3']","[0.05304886901534999, -0.05304886901534999, -0.05304886901534999]","[0.05304886901534999, 0.05304886901534999, 0.05304886901534999]",['TRPS1'],"['TRPS2', 'TRPS3']",[],TRPS3,TRPS1,0.15914660704604996,1,3,0,-1.0,-0.05304886901534999,iJO1366,PSL,False,False,0.0,0.0,0.0,0.0
236,"['ALATA_L', 'VALTA', 'VPAMTr']","[-0.39491697324694996, 0.39491697324694996, 0.39491697324694996]","[0.39491697324694996, 0.39491697324694996, 0.39491697324694996]",['VALTA'],['VPAMTr'],['ALATA_L'],VALTA,VPAMTr,1.1847509197406998,1,3,1,-1.0,-0.39491697324694996,iJO1366,PSL,True,True,-1000.0,-999.979214896145,0.0,0.0
237,"['BIOMASS_Ec_iJO1366_WT_53p95M', 'EX_ile__L_e', 'EX_LalaDgluMdapDala_e', 'EX_leu__L_e', 'EX_adn_e', 'EX_arg__L_e', 'EX_asn__L_e', 'EX_cgly_e', 'EX_pro__L_e', 'EX_val__L_e', 'EX_uri_e', 'AACTOOR', '4PCP', '4PEPTabcpp', '4PEPTtex', 'ADNK1', 'ALAGLUE', 'ADNtex', 'ASNS1', 'AMPTASECG', 'ASNabcpp', 'ASNtex', 'AOBUTDs', 'CGLYabcpp', 'CGLYtex', 'CYSDS', 'DHBD', 'DHBSH', 'ARGabcpp', 'ARGtex', 'FA160ACPHi', 'H2SO', 'ICHORS_copy1', 'ICHORT', 'LADGMDH', 'ILEabcpp', 'ILEtex', 'LALGP', 'LEUabcpp', 'LEUtex', 'MGSA', 'NTD2', 'OPHHX3', 'PIuabcpp', 'PROabcpp', 'PROtex', 'THRD', 'URItex', 'VALabcpp', 'VALtex', 'ZN2tpp', 'ZNabcpp']","[-5.2468936513007895e-06, 1.4812295591193347e-06, 1.7135104414096853e-06, 2.296974608879157e-06, 1.0393101774752722e-06, 1.5080621732499466e-06, 2.370789694866824e-06, 1.9314568319162007e-06, 1.1270222625148207e-06, 2.1604608934443605e-06, 1.061622583620192e-06, 1.221612164752084e-06, -1.5688168551874011e-06, -1.5688168551874011e-06, -1.713510414447228e-06, -1.0393101220519414e-06, -1.7495661950306385e-06, -1.0393101774752722e-06, 1.1417993011353378e-06, -1.9314568319579424e-06, -2.370789694866824e-06, -2.370789729866374e-06, 1.221612164752084e-06, -1.9314568319579424e-06, -1.9314568362460705e-06, -1.4510932608093096e-06, 1.0476317129359813e-06, -1.0476317012213452e-06, -1.5080621732499466e-06, -1.5080621551533113e-06, -1.3696642322952313e-06, -1.4510932608093096e-06, 1.0452915830683196e-06, 1.0476317012213452e-06, -1.7495661942534824e-06, -1.4812295591193347e-06, -1.48122956034058e-06, -1.7495661942534824e-06, -2.296974608879157e-06, -2.2969745714362944e-06, -1.221612164752084e-06, 1.386342265064953e-06, -4.167734415694291e-06, -4.23560697981884e-06, -1.1270222625148207e-06, -1.1270223012616043e-06, 1.221612164752084e-06, -1.061622583620192e-06, -2.1604608934443605e-06, -2.160460894629068e-06, -0.00031824078544354296, 0.00031823908544999994]","[5.2468936513007895e-06, 1.4812295591193347e-06, 1.7135104414096853e-06, 2.296974608879157e-06, 1.0393101774752722e-06, 1.5080621732499466e-06, 2.370789694866824e-06, 1.9314568319162007e-06, 1.1270222625148207e-06, 2.1604608934443605e-06, 1.061622583620192e-06, 1.221612164752084e-06, 1.5688168551874011e-06, 1.5688168551874011e-06, 1.713510414447228e-06, 1.0393101220519414e-06, 1.7495661950306385e-06, 1.0393101774752722e-06, 1.1417993011353378e-06, 1.9314568319579424e-06, 2.370789694866824e-06, 2.370789729866374e-06, 1.221612164752084e-06, 1.9314568319579424e-06, 1.9314568362460705e-06, 1.4510932608093096e-06, 1.0476317129359813e-06, 1.0476317012213452e-06, 1.5080621732499466e-06, 1.5080621551533113e-06, 1.3696642322952313e-06, 1.4510932608093096e-06, 1.0452915830683196e-06, 1.0476317012213452e-06, 1.7495661942534824e-06, 1.4812295591193347e-06, 1.48122956034058e-06, 1.7495661942534824e-06, 2.296974608879157e-06, 2.2969745714362944e-06, 1.221612164752084e-06, 1.386342265064953e-06, 4.167734415694291e-06, 4.23560697981884e-06, 1.1270222625148207e-06, 1.1270223012616043e-06, 1.221612164752084e-06, 1.061622583620192e-06, 2.1604608934443605e-06, 2.160460894629068e-06, 0.00031824078544354296, 0.00031823908544999994]","['BIOMASS_Ec_iJO1366_WT_53p95M', '4PCP', '4PEPTabcpp', 'ADNK1', 'ALAGLUE', 'AMPTASECG', 'ASNabcpp', 'CGLYabcpp', 'CYSDS', 'DHBSH', 'ARGabcpp', 'FA160ACPHi', 'H2SO', 'LADGMDH', 'ILEabcpp', 'LALGP', 'LEUabcpp', 'MGSA', 'OPHHX3', 'PIuabcpp', 'PROabcpp', 'VALabcpp', 'ZN2tpp']","['EX_ile__L_e', 'EX_LalaDgluMdapDala_e', 'EX_leu__L_e', 'EX_adn_e', 'EX_arg__L_e', 'EX_asn__L_e', 'EX_cgly_e', 'EX_pro__L_e', 'EX_val__L_e', 'EX_uri_e', 'AACTOOR', '4PEPTtex', 'ADNtex', 'ASNS1', 'ASNtex', 'AOBUTDs', 'CGLYtex', 'DHBD', 'ARGtex', 'ICHORT', 'ILEtex', 'LEUtex', 'PROtex', 'THRD', 'URItex', 'VALtex', 'ZNabcpp']","['ICHORS_copy1', 'NTD2']",ZN2tpp,ZNabcpp,0.0008666483466199103,1,52,2,-14.0,-3.509259187249689e-05,iJO1366,PSL,False,False,0.0,0.0,0.0,0.0
238,"['FLDR2', 'NDPK8', 'TRDR', 'RNDR1', 'RNTR1c2']","[-0.024419483606538686, 0.02441948360672086, 0.024419483606699988, 0.024419483606699995, -0.024419483606699995]","[0.024419483606538686, 0.02441948360672086, 0.024419483606699988, 0.024419483606699995, 0.024419483606699995]","['FLDR2', 'RNTR1c2']","['NDPK8', 'RNDR1']",['TRDR'],RNTR1c2,NDPK8,0.12209741803333865,1,5,1,1.0,0.02441948360688216,iJO1366,PSL,False,True,0.0,-74.4064072655005,0.0,0.0
240,"['FLDR2', 'NDPK7', 'NDPK3', 'TRDR', 'RNDR3', 'RNTR3c2']","[-0.025213681441572378, 0.02521368144164171, -0.025213681441755398, 0.025213681441649996, 0.025213681441649982, -0.025213681441649996]","[0.025213681441572378, 0.02521368144164171, 0.025213681441755398, 0.025213681441649996, 0.025213681441649982, 0.025213681441649996]","['FLDR2', 'RNTR3c2']","['NDPK7', 'RNDR3']","['NDPK3', 'TRDR']",RNTR3c2,NDPK7,0.15128208864982234,1,6,2,0.0,-3.608224830031759e-14,iJO1366,PSL,False,True,0.0,-47.7535960484835,-0.364409841559223,0.0
242,"['DMPPS', 'IPDDI', 'IPDPS']","[0.002229540103050015, -0.0022295401030305584, -0.002229540103050015]","[0.002229540103050015, 0.0022295401030305584, 0.002229540103050015]",['IPDPS'],['DMPPS'],['IPDDI'],IPDPS,DMPPS,0.006688620309150045,1,3,1,-1.0,-0.0022295401030305584,iJO1366,PSL,False,False,0.0,0.0,0.0,0.0
256,"['PPM', 'PRPPS', 'R15BPK', 'R1PK']","[-0.8712518234841582, -0.8712518234833624, 0.8712518234833591, 0.8712518234833591]","[0.8712518234841582, 0.8712518234833624, 0.8712518234833591, 0.8712518234833591]",['PRPPS'],['PPM'],"['R15BPK', 'R1PK']",PRPPS,PPM,4.356259117416813,1,4,2,-0.0,8.024692021990631e-13,iJO1366,PSL,True,True,-999.95414493558,-1000.0,0.0,0.0
267,"['ALATA_L', 'VALTA', 'VPAMTr']","[-0.9374688845690997, 0.9374688845690999, 0.9374688845690999]","[0.9374688845690997, 0.9374688845690999, 0.9374688845690999]",['VALTA'],['ALATA_L'],['VPAMTr'],VALTA,ALATA_L,2.8124066537072996,1,3,1,-1.0,-0.9374688845691002,iJO1366,PSL,True,True,-1000.0,-1000.0,0.0,0.0
0,"['ALATA_L', 'VALTA', 'VPAMTr']","[0.4847616703445999, -0.4847616703446, -0.48476167034459994]","[0.4847616703445999, 0.4847616703446, 0.48476167034459994]",['ALATA_L'],['VPAMTr'],['VALTA'],ALATA_L,VPAMTr,1.4542850110337997,1,3,1,1.0,0.48476167034460005,iML1515,PSL,True,True,-1000.0,-999.981444409774,-0.51027556723102,0.0
1,"['CPPPGO', 'HCYSMT', 'RHCCE', 'AHCYSNS', 'CPPPGO2', '5DOAN', 'DM_5drib_c', 'MTHTHFSs', 'DHPTDCs2', 'DM_mththf_c']","[-0.00018579181444999997, -0.00037158363092066834, -0.0003715836309206414, -0.0003715836309206414, 0.00018579181445001338, 0.00037158363029881903, 0.00037158363029881903, -0.0003715836309206414, -0.0003715836309206414, -0.0003715836309206414]","[0.00018579181444999997, 0.00037158363092066834, 0.0003715836309206414, 0.0003715836309206414, 0.00018579181445001338, 0.00037158363029881903, 0.00037158363029881903, 0.0003715836309206414, 0.0003715836309206414, 0.0003715836309206414]",['CPPPGO2'],"['CPPPGO', 'HCYSMT', 'MTHTHFSs', 'DHPTDCs2', 'DM_mththf_c']","['RHCCE', 'AHCYSNS', '5DOAN', 'DM_5drib_c']",CPPPGO,CPPPGO2,0.0039016280982659642,1,10,4,-4.0,-0.001486334524926224,iML1515,PSL,False,False,0.0,0.0,0.034125715607729,0.0
2,"['ALATA_L', 'VALTA', 'VPAMTr']","[-0.35255621428825634, 0.35255621428825634, 0.35255621428825634]","[0.35255621428825634, 0.35255621428825634, 0.35255621428825634]",['VALTA'],['VPAMTr'],['ALATA_L'],VALTA,VPAMTr,1.0576686428648998,1,3,1,-1.0,-0.35255621428825634,iML1515,PSL,True,True,-1000.0,-999.981444409774,-0.254793123710215,0.0
3,"['XPPT', 'HXPRT', 'IMPD', 'HXAND']","[0.20264471500036096, -0.20264471500053283, -0.20264471500036096, 0.20264471500036096]","[0.20264471500036096, 0.20264471500053283, 0.20264471500036096, 0.20264471500036096]","['HXPRT', 'IMPD']","['XPPT', 'HXAND']",[],IMPD,XPPT,0.8105788600016157,1,4,0,0.0,-1.7186252421197423e-13,iML1515,PSL,False,False,0.0,0.0,0.0,0.0
4,"['XPPT', 'HXPRT', 'IMPD', 'HXAND']","[0.20264471500013315, -0.20264471500013315, -0.20264471500013315, 0.20264471500013315]","[0.20264471500013315, 0.20264471500013315, 0.20264471500013315, 0.20264471500013315]","['HXPRT', 'IMPD']","['XPPT', 'HXAND']",[],IMPD,HXAND,0.8105788600005326,1,4,0,0.0,0.0,iML1515,PSL,False,False,0.0,0.0,0.0,0.0
5,"['ECOAH4', 'MACPD', 'HACD4', 'ACOATA', 'ACACT4r', 'AACPS8', 'AACPS9', 'FACOAE100', 'FACOAE80', 'FADRx2', 'EAR100x', '3OAS100', '3OAR100', '3HAD100', 'ACOAD4f']","[-0.2965004077419999, -0.2965004077422317, -0.2965004077419999, 0.2965004077422317, -0.2965004077419999, -0.29650040773878944, 0.2965004077420893, -0.2965004077420701, 0.2965004077420893, -0.29650040774184006, 0.2965004077420897, 0.2965004077420897, 0.2965004077420897, 0.2965004077420897, 0.2965004077419999]","[0.2965004077419999, 0.2965004077422317, 0.2965004077419999, 0.2965004077422317, 0.2965004077419999, 0.29650040773878944, 0.2965004077420893, 0.2965004077420701, 0.2965004077420893, 0.29650040774184006, 0.2965004077420897, 0.2965004077420897, 0.2965004077420897, 0.2965004077420897, 0.2965004077419999]","['AACPS9', 'FACOAE80', 'EAR100x', '3OAS100', '3OAR100', '3HAD100']","['ECOAH4', 'MACPD', 'HACD4', 'ACOATA', 'ACACT4r', 'FACOAE100', 'FADRx2', 'ACOAD4f']",['AACPS8'],ECOAH4,3OAS100,4.44750611612691,1,15,1,-1.0,-0.29650040774583786,iML1515,PSL,True,False,-17.5497314360529,0.0,0.0002438052256106,0.0
6,"['ECOAH4', 'MACPD', 'HACD4', 'ACOATA', 'ACACT4r', 'AACPS8', 'AACPS9', 'FACOAE100', 'FACOAE80', 'FADRx2', 'EAR100x', '3OAS100', '3OAR100', '3HAD100', 'ACOAD4f']","[-0.2965004077419999, -0.2965004077422317, -0.2965004077419999, 0.2965004077422317, -0.2965004077419999, -0.29650040773878944, 0.2965004077420893, -0.2965004077420701, 0.2965004077420893, -0.29650040774184006, 0.2965004077420897, 0.2965004077420897, 0.2965004077420897, 0.2965004077420897, 0.2965004077419999]","[0.2965004077419999, 0.2965004077422317, 0.2965004077419999, 0.2965004077422317, 0.2965004077419999, 0.29650040773878944, 0.2965004077420893, 0.2965004077420701, 0.2965004077420893, 0.29650040774184006, 0.2965004077420897, 0.2965004077420897, 0.2965004077420897, 0.2965004077420897, 0.2965004077419999]","['AACPS9', 'FACOAE80', 'EAR100x', '3OAS100', '3OAR100', '3HAD100']","['ECOAH4', 'MACPD', 'HACD4', 'ACOATA', 'ACACT4r', 'FACOAE100', 'FADRx2', 'ACOAD4f']",['AACPS8'],ECOAH4,3OAR100,4.44750611612691,1,15,1,-1.0,-0.29650040774583786,iML1515,PSL,True,False,-17.5497314360529,0.0,0.0002438052256106,6.25686752569637
7,"['ECOAH4', 'MACPD', 'HACD4', 'ACOATA', 'ACACT4r', 'AACPS8', 'AACPS9', 'FACOAE100', 'FACOAE80', 'FADRx2', 'EAR100x', '3OAS100', '3OAR100', '3HAD100', 'ACOAD4f']","[-0.2965004077419999, -0.2965004077422317, -0.2965004077419999, 0.2965004077422317, -0.2965004077419999, -0.29650040773878944, 0.2965004077420893, -0.2965004077420701, 0.2965004077420893, -0.29650040774184006, 0.2965004077420897, 0.2965004077420897, 0.2965004077420897, 0.2965004077420897, 0.2965004077419999]","[0.2965004077419999, 0.2965004077422317, 0.2965004077419999, 0.2965004077422317, 0.2965004077419999, 0.29650040773878944, 0.2965004077420893, 0.2965004077420701, 0.2965004077420893, 0.29650040774184006, 0.2965004077420897, 0.2965004077420897, 0.2965004077420897, 0.2965004077420897, 0.2965004077419999]","['AACPS9', 'FACOAE80', 'EAR100x', '3OAS100', '3OAR100', '3HAD100']","['ECOAH4', 'MACPD', 'HACD4', 'ACOATA', 'ACACT4r', 'FACOAE100', 'FADRx2', 'ACOAD4f']",['AACPS8'],ECOAH4,3HAD100,4.44750611612691,1,15,1,-1.0,-0.29650040774583786,iML1515,PSL,True,False,-17.5497314360529,0.0,0.0002438052256106,0.0
8,"['ECOAH1', 'ECOAH2', 'ECOAH3', 'MACPD', 'ACOATA', 'ACACT2r', 'ACACT3r', 'HACD1', 'HACD2', 'HACD3', 'ACACT1r', 'KAS15', 'FACOAE80', '3HAD80', 'FADRx2', '3HAD40', '3OAS60', '3OAR60', '3OAR80', '3OAS80', '3OAR40', '3HAD60', 'EAR40x', 'EAR60x', 'EAR80x', 'ACOAD3f', 'ACOAD2f', 'FA80ACPHi', 'ACOAD1fr']","[-0.2965004077419735, -0.2965004077419735, -0.2965004077419735, -0.8895012232322164, 0.8895012232321733, -0.2965004077419735, -0.2965004077419735, -0.2965004077419735, -0.2965004077419735, -0.2965004077419735, -0.2965004077419735, 0.2965004077419999, -0.29650040774199987, 0.2965004077419999, -0.8895012231648096, 0.2965004077419999, 0.2965004077419999, 0.2965004077419735, 0.2965004077419735, 0.2965004077419999, 0.2965004077419735, 0.2965004077419999, 0.2965004077419999, 0.2965004077419999, 0.2965004077419999, 0.2965004077419735, 0.2965004077419735, 0.2965004077576623, -0.29650040774199987]","[0.2965004077419735, 0.2965004077419735, 0.2965004077419735, 0.8895012232322164, 0.8895012232321733, 0.2965004077419735, 0.2965004077419735, 0.2965004077419735, 0.2965004077419735, 0.2965004077419735, 0.2965004077419735, 0.2965004077419999, 0.29650040774199987, 0.2965004077419999, 0.8895012231648096, 0.2965004077419999, 0.2965004077419999, 0.2965004077419735, 0.2965004077419735, 0.2965004077419999, 0.2965004077419735, 0.2965004077419999, 0.2965004077419999, 0.2965004077419999, 0.2965004077419999, 0.2965004077419735, 0.2965004077419735, 0.2965004077576623, 0.29650040774199987]","['KAS15', '3HAD80', '3HAD40', '3OAS60', '3OAR60', '3OAR80', '3OAS80', '3OAR40', '3HAD60', 'EAR40x', 'EAR60x', 'EAR80x', 'FA80ACPHi']","['ECOAH1', 'ECOAH2', 'ECOAH3', 'MACPD', 'ACOATA', 'ACACT2r', 'ACACT3r', 'HACD1', 'HACD2', 'HACD3', 'ACACT1r', 'FACOAE80', 'FADRx2', 'ACOAD3f', 'ACOAD2f', 'ACOAD1fr']",[],ECOAH1,3HAD80,10.37751427097,1,29,0,-3.0,-0.2965004078189151,iML1515,PSL,True,False,-9.78604669763502,0.0,0.0,0.0
9,"['ECOAH1', 'ECOAH2', 'ECOAH3', 'MACPD', 'ACOATA', 'ACACT2r', 'ACACT3r', 'HACD1', 'HACD2', 'HACD3', 'ACACT1r', 'KAS15', 'FACOAE80', '3HAD80', 'FADRx2', '3HAD40', '3OAS60', '3OAR60', '3OAR80', '3OAS80', '3OAR40', '3HAD60', 'EAR40x', 'EAR60x', 'EAR80x', 'ACOAD3f', 'ACOAD2f', 'FA80ACPHi', 'ACOAD1fr']","[-0.2965004077419735, -0.2965004077419735, -0.2965004077419735, -0.8895012232322164, 0.8895012232321733, -0.2965004077419735, -0.2965004077419735, -0.2965004077419735, -0.2965004077419735, -0.2965004077419735, -0.2965004077419735, 0.2965004077419999, -0.29650040774199987, 0.2965004077419999, -0.8895012231648096, 0.2965004077419999, 0.2965004077419999, 0.2965004077419735, 0.2965004077419735, 0.2965004077419999, 0.2965004077419735, 0.2965004077419999, 0.2965004077419999, 0.2965004077419999, 0.2965004077419999, 0.2965004077419735, 0.2965004077419735, 0.2965004077576623, -0.29650040774199987]","[0.2965004077419735, 0.2965004077419735, 0.2965004077419735, 0.8895012232322164, 0.8895012232321733, 0.2965004077419735, 0.2965004077419735, 0.2965004077419735, 0.2965004077419735, 0.2965004077419735, 0.2965004077419735, 0.2965004077419999, 0.29650040774199987, 0.2965004077419999, 0.8895012231648096, 0.2965004077419999, 0.2965004077419999, 0.2965004077419735, 0.2965004077419735, 0.2965004077419999, 0.2965004077419735, 0.2965004077419999, 0.2965004077419999, 0.2965004077419999, 0.2965004077419999, 0.2965004077419735, 0.2965004077419735, 0.2965004077576623, 0.29650040774199987]","['KAS15', '3HAD80', '3HAD40', '3OAS60', '3OAR60', '3OAR80', '3OAS80', '3OAR40', '3HAD60', 'EAR40x', 'EAR60x', 'EAR80x', 'FA80ACPHi']","['ECOAH1', 'ECOAH2', 'ECOAH3', 'MACPD', 'ACOATA', 'ACACT2r', 'ACACT3r', 'HACD1', 'HACD2', 'HACD3', 'ACACT1r', 'FACOAE80', 'FADRx2', 'ACOAD3f', 'ACOAD2f', 'ACOAD1fr']",[],ECOAH1,3HAD40,10.37751427097,1,29,0,-3.0,-0.2965004078189151,iML1515,PSL,True,False,-9.78604669763502,0.0,0.0,0.0
10,"['ECOAH1', 'ECOAH2', 'ECOAH3', 'MACPD', 'ACOATA', 'ACACT2r', 'ACACT3r', 'HACD1', 'HACD2', 'HACD3', 'ACACT1r', 'KAS15', 'FACOAE80', '3HAD80', 'FADRx2', '3HAD40', '3OAS60', '3OAR60', '3OAR80', '3OAS80', '3OAR40', '3HAD60', 'EAR40x', 'EAR60x', 'EAR80x', 'ACOAD3f', 'ACOAD2f', 'FA80ACPHi', 'ACOAD1fr']","[-0.2965004077419735, -0.2965004077419735, -0.2965004077419735, -0.8895012232322164, 0.8895012232321733, -0.2965004077419735, -0.2965004077419735, -0.2965004077419735, -0.2965004077419735, -0.2965004077419735, -0.2965004077419735, 0.2965004077419999, -0.29650040774199987, 0.2965004077419999, -0.8895012231648096, 0.2965004077419999, 0.2965004077419999, 0.2965004077419735, 0.2965004077419735, 0.2965004077419999, 0.2965004077419735, 0.2965004077419999, 0.2965004077419999, 0.2965004077419999, 0.2965004077419999, 0.2965004077419735, 0.2965004077419735, 0.2965004077576623, -0.29650040774199987]","[0.2965004077419735, 0.2965004077419735, 0.2965004077419735, 0.8895012232322164, 0.8895012232321733, 0.2965004077419735, 0.2965004077419735, 0.2965004077419735, 0.2965004077419735, 0.2965004077419735, 0.2965004077419735, 0.2965004077419999, 0.29650040774199987, 0.2965004077419999, 0.8895012231648096, 0.2965004077419999, 0.2965004077419999, 0.2965004077419735, 0.2965004077419735, 0.2965004077419999, 0.2965004077419735, 0.2965004077419999, 0.2965004077419999, 0.2965004077419999, 0.2965004077419999, 0.2965004077419735, 0.2965004077419735, 0.2965004077576623, 0.29650040774199987]","['KAS15', '3HAD80', '3HAD40', '3OAS60', '3OAR60', '3OAR80', '3OAS80', '3OAR40', '3HAD60', 'EAR40x', 'EAR60x', 'EAR80x', 'FA80ACPHi']","['ECOAH1', 'ECOAH2', 'ECOAH3', 'MACPD', 'ACOATA', 'ACACT2r', 'ACACT3r', 'HACD1', 'HACD2', 'HACD3', 'ACACT1r', 'FACOAE80', 'FADRx2', 'ACOAD3f', 'ACOAD2f', 'ACOAD1fr']",[],ECOAH1,3OAS60,10.37751427097,1,29,0,-3.0,-0.2965004078189151,iML1515,PSL,True,False,-9.78604669763502,0.0,0.0,0.0
11,"['ECOAH1', 'ECOAH2', 'ECOAH3', 'MACPD', 'ACOATA', 'ACACT2r', 'ACACT3r', 'HACD1', 'HACD2', 'HACD3', 'ACACT1r', 'KAS15', 'FACOAE80', '3HAD80', 'FADRx2', '3HAD40', '3OAS60', '3OAR60', '3OAR80', '3OAS80', '3OAR40', '3HAD60', 'EAR40x', 'EAR60x', 'EAR80x', 'ACOAD3f', 'ACOAD2f', 'FA80ACPHi', 'ACOAD1fr']","[-0.2965004077419735, -0.2965004077419735, -0.2965004077419735, -0.8895012232322164, 0.8895012232321733, -0.2965004077419735, -0.2965004077419735, -0.2965004077419735, -0.2965004077419735, -0.2965004077419735, -0.2965004077419735, 0.2965004077419999, -0.29650040774199987, 0.2965004077419999, -0.8895012231648096, 0.2965004077419999, 0.2965004077419999, 0.2965004077419735, 0.2965004077419735, 0.2965004077419999, 0.2965004077419735, 0.2965004077419999, 0.2965004077419999, 0.2965004077419999, 0.2965004077419999, 0.2965004077419735, 0.2965004077419735, 0.2965004077576623, -0.29650040774199987]","[0.2965004077419735, 0.2965004077419735, 0.2965004077419735, 0.8895012232322164, 0.8895012232321733, 0.2965004077419735, 0.2965004077419735, 0.2965004077419735, 0.2965004077419735, 0.2965004077419735, 0.2965004077419735, 0.2965004077419999, 0.29650040774199987, 0.2965004077419999, 0.8895012231648096, 0.2965004077419999, 0.2965004077419999, 0.2965004077419735, 0.2965004077419735, 0.2965004077419999, 0.2965004077419735, 0.2965004077419999, 0.2965004077419999, 0.2965004077419999, 0.2965004077419999, 0.2965004077419735, 0.2965004077419735, 0.2965004077576623, 0.29650040774199987]","['KAS15', '3HAD80', '3HAD40', '3OAS60', '3OAR60', '3OAR80', '3OAS80', '3OAR40', '3HAD60', 'EAR40x', 'EAR60x', 'EAR80x', 'FA80ACPHi']","['ECOAH1', 'ECOAH2', 'ECOAH3', 'MACPD', 'ACOATA', 'ACACT2r', 'ACACT3r', 'HACD1', 'HACD2', 'HACD3', 'ACACT1r', 'FACOAE80', 'FADRx2', 'ACOAD3f', 'ACOAD2f', 'ACOAD1fr']",[],ECOAH1,3OAR60,10.37751427097,1,29,0,-3.0,-0.2965004078189151,iML1515,PSL,True,False,-9.78604669763502,0.0,0.0,0.0
12,"['ECOAH1', 'ECOAH2', 'ECOAH3', 'MACPD', 'ACOATA', 'ACACT2r', 'ACACT3r', 'HACD1', 'HACD2', 'HACD3', 'ACACT1r', 'KAS15', 'FACOAE80', '3HAD80', 'FADRx2', '3HAD40', '3OAS60', '3OAR60', '3OAR80', '3OAS80', '3OAR40', '3HAD60', 'EAR40x', 'EAR60x', 'EAR80x', 'ACOAD3f', 'ACOAD2f', 'FA80ACPHi', 'ACOAD1fr']","[-0.2965004077419735, -0.2965004077419735, -0.2965004077419735, -0.8895012232322164, 0.8895012232321733, -0.2965004077419735, -0.2965004077419735, -0.2965004077419735, -0.2965004077419735, -0.2965004077419735, -0.2965004077419735, 0.2965004077419999, -0.29650040774199987, 0.2965004077419999, -0.8895012231648096, 0.2965004077419999, 0.2965004077419999, 0.2965004077419735, 0.2965004077419735, 0.2965004077419999, 0.2965004077419735, 0.2965004077419999, 0.2965004077419999, 0.2965004077419999, 0.2965004077419999, 0.2965004077419735, 0.2965004077419735, 0.2965004077576623, -0.29650040774199987]","[0.2965004077419735, 0.2965004077419735, 0.2965004077419735, 0.8895012232322164, 0.8895012232321733, 0.2965004077419735, 0.2965004077419735, 0.2965004077419735, 0.2965004077419735, 0.2965004077419735, 0.2965004077419735, 0.2965004077419999, 0.29650040774199987, 0.2965004077419999, 0.8895012231648096, 0.2965004077419999, 0.2965004077419999, 0.2965004077419735, 0.2965004077419735, 0.2965004077419999, 0.2965004077419735, 0.2965004077419999, 0.2965004077419999, 0.2965004077419999, 0.2965004077419999, 0.2965004077419735, 0.2965004077419735, 0.2965004077576623, 0.29650040774199987]","['KAS15', '3HAD80', '3HAD40', '3OAS60', '3OAR60', '3OAR80', '3OAS80', '3OAR40', '3HAD60', 'EAR40x', 'EAR60x', 'EAR80x', 'FA80ACPHi']","['ECOAH1', 'ECOAH2', 'ECOAH3', 'MACPD', 'ACOATA', 'ACACT2r', 'ACACT3r', 'HACD1', 'HACD2', 'HACD3', 'ACACT1r', 'FACOAE80', 'FADRx2', 'ACOAD3f', 'ACOAD2f', 'ACOAD1fr']",[],ECOAH1,3OAR80,10.37751427097,1,29,0,-3.0,-0.2965004078189151,iML1515,PSL,True,False,-9.78604669763502,0.0,0.0,0.0
13,"['ECOAH1', 'ECOAH2', 'ECOAH3', 'MACPD', 'ACOATA', 'ACACT2r', 'ACACT3r', 'HACD1', 'HACD2', 'HACD3', 'ACACT1r', 'KAS15', 'FACOAE80', '3HAD80', 'FADRx2', '3HAD40', '3OAS60', '3OAR60', '3OAR80', '3OAS80', '3OAR40', '3HAD60', 'EAR40x', 'EAR60x', 'EAR80x', 'ACOAD3f', 'ACOAD2f', 'FA80ACPHi', 'ACOAD1fr']","[-0.2965004077419735, -0.2965004077419735, -0.2965004077419735, -0.8895012232322164, 0.8895012232321733, -0.2965004077419735, -0.2965004077419735, -0.2965004077419735, -0.2965004077419735, -0.2965004077419735, -0.2965004077419735, 0.2965004077419999, -0.29650040774199987, 0.2965004077419999, -0.8895012231648096, 0.2965004077419999, 0.2965004077419999, 0.2965004077419735, 0.2965004077419735, 0.2965004077419999, 0.2965004077419735, 0.2965004077419999, 0.2965004077419999, 0.2965004077419999, 0.2965004077419999, 0.2965004077419735, 0.2965004077419735, 0.2965004077576623, -0.29650040774199987]","[0.2965004077419735, 0.2965004077419735, 0.2965004077419735, 0.8895012232322164, 0.8895012232321733, 0.2965004077419735, 0.2965004077419735, 0.2965004077419735, 0.2965004077419735, 0.2965004077419735, 0.2965004077419735, 0.2965004077419999, 0.29650040774199987, 0.2965004077419999, 0.8895012231648096, 0.2965004077419999, 0.2965004077419999, 0.2965004077419735, 0.2965004077419735, 0.2965004077419999, 0.2965004077419735, 0.2965004077419999, 0.2965004077419999, 0.2965004077419999, 0.2965004077419999, 0.2965004077419735, 0.2965004077419735, 0.2965004077576623, 0.29650040774199987]","['KAS15', '3HAD80', '3HAD40', '3OAS60', '3OAR60', '3OAR80', '3OAS80', '3OAR40', '3HAD60', 'EAR40x', 'EAR60x', 'EAR80x', 'FA80ACPHi']","['ECOAH1', 'ECOAH2', 'ECOAH3', 'MACPD', 'ACOATA', 'ACACT2r', 'ACACT3r', 'HACD1', 'HACD2', 'HACD3', 'ACACT1r', 'FACOAE80', 'FADRx2', 'ACOAD3f', 'ACOAD2f', 'ACOAD1fr']",[],ECOAH1,3OAS80,10.37751427097,1,29,0,-3.0,-0.2965004078189151,iML1515,PSL,True,False,-9.78604669763502,0.0,0.0,0.0
14,"['ECOAH4', 'ECOAH1', 'ECOAH2', 'ECOAH3', 'MACPD', 'HACD4', 'ACOATA', 'ACACT2r', 'ACACT3r', 'ACACT4r', 'HACD1', 'HACD2', 'HACD3', 'ACACT1r', 'KAS15', 'FACOAE100', '3HAD80', 'FADRx2', '3HAD40', '3OAS60', '3OAR60', '3OAR80', 'EAR100x', '3OAS80', '3OAS100', '3OAR40', '3OAR100', '3HAD60', '3HAD100', 'EAR40x', 'EAR60x', 'EAR80x', 'ACOAD3f', 'ACOAD2f', 'ACOAD4f', 'FA100ACPHi', 'ACOAD1f']","[-0.2965004077419735, -0.2965004077419735, -0.2965004077419735, -0.2965004077419735, -1.1860016309685637, -0.2965004077419735, 1.1860016309685761, -0.2965004077419735, -0.2965004077419735, -0.2965004077419735, -0.2965004077419735, -0.2965004077419735, -0.2965004077419735, -0.2965004077419735, 0.2965004077419634, -0.296500407741245, 0.2965004077419633, -1.1860016309649277, 0.2965004077419634, 0.2965004077419634, 0.2965004077419735, 0.2965004077419735, 0.2965004077419633, 0.2965004077419633, 0.2965004077419633, 0.2965004077419735, 0.2965004077419735, 0.2965004077419634, 0.2965004077419633, 0.2965004077419634, 0.2965004077419633, 0.2965004077419633, 0.2965004077419735, 0.2965004077419735, 0.2965004077419735, 0.296500407741245, 0.2965004077419714]","[0.2965004077419735, 0.2965004077419735, 0.2965004077419735, 0.2965004077419735, 1.1860016309685637, 0.2965004077419735, 1.1860016309685761, 0.2965004077419735, 0.2965004077419735, 0.2965004077419735, 0.2965004077419735, 0.2965004077419735, 0.2965004077419735, 0.2965004077419735, 0.2965004077419634, 0.296500407741245, 0.2965004077419633, 1.1860016309649277, 0.2965004077419634, 0.2965004077419634, 0.2965004077419735, 0.2965004077419735, 0.2965004077419633, 0.2965004077419633, 0.2965004077419633, 0.2965004077419735, 0.2965004077419735, 0.2965004077419634, 0.2965004077419633, 0.2965004077419634, 0.2965004077419633, 0.2965004077419633, 0.2965004077419735, 0.2965004077419735, 0.2965004077419735, 0.296500407741245, 0.2965004077419714]","['KAS15', '3HAD80', '3HAD40', '3OAS60', '3OAR60', '3OAR80', 'EAR100x', '3OAS80', '3OAS100', '3OAR40', '3OAR100', '3HAD60', '3HAD100', 'EAR40x', 'EAR60x', 'EAR80x', 'FA100ACPHi', 'ACOAD1f']","['ECOAH4', 'ECOAH1', 'ECOAH2', 'ECOAH3', 'MACPD', 'HACD4', 'ACOATA', 'ACACT2r', 'ACACT3r', 'ACACT4r', 'HACD1', 'HACD2', 'HACD3', 'ACACT1r', 'FACOAE100', 'FADRx2', 'ACOAD3f', 'ACOAD2f', 'ACOAD4f']",[],ECOAH1,3OAS100,13.639018756130952,1,37,0,-7.0,-1.1860016309707486,iML1515,PSL,True,False,-9.78604669763502,0.0,0.0,0.0
15,"['ECOAH1', 'ECOAH2', 'ECOAH3', 'MACPD', 'ACOATA', 'ACACT2r', 'ACACT3r', 'HACD1', 'HACD2', 'HACD3', 'ACACT1r', 'KAS15', 'FACOAE80', '3HAD80', 'FADRx2', '3HAD40', '3OAS60', '3OAR60', '3OAR80', '3OAS80', '3OAR40', '3HAD60', 'EAR40x', 'EAR60x', 'EAR80x', 'ACOAD3f', 'ACOAD2f', 'FA80ACPHi', 'ACOAD1fr']","[-0.2965004077419735, -0.2965004077419735, -0.2965004077419735, -0.8895012232322164, 0.8895012232321733, -0.2965004077419735, -0.2965004077419735, -0.2965004077419735, -0.2965004077419735, -0.2965004077419735, -0.2965004077419735, 0.2965004077419999, -0.29650040774199987, 0.2965004077419999, -0.8895012231648096, 0.2965004077419999, 0.2965004077419999, 0.2965004077419735, 0.2965004077419735, 0.2965004077419999, 0.2965004077419735, 0.2965004077419999, 0.2965004077419999, 0.2965004077419999, 0.2965004077419999, 0.2965004077419735, 0.2965004077419735, 0.2965004077576623, -0.29650040774199987]","[0.2965004077419735, 0.2965004077419735, 0.2965004077419735, 0.8895012232322164, 0.8895012232321733, 0.2965004077419735, 0.2965004077419735, 0.2965004077419735, 0.2965004077419735, 0.2965004077419735, 0.2965004077419735, 0.2965004077419999, 0.29650040774199987, 0.2965004077419999, 0.8895012231648096, 0.2965004077419999, 0.2965004077419999, 0.2965004077419735, 0.2965004077419735, 0.2965004077419999, 0.2965004077419735, 0.2965004077419999, 0.2965004077419999, 0.2965004077419999, 0.2965004077419999, 0.2965004077419735, 0.2965004077419735, 0.2965004077576623, 0.29650040774199987]","['KAS15', '3HAD80', '3HAD40', '3OAS60', '3OAR60', '3OAR80', '3OAS80', '3OAR40', '3HAD60', 'EAR40x', 'EAR60x', 'EAR80x', 'FA80ACPHi']","['ECOAH1', 'ECOAH2', 'ECOAH3', 'MACPD', 'ACOATA', 'ACACT2r', 'ACACT3r', 'HACD1', 'HACD2', 'HACD3', 'ACACT1r', 'FACOAE80', 'FADRx2', 'ACOAD3f', 'ACOAD2f', 'ACOAD1fr']",[],ECOAH1,3OAR40,10.37751427097,1,29,0,-3.0,-0.2965004078189151,iML1515,PSL,True,False,-9.78604669763502,0.0,0.0,0.0001955703788172
16,"['ECOAH4', 'ECOAH1', 'ECOAH2', 'ECOAH3', 'MACPD', 'HACD4', 'ACOATA', 'ACACT2r', 'ACACT3r', 'ACACT4r', 'HACD1', 'HACD2', 'HACD3', 'ACACT1r', 'KAS15', 'FACOAE100', '3HAD80', 'FADRx2', '3HAD40', '3OAS60', '3OAR60', '3OAR80', 'EAR100x', '3OAS80', '3OAS100', '3OAR40', '3OAR100', '3HAD60', '3HAD100', 'EAR40x', 'EAR60x', 'EAR80x', 'ACOAD3f', 'ACOAD2f', 'ACOAD4f', 'FA100ACPHi', 'ACOAD1f']","[-0.2965004077419735, -0.2965004077419735, -0.2965004077419735, -0.2965004077419735, -1.1860016309685637, -0.2965004077419735, 1.1860016309685761, -0.2965004077419735, -0.2965004077419735, -0.2965004077419735, -0.2965004077419735, -0.2965004077419735, -0.2965004077419735, -0.2965004077419735, 0.2965004077419634, -0.296500407741245, 0.2965004077419633, -1.1860016309649277, 0.2965004077419634, 0.2965004077419634, 0.2965004077419735, 0.2965004077419735, 0.2965004077419633, 0.2965004077419633, 0.2965004077419633, 0.2965004077419735, 0.2965004077419735, 0.2965004077419634, 0.2965004077419633, 0.2965004077419634, 0.2965004077419633, 0.2965004077419633, 0.2965004077419735, 0.2965004077419735, 0.2965004077419735, 0.296500407741245, 0.2965004077419714]","[0.2965004077419735, 0.2965004077419735, 0.2965004077419735, 0.2965004077419735, 1.1860016309685637, 0.2965004077419735, 1.1860016309685761, 0.2965004077419735, 0.2965004077419735, 0.2965004077419735, 0.2965004077419735, 0.2965004077419735, 0.2965004077419735, 0.2965004077419735, 0.2965004077419634, 0.296500407741245, 0.2965004077419633, 1.1860016309649277, 0.2965004077419634, 0.2965004077419634, 0.2965004077419735, 0.2965004077419735, 0.2965004077419633, 0.2965004077419633, 0.2965004077419633, 0.2965004077419735, 0.2965004077419735, 0.2965004077419634, 0.2965004077419633, 0.2965004077419634, 0.2965004077419633, 0.2965004077419633, 0.2965004077419735, 0.2965004077419735, 0.2965004077419735, 0.296500407741245, 0.2965004077419714]","['KAS15', '3HAD80', '3HAD40', '3OAS60', '3OAR60', '3OAR80', 'EAR100x', '3OAS80', '3OAS100', '3OAR40', '3OAR100', '3HAD60', '3HAD100', 'EAR40x', 'EAR60x', 'EAR80x', 'FA100ACPHi', 'ACOAD1f']","['ECOAH4', 'ECOAH1', 'ECOAH2', 'ECOAH3', 'MACPD', 'HACD4', 'ACOATA', 'ACACT2r', 'ACACT3r', 'ACACT4r', 'HACD1', 'HACD2', 'HACD3', 'ACACT1r', 'FACOAE100', 'FADRx2', 'ACOAD3f', 'ACOAD2f', 'ACOAD4f']",[],ECOAH1,3OAR100,13.639018756130952,1,37,0,-7.0,-1.1860016309707486,iML1515,PSL,True,False,-9.78604669763502,0.0,0.0,6.25686752569637
17,"['ECOAH1', 'ECOAH2', 'ECOAH3', 'MACPD', 'ACOATA', 'ACACT2r', 'ACACT3r', 'HACD1', 'HACD2', 'HACD3', 'ACACT1r', 'KAS15', 'FACOAE80', '3HAD80', 'FADRx2', '3HAD40', '3OAS60', '3OAR60', '3OAR80', '3OAS80', '3OAR40', '3HAD60', 'EAR40x', 'EAR60x', 'EAR80x', 'ACOAD3f', 'ACOAD2f', 'FA80ACPHi', 'ACOAD1fr']","[-0.2965004077419735, -0.2965004077419735, -0.2965004077419735, -0.8895012232322164, 0.8895012232321733, -0.2965004077419735, -0.2965004077419735, -0.2965004077419735, -0.2965004077419735, -0.2965004077419735, -0.2965004077419735, 0.2965004077419999, -0.29650040774199987, 0.2965004077419999, -0.8895012231648096, 0.2965004077419999, 0.2965004077419999, 0.2965004077419735, 0.2965004077419735, 0.2965004077419999, 0.2965004077419735, 0.2965004077419999, 0.2965004077419999, 0.2965004077419999, 0.2965004077419999, 0.2965004077419735, 0.2965004077419735, 0.2965004077576623, -0.29650040774199987]","[0.2965004077419735, 0.2965004077419735, 0.2965004077419735, 0.8895012232322164, 0.8895012232321733, 0.2965004077419735, 0.2965004077419735, 0.2965004077419735, 0.2965004077419735, 0.2965004077419735, 0.2965004077419735, 0.2965004077419999, 0.29650040774199987, 0.2965004077419999, 0.8895012231648096, 0.2965004077419999, 0.2965004077419999, 0.2965004077419735, 0.2965004077419735, 0.2965004077419999, 0.2965004077419735, 0.2965004077419999, 0.2965004077419999, 0.2965004077419999, 0.2965004077419999, 0.2965004077419735, 0.2965004077419735, 0.2965004077576623, 0.29650040774199987]","['KAS15', '3HAD80', '3HAD40', '3OAS60', '3OAR60', '3OAR80', '3OAS80', '3OAR40', '3HAD60', 'EAR40x', 'EAR60x', 'EAR80x', 'FA80ACPHi']","['ECOAH1', 'ECOAH2', 'ECOAH3', 'MACPD', 'ACOATA', 'ACACT2r', 'ACACT3r', 'HACD1', 'HACD2', 'HACD3', 'ACACT1r', 'FACOAE80', 'FADRx2', 'ACOAD3f', 'ACOAD2f', 'ACOAD1fr']",[],ECOAH1,3HAD60,10.37751427097,1,29,0,-3.0,-0.2965004078189151,iML1515,PSL,True,False,-9.78604669763502,0.0,0.0,0.0001955703788172
18,"['ECOAH4', 'ECOAH1', 'ECOAH2', 'ECOAH3', 'MACPD', 'HACD4', 'ACOATA', 'ACACT2r', 'ACACT3r', 'ACACT4r', 'HACD1', 'HACD2', 'HACD3', 'ACACT1r', 'KAS15', 'FACOAE100', '3HAD80', 'FADRx2', '3HAD40', '3OAS60', '3OAR60', '3OAR80', 'EAR100x', '3OAS80', '3OAS100', '3OAR40', '3OAR100', '3HAD60', '3HAD100', 'EAR40x', 'EAR60x', 'EAR80x', 'ACOAD3f', 'ACOAD2f', 'ACOAD4f', 'FA100ACPHi', 'ACOAD1f']","[-0.2965004077419735, -0.2965004077419735, -0.2965004077419735, -0.2965004077419735, -1.1860016309685637, -0.2965004077419735, 1.1860016309685761, -0.2965004077419735, -0.2965004077419735, -0.2965004077419735, -0.2965004077419735, -0.2965004077419735, -0.2965004077419735, -0.2965004077419735, 0.2965004077419634, -0.296500407741245, 0.2965004077419633, -1.1860016309649277, 0.2965004077419634, 0.2965004077419634, 0.2965004077419735, 0.2965004077419735, 0.2965004077419633, 0.2965004077419633, 0.2965004077419633, 0.2965004077419735, 0.2965004077419735, 0.2965004077419634, 0.2965004077419633, 0.2965004077419634, 0.2965004077419633, 0.2965004077419633, 0.2965004077419735, 0.2965004077419735, 0.2965004077419735, 0.296500407741245, 0.2965004077419714]","[0.2965004077419735, 0.2965004077419735, 0.2965004077419735, 0.2965004077419735, 1.1860016309685637, 0.2965004077419735, 1.1860016309685761, 0.2965004077419735, 0.2965004077419735, 0.2965004077419735, 0.2965004077419735, 0.2965004077419735, 0.2965004077419735, 0.2965004077419735, 0.2965004077419634, 0.296500407741245, 0.2965004077419633, 1.1860016309649277, 0.2965004077419634, 0.2965004077419634, 0.2965004077419735, 0.2965004077419735, 0.2965004077419633, 0.2965004077419633, 0.2965004077419633, 0.2965004077419735, 0.2965004077419735, 0.2965004077419634, 0.2965004077419633, 0.2965004077419634, 0.2965004077419633, 0.2965004077419633, 0.2965004077419735, 0.2965004077419735, 0.2965004077419735, 0.296500407741245, 0.2965004077419714]","['KAS15', '3HAD80', '3HAD40', '3OAS60', '3OAR60', '3OAR80', 'EAR100x', '3OAS80', '3OAS100', '3OAR40', '3OAR100', '3HAD60', '3HAD100', 'EAR40x', 'EAR60x', 'EAR80x', 'FA100ACPHi', 'ACOAD1f']","['ECOAH4', 'ECOAH1', 'ECOAH2', 'ECOAH3', 'MACPD', 'HACD4', 'ACOATA', 'ACACT2r', 'ACACT3r', 'ACACT4r', 'HACD1', 'HACD2', 'HACD3', 'ACACT1r', 'FACOAE100', 'FADRx2', 'ACOAD3f', 'ACOAD2f', 'ACOAD4f']",[],ECOAH1,3HAD100,13.639018756130952,1,37,0,-7.0,-1.1860016309707486,iML1515,PSL,True,False,-9.78604669763502,0.0,0.0,0.0
19,"['ECOAH1', 'ECOAH2', 'ECOAH3', 'MACPD', 'ACOATA', 'ACACT2r', 'ACACT3r', 'HACD1', 'HACD2', 'HACD3', 'ACACT1r', 'KAS15', 'FACOAE80', '3HAD80', 'FADRx2', '3HAD40', '3OAS60', '3OAR60', '3OAR80', '3OAS80', '3OAR40', '3HAD60', 'EAR40x', 'EAR60x', 'EAR80x', 'ACOAD3f', 'ACOAD2f', 'FA80ACPHi', 'ACOAD1fr']","[-0.2965004077419999, -0.2965004077419999, -0.2965004077419999, -0.8895012232272168, 0.8895012232272168, -0.2965004077419999, -0.2965004077419999, -0.2965004077419999, -0.2965004077419999, -0.2965004077419999, -0.2965004077419999, 0.2965004077419465, -0.2965004077419999, 0.2965004077419465, -0.8895012232259998, 0.2965004077419465, 0.2965004077419465, 0.2965004077419465, 0.2965004077419465, 0.2965004077419465, 0.2965004077419465, 0.2965004077419465, 0.2965004077419465, 0.2965004077419465, 0.2965004077419465, 0.2965004077419999, 0.2965004077419999, 0.29650040774163544, -0.2965004077419999]","[0.2965004077419999, 0.2965004077419999, 0.2965004077419999, 0.8895012232272168, 0.8895012232272168, 0.2965004077419999, 0.2965004077419999, 0.2965004077419999, 0.2965004077419999, 0.2965004077419999, 0.2965004077419999, 0.2965004077419465, 0.2965004077419999, 0.2965004077419465, 0.8895012232259998, 0.2965004077419465, 0.2965004077419465, 0.2965004077419465, 0.2965004077419465, 0.2965004077419465, 0.2965004077419465, 0.2965004077419465, 0.2965004077419465, 0.2965004077419465, 0.2965004077419465, 0.2965004077419999, 0.2965004077419999, 0.29650040774163544, 0.2965004077419999]","['KAS15', '3HAD80', '3HAD40', '3OAS60', '3OAR60', '3OAR80', '3OAS80', '3OAR40', '3HAD60', 'EAR40x', 'EAR60x', 'EAR80x', 'FA80ACPHi']","['ECOAH1', 'ECOAH2', 'ECOAH3', 'MACPD', 'ACOATA', 'ACACT2r', 'ACACT3r', 'HACD1', 'HACD2', 'HACD3', 'ACACT1r', 'FACOAE80', 'FADRx2', 'ACOAD3f', 'ACOAD2f', 'ACOAD1fr']",[],ECOAH2,3HAD80,10.377514270969812,1,29,0,-3.0,-0.2965004077409946,iML1515,PSL,True,False,-9.78604669763502,0.0,0.0,0.0
20,"['ECOAH1', 'ECOAH2', 'ECOAH3', 'MACPD', 'ACOATA', 'ACACT2r', 'ACACT3r', 'HACD1', 'HACD2', 'HACD3', 'ACACT1r', 'KAS15', 'FACOAE80', '3HAD80', 'FADRx2', '3HAD40', '3OAS60', '3OAR60', '3OAR80', '3OAS80', '3OAR40', '3HAD60', 'EAR40x', 'EAR60x', 'EAR80x', 'ACOAD3f', 'ACOAD2f', 'FA80ACPHi', 'ACOAD1fr']","[-0.2965004077419999, -0.2965004077419999, -0.2965004077419999, -0.8895012232272168, 0.8895012232272168, -0.2965004077419999, -0.2965004077419999, -0.2965004077419999, -0.2965004077419999, -0.2965004077419999, -0.2965004077419999, 0.2965004077419465, -0.2965004077419999, 0.2965004077419465, -0.8895012232259998, 0.2965004077419465, 0.2965004077419465, 0.2965004077419465, 0.2965004077419465, 0.2965004077419465, 0.2965004077419465, 0.2965004077419465, 0.2965004077419465, 0.2965004077419465, 0.2965004077419465, 0.2965004077419999, 0.2965004077419999, 0.29650040774163544, -0.2965004077419999]","[0.2965004077419999, 0.2965004077419999, 0.2965004077419999, 0.8895012232272168, 0.8895012232272168, 0.2965004077419999, 0.2965004077419999, 0.2965004077419999, 0.2965004077419999, 0.2965004077419999, 0.2965004077419999, 0.2965004077419465, 0.2965004077419999, 0.2965004077419465, 0.8895012232259998, 0.2965004077419465, 0.2965004077419465, 0.2965004077419465, 0.2965004077419465, 0.2965004077419465, 0.2965004077419465, 0.2965004077419465, 0.2965004077419465, 0.2965004077419465, 0.2965004077419465, 0.2965004077419999, 0.2965004077419999, 0.29650040774163544, 0.2965004077419999]","['KAS15', '3HAD80', '3HAD40', '3OAS60', '3OAR60', '3OAR80', '3OAS80', '3OAR40', '3HAD60', 'EAR40x', 'EAR60x', 'EAR80x', 'FA80ACPHi']","['ECOAH1', 'ECOAH2', 'ECOAH3', 'MACPD', 'ACOATA', 'ACACT2r', 'ACACT3r', 'HACD1', 'HACD2', 'HACD3', 'ACACT1r', 'FACOAE80', 'FADRx2', 'ACOAD3f', 'ACOAD2f', 'ACOAD1fr']",[],ECOAH2,3HAD40,10.377514270969812,1,29,0,-3.0,-0.2965004077409946,iML1515,PSL,True,False,-9.78604669763502,0.0,0.0,0.0
21,"['ECOAH1', 'ECOAH2', 'ECOAH3', 'MACPD', 'ACOATA', 'ACACT2r', 'ACACT3r', 'HACD1', 'HACD2', 'HACD3', 'ACACT1r', 'KAS15', 'FACOAE80', '3HAD80', 'FADRx2', '3HAD40', '3OAS60', '3OAR60', '3OAR80', '3OAS80', '3OAR40', '3HAD60', 'EAR40x', 'EAR60x', 'EAR80x', 'ACOAD3f', 'ACOAD2f', 'FA80ACPHi', 'ACOAD1fr']","[-0.2965004077419999, -0.2965004077419999, -0.2965004077419999, -0.8895012232272168, 0.8895012232272168, -0.2965004077419999, -0.2965004077419999, -0.2965004077419999, -0.2965004077419999, -0.2965004077419999, -0.2965004077419999, 0.2965004077419465, -0.2965004077419999, 0.2965004077419465, -0.8895012232259998, 0.2965004077419465, 0.2965004077419465, 0.2965004077419465, 0.2965004077419465, 0.2965004077419465, 0.2965004077419465, 0.2965004077419465, 0.2965004077419465, 0.2965004077419465, 0.2965004077419465, 0.2965004077419999, 0.2965004077419999, 0.29650040774163544, -0.2965004077419999]","[0.2965004077419999, 0.2965004077419999, 0.2965004077419999, 0.8895012232272168, 0.8895012232272168, 0.2965004077419999, 0.2965004077419999, 0.2965004077419999, 0.2965004077419999, 0.2965004077419999, 0.2965004077419999, 0.2965004077419465, 0.2965004077419999, 0.2965004077419465, 0.8895012232259998, 0.2965004077419465, 0.2965004077419465, 0.2965004077419465, 0.2965004077419465, 0.2965004077419465, 0.2965004077419465, 0.2965004077419465, 0.2965004077419465, 0.2965004077419465, 0.2965004077419465, 0.2965004077419999, 0.2965004077419999, 0.29650040774163544, 0.2965004077419999]","['KAS15', '3HAD80', '3HAD40', '3OAS60', '3OAR60', '3OAR80', '3OAS80', '3OAR40', '3HAD60', 'EAR40x', 'EAR60x', 'EAR80x', 'FA80ACPHi']","['ECOAH1', 'ECOAH2', 'ECOAH3', 'MACPD', 'ACOATA', 'ACACT2r', 'ACACT3r', 'HACD1', 'HACD2', 'HACD3', 'ACACT1r', 'FACOAE80', 'FADRx2', 'ACOAD3f', 'ACOAD2f', 'ACOAD1fr']",[],ECOAH2,3OAS60,10.377514270969812,1,29,0,-3.0,-0.2965004077409946,iML1515,PSL,True,False,-9.78604669763502,0.0,0.0,0.0
22,"['ECOAH1', 'ECOAH2', 'ECOAH3', 'MACPD', 'ACOATA', 'ACACT2r', 'ACACT3r', 'HACD1', 'HACD2', 'HACD3', 'ACACT1r', 'KAS15', 'FACOAE80', '3HAD80', 'FADRx2', '3HAD40', '3OAS60', '3OAR60', '3OAR80', '3OAS80', '3OAR40', '3HAD60', 'EAR40x', 'EAR60x', 'EAR80x', 'ACOAD3f', 'ACOAD2f', 'FA80ACPHi', 'ACOAD1fr']","[-0.2965004077419999, -0.2965004077419999, -0.2965004077419999, -0.8895012232272168, 0.8895012232272168, -0.2965004077419999, -0.2965004077419999, -0.2965004077419999, -0.2965004077419999, -0.2965004077419999, -0.2965004077419999, 0.2965004077419465, -0.2965004077419999, 0.2965004077419465, -0.8895012232259998, 0.2965004077419465, 0.2965004077419465, 0.2965004077419465, 0.2965004077419465, 0.2965004077419465, 0.2965004077419465, 0.2965004077419465, 0.2965004077419465, 0.2965004077419465, 0.2965004077419465, 0.2965004077419999, 0.2965004077419999, 0.29650040774163544, -0.2965004077419999]","[0.2965004077419999, 0.2965004077419999, 0.2965004077419999, 0.8895012232272168, 0.8895012232272168, 0.2965004077419999, 0.2965004077419999, 0.2965004077419999, 0.2965004077419999, 0.2965004077419999, 0.2965004077419999, 0.2965004077419465, 0.2965004077419999, 0.2965004077419465, 0.8895012232259998, 0.2965004077419465, 0.2965004077419465, 0.2965004077419465, 0.2965004077419465, 0.2965004077419465, 0.2965004077419465, 0.2965004077419465, 0.2965004077419465, 0.2965004077419465, 0.2965004077419465, 0.2965004077419999, 0.2965004077419999, 0.29650040774163544, 0.2965004077419999]","['KAS15', '3HAD80', '3HAD40', '3OAS60', '3OAR60', '3OAR80', '3OAS80', '3OAR40', '3HAD60', 'EAR40x', 'EAR60x', 'EAR80x', 'FA80ACPHi']","['ECOAH1', 'ECOAH2', 'ECOAH3', 'MACPD', 'ACOATA', 'ACACT2r', 'ACACT3r', 'HACD1', 'HACD2', 'HACD3', 'ACACT1r', 'FACOAE80', 'FADRx2', 'ACOAD3f', 'ACOAD2f', 'ACOAD1fr']",[],ECOAH2,3OAR60,10.377514270969812,1,29,0,-3.0,-0.2965004077409946,iML1515,PSL,True,False,-9.78604669763502,0.0,0.0,0.0
23,"['ECOAH1', 'ECOAH2', 'ECOAH3', 'MACPD', 'ACOATA', 'ACACT2r', 'ACACT3r', 'HACD1', 'HACD2', 'HACD3', 'ACACT1r', 'KAS15', 'FACOAE80', '3HAD80', 'FADRx2', '3HAD40', '3OAS60', '3OAR60', '3OAR80', '3OAS80', '3OAR40', '3HAD60', 'EAR40x', 'EAR60x', 'EAR80x', 'ACOAD3f', 'ACOAD2f', 'FA80ACPHi', 'ACOAD1fr']","[-0.2965004077419999, -0.2965004077419999, -0.2965004077419999, -0.8895012232272168, 0.8895012232272168, -0.2965004077419999, -0.2965004077419999, -0.2965004077419999, -0.2965004077419999, -0.2965004077419999, -0.2965004077419999, 0.2965004077419465, -0.2965004077419999, 0.2965004077419465, -0.8895012232259998, 0.2965004077419465, 0.2965004077419465, 0.2965004077419465, 0.2965004077419465, 0.2965004077419465, 0.2965004077419465, 0.2965004077419465, 0.2965004077419465, 0.2965004077419465, 0.2965004077419465, 0.2965004077419999, 0.2965004077419999, 0.29650040774163544, -0.2965004077419999]","[0.2965004077419999, 0.2965004077419999, 0.2965004077419999, 0.8895012232272168, 0.8895012232272168, 0.2965004077419999, 0.2965004077419999, 0.2965004077419999, 0.2965004077419999, 0.2965004077419999, 0.2965004077419999, 0.2965004077419465, 0.2965004077419999, 0.2965004077419465, 0.8895012232259998, 0.2965004077419465, 0.2965004077419465, 0.2965004077419465, 0.2965004077419465, 0.2965004077419465, 0.2965004077419465, 0.2965004077419465, 0.2965004077419465, 0.2965004077419465, 0.2965004077419465, 0.2965004077419999, 0.2965004077419999, 0.29650040774163544, 0.2965004077419999]","['KAS15', '3HAD80', '3HAD40', '3OAS60', '3OAR60', '3OAR80', '3OAS80', '3OAR40', '3HAD60', 'EAR40x', 'EAR60x', 'EAR80x', 'FA80ACPHi']","['ECOAH1', 'ECOAH2', 'ECOAH3', 'MACPD', 'ACOATA', 'ACACT2r', 'ACACT3r', 'HACD1', 'HACD2', 'HACD3', 'ACACT1r', 'FACOAE80', 'FADRx2', 'ACOAD3f', 'ACOAD2f', 'ACOAD1fr']",[],ECOAH2,3OAR80,10.377514270969812,1,29,0,-3.0,-0.2965004077409946,iML1515,PSL,True,False,-9.78604669763502,0.0,0.0,0.0
24,"['ECOAH1', 'ECOAH2', 'ECOAH3', 'MACPD', 'ACOATA', 'ACACT2r', 'ACACT3r', 'HACD1', 'HACD2', 'HACD3', 'ACACT1r', 'KAS15', 'FACOAE80', '3HAD80', 'FADRx2', '3HAD40', '3OAS60', '3OAR60', '3OAR80', '3OAS80', '3OAR40', '3HAD60', 'EAR40x', 'EAR60x', 'EAR80x', 'ACOAD3f', 'ACOAD2f', 'FA80ACPHi', 'ACOAD1fr']","[-0.2965004077419999, -0.2965004077419999, -0.2965004077419999, -0.8895012232272168, 0.8895012232272168, -0.2965004077419999, -0.2965004077419999, -0.2965004077419999, -0.2965004077419999, -0.2965004077419999, -0.2965004077419999, 0.2965004077419465, -0.2965004077419999, 0.2965004077419465, -0.8895012232259998, 0.2965004077419465, 0.2965004077419465, 0.2965004077419465, 0.2965004077419465, 0.2965004077419465, 0.2965004077419465, 0.2965004077419465, 0.2965004077419465, 0.2965004077419465, 0.2965004077419465, 0.2965004077419999, 0.2965004077419999, 0.29650040774163544, -0.2965004077419999]","[0.2965004077419999, 0.2965004077419999, 0.2965004077419999, 0.8895012232272168, 0.8895012232272168, 0.2965004077419999, 0.2965004077419999, 0.2965004077419999, 0.2965004077419999, 0.2965004077419999, 0.2965004077419999, 0.2965004077419465, 0.2965004077419999, 0.2965004077419465, 0.8895012232259998, 0.2965004077419465, 0.2965004077419465, 0.2965004077419465, 0.2965004077419465, 0.2965004077419465, 0.2965004077419465, 0.2965004077419465, 0.2965004077419465, 0.2965004077419465, 0.2965004077419465, 0.2965004077419999, 0.2965004077419999, 0.29650040774163544, 0.2965004077419999]","['KAS15', '3HAD80', '3HAD40', '3OAS60', '3OAR60', '3OAR80', '3OAS80', '3OAR40', '3HAD60', 'EAR40x', 'EAR60x', 'EAR80x', 'FA80ACPHi']","['ECOAH1', 'ECOAH2', 'ECOAH3', 'MACPD', 'ACOATA', 'ACACT2r', 'ACACT3r', 'HACD1', 'HACD2', 'HACD3', 'ACACT1r', 'FACOAE80', 'FADRx2', 'ACOAD3f', 'ACOAD2f', 'ACOAD1fr']",[],ECOAH2,3OAS80,10.377514270969812,1,29,0,-3.0,-0.2965004077409946,iML1515,PSL,True,False,-9.78604669763502,0.0,0.0,0.0
25,"['ECOAH4', 'ECOAH1', 'ECOAH2', 'ECOAH3', 'MACPD', 'HACD4', 'ACOATA', 'ACACT2r', 'ACACT3r', 'ACACT4r', 'HACD1', 'HACD2', 'HACD3', 'ACACT1r', 'KAS15', 'FACOAE100', '3HAD80', 'FADRx2', '3HAD40', '3OAS60', '3OAR60', '3OAR80', 'EAR100x', '3OAS80', '3OAS100', '3OAR40', '3OAR100', '3HAD60', '3HAD100', 'EAR40x', 'EAR60x', 'EAR80x', 'ACOAD3f', 'ACOAD2f', 'ACOAD4f', 'FA100ACPHi']","[-0.296500407742005, -0.2965004077419735, -0.296500407742005, -0.296500407742005, -1.1860016309680042, -0.296500407742005, 1.1860016309680042, -0.296500407742005, -0.296500407742005, -0.296500407742005, -0.296500407742005, -0.296500407742005, -0.296500407742005, -0.296500407742005, 0.2965004077419967, -0.296500407742005, 0.296500407742005, -1.186001630967898, 0.2965004077419967, 0.2965004077419967, 0.2965004077419967, 0.296500407742005, 0.296500407742005, 0.296500407742005, 0.296500407742005, 0.2965004077419967, 0.296500407742005, 0.2965004077419967, 0.296500407742005, 0.2965004077419967, 0.296500407742005, 0.296500407742005, 0.296500407742005, 0.296500407742005, 0.296500407742005, 0.296500407742005]","[0.296500407742005, 0.2965004077419735, 0.296500407742005, 0.296500407742005, 1.1860016309680042, 0.296500407742005, 1.1860016309680042, 0.296500407742005, 0.296500407742005, 0.296500407742005, 0.296500407742005, 0.296500407742005, 0.296500407742005, 0.296500407742005, 0.2965004077419967, 0.296500407742005, 0.296500407742005, 1.186001630967898, 0.2965004077419967, 0.2965004077419967, 0.2965004077419967, 0.296500407742005, 0.296500407742005, 0.296500407742005, 0.296500407742005, 0.2965004077419967, 0.296500407742005, 0.2965004077419967, 0.296500407742005, 0.2965004077419967, 0.296500407742005, 0.296500407742005, 0.296500407742005, 0.296500407742005, 0.296500407742005, 0.296500407742005]","['KAS15', '3HAD80', '3HAD40', '3OAS60', '3OAR60', '3OAR80', 'EAR100x', '3OAS80', '3OAS100', '3OAR40', '3OAR100', '3HAD60', '3HAD100', 'EAR40x', 'EAR60x', 'EAR80x', 'FA100ACPHi']","['ECOAH4', 'ECOAH1', 'ECOAH2', 'ECOAH3', 'MACPD', 'HACD4', 'ACOATA', 'ACACT2r', 'ACACT3r', 'ACACT4r', 'HACD1', 'HACD2', 'HACD3', 'ACACT1r', 'FACOAE100', 'FADRx2', 'ACOAD3f', 'ACOAD2f', 'ACOAD4f']",[],ECOAH2,3OAS100,13.639018756130765,1,36,0,-6.0,-0.8895012232261101,iML1515,PSL,True,False,-9.78604669763502,0.0,0.0,0.0
26,"['ECOAH1', 'ECOAH2', 'ECOAH3', 'MACPD', 'ACOATA', 'ACACT2r', 'ACACT3r', 'HACD1', 'HACD2', 'HACD3', 'ACACT1r', 'KAS15', 'FACOAE80', '3HAD80', 'FADRx2', '3HAD40', '3OAS60', '3OAR60', '3OAR80', '3OAS80', '3OAR40', '3HAD60', 'EAR40x', 'EAR60x', 'EAR80x', 'ACOAD3f', 'ACOAD2f', 'FA80ACPHi', 'ACOAD1fr']","[-0.2965004077419999, -0.2965004077419999, -0.2965004077419999, -0.8895012232272168, 0.8895012232272168, -0.2965004077419999, -0.2965004077419999, -0.2965004077419999, -0.2965004077419999, -0.2965004077419999, -0.2965004077419999, 0.2965004077419465, -0.2965004077419999, 0.2965004077419465, -0.8895012232259998, 0.2965004077419465, 0.2965004077419465, 0.2965004077419465, 0.2965004077419465, 0.2965004077419465, 0.2965004077419465, 0.2965004077419465, 0.2965004077419465, 0.2965004077419465, 0.2965004077419465, 0.2965004077419999, 0.2965004077419999, 0.29650040774163544, -0.2965004077419999]","[0.2965004077419999, 0.2965004077419999, 0.2965004077419999, 0.8895012232272168, 0.8895012232272168, 0.2965004077419999, 0.2965004077419999, 0.2965004077419999, 0.2965004077419999, 0.2965004077419999, 0.2965004077419999, 0.2965004077419465, 0.2965004077419999, 0.2965004077419465, 0.8895012232259998, 0.2965004077419465, 0.2965004077419465, 0.2965004077419465, 0.2965004077419465, 0.2965004077419465, 0.2965004077419465, 0.2965004077419465, 0.2965004077419465, 0.2965004077419465, 0.2965004077419465, 0.2965004077419999, 0.2965004077419999, 0.29650040774163544, 0.2965004077419999]","['KAS15', '3HAD80', '3HAD40', '3OAS60', '3OAR60', '3OAR80', '3OAS80', '3OAR40', '3HAD60', 'EAR40x', 'EAR60x', 'EAR80x', 'FA80ACPHi']","['ECOAH1', 'ECOAH2', 'ECOAH3', 'MACPD', 'ACOATA', 'ACACT2r', 'ACACT3r', 'HACD1', 'HACD2', 'HACD3', 'ACACT1r', 'FACOAE80', 'FADRx2', 'ACOAD3f', 'ACOAD2f', 'ACOAD1fr']",[],ECOAH2,3OAR40,10.377514270969812,1,29,0,-3.0,-0.2965004077409946,iML1515,PSL,True,False,-9.78604669763502,0.0,0.0,0.0001955703788172
27,"['ECOAH4', 'ECOAH1', 'ECOAH2', 'ECOAH3', 'MACPD', 'HACD4', 'ACOATA', 'ACACT2r', 'ACACT3r', 'ACACT4r', 'HACD1', 'HACD2', 'HACD3', 'ACACT1r', 'KAS15', 'FACOAE100', '3HAD80', 'FADRx2', '3HAD40', '3OAS60', '3OAR60', '3OAR80', 'EAR100x', '3OAS80', '3OAS100', '3OAR40', '3OAR100', '3HAD60', '3HAD100', 'EAR40x', 'EAR60x', 'EAR80x', 'ACOAD3f', 'ACOAD2f', 'ACOAD4f', 'FA100ACPHi']","[-0.296500407742005, -0.2965004077419735, -0.296500407742005, -0.296500407742005, -1.1860016309680042, -0.296500407742005, 1.1860016309680042, -0.296500407742005, -0.296500407742005, -0.296500407742005, -0.296500407742005, -0.296500407742005, -0.296500407742005, -0.296500407742005, 0.2965004077419967, -0.296500407742005, 0.296500407742005, -1.186001630967898, 0.2965004077419967, 0.2965004077419967, 0.2965004077419967, 0.296500407742005, 0.296500407742005, 0.296500407742005, 0.296500407742005, 0.2965004077419967, 0.296500407742005, 0.2965004077419967, 0.296500407742005, 0.2965004077419967, 0.296500407742005, 0.296500407742005, 0.296500407742005, 0.296500407742005, 0.296500407742005, 0.296500407742005]","[0.296500407742005, 0.2965004077419735, 0.296500407742005, 0.296500407742005, 1.1860016309680042, 0.296500407742005, 1.1860016309680042, 0.296500407742005, 0.296500407742005, 0.296500407742005, 0.296500407742005, 0.296500407742005, 0.296500407742005, 0.296500407742005, 0.2965004077419967, 0.296500407742005, 0.296500407742005, 1.186001630967898, 0.2965004077419967, 0.2965004077419967, 0.2965004077419967, 0.296500407742005, 0.296500407742005, 0.296500407742005, 0.296500407742005, 0.2965004077419967, 0.296500407742005, 0.2965004077419967, 0.296500407742005, 0.2965004077419967, 0.296500407742005, 0.296500407742005, 0.296500407742005, 0.296500407742005, 0.296500407742005, 0.296500407742005]","['KAS15', '3HAD80', '3HAD40', '3OAS60', '3OAR60', '3OAR80', 'EAR100x', '3OAS80', '3OAS100', '3OAR40', '3OAR100', '3HAD60', '3HAD100', 'EAR40x', 'EAR60x', 'EAR80x', 'FA100ACPHi']","['ECOAH4', 'ECOAH1', 'ECOAH2', 'ECOAH3', 'MACPD', 'HACD4', 'ACOATA', 'ACACT2r', 'ACACT3r', 'ACACT4r', 'HACD1', 'HACD2', 'HACD3', 'ACACT1r', 'FACOAE100', 'FADRx2', 'ACOAD3f', 'ACOAD2f', 'ACOAD4f']",[],ECOAH2,3OAR100,13.639018756130765,1,36,0,-6.0,-0.8895012232261101,iML1515,PSL,True,False,-9.78604669763502,0.0,0.0,6.25686752569637
28,"['ECOAH1', 'ECOAH2', 'ECOAH3', 'MACPD', 'ACOATA', 'ACACT2r', 'ACACT3r', 'HACD1', 'HACD2', 'HACD3', 'ACACT1r', 'KAS15', 'FACOAE80', '3HAD80', 'FADRx2', '3HAD40', '3OAS60', '3OAR60', '3OAR80', '3OAS80', '3OAR40', '3HAD60', 'EAR40x', 'EAR60x', 'EAR80x', 'ACOAD3f', 'ACOAD2f', 'FA80ACPHi', 'ACOAD1fr']","[-0.2965004077419999, -0.2965004077419999, -0.2965004077419999, -0.8895012232272168, 0.8895012232272168, -0.2965004077419999, -0.2965004077419999, -0.2965004077419999, -0.2965004077419999, -0.2965004077419999, -0.2965004077419999, 0.2965004077419465, -0.2965004077419999, 0.2965004077419465, -0.8895012232259998, 0.2965004077419465, 0.2965004077419465, 0.2965004077419465, 0.2965004077419465, 0.2965004077419465, 0.2965004077419465, 0.2965004077419465, 0.2965004077419465, 0.2965004077419465, 0.2965004077419465, 0.2965004077419999, 0.2965004077419999, 0.29650040774163544, -0.2965004077419999]","[0.2965004077419999, 0.2965004077419999, 0.2965004077419999, 0.8895012232272168, 0.8895012232272168, 0.2965004077419999, 0.2965004077419999, 0.2965004077419999, 0.2965004077419999, 0.2965004077419999, 0.2965004077419999, 0.2965004077419465, 0.2965004077419999, 0.2965004077419465, 0.8895012232259998, 0.2965004077419465, 0.2965004077419465, 0.2965004077419465, 0.2965004077419465, 0.2965004077419465, 0.2965004077419465, 0.2965004077419465, 0.2965004077419465, 0.2965004077419465, 0.2965004077419465, 0.2965004077419999, 0.2965004077419999, 0.29650040774163544, 0.2965004077419999]","['KAS15', '3HAD80', '3HAD40', '3OAS60', '3OAR60', '3OAR80', '3OAS80', '3OAR40', '3HAD60', 'EAR40x', 'EAR60x', 'EAR80x', 'FA80ACPHi']","['ECOAH1', 'ECOAH2', 'ECOAH3', 'MACPD', 'ACOATA', 'ACACT2r', 'ACACT3r', 'HACD1', 'HACD2', 'HACD3', 'ACACT1r', 'FACOAE80', 'FADRx2', 'ACOAD3f', 'ACOAD2f', 'ACOAD1fr']",[],ECOAH2,3HAD60,10.377514270969812,1,29,0,-3.0,-0.2965004077409946,iML1515,PSL,True,False,-9.78604669763502,0.0,0.0,0.0001955703788172
29,"['ECOAH4', 'ECOAH1', 'ECOAH2', 'ECOAH3', 'MACPD', 'HACD4', 'ACOATA', 'ACACT2r', 'ACACT3r', 'ACACT4r', 'HACD1', 'HACD2', 'HACD3', 'ACACT1r', 'KAS15', 'FACOAE100', '3HAD80', 'FADRx2', '3HAD40', '3OAS60', '3OAR60', '3OAR80', 'EAR100x', '3OAS80', '3OAS100', '3OAR40', '3OAR100', '3HAD60', '3HAD100', 'EAR40x', 'EAR60x', 'EAR80x', 'ACOAD3f', 'ACOAD2f', 'ACOAD4f', 'FA100ACPHi']","[-0.296500407742005, -0.2965004077419735, -0.296500407742005, -0.296500407742005, -1.1860016309680042, -0.296500407742005, 1.1860016309680042, -0.296500407742005, -0.296500407742005, -0.296500407742005, -0.296500407742005, -0.296500407742005, -0.296500407742005, -0.296500407742005, 0.2965004077419967, -0.296500407742005, 0.296500407742005, -1.186001630967898, 0.2965004077419967, 0.2965004077419967, 0.2965004077419967, 0.296500407742005, 0.296500407742005, 0.296500407742005, 0.296500407742005, 0.2965004077419967, 0.296500407742005, 0.2965004077419967, 0.296500407742005, 0.2965004077419967, 0.296500407742005, 0.296500407742005, 0.296500407742005, 0.296500407742005, 0.296500407742005, 0.296500407742005]","[0.296500407742005, 0.2965004077419735, 0.296500407742005, 0.296500407742005, 1.1860016309680042, 0.296500407742005, 1.1860016309680042, 0.296500407742005, 0.296500407742005, 0.296500407742005, 0.296500407742005, 0.296500407742005, 0.296500407742005, 0.296500407742005, 0.2965004077419967, 0.296500407742005, 0.296500407742005, 1.186001630967898, 0.2965004077419967, 0.2965004077419967, 0.2965004077419967, 0.296500407742005, 0.296500407742005, 0.296500407742005, 0.296500407742005, 0.2965004077419967, 0.296500407742005, 0.2965004077419967, 0.296500407742005, 0.2965004077419967, 0.296500407742005, 0.296500407742005, 0.296500407742005, 0.296500407742005, 0.296500407742005, 0.296500407742005]","['KAS15', '3HAD80', '3HAD40', '3OAS60', '3OAR60', '3OAR80', 'EAR100x', '3OAS80', '3OAS100', '3OAR40', '3OAR100', '3HAD60', '3HAD100', 'EAR40x', 'EAR60x', 'EAR80x', 'FA100ACPHi']","['ECOAH4', 'ECOAH1', 'ECOAH2', 'ECOAH3', 'MACPD', 'HACD4', 'ACOATA', 'ACACT2r', 'ACACT3r', 'ACACT4r', 'HACD1', 'HACD2', 'HACD3', 'ACACT1r', 'FACOAE100', 'FADRx2', 'ACOAD3f', 'ACOAD2f', 'ACOAD4f']",[],ECOAH2,3HAD100,13.639018756130765,1,36,0,-6.0,-0.8895012232261101,iML1515,PSL,True,False,-9.78604669763502,0.0,0.0,0.0
30,"['ECOAH1', 'ECOAH2', 'ECOAH3', 'MACPD', 'ACOATA', 'ACACT2r', 'ACACT3r', 'HACD1', 'HACD2', 'HACD3', 'ACACT1r', 'KAS15', 'FACOAE80', '3HAD80', 'FADRx2', '3HAD40', '3OAS60', '3OAR60', '3OAR80', '3OAS80', '3OAR40', '3HAD60', 'EAR40x', 'EAR60x', 'EAR80x', 'ACOAD3f', 'ACOAD2f', 'FA80ACPHi']","[-0.2965004077419735, -0.2965004077419735, -0.2965004077419735, -0.8895012232260575, 0.8895012232260575, -0.2965004077419735, -0.2965004077419735, -0.2965004077419735, -0.2965004077419735, -0.2965004077419735, -0.2965004077419735, 0.296500407742003, -0.2965004077419735, 0.296500407742003, -0.8895012232267667, 0.296500407742003, 0.296500407742003, 0.296500407742003, 0.296500407742003, 0.296500407742003, 0.296500407742003, 0.296500407742003, 0.296500407742003, 0.296500407742003, 0.296500407742003, 0.2965004077419735, 0.2965004077419735, 0.2965004077419735]","[0.2965004077419735, 0.2965004077419735, 0.2965004077419735, 0.8895012232260575, 0.8895012232260575, 0.2965004077419735, 0.2965004077419735, 0.2965004077419735, 0.2965004077419735, 0.2965004077419735, 0.2965004077419735, 0.296500407742003, 0.2965004077419735, 0.296500407742003, 0.8895012232267667, 0.296500407742003, 0.296500407742003, 0.296500407742003, 0.296500407742003, 0.296500407742003, 0.296500407742003, 0.296500407742003, 0.296500407742003, 0.296500407742003, 0.296500407742003, 0.2965004077419735, 0.2965004077419735, 0.2965004077419735]","['KAS15', '3HAD80', '3HAD40', '3OAS60', '3OAR60', '3OAR80', '3OAS80', '3OAR40', '3HAD60', 'EAR40x', 'EAR60x', 'EAR80x', 'FA80ACPHi']","['ECOAH1', 'ECOAH2', 'ECOAH3', 'MACPD', 'ACOATA', 'ACACT2r', 'ACACT3r', 'HACD1', 'HACD2', 'HACD3', 'ACACT1r', 'FACOAE80', 'FADRx2', 'ACOAD3f', 'ACOAD2f']",[],ECOAH3,3HAD80,10.377514270973725,1,28,0,-4.0,-0.5930008154834547,iML1515,PSL,True,False,-9.78604669763479,0.0,0.0,0.0
31,"['ECOAH1', 'ECOAH2', 'ECOAH3', 'MACPD', 'ACOATA', 'ACACT2r', 'ACACT3r', 'HACD1', 'HACD2', 'HACD3', 'ACACT1r', 'KAS15', 'FACOAE80', '3HAD80', 'FADRx2', '3HAD40', '3OAS60', '3OAR60', '3OAR80', '3OAS80', '3OAR40', '3HAD60', 'EAR40x', 'EAR60x', 'EAR80x', 'ACOAD3f', 'ACOAD2f', 'FA80ACPHi']","[-0.2965004077419735, -0.2965004077419735, -0.2965004077419735, -0.8895012232260575, 0.8895012232260575, -0.2965004077419735, -0.2965004077419735, -0.2965004077419735, -0.2965004077419735, -0.2965004077419735, -0.2965004077419735, 0.296500407742003, -0.2965004077419735, 0.296500407742003, -0.8895012232267667, 0.296500407742003, 0.296500407742003, 0.296500407742003, 0.296500407742003, 0.296500407742003, 0.296500407742003, 0.296500407742003, 0.296500407742003, 0.296500407742003, 0.296500407742003, 0.2965004077419735, 0.2965004077419735, 0.2965004077419735]","[0.2965004077419735, 0.2965004077419735, 0.2965004077419735, 0.8895012232260575, 0.8895012232260575, 0.2965004077419735, 0.2965004077419735, 0.2965004077419735, 0.2965004077419735, 0.2965004077419735, 0.2965004077419735, 0.296500407742003, 0.2965004077419735, 0.296500407742003, 0.8895012232267667, 0.296500407742003, 0.296500407742003, 0.296500407742003, 0.296500407742003, 0.296500407742003, 0.296500407742003, 0.296500407742003, 0.296500407742003, 0.296500407742003, 0.296500407742003, 0.2965004077419735, 0.2965004077419735, 0.2965004077419735]","['KAS15', '3HAD80', '3HAD40', '3OAS60', '3OAR60', '3OAR80', '3OAS80', '3OAR40', '3HAD60', 'EAR40x', 'EAR60x', 'EAR80x', 'FA80ACPHi']","['ECOAH1', 'ECOAH2', 'ECOAH3', 'MACPD', 'ACOATA', 'ACACT2r', 'ACACT3r', 'HACD1', 'HACD2', 'HACD3', 'ACACT1r', 'FACOAE80', 'FADRx2', 'ACOAD3f', 'ACOAD2f']",[],ECOAH3,3HAD40,10.377514270973725,1,28,0,-4.0,-0.5930008154834547,iML1515,PSL,True,False,-9.78604669763479,0.0,0.0,0.0
32,"['ECOAH1', 'ECOAH2', 'ECOAH3', 'MACPD', 'ACOATA', 'ACACT2r', 'ACACT3r', 'HACD1', 'HACD2', 'HACD3', 'ACACT1r', 'KAS15', 'FACOAE80', '3HAD80', 'FADRx2', '3HAD40', '3OAS60', '3OAR60', '3OAR80', '3OAS80', '3OAR40', '3HAD60', 'EAR40x', 'EAR60x', 'EAR80x', 'ACOAD3f', 'ACOAD2f', 'FA80ACPHi']","[-0.2965004077419735, -0.2965004077419735, -0.2965004077419735, -0.8895012232260575, 0.8895012232260575, -0.2965004077419735, -0.2965004077419735, -0.2965004077419735, -0.2965004077419735, -0.2965004077419735, -0.2965004077419735, 0.296500407742003, -0.2965004077419735, 0.296500407742003, -0.8895012232267667, 0.296500407742003, 0.296500407742003, 0.296500407742003, 0.296500407742003, 0.296500407742003, 0.296500407742003, 0.296500407742003, 0.296500407742003, 0.296500407742003, 0.296500407742003, 0.2965004077419735, 0.2965004077419735, 0.2965004077419735]","[0.2965004077419735, 0.2965004077419735, 0.2965004077419735, 0.8895012232260575, 0.8895012232260575, 0.2965004077419735, 0.2965004077419735, 0.2965004077419735, 0.2965004077419735, 0.2965004077419735, 0.2965004077419735, 0.296500407742003, 0.2965004077419735, 0.296500407742003, 0.8895012232267667, 0.296500407742003, 0.296500407742003, 0.296500407742003, 0.296500407742003, 0.296500407742003, 0.296500407742003, 0.296500407742003, 0.296500407742003, 0.296500407742003, 0.296500407742003, 0.2965004077419735, 0.2965004077419735, 0.2965004077419735]","['KAS15', '3HAD80', '3HAD40', '3OAS60', '3OAR60', '3OAR80', '3OAS80', '3OAR40', '3HAD60', 'EAR40x', 'EAR60x', 'EAR80x', 'FA80ACPHi']","['ECOAH1', 'ECOAH2', 'ECOAH3', 'MACPD', 'ACOATA', 'ACACT2r', 'ACACT3r', 'HACD1', 'HACD2', 'HACD3', 'ACACT1r', 'FACOAE80', 'FADRx2', 'ACOAD3f', 'ACOAD2f']",[],ECOAH3,3OAS60,10.377514270973725,1,28,0,-4.0,-0.5930008154834547,iML1515,PSL,True,False,-9.78604669763479,0.0,0.0,0.0
33,"['ECOAH1', 'ECOAH2', 'ECOAH3', 'MACPD', 'ACOATA', 'ACACT2r', 'ACACT3r', 'HACD1', 'HACD2', 'HACD3', 'ACACT1r', 'KAS15', 'FACOAE80', '3HAD80', 'FADRx2', '3HAD40', '3OAS60', '3OAR60', '3OAR80', '3OAS80', '3OAR40', '3HAD60', 'EAR40x', 'EAR60x', 'EAR80x', 'ACOAD3f', 'ACOAD2f', 'FA80ACPHi']","[-0.2965004077419735, -0.2965004077419735, -0.2965004077419735, -0.8895012232260575, 0.8895012232260575, -0.2965004077419735, -0.2965004077419735, -0.2965004077419735, -0.2965004077419735, -0.2965004077419735, -0.2965004077419735, 0.296500407742003, -0.2965004077419735, 0.296500407742003, -0.8895012232267667, 0.296500407742003, 0.296500407742003, 0.296500407742003, 0.296500407742003, 0.296500407742003, 0.296500407742003, 0.296500407742003, 0.296500407742003, 0.296500407742003, 0.296500407742003, 0.2965004077419735, 0.2965004077419735, 0.2965004077419735]","[0.2965004077419735, 0.2965004077419735, 0.2965004077419735, 0.8895012232260575, 0.8895012232260575, 0.2965004077419735, 0.2965004077419735, 0.2965004077419735, 0.2965004077419735, 0.2965004077419735, 0.2965004077419735, 0.296500407742003, 0.2965004077419735, 0.296500407742003, 0.8895012232267667, 0.296500407742003, 0.296500407742003, 0.296500407742003, 0.296500407742003, 0.296500407742003, 0.296500407742003, 0.296500407742003, 0.296500407742003, 0.296500407742003, 0.296500407742003, 0.2965004077419735, 0.2965004077419735, 0.2965004077419735]","['KAS15', '3HAD80', '3HAD40', '3OAS60', '3OAR60', '3OAR80', '3OAS80', '3OAR40', '3HAD60', 'EAR40x', 'EAR60x', 'EAR80x', 'FA80ACPHi']","['ECOAH1', 'ECOAH2', 'ECOAH3', 'MACPD', 'ACOATA', 'ACACT2r', 'ACACT3r', 'HACD1', 'HACD2', 'HACD3', 'ACACT1r', 'FACOAE80', 'FADRx2', 'ACOAD3f', 'ACOAD2f']",[],ECOAH3,3OAR60,10.377514270973725,1,28,0,-4.0,-0.5930008154834547,iML1515,PSL,True,False,-9.78604669763479,0.0,0.0,0.0
34,"['ECOAH1', 'ECOAH2', 'ECOAH3', 'MACPD', 'ACOATA', 'ACACT2r', 'ACACT3r', 'HACD1', 'HACD2', 'HACD3', 'ACACT1r', 'KAS15', 'FACOAE80', '3HAD80', 'FADRx2', '3HAD40', '3OAS60', '3OAR60', '3OAR80', '3OAS80', '3OAR40', '3HAD60', 'EAR40x', 'EAR60x', 'EAR80x', 'ACOAD3f', 'ACOAD2f', 'FA80ACPHi']","[-0.2965004077419735, -0.2965004077419735, -0.2965004077419735, -0.8895012232260575, 0.8895012232260575, -0.2965004077419735, -0.2965004077419735, -0.2965004077419735, -0.2965004077419735, -0.2965004077419735, -0.2965004077419735, 0.296500407742003, -0.2965004077419735, 0.296500407742003, -0.8895012232267667, 0.296500407742003, 0.296500407742003, 0.296500407742003, 0.296500407742003, 0.296500407742003, 0.296500407742003, 0.296500407742003, 0.296500407742003, 0.296500407742003, 0.296500407742003, 0.2965004077419735, 0.2965004077419735, 0.2965004077419735]","[0.2965004077419735, 0.2965004077419735, 0.2965004077419735, 0.8895012232260575, 0.8895012232260575, 0.2965004077419735, 0.2965004077419735, 0.2965004077419735, 0.2965004077419735, 0.2965004077419735, 0.2965004077419735, 0.296500407742003, 0.2965004077419735, 0.296500407742003, 0.8895012232267667, 0.296500407742003, 0.296500407742003, 0.296500407742003, 0.296500407742003, 0.296500407742003, 0.296500407742003, 0.296500407742003, 0.296500407742003, 0.296500407742003, 0.296500407742003, 0.2965004077419735, 0.2965004077419735, 0.2965004077419735]","['KAS15', '3HAD80', '3HAD40', '3OAS60', '3OAR60', '3OAR80', '3OAS80', '3OAR40', '3HAD60', 'EAR40x', 'EAR60x', 'EAR80x', 'FA80ACPHi']","['ECOAH1', 'ECOAH2', 'ECOAH3', 'MACPD', 'ACOATA', 'ACACT2r', 'ACACT3r', 'HACD1', 'HACD2', 'HACD3', 'ACACT1r', 'FACOAE80', 'FADRx2', 'ACOAD3f', 'ACOAD2f']",[],ECOAH3,3OAR80,10.377514270973725,1,28,0,-4.0,-0.5930008154834547,iML1515,PSL,True,False,-9.78604669763479,0.0,0.0,0.0
35,"['ECOAH1', 'ECOAH2', 'ECOAH3', 'MACPD', 'ACOATA', 'ACACT2r', 'ACACT3r', 'HACD1', 'HACD2', 'HACD3', 'ACACT1r', 'KAS15', 'FACOAE80', '3HAD80', 'FADRx2', '3HAD40', '3OAS60', '3OAR60', '3OAR80', '3OAS80', '3OAR40', '3HAD60', 'EAR40x', 'EAR60x', 'EAR80x', 'ACOAD3f', 'ACOAD2f', 'FA80ACPHi']","[-0.2965004077419735, -0.2965004077419735, -0.2965004077419735, -0.8895012232260575, 0.8895012232260575, -0.2965004077419735, -0.2965004077419735, -0.2965004077419735, -0.2965004077419735, -0.2965004077419735, -0.2965004077419735, 0.296500407742003, -0.2965004077419735, 0.296500407742003, -0.8895012232267667, 0.296500407742003, 0.296500407742003, 0.296500407742003, 0.296500407742003, 0.296500407742003, 0.296500407742003, 0.296500407742003, 0.296500407742003, 0.296500407742003, 0.296500407742003, 0.2965004077419735, 0.2965004077419735, 0.2965004077419735]","[0.2965004077419735, 0.2965004077419735, 0.2965004077419735, 0.8895012232260575, 0.8895012232260575, 0.2965004077419735, 0.2965004077419735, 0.2965004077419735, 0.2965004077419735, 0.2965004077419735, 0.2965004077419735, 0.296500407742003, 0.2965004077419735, 0.296500407742003, 0.8895012232267667, 0.296500407742003, 0.296500407742003, 0.296500407742003, 0.296500407742003, 0.296500407742003, 0.296500407742003, 0.296500407742003, 0.296500407742003, 0.296500407742003, 0.296500407742003, 0.2965004077419735, 0.2965004077419735, 0.2965004077419735]","['KAS15', '3HAD80', '3HAD40', '3OAS60', '3OAR60', '3OAR80', '3OAS80', '3OAR40', '3HAD60', 'EAR40x', 'EAR60x', 'EAR80x', 'FA80ACPHi']","['ECOAH1', 'ECOAH2', 'ECOAH3', 'MACPD', 'ACOATA', 'ACACT2r', 'ACACT3r', 'HACD1', 'HACD2', 'HACD3', 'ACACT1r', 'FACOAE80', 'FADRx2', 'ACOAD3f', 'ACOAD2f']",[],ECOAH3,3OAS80,10.377514270973725,1,28,0,-4.0,-0.5930008154834547,iML1515,PSL,True,False,-9.78604669763479,0.0,0.0,0.0
36,"['ECOAH4', 'ECOAH1', 'ECOAH2', 'ECOAH3', 'MACPD', 'HACD4', 'ACOATA', 'ACACT2r', 'ACACT3r', 'ACACT4r', 'HACD1', 'HACD2', 'HACD3', 'ACACT1r', 'KAS15', 'FACOAE100', '3HAD80', 'FADRx2', '3HAD40', '3OAS60', '3OAR60', '3OAR80', 'EAR100x', '3OAS80', '3OAS100', '3OAR40', '3OAR100', '3HAD60', '3HAD100', 'EAR40x', 'EAR60x', 'EAR80x', 'ACOAD3f', 'ACOAD2f', 'ACOAD4f', 'FA100ACPHi']","[-0.2965004077411777, -0.2965004077411777, -0.2965004077411777, -0.2965004077411777, -1.186001630971059, -0.2965004077411777, 1.1860016309710772, -0.2965004077411777, -0.2965004077411777, -0.2965004077411777, -0.2965004077411777, -0.2965004077411777, -0.2965004077411777, -0.2965004077411777, 0.2965004077419824, -0.2965004077412131, 0.2965004077419824, -1.1860016309664745, 0.2965004077419824, 0.2965004077419824, 0.2965004077419735, 0.2965004077419735, 0.2965004077419824, 0.2965004077419824, 0.2965004077419824, 0.2965004077419735, 0.2965004077419735, 0.2965004077419824, 0.2965004077419824, 0.2965004077408491, 0.2965004077419824, 0.2965004077419824, 0.2965004077411777, 0.2965004077411777, 0.2965004077411777, 0.2965004077312189]","[0.2965004077411777, 0.2965004077411777, 0.2965004077411777, 0.2965004077411777, 1.186001630971059, 0.2965004077411777, 1.1860016309710772, 0.2965004077411777, 0.2965004077411777, 0.2965004077411777, 0.2965004077411777, 0.2965004077411777, 0.2965004077411777, 0.2965004077411777, 0.2965004077419824, 0.2965004077412131, 0.2965004077419824, 1.1860016309664745, 0.2965004077419824, 0.2965004077419824, 0.2965004077419735, 0.2965004077419735, 0.2965004077419824, 0.2965004077419824, 0.2965004077419824, 0.2965004077419735, 0.2965004077419735, 0.2965004077419824, 0.2965004077419824, 0.2965004077408491, 0.2965004077419824, 0.2965004077419824, 0.2965004077411777, 0.2965004077411777, 0.2965004077411777, 0.2965004077312189]","['KAS15', '3HAD80', '3HAD40', '3OAS60', '3OAR60', '3OAR80', 'EAR100x', '3OAS80', '3OAS100', '3OAR40', '3OAR100', '3HAD60', '3HAD100', 'EAR40x', 'EAR60x', 'EAR80x', 'FA100ACPHi']","['ECOAH4', 'ECOAH1', 'ECOAH2', 'ECOAH3', 'MACPD', 'HACD4', 'ACOATA', 'ACACT2r', 'ACACT3r', 'ACACT4r', 'HACD1', 'HACD2', 'HACD3', 'ACACT1r', 'FACOAE100', 'FADRx2', 'ACOAD3f', 'ACOAD2f', 'ACOAD4f']",[],ECOAH3,3OAS100,13.63901875612902,1,36,0,-6.0,-0.8895012232234994,iML1515,PSL,True,False,-9.78604669763479,0.0,0.0,0.0
37,"['ECOAH1', 'ECOAH2', 'ECOAH3', 'MACPD', 'ACOATA', 'ACACT2r', 'ACACT3r', 'HACD1', 'HACD2', 'HACD3', 'ACACT1r', 'KAS15', 'FACOAE80', '3HAD80', 'FADRx2', '3HAD40', '3OAS60', '3OAR60', '3OAR80', '3OAS80', '3OAR40', '3HAD60', 'EAR40x', 'EAR60x', 'EAR80x', 'ACOAD3f', 'ACOAD2f', 'FA80ACPHi']","[-0.2965004077419735, -0.2965004077419735, -0.2965004077419735, -0.8895012232260575, 0.8895012232260575, -0.2965004077419735, -0.2965004077419735, -0.2965004077419735, -0.2965004077419735, -0.2965004077419735, -0.2965004077419735, 0.296500407742003, -0.2965004077419735, 0.296500407742003, -0.8895012232267667, 0.296500407742003, 0.296500407742003, 0.296500407742003, 0.296500407742003, 0.296500407742003, 0.296500407742003, 0.296500407742003, 0.296500407742003, 0.296500407742003, 0.296500407742003, 0.2965004077419735, 0.2965004077419735, 0.2965004077419735]","[0.2965004077419735, 0.2965004077419735, 0.2965004077419735, 0.8895012232260575, 0.8895012232260575, 0.2965004077419735, 0.2965004077419735, 0.2965004077419735, 0.2965004077419735, 0.2965004077419735, 0.2965004077419735, 0.296500407742003, 0.2965004077419735, 0.296500407742003, 0.8895012232267667, 0.296500407742003, 0.296500407742003, 0.296500407742003, 0.296500407742003, 0.296500407742003, 0.296500407742003, 0.296500407742003, 0.296500407742003, 0.296500407742003, 0.296500407742003, 0.2965004077419735, 0.2965004077419735, 0.2965004077419735]","['KAS15', '3HAD80', '3HAD40', '3OAS60', '3OAR60', '3OAR80', '3OAS80', '3OAR40', '3HAD60', 'EAR40x', 'EAR60x', 'EAR80x', 'FA80ACPHi']","['ECOAH1', 'ECOAH2', 'ECOAH3', 'MACPD', 'ACOATA', 'ACACT2r', 'ACACT3r', 'HACD1', 'HACD2', 'HACD3', 'ACACT1r', 'FACOAE80', 'FADRx2', 'ACOAD3f', 'ACOAD2f']",[],ECOAH3,3OAR40,10.377514270973725,1,28,0,-4.0,-0.5930008154834547,iML1515,PSL,True,False,-9.78604669763479,0.0,0.0,0.0001955703788172
38,"['ECOAH4', 'ECOAH1', 'ECOAH2', 'ECOAH3', 'MACPD', 'HACD4', 'ACOATA', 'ACACT2r', 'ACACT3r', 'ACACT4r', 'HACD1', 'HACD2', 'HACD3', 'ACACT1r', 'KAS15', 'FACOAE100', '3HAD80', 'FADRx2', '3HAD40', '3OAS60', '3OAR60', '3OAR80', 'EAR100x', '3OAS80', '3OAS100', '3OAR40', '3OAR100', '3HAD60', '3HAD100', 'EAR40x', 'EAR60x', 'EAR80x', 'ACOAD3f', 'ACOAD2f', 'ACOAD4f', 'FA100ACPHi']","[-0.2965004077411777, -0.2965004077411777, -0.2965004077411777, -0.2965004077411777, -1.186001630971059, -0.2965004077411777, 1.1860016309710772, -0.2965004077411777, -0.2965004077411777, -0.2965004077411777, -0.2965004077411777, -0.2965004077411777, -0.2965004077411777, -0.2965004077411777, 0.2965004077419824, -0.2965004077412131, 0.2965004077419824, -1.1860016309664745, 0.2965004077419824, 0.2965004077419824, 0.2965004077419735, 0.2965004077419735, 0.2965004077419824, 0.2965004077419824, 0.2965004077419824, 0.2965004077419735, 0.2965004077419735, 0.2965004077419824, 0.2965004077419824, 0.2965004077408491, 0.2965004077419824, 0.2965004077419824, 0.2965004077411777, 0.2965004077411777, 0.2965004077411777, 0.2965004077312189]","[0.2965004077411777, 0.2965004077411777, 0.2965004077411777, 0.2965004077411777, 1.186001630971059, 0.2965004077411777, 1.1860016309710772, 0.2965004077411777, 0.2965004077411777, 0.2965004077411777, 0.2965004077411777, 0.2965004077411777, 0.2965004077411777, 0.2965004077411777, 0.2965004077419824, 0.2965004077412131, 0.2965004077419824, 1.1860016309664745, 0.2965004077419824, 0.2965004077419824, 0.2965004077419735, 0.2965004077419735, 0.2965004077419824, 0.2965004077419824, 0.2965004077419824, 0.2965004077419735, 0.2965004077419735, 0.2965004077419824, 0.2965004077419824, 0.2965004077408491, 0.2965004077419824, 0.2965004077419824, 0.2965004077411777, 0.2965004077411777, 0.2965004077411777, 0.2965004077312189]","['KAS15', '3HAD80', '3HAD40', '3OAS60', '3OAR60', '3OAR80', 'EAR100x', '3OAS80', '3OAS100', '3OAR40', '3OAR100', '3HAD60', '3HAD100', 'EAR40x', 'EAR60x', 'EAR80x', 'FA100ACPHi']","['ECOAH4', 'ECOAH1', 'ECOAH2', 'ECOAH3', 'MACPD', 'HACD4', 'ACOATA', 'ACACT2r', 'ACACT3r', 'ACACT4r', 'HACD1', 'HACD2', 'HACD3', 'ACACT1r', 'FACOAE100', 'FADRx2', 'ACOAD3f', 'ACOAD2f', 'ACOAD4f']",[],ECOAH3,3OAR100,13.63901875612902,1,36,0,-6.0,-0.8895012232234994,iML1515,PSL,True,False,-9.78604669763479,0.0,0.0,6.25686752569637
39,"['ECOAH1', 'ECOAH2', 'ECOAH3', 'MACPD', 'ACOATA', 'ACACT2r', 'ACACT3r', 'HACD1', 'HACD2', 'HACD3', 'ACACT1r', 'KAS15', 'FACOAE80', '3HAD80', 'FADRx2', '3HAD40', '3OAS60', '3OAR60', '3OAR80', '3OAS80', '3OAR40', '3HAD60', 'EAR40x', 'EAR60x', 'EAR80x', 'ACOAD3f', 'ACOAD2f', 'FA80ACPHi']","[-0.2965004077419735, -0.2965004077419735, -0.2965004077419735, -0.8895012232260575, 0.8895012232260575, -0.2965004077419735, -0.2965004077419735, -0.2965004077419735, -0.2965004077419735, -0.2965004077419735, -0.2965004077419735, 0.296500407742003, -0.2965004077419735, 0.296500407742003, -0.8895012232267667, 0.296500407742003, 0.296500407742003, 0.296500407742003, 0.296500407742003, 0.296500407742003, 0.296500407742003, 0.296500407742003, 0.296500407742003, 0.296500407742003, 0.296500407742003, 0.2965004077419735, 0.2965004077419735, 0.2965004077419735]","[0.2965004077419735, 0.2965004077419735, 0.2965004077419735, 0.8895012232260575, 0.8895012232260575, 0.2965004077419735, 0.2965004077419735, 0.2965004077419735, 0.2965004077419735, 0.2965004077419735, 0.2965004077419735, 0.296500407742003, 0.2965004077419735, 0.296500407742003, 0.8895012232267667, 0.296500407742003, 0.296500407742003, 0.296500407742003, 0.296500407742003, 0.296500407742003, 0.296500407742003, 0.296500407742003, 0.296500407742003, 0.296500407742003, 0.296500407742003, 0.2965004077419735, 0.2965004077419735, 0.2965004077419735]","['KAS15', '3HAD80', '3HAD40', '3OAS60', '3OAR60', '3OAR80', '3OAS80', '3OAR40', '3HAD60', 'EAR40x', 'EAR60x', 'EAR80x', 'FA80ACPHi']","['ECOAH1', 'ECOAH2', 'ECOAH3', 'MACPD', 'ACOATA', 'ACACT2r', 'ACACT3r', 'HACD1', 'HACD2', 'HACD3', 'ACACT1r', 'FACOAE80', 'FADRx2', 'ACOAD3f', 'ACOAD2f']",[],ECOAH3,3HAD60,10.377514270973725,1,28,0,-4.0,-0.5930008154834547,iML1515,PSL,True,False,-9.78604669763479,0.0,0.0,0.0001955703788172
40,"['ECOAH4', 'ECOAH1', 'ECOAH2', 'ECOAH3', 'MACPD', 'HACD4', 'ACOATA', 'ACACT2r', 'ACACT3r', 'ACACT4r', 'HACD1', 'HACD2', 'HACD3', 'ACACT1r', 'KAS15', 'FACOAE100', '3HAD80', 'FADRx2', '3HAD40', '3OAS60', '3OAR60', '3OAR80', 'EAR100x', '3OAS80', '3OAS100', '3OAR40', '3OAR100', '3HAD60', '3HAD100', 'EAR40x', 'EAR60x', 'EAR80x', 'ACOAD3f', 'ACOAD2f', 'ACOAD4f', 'FA100ACPHi']","[-0.2965004077411777, -0.2965004077411777, -0.2965004077411777, -0.2965004077411777, -1.186001630971059, -0.2965004077411777, 1.1860016309710772, -0.2965004077411777, -0.2965004077411777, -0.2965004077411777, -0.2965004077411777, -0.2965004077411777, -0.2965004077411777, -0.2965004077411777, 0.2965004077419824, -0.2965004077412131, 0.2965004077419824, -1.1860016309664745, 0.2965004077419824, 0.2965004077419824, 0.2965004077419735, 0.2965004077419735, 0.2965004077419824, 0.2965004077419824, 0.2965004077419824, 0.2965004077419735, 0.2965004077419735, 0.2965004077419824, 0.2965004077419824, 0.2965004077408491, 0.2965004077419824, 0.2965004077419824, 0.2965004077411777, 0.2965004077411777, 0.2965004077411777, 0.2965004077312189]","[0.2965004077411777, 0.2965004077411777, 0.2965004077411777, 0.2965004077411777, 1.186001630971059, 0.2965004077411777, 1.1860016309710772, 0.2965004077411777, 0.2965004077411777, 0.2965004077411777, 0.2965004077411777, 0.2965004077411777, 0.2965004077411777, 0.2965004077411777, 0.2965004077419824, 0.2965004077412131, 0.2965004077419824, 1.1860016309664745, 0.2965004077419824, 0.2965004077419824, 0.2965004077419735, 0.2965004077419735, 0.2965004077419824, 0.2965004077419824, 0.2965004077419824, 0.2965004077419735, 0.2965004077419735, 0.2965004077419824, 0.2965004077419824, 0.2965004077408491, 0.2965004077419824, 0.2965004077419824, 0.2965004077411777, 0.2965004077411777, 0.2965004077411777, 0.2965004077312189]","['KAS15', '3HAD80', '3HAD40', '3OAS60', '3OAR60', '3OAR80', 'EAR100x', '3OAS80', '3OAS100', '3OAR40', '3OAR100', '3HAD60', '3HAD100', 'EAR40x', 'EAR60x', 'EAR80x', 'FA100ACPHi']","['ECOAH4', 'ECOAH1', 'ECOAH2', 'ECOAH3', 'MACPD', 'HACD4', 'ACOATA', 'ACACT2r', 'ACACT3r', 'ACACT4r', 'HACD1', 'HACD2', 'HACD3', 'ACACT1r', 'FACOAE100', 'FADRx2', 'ACOAD3f', 'ACOAD2f', 'ACOAD4f']",[],ECOAH3,3HAD100,13.63901875612902,1,36,0,-6.0,-0.8895012232234994,iML1515,PSL,True,False,-9.78604669763479,0.0,0.0,0.0
41,"['ICDHyr', 'PYK', 'MDH', 'ICL', 'PPC', 'MALS', 'AKGDH', 'POR5', 'FLDR2']","[-2.4663013558146076, 2.466301355814892, 2.4663013558143803, 2.4663013558144002, -2.466301355814424, 2.4663013558144002, -2.4663013558145614, 2.466301355814494, -2.4663013558144655]","[2.4663013558146076, 2.466301355814892, 2.4663013558143803, 2.4663013558144002, 2.466301355814424, 2.4663013558144002, 2.4663013558145614, 2.466301355814494, 2.4663013558144655]","['PPC', 'FLDR2']","['PYK', 'ICL', 'MALS']","['ICDHyr', 'MDH', 'AKGDH', 'POR5']",PPC,MALS,24.66301355814495,1,9,4,1.0,2.466301355814508,iML1515,PSL,False,False,0.0,0.0,0.0,0.0
42,"['ECOAH4', 'MACPD', 'HACD4', 'ACOATA', 'ACACT4r', 'AACPS8', 'AACPS9', 'FACOAE100', 'FACOAE80', 'FADRx2', 'EAR100x', '3OAS100', '3OAR100', '3HAD100', 'ACOAD4f']","[-0.2965004077419999, -0.2965004077422317, -0.2965004077419999, 0.2965004077422317, -0.2965004077419999, -0.29650040773878944, 0.2965004077420893, -0.2965004077420701, 0.2965004077420893, -0.29650040774184006, 0.2965004077420897, 0.2965004077420897, 0.2965004077420897, 0.2965004077420897, 0.2965004077419999]","[0.2965004077419999, 0.2965004077422317, 0.2965004077419999, 0.2965004077422317, 0.2965004077419999, 0.29650040773878944, 0.2965004077420893, 0.2965004077420701, 0.2965004077420893, 0.29650040774184006, 0.2965004077420897, 0.2965004077420897, 0.2965004077420897, 0.2965004077420897, 0.2965004077419999]","['AACPS9', 'FACOAE80', 'EAR100x', '3OAS100', '3OAR100', '3HAD100']","['ECOAH4', 'MACPD', 'HACD4', 'ACOATA', 'ACACT4r', 'FACOAE100', 'FADRx2', 'ACOAD4f']",['AACPS8'],HACD4,3OAS100,4.44750611612691,1,15,1,-1.0,-0.29650040774583786,iML1515,PSL,True,False,-17.5497314360529,0.0,0.0,0.0
43,"['ECOAH4', 'MACPD', 'HACD4', 'ACOATA', 'ACACT4r', 'AACPS8', 'AACPS9', 'FACOAE100', 'FACOAE80', 'FADRx2', 'EAR100x', '3OAS100', '3OAR100', '3HAD100', 'ACOAD4f']","[-0.2965004077419999, -0.2965004077422317, -0.2965004077419999, 0.2965004077422317, -0.2965004077419999, -0.29650040773878944, 0.2965004077420893, -0.2965004077420701, 0.2965004077420893, -0.29650040774184006, 0.2965004077420897, 0.2965004077420897, 0.2965004077420897, 0.2965004077420897, 0.2965004077419999]","[0.2965004077419999, 0.2965004077422317, 0.2965004077419999, 0.2965004077422317, 0.2965004077419999, 0.29650040773878944, 0.2965004077420893, 0.2965004077420701, 0.2965004077420893, 0.29650040774184006, 0.2965004077420897, 0.2965004077420897, 0.2965004077420897, 0.2965004077420897, 0.2965004077419999]","['AACPS9', 'FACOAE80', 'EAR100x', '3OAS100', '3OAR100', '3HAD100']","['ECOAH4', 'MACPD', 'HACD4', 'ACOATA', 'ACACT4r', 'FACOAE100', 'FADRx2', 'ACOAD4f']",['AACPS8'],HACD4,3OAR100,4.44750611612691,1,15,1,-1.0,-0.29650040774583786,iML1515,PSL,True,False,-17.5497314360529,0.0,0.0,6.25686752569637
44,"['ECOAH4', 'MACPD', 'HACD4', 'ACOATA', 'ACACT4r', 'AACPS8', 'AACPS9', 'FACOAE100', 'FACOAE80', 'FADRx2', 'EAR100x', '3OAS100', '3OAR100', '3HAD100', 'ACOAD4f']","[-0.2965004077419735, -0.29650040774199965, -0.2965004077419735, 0.2965004077419735, -0.2965004077419735, -0.2965004077420062, 0.2965004077420062, -0.2965004077420062, 0.2965004077420062, -0.2965004077420046, 0.2965004077420062, 0.2965004077420062, 0.2965004077419735, 0.2965004077420062, 0.2965004077419735]","[0.2965004077419735, 0.29650040774199965, 0.2965004077419735, 0.2965004077419735, 0.2965004077419735, 0.2965004077420062, 0.2965004077420062, 0.2965004077420062, 0.2965004077420062, 0.2965004077420046, 0.2965004077420062, 0.2965004077420062, 0.2965004077419735, 0.2965004077420062, 0.2965004077419735]","['AACPS9', 'FACOAE80', 'EAR100x', '3OAS100', '3OAR100', '3HAD100']","['ECOAH4', 'MACPD', 'HACD4', 'ACOATA', 'ACACT4r', 'AACPS8', 'FACOAE100', 'FADRx2', 'ACOAD4f']",[],HACD4,3HAD100,4.447506116130079,1,15,0,-1.0,-0.2965004077420142,iML1515,PSL,True,False,-17.5497314360529,0.0,0.0,0.0
45,"['TRPS2', 'TRPS3', 'TRPS1']","[-0.04735858344744999, -0.04735858344744999, 0.04735858344744999]","[0.04735858344744999, 0.04735858344744999, 0.04735858344744999]",['TRPS1'],"['TRPS2', 'TRPS3']",[],TRPS3,TRPS1,0.14207575034234998,1,3,0,-1.0,-0.04735858344744999,iML1515,PSL,False,False,0.0,0.0,0.0,0.0
46,"['PYK', 'NDPK2', 'PYK2']","[-0.33252319106617856, -0.3325231910665707, 0.3325231910665496]","[0.33252319106617856, 0.3325231910665707, 0.3325231910665496]",['PYK2'],"['PYK', 'NDPK2']",[],NDPK2,PYK2,0.9975695731992781,1,3,0,1.0,0.33252319106619965,iML1515,PSL,True,False,-234.04801816219,0.0,0.0005867111364514,0.0
47,"['PYK', 'NDPK4', 'PYK6']","[-0.021800128326900037, -0.02180012832684497, 0.021800128326899995]","[0.021800128326900037, 0.02180012832684497, 0.021800128326899995]",['PYK6'],"['PYK', 'NDPK4']",[],NDPK4,PYK6,0.06540038498070003,1,3,0,1.0,0.02180012832684501,iML1515,PSL,True,False,-234.064372007621,0.0,0.002095146345266,0.0
48,"['ASNS2', 'GLUN', 'ASNS1']","[-0.20083428624324995, -0.20083428625132127, 0.20083428624324995]","[0.20083428624324995, 0.20083428625132127, 0.20083428624324995]",['ASNS1'],"['ASNS2', 'GLUN']",[],ASNS2,ASNS1,0.6025028587297497,1,3,0,-1.0,-0.20083428625132127,iML1515,PSL,False,False,0.0,0.0,0.0,0.0
49,"['DMPPS', 'IPDPS', 'IPDDI']","[-0.0002316149077, 0.00023161490770001736, 0.00023161490764778137]","[0.0002316149077, 0.00023161490770001736, 0.00023161490764778137]",['DMPPS'],['IPDDI'],['IPDPS'],DMPPS,IPDDI,0.0006948447231000174,1,3,1,1.0,0.0002316149076477987,iML1515,PSL,False,True,0.0,-0.0018513411196181,0.0,0.0
50,"['DMPPS', 'IPDPS', 'IPDDI']","[0.0017587736336499996, -0.0017587736336499998, -0.0017587736336963644]","[0.0017587736336499996, 0.0017587736336499998, 0.0017587736336963644]",['IPDPS'],['IPDDI'],['DMPPS'],IPDPS,IPDDI,0.005276320900949999,1,3,1,-1.0,-0.0017587736336963646,iML1515,PSL,False,True,0.0,-0.0018513411196181,0.0,0.0
51,"['GTHOr', 'TRDR', 'PAPSR', 'PAPSR2', 'GRXR']","[0.20618892297636648, -0.20618892297711583, -0.20618892297711583, 0.20618892297641, 0.20618892297641]","[0.20618892297636648, 0.20618892297711583, 0.20618892297711583, 0.20618892297641, 0.20618892297641]","['TRDR', 'PAPSR']","['GTHOr', 'PAPSR2', 'GRXR']",[],TRDR,GTHOr,1.0309446148834618,1,5,0,1.0,0.20618892297495484,iML1515,PSL,False,False,0.0,0.0,0.0,0.0003911407576344
52,"['GTHOr', 'TRDR', 'PAPSR', 'PAPSR2', 'GRXR']","[0.2061889229762528, -0.20618892297629926, -0.20618892297629926, 0.20618892297629926, 0.20618892297629926]","[0.2061889229762528, 0.20618892297629926, 0.20618892297629926, 0.20618892297629926, 0.20618892297629926]","['TRDR', 'PAPSR']","['GTHOr', 'PAPSR2', 'GRXR']",[],TRDR,PAPSR2,1.0309446148814962,1,5,0,1.0,0.2061889229762528,iML1515,PSL,False,False,0.0,0.0,0.0,0.0
53,"['GTHOr', 'TRDR', 'PAPSR', 'PAPSR2', 'GRXR']","[0.2061889229762528, -0.20618892297629898, -0.20618892297629898, 0.20618892297629898, 0.20618892297629898]","[0.2061889229762528, 0.20618892297629898, 0.20618892297629898, 0.20618892297629898, 0.20618892297629898]","['TRDR', 'PAPSR']","['GTHOr', 'PAPSR2', 'GRXR']",[],TRDR,GRXR,1.030944614881495,1,5,0,1.0,0.2061889229762528,iML1515,PSL,False,False,0.0,0.0,0.0,0.0
54,"['CYTDK2', 'ACALD', 'CYSDS', 'APRAUR', 'DB4PS', 'GLYK', 'ACP1_FMN', 'RBFSb', 'PMDPHT', 'CPPPGO', 'EX_met__L_e', 'RBFSa', 'PFK_3', 'PFL', 'EX_ile__L_e', 'EX_leu__L_e', 'UPP3S', 'EX_pro__L_e', 'EX_glyc_e', 'UPPDC1', 'EX_arg__L_e', 'EX_thymd_e', 'EX_cytd_e', 'PPS', 'GLUTRS', 'CYTDK1', 'EX_fe2_e', 'ALDD2y', 'TMDK1', 'EX_ura_e', 'EX_val__L_e', 'ABTA', 'FMNAT', 'ASPT', 'SERD_L', 'ICHORS_copy2', 'DHBD', 'ICHORT', 'EX_trp__L_e', 'GLUTRR', 'EX_fmn_e', 'G1SAT', 'EDTXS1', 'OAADC', 'EDTXS2', 'GTPCII2', 'URIC', 'ALLTN', 'UPPRT', 'ADD', 'FCLT', 'IPDPS', 'MALS', 'NADTRHD', 'G3PD2', 'AMPN', 'AACPS4', 'UGLYCH', 'NTPP6', 'NTPP7', 'DHPPDA2', 'GLYCDx', 'DCTPD', 'H2SO', 'GMPR', 'TRPS1', 'PPBNGS', 'CAT', 'FBA3', 'GLUDC', 'SSALy', 'GLYCtex', 'THRabcpp', 'VALabcpp', 'ARGabcpp', 'ASNt2rpp', 'HIStex', 'ILEtex', 'EX_fad_e', 'PHEtex', 'ASPO3', 'LEUtex', 'DHBSH', 'FE2tex', 'ENTERES', 'LADGMDH', 'ALKP', 'ALAGLUE', 'FEENTERtpp', 'EX_pheme_e', 'FEENTERtex', 'TRPtex', 'URAtex', 'VALtex', 'PHEMEabcpp', 'LIPAabcpp', 'FE3Ri', 'PHEMEtiex', '3PEPTabcpp', '4PEPTabcpp', 'AMPTASECG', 'LALGP', 'AGM4PApp', 'FE2t2pp', 'Kabcpp', 'FACOAE140', 'LEUabcpp', 'THRtex', 'THMDtex', 'METabcpp', 'ATPHs', 'METtex', 'ILEabcpp', 'PROabcpp', 'EX_enter_e', 'EX_cgly_e', 'NTPP9', 'NADPHQR2', 'ARGtex', 'EX_enlipa_e', '4PCP', 'MG2uabcpp', '4PCPpp', 'GLYCtpp', 'HISabcpp', 'HMBS', 'DAAD', 'CYTDtex', '4PEPTtex', 'EX_asn__L_e', 'XAND', 'GLUSy', 'EX_phe__L_e', 'EX_thr__L_e', 'DUTPDP', 'EX_g3pe_e', 'EX_his__L_e', 'ANHGMtex', 'HXAND', 'G3PEtex', 'CPPPGO2', '2AGPEAT160', 'LPLIPAL2E161', 'KAS15', '2AGPEAT161', 'FACOAE161', 'G3PEabcpp', 'PROtex', 'PPPGO3', 'MDDCP1pp', 'FACOAE120', '3HAD80', 'ASNtex', 'FADRx2', 'EAR80y', 'EAR140x', 'EAR40y', 'G3PAT161', '3OAR160', 'LPLIPAL2E160', 'PETNT161pp', 'MLTGY1pp', 'CGLYtex', '3HAD40', '3OAS60', '3OAS160', 'PAPA161', 'CGLYabcpp', '3OAR60', '3OAR80', 'EAR160x', '3OAS80', '3OAR40', '3HAD60', '3HAD140', '3HAD160', 'MDDEP1pp', 'EAR60y', '12DGR161tipp', 'FA160ACPHi', 'OPHHX3', 'FA120ACPHi', 'FA140ACPHi', 'EX_LalaDgluMdapDala_e', 'EX_anhgm_e', 'MN2t3pp', 'CTECOAI7', 'SCYSDS', 'RNTR1c2', 'RNTR4c2', 'DM_4crsol_c', 'ALLTAMH2', 'UGCIAMH', 'TRPtipp', 'FMNtex', 'PHEtipp', 'FADt', 'FADtex', 'TYRL', 'FMNt', 'DHGLYH', 'URAtpp', 'OPHHXy', 'ENLIPAabctex']","[-9.063414200483066e-06, 0.00012882799944691214, -0.0001807556277228921, 0.0002885578128607678, 0.0005771156257215356, 0.11596611320848252, -0.00028888342664725624, 0.0002885578128607678, 0.0002885578128607678, 0.00017354985808463113, 0.00022473337888881395, 0.0005771156257215356, -0.00027994348556559245, -0.0008646965972228153, 0.0004964676218607855, 0.0006578435194636301, 6.488717251904795e-05, 0.0003227737918035378, -0.0019339141077529265, 6.521278630553629e-05, 0.00043190113512542316, 0.00015879877730640146, 0.0001949419076936465, -6.927723460558037e-05, 0.0005190973801523836, -0.00018587849345186314, -4.2086906660188106e-05, -0.0001288279995104309, -0.0001587987773522116, 0.00012927013338738524, 0.0006188647747649156, -0.00025068064860356287, 0.0006595183178166042, 0.00034472000257412816, 0.000326547047797561, 1.4621359241573373e-05, 1.4621359241573373e-05, 1.4621359221364026e-05, 0.0002159213646178923, 0.0005190973801523836, -0.0003706348911693483, 0.0005190973801063592, 9.28227075127179e-05, 9.955436752928648e-05, 9.28227075127179e-05, 0.0002885578128607678, -0.00029520588750090154, -0.00029520588750090154, -0.00012927013338738524, -0.00029520588750090154, 6.521278630553629e-05, -3.082379835323088e-06, -9.418244881387121e-05, 0.11306203325443168, 0.11598834956373594, -0.0002797961076066065, -4.4472710598236764e-05, -0.00029520588750090154, -0.00048582293980644405, 3.802210193357714e-05, 0.0002885578128607678, -0.11403219910072959, 3.944891331639222e-05, -0.00010575152274543132, 6.594069077703324e-05, 0.0001329219723965533, 0.0002595486900761918, -0.000147765750643695, -0.00027994348556603654, -0.00025068064860356287, -0.00025068064860356287, 0.0019339141077807653, -0.0002981701917157409, -0.0006188647747649156, -0.00043190113512542316, -0.0002639896410983056, -0.00013833183368205937, -0.0004964676218150998, 0.0006598439315107783, -0.00027051496931562724, -3.326225163924725e-06, -0.0006578435194342092, -1.4621359221364026e-05, 4.2086906660188106e-05, -4.873786407121342e-06, -0.0005010670519512983, 0.11354157526917863, -0.0005010670519141058, 4.873786407121342e-06, 6.553840009202464e-05, 4.873786407121342e-06, -0.00021592136465642398, -0.00012927013335684023, -0.0006188647747649156, 6.553840009202464e-05, 9.278586302297169e-05, 5.700431490810072e-06, 6.553840009202464e-05, -2.0287345064824713e-05, -0.0004807797068864736, -0.00031746523304818086, -0.0005010670519512983, 4.057469012970841e-05, 4.208690670732054e-05, -0.0002850113534799137, 0.00016412248975368124, -0.0006578435194636301, -0.0002981701917406099, -0.00015879877730640146, -0.00022473337888881395, -6.594069077703324e-05, -0.00022473337890005496, -0.0004964676218607855, -0.0003227737918035378, 4.873786407121342e-06, 0.00031746523304818086, -6.594069077703324e-05, 5.855702040946653e-05, -0.00043190113512991957, 9.278586302297169e-05, -0.0004807797068864736, -1.266681433985048e-05, -2.0287345064824713e-05, -0.0019339141077807653, -0.00013833183365172252, 6.488717251904795e-05, -0.00023476900014429702, -0.0001949419076936465, -0.0005416417420747166, 0.0002639896411463505, -0.00029520588750090154, 0.00012383681219389417, 0.000270514969299418, 0.0002981701917157409, 0.00012059245296990343, 0.00018076558868256054, 0.00013833183365172252, -4.057469016061077e-05, -0.00029520588750090154, -0.00018076558865232073, -0.00010833707177909484, -9.317810838999074e-05, 8.758748029252805e-05, 3.725664184123234e-05, -8.758748029252805e-05, -0.00021964767118329287, -0.00018076558868256054, -0.00032277379182232835, 6.521278630553629e-05, 2.0287345064883694e-05, 5.552518142960816e-05, 3.725664184085764e-05, -0.0002639896410983056, 0.00018368559963571895, 3.725664184085764e-05, -0.0002576559990209448, 3.725664184123234e-05, -2.2236355299118382e-05, -0.00018635621677276504, 9.317810838999074e-05, 9.278586302297169e-05, 2.0287345064854204e-05, -0.00031746523302444984, 3.725664184123234e-05, 3.725664184123234e-05, -0.0001863562167799815, -9.278586302297169e-05, -0.00031746523304818086, 3.725664180365129e-05, 3.725664180365129e-05, -0.0001863562167799815, 3.725664184085764e-05, 3.725664180365129e-05, 3.725664184123234e-05, -0.0002576559990209448, -0.0001863562167799815, 2.0287345064883694e-05, 3.725664184085764e-05, 9.278586302297169e-05, -0.0001863562167799815, -0.00018604455183648835, -5.552518142960816e-05, -0.00016412248975368124, 0.0005416417420810067, 4.057469012970841e-05, 1.0089647093716736e-06, 0.00021964767120152828, -2.0047880217423527e-06, -3.820632438230817e-05, 8.114353965351121e-05, 0.00020134905247354398, -0.00029520588750090154, -0.00029520588750090154, 0.0002159213646178923, -0.0003706348911691748, 0.000270514969299418, 0.0006598439315107783, 0.0006598439315439464, 0.00020134905247354398, -0.0003706348911693483, 0.00020167466626003216, 0.00012927013338738524, 0.00018571893805, 9.278586302297169e-05]","[9.063414200483066e-06, 0.00012882799944691214, 0.0001807556277228921, 0.0002885578128607678, 0.0005771156257215356, 0.11596611320848252, 0.00028888342664725624, 0.0002885578128607678, 0.0002885578128607678, 0.00017354985808463113, 0.00022473337888881395, 0.0005771156257215356, 0.00027994348556559245, 0.0008646965972228153, 0.0004964676218607855, 0.0006578435194636301, 6.488717251904795e-05, 0.0003227737918035378, 0.0019339141077529265, 6.521278630553629e-05, 0.00043190113512542316, 0.00015879877730640146, 0.0001949419076936465, 6.927723460558037e-05, 0.0005190973801523836, 0.00018587849345186314, 4.2086906660188106e-05, 0.0001288279995104309, 0.0001587987773522116, 0.00012927013338738524, 0.0006188647747649156, 0.00025068064860356287, 0.0006595183178166042, 0.00034472000257412816, 0.000326547047797561, 1.4621359241573373e-05, 1.4621359241573373e-05, 1.4621359221364026e-05, 0.0002159213646178923, 0.0005190973801523836, 0.0003706348911693483, 0.0005190973801063592, 9.28227075127179e-05, 9.955436752928648e-05, 9.28227075127179e-05, 0.0002885578128607678, 0.00029520588750090154, 0.00029520588750090154, 0.00012927013338738524, 0.00029520588750090154, 6.521278630553629e-05, 3.082379835323088e-06, 9.418244881387121e-05, 0.11306203325443168, 0.11598834956373594, 0.0002797961076066065, 4.4472710598236764e-05, 0.00029520588750090154, 0.00048582293980644405, 3.802210193357714e-05, 0.0002885578128607678, 0.11403219910072959, 3.944891331639222e-05, 0.00010575152274543132, 6.594069077703324e-05, 0.0001329219723965533, 0.0002595486900761918, 0.000147765750643695, 0.00027994348556603654, 0.00025068064860356287, 0.00025068064860356287, 0.0019339141077807653, 0.0002981701917157409, 0.0006188647747649156, 0.00043190113512542316, 0.0002639896410983056, 0.00013833183368205937, 0.0004964676218150998, 0.0006598439315107783, 0.00027051496931562724, 3.326225163924725e-06, 0.0006578435194342092, 1.4621359221364026e-05, 4.2086906660188106e-05, 4.873786407121342e-06, 0.0005010670519512983, 0.11354157526917863, 0.0005010670519141058, 4.873786407121342e-06, 6.553840009202464e-05, 4.873786407121342e-06, 0.00021592136465642398, 0.00012927013335684023, 0.0006188647747649156, 6.553840009202464e-05, 9.278586302297169e-05, 5.700431490810072e-06, 6.553840009202464e-05, 2.0287345064824713e-05, 0.0004807797068864736, 0.00031746523304818086, 0.0005010670519512983, 4.057469012970841e-05, 4.208690670732054e-05, 0.0002850113534799137, 0.00016412248975368124, 0.0006578435194636301, 0.0002981701917406099, 0.00015879877730640146, 0.00022473337888881395, 6.594069077703324e-05, 0.00022473337890005496, 0.0004964676218607855, 0.0003227737918035378, 4.873786407121342e-06, 0.00031746523304818086, 6.594069077703324e-05, 5.855702040946653e-05, 0.00043190113512991957, 9.278586302297169e-05, 0.0004807797068864736, 1.266681433985048e-05, 2.0287345064824713e-05, 0.0019339141077807653, 0.00013833183365172252, 6.488717251904795e-05, 0.00023476900014429702, 0.0001949419076936465, 0.0005416417420747166, 0.0002639896411463505, 0.00029520588750090154, 0.00012383681219389417, 0.000270514969299418, 0.0002981701917157409, 0.00012059245296990343, 0.00018076558868256054, 0.00013833183365172252, 4.057469016061077e-05, 0.00029520588750090154, 0.00018076558865232073, 0.00010833707177909484, 9.317810838999074e-05, 8.758748029252805e-05, 3.725664184123234e-05, 8.758748029252805e-05, 0.00021964767118329287, 0.00018076558868256054, 0.00032277379182232835, 6.521278630553629e-05, 2.0287345064883694e-05, 5.552518142960816e-05, 3.725664184085764e-05, 0.0002639896410983056, 0.00018368559963571895, 3.725664184085764e-05, 0.0002576559990209448, 3.725664184123234e-05, 2.2236355299118382e-05, 0.00018635621677276504, 9.317810838999074e-05, 9.278586302297169e-05, 2.0287345064854204e-05, 0.00031746523302444984, 3.725664184123234e-05, 3.725664184123234e-05, 0.0001863562167799815, 9.278586302297169e-05, 0.00031746523304818086, 3.725664180365129e-05, 3.725664180365129e-05, 0.0001863562167799815, 3.725664184085764e-05, 3.725664180365129e-05, 3.725664184123234e-05, 0.0002576559990209448, 0.0001863562167799815, 2.0287345064883694e-05, 3.725664184085764e-05, 9.278586302297169e-05, 0.0001863562167799815, 0.00018604455183648835, 5.552518142960816e-05, 0.00016412248975368124, 0.0005416417420810067, 4.057469012970841e-05, 1.0089647093716736e-06, 0.00021964767120152828, 2.0047880217423527e-06, 3.820632438230817e-05, 8.114353965351121e-05, 0.00020134905247354398, 0.00029520588750090154, 0.00029520588750090154, 0.0002159213646178923, 0.0003706348911691748, 0.000270514969299418, 0.0006598439315107783, 0.0006598439315439464, 0.00020134905247354398, 0.0003706348911693483, 0.00020167466626003216, 0.00012927013338738524, 0.00018571893805, 9.278586302297169e-05]","['CYTDK2', 'CYSDS', 'ACP1_FMN', 'PFK_3', 'PFL', 'EX_glyc_e', 'PPS', 'CYTDK1', 'ALDD2y', 'TMDK1', 'ABTA', 'EX_fmn_e', 'UPPRT', 'ADD', 'IPDPS', 'G3PD2', 'AMPN', 'UGLYCH', 'NTPP6', 'GLYCDx', 'H2SO', 'CAT', 'FBA3', 'GLUDC', 'SSALy', 'GLYCtex', 'THRabcpp', 'VALabcpp', 'ARGabcpp', 'ASPO3', 'DHBSH', 'ENTERES', 'LADGMDH', 'ALAGLUE', '3PEPTabcpp', '4PEPTabcpp', 'AMPTASECG', 'LALGP', 'Kabcpp', 'LEUabcpp', 'METabcpp', 'ATPHs', 'ILEabcpp', 'PROabcpp', 'NTPP9', '4PCP', 'MG2uabcpp', '4PCPpp', 'GLYCtpp', 'HISabcpp', 'DAAD', 'HXAND', 'CPPPGO2', '2AGPEAT160', '2AGPEAT161', 'FACOAE161', 'G3PEabcpp', 'EAR140x', 'G3PAT161', '3OAR160', '3OAS160', 'PAPA161', 'CGLYabcpp', 'EAR160x', '3HAD140', '3HAD160', 'FA160ACPHi', 'OPHHX3', 'FA120ACPHi', 'FA140ACPHi', 'SCYSDS', 'RNTR1c2', 'FMNtex', 'FMNt']","['GLYK', 'EX_met__L_e', 'EX_ile__L_e', 'EX_leu__L_e', 'EX_pro__L_e', 'EX_arg__L_e', 'EX_thymd_e', 'EX_cytd_e', 'EX_fe2_e', 'EX_ura_e', 'EX_val__L_e', 'ASPT', 'SERD_L', 'ICHORS_copy2', 'DHBD', 'ICHORT', 'EX_trp__L_e', 'EDTXS1', 'OAADC', 'EDTXS2', 'NADTRHD', 'NTPP7', 'DCTPD', 'GMPR', 'TRPS1', 'ASNt2rpp', 'HIStex', 'ILEtex', 'EX_fad_e', 'PHEtex', 'LEUtex', 'FE2tex', 'ALKP', 'FEENTERtpp', 'EX_pheme_e', 'FEENTERtex', 'TRPtex', 'URAtex', 'VALtex', 'PHEMEabcpp', 'LIPAabcpp', 'FE3Ri', 'PHEMEtiex', 'FE2t2pp', 'FACOAE140', 'THRtex', 'THMDtex', 'METtex', 'EX_enter_e', 'EX_cgly_e', 'NADPHQR2', 'ARGtex', 'EX_enlipa_e', 'CYTDtex', '4PEPTtex', 'EX_asn__L_e', 'GLUSy', 'EX_phe__L_e', 'EX_thr__L_e', 'DUTPDP', 'EX_g3pe_e', 'EX_his__L_e', 'ANHGMtex', 'G3PEtex', 'LPLIPAL2E161', 'KAS15', 'PROtex', 'MDDCP1pp', 'FACOAE120', '3HAD80', 'ASNtex', 'FADRx2', 'EAR80y', 'EAR40y', 'LPLIPAL2E160', 'PETNT161pp', 'CGLYtex', '3HAD40', '3OAS60', '3OAR60', '3OAR80', '3OAS80', '3OAR40', '3HAD60', 'MDDEP1pp', 'EAR60y', '12DGR161tipp', 'EX_LalaDgluMdapDala_e', 'EX_anhgm_e', 'MN2t3pp', 'RNTR4c2', 'TRPtipp', 'PHEtipp', 'FADt', 'FADtex', 'DHGLYH', 'URAtpp', 'OPHHXy', 'ENLIPAabctex']","['ACALD', 'APRAUR', 'DB4PS', 'RBFSb', 'PMDPHT', 'CPPPGO', 'RBFSa', 'UPP3S', 'UPPDC1', 'GLUTRS', 'FMNAT', 'GLUTRR', 'G1SAT', 'GTPCII2', 'URIC', 'ALLTN', 'FCLT', 'MALS', 'AACPS4', 'DHPPDA2', 'PPBNGS', 'AGM4PApp', 'HMBS', 'XAND', 'PPPGO3', 'MLTGY1pp', 'CTECOAI7', 'DM_4crsol_c', 'ALLTAMH2', 'UGCIAMH', 'TYRL']",G3PD2,GLYK,0.6360464162510859,1,204,31,-6.0,-0.33747564528874324,iML1515,PSL,True,False,-184.663250689817,0.0,0.0,0.0
55,"['G3PT', 'ALCD19', 'NADTRHD', 'G3PD2', 'GAPP']","[-0.11583078197020186, 0.11583078197020186, 0.11583078196932209, 0.11583078197019998, 0.11583078197020186]","[0.11583078197020186, 0.11583078197020186, 0.11583078196932209, 0.11583078197019998, 0.11583078197020186]","['G3PT', 'G3PD2']","['ALCD19', 'NADTRHD', 'GAPP']",[],G3PD2,ALCD19,0.6949846918248523,1,5,0,-3.0,-0.34749234590972394,iML1515,PSL,True,True,-184.663250689817,-16.5290761622283,0.0,0.24385433745465
56,"['G3PT', 'ALCD19', 'NADTRHD', 'G3PD2', 'GAPP']","[-0.11583078197019284, 0.11583078197019284, 0.11583078197011631, 0.11583078197020003, 0.11583078197019284]","[0.11583078197019284, 0.11583078197019284, 0.11583078197011631, 0.11583078197020003, 0.11583078197019284]","['G3PT', 'G3PD2']","['ALCD19', 'NADTRHD', 'GAPP']",[],G3PD2,GAPP,0.6949846918195471,1,5,0,-3.0,-0.34749234591050915,iML1515,PSL,True,False,-184.663250689817,0.0,0.0,0.0
57,"['MACPD', 'HACD7', 'AACPS1', 'AACPS3', 'ACOATA', 'ACACT7r', 'FACOAE160', 'FACOAE140', 'ECOAH7', 'FADRx2', '3OAR160', '3OAS160', 'EAR160x', '3HAD160', 'ACOAD7f']","[-0.10633290445949946, -0.10633290446025967, 0.10633290446019997, -0.10633290446019997, 0.10633290445946386, -0.10633290446025967, -0.10633290446019997, 0.10633290446019997, -0.10633290446025967, -0.10633290446019998, 0.10633290446014598, 0.10633290446019997, 0.10633290446019997, 0.10633290446019997, 0.10633290446014598]","[0.10633290445949946, 0.10633290446025967, 0.10633290446019997, 0.10633290446019997, 0.10633290445946386, 0.10633290446025967, 0.10633290446019997, 0.10633290446019997, 0.10633290446025967, 0.10633290446019998, 0.10633290446014598, 0.10633290446019997, 0.10633290446019997, 0.10633290446019997, 0.10633290446014598]","['MACPD', 'AACPS3', 'ACOATA', 'FACOAE160', 'FADRx2', 'ACOAD7f']","['AACPS1', 'FACOAE140', '3OAR160', '3OAS160', 'EAR160x', '3HAD160']","['HACD7', 'ACACT7r', 'ECOAH7']",AACPS3,3OAR160,1.5949935669029993,1,15,3,1.0,0.10633290445987728,iML1515,PSL,False,False,0.0,0.0,0.158739126802971,1.50653607134618
58,"['MACPD', 'HACD7', 'AACPS1', 'AACPS3', 'ACOATA', 'ACACT7r', 'FACOAE160', 'FACOAE140', 'ECOAH7', 'FADRx2', '3OAR160', '3OAS160', 'EAR160x', '3HAD160', 'ACOAD7f']","[-0.10633290445949946, -0.10633290446025967, 0.10633290446019997, -0.10633290446019997, 0.10633290445946386, -0.10633290446025967, -0.10633290446019997, 0.10633290446019997, -0.10633290446025967, -0.10633290446019998, 0.10633290446014598, 0.10633290446019997, 0.10633290446019997, 0.10633290446019997, 0.10633290446014598]","[0.10633290445949946, 0.10633290446025967, 0.10633290446019997, 0.10633290446019997, 0.10633290445946386, 0.10633290446025967, 0.10633290446019997, 0.10633290446019997, 0.10633290446025967, 0.10633290446019998, 0.10633290446014598, 0.10633290446019997, 0.10633290446019997, 0.10633290446019997, 0.10633290446014598]","['MACPD', 'AACPS3', 'ACOATA', 'FACOAE160', 'FADRx2', 'ACOAD7f']","['AACPS1', 'FACOAE140', '3OAR160', '3OAS160', 'EAR160x', '3HAD160']","['HACD7', 'ACACT7r', 'ECOAH7']",AACPS3,3OAS160,1.5949935669029993,1,15,3,1.0,0.10633290445987728,iML1515,PSL,False,False,0.0,0.0,0.158739126802971,0.0
59,"['MACPD', 'HACD7', 'AACPS1', 'AACPS3', 'ACOATA', 'ACACT7r', 'FACOAE160', 'FACOAE140', 'ECOAH7', 'FADRx2', '3OAR160', '3OAS160', 'EAR160x', '3HAD160', 'ACOAD7f']","[-0.10633290445949946, -0.10633290446025967, 0.10633290446019997, -0.10633290446019997, 0.10633290445946386, -0.10633290446025967, -0.10633290446019997, 0.10633290446019997, -0.10633290446025967, -0.10633290446019998, 0.10633290446014598, 0.10633290446019997, 0.10633290446019997, 0.10633290446019997, 0.10633290446014598]","[0.10633290445949946, 0.10633290446025967, 0.10633290446019997, 0.10633290446019997, 0.10633290445946386, 0.10633290446025967, 0.10633290446019997, 0.10633290446019997, 0.10633290446025967, 0.10633290446019998, 0.10633290446014598, 0.10633290446019997, 0.10633290446019997, 0.10633290446019997, 0.10633290446014598]","['MACPD', 'AACPS3', 'ACOATA', 'FACOAE160', 'FADRx2', 'ACOAD7f']","['AACPS1', 'FACOAE140', '3OAR160', '3OAS160', 'EAR160x', '3HAD160']","['HACD7', 'ACACT7r', 'ECOAH7']",AACPS3,3HAD160,1.5949935669029993,1,15,3,1.0,0.10633290445987728,iML1515,PSL,False,False,0.0,0.0,0.158739126802971,0.0
60,"['MACPD', 'HACD7', 'AACPS2', 'AACPS4', 'ACOATA', 'ACACT7r', 'ECOAH7', '3OAS161', 'EAR161x', 'FACOAE141', 'FACOAE161', '3HAD161', 'FADRx2', '3OAR161', 'ACOAD6f', 'CTECOAI6', 'CTECOAI7']","[-0.125328659480369, -0.12532865948026028, 0.12532865948019997, -0.12532865948019997, 0.12532865948037397, -0.12532865948026028, -0.12532865948026028, 0.12532865948019997, 0.12532865948019997, 0.12532865948019997, -0.12532865948019997, 0.12532865948019997, -0.12532865948163674, 0.12532865948019997, 0.12532865948026028, -0.1253286594801466, 0.1253286594801466]","[0.125328659480369, 0.12532865948026028, 0.12532865948019997, 0.12532865948019997, 0.12532865948037397, 0.12532865948026028, 0.12532865948026028, 0.12532865948019997, 0.12532865948019997, 0.12532865948019997, 0.12532865948019997, 0.12532865948019997, 0.12532865948163674, 0.12532865948019997, 0.12532865948026028, 0.1253286594801466, 0.1253286594801466]","['MACPD', 'AACPS4', 'ACOATA', 'FACOAE161', 'FADRx2', 'CTECOAI7']","['AACPS2', '3OAS161', 'EAR161x', 'FACOAE141', '3HAD161', '3OAR161', 'CTECOAI6']","['HACD7', 'ACACT7r', 'ECOAH7', 'ACOAD6f']",AACPS4,3OAS161,2.1305872111638218,1,17,4,1.0,0.12532865947864755,iML1515,PSL,False,False,0.0,0.0,0.259408760049782,0.0
61,"['MACPD', 'HACD7', 'AACPS2', 'AACPS4', 'ACOATA', 'ACACT7r', 'ECOAH7', '3OAS161', 'EAR161x', 'FACOAE141', 'FACOAE161', '3HAD161', 'FADRx2', '3OAR161', 'ACOAD6f', 'CTECOAI6', 'CTECOAI7']","[-0.125328659480369, -0.12532865948026028, 0.12532865948019997, -0.12532865948019997, 0.12532865948037397, -0.12532865948026028, -0.12532865948026028, 0.12532865948019997, 0.12532865948019997, 0.12532865948019997, -0.12532865948019997, 0.12532865948019997, -0.12532865948163674, 0.12532865948019997, 0.12532865948026028, -0.1253286594801466, 0.1253286594801466]","[0.125328659480369, 0.12532865948026028, 0.12532865948019997, 0.12532865948019997, 0.12532865948037397, 0.12532865948026028, 0.12532865948026028, 0.12532865948019997, 0.12532865948019997, 0.12532865948019997, 0.12532865948019997, 0.12532865948019997, 0.12532865948163674, 0.12532865948019997, 0.12532865948026028, 0.1253286594801466, 0.1253286594801466]","['MACPD', 'AACPS4', 'ACOATA', 'FACOAE161', 'FADRx2', 'CTECOAI7']","['AACPS2', '3OAS161', 'EAR161x', 'FACOAE141', '3HAD161', '3OAR161', 'CTECOAI6']","['HACD7', 'ACACT7r', 'ECOAH7', 'ACOAD6f']",AACPS4,3HAD161,2.1305872111638218,1,17,4,1.0,0.12532865947864755,iML1515,PSL,False,False,0.0,0.0,0.259408760049782,0.0
62,"['MACPD', 'HACD7', 'AACPS2', 'AACPS4', 'ACOATA', 'ACACT7r', 'ECOAH7', '3OAS161', 'EAR161x', 'FACOAE141', 'FACOAE161', '3HAD161', 'FADRx2', '3OAR161', 'ACOAD6f', 'CTECOAI6', 'CTECOAI7']","[-0.125328659480369, -0.12532865948026028, 0.12532865948019997, -0.12532865948019997, 0.12532865948037397, -0.12532865948026028, -0.12532865948026028, 0.12532865948019997, 0.12532865948019997, 0.12532865948019997, -0.12532865948019997, 0.12532865948019997, -0.12532865948163674, 0.12532865948019997, 0.12532865948026028, -0.1253286594801466, 0.1253286594801466]","[0.125328659480369, 0.12532865948026028, 0.12532865948019997, 0.12532865948019997, 0.12532865948037397, 0.12532865948026028, 0.12532865948026028, 0.12532865948019997, 0.12532865948019997, 0.12532865948019997, 0.12532865948019997, 0.12532865948019997, 0.12532865948163674, 0.12532865948019997, 0.12532865948026028, 0.1253286594801466, 0.1253286594801466]","['MACPD', 'AACPS4', 'ACOATA', 'FACOAE161', 'FADRx2', 'CTECOAI7']","['AACPS2', '3OAS161', 'EAR161x', 'FACOAE141', '3HAD161', '3OAR161', 'CTECOAI6']","['HACD7', 'ACACT7r', 'ECOAH7', 'ACOAD6f']",AACPS4,3OAR161,2.1305872111638218,1,17,4,1.0,0.12532865947864755,iML1515,PSL,False,False,0.0,0.0,0.259408760049782,0.0
63,"['PPM', 'PRPPS', 'R1PK', 'R15BPK']","[-0.7770521855375986, -0.7770521855377659, 0.7770521855373754, 0.7770521855373754]","[0.7770521855375986, 0.7770521855377659, 0.7770521855373754, 0.7770521855373754]",['PRPPS'],"['R1PK', 'R15BPK']",['PPM'],PRPPS,R1PK,3.8852609276865646,1,4,1,-0.0,6.135092434078615e-13,iML1515,PSL,True,False,-999.959073005602,0.0,0.0,0.0
64,"['PPM', 'PRPPS', 'R1PK', 'R15BPK']","[-0.7770521855376273, -0.7770521855375137, 0.7770521855375456, 0.7770521855375456]","[0.7770521855376273, 0.7770521855375137, 0.7770521855375456, 0.7770521855375456]",['PRPPS'],"['R1PK', 'R15BPK']",['PPM'],PRPPS,R15BPK,3.8852609276875625,1,4,1,-0.0,4.973799150320701e-14,iML1515,PSL,True,False,-999.959073005602,0.0,0.0,0.0
65,"['GTHOr', 'TRDR', 'PAPSR', 'PAPSR2', 'GRXR']","[0.20618892297636648, -0.2061889229763798, -0.2061889229763798, 0.2061889229763798, 0.2061889229763798]","[0.20618892297636648, 0.2061889229763798, 0.2061889229763798, 0.2061889229763798, 0.2061889229763798]",['PAPSR'],"['GTHOr', 'PAPSR2', 'GRXR']",['TRDR'],PAPSR,GTHOr,1.030944614881899,1,5,1,1.0,0.20618892297636648,iML1515,PSL,False,False,0.0,0.0,0.0003928947520632,0.0003911407576344
66,"['RNDR1', 'RNDR3', 'RNDR4', 'PAPSR', 'RNDR3b', 'RNDR4b', 'PAPSR2', 'RNDR1b', 'RNDR2b', 'RNDR2']","[0.13937052154625543, 0.022509136551549996, 0.021800128326899995, -0.20618892297625546, -0.022509136551549996, -0.021800128326899995, 0.20618892297625546, -0.13937052154625543, -0.022509136551549996, 0.022509136551549996]","[0.13937052154625543, 0.022509136551549996, 0.021800128326899995, 0.20618892297625546, 0.022509136551549996, 0.021800128326899995, 0.20618892297625546, 0.13937052154625543, 0.022509136551549996, 0.022509136551549996]","['PAPSR', 'RNDR3b', 'RNDR4b', 'RNDR1b', 'RNDR2b']","['RNDR1', 'RNDR3', 'RNDR4', 'PAPSR2', 'RNDR2']",[],PAPSR,PAPSR2,0.8247556919050217,1,10,0,0.0,-2.7755575615628914e-17,iML1515,PSL,False,False,0.0,0.0,0.0003928947520632,0.0
67,"['GTHOr', 'TRDR', 'PAPSR', 'PAPSR2', 'GRXR']","[0.2061889229762528, -0.20618892297673058, -0.2061889229762999, 0.2061889229762999, 0.2061889229762999]","[0.2061889229762528, 0.20618892297673058, 0.2061889229762999, 0.2061889229762999, 0.2061889229762999]",['PAPSR'],"['GTHOr', 'PAPSR2', 'GRXR']",['TRDR'],PAPSR,GRXR,1.0309446148814994,1,5,1,1.0,0.20618892297582211,iML1515,PSL,False,False,0.0,0.0,0.0003928947520632,0.0
68,"['GMPS2', 'GLUN', 'GMPS']","[0.2026447150001731, -0.20264471500001258, -0.2026447150001731]","[0.2026447150001731, 0.20264471500001258, 0.2026447150001731]",['GMPS2'],"['GLUN', 'GMPS']",[],GMPS,GMPS2,0.6079341450003588,1,3,0,-1.0,-0.20264471500001258,iML1515,PSL,False,False,0.0,0.0,0.0,0.0
69,"['ECOAH1', 'ECOAH2', 'ECOAH3', 'MACPD', 'ACOATA', 'ACACT2r', 'ACACT3r', 'HACD1', 'HACD2', 'HACD3', 'ACACT1r', 'KAS15', 'FACOAE80', '3HAD80', 'FADRx2', '3HAD40', '3OAS60', '3OAR60', '3OAR80', '3OAS80', '3OAR40', '3HAD60', 'EAR40x', 'EAR60x', 'EAR80x', 'ACOAD3f', 'ACOAD2f', 'FA80ACPHi', 'ACOAD1fr']","[-0.2965004077419999, -0.2965004077419999, -0.2965004077419999, -0.8895012232272168, 0.8895012232272168, -0.2965004077419999, -0.2965004077419999, -0.2965004077419999, -0.2965004077419999, -0.2965004077419999, -0.2965004077419999, 0.2965004077419465, -0.2965004077419999, 0.2965004077419465, -0.8895012232259998, 0.2965004077419465, 0.2965004077419465, 0.2965004077419465, 0.2965004077419465, 0.2965004077419465, 0.2965004077419465, 0.2965004077419465, 0.2965004077419465, 0.2965004077419465, 0.2965004077419465, 0.2965004077419999, 0.2965004077419999, 0.29650040774163544, -0.2965004077419999]","[0.2965004077419999, 0.2965004077419999, 0.2965004077419999, 0.8895012232272168, 0.8895012232272168, 0.2965004077419999, 0.2965004077419999, 0.2965004077419999, 0.2965004077419999, 0.2965004077419999, 0.2965004077419999, 0.2965004077419465, 0.2965004077419999, 0.2965004077419465, 0.8895012232259998, 0.2965004077419465, 0.2965004077419465, 0.2965004077419465, 0.2965004077419465, 0.2965004077419465, 0.2965004077419465, 0.2965004077419465, 0.2965004077419465, 0.2965004077419465, 0.2965004077419465, 0.2965004077419999, 0.2965004077419999, 0.29650040774163544, 0.2965004077419999]","['KAS15', '3HAD80', '3HAD40', '3OAS60', '3OAR60', '3OAR80', '3OAS80', '3OAR40', '3HAD60', 'EAR40x', 'EAR60x', 'EAR80x', 'FA80ACPHi']","['ECOAH1', 'ECOAH2', 'ECOAH3', 'MACPD', 'ACOATA', 'ACACT2r', 'ACACT3r', 'HACD1', 'HACD2', 'HACD3', 'ACACT1r', 'FACOAE80', 'FADRx2', 'ACOAD3f', 'ACOAD2f', 'ACOAD1fr']",[],ACACT2r,3HAD80,10.377514270969812,1,29,0,-3.0,-0.2965004077409946,iML1515,PSL,True,False,-9.78604669763502,0.0,0.0,0.0
70,"['ECOAH1', 'ECOAH2', 'ECOAH3', 'MACPD', 'ACOATA', 'ACACT2r', 'ACACT3r', 'HACD1', 'HACD2', 'HACD3', 'ACACT1r', 'KAS15', 'FACOAE80', '3HAD80', 'FADRx2', '3HAD40', '3OAS60', '3OAR60', '3OAR80', '3OAS80', '3OAR40', '3HAD60', 'EAR40x', 'EAR60x', 'EAR80x', 'ACOAD3f', 'ACOAD2f', 'FA80ACPHi', 'ACOAD1fr']","[-0.2965004077419999, -0.2965004077419999, -0.2965004077419999, -0.8895012232272168, 0.8895012232272168, -0.2965004077419999, -0.2965004077419999, -0.2965004077419999, -0.2965004077419999, -0.2965004077419999, -0.2965004077419999, 0.2965004077419465, -0.2965004077419999, 0.2965004077419465, -0.8895012232259998, 0.2965004077419465, 0.2965004077419465, 0.2965004077419465, 0.2965004077419465, 0.2965004077419465, 0.2965004077419465, 0.2965004077419465, 0.2965004077419465, 0.2965004077419465, 0.2965004077419465, 0.2965004077419999, 0.2965004077419999, 0.29650040774163544, -0.2965004077419999]","[0.2965004077419999, 0.2965004077419999, 0.2965004077419999, 0.8895012232272168, 0.8895012232272168, 0.2965004077419999, 0.2965004077419999, 0.2965004077419999, 0.2965004077419999, 0.2965004077419999, 0.2965004077419999, 0.2965004077419465, 0.2965004077419999, 0.2965004077419465, 0.8895012232259998, 0.2965004077419465, 0.2965004077419465, 0.2965004077419465, 0.2965004077419465, 0.2965004077419465, 0.2965004077419465, 0.2965004077419465, 0.2965004077419465, 0.2965004077419465, 0.2965004077419465, 0.2965004077419999, 0.2965004077419999, 0.29650040774163544, 0.2965004077419999]","['KAS15', '3HAD80', '3HAD40', '3OAS60', '3OAR60', '3OAR80', '3OAS80', '3OAR40', '3HAD60', 'EAR40x', 'EAR60x', 'EAR80x', 'FA80ACPHi']","['ECOAH1', 'ECOAH2', 'ECOAH3', 'MACPD', 'ACOATA', 'ACACT2r', 'ACACT3r', 'HACD1', 'HACD2', 'HACD3', 'ACACT1r', 'FACOAE80', 'FADRx2', 'ACOAD3f', 'ACOAD2f', 'ACOAD1fr']",[],ACACT2r,3HAD40,10.377514270969812,1,29,0,-3.0,-0.2965004077409946,iML1515,PSL,True,False,-9.78604669763502,0.0,0.0,0.0
71,"['ECOAH1', 'ECOAH2', 'ECOAH3', 'MACPD', 'ACOATA', 'ACACT2r', 'ACACT3r', 'HACD1', 'HACD2', 'HACD3', 'ACACT1r', 'KAS15', 'FACOAE80', '3HAD80', 'FADRx2', '3HAD40', '3OAS60', '3OAR60', '3OAR80', '3OAS80', '3OAR40', '3HAD60', 'EAR40x', 'EAR60x', 'EAR80x', 'ACOAD3f', 'ACOAD2f', 'FA80ACPHi', 'ACOAD1fr']","[-0.2965004077419999, -0.2965004077419999, -0.2965004077419999, -0.8895012232272168, 0.8895012232272168, -0.2965004077419999, -0.2965004077419999, -0.2965004077419999, -0.2965004077419999, -0.2965004077419999, -0.2965004077419999, 0.2965004077419465, -0.2965004077419999, 0.2965004077419465, -0.8895012232259998, 0.2965004077419465, 0.2965004077419465, 0.2965004077419465, 0.2965004077419465, 0.2965004077419465, 0.2965004077419465, 0.2965004077419465, 0.2965004077419465, 0.2965004077419465, 0.2965004077419465, 0.2965004077419999, 0.2965004077419999, 0.29650040774163544, -0.2965004077419999]","[0.2965004077419999, 0.2965004077419999, 0.2965004077419999, 0.8895012232272168, 0.8895012232272168, 0.2965004077419999, 0.2965004077419999, 0.2965004077419999, 0.2965004077419999, 0.2965004077419999, 0.2965004077419999, 0.2965004077419465, 0.2965004077419999, 0.2965004077419465, 0.8895012232259998, 0.2965004077419465, 0.2965004077419465, 0.2965004077419465, 0.2965004077419465, 0.2965004077419465, 0.2965004077419465, 0.2965004077419465, 0.2965004077419465, 0.2965004077419465, 0.2965004077419465, 0.2965004077419999, 0.2965004077419999, 0.29650040774163544, 0.2965004077419999]","['KAS15', '3HAD80', '3HAD40', '3OAS60', '3OAR60', '3OAR80', '3OAS80', '3OAR40', '3HAD60', 'EAR40x', 'EAR60x', 'EAR80x', 'FA80ACPHi']","['ECOAH1', 'ECOAH2', 'ECOAH3', 'MACPD', 'ACOATA', 'ACACT2r', 'ACACT3r', 'HACD1', 'HACD2', 'HACD3', 'ACACT1r', 'FACOAE80', 'FADRx2', 'ACOAD3f', 'ACOAD2f', 'ACOAD1fr']",[],ACACT2r,3OAS60,10.377514270969812,1,29,0,-3.0,-0.2965004077409946,iML1515,PSL,True,False,-9.78604669763502,0.0,0.0,0.0
72,"['ECOAH1', 'ECOAH2', 'ECOAH3', 'MACPD', 'ACOATA', 'ACACT2r', 'ACACT3r', 'HACD1', 'HACD2', 'HACD3', 'ACACT1r', 'KAS15', 'FACOAE80', '3HAD80', 'FADRx2', '3HAD40', '3OAS60', '3OAR60', '3OAR80', '3OAS80', '3OAR40', '3HAD60', 'EAR40x', 'EAR60x', 'EAR80x', 'ACOAD3f', 'ACOAD2f', 'FA80ACPHi', 'ACOAD1fr']","[-0.2965004077419999, -0.2965004077419999, -0.2965004077419999, -0.8895012232272168, 0.8895012232272168, -0.2965004077419999, -0.2965004077419999, -0.2965004077419999, -0.2965004077419999, -0.2965004077419999, -0.2965004077419999, 0.2965004077419465, -0.2965004077419999, 0.2965004077419465, -0.8895012232259998, 0.2965004077419465, 0.2965004077419465, 0.2965004077419465, 0.2965004077419465, 0.2965004077419465, 0.2965004077419465, 0.2965004077419465, 0.2965004077419465, 0.2965004077419465, 0.2965004077419465, 0.2965004077419999, 0.2965004077419999, 0.29650040774163544, -0.2965004077419999]","[0.2965004077419999, 0.2965004077419999, 0.2965004077419999, 0.8895012232272168, 0.8895012232272168, 0.2965004077419999, 0.2965004077419999, 0.2965004077419999, 0.2965004077419999, 0.2965004077419999, 0.2965004077419999, 0.2965004077419465, 0.2965004077419999, 0.2965004077419465, 0.8895012232259998, 0.2965004077419465, 0.2965004077419465, 0.2965004077419465, 0.2965004077419465, 0.2965004077419465, 0.2965004077419465, 0.2965004077419465, 0.2965004077419465, 0.2965004077419465, 0.2965004077419465, 0.2965004077419999, 0.2965004077419999, 0.29650040774163544, 0.2965004077419999]","['KAS15', '3HAD80', '3HAD40', '3OAS60', '3OAR60', '3OAR80', '3OAS80', '3OAR40', '3HAD60', 'EAR40x', 'EAR60x', 'EAR80x', 'FA80ACPHi']","['ECOAH1', 'ECOAH2', 'ECOAH3', 'MACPD', 'ACOATA', 'ACACT2r', 'ACACT3r', 'HACD1', 'HACD2', 'HACD3', 'ACACT1r', 'FACOAE80', 'FADRx2', 'ACOAD3f', 'ACOAD2f', 'ACOAD1fr']",[],ACACT2r,3OAR60,10.377514270969812,1,29,0,-3.0,-0.2965004077409946,iML1515,PSL,True,False,-9.78604669763502,0.0,0.0,0.0
73,"['ECOAH1', 'ECOAH2', 'ECOAH3', 'MACPD', 'ACOATA', 'ACACT2r', 'ACACT3r', 'HACD1', 'HACD2', 'HACD3', 'ACACT1r', 'KAS15', 'FACOAE80', '3HAD80', 'FADRx2', '3HAD40', '3OAS60', '3OAR60', '3OAR80', '3OAS80', '3OAR40', '3HAD60', 'EAR40x', 'EAR60x', 'EAR80x', 'ACOAD3f', 'ACOAD2f', 'FA80ACPHi', 'ACOAD1fr']","[-0.2965004077419999, -0.2965004077419999, -0.2965004077419999, -0.8895012232272168, 0.8895012232272168, -0.2965004077419999, -0.2965004077419999, -0.2965004077419999, -0.2965004077419999, -0.2965004077419999, -0.2965004077419999, 0.2965004077419465, -0.2965004077419999, 0.2965004077419465, -0.8895012232259998, 0.2965004077419465, 0.2965004077419465, 0.2965004077419465, 0.2965004077419465, 0.2965004077419465, 0.2965004077419465, 0.2965004077419465, 0.2965004077419465, 0.2965004077419465, 0.2965004077419465, 0.2965004077419999, 0.2965004077419999, 0.29650040774163544, -0.2965004077419999]","[0.2965004077419999, 0.2965004077419999, 0.2965004077419999, 0.8895012232272168, 0.8895012232272168, 0.2965004077419999, 0.2965004077419999, 0.2965004077419999, 0.2965004077419999, 0.2965004077419999, 0.2965004077419999, 0.2965004077419465, 0.2965004077419999, 0.2965004077419465, 0.8895012232259998, 0.2965004077419465, 0.2965004077419465, 0.2965004077419465, 0.2965004077419465, 0.2965004077419465, 0.2965004077419465, 0.2965004077419465, 0.2965004077419465, 0.2965004077419465, 0.2965004077419465, 0.2965004077419999, 0.2965004077419999, 0.29650040774163544, 0.2965004077419999]","['KAS15', '3HAD80', '3HAD40', '3OAS60', '3OAR60', '3OAR80', '3OAS80', '3OAR40', '3HAD60', 'EAR40x', 'EAR60x', 'EAR80x', 'FA80ACPHi']","['ECOAH1', 'ECOAH2', 'ECOAH3', 'MACPD', 'ACOATA', 'ACACT2r', 'ACACT3r', 'HACD1', 'HACD2', 'HACD3', 'ACACT1r', 'FACOAE80', 'FADRx2', 'ACOAD3f', 'ACOAD2f', 'ACOAD1fr']",[],ACACT2r,3OAR80,10.377514270969812,1,29,0,-3.0,-0.2965004077409946,iML1515,PSL,True,False,-9.78604669763502,0.0,0.0,0.0
74,"['ECOAH1', 'ECOAH2', 'ECOAH3', 'MACPD', 'ACOATA', 'ACACT2r', 'ACACT3r', 'HACD1', 'HACD2', 'HACD3', 'ACACT1r', 'KAS15', 'FACOAE80', '3HAD80', 'FADRx2', '3HAD40', '3OAS60', '3OAR60', '3OAR80', '3OAS80', '3OAR40', '3HAD60', 'EAR40x', 'EAR60x', 'EAR80x', 'ACOAD3f', 'ACOAD2f', 'FA80ACPHi', 'ACOAD1fr']","[-0.2965004077419999, -0.2965004077419999, -0.2965004077419999, -0.8895012232272168, 0.8895012232272168, -0.2965004077419999, -0.2965004077419999, -0.2965004077419999, -0.2965004077419999, -0.2965004077419999, -0.2965004077419999, 0.2965004077419465, -0.2965004077419999, 0.2965004077419465, -0.8895012232259998, 0.2965004077419465, 0.2965004077419465, 0.2965004077419465, 0.2965004077419465, 0.2965004077419465, 0.2965004077419465, 0.2965004077419465, 0.2965004077419465, 0.2965004077419465, 0.2965004077419465, 0.2965004077419999, 0.2965004077419999, 0.29650040774163544, -0.2965004077419999]","[0.2965004077419999, 0.2965004077419999, 0.2965004077419999, 0.8895012232272168, 0.8895012232272168, 0.2965004077419999, 0.2965004077419999, 0.2965004077419999, 0.2965004077419999, 0.2965004077419999, 0.2965004077419999, 0.2965004077419465, 0.2965004077419999, 0.2965004077419465, 0.8895012232259998, 0.2965004077419465, 0.2965004077419465, 0.2965004077419465, 0.2965004077419465, 0.2965004077419465, 0.2965004077419465, 0.2965004077419465, 0.2965004077419465, 0.2965004077419465, 0.2965004077419465, 0.2965004077419999, 0.2965004077419999, 0.29650040774163544, 0.2965004077419999]","['KAS15', '3HAD80', '3HAD40', '3OAS60', '3OAR60', '3OAR80', '3OAS80', '3OAR40', '3HAD60', 'EAR40x', 'EAR60x', 'EAR80x', 'FA80ACPHi']","['ECOAH1', 'ECOAH2', 'ECOAH3', 'MACPD', 'ACOATA', 'ACACT2r', 'ACACT3r', 'HACD1', 'HACD2', 'HACD3', 'ACACT1r', 'FACOAE80', 'FADRx2', 'ACOAD3f', 'ACOAD2f', 'ACOAD1fr']",[],ACACT2r,3OAS80,10.377514270969812,1,29,0,-3.0,-0.2965004077409946,iML1515,PSL,True,False,-9.78604669763502,0.0,0.0,0.0
75,"['ECOAH4', 'ECOAH1', 'ECOAH2', 'ECOAH3', 'MACPD', 'HACD4', 'ACOATA', 'ACACT2r', 'ACACT3r', 'ACACT4r', 'HACD1', 'HACD2', 'HACD3', 'ACACT1r', 'KAS15', 'FACOAE100', '3HAD80', 'FADRx2', '3HAD40', '3OAS60', '3OAR60', '3OAR80', 'EAR100x', '3OAS80', '3OAS100', '3OAR40', '3OAR100', '3HAD60', '3HAD100', 'EAR40x', 'EAR60x', 'EAR80x', 'ACOAD3f', 'ACOAD2f', 'ACOAD4f', 'FA100ACPHi']","[-0.296500407742005, -0.2965004077419735, -0.296500407742005, -0.296500407742005, -1.1860016309680042, -0.296500407742005, 1.1860016309680042, -0.296500407742005, -0.296500407742005, -0.296500407742005, -0.296500407742005, -0.296500407742005, -0.296500407742005, -0.296500407742005, 0.2965004077419967, -0.296500407742005, 0.296500407742005, -1.186001630967898, 0.2965004077419967, 0.2965004077419967, 0.2965004077419967, 0.296500407742005, 0.296500407742005, 0.296500407742005, 0.296500407742005, 0.2965004077419967, 0.296500407742005, 0.2965004077419967, 0.296500407742005, 0.2965004077419967, 0.296500407742005, 0.296500407742005, 0.296500407742005, 0.296500407742005, 0.296500407742005, 0.296500407742005]","[0.296500407742005, 0.2965004077419735, 0.296500407742005, 0.296500407742005, 1.1860016309680042, 0.296500407742005, 1.1860016309680042, 0.296500407742005, 0.296500407742005, 0.296500407742005, 0.296500407742005, 0.296500407742005, 0.296500407742005, 0.296500407742005, 0.2965004077419967, 0.296500407742005, 0.296500407742005, 1.186001630967898, 0.2965004077419967, 0.2965004077419967, 0.2965004077419967, 0.296500407742005, 0.296500407742005, 0.296500407742005, 0.296500407742005, 0.2965004077419967, 0.296500407742005, 0.2965004077419967, 0.296500407742005, 0.2965004077419967, 0.296500407742005, 0.296500407742005, 0.296500407742005, 0.296500407742005, 0.296500407742005, 0.296500407742005]","['KAS15', '3HAD80', '3HAD40', '3OAS60', '3OAR60', '3OAR80', 'EAR100x', '3OAS80', '3OAS100', '3OAR40', '3OAR100', '3HAD60', '3HAD100', 'EAR40x', 'EAR60x', 'EAR80x', 'FA100ACPHi']","['ECOAH4', 'ECOAH1', 'ECOAH2', 'ECOAH3', 'MACPD', 'HACD4', 'ACOATA', 'ACACT2r', 'ACACT3r', 'ACACT4r', 'HACD1', 'HACD2', 'HACD3', 'ACACT1r', 'FACOAE100', 'FADRx2', 'ACOAD3f', 'ACOAD2f', 'ACOAD4f']",[],ACACT2r,3OAS100,13.639018756130765,1,36,0,-6.0,-0.8895012232261101,iML1515,PSL,True,False,-9.78604669763502,0.0,0.0,0.0
76,"['ECOAH1', 'ECOAH2', 'ECOAH3', 'MACPD', 'ACOATA', 'ACACT2r', 'ACACT3r', 'HACD1', 'HACD2', 'HACD3', 'ACACT1r', 'KAS15', 'FACOAE80', '3HAD80', 'FADRx2', '3HAD40', '3OAS60', '3OAR60', '3OAR80', '3OAS80', '3OAR40', '3HAD60', 'EAR40x', 'EAR60x', 'EAR80x', 'ACOAD3f', 'ACOAD2f', 'FA80ACPHi', 'ACOAD1fr']","[-0.2965004077419999, -0.2965004077419999, -0.2965004077419999, -0.8895012232272168, 0.8895012232272168, -0.2965004077419999, -0.2965004077419999, -0.2965004077419999, -0.2965004077419999, -0.2965004077419999, -0.2965004077419999, 0.2965004077419465, -0.2965004077419999, 0.2965004077419465, -0.8895012232259998, 0.2965004077419465, 0.2965004077419465, 0.2965004077419465, 0.2965004077419465, 0.2965004077419465, 0.2965004077419465, 0.2965004077419465, 0.2965004077419465, 0.2965004077419465, 0.2965004077419465, 0.2965004077419999, 0.2965004077419999, 0.29650040774163544, -0.2965004077419999]","[0.2965004077419999, 0.2965004077419999, 0.2965004077419999, 0.8895012232272168, 0.8895012232272168, 0.2965004077419999, 0.2965004077419999, 0.2965004077419999, 0.2965004077419999, 0.2965004077419999, 0.2965004077419999, 0.2965004077419465, 0.2965004077419999, 0.2965004077419465, 0.8895012232259998, 0.2965004077419465, 0.2965004077419465, 0.2965004077419465, 0.2965004077419465, 0.2965004077419465, 0.2965004077419465, 0.2965004077419465, 0.2965004077419465, 0.2965004077419465, 0.2965004077419465, 0.2965004077419999, 0.2965004077419999, 0.29650040774163544, 0.2965004077419999]","['KAS15', '3HAD80', '3HAD40', '3OAS60', '3OAR60', '3OAR80', '3OAS80', '3OAR40', '3HAD60', 'EAR40x', 'EAR60x', 'EAR80x', 'FA80ACPHi']","['ECOAH1', 'ECOAH2', 'ECOAH3', 'MACPD', 'ACOATA', 'ACACT2r', 'ACACT3r', 'HACD1', 'HACD2', 'HACD3', 'ACACT1r', 'FACOAE80', 'FADRx2', 'ACOAD3f', 'ACOAD2f', 'ACOAD1fr']",[],ACACT2r,3OAR40,10.377514270969812,1,29,0,-3.0,-0.2965004077409946,iML1515,PSL,True,False,-9.78604669763502,0.0,0.0,0.0001955703788172
77,"['ECOAH4', 'ECOAH1', 'ECOAH2', 'ECOAH3', 'MACPD', 'HACD4', 'ACOATA', 'ACACT2r', 'ACACT3r', 'ACACT4r', 'HACD1', 'HACD2', 'HACD3', 'ACACT1r', 'KAS15', 'FACOAE100', '3HAD80', 'FADRx2', '3HAD40', '3OAS60', '3OAR60', '3OAR80', 'EAR100x', '3OAS80', '3OAS100', '3OAR40', '3OAR100', '3HAD60', '3HAD100', 'EAR40x', 'EAR60x', 'EAR80x', 'ACOAD3f', 'ACOAD2f', 'ACOAD4f', 'FA100ACPHi']","[-0.296500407742005, -0.2965004077419735, -0.296500407742005, -0.296500407742005, -1.1860016309680042, -0.296500407742005, 1.1860016309680042, -0.296500407742005, -0.296500407742005, -0.296500407742005, -0.296500407742005, -0.296500407742005, -0.296500407742005, -0.296500407742005, 0.2965004077419967, -0.296500407742005, 0.296500407742005, -1.186001630967898, 0.2965004077419967, 0.2965004077419967, 0.2965004077419967, 0.296500407742005, 0.296500407742005, 0.296500407742005, 0.296500407742005, 0.2965004077419967, 0.296500407742005, 0.2965004077419967, 0.296500407742005, 0.2965004077419967, 0.296500407742005, 0.296500407742005, 0.296500407742005, 0.296500407742005, 0.296500407742005, 0.296500407742005]","[0.296500407742005, 0.2965004077419735, 0.296500407742005, 0.296500407742005, 1.1860016309680042, 0.296500407742005, 1.1860016309680042, 0.296500407742005, 0.296500407742005, 0.296500407742005, 0.296500407742005, 0.296500407742005, 0.296500407742005, 0.296500407742005, 0.2965004077419967, 0.296500407742005, 0.296500407742005, 1.186001630967898, 0.2965004077419967, 0.2965004077419967, 0.2965004077419967, 0.296500407742005, 0.296500407742005, 0.296500407742005, 0.296500407742005, 0.2965004077419967, 0.296500407742005, 0.2965004077419967, 0.296500407742005, 0.2965004077419967, 0.296500407742005, 0.296500407742005, 0.296500407742005, 0.296500407742005, 0.296500407742005, 0.296500407742005]","['KAS15', '3HAD80', '3HAD40', '3OAS60', '3OAR60', '3OAR80', 'EAR100x', '3OAS80', '3OAS100', '3OAR40', '3OAR100', '3HAD60', '3HAD100', 'EAR40x', 'EAR60x', 'EAR80x', 'FA100ACPHi']","['ECOAH4', 'ECOAH1', 'ECOAH2', 'ECOAH3', 'MACPD', 'HACD4', 'ACOATA', 'ACACT2r', 'ACACT3r', 'ACACT4r', 'HACD1', 'HACD2', 'HACD3', 'ACACT1r', 'FACOAE100', 'FADRx2', 'ACOAD3f', 'ACOAD2f', 'ACOAD4f']",[],ACACT2r,3OAR100,13.639018756130765,1,36,0,-6.0,-0.8895012232261101,iML1515,PSL,True,False,-9.78604669763502,0.0,0.0,6.25686752569637
78,"['ECOAH1', 'ECOAH2', 'ECOAH3', 'MACPD', 'ACOATA', 'ACACT2r', 'ACACT3r', 'HACD1', 'HACD2', 'HACD3', 'ACACT1r', 'KAS15', 'FACOAE80', '3HAD80', 'FADRx2', '3HAD40', '3OAS60', '3OAR60', '3OAR80', '3OAS80', '3OAR40', '3HAD60', 'EAR40x', 'EAR60x', 'EAR80x', 'ACOAD3f', 'ACOAD2f', 'FA80ACPHi', 'ACOAD1fr']","[-0.2965004077419999, -0.2965004077419999, -0.2965004077419999, -0.8895012232272168, 0.8895012232272168, -0.2965004077419999, -0.2965004077419999, -0.2965004077419999, -0.2965004077419999, -0.2965004077419999, -0.2965004077419999, 0.2965004077419465, -0.2965004077419999, 0.2965004077419465, -0.8895012232259998, 0.2965004077419465, 0.2965004077419465, 0.2965004077419465, 0.2965004077419465, 0.2965004077419465, 0.2965004077419465, 0.2965004077419465, 0.2965004077419465, 0.2965004077419465, 0.2965004077419465, 0.2965004077419999, 0.2965004077419999, 0.29650040774163544, -0.2965004077419999]","[0.2965004077419999, 0.2965004077419999, 0.2965004077419999, 0.8895012232272168, 0.8895012232272168, 0.2965004077419999, 0.2965004077419999, 0.2965004077419999, 0.2965004077419999, 0.2965004077419999, 0.2965004077419999, 0.2965004077419465, 0.2965004077419999, 0.2965004077419465, 0.8895012232259998, 0.2965004077419465, 0.2965004077419465, 0.2965004077419465, 0.2965004077419465, 0.2965004077419465, 0.2965004077419465, 0.2965004077419465, 0.2965004077419465, 0.2965004077419465, 0.2965004077419465, 0.2965004077419999, 0.2965004077419999, 0.29650040774163544, 0.2965004077419999]","['KAS15', '3HAD80', '3HAD40', '3OAS60', '3OAR60', '3OAR80', '3OAS80', '3OAR40', '3HAD60', 'EAR40x', 'EAR60x', 'EAR80x', 'FA80ACPHi']","['ECOAH1', 'ECOAH2', 'ECOAH3', 'MACPD', 'ACOATA', 'ACACT2r', 'ACACT3r', 'HACD1', 'HACD2', 'HACD3', 'ACACT1r', 'FACOAE80', 'FADRx2', 'ACOAD3f', 'ACOAD2f', 'ACOAD1fr']",[],ACACT2r,3HAD60,10.377514270969812,1,29,0,-3.0,-0.2965004077409946,iML1515,PSL,True,False,-9.78604669763502,0.0,0.0,0.0001955703788172
79,"['ECOAH4', 'ECOAH1', 'ECOAH2', 'ECOAH3', 'MACPD', 'HACD4', 'ACOATA', 'ACACT2r', 'ACACT3r', 'ACACT4r', 'HACD1', 'HACD2', 'HACD3', 'ACACT1r', 'KAS15', 'FACOAE100', '3HAD80', 'FADRx2', '3HAD40', '3OAS60', '3OAR60', '3OAR80', 'EAR100x', '3OAS80', '3OAS100', '3OAR40', '3OAR100', '3HAD60', '3HAD100', 'EAR40x', 'EAR60x', 'EAR80x', 'ACOAD3f', 'ACOAD2f', 'ACOAD4f', 'FA100ACPHi']","[-0.296500407742005, -0.2965004077419735, -0.296500407742005, -0.296500407742005, -1.1860016309680042, -0.296500407742005, 1.1860016309680042, -0.296500407742005, -0.296500407742005, -0.296500407742005, -0.296500407742005, -0.296500407742005, -0.296500407742005, -0.296500407742005, 0.2965004077419967, -0.296500407742005, 0.296500407742005, -1.186001630967898, 0.2965004077419967, 0.2965004077419967, 0.2965004077419967, 0.296500407742005, 0.296500407742005, 0.296500407742005, 0.296500407742005, 0.2965004077419967, 0.296500407742005, 0.2965004077419967, 0.296500407742005, 0.2965004077419967, 0.296500407742005, 0.296500407742005, 0.296500407742005, 0.296500407742005, 0.296500407742005, 0.296500407742005]","[0.296500407742005, 0.2965004077419735, 0.296500407742005, 0.296500407742005, 1.1860016309680042, 0.296500407742005, 1.1860016309680042, 0.296500407742005, 0.296500407742005, 0.296500407742005, 0.296500407742005, 0.296500407742005, 0.296500407742005, 0.296500407742005, 0.2965004077419967, 0.296500407742005, 0.296500407742005, 1.186001630967898, 0.2965004077419967, 0.2965004077419967, 0.2965004077419967, 0.296500407742005, 0.296500407742005, 0.296500407742005, 0.296500407742005, 0.2965004077419967, 0.296500407742005, 0.2965004077419967, 0.296500407742005, 0.2965004077419967, 0.296500407742005, 0.296500407742005, 0.296500407742005, 0.296500407742005, 0.296500407742005, 0.296500407742005]","['KAS15', '3HAD80', '3HAD40', '3OAS60', '3OAR60', '3OAR80', 'EAR100x', '3OAS80', '3OAS100', '3OAR40', '3OAR100', '3HAD60', '3HAD100', 'EAR40x', 'EAR60x', 'EAR80x', 'FA100ACPHi']","['ECOAH4', 'ECOAH1', 'ECOAH2', 'ECOAH3', 'MACPD', 'HACD4', 'ACOATA', 'ACACT2r', 'ACACT3r', 'ACACT4r', 'HACD1', 'HACD2', 'HACD3', 'ACACT1r', 'FACOAE100', 'FADRx2', 'ACOAD3f', 'ACOAD2f', 'ACOAD4f']",[],ACACT2r,3HAD100,13.639018756130765,1,36,0,-6.0,-0.8895012232261101,iML1515,PSL,True,False,-9.78604669763502,0.0,0.0,0.0
80,"['ECOAH1', 'ECOAH2', 'ECOAH3', 'MACPD', 'ACOATA', 'ACACT2r', 'ACACT3r', 'HACD1', 'HACD2', 'HACD3', 'ACACT1r', 'KAS15', 'FACOAE80', '3HAD80', 'FADRx2', '3HAD40', '3OAS60', '3OAR60', '3OAR80', '3OAS80', '3OAR40', '3HAD60', 'EAR40x', 'EAR60x', 'EAR80x', 'ACOAD3f', 'ACOAD2f', 'FA80ACPHi']","[-0.2965004077419735, -0.2965004077419735, -0.2965004077419735, -0.8895012232260575, 0.8895012232260575, -0.2965004077419735, -0.2965004077419735, -0.2965004077419735, -0.2965004077419735, -0.2965004077419735, -0.2965004077419735, 0.296500407742003, -0.2965004077419735, 0.296500407742003, -0.8895012232267667, 0.296500407742003, 0.296500407742003, 0.296500407742003, 0.296500407742003, 0.296500407742003, 0.296500407742003, 0.296500407742003, 0.296500407742003, 0.296500407742003, 0.296500407742003, 0.2965004077419735, 0.2965004077419735, 0.2965004077419735]","[0.2965004077419735, 0.2965004077419735, 0.2965004077419735, 0.8895012232260575, 0.8895012232260575, 0.2965004077419735, 0.2965004077419735, 0.2965004077419735, 0.2965004077419735, 0.2965004077419735, 0.2965004077419735, 0.296500407742003, 0.2965004077419735, 0.296500407742003, 0.8895012232267667, 0.296500407742003, 0.296500407742003, 0.296500407742003, 0.296500407742003, 0.296500407742003, 0.296500407742003, 0.296500407742003, 0.296500407742003, 0.296500407742003, 0.296500407742003, 0.2965004077419735, 0.2965004077419735, 0.2965004077419735]","['KAS15', '3HAD80', '3HAD40', '3OAS60', '3OAR60', '3OAR80', '3OAS80', '3OAR40', '3HAD60', 'EAR40x', 'EAR60x', 'EAR80x', 'FA80ACPHi']","['ECOAH1', 'ECOAH2', 'ECOAH3', 'MACPD', 'ACOATA', 'ACACT2r', 'ACACT3r', 'HACD1', 'HACD2', 'HACD3', 'ACACT1r', 'FACOAE80', 'FADRx2', 'ACOAD3f', 'ACOAD2f']",[],ACACT3r,3HAD80,10.377514270973725,1,28,0,-4.0,-0.5930008154834547,iML1515,PSL,True,False,-9.78604669763479,0.0,0.0,0.0
81,"['ECOAH1', 'ECOAH2', 'ECOAH3', 'MACPD', 'ACOATA', 'ACACT2r', 'ACACT3r', 'HACD1', 'HACD2', 'HACD3', 'ACACT1r', 'KAS15', 'FACOAE80', '3HAD80', 'FADRx2', '3HAD40', '3OAS60', '3OAR60', '3OAR80', '3OAS80', '3OAR40', '3HAD60', 'EAR40x', 'EAR60x', 'EAR80x', 'ACOAD3f', 'ACOAD2f', 'FA80ACPHi']","[-0.2965004077419735, -0.2965004077419735, -0.2965004077419735, -0.8895012232260575, 0.8895012232260575, -0.2965004077419735, -0.2965004077419735, -0.2965004077419735, -0.2965004077419735, -0.2965004077419735, -0.2965004077419735, 0.296500407742003, -0.2965004077419735, 0.296500407742003, -0.8895012232267667, 0.296500407742003, 0.296500407742003, 0.296500407742003, 0.296500407742003, 0.296500407742003, 0.296500407742003, 0.296500407742003, 0.296500407742003, 0.296500407742003, 0.296500407742003, 0.2965004077419735, 0.2965004077419735, 0.2965004077419735]","[0.2965004077419735, 0.2965004077419735, 0.2965004077419735, 0.8895012232260575, 0.8895012232260575, 0.2965004077419735, 0.2965004077419735, 0.2965004077419735, 0.2965004077419735, 0.2965004077419735, 0.2965004077419735, 0.296500407742003, 0.2965004077419735, 0.296500407742003, 0.8895012232267667, 0.296500407742003, 0.296500407742003, 0.296500407742003, 0.296500407742003, 0.296500407742003, 0.296500407742003, 0.296500407742003, 0.296500407742003, 0.296500407742003, 0.296500407742003, 0.2965004077419735, 0.2965004077419735, 0.2965004077419735]","['KAS15', '3HAD80', '3HAD40', '3OAS60', '3OAR60', '3OAR80', '3OAS80', '3OAR40', '3HAD60', 'EAR40x', 'EAR60x', 'EAR80x', 'FA80ACPHi']","['ECOAH1', 'ECOAH2', 'ECOAH3', 'MACPD', 'ACOATA', 'ACACT2r', 'ACACT3r', 'HACD1', 'HACD2', 'HACD3', 'ACACT1r', 'FACOAE80', 'FADRx2', 'ACOAD3f', 'ACOAD2f']",[],ACACT3r,3HAD40,10.377514270973725,1,28,0,-4.0,-0.5930008154834547,iML1515,PSL,True,False,-9.78604669763479,0.0,0.0,0.0
82,"['ECOAH1', 'ECOAH2', 'ECOAH3', 'MACPD', 'ACOATA', 'ACACT2r', 'ACACT3r', 'HACD1', 'HACD2', 'HACD3', 'ACACT1r', 'KAS15', 'FACOAE80', '3HAD80', 'FADRx2', '3HAD40', '3OAS60', '3OAR60', '3OAR80', '3OAS80', '3OAR40', '3HAD60', 'EAR40x', 'EAR60x', 'EAR80x', 'ACOAD3f', 'ACOAD2f', 'FA80ACPHi']","[-0.2965004077419735, -0.2965004077419735, -0.2965004077419735, -0.8895012232260575, 0.8895012232260575, -0.2965004077419735, -0.2965004077419735, -0.2965004077419735, -0.2965004077419735, -0.2965004077419735, -0.2965004077419735, 0.296500407742003, -0.2965004077419735, 0.296500407742003, -0.8895012232267667, 0.296500407742003, 0.296500407742003, 0.296500407742003, 0.296500407742003, 0.296500407742003, 0.296500407742003, 0.296500407742003, 0.296500407742003, 0.296500407742003, 0.296500407742003, 0.2965004077419735, 0.2965004077419735, 0.2965004077419735]","[0.2965004077419735, 0.2965004077419735, 0.2965004077419735, 0.8895012232260575, 0.8895012232260575, 0.2965004077419735, 0.2965004077419735, 0.2965004077419735, 0.2965004077419735, 0.2965004077419735, 0.2965004077419735, 0.296500407742003, 0.2965004077419735, 0.296500407742003, 0.8895012232267667, 0.296500407742003, 0.296500407742003, 0.296500407742003, 0.296500407742003, 0.296500407742003, 0.296500407742003, 0.296500407742003, 0.296500407742003, 0.296500407742003, 0.296500407742003, 0.2965004077419735, 0.2965004077419735, 0.2965004077419735]","['KAS15', '3HAD80', '3HAD40', '3OAS60', '3OAR60', '3OAR80', '3OAS80', '3OAR40', '3HAD60', 'EAR40x', 'EAR60x', 'EAR80x', 'FA80ACPHi']","['ECOAH1', 'ECOAH2', 'ECOAH3', 'MACPD', 'ACOATA', 'ACACT2r', 'ACACT3r', 'HACD1', 'HACD2', 'HACD3', 'ACACT1r', 'FACOAE80', 'FADRx2', 'ACOAD3f', 'ACOAD2f']",[],ACACT3r,3OAS60,10.377514270973725,1,28,0,-4.0,-0.5930008154834547,iML1515,PSL,True,False,-9.78604669763479,0.0,0.0,0.0
83,"['ECOAH1', 'ECOAH2', 'ECOAH3', 'MACPD', 'ACOATA', 'ACACT2r', 'ACACT3r', 'HACD1', 'HACD2', 'HACD3', 'ACACT1r', 'KAS15', 'FACOAE80', '3HAD80', 'FADRx2', '3HAD40', '3OAS60', '3OAR60', '3OAR80', '3OAS80', '3OAR40', '3HAD60', 'EAR40x', 'EAR60x', 'EAR80x', 'ACOAD3f', 'ACOAD2f', 'FA80ACPHi']","[-0.2965004077419735, -0.2965004077419735, -0.2965004077419735, -0.8895012232260575, 0.8895012232260575, -0.2965004077419735, -0.2965004077419735, -0.2965004077419735, -0.2965004077419735, -0.2965004077419735, -0.2965004077419735, 0.296500407742003, -0.2965004077419735, 0.296500407742003, -0.8895012232267667, 0.296500407742003, 0.296500407742003, 0.296500407742003, 0.296500407742003, 0.296500407742003, 0.296500407742003, 0.296500407742003, 0.296500407742003, 0.296500407742003, 0.296500407742003, 0.2965004077419735, 0.2965004077419735, 0.2965004077419735]","[0.2965004077419735, 0.2965004077419735, 0.2965004077419735, 0.8895012232260575, 0.8895012232260575, 0.2965004077419735, 0.2965004077419735, 0.2965004077419735, 0.2965004077419735, 0.2965004077419735, 0.2965004077419735, 0.296500407742003, 0.2965004077419735, 0.296500407742003, 0.8895012232267667, 0.296500407742003, 0.296500407742003, 0.296500407742003, 0.296500407742003, 0.296500407742003, 0.296500407742003, 0.296500407742003, 0.296500407742003, 0.296500407742003, 0.296500407742003, 0.2965004077419735, 0.2965004077419735, 0.2965004077419735]","['KAS15', '3HAD80', '3HAD40', '3OAS60', '3OAR60', '3OAR80', '3OAS80', '3OAR40', '3HAD60', 'EAR40x', 'EAR60x', 'EAR80x', 'FA80ACPHi']","['ECOAH1', 'ECOAH2', 'ECOAH3', 'MACPD', 'ACOATA', 'ACACT2r', 'ACACT3r', 'HACD1', 'HACD2', 'HACD3', 'ACACT1r', 'FACOAE80', 'FADRx2', 'ACOAD3f', 'ACOAD2f']",[],ACACT3r,3OAR60,10.377514270973725,1,28,0,-4.0,-0.5930008154834547,iML1515,PSL,True,False,-9.78604669763479,0.0,0.0,0.0
84,"['ECOAH1', 'ECOAH2', 'ECOAH3', 'MACPD', 'ACOATA', 'ACACT2r', 'ACACT3r', 'HACD1', 'HACD2', 'HACD3', 'ACACT1r', 'KAS15', 'FACOAE80', '3HAD80', 'FADRx2', '3HAD40', '3OAS60', '3OAR60', '3OAR80', '3OAS80', '3OAR40', '3HAD60', 'EAR40x', 'EAR60x', 'EAR80x', 'ACOAD3f', 'ACOAD2f', 'FA80ACPHi']","[-0.2965004077419735, -0.2965004077419735, -0.2965004077419735, -0.8895012232260575, 0.8895012232260575, -0.2965004077419735, -0.2965004077419735, -0.2965004077419735, -0.2965004077419735, -0.2965004077419735, -0.2965004077419735, 0.296500407742003, -0.2965004077419735, 0.296500407742003, -0.8895012232267667, 0.296500407742003, 0.296500407742003, 0.296500407742003, 0.296500407742003, 0.296500407742003, 0.296500407742003, 0.296500407742003, 0.296500407742003, 0.296500407742003, 0.296500407742003, 0.2965004077419735, 0.2965004077419735, 0.2965004077419735]","[0.2965004077419735, 0.2965004077419735, 0.2965004077419735, 0.8895012232260575, 0.8895012232260575, 0.2965004077419735, 0.2965004077419735, 0.2965004077419735, 0.2965004077419735, 0.2965004077419735, 0.2965004077419735, 0.296500407742003, 0.2965004077419735, 0.296500407742003, 0.8895012232267667, 0.296500407742003, 0.296500407742003, 0.296500407742003, 0.296500407742003, 0.296500407742003, 0.296500407742003, 0.296500407742003, 0.296500407742003, 0.296500407742003, 0.296500407742003, 0.2965004077419735, 0.2965004077419735, 0.2965004077419735]","['KAS15', '3HAD80', '3HAD40', '3OAS60', '3OAR60', '3OAR80', '3OAS80', '3OAR40', '3HAD60', 'EAR40x', 'EAR60x', 'EAR80x', 'FA80ACPHi']","['ECOAH1', 'ECOAH2', 'ECOAH3', 'MACPD', 'ACOATA', 'ACACT2r', 'ACACT3r', 'HACD1', 'HACD2', 'HACD3', 'ACACT1r', 'FACOAE80', 'FADRx2', 'ACOAD3f', 'ACOAD2f']",[],ACACT3r,3OAR80,10.377514270973725,1,28,0,-4.0,-0.5930008154834547,iML1515,PSL,True,False,-9.78604669763479,0.0,0.0,0.0
85,"['ECOAH1', 'ECOAH2', 'ECOAH3', 'MACPD', 'ACOATA', 'ACACT2r', 'ACACT3r', 'HACD1', 'HACD2', 'HACD3', 'ACACT1r', 'KAS15', 'FACOAE80', '3HAD80', 'FADRx2', '3HAD40', '3OAS60', '3OAR60', '3OAR80', '3OAS80', '3OAR40', '3HAD60', 'EAR40x', 'EAR60x', 'EAR80x', 'ACOAD3f', 'ACOAD2f', 'FA80ACPHi']","[-0.2965004077419735, -0.2965004077419735, -0.2965004077419735, -0.8895012232260575, 0.8895012232260575, -0.2965004077419735, -0.2965004077419735, -0.2965004077419735, -0.2965004077419735, -0.2965004077419735, -0.2965004077419735, 0.296500407742003, -0.2965004077419735, 0.296500407742003, -0.8895012232267667, 0.296500407742003, 0.296500407742003, 0.296500407742003, 0.296500407742003, 0.296500407742003, 0.296500407742003, 0.296500407742003, 0.296500407742003, 0.296500407742003, 0.296500407742003, 0.2965004077419735, 0.2965004077419735, 0.2965004077419735]","[0.2965004077419735, 0.2965004077419735, 0.2965004077419735, 0.8895012232260575, 0.8895012232260575, 0.2965004077419735, 0.2965004077419735, 0.2965004077419735, 0.2965004077419735, 0.2965004077419735, 0.2965004077419735, 0.296500407742003, 0.2965004077419735, 0.296500407742003, 0.8895012232267667, 0.296500407742003, 0.296500407742003, 0.296500407742003, 0.296500407742003, 0.296500407742003, 0.296500407742003, 0.296500407742003, 0.296500407742003, 0.296500407742003, 0.296500407742003, 0.2965004077419735, 0.2965004077419735, 0.2965004077419735]","['KAS15', '3HAD80', '3HAD40', '3OAS60', '3OAR60', '3OAR80', '3OAS80', '3OAR40', '3HAD60', 'EAR40x', 'EAR60x', 'EAR80x', 'FA80ACPHi']","['ECOAH1', 'ECOAH2', 'ECOAH3', 'MACPD', 'ACOATA', 'ACACT2r', 'ACACT3r', 'HACD1', 'HACD2', 'HACD3', 'ACACT1r', 'FACOAE80', 'FADRx2', 'ACOAD3f', 'ACOAD2f']",[],ACACT3r,3OAS80,10.377514270973725,1,28,0,-4.0,-0.5930008154834547,iML1515,PSL,True,False,-9.78604669763479,0.0,0.0,0.0
86,"['ECOAH4', 'ECOAH1', 'ECOAH2', 'ECOAH3', 'MACPD', 'HACD4', 'ACOATA', 'ACACT2r', 'ACACT3r', 'ACACT4r', 'HACD1', 'HACD2', 'HACD3', 'ACACT1r', 'KAS15', 'FACOAE100', '3HAD80', 'FADRx2', '3HAD40', '3OAS60', '3OAR60', '3OAR80', 'EAR100x', '3OAS80', '3OAS100', '3OAR40', '3OAR100', '3HAD60', '3HAD100', 'EAR40x', 'EAR60x', 'EAR80x', 'ACOAD3f', 'ACOAD2f', 'ACOAD4f', 'FA100ACPHi']","[-0.2965004077411777, -0.2965004077411777, -0.2965004077411777, -0.2965004077411777, -1.186001630971059, -0.2965004077411777, 1.1860016309710772, -0.2965004077411777, -0.2965004077411777, -0.2965004077411777, -0.2965004077411777, -0.2965004077411777, -0.2965004077411777, -0.2965004077411777, 0.2965004077419824, -0.2965004077412131, 0.2965004077419824, -1.1860016309664745, 0.2965004077419824, 0.2965004077419824, 0.2965004077419735, 0.2965004077419735, 0.2965004077419824, 0.2965004077419824, 0.2965004077419824, 0.2965004077419735, 0.2965004077419735, 0.2965004077419824, 0.2965004077419824, 0.2965004077408491, 0.2965004077419824, 0.2965004077419824, 0.2965004077411777, 0.2965004077411777, 0.2965004077411777, 0.2965004077312189]","[0.2965004077411777, 0.2965004077411777, 0.2965004077411777, 0.2965004077411777, 1.186001630971059, 0.2965004077411777, 1.1860016309710772, 0.2965004077411777, 0.2965004077411777, 0.2965004077411777, 0.2965004077411777, 0.2965004077411777, 0.2965004077411777, 0.2965004077411777, 0.2965004077419824, 0.2965004077412131, 0.2965004077419824, 1.1860016309664745, 0.2965004077419824, 0.2965004077419824, 0.2965004077419735, 0.2965004077419735, 0.2965004077419824, 0.2965004077419824, 0.2965004077419824, 0.2965004077419735, 0.2965004077419735, 0.2965004077419824, 0.2965004077419824, 0.2965004077408491, 0.2965004077419824, 0.2965004077419824, 0.2965004077411777, 0.2965004077411777, 0.2965004077411777, 0.2965004077312189]","['KAS15', '3HAD80', '3HAD40', '3OAS60', '3OAR60', '3OAR80', 'EAR100x', '3OAS80', '3OAS100', '3OAR40', '3OAR100', '3HAD60', '3HAD100', 'EAR40x', 'EAR60x', 'EAR80x', 'FA100ACPHi']","['ECOAH4', 'ECOAH1', 'ECOAH2', 'ECOAH3', 'MACPD', 'HACD4', 'ACOATA', 'ACACT2r', 'ACACT3r', 'ACACT4r', 'HACD1', 'HACD2', 'HACD3', 'ACACT1r', 'FACOAE100', 'FADRx2', 'ACOAD3f', 'ACOAD2f', 'ACOAD4f']",[],ACACT3r,3OAS100,13.63901875612902,1,36,0,-6.0,-0.8895012232234994,iML1515,PSL,True,False,-9.78604669763479,0.0,0.0,0.0
87,"['ECOAH1', 'ECOAH2', 'ECOAH3', 'MACPD', 'ACOATA', 'ACACT2r', 'ACACT3r', 'HACD1', 'HACD2', 'HACD3', 'ACACT1r', 'KAS15', 'FACOAE80', '3HAD80', 'FADRx2', '3HAD40', '3OAS60', '3OAR60', '3OAR80', '3OAS80', '3OAR40', '3HAD60', 'EAR40x', 'EAR60x', 'EAR80x', 'ACOAD3f', 'ACOAD2f', 'FA80ACPHi']","[-0.2965004077419735, -0.2965004077419735, -0.2965004077419735, -0.8895012232260575, 0.8895012232260575, -0.2965004077419735, -0.2965004077419735, -0.2965004077419735, -0.2965004077419735, -0.2965004077419735, -0.2965004077419735, 0.296500407742003, -0.2965004077419735, 0.296500407742003, -0.8895012232267667, 0.296500407742003, 0.296500407742003, 0.296500407742003, 0.296500407742003, 0.296500407742003, 0.296500407742003, 0.296500407742003, 0.296500407742003, 0.296500407742003, 0.296500407742003, 0.2965004077419735, 0.2965004077419735, 0.2965004077419735]","[0.2965004077419735, 0.2965004077419735, 0.2965004077419735, 0.8895012232260575, 0.8895012232260575, 0.2965004077419735, 0.2965004077419735, 0.2965004077419735, 0.2965004077419735, 0.2965004077419735, 0.2965004077419735, 0.296500407742003, 0.2965004077419735, 0.296500407742003, 0.8895012232267667, 0.296500407742003, 0.296500407742003, 0.296500407742003, 0.296500407742003, 0.296500407742003, 0.296500407742003, 0.296500407742003, 0.296500407742003, 0.296500407742003, 0.296500407742003, 0.2965004077419735, 0.2965004077419735, 0.2965004077419735]","['KAS15', '3HAD80', '3HAD40', '3OAS60', '3OAR60', '3OAR80', '3OAS80', '3OAR40', '3HAD60', 'EAR40x', 'EAR60x', 'EAR80x', 'FA80ACPHi']","['ECOAH1', 'ECOAH2', 'ECOAH3', 'MACPD', 'ACOATA', 'ACACT2r', 'ACACT3r', 'HACD1', 'HACD2', 'HACD3', 'ACACT1r', 'FACOAE80', 'FADRx2', 'ACOAD3f', 'ACOAD2f']",[],ACACT3r,3OAR40,10.377514270973725,1,28,0,-4.0,-0.5930008154834547,iML1515,PSL,True,False,-9.78604669763479,0.0,0.0,0.0001955703788172
88,"['ECOAH4', 'ECOAH1', 'ECOAH2', 'ECOAH3', 'MACPD', 'HACD4', 'ACOATA', 'ACACT2r', 'ACACT3r', 'ACACT4r', 'HACD1', 'HACD2', 'HACD3', 'ACACT1r', 'KAS15', 'FACOAE100', '3HAD80', 'FADRx2', '3HAD40', '3OAS60', '3OAR60', '3OAR80', 'EAR100x', '3OAS80', '3OAS100', '3OAR40', '3OAR100', '3HAD60', '3HAD100', 'EAR40x', 'EAR60x', 'EAR80x', 'ACOAD3f', 'ACOAD2f', 'ACOAD4f', 'FA100ACPHi']","[-0.2965004077411777, -0.2965004077411777, -0.2965004077411777, -0.2965004077411777, -1.186001630971059, -0.2965004077411777, 1.1860016309710772, -0.2965004077411777, -0.2965004077411777, -0.2965004077411777, -0.2965004077411777, -0.2965004077411777, -0.2965004077411777, -0.2965004077411777, 0.2965004077419824, -0.2965004077412131, 0.2965004077419824, -1.1860016309664745, 0.2965004077419824, 0.2965004077419824, 0.2965004077419735, 0.2965004077419735, 0.2965004077419824, 0.2965004077419824, 0.2965004077419824, 0.2965004077419735, 0.2965004077419735, 0.2965004077419824, 0.2965004077419824, 0.2965004077408491, 0.2965004077419824, 0.2965004077419824, 0.2965004077411777, 0.2965004077411777, 0.2965004077411777, 0.2965004077312189]","[0.2965004077411777, 0.2965004077411777, 0.2965004077411777, 0.2965004077411777, 1.186001630971059, 0.2965004077411777, 1.1860016309710772, 0.2965004077411777, 0.2965004077411777, 0.2965004077411777, 0.2965004077411777, 0.2965004077411777, 0.2965004077411777, 0.2965004077411777, 0.2965004077419824, 0.2965004077412131, 0.2965004077419824, 1.1860016309664745, 0.2965004077419824, 0.2965004077419824, 0.2965004077419735, 0.2965004077419735, 0.2965004077419824, 0.2965004077419824, 0.2965004077419824, 0.2965004077419735, 0.2965004077419735, 0.2965004077419824, 0.2965004077419824, 0.2965004077408491, 0.2965004077419824, 0.2965004077419824, 0.2965004077411777, 0.2965004077411777, 0.2965004077411777, 0.2965004077312189]","['KAS15', '3HAD80', '3HAD40', '3OAS60', '3OAR60', '3OAR80', 'EAR100x', '3OAS80', '3OAS100', '3OAR40', '3OAR100', '3HAD60', '3HAD100', 'EAR40x', 'EAR60x', 'EAR80x', 'FA100ACPHi']","['ECOAH4', 'ECOAH1', 'ECOAH2', 'ECOAH3', 'MACPD', 'HACD4', 'ACOATA', 'ACACT2r', 'ACACT3r', 'ACACT4r', 'HACD1', 'HACD2', 'HACD3', 'ACACT1r', 'FACOAE100', 'FADRx2', 'ACOAD3f', 'ACOAD2f', 'ACOAD4f']",[],ACACT3r,3OAR100,13.63901875612902,1,36,0,-6.0,-0.8895012232234994,iML1515,PSL,True,False,-9.78604669763479,0.0,0.0,6.25686752569637
89,"['ECOAH1', 'ECOAH2', 'ECOAH3', 'MACPD', 'ACOATA', 'ACACT2r', 'ACACT3r', 'HACD1', 'HACD2', 'HACD3', 'ACACT1r', 'KAS15', 'FACOAE80', '3HAD80', 'FADRx2', '3HAD40', '3OAS60', '3OAR60', '3OAR80', '3OAS80', '3OAR40', '3HAD60', 'EAR40x', 'EAR60x', 'EAR80x', 'ACOAD3f', 'ACOAD2f', 'FA80ACPHi']","[-0.2965004077419735, -0.2965004077419735, -0.2965004077419735, -0.8895012232260575, 0.8895012232260575, -0.2965004077419735, -0.2965004077419735, -0.2965004077419735, -0.2965004077419735, -0.2965004077419735, -0.2965004077419735, 0.296500407742003, -0.2965004077419735, 0.296500407742003, -0.8895012232267667, 0.296500407742003, 0.296500407742003, 0.296500407742003, 0.296500407742003, 0.296500407742003, 0.296500407742003, 0.296500407742003, 0.296500407742003, 0.296500407742003, 0.296500407742003, 0.2965004077419735, 0.2965004077419735, 0.2965004077419735]","[0.2965004077419735, 0.2965004077419735, 0.2965004077419735, 0.8895012232260575, 0.8895012232260575, 0.2965004077419735, 0.2965004077419735, 0.2965004077419735, 0.2965004077419735, 0.2965004077419735, 0.2965004077419735, 0.296500407742003, 0.2965004077419735, 0.296500407742003, 0.8895012232267667, 0.296500407742003, 0.296500407742003, 0.296500407742003, 0.296500407742003, 0.296500407742003, 0.296500407742003, 0.296500407742003, 0.296500407742003, 0.296500407742003, 0.296500407742003, 0.2965004077419735, 0.2965004077419735, 0.2965004077419735]","['KAS15', '3HAD80', '3HAD40', '3OAS60', '3OAR60', '3OAR80', '3OAS80', '3OAR40', '3HAD60', 'EAR40x', 'EAR60x', 'EAR80x', 'FA80ACPHi']","['ECOAH1', 'ECOAH2', 'ECOAH3', 'MACPD', 'ACOATA', 'ACACT2r', 'ACACT3r', 'HACD1', 'HACD2', 'HACD3', 'ACACT1r', 'FACOAE80', 'FADRx2', 'ACOAD3f', 'ACOAD2f']",[],ACACT3r,3HAD60,10.377514270973725,1,28,0,-4.0,-0.5930008154834547,iML1515,PSL,True,False,-9.78604669763479,0.0,0.0,0.0001955703788172
90,"['ECOAH4', 'ECOAH1', 'ECOAH2', 'ECOAH3', 'MACPD', 'HACD4', 'ACOATA', 'ACACT2r', 'ACACT3r', 'ACACT4r', 'HACD1', 'HACD2', 'HACD3', 'ACACT1r', 'KAS15', 'FACOAE100', '3HAD80', 'FADRx2', '3HAD40', '3OAS60', '3OAR60', '3OAR80', 'EAR100x', '3OAS80', '3OAS100', '3OAR40', '3OAR100', '3HAD60', '3HAD100', 'EAR40x', 'EAR60x', 'EAR80x', 'ACOAD3f', 'ACOAD2f', 'ACOAD4f', 'FA100ACPHi']","[-0.2965004077411777, -0.2965004077411777, -0.2965004077411777, -0.2965004077411777, -1.186001630971059, -0.2965004077411777, 1.1860016309710772, -0.2965004077411777, -0.2965004077411777, -0.2965004077411777, -0.2965004077411777, -0.2965004077411777, -0.2965004077411777, -0.2965004077411777, 0.2965004077419824, -0.2965004077412131, 0.2965004077419824, -1.1860016309664745, 0.2965004077419824, 0.2965004077419824, 0.2965004077419735, 0.2965004077419735, 0.2965004077419824, 0.2965004077419824, 0.2965004077419824, 0.2965004077419735, 0.2965004077419735, 0.2965004077419824, 0.2965004077419824, 0.2965004077408491, 0.2965004077419824, 0.2965004077419824, 0.2965004077411777, 0.2965004077411777, 0.2965004077411777, 0.2965004077312189]","[0.2965004077411777, 0.2965004077411777, 0.2965004077411777, 0.2965004077411777, 1.186001630971059, 0.2965004077411777, 1.1860016309710772, 0.2965004077411777, 0.2965004077411777, 0.2965004077411777, 0.2965004077411777, 0.2965004077411777, 0.2965004077411777, 0.2965004077411777, 0.2965004077419824, 0.2965004077412131, 0.2965004077419824, 1.1860016309664745, 0.2965004077419824, 0.2965004077419824, 0.2965004077419735, 0.2965004077419735, 0.2965004077419824, 0.2965004077419824, 0.2965004077419824, 0.2965004077419735, 0.2965004077419735, 0.2965004077419824, 0.2965004077419824, 0.2965004077408491, 0.2965004077419824, 0.2965004077419824, 0.2965004077411777, 0.2965004077411777, 0.2965004077411777, 0.2965004077312189]","['KAS15', '3HAD80', '3HAD40', '3OAS60', '3OAR60', '3OAR80', 'EAR100x', '3OAS80', '3OAS100', '3OAR40', '3OAR100', '3HAD60', '3HAD100', 'EAR40x', 'EAR60x', 'EAR80x', 'FA100ACPHi']","['ECOAH4', 'ECOAH1', 'ECOAH2', 'ECOAH3', 'MACPD', 'HACD4', 'ACOATA', 'ACACT2r', 'ACACT3r', 'ACACT4r', 'HACD1', 'HACD2', 'HACD3', 'ACACT1r', 'FACOAE100', 'FADRx2', 'ACOAD3f', 'ACOAD2f', 'ACOAD4f']",[],ACACT3r,3HAD100,13.63901875612902,1,36,0,-6.0,-0.8895012232234994,iML1515,PSL,True,False,-9.78604669763479,0.0,0.0,0.0
91,"['ECOAH4', 'MACPD', 'HACD4', 'ACOATA', 'ACACT4r', 'AACPS8', 'AACPS9', 'FACOAE100', 'FACOAE80', 'FADRx2', 'EAR100x', '3OAS100', '3OAR100', '3HAD100', 'ACOAD4f']","[-0.2965004077419999, -0.2965004077422317, -0.2965004077419999, 0.2965004077422317, -0.2965004077419999, -0.29650040773878944, 0.2965004077420893, -0.2965004077420701, 0.2965004077420893, -0.29650040774184006, 0.2965004077420897, 0.2965004077420897, 0.2965004077420897, 0.2965004077420897, 0.2965004077419999]","[0.2965004077419999, 0.2965004077422317, 0.2965004077419999, 0.2965004077422317, 0.2965004077419999, 0.29650040773878944, 0.2965004077420893, 0.2965004077420701, 0.2965004077420893, 0.29650040774184006, 0.2965004077420897, 0.2965004077420897, 0.2965004077420897, 0.2965004077420897, 0.2965004077419999]","['AACPS9', 'FACOAE80', 'EAR100x', '3OAS100', '3OAR100', '3HAD100']","['ECOAH4', 'MACPD', 'HACD4', 'ACOATA', 'ACACT4r', 'FACOAE100', 'FADRx2', 'ACOAD4f']",['AACPS8'],ACACT4r,3OAS100,4.44750611612691,1,15,1,-1.0,-0.29650040774583786,iML1515,PSL,True,False,-17.5497314360529,0.0,0.0,0.0
92,"['ECOAH4', 'MACPD', 'HACD4', 'ACOATA', 'ACACT4r', 'AACPS8', 'AACPS9', 'FACOAE100', 'FACOAE80', 'FADRx2', 'EAR100x', '3OAS100', '3OAR100', '3HAD100', 'ACOAD4f']","[-0.2965004077419735, -0.29650040774199965, -0.2965004077419735, 0.2965004077419735, -0.2965004077419735, -0.2965004077420062, 0.2965004077420062, -0.2965004077420062, 0.2965004077420062, -0.2965004077420046, 0.2965004077420062, 0.2965004077420062, 0.2965004077419735, 0.2965004077420062, 0.2965004077419735]","[0.2965004077419735, 0.29650040774199965, 0.2965004077419735, 0.2965004077419735, 0.2965004077419735, 0.2965004077420062, 0.2965004077420062, 0.2965004077420062, 0.2965004077420062, 0.2965004077420046, 0.2965004077420062, 0.2965004077420062, 0.2965004077419735, 0.2965004077420062, 0.2965004077419735]","['AACPS9', 'FACOAE80', 'EAR100x', '3OAS100', '3OAR100', '3HAD100']","['ECOAH4', 'MACPD', 'HACD4', 'ACOATA', 'ACACT4r', 'AACPS8', 'FACOAE100', 'FADRx2', 'ACOAD4f']",[],ACACT4r,3OAR100,4.447506116130079,1,15,0,-1.0,-0.2965004077420142,iML1515,PSL,True,False,-17.5497314360529,0.0,0.0,6.25686752569637
93,"['ECOAH4', 'MACPD', 'HACD4', 'ACOATA', 'ACACT4r', 'AACPS8', 'AACPS9', 'FACOAE100', 'FACOAE80', 'FADRx2', 'EAR100x', '3OAS100', '3OAR100', '3HAD100', 'ACOAD4f']","[-0.2965004077419999, -0.2965004077422317, -0.2965004077419999, 0.2965004077422317, -0.2965004077419999, -0.29650040773878944, 0.2965004077420893, -0.2965004077420701, 0.2965004077420893, -0.29650040774184006, 0.2965004077420897, 0.2965004077420897, 0.2965004077420897, 0.2965004077420897, 0.2965004077419999]","[0.2965004077419999, 0.2965004077422317, 0.2965004077419999, 0.2965004077422317, 0.2965004077419999, 0.29650040773878944, 0.2965004077420893, 0.2965004077420701, 0.2965004077420893, 0.29650040774184006, 0.2965004077420897, 0.2965004077420897, 0.2965004077420897, 0.2965004077420897, 0.2965004077419999]","['AACPS9', 'FACOAE80', 'EAR100x', '3OAS100', '3OAR100', '3HAD100']","['ECOAH4', 'MACPD', 'HACD4', 'ACOATA', 'ACACT4r', 'FACOAE100', 'FADRx2', 'ACOAD4f']",['AACPS8'],ACACT4r,3HAD100,4.44750611612691,1,15,1,-1.0,-0.29650040774583786,iML1515,PSL,True,False,-17.5497314360529,0.0,0.0,0.0
94,"['CYSDS', 'APRAUR', 'ME1', 'DB4PS', 'ACP1_FMN', 'RBFSb', 'PMDPHT', 'CPPPGO', 'EX_met__L_e', 'RBFSa', 'EX_hxan_e', 'EX_ile__L_e', 'EX_leu__L_e', 'EX_glcn_e', 'UPP3S', 'EX_pro__L_e', 'UPPDC1', 'EX_arg__L_e', 'EX_thymd_e', 'EX_tyr__L_e', 'EX_cytd_e', 'EX_fum_e', 'EX_gua_e', 'MGSA', 'GLUTRS', 'NTPP2', 'CYTDK1', 'TMDK1', 'FTHFD', 'EX_ura_e', 'EX_val__L_e', 'FMNAT', 'ASPT', 'THRD', 'EX_trp__L_e', 'GLUTRR', 'EX_fmn_e', 'G1SAT', 'EDTXS1', 'EDTXS2', 'GLYCL', 'CITL', 'GTPCII2', 'URIC', 'DHAPT', 'G3PD6', 'ALLTN', 'UPPRT', 'AOBUTDs', 'GLYAT', 'F6PA', 'EX_h2s_e', 'EX_gthrd_e', 'ADD', 'FCLT', 'MALS', 'UGLYCH', 'NTPP7', 'NTPP8', 'DHPPDA2', 'GART', 'H2SO', 'GLUCYS', 'GMPR', 'METAT', 'TRPS1', 'PPBNGS', 'ME2', 'Kt2pp', 'GUAtex', 'THRabcpp', 'VALabcpp', 'ARGabcpp', 'ASNt2rpp', 'GUAtpp', 'HYXNtpp', 'HIStex', 'HYXNtex', 'ILEtex', 'GLCNtex', 'EX_fad_e', 'PHEtex', 'LEUtex', 'FUMtex', 'LADGMDH', 'ALAGLUE', 'EX_pheme_e', 'TRPtex', 'TYRtex', 'URAtex', 'VALtex', 'PHEMEabcpp', 'LIPAabcpp', 'FE3Ri', 'PHEMEtiex', '4PEPTabcpp', 'AMPTASECG', 'LALGP', 'AGM4PApp', 'FE2t2pp', 'Kabcpp', 'FACOAE160', 'LEUabcpp', 'THRtex', 'THMDtex', 'METabcpp', 'ATPHs', 'METtex', 'ILEabcpp', 'PROabcpp', 'EX_cgly_e', 'NTPP9', 'ARGtex', 'EX_enlipa_e', '4PCP', 'MG2uabcpp', 'HISabcpp', 'HMBS', 'DAAD', 'GLCNt2rpp', 'CYTDtex', '4PEPTtex', 'EX_asn__L_e', 'XAND', 'H2Stex', 'GUAPRT', 'EX_phe__L_e', 'EX_thr__L_e', 'H2St1pp', 'GTHS', 'EX_g3pe_e', 'EX_his__L_e', 'ANHGMtex', 'G3PEtex', 'CPPPGO2', 'PPPGO', '2AGPEAT160', 'LPLIPAL2E161', '2AGPEAT161', 'FACOAL161t2pp', 'G3PEabcpp', 'GTHRDabcpp', 'PROtex', 'AACTOOR', 'MDDCP1pp', '5DOAN', 'DM_5drib_c', 'FACOAE120', 'ASNtex', 'G3PAT161', 'LPLIPAL1E161pp', 'LPLIPAL2E160', 'PETNT161pp', 'MLTGY1pp', 'CGLYtex', 'PAPA161', 'CGLYabcpp', 'EAR140y', '3HAD140', 'MDDEP1pp', '12DGR161tipp', 'GTHRDtex', 'NADHPO', 'ACOAD7f', 'FA160ACPHi', 'OPHHX3', 'FA120ACPHi', 'FA140ACPHi', 'EX_LalaDgluMdapDala_e', 'PLIPA2E161pp', 'EX_anhgm_e', 'MN2t3pp', 'RNTR2c2', 'RNTR4c2', 'GNP', 'ALLTAMH2', 'UGCIAMH', 'TRPtipp', 'TYRtipp', 'FMNtex', 'PHEtipp', 'FADt', 'FADtex', 'FMNt', 'URAtpp', 'OPHHXy', 'ENLIPAabctex']","[-0.00025998881698145336, 0.00027171283110196667, -0.00021938406538560273, 0.0005434256622039333, -0.0002720605643791894, 0.00027171283110196667, 0.00027171283110196667, 0.00013536662754211578, 0.00023999989430759094, 0.0005434256622039333, 5.775239732683235e-05, 0.0004530340865388782, 0.0007025319332750191, -0.0006677280939655361, 4.7572552555897425e-05, 0.00034470035693459633, 4.792028583311991e-05, 0.0004606389978674963, 0.00016958624473772943, 0.00021502703137162016, 0.00020818463849536784, 0.0004234391366253476, 2.640225630975209e-06, -0.00023540971032803013, 0.0003805804204471794, 0.00010686735055995267, -0.00020818463845467816, -0.0001695862446830774, -0.00014285314446273178, 0.00013805167039937635, 0.0006609052969679396, 0.0007409644361397443, 0.00027963635304395495, 0.00012902166976290355, 9.002861327546408e-05, 0.0003805804204471794, -0.0004689038717605549, 0.0003805804204830565, 9.248977481160492e-05, 9.248977481160492e-05, 0.00021360395869139692, -0.00012430243176098088, 0.00027171283110196667, -0.00023264819961088534, -0.00012430243176120293, 3.831303688944798e-06, -0.00023264819961088534, -0.00013805167039937635, 0.00023540971032803013, 0.00010638804053542117, -0.00012430243180006073, -6.216317820428863e-05, 3.052555744190166e-05, -0.0001748958021020924, 4.792028583311991e-05, -0.0002323004664242888, -0.00023264819961088534, 4.080174408880449e-05, 1.3749238638471797e-05, 0.00027171283110196667, 0.0001428531444627179, -0.00019782563877715487, 3.052555744190166e-05, 0.00010422712492900521, -0.00017524665406341562, 1.3909331088371446e-06, 0.0001902902102235897, -1.2916401038686061e-05, -0.1628392999947291, -2.6402256025903625e-06, -0.0002665631369579576, -0.0006609052969679396, -0.0004606389978674963, -0.0002091681305955717, -2.6402256025903625e-06, -5.775239731065085e-05, -0.00014772894712677953, -5.775239731065085e-05, -0.0004530340864903337, 0.0006677280939584307, 0.00074131216930029, -0.0002888915049652496, -0.0007025319332569779, -0.0004234391366253476, -0.0005351053773315594, -0.0005351053773665626, 4.82680191103424e-05, -9.002861327189748e-05, -0.00021502703134501644, -0.0001380516704330148, -0.0006609052969679396, 4.82680191103424e-05, 9.248977481160492e-05, 6.087671364468899e-06, 4.82680191103424e-05, -0.0005351053773315594, -0.0003753724542593373, -0.0005351053773315594, 4.3330996894429263e-05, 2.3223426440073525e-05, 0.1625349273419, -5.582418551118573e-05, -0.0007025319332750191, -0.00026656313696094003, -0.00016958624473772943, -0.00023999989430759094, -0.0002474280028509704, -0.0002399998943474202, -0.0004530340865388782, -0.00034470035693459633, 0.0003753724542593373, -0.0002474280028509704, -0.00046063899787895934, 9.248977481160492e-05, -0.0005351053773315594, -1.3527292286569237e-05, -0.00014772894716369445, 4.7572552555897425e-05, -0.0002495789323888958, 0.0006677280939584307, -0.00020818463849536784, -0.0005784363742122878, 0.0002092379111445497, -0.00023264819961088534, 6.216317819962569e-05, -2.640225630975209e-06, 0.00028889150495348126, 0.0002665631369579576, -6.216317820428863e-05, 3.052555744190166e-05, 0.0002129609028836249, 0.00014772894716369445, -4.333099684572517e-05, -0.00021296090289979475, -8.744634170899587e-05, 4.812092111489667e-05, -9.950785359944675e-05, 0.00010920095973598193, -0.00010920095973598193, 8.504179096389952e-06, -0.00020870881333542992, -3.052555744190166e-05, -0.0003447003568908258, 0.00023540971032803013, 2.1665498447216366e-05, -0.0001748958021020924, -0.0001748958021020924, 9.248977481160492e-05, -0.0002092379111218179, -3.831303688944798e-06, 4.252089548194976e-06, 9.950785359944675e-05, 9.248977481160492e-05, 2.1665498447216366e-05, -0.0003753724543003045, -9.248977481160492e-05, -0.0003753724542593373, -0.00024860486352192013, -0.00024860486352192013, 2.1665498447216366e-05, 9.248977481160492e-05, -3.052555746307917e-05, 2.4137774401467027e-06, 5.582418543781387e-05, -0.00014319152168770777, -0.00018603722417722247, -9.248977481160492e-05, -0.0001979031166458034, 0.0005784363742259886, 4.252089548194976e-06, 4.3330996894429263e-05, 1.0775053573692768e-06, -4.2128744173631355e-05, 8.665575642064502e-05, -0.0006677280939655361, -0.00023264819961088534, -0.00023264819961088534, 9.002861327546408e-05, 0.00021502703137162016, -0.0004689038717060612, 0.00028889150495348126, 0.00074131216930029, 0.0007413121693389257, -0.0004689038717605549, 0.00013805167039937635, 0.0001856894909, 9.248977481160492e-05]","[0.00025998881698145336, 0.00027171283110196667, 0.00021938406538560273, 0.0005434256622039333, 0.0002720605643791894, 0.00027171283110196667, 0.00027171283110196667, 0.00013536662754211578, 0.00023999989430759094, 0.0005434256622039333, 5.775239732683235e-05, 0.0004530340865388782, 0.0007025319332750191, 0.0006677280939655361, 4.7572552555897425e-05, 0.00034470035693459633, 4.792028583311991e-05, 0.0004606389978674963, 0.00016958624473772943, 0.00021502703137162016, 0.00020818463849536784, 0.0004234391366253476, 2.640225630975209e-06, 0.00023540971032803013, 0.0003805804204471794, 0.00010686735055995267, 0.00020818463845467816, 0.0001695862446830774, 0.00014285314446273178, 0.00013805167039937635, 0.0006609052969679396, 0.0007409644361397443, 0.00027963635304395495, 0.00012902166976290355, 9.002861327546408e-05, 0.0003805804204471794, 0.0004689038717605549, 0.0003805804204830565, 9.248977481160492e-05, 9.248977481160492e-05, 0.00021360395869139692, 0.00012430243176098088, 0.00027171283110196667, 0.00023264819961088534, 0.00012430243176120293, 3.831303688944798e-06, 0.00023264819961088534, 0.00013805167039937635, 0.00023540971032803013, 0.00010638804053542117, 0.00012430243180006073, 6.216317820428863e-05, 3.052555744190166e-05, 0.0001748958021020924, 4.792028583311991e-05, 0.0002323004664242888, 0.00023264819961088534, 4.080174408880449e-05, 1.3749238638471797e-05, 0.00027171283110196667, 0.0001428531444627179, 0.00019782563877715487, 3.052555744190166e-05, 0.00010422712492900521, 0.00017524665406341562, 1.3909331088371446e-06, 0.0001902902102235897, 1.2916401038686061e-05, 0.1628392999947291, 2.6402256025903625e-06, 0.0002665631369579576, 0.0006609052969679396, 0.0004606389978674963, 0.0002091681305955717, 2.6402256025903625e-06, 5.775239731065085e-05, 0.00014772894712677953, 5.775239731065085e-05, 0.0004530340864903337, 0.0006677280939584307, 0.00074131216930029, 0.0002888915049652496, 0.0007025319332569779, 0.0004234391366253476, 0.0005351053773315594, 0.0005351053773665626, 4.82680191103424e-05, 9.002861327189748e-05, 0.00021502703134501644, 0.0001380516704330148, 0.0006609052969679396, 4.82680191103424e-05, 9.248977481160492e-05, 6.087671364468899e-06, 4.82680191103424e-05, 0.0005351053773315594, 0.0003753724542593373, 0.0005351053773315594, 4.3330996894429263e-05, 2.3223426440073525e-05, 0.1625349273419, 5.582418551118573e-05, 0.0007025319332750191, 0.00026656313696094003, 0.00016958624473772943, 0.00023999989430759094, 0.0002474280028509704, 0.0002399998943474202, 0.0004530340865388782, 0.00034470035693459633, 0.0003753724542593373, 0.0002474280028509704, 0.00046063899787895934, 9.248977481160492e-05, 0.0005351053773315594, 1.3527292286569237e-05, 0.00014772894716369445, 4.7572552555897425e-05, 0.0002495789323888958, 0.0006677280939584307, 0.00020818463849536784, 0.0005784363742122878, 0.0002092379111445497, 0.00023264819961088534, 6.216317819962569e-05, 2.640225630975209e-06, 0.00028889150495348126, 0.0002665631369579576, 6.216317820428863e-05, 3.052555744190166e-05, 0.0002129609028836249, 0.00014772894716369445, 4.333099684572517e-05, 0.00021296090289979475, 8.744634170899587e-05, 4.812092111489667e-05, 9.950785359944675e-05, 0.00010920095973598193, 0.00010920095973598193, 8.504179096389952e-06, 0.00020870881333542992, 3.052555744190166e-05, 0.0003447003568908258, 0.00023540971032803013, 2.1665498447216366e-05, 0.0001748958021020924, 0.0001748958021020924, 9.248977481160492e-05, 0.0002092379111218179, 3.831303688944798e-06, 4.252089548194976e-06, 9.950785359944675e-05, 9.248977481160492e-05, 2.1665498447216366e-05, 0.0003753724543003045, 9.248977481160492e-05, 0.0003753724542593373, 0.00024860486352192013, 0.00024860486352192013, 2.1665498447216366e-05, 9.248977481160492e-05, 3.052555746307917e-05, 2.4137774401467027e-06, 5.582418543781387e-05, 0.00014319152168770777, 0.00018603722417722247, 9.248977481160492e-05, 0.0001979031166458034, 0.0005784363742259886, 4.252089548194976e-06, 4.3330996894429263e-05, 1.0775053573692768e-06, 4.2128744173631355e-05, 8.665575642064502e-05, 0.0006677280939655361, 0.00023264819961088534, 0.00023264819961088534, 9.002861327546408e-05, 0.00021502703137162016, 0.0004689038717060612, 0.00028889150495348126, 0.00074131216930029, 0.0007413121693389257, 0.0004689038717605549, 0.00013805167039937635, 0.0001856894909, 9.248977481160492e-05]","['CYSDS', 'ME1', 'ACP1_FMN', 'EX_glcn_e', 'MGSA', 'CYTDK1', 'TMDK1', 'FTHFD', 'EX_fmn_e', 'CITL', 'URIC', 'DHAPT', 'ALLTN', 'UPPRT', 'F6PA', 'EX_h2s_e', 'ADD', 'MALS', 'UGLYCH', 'H2SO', 'ME2', 'Kt2pp', 'THRabcpp', 'VALabcpp', 'ARGabcpp', 'GLCNtex', 'LADGMDH', 'ALAGLUE', '4PEPTabcpp', 'AMPTASECG', 'LALGP', 'FACOAE160', 'LEUabcpp', 'METabcpp', 'ATPHs', 'ILEabcpp', 'PROabcpp', 'NTPP9', '4PCP', 'MG2uabcpp', 'HISabcpp', 'DAAD', 'GLCNt2rpp', 'XAND', 'H2Stex', 'GUAPRT', 'H2St1pp', 'CPPPGO2', '2AGPEAT160', '2AGPEAT161', 'G3PEabcpp', 'GTHRDabcpp', 'G3PAT161', 'PAPA161', 'CGLYabcpp', 'EAR140y', '3HAD140', 'FA160ACPHi', 'OPHHX3', 'FA120ACPHi', 'FA140ACPHi', 'RNTR2c2', 'GNP', 'ALLTAMH2', 'UGCIAMH', 'FMNtex', 'FMNt']","['EX_met__L_e', 'EX_hxan_e', 'EX_ile__L_e', 'EX_leu__L_e', 'EX_pro__L_e', 'EX_arg__L_e', 'EX_thymd_e', 'EX_tyr__L_e', 'EX_cytd_e', 'EX_fum_e', 'EX_gua_e', 'NTPP2', 'EX_ura_e', 'EX_val__L_e', 'ASPT', 'THRD', 'EX_trp__L_e', 'EDTXS1', 'EDTXS2', 'GLYCL', 'G3PD6', 'AOBUTDs', 'GLYAT', 'EX_gthrd_e', 'NTPP7', 'NTPP8', 'GART', 'GMPR', 'TRPS1', 'GUAtex', 'GUAtpp', 'HYXNtpp', 'HIStex', 'HYXNtex', 'ILEtex', 'EX_fad_e', 'PHEtex', 'LEUtex', 'FUMtex', 'EX_pheme_e', 'TRPtex', 'TYRtex', 'URAtex', 'VALtex', 'PHEMEabcpp', 'LIPAabcpp', 'FE3Ri', 'PHEMEtiex', 'FE2t2pp', 'Kabcpp', 'THRtex', 'THMDtex', 'METtex', 'EX_cgly_e', 'ARGtex', 'EX_enlipa_e', 'CYTDtex', '4PEPTtex', 'EX_asn__L_e', 'EX_phe__L_e', 'EX_thr__L_e', 'EX_g3pe_e', 'EX_his__L_e', 'G3PEtex', 'LPLIPAL2E161', 'PROtex', 'AACTOOR', 'MDDCP1pp', 'FACOAE120', 'ASNtex', 'LPLIPAL1E161pp', 'LPLIPAL2E160', 'PETNT161pp', 'CGLYtex', '12DGR161tipp', 'GTHRDtex', 'NADHPO', 'EX_LalaDgluMdapDala_e', 'PLIPA2E161pp', 'MN2t3pp', 'RNTR4c2', 'TRPtipp', 'TYRtipp', 'PHEtipp', 'FADt', 'FADtex', 'URAtpp', 'OPHHXy', 'ENLIPAabctex']","['APRAUR', 'DB4PS', 'RBFSb', 'PMDPHT', 'CPPPGO', 'RBFSa', 'UPP3S', 'UPPDC1', 'GLUTRS', 'FMNAT', 'GLUTRR', 'G1SAT', 'GTPCII2', 'FCLT', 'DHPPDA2', 'GLUCYS', 'METAT', 'PPBNGS', 'ASNt2rpp', 'AGM4PApp', 'HMBS', 'GTHS', 'ANHGMtex', 'PPPGO', 'FACOAL161t2pp', '5DOAN', 'DM_5drib_c', 'MLTGY1pp', 'MDDEP1pp', 'ACOAD7f', 'EX_anhgm_e']",Kt2pp,Kabcpp,0.4286835166464613,1,187,31,1.0,-0.004806771842905039,iML1515,PSL,False,False,0.0,0.0,0.0015645630305377,0.0
95,"['SHK3Dr', 'DHORTS', 'OMPDC', 'G5SD', 'CS', 'ICDHyr', 'ACALD', 'PPA', 'APRAUR', 'TRPAS2', 'DB4PS', 'ALAR', 'RBFK', 'ASPTA', 'RBFSb', 'EX_pi_e', 'PYK', 'SHCHD2', 'EX_co2_e', 'A5PISO', 'PMDPHT', 'CPPPGO', 'ILETA', 'IPPMIb', 'ORPT', 'RBFSa', 'ACHBS', 'DHAD2', 'ACLS', 'PSCVT', 'PFL', 'ANS', 'ANPRT', 'CHORM', 'PTAr', 'CHORS', 'IGPS', 'ACKr', 'EX_fe3_e', 'LEUTAi', 'EX_h_e', 'DMATT', 'GRTT', 'UPP3S', 'UPPDC1', 'EX_mn2_e', 'EX_ac_e', 'EX_succ_e', 'MOAT', 'UDCPDPS', 'ECOAH6', 'USHD', 'ENO', 'HCO3E', 'IMPC', 'IMPD', 'ECOAH4', 'LPADSS', 'GLUTRS', 'TDSK', 'PGI', 'TMPPP', 'PGK', 'PGL', 'RPE', 'DHQTi', 'IPMD', 'AIRC3', 'PUNP1', 'ADSL2r', 'TKT1', 'ALCD2x', 'TMDS', 'PPCDC', 'DHAD1', 'IPPMIa', 'MDH', 'FUM', 'FMNAT', 'OHPBAT', 'KARA1', 'KARA2', 'EX_for_e', 'ACCOAC', 'NADK', 'GLUTRR', 'HACD6', 'ECOAH1', 'ECOAH2', 'ARGSS', 'AGPR', 'G1SAT', 'KDOCT2', 'ECOAH3', 'DXPS', 'CDPMEK', 'MECDPS', 'PGAMT', 'UAGDP', 'UAGCVT', 'GLUR', 'NNDPR', 'PPC', 'HACD4', 'EX_zn2_e', 'HACD5', 'HACD7', 'DNMPPA', 'HPPK2', 'PTPATi', 'DXPRIi', 'GTPCII2', 'SADT2', 'OPHBDC', 'GHMT2r', 'DHORD2', 'SDPDS', 'ADCS', 'ADCL', 'DHAPT', 'UMPK', 'UAPGR', 'CTPS2', 'PAPPT3', 'UAGPT3', 'TRPS3', 'F6PA', 'FADRx', 'ADK1', 'NDPK2', 'NDPK3', 'NDPK4', 'ACODA', 'FCLT', 'HBZOPT', 'PNTK', 'ADSS', 'OCTDPS', 'DPCOAK', 'ASNS2', 'ASPCT', 'KDOPS', 'KDOPP', 'DMPPS', 'MCOATA', 'IPDPS', 'DAPE', 'DHDPRy', 'HSK', 'SDPTA', 'THRS', 'HSST', 'PPNDH', 'DTMPK', 'TRDR', 'DDPA', 'RHCCE', 'G3PD2', 'AACPS3', 'U23GAAT', 'UAAGDS', 'AACPS4', 'UAMAS', 'UAMAGS', 'P5CR', 'DHPPDA2', 'G5SADs', 'AKGDH', 'ASP1DC', 'UGMDDS', 'DBTS', 'UHGADA', 'UAGAAT', 'ATPPRT', 'HISTD', 'DHDPS', 'G1PACT', 'GART', 'GF6PTA', 'IGPDH', 'PRATPP', 'PRMICI', 'GLUPRT', 'SERAT', 'CYSS', 'NADS1', 'BPNT', 'PAPSR', 'ASPK', 'ASAD', 'DAPDC', 'OCBT', 'GARFT', 'PHETA1', 'PPND', 'METAT', 'PRAMPC', 'TMPK', 'ACOTA', 'PDX5PS', 'PPBNGS', 'SULR', 'CBMKr', 'PPNCL2', 'PRAGSr', 'PRFGS', 'NNATr', 'PSERT', 'AIRC2', 'GAPD', 'GND', 'DM_amob_c', 'MOAT2', 'G6PDH2r', 'ARGSL', 'GLU5K', 'IPPS', 'EX_mg2_e', 'MOHMT', 'SPODM', 'AHCYSNS', 'GMPS', 'ACtex', 'CHRPL', 'PMPK', 'ACACT7r', 'PSP_L', 'ACACT2r', 'ADSK', 'ACACT3r', 'ACACT4r', 'HSDy', 'CYSTL', 'SHSL1', 'EX_ca2_e', 'Kt2pp', 'Htex', 'H2Otex', 'O2tpp', 'GTPCI', 'TKT2', 'UDCPDP', 'ATPS4rpp', 'CYTK1', 'ACt4pp', 'CO2tpp', 'GK1', 'HACD1', 'Ktex', 'O2tex', 'HACD2', 'ECOAH5', 'DHFS', 'EX_ni2_e', 'PItex', 'ACt2rpp', 'EX_meoh_e', 'METS', 'ASPO5', 'ASPO6', 'EX_cu2_e', 'ACACT5r', 'PRASCSi', 'DHPS2', 'MTHFC', 'MTHFD', 'QULNS', 'EX_cobalt2_e', 'ACACT6r', 'FORtppi', 'FEROpp', 'SO4tex', 'SUCCtex', 'FACOAE160', 'NH4tpp', 'MOBDabcpp', 'MOBDtex', 'NI2tex', 'DNTPPA', 'NH4tex', 'FE3tex', 'MG2tex', 'Zn2tex', 'H2Otpp', 'CO2tex', 'ACGK', 'COBALT2tex', 'HMBS', 'MEPCT', 'GLUDy', 'EX_h2o_e', 'HSTPT', 'THDPS', 'THRD_L', 'ETOHtex', 'DHFR', 'PRAIi', 'HACD3', 'TYRTA', 'SHKK', 'EX_mobd_e', 'EX_so4_e', 'OMCDC', 'E4PD', 'IG3PS', 'PDH', 'MTHFR2', 'EX_nh4_e', 'DUTPDP', 'DPR', 'AMAOTr', 'EX_etoh_e', 'GLNS', 'EX_k_e', 'ACACT1r', 'ACGS', 'CU2tex', 'ALAALAr', 'CLtex', 'ADNK1', 'MNtex', 'CPPPGO2', 'SHCHF', 'PRAIS', 'AACPS7', 'PANTS', 'ECOAH7', 'HISTP', 'QMO2', 'UPP3MT', 'DHQS', 'DASYN160', 'DASYN161', 'PGCD', 'FACOAE161', 'ADSL1r', 'AICART', 'EX_cl_e', 'FORtex', 'PPPGO3', 'PDX5PO2', 'PGM', 'CYTBO3_4pp', 'TPI', 'MPTG', 'RPI', 'MCTP1App', 'PERD', '5DOAN', 'DM_5drib_c', 'K2L4Aabcpp', 'FACOAE120', 'SO4t2pp', 'AMPMS2', 'PSSA161', 'PSD160', 'PSD161', 'ACONTb', 'CA2tex', 'SUCDi', 'EX_o2_e', 'G3PAT160', 'G3PAT161', 'AGPAT160', '3OAS140', '3OAR140', 'PE160abcpp', 'PE161abcpp', 'ACONTa', 'PSSA160', 'AGPAT161', 'ZN2tpp', 'NI2tpp', 'ACOAD7f', 'ACOAD5f', 'CAt6pp', 'ACOAD3f', 'ACOAD2f', 'ACOAD4f', 'ACOAD6f', 'NADH16pp', 'OPHHX3', 'COBALT2tpp', 'DALAt2pp', 'FE2tpp', 'MN2tpp', 'CLt3_2pp', 'POR5', 'MALCOAMT', 'CU2tpp', 'MG2t3_2pp', 'FE3abcpp', 'OGMEACPS', 'OGMEACPR', 'OPMEACPS', 'CTECOAI7', 'K2L4Aabctex', 'OPMEACPD', 'EPMEACPR', 'AOXSr2', 'MEOHtrpp', 'OGMEACPD', 'EGMEACPR', 'OPMEACPR', 'PMEACPE', 'ETOHtrpp', 'MEOHtex', 'ICYSDS', 'MECDPDH5', 'RNTR1c2', 'RNTR2c2', 'I4FE4SR', 'RNTR3c2', 'RNTR4c2', 'I2FE2SS', 'I2FE2ST', 'FESR', 'I2FE2SS2', 'I4FE4ST', 'BTS5', 'DM_4crsol_c', 'ACOAD1fr', 'AI2K', 'DHNPA2r', 'PIt2rpp', 'PAI2I', 'FESD1s', '4HTHRA', 'I2FE2SR', 'TYRL', 'THZPSN3', 'PAI2T', '4HTHRK', 'BIOMASS_Ec_iML1515_core_75p37M']","[-0.2604891578269, 0.22609345365449962, -0.22609345365449957, -0.15108779878049997, -8.017768044791522, -8.017768044791522, -10.622689912672875, -2.3932011838834555, -0.000304834354599999, 0.03885134353929999, -0.000609668709199998, -0.028489025938216787, -0.00015241717729999905, 2.001124293912288, -0.000304834354599999, 0.6592938283749135, 4.726158172267603, -0.00015241717729999997, -16.646928733829274, -0.026595772211199995, -0.000304834354599999, -0.00018579181444999997, 0.19857224261789994, 0.30793122558809993, 0.22609345365449957, -0.000609668709199998, -0.19857224261789994, -0.19857224261789994, -0.5976168164316684, -0.2604891578269, 9.03107909555822, -0.03885134353929999, -0.03885134353929999, -0.22102814557839995, 7.473031599059028, -0.2604891578269, -0.03885134353929999, -7.473031599059028, 0.010977454191099998, -0.30793122558809993, 9.989052170773071, -0.00019000885779999884, -0.00019000885779999884, -0.00030483435459999995, -0.00015241717729999997, 0.00047228820409999994, 7.07511554398211, 0.0499338450101281, -0.013297886105599998, -3.7591680499999246e-05, -0.19004713296559994, -0.013297886105599998, 2.9606453747624464, -0.3592573695001423, 0.37081283759864236, -0.1662427139028283, -0.24323867738799995, -0.013297886105599998, -0.0024386748367999996, -0.013297886105599998, 0.5391058679827818, -0.00015241717729999997, -1.8235808938160787, -0.5391058679827821, 0.17070173369839098, -0.2604891578269, -0.30793122558809993, 0.3060608261948424, 0.00039383484619999985, -0.3060608261948424, -0.04474129488693279, -10.622689912672875, -0.017884071126599996, -0.0004606689575163969, -0.5976168164316684, 0.30793122558809993, -8.045557571212516, -8.045557571212516, -0.00015241717729999905, 0.00030483435460009915, 0.5976168164316684, -0.19857224261789994, 9.105181397618669, -0.05319654330529994, -0.0003055178397164404, -0.0024386748367999996, -0.19004713296559994, -0.24323867738799995, -0.24323867738799995, -0.20216942469919996, 0.20216942469919996, -0.0024386748367999996, -0.026595772211199995, -0.24323867738799995, -0.0019376802584999946, -0.0016328459038999947, -0.0016328459038999947, 0.06458114012879998, -0.06458114012879998, -0.018992683958799998, 0.018992683958799998, -0.0015569790578058296, -1.9733347674912933, -0.24323867738799995, 0.00023306841909999992, -0.24323867738799995, -0.19004713296559994, -0.00045725153190009915, -0.00045725153190009915, -0.0004606689575163969, -0.0016328459038999947, -0.000304834354599999, -0.1691508581665185, -0.00015241717729999997, -0.7253994395978511, -0.22609345365449957, -0.2535381143598999, -0.00045725153190009915, -0.00045725153190009915, 0.7743887418099309, -0.25838402371889957, -0.018992683958799998, -0.1097164456775, -0.018992683958799998, -0.018992683958799998, -0.03885134353929999, 0.7743887418099309, -1.4940232452389997, -1.7930561560678586, -0.29067459378329996, -0.12371285355541635, -0.017884071126599996, -0.20216942469919996, -0.00015241717729999997, -0.00015241717729999997, -0.0004606689575163969, -0.2045701236958141, -0.00015241717729999997, -0.0004606689575163969, -0.16475750078049994, -0.22609345365449962, -0.026595772211199995, -0.026595772211199995, -0.00019000885779999355, -0.05319487701099994, -0.0014428370461000012, -0.2535381143598999, -0.2535381143598999, -0.37196352718159986, 0.2535381143598999, -0.37196352718159986, -0.10519617455019997, -0.12662586705149997, -0.017884071126599996, -0.1691508581665185, -0.2604891578269, -0.00030650064889999995, 0.09502356648279997, -0.08723183634279996, -0.026595772211199995, -0.018992683958799998, -0.10281529662279998, -0.018992683958799998, -0.018992683958799998, -0.15108779878049997, -0.000304834354599999, -0.15108779878049997, -7.282890333152246, -0.0004606689575163969, -0.018992683958799998, -1.6662942999999997e-06, -0.026595772211199995, -0.026595772211199995, -0.06475201140379999, -0.06475201140379999, -0.2535381143598999, -0.06458114012879998, -0.07577889101075012, -0.06458114012879998, -0.06475201140379999, -0.06475201140379999, -0.06475201140379999, -0.3062132433721425, -0.1691508581665185, -0.1691508581665185, -0.0015569790578058296, -0.1691508581665185, -0.1691508581665185, -0.7306978160916997, 0.7306978160916997, -0.23454543040109993, -0.20216942469919996, -0.23043435236139237, 0.12662586705149997, -0.09440227852689997, -0.0005479183177999997, -0.06475201140379999, -0.00015241717729999997, 0.20216942469919996, -0.00015241717729999997, -0.0012193374183999998, -0.1691508581665185, -0.4282628783536995, -0.0004606689575163969, -0.3062132433721425, -0.3062132433721424, -0.0015569790578058296, -1.1370644809463697, -0.3060608261948424, 1.8235808938160787, -0.5391058679827821, -1.6662942999999997e-06, -0.013297886105599998, -0.5391058679827821, -0.20216942469919996, -0.15108779878049997, -0.30793122558809993, 0.005929233242499999, -0.0004606689575163969, -0.0013546972659476842, -0.00030650064889999995, -0.1662427139028283, -7.07511554398211, -0.00015241717729999997, -0.00015241717729999997, -0.19004713296559994, -1.1370644809463697, -0.24323867738799995, -0.1691508581665185, -0.24323867738799995, -0.24323867738799995, 0.4771597017317998, -0.10519617455019997, -0.10519617455019997, 0.0035575399454999992, -0.13341150712429997, -9.989052170773071, 45.26315341627265, -21.233814427332604, -0.00045725153190009915, 0.21544302858532377, -0.018992683958799998, -69.1303468770267, -0.12371285355541635, -0.0035575399454999992, 16.646928733829274, -0.1662427139028283, -0.24323867738799995, -0.13341150712429997, -21.23077792346323, -0.24323867738799995, -0.24323867738799995, -0.00045725153190009915, 0.00022076568729999992, -0.6592938283749135, -7.071558004036611, -1.6662942999999997e-06, -0.10550267519909998, 0.0003409301498464856, -0.0018979092076523152, 0.0004845909358999999, -0.24323867738799995, -0.3060608261948424, -0.00045725153190009915, -0.6013996071373348, -0.6013996071373348, -0.0015569790578058296, 1.7087127499999996e-05, -0.19004713296559994, 9.105181397618669, 0.0030365038693749994, -0.1721158165303185, -0.0499338450101281, -0.08723183634279996, -7.381583079042082, -4.784395699999999e-06, -4.784395699999999e-06, -0.00022076568729999992, -0.00045725153190009915, -7.381583079042082, -0.010977454191099998, -0.005929233242499999, -0.00023306841909999992, 45.2692264240114, 16.646928733829274, -0.20216942469919996, -1.7087127499999996e-05, -0.00030483435459999995, -0.0016328459038999947, 5.807659442801161, -45.26315341627265, -0.06475201140379999, -0.2535381143598999, -0.19857224261789994, -10.622689912672875, -0.018341322658500095, -0.03885134353929999, -0.24323867738799995, 0.09440227852689997, -0.2604891578269, 4.784395699999999e-06, 0.1721158165303185, -0.30793122558809993, 0.00030483435460009915, -0.06475201140379999, -1.5150422280655529, -0.10550267519909998, 7.381583079042082, -0.017884071126599996, -0.0004606689575163969, -1.6662942999999997e-06, 10.622689912672875, -1.070650617941585, 0.13341150712429997, -0.24323867738799995, -0.20216942469919996, -0.0004845909358999999, -0.018992683958799998, -0.0035575399454999992, -0.00039383484619999985, -0.00047228820409999994, 3.337463715e-05, -0.00015241717729999997, -0.3062132433721424, -0.05319154442240001, -0.0004606689575163969, -0.19004713296559994, -0.06475201140379999, -0.0013546972659476842, -0.00015241717729999997, -0.2604891578269, -0.04361591817139998, -0.05140764831139999, -1.1370644809463697, -0.10281529662279998, -0.2045701236958141, -0.37081283759864236, 0.0035575399454999992, -9.105181397618669, -0.00015241717729999997, -0.00015241717729999997, -2.9606453747624464, -42.460752058089106, 0.8706627867016365, -0.009496341979399999, 0.6826021607606602, -0.009496341979399999, 0.00030483435460009915, -8.733419729999996e-05, -8.733419729999996e-05, -0.013297886105599998, -0.05319154442240001, -0.1721158165303185, -0.00015241717729999997, -0.05140764831139999, -0.04361591817139998, -0.05140764831139999, -8.017768044791522, -0.0035575399454999992, -7.332873518004714, 21.23077792346323, -0.04361591817139998, -0.05140764831139999, -0.04361591817139998, -0.05319154442239999, -0.05319154442239999, -0.04361591817139998, -0.05140764831139999, -8.017768044791522, -0.04361591817139998, -0.05140764831139999, -0.00023306841909999992, -0.00022076568729999992, 0.08723183634279996, 0.24323867738799995, 0.0035575399454999992, 0.24323867738799995, 0.24323867738799995, 0.24323867738799995, 0.19004713296559994, -34.903139783695835, -0.00015241717729999997, -1.7087127499999996e-05, -0.009496341979399999, -0.012146015477499997, -0.00047228820409999994, -0.0017787699727499996, -0.07433242205049996, -1.6662942999999997e-06, -0.0004845909358999999, -0.005929233242499999, 0.0011685612863999999, -1.6662942999999997e-06, -1.6662942999999997e-06, -1.6662942999999997e-06, 0.10281529662279998, -0.013297886105599998, -1.6662942999999997e-06, -1.6662942999999997e-06, -1.6662942999999997e-06, 1.6662942999999997e-06, -1.6662942999999997e-06, -1.6662942999999997e-06, -1.6662942999999997e-06, -1.6662942999999997e-06, -10.622689912672875, 1.6662942999999997e-06, -0.0009004492008000011, -0.0016328459038999947, -0.017884071126599996, -0.018465716946699996, -0.00017770612600000028, -0.018465716946699996, -0.017884071126599996, -0.0001954767386000003, -1.9436906899999998e-05, -0.006505212947199999, -0.00017770612600000028, -0.00017770612600000028, -1.6662942999999997e-06, -0.00015241717729999997, -0.24323867738799995, -0.00030650064889999995, -0.00045725153190009915, -0.6592938283749135, -0.00030650064889999995, -0.0032526064735999994, 0.00045725153190009915, -1.6662942999999997e-06, -0.00015241717729999997, -0.00015241717729999997, -0.00030650064889999995, -0.00045725153190009915, -0.6834850999999998]","[0.2604891578269, 0.22609345365449962, 0.22609345365449957, 0.15108779878049997, 8.017768044791522, 8.017768044791522, 10.622689912672875, 2.3932011838834555, 0.000304834354599999, 0.03885134353929999, 0.000609668709199998, 0.028489025938216787, 0.00015241717729999905, 2.001124293912288, 0.000304834354599999, 0.6592938283749135, 4.726158172267603, 0.00015241717729999997, 16.646928733829274, 0.026595772211199995, 0.000304834354599999, 0.00018579181444999997, 0.19857224261789994, 0.30793122558809993, 0.22609345365449957, 0.000609668709199998, 0.19857224261789994, 0.19857224261789994, 0.5976168164316684, 0.2604891578269, 9.03107909555822, 0.03885134353929999, 0.03885134353929999, 0.22102814557839995, 7.473031599059028, 0.2604891578269, 0.03885134353929999, 7.473031599059028, 0.010977454191099998, 0.30793122558809993, 9.989052170773071, 0.00019000885779999884, 0.00019000885779999884, 0.00030483435459999995, 0.00015241717729999997, 0.00047228820409999994, 7.07511554398211, 0.0499338450101281, 0.013297886105599998, 3.7591680499999246e-05, 0.19004713296559994, 0.013297886105599998, 2.9606453747624464, 0.3592573695001423, 0.37081283759864236, 0.1662427139028283, 0.24323867738799995, 0.013297886105599998, 0.0024386748367999996, 0.013297886105599998, 0.5391058679827818, 0.00015241717729999997, 1.8235808938160787, 0.5391058679827821, 0.17070173369839098, 0.2604891578269, 0.30793122558809993, 0.3060608261948424, 0.00039383484619999985, 0.3060608261948424, 0.04474129488693279, 10.622689912672875, 0.017884071126599996, 0.0004606689575163969, 0.5976168164316684, 0.30793122558809993, 8.045557571212516, 8.045557571212516, 0.00015241717729999905, 0.00030483435460009915, 0.5976168164316684, 0.19857224261789994, 9.105181397618669, 0.05319654330529994, 0.0003055178397164404, 0.0024386748367999996, 0.19004713296559994, 0.24323867738799995, 0.24323867738799995, 0.20216942469919996, 0.20216942469919996, 0.0024386748367999996, 0.026595772211199995, 0.24323867738799995, 0.0019376802584999946, 0.0016328459038999947, 0.0016328459038999947, 0.06458114012879998, 0.06458114012879998, 0.018992683958799998, 0.018992683958799998, 0.0015569790578058296, 1.9733347674912933, 0.24323867738799995, 0.00023306841909999992, 0.24323867738799995, 0.19004713296559994, 0.00045725153190009915, 0.00045725153190009915, 0.0004606689575163969, 0.0016328459038999947, 0.000304834354599999, 0.1691508581665185, 0.00015241717729999997, 0.7253994395978511, 0.22609345365449957, 0.2535381143598999, 0.00045725153190009915, 0.00045725153190009915, 0.7743887418099309, 0.25838402371889957, 0.018992683958799998, 0.1097164456775, 0.018992683958799998, 0.018992683958799998, 0.03885134353929999, 0.7743887418099309, 1.4940232452389997, 1.7930561560678586, 0.29067459378329996, 0.12371285355541635, 0.017884071126599996, 0.20216942469919996, 0.00015241717729999997, 0.00015241717729999997, 0.0004606689575163969, 0.2045701236958141, 0.00015241717729999997, 0.0004606689575163969, 0.16475750078049994, 0.22609345365449962, 0.026595772211199995, 0.026595772211199995, 0.00019000885779999355, 0.05319487701099994, 0.0014428370461000012, 0.2535381143598999, 0.2535381143598999, 0.37196352718159986, 0.2535381143598999, 0.37196352718159986, 0.10519617455019997, 0.12662586705149997, 0.017884071126599996, 0.1691508581665185, 0.2604891578269, 0.00030650064889999995, 0.09502356648279997, 0.08723183634279996, 0.026595772211199995, 0.018992683958799998, 0.10281529662279998, 0.018992683958799998, 0.018992683958799998, 0.15108779878049997, 0.000304834354599999, 0.15108779878049997, 7.282890333152246, 0.0004606689575163969, 0.018992683958799998, 1.6662942999999997e-06, 0.026595772211199995, 0.026595772211199995, 0.06475201140379999, 0.06475201140379999, 0.2535381143598999, 0.06458114012879998, 0.07577889101075012, 0.06458114012879998, 0.06475201140379999, 0.06475201140379999, 0.06475201140379999, 0.3062132433721425, 0.1691508581665185, 0.1691508581665185, 0.0015569790578058296, 0.1691508581665185, 0.1691508581665185, 0.7306978160916997, 0.7306978160916997, 0.23454543040109993, 0.20216942469919996, 0.23043435236139237, 0.12662586705149997, 0.09440227852689997, 0.0005479183177999997, 0.06475201140379999, 0.00015241717729999997, 0.20216942469919996, 0.00015241717729999997, 0.0012193374183999998, 0.1691508581665185, 0.4282628783536995, 0.0004606689575163969, 0.3062132433721425, 0.3062132433721424, 0.0015569790578058296, 1.1370644809463697, 0.3060608261948424, 1.8235808938160787, 0.5391058679827821, 1.6662942999999997e-06, 0.013297886105599998, 0.5391058679827821, 0.20216942469919996, 0.15108779878049997, 0.30793122558809993, 0.005929233242499999, 0.0004606689575163969, 0.0013546972659476842, 0.00030650064889999995, 0.1662427139028283, 7.07511554398211, 0.00015241717729999997, 0.00015241717729999997, 0.19004713296559994, 1.1370644809463697, 0.24323867738799995, 0.1691508581665185, 0.24323867738799995, 0.24323867738799995, 0.4771597017317998, 0.10519617455019997, 0.10519617455019997, 0.0035575399454999992, 0.13341150712429997, 9.989052170773071, 45.26315341627265, 21.233814427332604, 0.00045725153190009915, 0.21544302858532377, 0.018992683958799998, 69.1303468770267, 0.12371285355541635, 0.0035575399454999992, 16.646928733829274, 0.1662427139028283, 0.24323867738799995, 0.13341150712429997, 21.23077792346323, 0.24323867738799995, 0.24323867738799995, 0.00045725153190009915, 0.00022076568729999992, 0.6592938283749135, 7.071558004036611, 1.6662942999999997e-06, 0.10550267519909998, 0.0003409301498464856, 0.0018979092076523152, 0.0004845909358999999, 0.24323867738799995, 0.3060608261948424, 0.00045725153190009915, 0.6013996071373348, 0.6013996071373348, 0.0015569790578058296, 1.7087127499999996e-05, 0.19004713296559994, 9.105181397618669, 0.0030365038693749994, 0.1721158165303185, 0.0499338450101281, 0.08723183634279996, 7.381583079042082, 4.784395699999999e-06, 4.784395699999999e-06, 0.00022076568729999992, 0.00045725153190009915, 7.381583079042082, 0.010977454191099998, 0.005929233242499999, 0.00023306841909999992, 45.2692264240114, 16.646928733829274, 0.20216942469919996, 1.7087127499999996e-05, 0.00030483435459999995, 0.0016328459038999947, 5.807659442801161, 45.26315341627265, 0.06475201140379999, 0.2535381143598999, 0.19857224261789994, 10.622689912672875, 0.018341322658500095, 0.03885134353929999, 0.24323867738799995, 0.09440227852689997, 0.2604891578269, 4.784395699999999e-06, 0.1721158165303185, 0.30793122558809993, 0.00030483435460009915, 0.06475201140379999, 1.5150422280655529, 0.10550267519909998, 7.381583079042082, 0.017884071126599996, 0.0004606689575163969, 1.6662942999999997e-06, 10.622689912672875, 1.070650617941585, 0.13341150712429997, 0.24323867738799995, 0.20216942469919996, 0.0004845909358999999, 0.018992683958799998, 0.0035575399454999992, 0.00039383484619999985, 0.00047228820409999994, 3.337463715e-05, 0.00015241717729999997, 0.3062132433721424, 0.05319154442240001, 0.0004606689575163969, 0.19004713296559994, 0.06475201140379999, 0.0013546972659476842, 0.00015241717729999997, 0.2604891578269, 0.04361591817139998, 0.05140764831139999, 1.1370644809463697, 0.10281529662279998, 0.2045701236958141, 0.37081283759864236, 0.0035575399454999992, 9.105181397618669, 0.00015241717729999997, 0.00015241717729999997, 2.9606453747624464, 42.460752058089106, 0.8706627867016365, 0.009496341979399999, 0.6826021607606602, 0.009496341979399999, 0.00030483435460009915, 8.733419729999996e-05, 8.733419729999996e-05, 0.013297886105599998, 0.05319154442240001, 0.1721158165303185, 0.00015241717729999997, 0.05140764831139999, 0.04361591817139998, 0.05140764831139999, 8.017768044791522, 0.0035575399454999992, 7.332873518004714, 21.23077792346323, 0.04361591817139998, 0.05140764831139999, 0.04361591817139998, 0.05319154442239999, 0.05319154442239999, 0.04361591817139998, 0.05140764831139999, 8.017768044791522, 0.04361591817139998, 0.05140764831139999, 0.00023306841909999992, 0.00022076568729999992, 0.08723183634279996, 0.24323867738799995, 0.0035575399454999992, 0.24323867738799995, 0.24323867738799995, 0.24323867738799995, 0.19004713296559994, 34.903139783695835, 0.00015241717729999997, 1.7087127499999996e-05, 0.009496341979399999, 0.012146015477499997, 0.00047228820409999994, 0.0017787699727499996, 0.07433242205049996, 1.6662942999999997e-06, 0.0004845909358999999, 0.005929233242499999, 0.0011685612863999999, 1.6662942999999997e-06, 1.6662942999999997e-06, 1.6662942999999997e-06, 0.10281529662279998, 0.013297886105599998, 1.6662942999999997e-06, 1.6662942999999997e-06, 1.6662942999999997e-06, 1.6662942999999997e-06, 1.6662942999999997e-06, 1.6662942999999997e-06, 1.6662942999999997e-06, 1.6662942999999997e-06, 10.622689912672875, 1.6662942999999997e-06, 0.0009004492008000011, 0.0016328459038999947, 0.017884071126599996, 0.018465716946699996, 0.00017770612600000028, 0.018465716946699996, 0.017884071126599996, 0.0001954767386000003, 1.9436906899999998e-05, 0.006505212947199999, 0.00017770612600000028, 0.00017770612600000028, 1.6662942999999997e-06, 0.00015241717729999997, 0.24323867738799995, 0.00030650064889999995, 0.00045725153190009915, 0.6592938283749135, 0.00030650064889999995, 0.0032526064735999994, 0.00045725153190009915, 1.6662942999999997e-06, 0.00015241717729999997, 0.00015241717729999997, 0.00030650064889999995, 0.00045725153190009915, 0.6834850999999998]","['ACALD', 'PYK', 'EX_fe3_e', 'EX_ac_e', 'EX_succ_e', 'ALCD2x', 'DHAPT', 'F6PA', 'ACtex', 'ASPO5', 'FEROpp', 'SUCCtex', 'FE3tex', 'ETOHtex', 'EX_etoh_e', 'CPPPGO2', 'FE3abcpp', 'ETOHtrpp']","['CPPPGO', 'PGL', 'DHORD2', 'IPDPS', 'TRDR', 'AKGDH', 'DBTS', 'PAPSR', 'GND', 'DM_amob_c', 'G6PDH2r', 'SPODM', 'O2tpp', 'ACt4pp', 'EX_meoh_e', 'ASPO6', 'DUTPDP', 'AMAOTr', 'QMO2', 'CYTBO3_4pp', 'SUCDi', 'NADH16pp', 'MALCOAMT', 'OGMEACPS', 'OGMEACPR', 'OPMEACPS', 'OPMEACPD', 'EPMEACPR', 'AOXSr2', 'MEOHtrpp', 'OGMEACPD', 'EGMEACPR', 'OPMEACPR', 'PMEACPE', 'MEOHtex', 'RNTR4c2', 'FESR', 'BTS5', 'FESD1s', 'I2FE2SR']","['SHK3Dr', 'DHORTS', 'OMPDC', 'G5SD', 'CS', 'ICDHyr', 'PPA', 'APRAUR', 'TRPAS2', 'DB4PS', 'ALAR', 'RBFK', 'ASPTA', 'RBFSb', 'EX_pi_e', 'SHCHD2', 'EX_co2_e', 'A5PISO', 'PMDPHT', 'ILETA', 'IPPMIb', 'ORPT', 'RBFSa', 'ACHBS', 'DHAD2', 'ACLS', 'PSCVT', 'PFL', 'ANS', 'ANPRT', 'CHORM', 'PTAr', 'CHORS', 'IGPS', 'ACKr', 'LEUTAi', 'EX_h_e', 'DMATT', 'GRTT', 'UPP3S', 'UPPDC1', 'EX_mn2_e', 'MOAT', 'UDCPDPS', 'ECOAH6', 'USHD', 'ENO', 'HCO3E', 'IMPC', 'IMPD', 'ECOAH4', 'LPADSS', 'GLUTRS', 'TDSK', 'PGI', 'TMPPP', 'PGK', 'RPE', 'DHQTi', 'IPMD', 'AIRC3', 'PUNP1', 'ADSL2r', 'TKT1', 'TMDS', 'PPCDC', 'DHAD1', 'IPPMIa', 'MDH', 'FUM', 'FMNAT', 'OHPBAT', 'KARA1', 'KARA2', 'EX_for_e', 'ACCOAC', 'NADK', 'GLUTRR', 'HACD6', 'ECOAH1', 'ECOAH2', 'ARGSS', 'AGPR', 'G1SAT', 'KDOCT2', 'ECOAH3', 'DXPS', 'CDPMEK', 'MECDPS', 'PGAMT', 'UAGDP', 'UAGCVT', 'GLUR', 'NNDPR', 'PPC', 'HACD4', 'EX_zn2_e', 'HACD5', 'HACD7', 'DNMPPA', 'HPPK2', 'PTPATi', 'DXPRIi', 'GTPCII2', 'SADT2', 'OPHBDC', 'GHMT2r', 'SDPDS', 'ADCS', 'ADCL', 'UMPK', 'UAPGR', 'CTPS2', 'PAPPT3', 'UAGPT3', 'TRPS3', 'FADRx', 'ADK1', 'NDPK2', 'NDPK3', 'NDPK4', 'ACODA', 'FCLT', 'HBZOPT', 'PNTK', 'ADSS', 'OCTDPS', 'DPCOAK', 'ASNS2', 'ASPCT', 'KDOPS', 'KDOPP', 'DMPPS', 'MCOATA', 'DAPE', 'DHDPRy', 'HSK', 'SDPTA', 'THRS', 'HSST', 'PPNDH', 'DTMPK', 'DDPA', 'RHCCE', 'G3PD2', 'AACPS3', 'U23GAAT', 'UAAGDS', 'AACPS4', 'UAMAS', 'UAMAGS', 'P5CR', 'DHPPDA2', 'G5SADs', 'ASP1DC', 'UGMDDS', 'UHGADA', 'UAGAAT', 'ATPPRT', 'HISTD', 'DHDPS', 'G1PACT', 'GART', 'GF6PTA', 'IGPDH', 'PRATPP', 'PRMICI', 'GLUPRT', 'SERAT', 'CYSS', 'NADS1', 'BPNT', 'ASPK', 'ASAD', 'DAPDC', 'OCBT', 'GARFT', 'PHETA1', 'PPND', 'METAT', 'PRAMPC', 'TMPK', 'ACOTA', 'PDX5PS', 'PPBNGS', 'SULR', 'CBMKr', 'PPNCL2', 'PRAGSr', 'PRFGS', 'NNATr', 'PSERT', 'AIRC2', 'GAPD', 'MOAT2', 'ARGSL', 'GLU5K', 'IPPS', 'EX_mg2_e', 'MOHMT', 'AHCYSNS', 'GMPS', 'CHRPL', 'PMPK', 'ACACT7r', 'PSP_L', 'ACACT2r', 'ADSK', 'ACACT3r', 'ACACT4r', 'HSDy', 'CYSTL', 'SHSL1', 'EX_ca2_e', 'Kt2pp', 'Htex', 'H2Otex', 'GTPCI', 'TKT2', 'UDCPDP', 'ATPS4rpp', 'CYTK1', 'CO2tpp', 'GK1', 'HACD1', 'Ktex', 'O2tex', 'HACD2', 'ECOAH5', 'DHFS', 'EX_ni2_e', 'PItex', 'ACt2rpp', 'METS', 'EX_cu2_e', 'ACACT5r', 'PRASCSi', 'DHPS2', 'MTHFC', 'MTHFD', 'QULNS', 'EX_cobalt2_e', 'ACACT6r', 'FORtppi', 'SO4tex', 'FACOAE160', 'NH4tpp', 'MOBDabcpp', 'MOBDtex', 'NI2tex', 'DNTPPA', 'NH4tex', 'MG2tex', 'Zn2tex', 'H2Otpp', 'CO2tex', 'ACGK', 'COBALT2tex', 'HMBS', 'MEPCT', 'GLUDy', 'EX_h2o_e', 'HSTPT', 'THDPS', 'THRD_L', 'DHFR', 'PRAIi', 'HACD3', 'TYRTA', 'SHKK', 'EX_mobd_e', 'EX_so4_e', 'OMCDC', 'E4PD', 'IG3PS', 'PDH', 'MTHFR2', 'EX_nh4_e', 'DPR', 'GLNS', 'EX_k_e', 'ACACT1r', 'ACGS', 'CU2tex', 'ALAALAr', 'CLtex', 'ADNK1', 'MNtex', 'SHCHF', 'PRAIS', 'AACPS7', 'PANTS', 'ECOAH7', 'HISTP', 'UPP3MT', 'DHQS', 'DASYN160', 'DASYN161', 'PGCD', 'FACOAE161', 'ADSL1r', 'AICART', 'EX_cl_e', 'FORtex', 'PPPGO3', 'PDX5PO2', 'PGM', 'TPI', 'MPTG', 'RPI', 'MCTP1App', 'PERD', '5DOAN', 'DM_5drib_c', 'K2L4Aabcpp', 'FACOAE120', 'SO4t2pp', 'AMPMS2', 'PSSA161', 'PSD160', 'PSD161', 'ACONTb', 'CA2tex', 'EX_o2_e', 'G3PAT160', 'G3PAT161', 'AGPAT160', '3OAS140', '3OAR140', 'PE160abcpp', 'PE161abcpp', 'ACONTa', 'PSSA160', 'AGPAT161', 'ZN2tpp', 'NI2tpp', 'ACOAD7f', 'ACOAD5f', 'CAt6pp', 'ACOAD3f', 'ACOAD2f', 'ACOAD4f', 'ACOAD6f', 'OPHHX3', 'COBALT2tpp', 'DALAt2pp', 'FE2tpp', 'MN2tpp', 'CLt3_2pp', 'POR5', 'CU2tpp', 'MG2t3_2pp', 'CTECOAI7', 'K2L4Aabctex', 'ICYSDS', 'MECDPDH5', 'RNTR1c2', 'RNTR2c2', 'I4FE4SR', 'RNTR3c2', 'I2FE2SS', 'I2FE2ST', 'I2FE2SS2', 'I4FE4ST', 'DM_4crsol_c', 'ACOAD1fr', 'AI2K', 'DHNPA2r', 'PIt2rpp', 'PAI2I', '4HTHRA', 'TYRL', 'THZPSN3', 'PAI2T', '4HTHRK', 'BIOMASS_Ec_iML1515_core_75p37M']",O2tpp,SUCCtex,715.1937497849456,1,434,376,-280.0,-219.44049786275127,iML1515,PSL,False,True,0.0,-16.2833646960656,0.0,0.0
96,"['SHK3Dr', 'DHORTS', 'OMPDC', 'G5SD', 'CS', 'ICDHyr', 'ACALD', 'PPA', 'APRAUR', 'TRPAS2', 'DB4PS', 'ALAR', 'RBFK', 'ASPTA', 'RBFSb', 'EX_pi_e', 'PYK', 'SHCHD2', 'EX_co2_e', 'A5PISO', 'PMDPHT', 'CPPPGO', 'ILETA', 'IPPMIb', 'ORPT', 'RBFSa', 'ACHBS', 'DHAD2', 'ACLS', 'PSCVT', 'PFL', 'ANS', 'ANPRT', 'CHORM', 'PTAr', 'CHORS', 'IGPS', 'ACKr', 'LEUTAi', 'DMATT', 'GRTT', 'UPP3S', 'UPPDC1', 'EX_mn2_e', 'EX_ac_e', 'EX_succ_e', 'MOAT', 'UDCPDPS', 'ECOAH6', 'USHD', 'ENO', 'HCO3E', 'IMPC', 'IMPD', 'ECOAH4', 'LPADSS', 'GLUTRS', 'TDSK', 'PGI', 'TMPPP', 'PGK', 'PGL', 'RPE', 'DHQTi', 'IPMD', 'AIRC3', 'TALA', 'PUNP1', 'ADSL2r', 'TKT1', 'ALCD2x', 'TMDS', 'PPCDC', 'DHAD1', 'IPPMIa', 'MDH', 'FUM', 'FMNAT', 'OHPBAT', 'KARA1', 'KARA2', 'EX_for_e', 'ACCOAC', 'NADK', 'GLUTRR', 'HACD6', 'ECOAH1', 'ECOAH2', 'ARGSS', 'AGPR', 'G1SAT', 'KDOCT2', 'ECOAH3', 'DXPS', 'CDPMEK', 'MECDPS', 'PGAMT', 'UAGDP', 'UAGCVT', 'GLUR', 'NNDPR', 'PPC', 'HACD4', 'EX_zn2_e', 'HACD5', 'HACD7', 'DNMPPA', 'HPPK2', 'PTPATi', 'DXPRIi', 'GTPCII2', 'SADT2', 'OPHBDC', 'GHMT2r', 'DHORD2', 'SDPDS', 'ADCS', 'ADCL', 'DHAPT', 'UMPK', 'UAPGR', 'CTPS2', 'PAPPT3', 'UAGPT3', 'TRPS3', 'F6PA', 'FADRx', 'NDPK2', 'NDPK3', 'NDPK4', 'ACODA', 'FCLT', 'HBZOPT', 'PNTK', 'ADSS', 'OCTDPS', 'DPCOAK', 'ASNS2', 'ASPCT', 'KDOPS', 'KDOPP', 'DMPPS', 'MCOATA', 'IPDPS', 'DAPE', 'DHDPRy', 'HSK', 'SDPTA', 'THRS', 'HSST', 'PPNDH', 'DTMPK', 'NDPK1', 'TRDR', 'DDPA', 'RHCCE', 'G3PD2', 'AACPS3', 'U23GAAT', 'UAAGDS', 'AACPS4', 'UAMAS', 'UAMAGS', 'P5CR', 'DHPPDA2', 'G5SADs', 'AKGDH', 'ASP1DC', 'UGMDDS', 'DBTS', 'UHGADA', 'UAGAAT', 'ATPPRT', 'HISTD', 'DHDPS', 'G1PACT', 'GART', 'GF6PTA', 'IGPDH', 'PRATPP', 'PRMICI', 'GLUPRT', 'SERAT', 'CYSS', 'NADS1', 'BPNT', 'PAPSR', 'ASPK', 'ASAD', 'DAPDC', 'OCBT', 'GARFT', 'PHETA1', 'PPND', 'METAT', 'PRAMPC', 'TMPK', 'ACOTA', 'PDX5PS', 'PPBNGS', 'SULR', 'CBMKr', 'PPNCL2', 'PRAGSr', 'PRFGS', 'NNATr', 'PSERT', 'AIRC2', 'GAPD', 'GND', 'DM_amob_c', 'MOAT2', 'G6PDH2r', 'ARGSL', 'GLU5K', 'IPPS', 'EX_mg2_e', 'MOHMT', 'SPODM', 'AHCYSNS', 'GMPS', 'ACtex', 'CHRPL', 'PMPK', 'ACACT7r', 'PSP_L', 'ACACT2r', 'ADSK', 'ACACT3r', 'ACACT4r', 'HSDy', 'CYSTL', 'SHSL1', 'EX_ca2_e', 'Kt2pp', 'H2Otex', 'O2tpp', 'GTPCI', 'TKT2', 'UDCPDP', 'ATPS4rpp', 'CYTK1', 'CO2tpp', 'GK1', 'HACD1', 'Ktex', 'O2tex', 'HACD2', 'ECOAH5', 'DHFS', 'EX_ni2_e', 'PItex', 'EX_meoh_e', 'METS', 'ASPO5', 'ASPO6', 'EX_cu2_e', 'ACACT5r', 'PRASCSi', 'DHPS2', 'MTHFC', 'MTHFD', 'QULNS', 'EX_cobalt2_e', 'ACACT6r', 'FORtppi', 'SO4tex', 'SUCCtex', 'FACOAE160', 'NH4tpp', 'MOBDabcpp', 'MOBDtex', 'NI2tex', 'DNTPPA', 'NH4tex', 'MG2tex', 'Zn2tex', 'H2Otpp', 'CO2tex', 'ACGK', 'COBALT2tex', 'HMBS', 'MEPCT', 'GLUDy', 'EX_h2o_e', 'HSTPT', 'THDPS', 'THRD_L', 'ETOHtex', 'DHFR', 'PRAIi', 'HACD3', 'TYRTA', 'SHKK', 'EX_mobd_e', 'EX_so4_e', 'OMCDC', 'E4PD', 'IG3PS', 'PDH', 'MTHFR2', 'EX_nh4_e', 'DUTPDP', 'DPR', 'AMAOTr', 'EX_etoh_e', 'GLNS', 'EX_k_e', 'ACACT1r', 'ACGS', 'CU2tex', 'ALAALAr', 'CLtex', 'ADNK1', 'MNtex', 'CPPPGO2', 'SHCHF', 'SUCOAS', 'PRAIS', 'AACPS7', 'PANTS', 'ECOAH7', 'HISTP', 'QMO3', 'UPP3MT', 'DHQS', 'DASYN160', 'DASYN161', 'PGCD', 'FACOAE161', 'ADSL1r', 'AICART', 'EX_cl_e', 'FORtex', 'PPPGO3', 'PDX5PO2', 'PGM', 'CYTBO3_4pp', 'TPI', 'MPTG', 'RPI', 'MCTP1App', 'PERD', '5DOAN', 'DM_5drib_c', 'K2L4Aabcpp', 'FACOAE120', 'SO4t2pp', 'AMPMS2', 'PSSA161', 'PSD160', 'PSD161', 'ACONTb', 'CA2tex', 'SUCDi', 'EX_o2_e', 'G3PAT160', 'G3PAT161', 'AGPAT160', '3OAS140', '3OAR140', 'PE160abcpp', 'PE161abcpp', 'ACONTa', 'PSSA160', 'AGPAT161', 'ZN2tpp', 'NI2tpp', 'ACOAD7f', 'ACOAD5f', 'ACOAD3f', 'ACOAD2f', 'ACOAD4f', 'ACOAD6f', 'NADH16pp', 'NADH17pp', 'OPHHX3', 'COBALT2tpp', 'DALAt2pp', 'FE2tpp', 'CLt3_2pp', 'POR5', 'MALCOAMT', 'CU2tpp', 'MG2t3_2pp', 'FE3abcpp', 'OGMEACPS', 'OGMEACPR', 'OPMEACPS', 'CTECOAI7', 'K2L4Aabctex', 'OPMEACPD', 'EPMEACPR', 'AOXSr2', 'MEOHtrpp', 'OGMEACPD', 'EGMEACPR', 'OPMEACPR', 'PMEACPE', 'ETOHtrpp', 'MEOHtex', 'ICYSDS', 'MECDPDH5', 'RNTR1c2', 'RNTR2c2', 'I4FE4SR', 'RNTR3c2', 'RNTR4c2', 'I2FE2SS', 'I2FE2ST', 'FESR', 'I2FE2SS2', 'I4FE4ST', 'BTS5', 'DM_4crsol_c', 'AI2K', 'DHNPA2r', 'PIt2rpp', 'PAI2I', 'FESD1s', '4HTHRA', 'I2FE2SR', 'TYRL', 'THZPSN3', 'PAI2T', '4HTHRK', 'BIOMASS_Ec_iML1515_core_75p37M']","[-0.2604891578268962, 0.22609345365447098, -0.22609345365449957, -0.15108779878049997, -8.017769301953127, -8.01776930195308, -10.622653395168868, -2.3931993879394655, -0.00030483435463260884, 0.03885134353936337, -0.0006096687092652177, -0.028489025938256418, -0.00015241717733260884, 2.0011233959418178, -0.00030483435463260884, 0.6592938283770309, 4.726156376325009, -0.00015241717729999997, -16.64699686740289, -0.02659577221129439, -0.00030483435463260884, -0.00018579181444999997, 0.19857224261795636, 0.30793122558804953, 0.22609345365447098, -0.0006096687092652177, -0.19857224261789994, -0.19857224261789994, -0.5976168164315525, -0.2604891578268962, 9.031144235893636, -0.03885134353929999, -0.03885134353929999, -0.22102814557839995, 7.47306482400063, -0.2604891578268999, -0.03885134353929999, -7.47306482400063, -0.30793122558809993, -0.0001900088577999966, -0.0001900088577999966, -0.00030483435459999995, -0.00015241717729999997, 0.00047228820403688587, 7.075149367571953, 0.04993384501028686, -0.013297886105599998, -3.759168049999838e-05, -0.1900471329655602, -0.013297886105599998, 2.9606420223352643, -0.3592561722047094, 0.3708125382754588, -0.16624271390286605, -0.2432386773879216, -0.013297886105599998, -0.0024386748367999996, -0.013297886105599998, 0.5391020964996187, -0.00015241717729999997, -1.8235784393602898, -0.5391020964996356, 0.17070364937285376, -0.2604891578268999, -0.30793122558809993, 0.3060605268716472, -0.044740337049688605, 0.00039323619796505227, -0.3060605268716472, -0.044740337049688605, -10.622653395168868, -0.017884071126599996, -0.00046066895740048963, -0.5976168164315525, 0.30793122558804953, -8.04555822972759, -8.04555822972759, -0.00015241717733260884, 0.00030483435455153085, 0.5976168164315823, -0.19857224261795636, 9.10524563998253, -0.053195645333, -0.0003055178397011933, -0.0024386748367999996, -0.1900471329655602, -0.2432386773879216, -0.2432386773879216, -0.20216942469919996, 0.2021694246992638, -0.002438674836866994, -0.026595772211199995, -0.2432386773879216, -0.0019376802584999673, -0.0016328459038999674, -0.0016328459038999674, 0.06458114012889382, -0.06458114012879998, -0.018992683958799998, 0.018992683958799716, -0.0015569790577905824, -1.9733344681673273, -0.2432386773879216, 0.0002330684191065302, -0.2432386773879216, -0.1900471329655602, -0.00045725153189998813, -0.00045725153189998813, -0.00046066895740048963, -0.0016328459038999674, -0.00030483435463260884, -0.1691502595182714, -0.00015241717729999816, -0.7253991402747033, -0.22609345365449957, -0.2535381143598999, -0.00045725153189998813, -0.00045725153189998813, 0.7743868860013707, -0.2583840237188042, -0.018992683958799998, -0.1097164456775, -0.018992683958799998, -0.018992683958799998, -0.03885134353929999, 0.7743868860013663, -1.4940232452388145, -0.2906745937832511, -0.12371285355527561, -0.01788407112655932, -0.20216942469919996, -0.00015241717729999997, -0.00015241717729999816, -0.00046066895740048963, -0.2045698243726057, -0.0001524171772999982, -0.00046066895740048963, -0.16475750078049994, -0.22609345365449957, -0.026595772211199995, -0.026595772211199995, -0.0001900088577999966, -0.0531942783628665, -0.0014428370460999713, -0.2535381143597988, -0.2535381143598999, -0.37196352718159986, 0.2535381143597988, -0.37196352718159986, -0.10519587522618039, -0.12662586705149997, -0.01788407112655932, -0.5399627977936916, -0.1691502595182714, -0.2604891578268999, -0.00030620132480009186, 0.09502356648283694, -0.08723183634279996, -0.026595772211199995, -0.018992683958799998, -0.10281529662279998, -0.018992683958799998, -0.018992683958799998, -0.15108779878049997, -0.00030483435463260884, -0.15108779878049997, -7.2828915903137394, -0.00046066895740048963, -0.018992683958799998, -1.3669701999999997e-06, -0.026595772211199995, -0.02659577221129439, -0.06475201140379999, -0.06475201140379999, -0.2535381143598999, -0.06458114012879998, -0.07577799303929048, -0.06458114012879998, -0.06475201140379999, -0.06475201140379999, -0.0647520114038116, -0.30621294404899, -0.16915025951823282, -0.1691502595182714, -0.0015569790577905824, -0.1691502595182714, -0.1691502595182714, -0.730697516767691, 0.730697516767691, -0.23454543040109993, -0.2021694246992638, -0.23043495100966993, 0.1266258670514162, -0.09440227852689997, -0.0005470203454999943, -0.06475201140379999, -0.00015241717729999997, 0.2021694246992638, -0.00015241717729999997, -0.0012193374183999998, -0.1691502595182714, -0.4282628783536211, -0.00046066895740048963, -0.3062129440489798, -0.30621294404899, -0.0015569790577956155, -1.1370635829749611, -0.30606052687169005, 1.8235784393602898, -0.5391020964996356, -1.3669701999999997e-06, -0.013297886105599998, -0.5391020964996187, -0.2021694246992638, -0.15108779878049997, -0.30793122558809993, 0.0059292332425684435, -0.00046066895740048963, -0.0013546972659522732, -0.00030620132480009186, -0.16624271390286605, -7.075149367571953, -0.00015241717729999816, -0.00015241717729999997, -0.1900471329655602, -1.1370635829749611, -0.2432386773879216, -0.1691502595182714, -0.2432386773879216, -0.2432386773879216, 0.47715940240789223, -0.10519587522618039, -0.10519587522618039, 0.0035575399455183288, -0.13341150712429997, 45.26317934519636, -21.233814820195335, -0.00045725153189998813, 0.21544398642254237, -0.018992683958799998, -69.13036381875133, -0.12371285355527561, 16.64699686740289, -0.16624271390287504, -0.2432386773879216, -0.13341150712426497, -21.230778316325996, -0.2432386773879216, -0.2432386773879216, -0.00045725153189998813, 0.00022076568734519242, -0.6592938283770309, -1.3669701999999997e-06, -0.10550207655089996, 0.00034093014985714376, -0.0018979092076477262, 0.0004845909359119105, -0.2432386773879216, -0.30606052687169005, -0.00045725153189998813, -0.6013999064624613, -0.6013999064624613, -0.0015569790577905824, 1.7087127503145894e-05, -0.1900471329655602, 9.10524563998253, -0.17211521788203754, -0.04993384501028686, -0.08723183634279996, -7.381580983777781, -4.784395699999999e-06, -4.784395741808112e-06, -0.00022076568734519242, -0.00045725153189998813, -7.381580983777781, -0.0059292332425684435, -0.0002330684191065302, 45.26925235293504, 16.64699686740289, -0.20216942469919996, -1.7087127503145894e-05, -0.00030483435459999995, -0.0016328459038999674, 5.807657646859184, -45.26317934519648, -0.06475201140379999, -0.2535381143598999, -0.19857224261789994, -10.622653395168868, -0.01834132265844346, -0.03885134353929999, -0.2432386773879216, 0.09440227852689986, -0.2604891578268999, 4.784395741808112e-06, 0.17211521788203754, -0.30793122558809993, 0.00030483435455153085, -0.06475201140379999, -1.5151107208284387, -0.10550207655089996, 7.381580983777781, -0.017884071126599996, -0.00046066895740048963, -1.366970195704198e-06, 10.622653395168815, -1.07065001929528, 0.13341150712426497, -0.2432386773879216, -0.20216942469919996, -0.0004845909359119105, -0.018992683958799716, -0.0035575399455183288, -0.00039323619796232697, -0.00047228820403688587, 3.337463715e-05, -0.00015241717729999997, 6.924090619187837, -0.30621294404899, -0.05319154442239999, -0.00046066895740048963, -0.1900471329655602, -0.06475201140379999, -0.0013546972659522732, -0.00015241717729999997, -0.2604891578268999, -0.04361591817139998, -0.05140764831139999, -1.1370635829749611, -0.10281529662279998, -0.20456982437258375, -0.3708125382754588, 0.0035575399455183288, -9.105245639982513, -0.00015241717729999997, -0.00015241717729999997, -2.9606420223352643, -42.46075284381466, 0.8706612302172516, -0.009496341979399999, 0.6826003049519613, -0.009496341979399999, 0.00030483435455153085, -8.703487319999996e-05, -8.703487319999996e-05, -0.013297886105599998, -0.05319154442239999, -0.17211521788207138, -0.00015241717729999997, -0.05140764831139999, -0.04361591817139998, -0.05140764831139999, -8.01776930195308, -0.0035575399455183288, -7.33287477516614, 21.230778316325996, -0.04361591817139998, -0.05140764831139999, -0.04361591817139998, -0.05319154442239999, -0.0531915444223614, -0.04361591817139998, -0.05140764831139999, -8.01776930195308, -0.04361591817139998, -0.05140764831139999, -0.00023306841909999992, -0.00022076568729999992, 0.08723183634276666, 0.2432386773879216, 0.2432386773879216, 0.2432386773879216, 0.2432386773879216, 0.1900471329655602, -34.90178461499402, -0.0013546972659522732, -0.00015241717729999816, -1.7087127499999996e-05, -0.009496341979399999, -0.012146015477499997, -0.0017787699727499996, -0.07433242205047463, -1.3669701999999997e-06, -0.0004845909358999999, -0.0059292332425684435, 0.0011685612863999999, -1.3669701999999997e-06, -1.3669701999999997e-06, -1.3669701999999997e-06, 0.10281529662279354, -0.013297886105599998, -1.3669701999999997e-06, -1.3669701999999997e-06, -1.3669701999999997e-06, 1.366970195704198e-06, -1.3669701999999997e-06, -1.3669701999999997e-06, -1.3669701999999997e-06, -1.3669701999999997e-06, -10.622653395168868, 1.366970195704198e-06, -0.0009001498767154002, -0.0016328459038999674, -0.017884071126599996, -0.018465716946699996, -0.00017770612600000028, -0.018465716946699996, -0.017884071126599996, -0.0001954767386000003, -1.9137582799999995e-05, -0.006505212947199999, -0.00017770612600000028, -0.00017770612600000028, -1.3669701999999997e-06, -0.00015241717729999997, -0.00030620132480009186, -0.0004572515318841397, -0.6592938283770705, -0.00030620132480009186, -0.0032526064735999994, 0.0004572515318841397, -1.3669701999999997e-06, -0.00015241717729999997, -0.00015241717729999997, -0.00030620132480009186, -0.00045725153189998813, -0.6834850999999998]","[0.2604891578268962, 0.22609345365447098, 0.22609345365449957, 0.15108779878049997, 8.017769301953127, 8.01776930195308, 10.622653395168868, 2.3931993879394655, 0.00030483435463260884, 0.03885134353936337, 0.0006096687092652177, 0.028489025938256418, 0.00015241717733260884, 2.0011233959418178, 0.00030483435463260884, 0.6592938283770309, 4.726156376325009, 0.00015241717729999997, 16.64699686740289, 0.02659577221129439, 0.00030483435463260884, 0.00018579181444999997, 0.19857224261795636, 0.30793122558804953, 0.22609345365447098, 0.0006096687092652177, 0.19857224261789994, 0.19857224261789994, 0.5976168164315525, 0.2604891578268962, 9.031144235893636, 0.03885134353929999, 0.03885134353929999, 0.22102814557839995, 7.47306482400063, 0.2604891578268999, 0.03885134353929999, 7.47306482400063, 0.30793122558809993, 0.0001900088577999966, 0.0001900088577999966, 0.00030483435459999995, 0.00015241717729999997, 0.00047228820403688587, 7.075149367571953, 0.04993384501028686, 0.013297886105599998, 3.759168049999838e-05, 0.1900471329655602, 0.013297886105599998, 2.9606420223352643, 0.3592561722047094, 0.3708125382754588, 0.16624271390286605, 0.2432386773879216, 0.013297886105599998, 0.0024386748367999996, 0.013297886105599998, 0.5391020964996187, 0.00015241717729999997, 1.8235784393602898, 0.5391020964996356, 0.17070364937285376, 0.2604891578268999, 0.30793122558809993, 0.3060605268716472, 0.044740337049688605, 0.00039323619796505227, 0.3060605268716472, 0.044740337049688605, 10.622653395168868, 0.017884071126599996, 0.00046066895740048963, 0.5976168164315525, 0.30793122558804953, 8.04555822972759, 8.04555822972759, 0.00015241717733260884, 0.00030483435455153085, 0.5976168164315823, 0.19857224261795636, 9.10524563998253, 0.053195645333, 0.0003055178397011933, 0.0024386748367999996, 0.1900471329655602, 0.2432386773879216, 0.2432386773879216, 0.20216942469919996, 0.2021694246992638, 0.002438674836866994, 0.026595772211199995, 0.2432386773879216, 0.0019376802584999673, 0.0016328459038999674, 0.0016328459038999674, 0.06458114012889382, 0.06458114012879998, 0.018992683958799998, 0.018992683958799716, 0.0015569790577905824, 1.9733344681673273, 0.2432386773879216, 0.0002330684191065302, 0.2432386773879216, 0.1900471329655602, 0.00045725153189998813, 0.00045725153189998813, 0.00046066895740048963, 0.0016328459038999674, 0.00030483435463260884, 0.1691502595182714, 0.00015241717729999816, 0.7253991402747033, 0.22609345365449957, 0.2535381143598999, 0.00045725153189998813, 0.00045725153189998813, 0.7743868860013707, 0.2583840237188042, 0.018992683958799998, 0.1097164456775, 0.018992683958799998, 0.018992683958799998, 0.03885134353929999, 0.7743868860013663, 1.4940232452388145, 0.2906745937832511, 0.12371285355527561, 0.01788407112655932, 0.20216942469919996, 0.00015241717729999997, 0.00015241717729999816, 0.00046066895740048963, 0.2045698243726057, 0.0001524171772999982, 0.00046066895740048963, 0.16475750078049994, 0.22609345365449957, 0.026595772211199995, 0.026595772211199995, 0.0001900088577999966, 0.0531942783628665, 0.0014428370460999713, 0.2535381143597988, 0.2535381143598999, 0.37196352718159986, 0.2535381143597988, 0.37196352718159986, 0.10519587522618039, 0.12662586705149997, 0.01788407112655932, 0.5399627977936916, 0.1691502595182714, 0.2604891578268999, 0.00030620132480009186, 0.09502356648283694, 0.08723183634279996, 0.026595772211199995, 0.018992683958799998, 0.10281529662279998, 0.018992683958799998, 0.018992683958799998, 0.15108779878049997, 0.00030483435463260884, 0.15108779878049997, 7.2828915903137394, 0.00046066895740048963, 0.018992683958799998, 1.3669701999999997e-06, 0.026595772211199995, 0.02659577221129439, 0.06475201140379999, 0.06475201140379999, 0.2535381143598999, 0.06458114012879998, 0.07577799303929048, 0.06458114012879998, 0.06475201140379999, 0.06475201140379999, 0.0647520114038116, 0.30621294404899, 0.16915025951823282, 0.1691502595182714, 0.0015569790577905824, 0.1691502595182714, 0.1691502595182714, 0.730697516767691, 0.730697516767691, 0.23454543040109993, 0.2021694246992638, 0.23043495100966993, 0.1266258670514162, 0.09440227852689997, 0.0005470203454999943, 0.06475201140379999, 0.00015241717729999997, 0.2021694246992638, 0.00015241717729999997, 0.0012193374183999998, 0.1691502595182714, 0.4282628783536211, 0.00046066895740048963, 0.3062129440489798, 0.30621294404899, 0.0015569790577956155, 1.1370635829749611, 0.30606052687169005, 1.8235784393602898, 0.5391020964996356, 1.3669701999999997e-06, 0.013297886105599998, 0.5391020964996187, 0.2021694246992638, 0.15108779878049997, 0.30793122558809993, 0.0059292332425684435, 0.00046066895740048963, 0.0013546972659522732, 0.00030620132480009186, 0.16624271390286605, 7.075149367571953, 0.00015241717729999816, 0.00015241717729999997, 0.1900471329655602, 1.1370635829749611, 0.2432386773879216, 0.1691502595182714, 0.2432386773879216, 0.2432386773879216, 0.47715940240789223, 0.10519587522618039, 0.10519587522618039, 0.0035575399455183288, 0.13341150712429997, 45.26317934519636, 21.233814820195335, 0.00045725153189998813, 0.21544398642254237, 0.018992683958799998, 69.13036381875133, 0.12371285355527561, 16.64699686740289, 0.16624271390287504, 0.2432386773879216, 0.13341150712426497, 21.230778316325996, 0.2432386773879216, 0.2432386773879216, 0.00045725153189998813, 0.00022076568734519242, 0.6592938283770309, 1.3669701999999997e-06, 0.10550207655089996, 0.00034093014985714376, 0.0018979092076477262, 0.0004845909359119105, 0.2432386773879216, 0.30606052687169005, 0.00045725153189998813, 0.6013999064624613, 0.6013999064624613, 0.0015569790577905824, 1.7087127503145894e-05, 0.1900471329655602, 9.10524563998253, 0.17211521788203754, 0.04993384501028686, 0.08723183634279996, 7.381580983777781, 4.784395699999999e-06, 4.784395741808112e-06, 0.00022076568734519242, 0.00045725153189998813, 7.381580983777781, 0.0059292332425684435, 0.0002330684191065302, 45.26925235293504, 16.64699686740289, 0.20216942469919996, 1.7087127503145894e-05, 0.00030483435459999995, 0.0016328459038999674, 5.807657646859184, 45.26317934519648, 0.06475201140379999, 0.2535381143598999, 0.19857224261789994, 10.622653395168868, 0.01834132265844346, 0.03885134353929999, 0.2432386773879216, 0.09440227852689986, 0.2604891578268999, 4.784395741808112e-06, 0.17211521788203754, 0.30793122558809993, 0.00030483435455153085, 0.06475201140379999, 1.5151107208284387, 0.10550207655089996, 7.381580983777781, 0.017884071126599996, 0.00046066895740048963, 1.366970195704198e-06, 10.622653395168815, 1.07065001929528, 0.13341150712426497, 0.2432386773879216, 0.20216942469919996, 0.0004845909359119105, 0.018992683958799716, 0.0035575399455183288, 0.00039323619796232697, 0.00047228820403688587, 3.337463715e-05, 0.00015241717729999997, 6.924090619187837, 0.30621294404899, 0.05319154442239999, 0.00046066895740048963, 0.1900471329655602, 0.06475201140379999, 0.0013546972659522732, 0.00015241717729999997, 0.2604891578268999, 0.04361591817139998, 0.05140764831139999, 1.1370635829749611, 0.10281529662279998, 0.20456982437258375, 0.3708125382754588, 0.0035575399455183288, 9.105245639982513, 0.00015241717729999997, 0.00015241717729999997, 2.9606420223352643, 42.46075284381466, 0.8706612302172516, 0.009496341979399999, 0.6826003049519613, 0.009496341979399999, 0.00030483435455153085, 8.703487319999996e-05, 8.703487319999996e-05, 0.013297886105599998, 0.05319154442239999, 0.17211521788207138, 0.00015241717729999997, 0.05140764831139999, 0.04361591817139998, 0.05140764831139999, 8.01776930195308, 0.0035575399455183288, 7.33287477516614, 21.230778316325996, 0.04361591817139998, 0.05140764831139999, 0.04361591817139998, 0.05319154442239999, 0.0531915444223614, 0.04361591817139998, 0.05140764831139999, 8.01776930195308, 0.04361591817139998, 0.05140764831139999, 0.00023306841909999992, 0.00022076568729999992, 0.08723183634276666, 0.2432386773879216, 0.2432386773879216, 0.2432386773879216, 0.2432386773879216, 0.1900471329655602, 34.90178461499402, 0.0013546972659522732, 0.00015241717729999816, 1.7087127499999996e-05, 0.009496341979399999, 0.012146015477499997, 0.0017787699727499996, 0.07433242205047463, 1.3669701999999997e-06, 0.0004845909358999999, 0.0059292332425684435, 0.0011685612863999999, 1.3669701999999997e-06, 1.3669701999999997e-06, 1.3669701999999997e-06, 0.10281529662279354, 0.013297886105599998, 1.3669701999999997e-06, 1.3669701999999997e-06, 1.3669701999999997e-06, 1.366970195704198e-06, 1.3669701999999997e-06, 1.3669701999999997e-06, 1.3669701999999997e-06, 1.3669701999999997e-06, 10.622653395168868, 1.366970195704198e-06, 0.0009001498767154002, 0.0016328459038999674, 0.017884071126599996, 0.018465716946699996, 0.00017770612600000028, 0.018465716946699996, 0.017884071126599996, 0.0001954767386000003, 1.9137582799999995e-05, 0.006505212947199999, 0.00017770612600000028, 0.00017770612600000028, 1.3669701999999997e-06, 0.00015241717729999997, 0.00030620132480009186, 0.0004572515318841397, 0.6592938283770705, 0.00030620132480009186, 0.0032526064735999994, 0.0004572515318841397, 1.3669701999999997e-06, 0.00015241717729999997, 0.00015241717729999997, 0.00030620132480009186, 0.00045725153189998813, 0.6834850999999998]","['ACALD', 'PYK', 'EX_ac_e', 'EX_succ_e', 'ALCD2x', 'ACtex', 'ASPO5', 'SUCCtex', 'ETOHtex', 'EX_etoh_e', 'CPPPGO2', 'FE3abcpp', 'ETOHtrpp']","['CPPPGO', 'PGL', 'DHORD2', 'IPDPS', 'TRDR', 'AKGDH', 'PAPSR', 'GND', 'G6PDH2r', 'SPODM', 'O2tpp', 'ASPO6', 'DUTPDP', 'QMO3', 'CYTBO3_4pp', 'SUCDi', 'NADH16pp', 'NADH17pp', 'RNTR4c2', 'FESR', 'FESD1s']","['SHK3Dr', 'DHORTS', 'OMPDC', 'G5SD', 'CS', 'ICDHyr', 'PPA', 'APRAUR', 'TRPAS2', 'DB4PS', 'ALAR', 'RBFK', 'ASPTA', 'RBFSb', 'EX_pi_e', 'SHCHD2', 'EX_co2_e', 'A5PISO', 'PMDPHT', 'ILETA', 'IPPMIb', 'ORPT', 'RBFSa', 'ACHBS', 'DHAD2', 'ACLS', 'PSCVT', 'PFL', 'ANS', 'ANPRT', 'CHORM', 'PTAr', 'CHORS', 'IGPS', 'ACKr', 'LEUTAi', 'DMATT', 'GRTT', 'UPP3S', 'UPPDC1', 'EX_mn2_e', 'MOAT', 'UDCPDPS', 'ECOAH6', 'USHD', 'ENO', 'HCO3E', 'IMPC', 'IMPD', 'ECOAH4', 'LPADSS', 'GLUTRS', 'TDSK', 'PGI', 'TMPPP', 'PGK', 'RPE', 'DHQTi', 'IPMD', 'AIRC3', 'TALA', 'PUNP1', 'ADSL2r', 'TKT1', 'TMDS', 'PPCDC', 'DHAD1', 'IPPMIa', 'MDH', 'FUM', 'FMNAT', 'OHPBAT', 'KARA1', 'KARA2', 'EX_for_e', 'ACCOAC', 'NADK', 'GLUTRR', 'HACD6', 'ECOAH1', 'ECOAH2', 'ARGSS', 'AGPR', 'G1SAT', 'KDOCT2', 'ECOAH3', 'DXPS', 'CDPMEK', 'MECDPS', 'PGAMT', 'UAGDP', 'UAGCVT', 'GLUR', 'NNDPR', 'PPC', 'HACD4', 'EX_zn2_e', 'HACD5', 'HACD7', 'DNMPPA', 'HPPK2', 'PTPATi', 'DXPRIi', 'GTPCII2', 'SADT2', 'OPHBDC', 'GHMT2r', 'SDPDS', 'ADCS', 'ADCL', 'DHAPT', 'UMPK', 'UAPGR', 'CTPS2', 'PAPPT3', 'UAGPT3', 'TRPS3', 'F6PA', 'FADRx', 'NDPK2', 'NDPK3', 'NDPK4', 'ACODA', 'FCLT', 'HBZOPT', 'PNTK', 'ADSS', 'OCTDPS', 'DPCOAK', 'ASNS2', 'ASPCT', 'KDOPS', 'KDOPP', 'DMPPS', 'MCOATA', 'DAPE', 'DHDPRy', 'HSK', 'SDPTA', 'THRS', 'HSST', 'PPNDH', 'DTMPK', 'NDPK1', 'DDPA', 'RHCCE', 'G3PD2', 'AACPS3', 'U23GAAT', 'UAAGDS', 'AACPS4', 'UAMAS', 'UAMAGS', 'P5CR', 'DHPPDA2', 'G5SADs', 'ASP1DC', 'UGMDDS', 'DBTS', 'UHGADA', 'UAGAAT', 'ATPPRT', 'HISTD', 'DHDPS', 'G1PACT', 'GART', 'GF6PTA', 'IGPDH', 'PRATPP', 'PRMICI', 'GLUPRT', 'SERAT', 'CYSS', 'NADS1', 'BPNT', 'ASPK', 'ASAD', 'DAPDC', 'OCBT', 'GARFT', 'PHETA1', 'PPND', 'METAT', 'PRAMPC', 'TMPK', 'ACOTA', 'PDX5PS', 'PPBNGS', 'SULR', 'CBMKr', 'PPNCL2', 'PRAGSr', 'PRFGS', 'NNATr', 'PSERT', 'AIRC2', 'GAPD', 'DM_amob_c', 'MOAT2', 'ARGSL', 'GLU5K', 'IPPS', 'EX_mg2_e', 'MOHMT', 'AHCYSNS', 'GMPS', 'CHRPL', 'PMPK', 'ACACT7r', 'PSP_L', 'ACACT2r', 'ADSK', 'ACACT3r', 'ACACT4r', 'HSDy', 'CYSTL', 'SHSL1', 'EX_ca2_e', 'Kt2pp', 'H2Otex', 'GTPCI', 'TKT2', 'UDCPDP', 'ATPS4rpp', 'CYTK1', 'CO2tpp', 'GK1', 'HACD1', 'Ktex', 'O2tex', 'HACD2', 'ECOAH5', 'DHFS', 'EX_ni2_e', 'PItex', 'EX_meoh_e', 'METS', 'EX_cu2_e', 'ACACT5r', 'PRASCSi', 'DHPS2', 'MTHFC', 'MTHFD', 'QULNS', 'EX_cobalt2_e', 'ACACT6r', 'FORtppi', 'SO4tex', 'FACOAE160', 'NH4tpp', 'MOBDabcpp', 'MOBDtex', 'NI2tex', 'DNTPPA', 'NH4tex', 'MG2tex', 'Zn2tex', 'H2Otpp', 'CO2tex', 'ACGK', 'COBALT2tex', 'HMBS', 'MEPCT', 'GLUDy', 'EX_h2o_e', 'HSTPT', 'THDPS', 'THRD_L', 'DHFR', 'PRAIi', 'HACD3', 'TYRTA', 'SHKK', 'EX_mobd_e', 'EX_so4_e', 'OMCDC', 'E4PD', 'IG3PS', 'PDH', 'MTHFR2', 'EX_nh4_e', 'DPR', 'AMAOTr', 'GLNS', 'EX_k_e', 'ACACT1r', 'ACGS', 'CU2tex', 'ALAALAr', 'CLtex', 'ADNK1', 'MNtex', 'SHCHF', 'SUCOAS', 'PRAIS', 'AACPS7', 'PANTS', 'ECOAH7', 'HISTP', 'UPP3MT', 'DHQS', 'DASYN160', 'DASYN161', 'PGCD', 'FACOAE161', 'ADSL1r', 'AICART', 'EX_cl_e', 'FORtex', 'PPPGO3', 'PDX5PO2', 'PGM', 'TPI', 'MPTG', 'RPI', 'MCTP1App', 'PERD', '5DOAN', 'DM_5drib_c', 'K2L4Aabcpp', 'FACOAE120', 'SO4t2pp', 'AMPMS2', 'PSSA161', 'PSD160', 'PSD161', 'ACONTb', 'CA2tex', 'EX_o2_e', 'G3PAT160', 'G3PAT161', 'AGPAT160', '3OAS140', '3OAR140', 'PE160abcpp', 'PE161abcpp', 'ACONTa', 'PSSA160', 'AGPAT161', 'ZN2tpp', 'NI2tpp', 'ACOAD7f', 'ACOAD5f', 'ACOAD3f', 'ACOAD2f', 'ACOAD4f', 'ACOAD6f', 'OPHHX3', 'COBALT2tpp', 'DALAt2pp', 'FE2tpp', 'CLt3_2pp', 'POR5', 'MALCOAMT', 'CU2tpp', 'MG2t3_2pp', 'OGMEACPS', 'OGMEACPR', 'OPMEACPS', 'CTECOAI7', 'K2L4Aabctex', 'OPMEACPD', 'EPMEACPR', 'AOXSr2', 'MEOHtrpp', 'OGMEACPD', 'EGMEACPR', 'OPMEACPR', 'PMEACPE', 'MEOHtex', 'ICYSDS', 'MECDPDH5', 'RNTR1c2', 'RNTR2c2', 'I4FE4SR', 'RNTR3c2', 'I2FE2SS', 'I2FE2ST', 'I2FE2SS2', 'I4FE4ST', 'BTS5', 'DM_4crsol_c', 'AI2K', 'DHNPA2r', 'PIt2rpp', 'PAI2I', '4HTHRA', 'I2FE2SR', 'TYRL', 'THZPSN3', 'PAI2T', '4HTHRK', 'BIOMASS_Ec_iML1515_core_75p37M']",O2tpp,CPPPGO2,715.1944920817099,1,427,393,-279.0,-203.99555616284096,iML1515,PSL,False,False,0.0,0.0,0.0,0.0
97,"['ECOAH1', 'ECOAH2', 'ECOAH3', 'MACPD', 'ACOATA', 'ACACT2r', 'ACACT3r', 'HACD1', 'HACD2', 'HACD3', 'ACACT1r', 'KAS15', 'FACOAE80', '3HAD80', 'FADRx2', '3HAD40', '3OAS60', '3OAR60', '3OAR80', '3OAS80', '3OAR40', '3HAD60', 'EAR40x', 'EAR60x', 'EAR80x', 'ACOAD3f', 'ACOAD2f', 'FA80ACPHi', 'ACOAD1fr']","[-0.2965004077419735, -0.2965004077419735, -0.2965004077419735, -0.8895012232322164, 0.8895012232321733, -0.2965004077419735, -0.2965004077419735, -0.2965004077419735, -0.2965004077419735, -0.2965004077419735, -0.2965004077419735, 0.2965004077419999, -0.29650040774199987, 0.2965004077419999, -0.8895012231648096, 0.2965004077419999, 0.2965004077419999, 0.2965004077419735, 0.2965004077419735, 0.2965004077419999, 0.2965004077419735, 0.2965004077419999, 0.2965004077419999, 0.2965004077419999, 0.2965004077419999, 0.2965004077419735, 0.2965004077419735, 0.2965004077576623, -0.29650040774199987]","[0.2965004077419735, 0.2965004077419735, 0.2965004077419735, 0.8895012232322164, 0.8895012232321733, 0.2965004077419735, 0.2965004077419735, 0.2965004077419735, 0.2965004077419735, 0.2965004077419735, 0.2965004077419735, 0.2965004077419999, 0.29650040774199987, 0.2965004077419999, 0.8895012231648096, 0.2965004077419999, 0.2965004077419999, 0.2965004077419735, 0.2965004077419735, 0.2965004077419999, 0.2965004077419735, 0.2965004077419999, 0.2965004077419999, 0.2965004077419999, 0.2965004077419999, 0.2965004077419735, 0.2965004077419735, 0.2965004077576623, 0.29650040774199987]","['KAS15', '3HAD80', '3HAD40', '3OAS60', '3OAR60', '3OAR80', '3OAS80', '3OAR40', '3HAD60', 'EAR40x', 'EAR60x', 'EAR80x', 'FA80ACPHi']","['ECOAH1', 'ECOAH2', 'ECOAH3', 'MACPD', 'ACOATA', 'ACACT2r', 'ACACT3r', 'HACD1', 'HACD2', 'HACD3', 'ACACT1r', 'FACOAE80', 'FADRx2', 'ACOAD3f', 'ACOAD2f', 'ACOAD1fr']",[],HACD1,3HAD80,10.37751427097,1,29,0,-3.0,-0.2965004078189151,iML1515,PSL,True,False,-9.78604669763502,0.0,0.0,0.0
98,"['ECOAH1', 'ECOAH2', 'ECOAH3', 'MACPD', 'ACOATA', 'ACACT2r', 'ACACT3r', 'HACD1', 'HACD2', 'HACD3', 'ACACT1r', 'KAS15', 'FACOAE80', '3HAD80', 'FADRx2', '3HAD40', '3OAS60', '3OAR60', '3OAR80', '3OAS80', '3OAR40', '3HAD60', 'EAR40x', 'EAR60x', 'EAR80x', 'ACOAD3f', 'ACOAD2f', 'FA80ACPHi', 'ACOAD1fr']","[-0.2965004077419735, -0.2965004077419735, -0.2965004077419735, -0.8895012232322164, 0.8895012232321733, -0.2965004077419735, -0.2965004077419735, -0.2965004077419735, -0.2965004077419735, -0.2965004077419735, -0.2965004077419735, 0.2965004077419999, -0.29650040774199987, 0.2965004077419999, -0.8895012231648096, 0.2965004077419999, 0.2965004077419999, 0.2965004077419735, 0.2965004077419735, 0.2965004077419999, 0.2965004077419735, 0.2965004077419999, 0.2965004077419999, 0.2965004077419999, 0.2965004077419999, 0.2965004077419735, 0.2965004077419735, 0.2965004077576623, -0.29650040774199987]","[0.2965004077419735, 0.2965004077419735, 0.2965004077419735, 0.8895012232322164, 0.8895012232321733, 0.2965004077419735, 0.2965004077419735, 0.2965004077419735, 0.2965004077419735, 0.2965004077419735, 0.2965004077419735, 0.2965004077419999, 0.29650040774199987, 0.2965004077419999, 0.8895012231648096, 0.2965004077419999, 0.2965004077419999, 0.2965004077419735, 0.2965004077419735, 0.2965004077419999, 0.2965004077419735, 0.2965004077419999, 0.2965004077419999, 0.2965004077419999, 0.2965004077419999, 0.2965004077419735, 0.2965004077419735, 0.2965004077576623, 0.29650040774199987]","['KAS15', '3HAD80', '3HAD40', '3OAS60', '3OAR60', '3OAR80', '3OAS80', '3OAR40', '3HAD60', 'EAR40x', 'EAR60x', 'EAR80x', 'FA80ACPHi']","['ECOAH1', 'ECOAH2', 'ECOAH3', 'MACPD', 'ACOATA', 'ACACT2r', 'ACACT3r', 'HACD1', 'HACD2', 'HACD3', 'ACACT1r', 'FACOAE80', 'FADRx2', 'ACOAD3f', 'ACOAD2f', 'ACOAD1fr']",[],HACD1,3HAD40,10.37751427097,1,29,0,-3.0,-0.2965004078189151,iML1515,PSL,True,False,-9.78604669763502,0.0,0.0,0.0
99,"['ECOAH1', 'ECOAH2', 'ECOAH3', 'MACPD', 'ACOATA', 'ACACT2r', 'ACACT3r', 'HACD1', 'HACD2', 'HACD3', 'ACACT1r', 'KAS15', 'FACOAE80', '3HAD80', 'FADRx2', '3HAD40', '3OAS60', '3OAR60', '3OAR80', '3OAS80', '3OAR40', '3HAD60', 'EAR40x', 'EAR60x', 'EAR80x', 'ACOAD3f', 'ACOAD2f', 'FA80ACPHi', 'ACOAD1fr']","[-0.2965004077419735, -0.2965004077419735, -0.2965004077419735, -0.8895012232322164, 0.8895012232321733, -0.2965004077419735, -0.2965004077419735, -0.2965004077419735, -0.2965004077419735, -0.2965004077419735, -0.2965004077419735, 0.2965004077419999, -0.29650040774199987, 0.2965004077419999, -0.8895012231648096, 0.2965004077419999, 0.2965004077419999, 0.2965004077419735, 0.2965004077419735, 0.2965004077419999, 0.2965004077419735, 0.2965004077419999, 0.2965004077419999, 0.2965004077419999, 0.2965004077419999, 0.2965004077419735, 0.2965004077419735, 0.2965004077576623, -0.29650040774199987]","[0.2965004077419735, 0.2965004077419735, 0.2965004077419735, 0.8895012232322164, 0.8895012232321733, 0.2965004077419735, 0.2965004077419735, 0.2965004077419735, 0.2965004077419735, 0.2965004077419735, 0.2965004077419735, 0.2965004077419999, 0.29650040774199987, 0.2965004077419999, 0.8895012231648096, 0.2965004077419999, 0.2965004077419999, 0.2965004077419735, 0.2965004077419735, 0.2965004077419999, 0.2965004077419735, 0.2965004077419999, 0.2965004077419999, 0.2965004077419999, 0.2965004077419999, 0.2965004077419735, 0.2965004077419735, 0.2965004077576623, 0.29650040774199987]","['KAS15', '3HAD80', '3HAD40', '3OAS60', '3OAR60', '3OAR80', '3OAS80', '3OAR40', '3HAD60', 'EAR40x', 'EAR60x', 'EAR80x', 'FA80ACPHi']","['ECOAH1', 'ECOAH2', 'ECOAH3', 'MACPD', 'ACOATA', 'ACACT2r', 'ACACT3r', 'HACD1', 'HACD2', 'HACD3', 'ACACT1r', 'FACOAE80', 'FADRx2', 'ACOAD3f', 'ACOAD2f', 'ACOAD1fr']",[],HACD1,3OAS60,10.37751427097,1,29,0,-3.0,-0.2965004078189151,iML1515,PSL,True,False,-9.78604669763502,0.0,0.0,0.0
100,"['ECOAH1', 'ECOAH2', 'ECOAH3', 'MACPD', 'ACOATA', 'ACACT2r', 'ACACT3r', 'HACD1', 'HACD2', 'HACD3', 'ACACT1r', 'KAS15', 'FACOAE80', '3HAD80', 'FADRx2', '3HAD40', '3OAS60', '3OAR60', '3OAR80', '3OAS80', '3OAR40', '3HAD60', 'EAR40x', 'EAR60x', 'EAR80x', 'ACOAD3f', 'ACOAD2f', 'FA80ACPHi', 'ACOAD1fr']","[-0.2965004077419735, -0.2965004077419735, -0.2965004077419735, -0.8895012232322164, 0.8895012232321733, -0.2965004077419735, -0.2965004077419735, -0.2965004077419735, -0.2965004077419735, -0.2965004077419735, -0.2965004077419735, 0.2965004077419999, -0.29650040774199987, 0.2965004077419999, -0.8895012231648096, 0.2965004077419999, 0.2965004077419999, 0.2965004077419735, 0.2965004077419735, 0.2965004077419999, 0.2965004077419735, 0.2965004077419999, 0.2965004077419999, 0.2965004077419999, 0.2965004077419999, 0.2965004077419735, 0.2965004077419735, 0.2965004077576623, -0.29650040774199987]","[0.2965004077419735, 0.2965004077419735, 0.2965004077419735, 0.8895012232322164, 0.8895012232321733, 0.2965004077419735, 0.2965004077419735, 0.2965004077419735, 0.2965004077419735, 0.2965004077419735, 0.2965004077419735, 0.2965004077419999, 0.29650040774199987, 0.2965004077419999, 0.8895012231648096, 0.2965004077419999, 0.2965004077419999, 0.2965004077419735, 0.2965004077419735, 0.2965004077419999, 0.2965004077419735, 0.2965004077419999, 0.2965004077419999, 0.2965004077419999, 0.2965004077419999, 0.2965004077419735, 0.2965004077419735, 0.2965004077576623, 0.29650040774199987]","['KAS15', '3HAD80', '3HAD40', '3OAS60', '3OAR60', '3OAR80', '3OAS80', '3OAR40', '3HAD60', 'EAR40x', 'EAR60x', 'EAR80x', 'FA80ACPHi']","['ECOAH1', 'ECOAH2', 'ECOAH3', 'MACPD', 'ACOATA', 'ACACT2r', 'ACACT3r', 'HACD1', 'HACD2', 'HACD3', 'ACACT1r', 'FACOAE80', 'FADRx2', 'ACOAD3f', 'ACOAD2f', 'ACOAD1fr']",[],HACD1,3OAR60,10.37751427097,1,29,0,-3.0,-0.2965004078189151,iML1515,PSL,True,False,-9.78604669763502,0.0,0.0,0.0
101,"['ECOAH1', 'ECOAH2', 'ECOAH3', 'MACPD', 'ACOATA', 'ACACT2r', 'ACACT3r', 'HACD1', 'HACD2', 'HACD3', 'ACACT1r', 'KAS15', 'FACOAE80', '3HAD80', 'FADRx2', '3HAD40', '3OAS60', '3OAR60', '3OAR80', '3OAS80', '3OAR40', '3HAD60', 'EAR40x', 'EAR60x', 'EAR80x', 'ACOAD3f', 'ACOAD2f', 'FA80ACPHi', 'ACOAD1fr']","[-0.2965004077419735, -0.2965004077419735, -0.2965004077419735, -0.8895012232322164, 0.8895012232321733, -0.2965004077419735, -0.2965004077419735, -0.2965004077419735, -0.2965004077419735, -0.2965004077419735, -0.2965004077419735, 0.2965004077419999, -0.29650040774199987, 0.2965004077419999, -0.8895012231648096, 0.2965004077419999, 0.2965004077419999, 0.2965004077419735, 0.2965004077419735, 0.2965004077419999, 0.2965004077419735, 0.2965004077419999, 0.2965004077419999, 0.2965004077419999, 0.2965004077419999, 0.2965004077419735, 0.2965004077419735, 0.2965004077576623, -0.29650040774199987]","[0.2965004077419735, 0.2965004077419735, 0.2965004077419735, 0.8895012232322164, 0.8895012232321733, 0.2965004077419735, 0.2965004077419735, 0.2965004077419735, 0.2965004077419735, 0.2965004077419735, 0.2965004077419735, 0.2965004077419999, 0.29650040774199987, 0.2965004077419999, 0.8895012231648096, 0.2965004077419999, 0.2965004077419999, 0.2965004077419735, 0.2965004077419735, 0.2965004077419999, 0.2965004077419735, 0.2965004077419999, 0.2965004077419999, 0.2965004077419999, 0.2965004077419999, 0.2965004077419735, 0.2965004077419735, 0.2965004077576623, 0.29650040774199987]","['KAS15', '3HAD80', '3HAD40', '3OAS60', '3OAR60', '3OAR80', '3OAS80', '3OAR40', '3HAD60', 'EAR40x', 'EAR60x', 'EAR80x', 'FA80ACPHi']","['ECOAH1', 'ECOAH2', 'ECOAH3', 'MACPD', 'ACOATA', 'ACACT2r', 'ACACT3r', 'HACD1', 'HACD2', 'HACD3', 'ACACT1r', 'FACOAE80', 'FADRx2', 'ACOAD3f', 'ACOAD2f', 'ACOAD1fr']",[],HACD1,3OAR80,10.37751427097,1,29,0,-3.0,-0.2965004078189151,iML1515,PSL,True,False,-9.78604669763502,0.0,0.0,0.0
102,"['ECOAH1', 'ECOAH2', 'ECOAH3', 'MACPD', 'ACOATA', 'ACACT2r', 'ACACT3r', 'HACD1', 'HACD2', 'HACD3', 'ACACT1r', 'KAS15', 'FACOAE80', '3HAD80', 'FADRx2', '3HAD40', '3OAS60', '3OAR60', '3OAR80', '3OAS80', '3OAR40', '3HAD60', 'EAR40x', 'EAR60x', 'EAR80x', 'ACOAD3f', 'ACOAD2f', 'FA80ACPHi', 'ACOAD1fr']","[-0.2965004077419735, -0.2965004077419735, -0.2965004077419735, -0.8895012232322164, 0.8895012232321733, -0.2965004077419735, -0.2965004077419735, -0.2965004077419735, -0.2965004077419735, -0.2965004077419735, -0.2965004077419735, 0.2965004077419999, -0.29650040774199987, 0.2965004077419999, -0.8895012231648096, 0.2965004077419999, 0.2965004077419999, 0.2965004077419735, 0.2965004077419735, 0.2965004077419999, 0.2965004077419735, 0.2965004077419999, 0.2965004077419999, 0.2965004077419999, 0.2965004077419999, 0.2965004077419735, 0.2965004077419735, 0.2965004077576623, -0.29650040774199987]","[0.2965004077419735, 0.2965004077419735, 0.2965004077419735, 0.8895012232322164, 0.8895012232321733, 0.2965004077419735, 0.2965004077419735, 0.2965004077419735, 0.2965004077419735, 0.2965004077419735, 0.2965004077419735, 0.2965004077419999, 0.29650040774199987, 0.2965004077419999, 0.8895012231648096, 0.2965004077419999, 0.2965004077419999, 0.2965004077419735, 0.2965004077419735, 0.2965004077419999, 0.2965004077419735, 0.2965004077419999, 0.2965004077419999, 0.2965004077419999, 0.2965004077419999, 0.2965004077419735, 0.2965004077419735, 0.2965004077576623, 0.29650040774199987]","['KAS15', '3HAD80', '3HAD40', '3OAS60', '3OAR60', '3OAR80', '3OAS80', '3OAR40', '3HAD60', 'EAR40x', 'EAR60x', 'EAR80x', 'FA80ACPHi']","['ECOAH1', 'ECOAH2', 'ECOAH3', 'MACPD', 'ACOATA', 'ACACT2r', 'ACACT3r', 'HACD1', 'HACD2', 'HACD3', 'ACACT1r', 'FACOAE80', 'FADRx2', 'ACOAD3f', 'ACOAD2f', 'ACOAD1fr']",[],HACD1,3OAS80,10.37751427097,1,29,0,-3.0,-0.2965004078189151,iML1515,PSL,True,False,-9.78604669763502,0.0,0.0,0.0
103,"['ECOAH4', 'ECOAH1', 'ECOAH2', 'ECOAH3', 'MACPD', 'HACD4', 'ACOATA', 'ACACT2r', 'ACACT3r', 'ACACT4r', 'HACD1', 'HACD2', 'HACD3', 'ACACT1r', 'KAS15', 'FACOAE100', '3HAD80', 'FADRx2', '3HAD40', '3OAS60', '3OAR60', '3OAR80', 'EAR100x', '3OAS80', '3OAS100', '3OAR40', '3OAR100', '3HAD60', '3HAD100', 'EAR40x', 'EAR60x', 'EAR80x', 'ACOAD3f', 'ACOAD2f', 'ACOAD4f', 'FA100ACPHi', 'ACOAD1f']","[-0.2965004077419735, -0.2965004077419735, -0.2965004077419735, -0.2965004077419735, -1.1860016309685637, -0.2965004077419735, 1.1860016309685761, -0.2965004077419735, -0.2965004077419735, -0.2965004077419735, -0.2965004077419735, -0.2965004077419735, -0.2965004077419735, -0.2965004077419735, 0.2965004077419634, -0.296500407741245, 0.2965004077419633, -1.1860016309649277, 0.2965004077419634, 0.2965004077419634, 0.2965004077419735, 0.2965004077419735, 0.2965004077419633, 0.2965004077419633, 0.2965004077419633, 0.2965004077419735, 0.2965004077419735, 0.2965004077419634, 0.2965004077419633, 0.2965004077419634, 0.2965004077419633, 0.2965004077419633, 0.2965004077419735, 0.2965004077419735, 0.2965004077419735, 0.296500407741245, 0.2965004077419714]","[0.2965004077419735, 0.2965004077419735, 0.2965004077419735, 0.2965004077419735, 1.1860016309685637, 0.2965004077419735, 1.1860016309685761, 0.2965004077419735, 0.2965004077419735, 0.2965004077419735, 0.2965004077419735, 0.2965004077419735, 0.2965004077419735, 0.2965004077419735, 0.2965004077419634, 0.296500407741245, 0.2965004077419633, 1.1860016309649277, 0.2965004077419634, 0.2965004077419634, 0.2965004077419735, 0.2965004077419735, 0.2965004077419633, 0.2965004077419633, 0.2965004077419633, 0.2965004077419735, 0.2965004077419735, 0.2965004077419634, 0.2965004077419633, 0.2965004077419634, 0.2965004077419633, 0.2965004077419633, 0.2965004077419735, 0.2965004077419735, 0.2965004077419735, 0.296500407741245, 0.2965004077419714]","['KAS15', '3HAD80', '3HAD40', '3OAS60', '3OAR60', '3OAR80', 'EAR100x', '3OAS80', '3OAS100', '3OAR40', '3OAR100', '3HAD60', '3HAD100', 'EAR40x', 'EAR60x', 'EAR80x', 'FA100ACPHi', 'ACOAD1f']","['ECOAH4', 'ECOAH1', 'ECOAH2', 'ECOAH3', 'MACPD', 'HACD4', 'ACOATA', 'ACACT2r', 'ACACT3r', 'ACACT4r', 'HACD1', 'HACD2', 'HACD3', 'ACACT1r', 'FACOAE100', 'FADRx2', 'ACOAD3f', 'ACOAD2f', 'ACOAD4f']",[],HACD1,3OAS100,13.639018756130952,1,37,0,-7.0,-1.1860016309707486,iML1515,PSL,True,False,-9.78604669763502,0.0,0.0,0.0
104,"['ECOAH1', 'ECOAH2', 'ECOAH3', 'MACPD', 'ACOATA', 'ACACT2r', 'ACACT3r', 'HACD1', 'HACD2', 'HACD3', 'ACACT1r', 'KAS15', 'FACOAE80', '3HAD80', 'FADRx2', '3HAD40', '3OAS60', '3OAR60', '3OAR80', '3OAS80', '3OAR40', '3HAD60', 'EAR40x', 'EAR60x', 'EAR80x', 'ACOAD3f', 'ACOAD2f', 'FA80ACPHi', 'ACOAD1fr']","[-0.2965004077419735, -0.2965004077419735, -0.2965004077419735, -0.8895012232322164, 0.8895012232321733, -0.2965004077419735, -0.2965004077419735, -0.2965004077419735, -0.2965004077419735, -0.2965004077419735, -0.2965004077419735, 0.2965004077419999, -0.29650040774199987, 0.2965004077419999, -0.8895012231648096, 0.2965004077419999, 0.2965004077419999, 0.2965004077419735, 0.2965004077419735, 0.2965004077419999, 0.2965004077419735, 0.2965004077419999, 0.2965004077419999, 0.2965004077419999, 0.2965004077419999, 0.2965004077419735, 0.2965004077419735, 0.2965004077576623, -0.29650040774199987]","[0.2965004077419735, 0.2965004077419735, 0.2965004077419735, 0.8895012232322164, 0.8895012232321733, 0.2965004077419735, 0.2965004077419735, 0.2965004077419735, 0.2965004077419735, 0.2965004077419735, 0.2965004077419735, 0.2965004077419999, 0.29650040774199987, 0.2965004077419999, 0.8895012231648096, 0.2965004077419999, 0.2965004077419999, 0.2965004077419735, 0.2965004077419735, 0.2965004077419999, 0.2965004077419735, 0.2965004077419999, 0.2965004077419999, 0.2965004077419999, 0.2965004077419999, 0.2965004077419735, 0.2965004077419735, 0.2965004077576623, 0.29650040774199987]","['KAS15', '3HAD80', '3HAD40', '3OAS60', '3OAR60', '3OAR80', '3OAS80', '3OAR40', '3HAD60', 'EAR40x', 'EAR60x', 'EAR80x', 'FA80ACPHi']","['ECOAH1', 'ECOAH2', 'ECOAH3', 'MACPD', 'ACOATA', 'ACACT2r', 'ACACT3r', 'HACD1', 'HACD2', 'HACD3', 'ACACT1r', 'FACOAE80', 'FADRx2', 'ACOAD3f', 'ACOAD2f', 'ACOAD1fr']",[],HACD1,3OAR40,10.37751427097,1,29,0,-3.0,-0.2965004078189151,iML1515,PSL,True,False,-9.78604669763502,0.0,0.0,0.0001955703788172
105,"['ECOAH4', 'ECOAH1', 'ECOAH2', 'ECOAH3', 'MACPD', 'HACD4', 'ACOATA', 'ACACT2r', 'ACACT3r', 'ACACT4r', 'HACD1', 'HACD2', 'HACD3', 'ACACT1r', 'KAS15', 'FACOAE100', '3HAD80', 'FADRx2', '3HAD40', '3OAS60', '3OAR60', '3OAR80', 'EAR100x', '3OAS80', '3OAS100', '3OAR40', '3OAR100', '3HAD60', '3HAD100', 'EAR40x', 'EAR60x', 'EAR80x', 'ACOAD3f', 'ACOAD2f', 'ACOAD4f', 'FA100ACPHi', 'ACOAD1f']","[-0.2965004077419735, -0.2965004077419735, -0.2965004077419735, -0.2965004077419735, -1.1860016309685637, -0.2965004077419735, 1.1860016309685761, -0.2965004077419735, -0.2965004077419735, -0.2965004077419735, -0.2965004077419735, -0.2965004077419735, -0.2965004077419735, -0.2965004077419735, 0.2965004077419634, -0.296500407741245, 0.2965004077419633, -1.1860016309649277, 0.2965004077419634, 0.2965004077419634, 0.2965004077419735, 0.2965004077419735, 0.2965004077419633, 0.2965004077419633, 0.2965004077419633, 0.2965004077419735, 0.2965004077419735, 0.2965004077419634, 0.2965004077419633, 0.2965004077419634, 0.2965004077419633, 0.2965004077419633, 0.2965004077419735, 0.2965004077419735, 0.2965004077419735, 0.296500407741245, 0.2965004077419714]","[0.2965004077419735, 0.2965004077419735, 0.2965004077419735, 0.2965004077419735, 1.1860016309685637, 0.2965004077419735, 1.1860016309685761, 0.2965004077419735, 0.2965004077419735, 0.2965004077419735, 0.2965004077419735, 0.2965004077419735, 0.2965004077419735, 0.2965004077419735, 0.2965004077419634, 0.296500407741245, 0.2965004077419633, 1.1860016309649277, 0.2965004077419634, 0.2965004077419634, 0.2965004077419735, 0.2965004077419735, 0.2965004077419633, 0.2965004077419633, 0.2965004077419633, 0.2965004077419735, 0.2965004077419735, 0.2965004077419634, 0.2965004077419633, 0.2965004077419634, 0.2965004077419633, 0.2965004077419633, 0.2965004077419735, 0.2965004077419735, 0.2965004077419735, 0.296500407741245, 0.2965004077419714]","['KAS15', '3HAD80', '3HAD40', '3OAS60', '3OAR60', '3OAR80', 'EAR100x', '3OAS80', '3OAS100', '3OAR40', '3OAR100', '3HAD60', '3HAD100', 'EAR40x', 'EAR60x', 'EAR80x', 'FA100ACPHi', 'ACOAD1f']","['ECOAH4', 'ECOAH1', 'ECOAH2', 'ECOAH3', 'MACPD', 'HACD4', 'ACOATA', 'ACACT2r', 'ACACT3r', 'ACACT4r', 'HACD1', 'HACD2', 'HACD3', 'ACACT1r', 'FACOAE100', 'FADRx2', 'ACOAD3f', 'ACOAD2f', 'ACOAD4f']",[],HACD1,3OAR100,13.639018756130952,1,37,0,-7.0,-1.1860016309707486,iML1515,PSL,True,False,-9.78604669763502,0.0,0.0,6.25686752569637
106,"['ECOAH1', 'ECOAH2', 'ECOAH3', 'MACPD', 'ACOATA', 'ACACT2r', 'ACACT3r', 'HACD1', 'HACD2', 'HACD3', 'ACACT1r', 'KAS15', 'FACOAE80', '3HAD80', 'FADRx2', '3HAD40', '3OAS60', '3OAR60', '3OAR80', '3OAS80', '3OAR40', '3HAD60', 'EAR40x', 'EAR60x', 'EAR80x', 'ACOAD3f', 'ACOAD2f', 'FA80ACPHi', 'ACOAD1fr']","[-0.2965004077419735, -0.2965004077419735, -0.2965004077419735, -0.8895012232322164, 0.8895012232321733, -0.2965004077419735, -0.2965004077419735, -0.2965004077419735, -0.2965004077419735, -0.2965004077419735, -0.2965004077419735, 0.2965004077419999, -0.29650040774199987, 0.2965004077419999, -0.8895012231648096, 0.2965004077419999, 0.2965004077419999, 0.2965004077419735, 0.2965004077419735, 0.2965004077419999, 0.2965004077419735, 0.2965004077419999, 0.2965004077419999, 0.2965004077419999, 0.2965004077419999, 0.2965004077419735, 0.2965004077419735, 0.2965004077576623, -0.29650040774199987]","[0.2965004077419735, 0.2965004077419735, 0.2965004077419735, 0.8895012232322164, 0.8895012232321733, 0.2965004077419735, 0.2965004077419735, 0.2965004077419735, 0.2965004077419735, 0.2965004077419735, 0.2965004077419735, 0.2965004077419999, 0.29650040774199987, 0.2965004077419999, 0.8895012231648096, 0.2965004077419999, 0.2965004077419999, 0.2965004077419735, 0.2965004077419735, 0.2965004077419999, 0.2965004077419735, 0.2965004077419999, 0.2965004077419999, 0.2965004077419999, 0.2965004077419999, 0.2965004077419735, 0.2965004077419735, 0.2965004077576623, 0.29650040774199987]","['KAS15', '3HAD80', '3HAD40', '3OAS60', '3OAR60', '3OAR80', '3OAS80', '3OAR40', '3HAD60', 'EAR40x', 'EAR60x', 'EAR80x', 'FA80ACPHi']","['ECOAH1', 'ECOAH2', 'ECOAH3', 'MACPD', 'ACOATA', 'ACACT2r', 'ACACT3r', 'HACD1', 'HACD2', 'HACD3', 'ACACT1r', 'FACOAE80', 'FADRx2', 'ACOAD3f', 'ACOAD2f', 'ACOAD1fr']",[],HACD1,3HAD60,10.37751427097,1,29,0,-3.0,-0.2965004078189151,iML1515,PSL,True,False,-9.78604669763502,0.0,0.0,0.0001955703788172
107,"['ECOAH4', 'ECOAH1', 'ECOAH2', 'ECOAH3', 'MACPD', 'HACD4', 'ACOATA', 'ACACT2r', 'ACACT3r', 'ACACT4r', 'HACD1', 'HACD2', 'HACD3', 'ACACT1r', 'KAS15', 'FACOAE100', '3HAD80', 'FADRx2', '3HAD40', '3OAS60', '3OAR60', '3OAR80', 'EAR100x', '3OAS80', '3OAS100', '3OAR40', '3OAR100', '3HAD60', '3HAD100', 'EAR40x', 'EAR60x', 'EAR80x', 'ACOAD3f', 'ACOAD2f', 'ACOAD4f', 'FA100ACPHi', 'ACOAD1f']","[-0.2965004077419735, -0.2965004077419735, -0.2965004077419735, -0.2965004077419735, -1.1860016309685637, -0.2965004077419735, 1.1860016309685761, -0.2965004077419735, -0.2965004077419735, -0.2965004077419735, -0.2965004077419735, -0.2965004077419735, -0.2965004077419735, -0.2965004077419735, 0.2965004077419634, -0.296500407741245, 0.2965004077419633, -1.1860016309649277, 0.2965004077419634, 0.2965004077419634, 0.2965004077419735, 0.2965004077419735, 0.2965004077419633, 0.2965004077419633, 0.2965004077419633, 0.2965004077419735, 0.2965004077419735, 0.2965004077419634, 0.2965004077419633, 0.2965004077419634, 0.2965004077419633, 0.2965004077419633, 0.2965004077419735, 0.2965004077419735, 0.2965004077419735, 0.296500407741245, 0.2965004077419714]","[0.2965004077419735, 0.2965004077419735, 0.2965004077419735, 0.2965004077419735, 1.1860016309685637, 0.2965004077419735, 1.1860016309685761, 0.2965004077419735, 0.2965004077419735, 0.2965004077419735, 0.2965004077419735, 0.2965004077419735, 0.2965004077419735, 0.2965004077419735, 0.2965004077419634, 0.296500407741245, 0.2965004077419633, 1.1860016309649277, 0.2965004077419634, 0.2965004077419634, 0.2965004077419735, 0.2965004077419735, 0.2965004077419633, 0.2965004077419633, 0.2965004077419633, 0.2965004077419735, 0.2965004077419735, 0.2965004077419634, 0.2965004077419633, 0.2965004077419634, 0.2965004077419633, 0.2965004077419633, 0.2965004077419735, 0.2965004077419735, 0.2965004077419735, 0.296500407741245, 0.2965004077419714]","['KAS15', '3HAD80', '3HAD40', '3OAS60', '3OAR60', '3OAR80', 'EAR100x', '3OAS80', '3OAS100', '3OAR40', '3OAR100', '3HAD60', '3HAD100', 'EAR40x', 'EAR60x', 'EAR80x', 'FA100ACPHi', 'ACOAD1f']","['ECOAH4', 'ECOAH1', 'ECOAH2', 'ECOAH3', 'MACPD', 'HACD4', 'ACOATA', 'ACACT2r', 'ACACT3r', 'ACACT4r', 'HACD1', 'HACD2', 'HACD3', 'ACACT1r', 'FACOAE100', 'FADRx2', 'ACOAD3f', 'ACOAD2f', 'ACOAD4f']",[],HACD1,3HAD100,13.639018756130952,1,37,0,-7.0,-1.1860016309707486,iML1515,PSL,True,False,-9.78604669763502,0.0,0.0,0.0
108,"['SHK3Dr', 'DHORTS', 'OMPDC', 'G5SD', 'CS', 'ICDHyr', 'ACALD', 'PPA', 'APRAUR', 'TRPAS2', 'DB4PS', 'ALAR', 'RBFK', 'ASPTA', 'RBFSb', 'EX_pi_e', 'PYK', 'SHCHD2', 'EX_co2_e', 'A5PISO', 'PMDPHT', 'CPPPGO', 'ILETA', 'DHORD5', 'IPPMIb', 'ORPT', 'RBFSa', 'ACHBS', 'DHAD2', 'ACLS', 'PSCVT', 'PFL', 'ANS', 'ANPRT', 'CHORM', 'PTAr', 'CHORS', 'IGPS', 'ACKr', 'LEUTAi', 'EX_h_e', 'DMATT', 'GRTT', 'UPP3S', 'UPPDC1', 'EX_mn2_e', 'EX_ac_e', 'EX_succ_e', 'MOAT', 'UDCPDPS', 'ECOAH6', 'USHD', 'ENO', 'HCO3E', 'IMPC', 'IMPD', 'ECOAH4', 'LPADSS', 'GLUTRS', 'TDSK', 'PGI', 'TMPPP', 'PGK', 'PGL', 'RPE', 'DHQTi', 'IPMD', 'AIRC3', 'TALA', 'PUNP1', 'ADSL2r', 'TKT1', 'EX_fe2_e', 'ALCD2x', 'TMDS', 'PPCDC', 'DHAD1', 'IPPMIa', 'MDH', 'FUM', 'FMNAT', 'OHPBAT', 'KARA1', 'KARA2', 'EX_for_e', 'ACCOAC', 'NADK', 'GLUTRR', 'HACD6', 'ECOAH1', 'ECOAH2', 'ARGSS', 'AGPR', 'G1SAT', 'KDOCT2', 'ECOAH3', 'DXPS', 'CDPMEK', 'MECDPS', 'PGAMT', 'UAGDP', 'UAGCVT', 'GLUR', 'NNDPR', 'PPC', 'HACD4', 'EX_zn2_e', 'HACD5', 'HACD7', 'DNMPPA', 'HPPK2', 'PTPATi', 'DXPRIi', 'GTPCII2', 'SADT2', 'OPHBDC', 'GHMT2r', 'DHORD2', 'SDPDS', 'ADCS', 'ADCL', 'DHAPT', 'UMPK', 'UAPGR', 'CTPS2', 'PAPPT3', 'UAGPT3', 'TRPS3', 'F6PA', 'FADRx', 'NDPK2', 'NDPK3', 'NDPK4', 'ACODA', 'FCLT', 'HBZOPT', 'PNTK', 'ADSS', 'OCTDPS', 'DPCOAK', 'ASNS2', 'ASPCT', 'KDOPS', 'KDOPP', 'DMPPS', 'MCOATA', 'IPDPS', 'DAPE', 'DHDPRy', 'HSK', 'SDPTA', 'THRS', 'HSST', 'PPNDH', 'DTMPK', 'NDPK1', 'TRDR', 'DDPA', 'RHCCE', 'G3PD2', 'AACPS3', 'U23GAAT', 'UAAGDS', 'AACPS4', 'UAMAS', 'UAMAGS', 'P5CR', 'DHPPDA2', 'G5SADs', 'AKGDH', 'ASP1DC', 'UGMDDS', 'DBTS', 'UHGADA', 'UAGAAT', 'ATPPRT', 'HISTD', 'DHDPS', 'G1PACT', 'GART', 'GF6PTA', 'IGPDH', 'PRATPP', 'PRMICI', 'GLUPRT', 'SERAT', 'CYSS', 'NADS1', 'BPNT', 'PAPSR', 'ASPK', 'ASAD', 'DAPDC', 'OCBT', 'GARFT', 'PHETA1', 'PPND', 'METAT', 'PRAMPC', 'TMPK', 'ACOTA', 'PDX5PS', 'PPBNGS', 'SULR', 'CBMKr', 'PPNCL2', 'PRAGSr', 'PRFGS', 'NNATr', 'PSERT', 'AIRC2', 'GAPD', 'GND', 'DM_amob_c', 'MOAT2', 'G6PDH2r', 'ARGSL', 'GLU5K', 'IPPS', 'EX_mg2_e', 'MOHMT', 'SPODM', 'AHCYSNS', 'GMPS', 'ACtex', 'CHRPL', 'PMPK', 'ACACT7r', 'PSP_L', 'ACACT2r', 'ADSK', 'ACACT3r', 'ACACT4r', 'HSDy', 'CYSTL', 'SHSL1', 'EX_ca2_e', 'Kt2pp', 'Htex', 'H2Otex', 'O2tpp', 'GTPCI', 'TKT2', 'UDCPDP', 'ATPS4rpp', 'CYTK1', 'CO2tpp', 'GK1', 'HACD1', 'Ktex', 'O2tex', 'HACD2', 'ECOAH5', 'DHFS', 'EX_ni2_e', 'PItex', 'EX_meoh_e', 'METS', 'ASPO5', 'ASPO6', 'EX_cu2_e', 'ACACT5r', 'PRASCSi', 'FE2tex', 'DHPS2', 'MTHFC', 'MTHFD', 'QULNS', 'EX_cobalt2_e', 'ACACT6r', 'FORtppi', 'SO4tex', 'SUCCtex', 'FACOAE160', 'NH4tpp', 'MOBDabcpp', 'MOBDtex', 'NI2tex', 'DNTPPA', 'NH4tex', 'MG2tex', 'Zn2tex', 'H2Otpp', 'CO2tex', 'ACGK', 'COBALT2tex', 'HMBS', 'MEPCT', 'GLUDy', 'EX_h2o_e', 'HSTPT', 'THDPS', 'THRD_L', 'ETOHtex', 'DHFR', 'PRAIi', 'HACD3', 'TYRTA', 'SHKK', 'EX_mobd_e', 'EX_so4_e', 'OMCDC', 'E4PD', 'IG3PS', 'PDH', 'MTHFR2', 'EX_nh4_e', 'DUTPDP', 'DPR', 'AMAOTr', 'EX_etoh_e', 'GLNS', 'EX_k_e', 'ACACT1r', 'ACGS', 'CU2tex', 'ALAALAr', 'CLtex', 'ADNK1', 'MNtex', 'CPPPGO2', 'SHCHF', 'SUCOAS', 'PRAIS', 'AACPS7', 'PANTS', 'ECOAH7', 'HISTP', 'QMO3', 'UPP3MT', 'DHQS', 'DASYN160', 'DASYN161', 'PGCD', 'FACOAE161', 'ADSL1r', 'AICART', 'EX_cl_e', 'FORtex', 'PPPGO3', 'PDX5PO2', 'PGM', 'CYTBO3_4pp', 'TPI', 'MPTG', 'RPI', 'MCTP1App', 'PERD', '5DOAN', 'DM_5drib_c', 'K2L4Aabcpp', 'FACOAE120', 'SO4t2pp', 'AMPMS2', 'PSSA161', 'PSD160', 'PSD161', 'ACONTb', 'CA2tex', 'SUCDi', 'EX_o2_e', 'G3PAT160', 'G3PAT161', 'AGPAT160', '3OAS140', '3OAR140', 'PE160abcpp', 'PE161abcpp', 'ACONTa', 'PSSA160', 'AGPAT161', 'ZN2tpp', 'NI2tpp', 'ACOAD7f', 'ACOAD5f', 'ACOAD3f', 'ACOAD2f', 'ACOAD4f', 'ACOAD6f', 'NADH16pp', 'CA2t3pp', 'OPHHX3', 'COBALT2tpp', 'DALAt2pp', 'FE2tpp', 'CLt3_2pp', 'POR5', 'MALCOAMT', 'CU2tpp', 'MG2t3_2pp', 'OGMEACPS', 'OGMEACPR', 'OPMEACPS', 'CTECOAI7', 'K2L4Aabctex', 'OPMEACPD', 'EPMEACPR', 'AOXSr2', 'MEOHtrpp', 'OGMEACPD', 'EGMEACPR', 'OPMEACPR', 'PMEACPE', 'ETOHtrpp', 'MEOHtex', 'ICYSDS', 'MECDPDH5', 'RNTR1c2', 'RNTR2c2', 'I4FE4SR', 'RNTR3c2', 'RNTR4c2', 'I2FE2SS', 'I2FE2ST', 'FESR', 'I2FE2SS2', 'I4FE4ST', 'BTS5', 'DM_4crsol_c', 'AI2K', 'DHNPA2r', 'PIt2rpp', 'PAI2I', 'FESD1s', '4HTHRA', 'I2FE2SR', 'TYRL', 'THZPSN3', 'PAI2T', '4HTHRK', 'BIOMASS_Ec_iML1515_core_75p37M']","[-0.26048915782692617, 0.2260934536544996, -0.2260934536544996, -0.15108779878049997, -8.017769301959056, -8.017769301959056, -10.622653395080805, -2.3931993879357476, -0.00030483435463260884, 0.03885134353929999, -0.0006096687092652177, -0.028489025938199995, -0.00015241717733260884, 2.001123395934814, -0.00030483435463260884, 0.6592938283669061, 4.726156376317238, -0.00015241717729999997, -16.647435078041838, -0.026595772211199995, -0.00030483435463260884, -0.00018579181444999997, 0.19857224261789994, -0.0007704166227533095, 0.30793122558809993, 0.2260934536544996, -0.0006096687092652177, -0.19857224261789994, -0.19857224261789994, -0.597616816431517, -0.26048915782692617, 9.031582446510686, -0.03885134353932612, -0.03885134353932612, -0.22102814557839995, 7.473064824082135, -0.26048915782692617, -0.03885134353932612, -7.473064824082135, -0.30793122558809993, 10.000567098920595, -0.00019000885779999797, -0.00019000885779999797, -0.00030483435459999995, -0.00015241717729999997, 0.00047228820403688587, 7.0751493676534665, 0.04993384501028686, -0.013297886105599998, -3.7591680499998006e-05, -0.19004713296559994, -0.013297886105599998, 2.9606420223233343, -0.35925617220119677, 0.37081253827199673, -0.16624271390283268, -0.24323867738799992, -0.013297886105599998, -0.0024386748367999996, -0.013297886105599998, 0.5391020964926785, -0.00015241717729999997, -1.8235784393519694, -0.5391020964926043, 0.1707036493752237, -0.26048915782692617, -0.30793122558809993, 0.30606052686819674, -0.04474033704854169, 0.0003932361979479774, -0.30606052686819674, -0.04474033704854169, 0.010977454191099998, -10.622653395080805, -0.017884071126599996, -0.0004606689573649625, -0.597616816431517, 0.30793122558809993, -8.045558229727144, -8.045558229727144, -0.00015241717733260884, 0.0003048343546001269, 0.597616816431517, -0.19857224261789994, 9.10568385059605, -0.05319564533299998, -0.00030551783969971313, -0.0024386748367999996, -0.19004713296559994, -0.2432386773879216, -0.24323867738799992, -0.20216942469919996, 0.20216942469919996, -0.0024386748367999996, -0.026595772211199995, -0.24323867738799992, -0.001937680258499972, -0.0016328459038999722, -0.0016328459038999722, 0.06458114012879998, -0.06458114012879998, -0.018992683958799998, 0.018992683958799998, -0.0015569790577891023, -1.9733344681667249, -0.24323867738799992, 0.00023306841909999992, -0.24323867738799992, -0.19004713296559994, -0.0004572515319001269, -0.0004572515319001269, -0.0004606689573649625, -0.0016328459038999722, -0.00030483435463260884, -0.1691502595181649, -0.00015241717729999997, -0.7253991402711968, -0.22532303703174628, -0.2535381143598999, -0.0004572515319001269, -0.0004572515319001269, 0.774386885996674, -0.25838402371889957, -0.018992683958799998, -0.1097164456775, -0.018992683958799998, -0.018992683958799998, -0.03885134353932612, 0.774386885996674, -1.4940232452388535, -0.29067459378329996, -0.1237128535552649, -0.017884071126599996, -0.20216942469919996, -0.00015241717729999997, -0.00015241717729999997, -0.0004606689573649625, -0.20456982436916404, -0.00015241717729999997, -0.0004606689573649625, -0.16475750078049994, -0.2260934536544996, -0.026595772211199995, -0.026595772211199995, -0.00019000885779999797, -0.05319427836279998, -0.001442837046099974, -0.2535381143598999, -0.2535381143598999, -0.37196352718159986, 0.2535381143598999, -0.37196352718159986, -0.10519587522609997, -0.12662586705149997, -0.017884071126599996, -0.5399627977901617, -0.1691502595181649, -0.26048915782692617, -0.0003062013247999999, 0.09502356648279997, -0.08723183634279996, -0.026595772211199995, -0.018992683958799998, -0.10281529662279998, -0.018992683958799998, -0.018992683958799998, -0.15108779878049997, -0.00030483435463260884, -0.15108779878049997, -7.282891590320178, -0.0004606689573649625, -0.018992683958799998, -1.3669701999999997e-06, -0.026595772211199995, -0.026595772211199995, -0.06475201140379999, -0.06475201140379999, -0.2535381143598999, -0.06458114012879998, -0.07577799303576149, -0.06458114012879998, -0.06475201140379999, -0.06475201140379999, -0.06475201140379999, -0.3062129440454968, -0.1691502595181649, -0.1691502595181649, -0.0015569790577891023, -0.1691502595181649, -0.1691502595181649, -0.7306975167675998, 0.7306975167675998, -0.23454543040109993, -0.20216942469919996, -0.23043495100973524, 0.12662586705149997, -0.09440227852689997, -0.0005470203454999998, -0.06475201140379999, -0.00015241717729999997, 0.20216942469919996, -0.00015241717729999997, -0.0012193374183999998, -0.1691502595181649, -0.4282628783536995, -0.0004606689573649625, -0.3062129440454968, -0.3062129440454967, -0.0015569790577891023, -1.1370635829713618, -0.30606052686819674, 1.8235784393519694, -0.5391020964926043, -1.3669701999999997e-06, -0.013297886105599998, -0.5391020964926043, -0.20216942469919996, -0.15108779878049997, -0.30793122558809993, 0.005929233242499999, -0.0004606689573649625, -0.0007704166227533095, -0.0003062013247999999, -0.16624271390283268, -7.0751493676534665, -0.00015241717729999997, -0.00015241717729999997, -0.19004713296559994, -1.1370635829713618, -0.24323867738799992, -0.1691502595181649, -0.24323867738799992, -0.24323867738799992, 0.4771594024076999, -0.10519587522609997, -0.10519587522609997, 0.0035575399454999992, -0.13341150712429997, -10.000567098920595, 45.26910628279313, -21.233741785109093, -0.0004572515319001269, 0.2154439864237654, -0.018992683958799998, -69.13153238005106, -0.1237128535552649, 16.647435078041838, -0.16624271390283268, -0.24323867738799992, -0.13341150712429997, -21.233741785109093, -0.24323867738799992, -0.24323867738799992, -0.0004572515319001269, 0.00022076568729999992, -0.6592938283669061, -1.3669701999999997e-06, -0.10550207655089996, 0.00034093014985758785, -0.0018979092076466901, 0.0004845909358999999, -0.24323867738799992, -0.30606052686819674, -0.010977454191099998, -0.0004572515319001269, -0.601399906459032, -0.601399906459032, -0.0015569790577891023, 1.7087127499999996e-05, -0.19004713296559994, 9.10568385059605, -0.17211521788196488, -0.04993384501028686, -0.08723183634279996, -7.381580983760003, -4.784395699999999e-06, -4.784395699999999e-06, -0.00022076568729999992, -0.0004572515319001269, -7.381580983760003, -0.005929233242499999, -0.00023306841909999992, 45.26910628279313, 16.647435078041838, -0.20216942469919996, -1.7087127499999996e-05, -0.00030483435459999995, -0.0016328459038999722, 5.807657646848295, -45.26910628279313, -0.06475201140379999, -0.2535381143598999, -0.19857224261789994, -10.622653395080805, -0.018341322658500123, -0.03885134353932612, -0.24323867738799992, 0.09440227852689997, -0.26048915782692617, 4.784395699999999e-06, 0.17211521788196488, -0.30793122558809993, 0.0003048343546001269, -0.06475201140379999, -1.5155489314579675, -0.10550207655089996, 7.381580983760003, -0.017884071126599996, -0.0004606689573649625, -1.3669701999999997e-06, 10.622653395080805, -1.07065001928832, 0.13341150712429997, -0.24323867738799992, -0.20216942469919996, -0.0004845909358999999, -0.018992683958799998, -0.0035575399454999992, -0.0003932361979479774, -0.00047228820403688587, 3.337463715e-05, -0.00015241717729999997, 6.924090619194378, -0.3062129440454967, -0.05319154442239999, -0.0004606689573649625, -0.19004713296559994, -0.06475201140379999, -0.0007704166227533095, -0.00015241717729999997, -0.26048915782692617, -0.04361591817139998, -0.05140764831139999, -1.1370635829713618, -0.10281529662279998, -0.20456982436916404, -0.37081253827199673, 0.0035575399454999992, -9.10568385059605, -0.00015241717729999997, -0.00015241717729999997, -2.9606420223233343, -42.46177533492849, 0.8706612302124626, -0.009496341979399999, 0.6826003049473262, -0.009496341979399999, 0.0003048343546001269, -8.703487319999996e-05, -8.703487319999996e-05, -0.013297886105599998, -0.05319154442239999, -0.17211521788196488, -0.00015241717729999997, -0.05140764831139999, -0.04361591817139998, -0.05140764831139999, -8.017769301959056, -0.0035575399454999992, -7.332874775172577, 21.233741785109093, -0.04361591817139998, -0.05140764831139999, -0.04361591817139998, -0.05319154442239999, -0.05319154442239999, -0.04361591817139998, -0.05140764831139999, -8.017769301959056, -0.04361591817139998, -0.05140764831139999, -0.00023306841909999992, -0.00022076568729999992, 0.08723183634279996, 0.24323867738799992, 0.24323867738799992, 0.24323867738799992, 0.24323867738799992, 0.19004713296559994, -34.90357752272416, 0.0035575399454999992, -0.00015241717729999997, -1.7087127499999996e-05, -0.009496341979399999, -0.010977454191099998, -0.0017787699727499996, -0.07433242205049995, -1.3669701999999997e-06, -0.0004845909358999999, -0.005929233242499999, -1.3669701999999997e-06, -1.3669701999999997e-06, -1.3669701999999997e-06, 0.10281529662279998, -0.013297886105599998, -1.3669701999999997e-06, -1.3669701999999997e-06, -1.3669701999999997e-06, 1.3669701999999997e-06, -1.3669701999999997e-06, -1.3669701999999997e-06, -1.3669701999999997e-06, -1.3669701999999997e-06, -10.622653395080805, 1.3669701999999997e-06, -0.000900149876700001, -0.0016328459038999722, -0.017884071126599996, -0.018465716946699996, -0.00017770612600000028, -0.018465716946699996, -0.017884071126599996, -0.0001954767386000003, -1.9137582799999995e-05, -0.005336651660799999, -0.00017770612600000028, -0.00017770612600000028, -1.3669701999999997e-06, -0.00015241717729999997, -0.0003062013247999999, -0.0004572515319001269, -0.6592938283669061, -0.0003062013247999999, -0.0026683258303999997, 0.0004572515319001269, -1.3669701999999997e-06, -0.00015241717729999997, -0.00015241717729999997, -0.0003062013247999999, -0.0004572515319001269, -0.6834850999999998]","[0.26048915782692617, 0.2260934536544996, 0.2260934536544996, 0.15108779878049997, 8.017769301959056, 8.017769301959056, 10.622653395080805, 2.3931993879357476, 0.00030483435463260884, 0.03885134353929999, 0.0006096687092652177, 0.028489025938199995, 0.00015241717733260884, 2.001123395934814, 0.00030483435463260884, 0.6592938283669061, 4.726156376317238, 0.00015241717729999997, 16.647435078041838, 0.026595772211199995, 0.00030483435463260884, 0.00018579181444999997, 0.19857224261789994, 0.0007704166227533095, 0.30793122558809993, 0.2260934536544996, 0.0006096687092652177, 0.19857224261789994, 0.19857224261789994, 0.597616816431517, 0.26048915782692617, 9.031582446510686, 0.03885134353932612, 0.03885134353932612, 0.22102814557839995, 7.473064824082135, 0.26048915782692617, 0.03885134353932612, 7.473064824082135, 0.30793122558809993, 10.000567098920595, 0.00019000885779999797, 0.00019000885779999797, 0.00030483435459999995, 0.00015241717729999997, 0.00047228820403688587, 7.0751493676534665, 0.04993384501028686, 0.013297886105599998, 3.7591680499998006e-05, 0.19004713296559994, 0.013297886105599998, 2.9606420223233343, 0.35925617220119677, 0.37081253827199673, 0.16624271390283268, 0.24323867738799992, 0.013297886105599998, 0.0024386748367999996, 0.013297886105599998, 0.5391020964926785, 0.00015241717729999997, 1.8235784393519694, 0.5391020964926043, 0.1707036493752237, 0.26048915782692617, 0.30793122558809993, 0.30606052686819674, 0.04474033704854169, 0.0003932361979479774, 0.30606052686819674, 0.04474033704854169, 0.010977454191099998, 10.622653395080805, 0.017884071126599996, 0.0004606689573649625, 0.597616816431517, 0.30793122558809993, 8.045558229727144, 8.045558229727144, 0.00015241717733260884, 0.0003048343546001269, 0.597616816431517, 0.19857224261789994, 9.10568385059605, 0.05319564533299998, 0.00030551783969971313, 0.0024386748367999996, 0.19004713296559994, 0.2432386773879216, 0.24323867738799992, 0.20216942469919996, 0.20216942469919996, 0.0024386748367999996, 0.026595772211199995, 0.24323867738799992, 0.001937680258499972, 0.0016328459038999722, 0.0016328459038999722, 0.06458114012879998, 0.06458114012879998, 0.018992683958799998, 0.018992683958799998, 0.0015569790577891023, 1.9733344681667249, 0.24323867738799992, 0.00023306841909999992, 0.24323867738799992, 0.19004713296559994, 0.0004572515319001269, 0.0004572515319001269, 0.0004606689573649625, 0.0016328459038999722, 0.00030483435463260884, 0.1691502595181649, 0.00015241717729999997, 0.7253991402711968, 0.22532303703174628, 0.2535381143598999, 0.0004572515319001269, 0.0004572515319001269, 0.774386885996674, 0.25838402371889957, 0.018992683958799998, 0.1097164456775, 0.018992683958799998, 0.018992683958799998, 0.03885134353932612, 0.774386885996674, 1.4940232452388535, 0.29067459378329996, 0.1237128535552649, 0.017884071126599996, 0.20216942469919996, 0.00015241717729999997, 0.00015241717729999997, 0.0004606689573649625, 0.20456982436916404, 0.00015241717729999997, 0.0004606689573649625, 0.16475750078049994, 0.2260934536544996, 0.026595772211199995, 0.026595772211199995, 0.00019000885779999797, 0.05319427836279998, 0.001442837046099974, 0.2535381143598999, 0.2535381143598999, 0.37196352718159986, 0.2535381143598999, 0.37196352718159986, 0.10519587522609997, 0.12662586705149997, 0.017884071126599996, 0.5399627977901617, 0.1691502595181649, 0.26048915782692617, 0.0003062013247999999, 0.09502356648279997, 0.08723183634279996, 0.026595772211199995, 0.018992683958799998, 0.10281529662279998, 0.018992683958799998, 0.018992683958799998, 0.15108779878049997, 0.00030483435463260884, 0.15108779878049997, 7.282891590320178, 0.0004606689573649625, 0.018992683958799998, 1.3669701999999997e-06, 0.026595772211199995, 0.026595772211199995, 0.06475201140379999, 0.06475201140379999, 0.2535381143598999, 0.06458114012879998, 0.07577799303576149, 0.06458114012879998, 0.06475201140379999, 0.06475201140379999, 0.06475201140379999, 0.3062129440454968, 0.1691502595181649, 0.1691502595181649, 0.0015569790577891023, 0.1691502595181649, 0.1691502595181649, 0.7306975167675998, 0.7306975167675998, 0.23454543040109993, 0.20216942469919996, 0.23043495100973524, 0.12662586705149997, 0.09440227852689997, 0.0005470203454999998, 0.06475201140379999, 0.00015241717729999997, 0.20216942469919996, 0.00015241717729999997, 0.0012193374183999998, 0.1691502595181649, 0.4282628783536995, 0.0004606689573649625, 0.3062129440454968, 0.3062129440454967, 0.0015569790577891023, 1.1370635829713618, 0.30606052686819674, 1.8235784393519694, 0.5391020964926043, 1.3669701999999997e-06, 0.013297886105599998, 0.5391020964926043, 0.20216942469919996, 0.15108779878049997, 0.30793122558809993, 0.005929233242499999, 0.0004606689573649625, 0.0007704166227533095, 0.0003062013247999999, 0.16624271390283268, 7.0751493676534665, 0.00015241717729999997, 0.00015241717729999997, 0.19004713296559994, 1.1370635829713618, 0.24323867738799992, 0.1691502595181649, 0.24323867738799992, 0.24323867738799992, 0.4771594024076999, 0.10519587522609997, 0.10519587522609997, 0.0035575399454999992, 0.13341150712429997, 10.000567098920595, 45.26910628279313, 21.233741785109093, 0.0004572515319001269, 0.2154439864237654, 0.018992683958799998, 69.13153238005106, 0.1237128535552649, 16.647435078041838, 0.16624271390283268, 0.24323867738799992, 0.13341150712429997, 21.233741785109093, 0.24323867738799992, 0.24323867738799992, 0.0004572515319001269, 0.00022076568729999992, 0.6592938283669061, 1.3669701999999997e-06, 0.10550207655089996, 0.00034093014985758785, 0.0018979092076466901, 0.0004845909358999999, 0.24323867738799992, 0.30606052686819674, 0.010977454191099998, 0.0004572515319001269, 0.601399906459032, 0.601399906459032, 0.0015569790577891023, 1.7087127499999996e-05, 0.19004713296559994, 9.10568385059605, 0.17211521788196488, 0.04993384501028686, 0.08723183634279996, 7.381580983760003, 4.784395699999999e-06, 4.784395699999999e-06, 0.00022076568729999992, 0.0004572515319001269, 7.381580983760003, 0.005929233242499999, 0.00023306841909999992, 45.26910628279313, 16.647435078041838, 0.20216942469919996, 1.7087127499999996e-05, 0.00030483435459999995, 0.0016328459038999722, 5.807657646848295, 45.26910628279313, 0.06475201140379999, 0.2535381143598999, 0.19857224261789994, 10.622653395080805, 0.018341322658500123, 0.03885134353932612, 0.24323867738799992, 0.09440227852689997, 0.26048915782692617, 4.784395699999999e-06, 0.17211521788196488, 0.30793122558809993, 0.0003048343546001269, 0.06475201140379999, 1.5155489314579675, 0.10550207655089996, 7.381580983760003, 0.017884071126599996, 0.0004606689573649625, 1.3669701999999997e-06, 10.622653395080805, 1.07065001928832, 0.13341150712429997, 0.24323867738799992, 0.20216942469919996, 0.0004845909358999999, 0.018992683958799998, 0.0035575399454999992, 0.0003932361979479774, 0.00047228820403688587, 3.337463715e-05, 0.00015241717729999997, 6.924090619194378, 0.3062129440454967, 0.05319154442239999, 0.0004606689573649625, 0.19004713296559994, 0.06475201140379999, 0.0007704166227533095, 0.00015241717729999997, 0.26048915782692617, 0.04361591817139998, 0.05140764831139999, 1.1370635829713618, 0.10281529662279998, 0.20456982436916404, 0.37081253827199673, 0.0035575399454999992, 9.10568385059605, 0.00015241717729999997, 0.00015241717729999997, 2.9606420223233343, 42.46177533492849, 0.8706612302124626, 0.009496341979399999, 0.6826003049473262, 0.009496341979399999, 0.0003048343546001269, 8.703487319999996e-05, 8.703487319999996e-05, 0.013297886105599998, 0.05319154442239999, 0.17211521788196488, 0.00015241717729999997, 0.05140764831139999, 0.04361591817139998, 0.05140764831139999, 8.017769301959056, 0.0035575399454999992, 7.332874775172577, 21.233741785109093, 0.04361591817139998, 0.05140764831139999, 0.04361591817139998, 0.05319154442239999, 0.05319154442239999, 0.04361591817139998, 0.05140764831139999, 8.017769301959056, 0.04361591817139998, 0.05140764831139999, 0.00023306841909999992, 0.00022076568729999992, 0.08723183634279996, 0.24323867738799992, 0.24323867738799992, 0.24323867738799992, 0.24323867738799992, 0.19004713296559994, 34.90357752272416, 0.0035575399454999992, 0.00015241717729999997, 1.7087127499999996e-05, 0.009496341979399999, 0.010977454191099998, 0.0017787699727499996, 0.07433242205049995, 1.3669701999999997e-06, 0.0004845909358999999, 0.005929233242499999, 1.3669701999999997e-06, 1.3669701999999997e-06, 1.3669701999999997e-06, 0.10281529662279998, 0.013297886105599998, 1.3669701999999997e-06, 1.3669701999999997e-06, 1.3669701999999997e-06, 1.3669701999999997e-06, 1.3669701999999997e-06, 1.3669701999999997e-06, 1.3669701999999997e-06, 1.3669701999999997e-06, 10.622653395080805, 1.3669701999999997e-06, 0.000900149876700001, 0.0016328459038999722, 0.017884071126599996, 0.018465716946699996, 0.00017770612600000028, 0.018465716946699996, 0.017884071126599996, 0.0001954767386000003, 1.9137582799999995e-05, 0.005336651660799999, 0.00017770612600000028, 0.00017770612600000028, 1.3669701999999997e-06, 0.00015241717729999997, 0.0003062013247999999, 0.0004572515319001269, 0.6592938283669061, 0.0003062013247999999, 0.0026683258303999997, 0.0004572515319001269, 1.3669701999999997e-06, 0.00015241717729999997, 0.00015241717729999997, 0.0003062013247999999, 0.0004572515319001269, 0.6834850999999998]","['ACALD', 'PYK', 'EX_ac_e', 'EX_succ_e', 'ALCD2x', 'ACtex', 'ASPO5', 'SUCCtex', 'ETOHtex', 'EX_etoh_e', 'CPPPGO2', 'CA2t3pp', 'ETOHtrpp']","['CPPPGO', 'DHORD5', 'PGL', 'DHORD2', 'DMPPS', 'TRDR', 'AKGDH', 'GART', 'PAPSR', 'GND', 'G6PDH2r', 'SPODM', 'O2tpp', 'O2tex', 'ASPO6', 'DUTPDP', 'QMO3', 'CYTBO3_4pp', 'SUCDi', 'EX_o2_e', 'NADH16pp', 'RNTR4c2', 'FESR', 'FESD1s']","['SHK3Dr', 'DHORTS', 'OMPDC', 'G5SD', 'CS', 'ICDHyr', 'PPA', 'APRAUR', 'TRPAS2', 'DB4PS', 'ALAR', 'RBFK', 'ASPTA', 'RBFSb', 'EX_pi_e', 'SHCHD2', 'EX_co2_e', 'A5PISO', 'PMDPHT', 'ILETA', 'IPPMIb', 'ORPT', 'RBFSa', 'ACHBS', 'DHAD2', 'ACLS', 'PSCVT', 'PFL', 'ANS', 'ANPRT', 'CHORM', 'PTAr', 'CHORS', 'IGPS', 'ACKr', 'LEUTAi', 'EX_h_e', 'DMATT', 'GRTT', 'UPP3S', 'UPPDC1', 'EX_mn2_e', 'MOAT', 'UDCPDPS', 'ECOAH6', 'USHD', 'ENO', 'HCO3E', 'IMPC', 'IMPD', 'ECOAH4', 'LPADSS', 'GLUTRS', 'TDSK', 'PGI', 'TMPPP', 'PGK', 'RPE', 'DHQTi', 'IPMD', 'AIRC3', 'TALA', 'PUNP1', 'ADSL2r', 'TKT1', 'EX_fe2_e', 'TMDS', 'PPCDC', 'DHAD1', 'IPPMIa', 'MDH', 'FUM', 'FMNAT', 'OHPBAT', 'KARA1', 'KARA2', 'EX_for_e', 'ACCOAC', 'NADK', 'GLUTRR', 'HACD6', 'ECOAH1', 'ECOAH2', 'ARGSS', 'AGPR', 'G1SAT', 'KDOCT2', 'ECOAH3', 'DXPS', 'CDPMEK', 'MECDPS', 'PGAMT', 'UAGDP', 'UAGCVT', 'GLUR', 'NNDPR', 'PPC', 'HACD4', 'EX_zn2_e', 'HACD5', 'HACD7', 'DNMPPA', 'HPPK2', 'PTPATi', 'DXPRIi', 'GTPCII2', 'SADT2', 'OPHBDC', 'GHMT2r', 'SDPDS', 'ADCS', 'ADCL', 'DHAPT', 'UMPK', 'UAPGR', 'CTPS2', 'PAPPT3', 'UAGPT3', 'TRPS3', 'F6PA', 'FADRx', 'NDPK2', 'NDPK3', 'NDPK4', 'ACODA', 'FCLT', 'HBZOPT', 'PNTK', 'ADSS', 'OCTDPS', 'DPCOAK', 'ASNS2', 'ASPCT', 'KDOPS', 'KDOPP', 'MCOATA', 'IPDPS', 'DAPE', 'DHDPRy', 'HSK', 'SDPTA', 'THRS', 'HSST', 'PPNDH', 'DTMPK', 'NDPK1', 'DDPA', 'RHCCE', 'G3PD2', 'AACPS3', 'U23GAAT', 'UAAGDS', 'AACPS4', 'UAMAS', 'UAMAGS', 'P5CR', 'DHPPDA2', 'G5SADs', 'ASP1DC', 'UGMDDS', 'DBTS', 'UHGADA', 'UAGAAT', 'ATPPRT', 'HISTD', 'DHDPS', 'G1PACT', 'GF6PTA', 'IGPDH', 'PRATPP', 'PRMICI', 'GLUPRT', 'SERAT', 'CYSS', 'NADS1', 'BPNT', 'ASPK', 'ASAD', 'DAPDC', 'OCBT', 'GARFT', 'PHETA1', 'PPND', 'METAT', 'PRAMPC', 'TMPK', 'ACOTA', 'PDX5PS', 'PPBNGS', 'SULR', 'CBMKr', 'PPNCL2', 'PRAGSr', 'PRFGS', 'NNATr', 'PSERT', 'AIRC2', 'GAPD', 'DM_amob_c', 'MOAT2', 'ARGSL', 'GLU5K', 'IPPS', 'EX_mg2_e', 'MOHMT', 'AHCYSNS', 'GMPS', 'CHRPL', 'PMPK', 'ACACT7r', 'PSP_L', 'ACACT2r', 'ADSK', 'ACACT3r', 'ACACT4r', 'HSDy', 'CYSTL', 'SHSL1', 'EX_ca2_e', 'Kt2pp', 'Htex', 'H2Otex', 'GTPCI', 'TKT2', 'UDCPDP', 'ATPS4rpp', 'CYTK1', 'CO2tpp', 'GK1', 'HACD1', 'Ktex', 'HACD2', 'ECOAH5', 'DHFS', 'EX_ni2_e', 'PItex', 'EX_meoh_e', 'METS', 'EX_cu2_e', 'ACACT5r', 'PRASCSi', 'FE2tex', 'DHPS2', 'MTHFC', 'MTHFD', 'QULNS', 'EX_cobalt2_e', 'ACACT6r', 'FORtppi', 'SO4tex', 'FACOAE160', 'NH4tpp', 'MOBDabcpp', 'MOBDtex', 'NI2tex', 'DNTPPA', 'NH4tex', 'MG2tex', 'Zn2tex', 'H2Otpp', 'CO2tex', 'ACGK', 'COBALT2tex', 'HMBS', 'MEPCT', 'GLUDy', 'EX_h2o_e', 'HSTPT', 'THDPS', 'THRD_L', 'DHFR', 'PRAIi', 'HACD3', 'TYRTA', 'SHKK', 'EX_mobd_e', 'EX_so4_e', 'OMCDC', 'E4PD', 'IG3PS', 'PDH', 'MTHFR2', 'EX_nh4_e', 'DPR', 'AMAOTr', 'GLNS', 'EX_k_e', 'ACACT1r', 'ACGS', 'CU2tex', 'ALAALAr', 'CLtex', 'ADNK1', 'MNtex', 'SHCHF', 'SUCOAS', 'PRAIS', 'AACPS7', 'PANTS', 'ECOAH7', 'HISTP', 'UPP3MT', 'DHQS', 'DASYN160', 'DASYN161', 'PGCD', 'FACOAE161', 'ADSL1r', 'AICART', 'EX_cl_e', 'FORtex', 'PPPGO3', 'PDX5PO2', 'PGM', 'TPI', 'MPTG', 'RPI', 'MCTP1App', 'PERD', '5DOAN', 'DM_5drib_c', 'K2L4Aabcpp', 'FACOAE120', 'SO4t2pp', 'AMPMS2', 'PSSA161', 'PSD160', 'PSD161', 'ACONTb', 'CA2tex', 'G3PAT160', 'G3PAT161', 'AGPAT160', '3OAS140', '3OAR140', 'PE160abcpp', 'PE161abcpp', 'ACONTa', 'PSSA160', 'AGPAT161', 'ZN2tpp', 'NI2tpp', 'ACOAD7f', 'ACOAD5f', 'ACOAD3f', 'ACOAD2f', 'ACOAD4f', 'ACOAD6f', 'OPHHX3', 'COBALT2tpp', 'DALAt2pp', 'FE2tpp', 'CLt3_2pp', 'POR5', 'MALCOAMT', 'CU2tpp', 'MG2t3_2pp', 'OGMEACPS', 'OGMEACPR', 'OPMEACPS', 'CTECOAI7', 'K2L4Aabctex', 'OPMEACPD', 'EPMEACPR', 'AOXSr2', 'MEOHtrpp', 'OGMEACPD', 'EGMEACPR', 'OPMEACPR', 'PMEACPE', 'MEOHtex', 'ICYSDS', 'MECDPDH5', 'RNTR1c2', 'RNTR2c2', 'I4FE4SR', 'RNTR3c2', 'I2FE2SS', 'I2FE2ST', 'I2FE2SS2', 'I4FE4ST', 'BTS5', 'DM_4crsol_c', 'AI2K', 'DHNPA2r', 'PIt2rpp', 'PAI2I', '4HTHRA', 'I2FE2SR', 'TYRL', 'THZPSN3', 'PAI2T', '4HTHRK', 'BIOMASS_Ec_iML1515_core_75p37M']",O2tex,SUCCtex,715.2327250369812,1,431,394,-279.0,-203.9909030960632,iML1515,PSL,False,True,0.0,-16.2833646960656,0.0,0.0
109,"['SHK3Dr', 'DHORTS', 'OMPDC', 'G5SD', 'CS', 'ICDHyr', 'ACALD', 'PPA', 'APRAUR', 'TRPAS2', 'DB4PS', 'ALAR', 'RBFK', 'ASPTA', 'RBFSb', 'EX_pi_e', 'PYK', 'SHCHD2', 'EX_co2_e', 'A5PISO', 'PMDPHT', 'CPPPGO', 'ILETA', 'IPPMIb', 'ORPT', 'RBFSa', 'ACHBS', 'DHAD2', 'ACLS', 'PSCVT', 'PFL', 'ANS', 'ANPRT', 'CHORM', 'PTAr', 'CHORS', 'IGPS', 'ACKr', 'LEUTAi', 'EX_h_e', 'DMATT', 'GRTT', 'UPP3S', 'UPPDC1', 'EX_mn2_e', 'EX_ac_e', 'EX_succ_e', 'MOAT', 'UDCPDPS', 'ECOAH6', 'USHD', 'ENO', 'HCO3E', 'IMPC', 'IMPD', 'ECOAH4', 'LPADSS', 'GLUTRS', 'TDSK', 'PGI', 'TMPPP', 'PGK', 'PGL', 'RPE', 'DHQTi', 'IPMD', 'AIRC3', 'PUNP1', 'ADSL2r', 'TKT1', 'EX_fe2_e', 'ALCD2x', 'TMDS', 'PPCDC', 'DHAD1', 'IPPMIa', 'MDH', 'FUM', 'FMNAT', 'OHPBAT', 'KARA1', 'KARA2', 'EX_for_e', 'ACCOAC', 'NADK', 'GLUTRR', 'HACD6', 'ECOAH1', 'ECOAH2', 'ARGSS', 'AGPR', 'G1SAT', 'KDOCT2', 'ECOAH3', 'DXPS', 'CDPMEK', 'MECDPS', 'PGAMT', 'UAGDP', 'UAGCVT', 'GLUR', 'NNDPR', 'PPC', 'HACD4', 'EX_zn2_e', 'HACD5', 'HACD7', 'DNMPPA', 'HPPK2', 'PTPATi', 'DXPRIi', 'GTPCII2', 'SADT2', 'OPHBDC', 'GHMT2r', 'DHORD2', 'SDPDS', 'ADCS', 'ADCL', 'DHAPT', 'UMPK', 'UAPGR', 'CTPS2', 'PAPPT3', 'UAGPT3', 'TRPS3', 'F6PA', 'FADRx', 'ADK1', 'NDPK2', 'NDPK3', 'ACODA', 'FCLT', 'HBZOPT', 'PNTK', 'ADSS', 'OCTDPS', 'DPCOAK', 'ASNS2', 'ASPCT', 'KDOPS', 'KDOPP', 'DMPPS', 'MCOATA', 'IPDPS', 'DAPE', 'DHDPRy', 'HSK', 'SDPTA', 'THRS', 'HSST', 'PPNDH', 'DTMPK', 'TRDR', 'DDPA', 'RHCCE', 'G3PD2', 'AACPS3', 'U23GAAT', 'UAAGDS', 'AACPS4', 'UAMAS', 'UAMAGS', 'P5CR', 'DHPPDA2', 'G5SADs', 'AKGDH', 'ASP1DC', 'UGMDDS', 'DBTS', 'UHGADA', 'UAGAAT', 'ATPPRT', 'HISTD', 'DHDPS', 'G1PACT', 'GART', 'GF6PTA', 'IGPDH', 'PRATPP', 'PRMICI', 'GLUPRT', 'SERAT', 'CYSS', 'NADS1', 'BPNT', 'PAPSR', 'ASPK', 'ASAD', 'DAPDC', 'OCBT', 'GARFT', 'PHETA1', 'PPND', 'METAT', 'PRAMPC', 'TMPK', 'ACOTA', 'PDX5PS', 'PPBNGS', 'SULR', 'CBMKr', 'PPNCL2', 'PRAGSr', 'PRFGS', 'NNATr', 'PSERT', 'AIRC2', 'GAPD', 'GND', 'DM_amob_c', 'MOAT2', 'G6PDH2r', 'ARGSL', 'GLU5K', 'IPPS', 'EX_mg2_e', 'MOHMT', 'SPODM', 'AHCYSNS', 'GMPS', 'ACtex', 'CHRPL', 'PMPK', 'ACACT7r', 'PSP_L', 'ACACT2r', 'ADSK', 'ACACT3r', 'ACACT4r', 'HSDy', 'CYSTL', 'SHSL1', 'EX_ca2_e', 'Kt2pp', 'Htex', 'H2Otex', 'O2tpp', 'GTPCI', 'TKT2', 'UDCPDP', 'ATPS4rpp', 'CYTK1', 'CO2tpp', 'GK1', 'HACD1', 'Ktex', 'O2tex', 'HACD2', 'ECOAH5', 'DHFS', 'EX_ni2_e', 'PItex', 'ACt2rpp', 'EX_meoh_e', 'METS', 'ASPO5', 'ASPO6', 'EX_cu2_e', 'ACACT5r', 'PRASCSi', 'FE2tex', 'DHPS2', 'MTHFC', 'MTHFD', 'QULNS', 'EX_cobalt2_e', 'ACACT6r', 'FORtppi', 'SO4tex', 'SUCCtex', 'FACOAE160', 'NH4tpp', 'MOBDabcpp', 'MOBDtex', 'NI2tex', 'DNTPPA', 'NH4tex', 'MG2tex', 'Zn2tex', 'H2Otpp', 'CO2tex', 'ACGK', 'COBALT2tex', 'HMBS', 'MEPCT', 'GLUDy', 'EX_h2o_e', 'HSTPT', 'THDPS', 'THRD_L', 'ETOHtex', 'DHFR', 'PRAIi', 'HACD3', 'TYRTA', 'SHKK', 'EX_mobd_e', 'EX_so4_e', 'OMCDC', 'E4PD', 'IG3PS', 'PDH', 'MTHFR2', 'EX_nh4_e', 'DUTPDP', 'DPR', 'AMAOTr', 'EX_etoh_e', 'GLNS', 'EX_k_e', 'ACACT1r', 'ACGS', 'CU2tex', 'ALAALAr', 'CLtex', 'ADNK1', 'MNtex', 'CPPPGO2', 'SHCHF', 'PRAIS', 'AACPS7', 'PANTS', 'ECOAH7', 'HISTP', 'QMO2', 'UPP3MT', 'DHQS', 'DASYN160', 'DASYN161', 'PGCD', 'FACOAE161', 'ADSL1r', 'AICART', 'EX_cl_e', 'FORtex', 'PPPGO3', 'PDX5PO2', 'PGM', 'CYTBO3_4pp', 'TPI', 'MPTG', 'RPI', 'MCTP1App', 'PERD', '5DOAN', 'DM_5drib_c', 'K2L4Aabcpp', 'FACOAE120', 'SO4t2pp', 'AMPMS2', 'PSSA161', 'PSD160', 'PSD161', 'ACONTb', 'CA2tex', 'SUCDi', 'EX_o2_e', 'G3PAT160', 'G3PAT161', 'AGPAT160', '3OAS140', '3OAR140', 'PE160abcpp', 'PE161abcpp', 'ACONTa', 'PSSA160', 'AGPAT161', 'ZN2tpp', 'NI2tpp', 'ACOAD7f', 'ACOAD5f', 'ACOAD3f', 'ACOAD2f', 'ACOAD4f', 'ACOAD6f', 'NADH16pp', 'OPHHX3', 'COBALT2tpp', 'DALAt2pp', 'FE2tpp', 'MN2tpp', 'CLt3_2pp', 'POR5', 'MALCOAMT', 'CU2tpp', 'MG2t3_2pp', 'OGMEACPS', 'OGMEACPR', 'OPMEACPS', 'CTECOAI7', 'K2L4Aabctex', 'OPMEACPD', 'EPMEACPR', 'AOXSr2', 'MEOHtrpp', 'OGMEACPD', 'EGMEACPR', 'OPMEACPR', 'PMEACPE', 'ETOHtrpp', 'MEOHtex', 'ICYSDS', 'MECDPDH5', 'RNTR1c2', 'RNTR2c2', 'I4FE4SR', 'RNTR3c2', 'RNTR4c2', 'I2FE2SS', 'I2FE2ST', 'FESR', 'I2FE2SS2', 'I4FE4ST', 'BTS5', 'DM_4crsol_c', 'ACOAD1fr', 'AI2K', 'DHNPA2r', 'PIt2rpp', 'PAI2I', 'FESD1s', '4HTHRA', 'I2FE2SR', 'TYRL', 'THZPSN3', 'PAI2T', '4HTHRK', 'BIOMASS_Ec_iML1515_core_75p37M']","[-0.2604891578269001, 0.22609345365450004, -0.22609345365449998, -0.15108779878049997, -8.01776804479591, -8.01776804479591, -10.622689912640006, -2.393201183881307, -0.00030483435459996644, 0.03885134353929999, -0.0006096687091999329, -0.028489025938199995, -0.00015241717729996647, 2.0011242939085743, -0.00030483435459996644, 0.6592938283696621, 4.726158172263716, -0.00015241717729999997, -16.647366944363252, -0.026595772211199995, -0.00030483435459996644, -0.00018579181444999997, 0.19857224261789994, 0.30793122558809993, 0.22609345365449998, -0.0006096687091999329, -0.19857224261789994, -0.19857224261789994, -0.5976168164316686, -0.2604891578269001, 9.031517306079047, -0.03885134353929999, -0.03885134353929999, -0.22102814557839995, 7.473031599089704, -0.2604891578269001, -0.03885134353929999, -7.473031599089704, -0.30793122558809993, 10.000467835521407, -0.00019000885779999963, -0.00019000885779999963, -0.00030483435459999995, -0.00015241717729999997, 0.00047228820409999994, 7.075115544012788, 0.049933845010118695, -0.013297886105599998, -3.759168049999838e-05, -0.19004713296559994, -0.013297886105599998, 2.960645374756208, -0.35925736949823694, 0.37081283759673694, -0.16624271390269593, -0.24323867738799992, -0.013297886105599998, -0.0024386748367999996, -0.013297886105599998, 0.5391058679786589, -0.00015241717729999997, -1.8235808938117515, -0.5391058679786596, 0.17070173369983557, -0.2604891578269001, -0.30793122558809993, 0.30606082619293695, 0.00039383484619999985, -0.30606082619293695, -0.044741294886229944, 0.010977454191099998, -10.622689912640006, -0.017884071126599996, -0.0004606689575166467, -0.5976168164316686, 0.30793122558809993, -8.045557571213251, -8.045557571213251, -0.00015241717729996647, 0.0003048343546001269, 0.5976168164316686, -0.19857224261789994, 9.1056196081376, -0.0531965433053, -0.0003055178396800251, -0.0024386748367999996, -0.19004713296559994, -0.24323867738799992, -0.24323867738799992, -0.20216942469919996, 0.20216942469919996, -0.0024386748367999996, -0.026595772211199995, -0.24323867738799992, -0.0019376802584999816, -0.0016328459038999817, -0.0016328459038999817, 0.06458114012879998, -0.06458114012879998, -0.018992683958799998, 0.018992683958799998, -0.0015569790577694143, -1.9733347674912318, -0.24323867738799992, 0.00023306841909999992, -0.24323867738799992, -0.19004713296559994, -0.0004572515319001269, -0.0004572515319001269, -0.0004606689575166467, -0.0016328459038999817, -0.00030483435459996644, -0.1691508581665166, -0.00015241717729999997, -0.7253994395959371, -0.22609345365449998, -0.2535381143598999, -0.0004572515319001269, -0.0004572515319001269, 0.774388741807293, -0.2583840237189, -0.018992683958799998, -0.1097164456775, -0.018992683958799998, -0.018992683958799998, -0.03885134353929999, 0.774388741807293, -1.4940232452389994, -1.7930561560640055, -0.29067459378329996, -0.12371285355541659, -0.20216942469919996, -0.00015241717729999997, -0.00015241717729999997, -0.0004606689575166467, -0.204570123694041, -0.00015241717729999997, -0.0004606689575166467, -0.16475750078049994, -0.22609345365450004, -0.026595772211199995, -0.026595772211199995, -0.00019000885779999963, -0.053194877011, -0.001442837046099982, -0.2535381143598999, -0.2535381143598999, -0.37196352718159986, 0.2535381143598999, -0.37196352718159986, -0.10519617455019997, -0.12662586705149997, -0.017884071126599996, -0.1691508581665166, -0.2604891578269001, -0.00030650064889999995, 0.09502356648279997, -0.08723183634279996, -0.026595772211199995, -0.018992683958799998, -0.10281529662279998, -0.018992683958799998, -0.018992683958799998, -0.15108779878049997, -0.00030483435459996644, -0.15108779878049997, -7.282890333156615, -0.00046066895751661896, -0.018992683958799998, -1.6662942999999997e-06, -0.026595772211199995, -0.026595772211199995, -0.06475201140379999, -0.06475201140379999, -0.2535381143598999, -0.06458114012879998, -0.0757788910088536, -0.06458114012879998, -0.06475201140379999, -0.06475201140379999, -0.06475201140379999, -0.30621324337023703, -0.1691508581665166, -0.1691508581665166, -0.0015569790577694143, -0.1691508581665166, -0.1691508581665166, -0.7306978160916997, 0.7306978160916997, -0.23454543040109993, -0.20216942469919996, -0.23043435236138346, 0.12662586705149997, -0.09440227852689997, -0.0005479183177999997, -0.06475201140379999, -0.00015241717729999997, 0.20216942469919996, -0.00015241717729999997, -0.0012193374183999998, -0.1691508581665166, -0.42826287835369997, -0.0004606689575166467, -0.30621324337023703, -0.3062132433702369, -0.0015569790577694143, -1.1370644809444537, -0.30606082619293695, 1.8235808938117515, -0.5391058679786596, -1.6662942999999997e-06, -0.013297886105599998, -0.5391058679786596, -0.20216942469919996, -0.15108779878049997, -0.30793122558809993, 0.005929233242499999, -0.00046066895751661896, -0.0007704166227732196, -0.00030650064889999995, -0.16624271390269593, -7.075115544012788, -0.00015241717729999997, -0.00015241717729999997, -0.19004713296559994, -1.1370644809444537, -0.24323867738799992, -0.1691508581665166, -0.24323867738799992, -0.24323867738799992, 0.4771597017317998, -0.10519617455019997, -0.10519617455019997, 0.0035575399455183288, -0.13341150712429997, -10.000467835521407, 45.269080353842114, -21.233741392247644, -0.0004572515319001269, 0.2154430285860655, -0.018992683958799998, -69.13151543830625, -0.12371285355541659, 16.647366944363252, -0.16624271390269593, -0.24323867738799992, -0.13341150712429997, -21.233741392247644, -0.24323867738799992, -0.24323867738799992, -0.0004572515319001269, 0.00022076568729999992, -0.6592938283696621, -7.075115544012788, -1.6662942999999997e-06, -0.10550267519909998, 0.0003409301498573658, -0.00189790920762678, 0.0004845909358999999, -0.24323867738799992, -0.30606082619293695, -0.010977454191099998, -0.0004572515319001269, -0.6013996071354204, -0.6013996071354204, -0.0015569790577694143, 1.7087127499999996e-05, -0.19004713296559994, 9.1056196081376, -0.17211581653031657, -0.049933845010118695, -0.08723183634279996, -7.381583079032358, -4.784395699999999e-06, -4.784395699999999e-06, -0.00022076568729999992, -0.0004572515319001269, -7.381583079032358, -0.005929233242499999, -0.00023306841909999992, 45.269080353842114, 16.647366944363252, -0.20216942469919996, -1.7087127499999996e-05, -0.00030483435459999995, -0.0016328459038999817, 5.807659442795417, -45.269080353842114, -0.06475201140379999, -0.2535381143598999, -0.19857224261789994, -10.622689912640006, -0.018341322658500123, -0.03885134353929999, -0.24323867738799992, 0.09440227852689997, -0.2604891578269001, 4.784395699999999e-06, 0.17211581653031657, -0.30793122558809993, 0.0003048343546001269, -0.06475201140379999, -1.5154804385929657, -0.10550267519909998, 7.381583079032358, -0.017884071126599996, -0.00046066895751661896, -1.6662942999999997e-06, 10.622689912640006, -1.0706506179377742, 0.13341150712429997, -0.24323867738799992, -0.20216942469919996, -0.0004845909358999999, -0.018992683958799998, -0.0035575399454999992, -0.00039383484619999985, -0.00047228820409999994, 3.337463715e-05, -0.00015241717729999997, -0.3062132433702369, -0.05319154442239998, -0.00046066895751661896, -0.19004713296559994, -0.06475201140379999, -0.0007704166227732196, -0.00015241717729999997, -0.2604891578269001, -0.04361591817139998, -0.05140764831139999, -1.1370644809444537, -0.10281529662279998, -0.204570123694041, -0.37081283759673694, 0.0035575399454999992, -9.1056196081376, -0.00015241717729999997, -0.00015241717729999997, -2.960645374756208, -42.461774549205586, 0.8706627866989631, -0.009496341979399999, 0.682602160757936, -0.009496341979399999, 0.0003048343546001269, -8.733419729999996e-05, -8.733419729999996e-05, -0.013297886105599998, -0.05319154442239998, -0.17211581653031657, -0.00015241717729999997, -0.05140764831139999, -0.04361591817139998, -0.05140764831139999, -8.01776804479591, -0.0035575399455183288, -7.332873518009137, 21.233741392247644, -0.04361591817139998, -0.05140764831139999, -0.04361591817139998, -0.05319154442239999, -0.05319154442239999, -0.04361591817139998, -0.05140764831139999, -8.01776804479591, -0.04361591817139998, -0.05140764831139999, -0.00023306841909999992, -0.00022076568729999992, 0.08723183634279996, 0.24323867738799992, 0.24323867738799992, 0.24323867738799992, 0.24323867738799992, 0.19004713296559994, -34.90357799416472, -0.00015241717729999997, -1.7087127499999996e-05, -0.009496341979399999, -0.010977454191099998, -0.00047228820409999994, -0.0017787699727499996, -0.07433242205049997, -1.6662942999999997e-06, -0.0004845909358999999, -0.005929233242499999, -1.6662942999999997e-06, -1.6662942999999997e-06, -1.6662942999999997e-06, 0.10281529662279998, -0.013297886105599998, -1.6662942999999997e-06, -1.6662942999999997e-06, -1.6662942999999997e-06, 1.6662942999999997e-06, -1.6662942999999997e-06, -1.6662942999999997e-06, -1.6662942999999997e-06, -1.6662942999999997e-06, -10.622689912640006, 1.6662942999999997e-06, -0.0009004492008000011, -0.0016328459038999817, -0.017884071126599996, -0.018465716946699996, -0.00017770612600000028, -0.018465716946699996, -0.017884071126599996, -0.0001954767386000003, -1.9436906899999998e-05, -0.005336651660799999, -0.00017770612600000028, -0.00017770612600000028, -1.6662942999999997e-06, -0.00015241717729999997, -0.24323867738799992, -0.00030650064889999995, -0.0004572515319001269, -0.6592938283696621, -0.00030650064889999995, -0.0026683258303999997, 0.0004572515319001269, -1.6662942999999997e-06, -0.00015241717729999997, -0.00015241717729999997, -0.00030650064889999995, -0.0004572515319001269, -0.6834850999999998]","[0.2604891578269001, 0.22609345365450004, 0.22609345365449998, 0.15108779878049997, 8.01776804479591, 8.01776804479591, 10.622689912640006, 2.393201183881307, 0.00030483435459996644, 0.03885134353929999, 0.0006096687091999329, 0.028489025938199995, 0.00015241717729996647, 2.0011242939085743, 0.00030483435459996644, 0.6592938283696621, 4.726158172263716, 0.00015241717729999997, 16.647366944363252, 0.026595772211199995, 0.00030483435459996644, 0.00018579181444999997, 0.19857224261789994, 0.30793122558809993, 0.22609345365449998, 0.0006096687091999329, 0.19857224261789994, 0.19857224261789994, 0.5976168164316686, 0.2604891578269001, 9.031517306079047, 0.03885134353929999, 0.03885134353929999, 0.22102814557839995, 7.473031599089704, 0.2604891578269001, 0.03885134353929999, 7.473031599089704, 0.30793122558809993, 10.000467835521407, 0.00019000885779999963, 0.00019000885779999963, 0.00030483435459999995, 0.00015241717729999997, 0.00047228820409999994, 7.075115544012788, 0.049933845010118695, 0.013297886105599998, 3.759168049999838e-05, 0.19004713296559994, 0.013297886105599998, 2.960645374756208, 0.35925736949823694, 0.37081283759673694, 0.16624271390269593, 0.24323867738799992, 0.013297886105599998, 0.0024386748367999996, 0.013297886105599998, 0.5391058679786589, 0.00015241717729999997, 1.8235808938117515, 0.5391058679786596, 0.17070173369983557, 0.2604891578269001, 0.30793122558809993, 0.30606082619293695, 0.00039383484619999985, 0.30606082619293695, 0.044741294886229944, 0.010977454191099998, 10.622689912640006, 0.017884071126599996, 0.0004606689575166467, 0.5976168164316686, 0.30793122558809993, 8.045557571213251, 8.045557571213251, 0.00015241717729996647, 0.0003048343546001269, 0.5976168164316686, 0.19857224261789994, 9.1056196081376, 0.0531965433053, 0.0003055178396800251, 0.0024386748367999996, 0.19004713296559994, 0.24323867738799992, 0.24323867738799992, 0.20216942469919996, 0.20216942469919996, 0.0024386748367999996, 0.026595772211199995, 0.24323867738799992, 0.0019376802584999816, 0.0016328459038999817, 0.0016328459038999817, 0.06458114012879998, 0.06458114012879998, 0.018992683958799998, 0.018992683958799998, 0.0015569790577694143, 1.9733347674912318, 0.24323867738799992, 0.00023306841909999992, 0.24323867738799992, 0.19004713296559994, 0.0004572515319001269, 0.0004572515319001269, 0.0004606689575166467, 0.0016328459038999817, 0.00030483435459996644, 0.1691508581665166, 0.00015241717729999997, 0.7253994395959371, 0.22609345365449998, 0.2535381143598999, 0.0004572515319001269, 0.0004572515319001269, 0.774388741807293, 0.2583840237189, 0.018992683958799998, 0.1097164456775, 0.018992683958799998, 0.018992683958799998, 0.03885134353929999, 0.774388741807293, 1.4940232452389994, 1.7930561560640055, 0.29067459378329996, 0.12371285355541659, 0.20216942469919996, 0.00015241717729999997, 0.00015241717729999997, 0.0004606689575166467, 0.204570123694041, 0.00015241717729999997, 0.0004606689575166467, 0.16475750078049994, 0.22609345365450004, 0.026595772211199995, 0.026595772211199995, 0.00019000885779999963, 0.053194877011, 0.001442837046099982, 0.2535381143598999, 0.2535381143598999, 0.37196352718159986, 0.2535381143598999, 0.37196352718159986, 0.10519617455019997, 0.12662586705149997, 0.017884071126599996, 0.1691508581665166, 0.2604891578269001, 0.00030650064889999995, 0.09502356648279997, 0.08723183634279996, 0.026595772211199995, 0.018992683958799998, 0.10281529662279998, 0.018992683958799998, 0.018992683958799998, 0.15108779878049997, 0.00030483435459996644, 0.15108779878049997, 7.282890333156615, 0.00046066895751661896, 0.018992683958799998, 1.6662942999999997e-06, 0.026595772211199995, 0.026595772211199995, 0.06475201140379999, 0.06475201140379999, 0.2535381143598999, 0.06458114012879998, 0.0757788910088536, 0.06458114012879998, 0.06475201140379999, 0.06475201140379999, 0.06475201140379999, 0.30621324337023703, 0.1691508581665166, 0.1691508581665166, 0.0015569790577694143, 0.1691508581665166, 0.1691508581665166, 0.7306978160916997, 0.7306978160916997, 0.23454543040109993, 0.20216942469919996, 0.23043435236138346, 0.12662586705149997, 0.09440227852689997, 0.0005479183177999997, 0.06475201140379999, 0.00015241717729999997, 0.20216942469919996, 0.00015241717729999997, 0.0012193374183999998, 0.1691508581665166, 0.42826287835369997, 0.0004606689575166467, 0.30621324337023703, 0.3062132433702369, 0.0015569790577694143, 1.1370644809444537, 0.30606082619293695, 1.8235808938117515, 0.5391058679786596, 1.6662942999999997e-06, 0.013297886105599998, 0.5391058679786596, 0.20216942469919996, 0.15108779878049997, 0.30793122558809993, 0.005929233242499999, 0.00046066895751661896, 0.0007704166227732196, 0.00030650064889999995, 0.16624271390269593, 7.075115544012788, 0.00015241717729999997, 0.00015241717729999997, 0.19004713296559994, 1.1370644809444537, 0.24323867738799992, 0.1691508581665166, 0.24323867738799992, 0.24323867738799992, 0.4771597017317998, 0.10519617455019997, 0.10519617455019997, 0.0035575399455183288, 0.13341150712429997, 10.000467835521407, 45.269080353842114, 21.233741392247644, 0.0004572515319001269, 0.2154430285860655, 0.018992683958799998, 69.13151543830625, 0.12371285355541659, 16.647366944363252, 0.16624271390269593, 0.24323867738799992, 0.13341150712429997, 21.233741392247644, 0.24323867738799992, 0.24323867738799992, 0.0004572515319001269, 0.00022076568729999992, 0.6592938283696621, 7.075115544012788, 1.6662942999999997e-06, 0.10550267519909998, 0.0003409301498573658, 0.00189790920762678, 0.0004845909358999999, 0.24323867738799992, 0.30606082619293695, 0.010977454191099998, 0.0004572515319001269, 0.6013996071354204, 0.6013996071354204, 0.0015569790577694143, 1.7087127499999996e-05, 0.19004713296559994, 9.1056196081376, 0.17211581653031657, 0.049933845010118695, 0.08723183634279996, 7.381583079032358, 4.784395699999999e-06, 4.784395699999999e-06, 0.00022076568729999992, 0.0004572515319001269, 7.381583079032358, 0.005929233242499999, 0.00023306841909999992, 45.269080353842114, 16.647366944363252, 0.20216942469919996, 1.7087127499999996e-05, 0.00030483435459999995, 0.0016328459038999817, 5.807659442795417, 45.269080353842114, 0.06475201140379999, 0.2535381143598999, 0.19857224261789994, 10.622689912640006, 0.018341322658500123, 0.03885134353929999, 0.24323867738799992, 0.09440227852689997, 0.2604891578269001, 4.784395699999999e-06, 0.17211581653031657, 0.30793122558809993, 0.0003048343546001269, 0.06475201140379999, 1.5154804385929657, 0.10550267519909998, 7.381583079032358, 0.017884071126599996, 0.00046066895751661896, 1.6662942999999997e-06, 10.622689912640006, 1.0706506179377742, 0.13341150712429997, 0.24323867738799992, 0.20216942469919996, 0.0004845909358999999, 0.018992683958799998, 0.0035575399454999992, 0.00039383484619999985, 0.00047228820409999994, 3.337463715e-05, 0.00015241717729999997, 0.3062132433702369, 0.05319154442239998, 0.00046066895751661896, 0.19004713296559994, 0.06475201140379999, 0.0007704166227732196, 0.00015241717729999997, 0.2604891578269001, 0.04361591817139998, 0.05140764831139999, 1.1370644809444537, 0.10281529662279998, 0.204570123694041, 0.37081283759673694, 0.0035575399454999992, 9.1056196081376, 0.00015241717729999997, 0.00015241717729999997, 2.960645374756208, 42.461774549205586, 0.8706627866989631, 0.009496341979399999, 0.682602160757936, 0.009496341979399999, 0.0003048343546001269, 8.733419729999996e-05, 8.733419729999996e-05, 0.013297886105599998, 0.05319154442239998, 0.17211581653031657, 0.00015241717729999997, 0.05140764831139999, 0.04361591817139998, 0.05140764831139999, 8.01776804479591, 0.0035575399455183288, 7.332873518009137, 21.233741392247644, 0.04361591817139998, 0.05140764831139999, 0.04361591817139998, 0.05319154442239999, 0.05319154442239999, 0.04361591817139998, 0.05140764831139999, 8.01776804479591, 0.04361591817139998, 0.05140764831139999, 0.00023306841909999992, 0.00022076568729999992, 0.08723183634279996, 0.24323867738799992, 0.24323867738799992, 0.24323867738799992, 0.24323867738799992, 0.19004713296559994, 34.90357799416472, 0.00015241717729999997, 1.7087127499999996e-05, 0.009496341979399999, 0.010977454191099998, 0.00047228820409999994, 0.0017787699727499996, 0.07433242205049997, 1.6662942999999997e-06, 0.0004845909358999999, 0.005929233242499999, 1.6662942999999997e-06, 1.6662942999999997e-06, 1.6662942999999997e-06, 0.10281529662279998, 0.013297886105599998, 1.6662942999999997e-06, 1.6662942999999997e-06, 1.6662942999999997e-06, 1.6662942999999997e-06, 1.6662942999999997e-06, 1.6662942999999997e-06, 1.6662942999999997e-06, 1.6662942999999997e-06, 10.622689912640006, 1.6662942999999997e-06, 0.0009004492008000011, 0.0016328459038999817, 0.017884071126599996, 0.018465716946699996, 0.00017770612600000028, 0.018465716946699996, 0.017884071126599996, 0.0001954767386000003, 1.9436906899999998e-05, 0.005336651660799999, 0.00017770612600000028, 0.00017770612600000028, 1.6662942999999997e-06, 0.00015241717729999997, 0.24323867738799992, 0.00030650064889999995, 0.0004572515319001269, 0.6592938283696621, 0.00030650064889999995, 0.0026683258303999997, 0.0004572515319001269, 1.6662942999999997e-06, 0.00015241717729999997, 0.00015241717729999997, 0.00030650064889999995, 0.0004572515319001269, 0.6834850999999998]","['ACALD', 'PYK', 'EX_ac_e', 'EX_succ_e', 'ALCD2x', 'DHAPT', 'F6PA', 'ACtex', 'ACt2rpp', 'ASPO5', 'SUCCtex', 'ETOHtex', 'EX_etoh_e', 'CPPPGO2', 'ETOHtrpp']","['CPPPGO', 'PGL', 'DHORD2', 'IPDPS', 'AKGDH', 'DBTS', 'GART', 'GND', 'DM_amob_c', 'G6PDH2r', 'SPODM', 'O2tpp', 'O2tex', 'EX_meoh_e', 'ASPO6', 'DUTPDP', 'AMAOTr', 'QMO2', 'CYTBO3_4pp', 'SUCDi', 'EX_o2_e', 'NADH16pp', 'MALCOAMT', 'OGMEACPS', 'OGMEACPR', 'OPMEACPS', 'OPMEACPD', 'EPMEACPR', 'AOXSr2', 'MEOHtrpp', 'OGMEACPD', 'EGMEACPR', 'OPMEACPR', 'PMEACPE', 'MEOHtex', 'RNTR4c2', 'FESR', 'BTS5', 'FESD1s', 'I2FE2SR']","['SHK3Dr', 'DHORTS', 'OMPDC', 'G5SD', 'CS', 'ICDHyr', 'PPA', 'APRAUR', 'TRPAS2', 'DB4PS', 'ALAR', 'RBFK', 'ASPTA', 'RBFSb', 'EX_pi_e', 'SHCHD2', 'EX_co2_e', 'A5PISO', 'PMDPHT', 'ILETA', 'IPPMIb', 'ORPT', 'RBFSa', 'ACHBS', 'DHAD2', 'ACLS', 'PSCVT', 'PFL', 'ANS', 'ANPRT', 'CHORM', 'PTAr', 'CHORS', 'IGPS', 'ACKr', 'LEUTAi', 'EX_h_e', 'DMATT', 'GRTT', 'UPP3S', 'UPPDC1', 'EX_mn2_e', 'MOAT', 'UDCPDPS', 'ECOAH6', 'USHD', 'ENO', 'HCO3E', 'IMPC', 'IMPD', 'ECOAH4', 'LPADSS', 'GLUTRS', 'TDSK', 'PGI', 'TMPPP', 'PGK', 'RPE', 'DHQTi', 'IPMD', 'AIRC3', 'PUNP1', 'ADSL2r', 'TKT1', 'EX_fe2_e', 'TMDS', 'PPCDC', 'DHAD1', 'IPPMIa', 'MDH', 'FUM', 'FMNAT', 'OHPBAT', 'KARA1', 'KARA2', 'EX_for_e', 'ACCOAC', 'NADK', 'GLUTRR', 'HACD6', 'ECOAH1', 'ECOAH2', 'ARGSS', 'AGPR', 'G1SAT', 'KDOCT2', 'ECOAH3', 'DXPS', 'CDPMEK', 'MECDPS', 'PGAMT', 'UAGDP', 'UAGCVT', 'GLUR', 'NNDPR', 'PPC', 'HACD4', 'EX_zn2_e', 'HACD5', 'HACD7', 'DNMPPA', 'HPPK2', 'PTPATi', 'DXPRIi', 'GTPCII2', 'SADT2', 'OPHBDC', 'GHMT2r', 'SDPDS', 'ADCS', 'ADCL', 'UMPK', 'UAPGR', 'CTPS2', 'PAPPT3', 'UAGPT3', 'TRPS3', 'FADRx', 'ADK1', 'NDPK2', 'NDPK3', 'ACODA', 'FCLT', 'HBZOPT', 'PNTK', 'ADSS', 'OCTDPS', 'DPCOAK', 'ASNS2', 'ASPCT', 'KDOPS', 'KDOPP', 'DMPPS', 'MCOATA', 'DAPE', 'DHDPRy', 'HSK', 'SDPTA', 'THRS', 'HSST', 'PPNDH', 'DTMPK', 'TRDR', 'DDPA', 'RHCCE', 'G3PD2', 'AACPS3', 'U23GAAT', 'UAAGDS', 'AACPS4', 'UAMAS', 'UAMAGS', 'P5CR', 'DHPPDA2', 'G5SADs', 'ASP1DC', 'UGMDDS', 'UHGADA', 'UAGAAT', 'ATPPRT', 'HISTD', 'DHDPS', 'G1PACT', 'GF6PTA', 'IGPDH', 'PRATPP', 'PRMICI', 'GLUPRT', 'SERAT', 'CYSS', 'NADS1', 'BPNT', 'PAPSR', 'ASPK', 'ASAD', 'DAPDC', 'OCBT', 'GARFT', 'PHETA1', 'PPND', 'METAT', 'PRAMPC', 'TMPK', 'ACOTA', 'PDX5PS', 'PPBNGS', 'SULR', 'CBMKr', 'PPNCL2', 'PRAGSr', 'PRFGS', 'NNATr', 'PSERT', 'AIRC2', 'GAPD', 'MOAT2', 'ARGSL', 'GLU5K', 'IPPS', 'EX_mg2_e', 'MOHMT', 'AHCYSNS', 'GMPS', 'CHRPL', 'PMPK', 'ACACT7r', 'PSP_L', 'ACACT2r', 'ADSK', 'ACACT3r', 'ACACT4r', 'HSDy', 'CYSTL', 'SHSL1', 'EX_ca2_e', 'Kt2pp', 'Htex', 'H2Otex', 'GTPCI', 'TKT2', 'UDCPDP', 'ATPS4rpp', 'CYTK1', 'CO2tpp', 'GK1', 'HACD1', 'Ktex', 'HACD2', 'ECOAH5', 'DHFS', 'EX_ni2_e', 'PItex', 'METS', 'EX_cu2_e', 'ACACT5r', 'PRASCSi', 'FE2tex', 'DHPS2', 'MTHFC', 'MTHFD', 'QULNS', 'EX_cobalt2_e', 'ACACT6r', 'FORtppi', 'SO4tex', 'FACOAE160', 'NH4tpp', 'MOBDabcpp', 'MOBDtex', 'NI2tex', 'DNTPPA', 'NH4tex', 'MG2tex', 'Zn2tex', 'H2Otpp', 'CO2tex', 'ACGK', 'COBALT2tex', 'HMBS', 'MEPCT', 'GLUDy', 'EX_h2o_e', 'HSTPT', 'THDPS', 'THRD_L', 'DHFR', 'PRAIi', 'HACD3', 'TYRTA', 'SHKK', 'EX_mobd_e', 'EX_so4_e', 'OMCDC', 'E4PD', 'IG3PS', 'PDH', 'MTHFR2', 'EX_nh4_e', 'DPR', 'GLNS', 'EX_k_e', 'ACACT1r', 'ACGS', 'CU2tex', 'ALAALAr', 'CLtex', 'ADNK1', 'MNtex', 'SHCHF', 'PRAIS', 'AACPS7', 'PANTS', 'ECOAH7', 'HISTP', 'UPP3MT', 'DHQS', 'DASYN160', 'DASYN161', 'PGCD', 'FACOAE161', 'ADSL1r', 'AICART', 'EX_cl_e', 'FORtex', 'PPPGO3', 'PDX5PO2', 'PGM', 'TPI', 'MPTG', 'RPI', 'MCTP1App', 'PERD', '5DOAN', 'DM_5drib_c', 'K2L4Aabcpp', 'FACOAE120', 'SO4t2pp', 'AMPMS2', 'PSSA161', 'PSD160', 'PSD161', 'ACONTb', 'CA2tex', 'G3PAT160', 'G3PAT161', 'AGPAT160', '3OAS140', '3OAR140', 'PE160abcpp', 'PE161abcpp', 'ACONTa', 'PSSA160', 'AGPAT161', 'ZN2tpp', 'NI2tpp', 'ACOAD7f', 'ACOAD5f', 'ACOAD3f', 'ACOAD2f', 'ACOAD4f', 'ACOAD6f', 'OPHHX3', 'COBALT2tpp', 'DALAt2pp', 'FE2tpp', 'MN2tpp', 'CLt3_2pp', 'POR5', 'CU2tpp', 'MG2t3_2pp', 'CTECOAI7', 'K2L4Aabctex', 'ICYSDS', 'MECDPDH5', 'RNTR1c2', 'RNTR2c2', 'I4FE4SR', 'RNTR3c2', 'I2FE2SS', 'I2FE2ST', 'I2FE2SS2', 'I4FE4ST', 'DM_4crsol_c', 'ACOAD1fr', 'AI2K', 'DHNPA2r', 'PIt2rpp', 'PAI2I', '4HTHRA', 'TYRL', 'THZPSN3', 'PAI2T', '4HTHRK', 'BIOMASS_Ec_iML1515_core_75p37M']",O2tex,CPPPGO2,715.2319827391726,1,429,374,-281.0,-219.42811230904346,iML1515,PSL,False,False,0.0,0.0,0.0,0.0
110,"['ECOAH1', 'ECOAH2', 'ECOAH3', 'MACPD', 'ACOATA', 'ACACT2r', 'ACACT3r', 'HACD1', 'HACD2', 'HACD3', 'ACACT1r', 'KAS15', 'FACOAE80', '3HAD80', 'FADRx2', '3HAD40', '3OAS60', '3OAR60', '3OAR80', '3OAS80', '3OAR40', '3HAD60', 'EAR40x', 'EAR60x', 'EAR80x', 'ACOAD3f', 'ACOAD2f', 'FA80ACPHi', 'ACOAD1fr']","[-0.2965004077419999, -0.2965004077419999, -0.2965004077419999, -0.8895012232272168, 0.8895012232272168, -0.2965004077419999, -0.2965004077419999, -0.2965004077419999, -0.2965004077419999, -0.2965004077419999, -0.2965004077419999, 0.2965004077419465, -0.2965004077419999, 0.2965004077419465, -0.8895012232259998, 0.2965004077419465, 0.2965004077419465, 0.2965004077419465, 0.2965004077419465, 0.2965004077419465, 0.2965004077419465, 0.2965004077419465, 0.2965004077419465, 0.2965004077419465, 0.2965004077419465, 0.2965004077419999, 0.2965004077419999, 0.29650040774163544, -0.2965004077419999]","[0.2965004077419999, 0.2965004077419999, 0.2965004077419999, 0.8895012232272168, 0.8895012232272168, 0.2965004077419999, 0.2965004077419999, 0.2965004077419999, 0.2965004077419999, 0.2965004077419999, 0.2965004077419999, 0.2965004077419465, 0.2965004077419999, 0.2965004077419465, 0.8895012232259998, 0.2965004077419465, 0.2965004077419465, 0.2965004077419465, 0.2965004077419465, 0.2965004077419465, 0.2965004077419465, 0.2965004077419465, 0.2965004077419465, 0.2965004077419465, 0.2965004077419465, 0.2965004077419999, 0.2965004077419999, 0.29650040774163544, 0.2965004077419999]","['KAS15', '3HAD80', '3HAD40', '3OAS60', '3OAR60', '3OAR80', '3OAS80', '3OAR40', '3HAD60', 'EAR40x', 'EAR60x', 'EAR80x', 'FA80ACPHi']","['ECOAH1', 'ECOAH2', 'ECOAH3', 'MACPD', 'ACOATA', 'ACACT2r', 'ACACT3r', 'HACD1', 'HACD2', 'HACD3', 'ACACT1r', 'FACOAE80', 'FADRx2', 'ACOAD3f', 'ACOAD2f', 'ACOAD1fr']",[],HACD2,3HAD80,10.377514270969812,1,29,0,-3.0,-0.2965004077409946,iML1515,PSL,True,False,-9.78604669763502,0.0,0.0,0.0
111,"['ECOAH1', 'ECOAH2', 'ECOAH3', 'MACPD', 'ACOATA', 'ACACT2r', 'ACACT3r', 'HACD1', 'HACD2', 'HACD3', 'ACACT1r', 'KAS15', 'FACOAE80', '3HAD80', 'FADRx2', '3HAD40', '3OAS60', '3OAR60', '3OAR80', '3OAS80', '3OAR40', '3HAD60', 'EAR40x', 'EAR60x', 'EAR80x', 'ACOAD3f', 'ACOAD2f', 'FA80ACPHi', 'ACOAD1fr']","[-0.2965004077419999, -0.2965004077419999, -0.2965004077419999, -0.8895012232272168, 0.8895012232272168, -0.2965004077419999, -0.2965004077419999, -0.2965004077419999, -0.2965004077419999, -0.2965004077419999, -0.2965004077419999, 0.2965004077419465, -0.2965004077419999, 0.2965004077419465, -0.8895012232259998, 0.2965004077419465, 0.2965004077419465, 0.2965004077419465, 0.2965004077419465, 0.2965004077419465, 0.2965004077419465, 0.2965004077419465, 0.2965004077419465, 0.2965004077419465, 0.2965004077419465, 0.2965004077419999, 0.2965004077419999, 0.29650040774163544, -0.2965004077419999]","[0.2965004077419999, 0.2965004077419999, 0.2965004077419999, 0.8895012232272168, 0.8895012232272168, 0.2965004077419999, 0.2965004077419999, 0.2965004077419999, 0.2965004077419999, 0.2965004077419999, 0.2965004077419999, 0.2965004077419465, 0.2965004077419999, 0.2965004077419465, 0.8895012232259998, 0.2965004077419465, 0.2965004077419465, 0.2965004077419465, 0.2965004077419465, 0.2965004077419465, 0.2965004077419465, 0.2965004077419465, 0.2965004077419465, 0.2965004077419465, 0.2965004077419465, 0.2965004077419999, 0.2965004077419999, 0.29650040774163544, 0.2965004077419999]","['KAS15', '3HAD80', '3HAD40', '3OAS60', '3OAR60', '3OAR80', '3OAS80', '3OAR40', '3HAD60', 'EAR40x', 'EAR60x', 'EAR80x', 'FA80ACPHi']","['ECOAH1', 'ECOAH2', 'ECOAH3', 'MACPD', 'ACOATA', 'ACACT2r', 'ACACT3r', 'HACD1', 'HACD2', 'HACD3', 'ACACT1r', 'FACOAE80', 'FADRx2', 'ACOAD3f', 'ACOAD2f', 'ACOAD1fr']",[],HACD2,3HAD40,10.377514270969812,1,29,0,-3.0,-0.2965004077409946,iML1515,PSL,True,False,-9.78604669763502,0.0,0.0,0.0
112,"['ECOAH1', 'ECOAH2', 'ECOAH3', 'MACPD', 'ACOATA', 'ACACT2r', 'ACACT3r', 'HACD1', 'HACD2', 'HACD3', 'ACACT1r', 'KAS15', 'FACOAE80', '3HAD80', 'FADRx2', '3HAD40', '3OAS60', '3OAR60', '3OAR80', '3OAS80', '3OAR40', '3HAD60', 'EAR40x', 'EAR60x', 'EAR80x', 'ACOAD3f', 'ACOAD2f', 'FA80ACPHi', 'ACOAD1fr']","[-0.2965004077419999, -0.2965004077419999, -0.2965004077419999, -0.8895012232272168, 0.8895012232272168, -0.2965004077419999, -0.2965004077419999, -0.2965004077419999, -0.2965004077419999, -0.2965004077419999, -0.2965004077419999, 0.2965004077419465, -0.2965004077419999, 0.2965004077419465, -0.8895012232259998, 0.2965004077419465, 0.2965004077419465, 0.2965004077419465, 0.2965004077419465, 0.2965004077419465, 0.2965004077419465, 0.2965004077419465, 0.2965004077419465, 0.2965004077419465, 0.2965004077419465, 0.2965004077419999, 0.2965004077419999, 0.29650040774163544, -0.2965004077419999]","[0.2965004077419999, 0.2965004077419999, 0.2965004077419999, 0.8895012232272168, 0.8895012232272168, 0.2965004077419999, 0.2965004077419999, 0.2965004077419999, 0.2965004077419999, 0.2965004077419999, 0.2965004077419999, 0.2965004077419465, 0.2965004077419999, 0.2965004077419465, 0.8895012232259998, 0.2965004077419465, 0.2965004077419465, 0.2965004077419465, 0.2965004077419465, 0.2965004077419465, 0.2965004077419465, 0.2965004077419465, 0.2965004077419465, 0.2965004077419465, 0.2965004077419465, 0.2965004077419999, 0.2965004077419999, 0.29650040774163544, 0.2965004077419999]","['KAS15', '3HAD80', '3HAD40', '3OAS60', '3OAR60', '3OAR80', '3OAS80', '3OAR40', '3HAD60', 'EAR40x', 'EAR60x', 'EAR80x', 'FA80ACPHi']","['ECOAH1', 'ECOAH2', 'ECOAH3', 'MACPD', 'ACOATA', 'ACACT2r', 'ACACT3r', 'HACD1', 'HACD2', 'HACD3', 'ACACT1r', 'FACOAE80', 'FADRx2', 'ACOAD3f', 'ACOAD2f', 'ACOAD1fr']",[],HACD2,3OAS60,10.377514270969812,1,29,0,-3.0,-0.2965004077409946,iML1515,PSL,True,False,-9.78604669763502,0.0,0.0,0.0
113,"['ECOAH1', 'ECOAH2', 'ECOAH3', 'MACPD', 'ACOATA', 'ACACT2r', 'ACACT3r', 'HACD1', 'HACD2', 'HACD3', 'ACACT1r', 'KAS15', 'FACOAE80', '3HAD80', 'FADRx2', '3HAD40', '3OAS60', '3OAR60', '3OAR80', '3OAS80', '3OAR40', '3HAD60', 'EAR40x', 'EAR60x', 'EAR80x', 'ACOAD3f', 'ACOAD2f', 'FA80ACPHi', 'ACOAD1fr']","[-0.2965004077419999, -0.2965004077419999, -0.2965004077419999, -0.8895012232272168, 0.8895012232272168, -0.2965004077419999, -0.2965004077419999, -0.2965004077419999, -0.2965004077419999, -0.2965004077419999, -0.2965004077419999, 0.2965004077419465, -0.2965004077419999, 0.2965004077419465, -0.8895012232259998, 0.2965004077419465, 0.2965004077419465, 0.2965004077419465, 0.2965004077419465, 0.2965004077419465, 0.2965004077419465, 0.2965004077419465, 0.2965004077419465, 0.2965004077419465, 0.2965004077419465, 0.2965004077419999, 0.2965004077419999, 0.29650040774163544, -0.2965004077419999]","[0.2965004077419999, 0.2965004077419999, 0.2965004077419999, 0.8895012232272168, 0.8895012232272168, 0.2965004077419999, 0.2965004077419999, 0.2965004077419999, 0.2965004077419999, 0.2965004077419999, 0.2965004077419999, 0.2965004077419465, 0.2965004077419999, 0.2965004077419465, 0.8895012232259998, 0.2965004077419465, 0.2965004077419465, 0.2965004077419465, 0.2965004077419465, 0.2965004077419465, 0.2965004077419465, 0.2965004077419465, 0.2965004077419465, 0.2965004077419465, 0.2965004077419465, 0.2965004077419999, 0.2965004077419999, 0.29650040774163544, 0.2965004077419999]","['KAS15', '3HAD80', '3HAD40', '3OAS60', '3OAR60', '3OAR80', '3OAS80', '3OAR40', '3HAD60', 'EAR40x', 'EAR60x', 'EAR80x', 'FA80ACPHi']","['ECOAH1', 'ECOAH2', 'ECOAH3', 'MACPD', 'ACOATA', 'ACACT2r', 'ACACT3r', 'HACD1', 'HACD2', 'HACD3', 'ACACT1r', 'FACOAE80', 'FADRx2', 'ACOAD3f', 'ACOAD2f', 'ACOAD1fr']",[],HACD2,3OAR60,10.377514270969812,1,29,0,-3.0,-0.2965004077409946,iML1515,PSL,True,False,-9.78604669763502,0.0,0.0,0.0
114,"['ECOAH1', 'ECOAH2', 'ECOAH3', 'MACPD', 'ACOATA', 'ACACT2r', 'ACACT3r', 'HACD1', 'HACD2', 'HACD3', 'ACACT1r', 'KAS15', 'FACOAE80', '3HAD80', 'FADRx2', '3HAD40', '3OAS60', '3OAR60', '3OAR80', '3OAS80', '3OAR40', '3HAD60', 'EAR40x', 'EAR60x', 'EAR80x', 'ACOAD3f', 'ACOAD2f', 'FA80ACPHi', 'ACOAD1fr']","[-0.2965004077419999, -0.2965004077419999, -0.2965004077419999, -0.8895012232272168, 0.8895012232272168, -0.2965004077419999, -0.2965004077419999, -0.2965004077419999, -0.2965004077419999, -0.2965004077419999, -0.2965004077419999, 0.2965004077419465, -0.2965004077419999, 0.2965004077419465, -0.8895012232259998, 0.2965004077419465, 0.2965004077419465, 0.2965004077419465, 0.2965004077419465, 0.2965004077419465, 0.2965004077419465, 0.2965004077419465, 0.2965004077419465, 0.2965004077419465, 0.2965004077419465, 0.2965004077419999, 0.2965004077419999, 0.29650040774163544, -0.2965004077419999]","[0.2965004077419999, 0.2965004077419999, 0.2965004077419999, 0.8895012232272168, 0.8895012232272168, 0.2965004077419999, 0.2965004077419999, 0.2965004077419999, 0.2965004077419999, 0.2965004077419999, 0.2965004077419999, 0.2965004077419465, 0.2965004077419999, 0.2965004077419465, 0.8895012232259998, 0.2965004077419465, 0.2965004077419465, 0.2965004077419465, 0.2965004077419465, 0.2965004077419465, 0.2965004077419465, 0.2965004077419465, 0.2965004077419465, 0.2965004077419465, 0.2965004077419465, 0.2965004077419999, 0.2965004077419999, 0.29650040774163544, 0.2965004077419999]","['KAS15', '3HAD80', '3HAD40', '3OAS60', '3OAR60', '3OAR80', '3OAS80', '3OAR40', '3HAD60', 'EAR40x', 'EAR60x', 'EAR80x', 'FA80ACPHi']","['ECOAH1', 'ECOAH2', 'ECOAH3', 'MACPD', 'ACOATA', 'ACACT2r', 'ACACT3r', 'HACD1', 'HACD2', 'HACD3', 'ACACT1r', 'FACOAE80', 'FADRx2', 'ACOAD3f', 'ACOAD2f', 'ACOAD1fr']",[],HACD2,3OAR80,10.377514270969812,1,29,0,-3.0,-0.2965004077409946,iML1515,PSL,True,False,-9.78604669763502,0.0,0.0,0.0
115,"['ECOAH1', 'ECOAH2', 'ECOAH3', 'MACPD', 'ACOATA', 'ACACT2r', 'ACACT3r', 'HACD1', 'HACD2', 'HACD3', 'ACACT1r', 'KAS15', 'FACOAE80', '3HAD80', 'FADRx2', '3HAD40', '3OAS60', '3OAR60', '3OAR80', '3OAS80', '3OAR40', '3HAD60', 'EAR40x', 'EAR60x', 'EAR80x', 'ACOAD3f', 'ACOAD2f', 'FA80ACPHi', 'ACOAD1fr']","[-0.2965004077419999, -0.2965004077419999, -0.2965004077419999, -0.8895012232272168, 0.8895012232272168, -0.2965004077419999, -0.2965004077419999, -0.2965004077419999, -0.2965004077419999, -0.2965004077419999, -0.2965004077419999, 0.2965004077419465, -0.2965004077419999, 0.2965004077419465, -0.8895012232259998, 0.2965004077419465, 0.2965004077419465, 0.2965004077419465, 0.2965004077419465, 0.2965004077419465, 0.2965004077419465, 0.2965004077419465, 0.2965004077419465, 0.2965004077419465, 0.2965004077419465, 0.2965004077419999, 0.2965004077419999, 0.29650040774163544, -0.2965004077419999]","[0.2965004077419999, 0.2965004077419999, 0.2965004077419999, 0.8895012232272168, 0.8895012232272168, 0.2965004077419999, 0.2965004077419999, 0.2965004077419999, 0.2965004077419999, 0.2965004077419999, 0.2965004077419999, 0.2965004077419465, 0.2965004077419999, 0.2965004077419465, 0.8895012232259998, 0.2965004077419465, 0.2965004077419465, 0.2965004077419465, 0.2965004077419465, 0.2965004077419465, 0.2965004077419465, 0.2965004077419465, 0.2965004077419465, 0.2965004077419465, 0.2965004077419465, 0.2965004077419999, 0.2965004077419999, 0.29650040774163544, 0.2965004077419999]","['KAS15', '3HAD80', '3HAD40', '3OAS60', '3OAR60', '3OAR80', '3OAS80', '3OAR40', '3HAD60', 'EAR40x', 'EAR60x', 'EAR80x', 'FA80ACPHi']","['ECOAH1', 'ECOAH2', 'ECOAH3', 'MACPD', 'ACOATA', 'ACACT2r', 'ACACT3r', 'HACD1', 'HACD2', 'HACD3', 'ACACT1r', 'FACOAE80', 'FADRx2', 'ACOAD3f', 'ACOAD2f', 'ACOAD1fr']",[],HACD2,3OAS80,10.377514270969812,1,29,0,-3.0,-0.2965004077409946,iML1515,PSL,True,False,-9.78604669763502,0.0,0.0,0.0
116,"['ECOAH4', 'ECOAH1', 'ECOAH2', 'ECOAH3', 'MACPD', 'HACD4', 'ACOATA', 'ACACT2r', 'ACACT3r', 'ACACT4r', 'HACD1', 'HACD2', 'HACD3', 'ACACT1r', 'KAS15', 'FACOAE100', '3HAD80', 'FADRx2', '3HAD40', '3OAS60', '3OAR60', '3OAR80', 'EAR100x', '3OAS80', '3OAS100', '3OAR40', '3OAR100', '3HAD60', '3HAD100', 'EAR40x', 'EAR60x', 'EAR80x', 'ACOAD3f', 'ACOAD2f', 'ACOAD4f', 'FA100ACPHi']","[-0.296500407742005, -0.2965004077419735, -0.296500407742005, -0.296500407742005, -1.1860016309680042, -0.296500407742005, 1.1860016309680042, -0.296500407742005, -0.296500407742005, -0.296500407742005, -0.296500407742005, -0.296500407742005, -0.296500407742005, -0.296500407742005, 0.2965004077419967, -0.296500407742005, 0.296500407742005, -1.186001630967898, 0.2965004077419967, 0.2965004077419967, 0.2965004077419967, 0.296500407742005, 0.296500407742005, 0.296500407742005, 0.296500407742005, 0.2965004077419967, 0.296500407742005, 0.2965004077419967, 0.296500407742005, 0.2965004077419967, 0.296500407742005, 0.296500407742005, 0.296500407742005, 0.296500407742005, 0.296500407742005, 0.296500407742005]","[0.296500407742005, 0.2965004077419735, 0.296500407742005, 0.296500407742005, 1.1860016309680042, 0.296500407742005, 1.1860016309680042, 0.296500407742005, 0.296500407742005, 0.296500407742005, 0.296500407742005, 0.296500407742005, 0.296500407742005, 0.296500407742005, 0.2965004077419967, 0.296500407742005, 0.296500407742005, 1.186001630967898, 0.2965004077419967, 0.2965004077419967, 0.2965004077419967, 0.296500407742005, 0.296500407742005, 0.296500407742005, 0.296500407742005, 0.2965004077419967, 0.296500407742005, 0.2965004077419967, 0.296500407742005, 0.2965004077419967, 0.296500407742005, 0.296500407742005, 0.296500407742005, 0.296500407742005, 0.296500407742005, 0.296500407742005]","['KAS15', '3HAD80', '3HAD40', '3OAS60', '3OAR60', '3OAR80', 'EAR100x', '3OAS80', '3OAS100', '3OAR40', '3OAR100', '3HAD60', '3HAD100', 'EAR40x', 'EAR60x', 'EAR80x', 'FA100ACPHi']","['ECOAH4', 'ECOAH1', 'ECOAH2', 'ECOAH3', 'MACPD', 'HACD4', 'ACOATA', 'ACACT2r', 'ACACT3r', 'ACACT4r', 'HACD1', 'HACD2', 'HACD3', 'ACACT1r', 'FACOAE100', 'FADRx2', 'ACOAD3f', 'ACOAD2f', 'ACOAD4f']",[],HACD2,3OAS100,13.639018756130765,1,36,0,-6.0,-0.8895012232261101,iML1515,PSL,True,False,-9.78604669763502,0.0,0.0,0.0
117,"['ECOAH1', 'ECOAH2', 'ECOAH3', 'MACPD', 'ACOATA', 'ACACT2r', 'ACACT3r', 'HACD1', 'HACD2', 'HACD3', 'ACACT1r', 'KAS15', 'FACOAE80', '3HAD80', 'FADRx2', '3HAD40', '3OAS60', '3OAR60', '3OAR80', '3OAS80', '3OAR40', '3HAD60', 'EAR40x', 'EAR60x', 'EAR80x', 'ACOAD3f', 'ACOAD2f', 'FA80ACPHi', 'ACOAD1fr']","[-0.2965004077419999, -0.2965004077419999, -0.2965004077419999, -0.8895012232272168, 0.8895012232272168, -0.2965004077419999, -0.2965004077419999, -0.2965004077419999, -0.2965004077419999, -0.2965004077419999, -0.2965004077419999, 0.2965004077419465, -0.2965004077419999, 0.2965004077419465, -0.8895012232259998, 0.2965004077419465, 0.2965004077419465, 0.2965004077419465, 0.2965004077419465, 0.2965004077419465, 0.2965004077419465, 0.2965004077419465, 0.2965004077419465, 0.2965004077419465, 0.2965004077419465, 0.2965004077419999, 0.2965004077419999, 0.29650040774163544, -0.2965004077419999]","[0.2965004077419999, 0.2965004077419999, 0.2965004077419999, 0.8895012232272168, 0.8895012232272168, 0.2965004077419999, 0.2965004077419999, 0.2965004077419999, 0.2965004077419999, 0.2965004077419999, 0.2965004077419999, 0.2965004077419465, 0.2965004077419999, 0.2965004077419465, 0.8895012232259998, 0.2965004077419465, 0.2965004077419465, 0.2965004077419465, 0.2965004077419465, 0.2965004077419465, 0.2965004077419465, 0.2965004077419465, 0.2965004077419465, 0.2965004077419465, 0.2965004077419465, 0.2965004077419999, 0.2965004077419999, 0.29650040774163544, 0.2965004077419999]","['KAS15', '3HAD80', '3HAD40', '3OAS60', '3OAR60', '3OAR80', '3OAS80', '3OAR40', '3HAD60', 'EAR40x', 'EAR60x', 'EAR80x', 'FA80ACPHi']","['ECOAH1', 'ECOAH2', 'ECOAH3', 'MACPD', 'ACOATA', 'ACACT2r', 'ACACT3r', 'HACD1', 'HACD2', 'HACD3', 'ACACT1r', 'FACOAE80', 'FADRx2', 'ACOAD3f', 'ACOAD2f', 'ACOAD1fr']",[],HACD2,3OAR40,10.377514270969812,1,29,0,-3.0,-0.2965004077409946,iML1515,PSL,True,False,-9.78604669763502,0.0,0.0,0.0001955703788172
118,"['ECOAH4', 'ECOAH1', 'ECOAH2', 'ECOAH3', 'MACPD', 'HACD4', 'ACOATA', 'ACACT2r', 'ACACT3r', 'ACACT4r', 'HACD1', 'HACD2', 'HACD3', 'ACACT1r', 'KAS15', 'FACOAE100', '3HAD80', 'FADRx2', '3HAD40', '3OAS60', '3OAR60', '3OAR80', 'EAR100x', '3OAS80', '3OAS100', '3OAR40', '3OAR100', '3HAD60', '3HAD100', 'EAR40x', 'EAR60x', 'EAR80x', 'ACOAD3f', 'ACOAD2f', 'ACOAD4f', 'FA100ACPHi']","[-0.296500407742005, -0.2965004077419735, -0.296500407742005, -0.296500407742005, -1.1860016309680042, -0.296500407742005, 1.1860016309680042, -0.296500407742005, -0.296500407742005, -0.296500407742005, -0.296500407742005, -0.296500407742005, -0.296500407742005, -0.296500407742005, 0.2965004077419967, -0.296500407742005, 0.296500407742005, -1.186001630967898, 0.2965004077419967, 0.2965004077419967, 0.2965004077419967, 0.296500407742005, 0.296500407742005, 0.296500407742005, 0.296500407742005, 0.2965004077419967, 0.296500407742005, 0.2965004077419967, 0.296500407742005, 0.2965004077419967, 0.296500407742005, 0.296500407742005, 0.296500407742005, 0.296500407742005, 0.296500407742005, 0.296500407742005]","[0.296500407742005, 0.2965004077419735, 0.296500407742005, 0.296500407742005, 1.1860016309680042, 0.296500407742005, 1.1860016309680042, 0.296500407742005, 0.296500407742005, 0.296500407742005, 0.296500407742005, 0.296500407742005, 0.296500407742005, 0.296500407742005, 0.2965004077419967, 0.296500407742005, 0.296500407742005, 1.186001630967898, 0.2965004077419967, 0.2965004077419967, 0.2965004077419967, 0.296500407742005, 0.296500407742005, 0.296500407742005, 0.296500407742005, 0.2965004077419967, 0.296500407742005, 0.2965004077419967, 0.296500407742005, 0.2965004077419967, 0.296500407742005, 0.296500407742005, 0.296500407742005, 0.296500407742005, 0.296500407742005, 0.296500407742005]","['KAS15', '3HAD80', '3HAD40', '3OAS60', '3OAR60', '3OAR80', 'EAR100x', '3OAS80', '3OAS100', '3OAR40', '3OAR100', '3HAD60', '3HAD100', 'EAR40x', 'EAR60x', 'EAR80x', 'FA100ACPHi']","['ECOAH4', 'ECOAH1', 'ECOAH2', 'ECOAH3', 'MACPD', 'HACD4', 'ACOATA', 'ACACT2r', 'ACACT3r', 'ACACT4r', 'HACD1', 'HACD2', 'HACD3', 'ACACT1r', 'FACOAE100', 'FADRx2', 'ACOAD3f', 'ACOAD2f', 'ACOAD4f']",[],HACD2,3OAR100,13.639018756130765,1,36,0,-6.0,-0.8895012232261101,iML1515,PSL,True,False,-9.78604669763502,0.0,0.0,6.25686752569637
119,"['ECOAH1', 'ECOAH2', 'ECOAH3', 'MACPD', 'ACOATA', 'ACACT2r', 'ACACT3r', 'HACD1', 'HACD2', 'HACD3', 'ACACT1r', 'KAS15', 'FACOAE80', '3HAD80', 'FADRx2', '3HAD40', '3OAS60', '3OAR60', '3OAR80', '3OAS80', '3OAR40', '3HAD60', 'EAR40x', 'EAR60x', 'EAR80x', 'ACOAD3f', 'ACOAD2f', 'FA80ACPHi', 'ACOAD1fr']","[-0.2965004077419999, -0.2965004077419999, -0.2965004077419999, -0.8895012232272168, 0.8895012232272168, -0.2965004077419999, -0.2965004077419999, -0.2965004077419999, -0.2965004077419999, -0.2965004077419999, -0.2965004077419999, 0.2965004077419465, -0.2965004077419999, 0.2965004077419465, -0.8895012232259998, 0.2965004077419465, 0.2965004077419465, 0.2965004077419465, 0.2965004077419465, 0.2965004077419465, 0.2965004077419465, 0.2965004077419465, 0.2965004077419465, 0.2965004077419465, 0.2965004077419465, 0.2965004077419999, 0.2965004077419999, 0.29650040774163544, -0.2965004077419999]","[0.2965004077419999, 0.2965004077419999, 0.2965004077419999, 0.8895012232272168, 0.8895012232272168, 0.2965004077419999, 0.2965004077419999, 0.2965004077419999, 0.2965004077419999, 0.2965004077419999, 0.2965004077419999, 0.2965004077419465, 0.2965004077419999, 0.2965004077419465, 0.8895012232259998, 0.2965004077419465, 0.2965004077419465, 0.2965004077419465, 0.2965004077419465, 0.2965004077419465, 0.2965004077419465, 0.2965004077419465, 0.2965004077419465, 0.2965004077419465, 0.2965004077419465, 0.2965004077419999, 0.2965004077419999, 0.29650040774163544, 0.2965004077419999]","['KAS15', '3HAD80', '3HAD40', '3OAS60', '3OAR60', '3OAR80', '3OAS80', '3OAR40', '3HAD60', 'EAR40x', 'EAR60x', 'EAR80x', 'FA80ACPHi']","['ECOAH1', 'ECOAH2', 'ECOAH3', 'MACPD', 'ACOATA', 'ACACT2r', 'ACACT3r', 'HACD1', 'HACD2', 'HACD3', 'ACACT1r', 'FACOAE80', 'FADRx2', 'ACOAD3f', 'ACOAD2f', 'ACOAD1fr']",[],HACD2,3HAD60,10.377514270969812,1,29,0,-3.0,-0.2965004077409946,iML1515,PSL,True,False,-9.78604669763502,0.0,0.0,0.0001955703788172
120,"['ECOAH4', 'ECOAH1', 'ECOAH2', 'ECOAH3', 'MACPD', 'HACD4', 'ACOATA', 'ACACT2r', 'ACACT3r', 'ACACT4r', 'HACD1', 'HACD2', 'HACD3', 'ACACT1r', 'KAS15', 'FACOAE100', '3HAD80', 'FADRx2', '3HAD40', '3OAS60', '3OAR60', '3OAR80', 'EAR100x', '3OAS80', '3OAS100', '3OAR40', '3OAR100', '3HAD60', '3HAD100', 'EAR40x', 'EAR60x', 'EAR80x', 'ACOAD3f', 'ACOAD2f', 'ACOAD4f', 'FA100ACPHi']","[-0.296500407742005, -0.2965004077419735, -0.296500407742005, -0.296500407742005, -1.1860016309680042, -0.296500407742005, 1.1860016309680042, -0.296500407742005, -0.296500407742005, -0.296500407742005, -0.296500407742005, -0.296500407742005, -0.296500407742005, -0.296500407742005, 0.2965004077419967, -0.296500407742005, 0.296500407742005, -1.186001630967898, 0.2965004077419967, 0.2965004077419967, 0.2965004077419967, 0.296500407742005, 0.296500407742005, 0.296500407742005, 0.296500407742005, 0.2965004077419967, 0.296500407742005, 0.2965004077419967, 0.296500407742005, 0.2965004077419967, 0.296500407742005, 0.296500407742005, 0.296500407742005, 0.296500407742005, 0.296500407742005, 0.296500407742005]","[0.296500407742005, 0.2965004077419735, 0.296500407742005, 0.296500407742005, 1.1860016309680042, 0.296500407742005, 1.1860016309680042, 0.296500407742005, 0.296500407742005, 0.296500407742005, 0.296500407742005, 0.296500407742005, 0.296500407742005, 0.296500407742005, 0.2965004077419967, 0.296500407742005, 0.296500407742005, 1.186001630967898, 0.2965004077419967, 0.2965004077419967, 0.2965004077419967, 0.296500407742005, 0.296500407742005, 0.296500407742005, 0.296500407742005, 0.2965004077419967, 0.296500407742005, 0.2965004077419967, 0.296500407742005, 0.2965004077419967, 0.296500407742005, 0.296500407742005, 0.296500407742005, 0.296500407742005, 0.296500407742005, 0.296500407742005]","['KAS15', '3HAD80', '3HAD40', '3OAS60', '3OAR60', '3OAR80', 'EAR100x', '3OAS80', '3OAS100', '3OAR40', '3OAR100', '3HAD60', '3HAD100', 'EAR40x', 'EAR60x', 'EAR80x', 'FA100ACPHi']","['ECOAH4', 'ECOAH1', 'ECOAH2', 'ECOAH3', 'MACPD', 'HACD4', 'ACOATA', 'ACACT2r', 'ACACT3r', 'ACACT4r', 'HACD1', 'HACD2', 'HACD3', 'ACACT1r', 'FACOAE100', 'FADRx2', 'ACOAD3f', 'ACOAD2f', 'ACOAD4f']",[],HACD2,3HAD100,13.639018756130765,1,36,0,-6.0,-0.8895012232261101,iML1515,PSL,True,False,-9.78604669763502,0.0,0.0,0.0
121,"['GLCtex_copy1', 'GLCtex_copy2']","[-9.514289410296788, 9.514289410296788]","[9.514289410296788, 9.514289410296788]",['GLCtex_copy1'],['GLCtex_copy2'],[],GLCtex_copy1,GLCtex_copy2,19.02857882059311,1,2,0,0.0,0.0,iML1515,PSL,False,True,0.0,-999.224769059855,0.0,0.0
122,"['MACPD', 'HACD7', 'AACPS1', 'AACPS3', 'ACOATA', 'ACACT7r', 'FACOAE160', 'FACOAE140', 'ECOAH7', 'FADRx2', '3OAR160', '3OAS160', 'EAR160x', '3HAD160', 'ACOAD7f']","[-0.10633290446020466, -0.10633290446019997, 0.1063329044601999, -0.10633290445990408, 0.10633290446020466, -0.10633290446019997, -0.10633290446019997, 0.1063329044601999, -0.10633290446019997, -0.1063329044600495, 0.10633290446019511, 0.10633290446019511, 0.10633290446408417, 0.10633290446019511, 0.10633290446019997]","[0.10633290446020466, 0.10633290446019997, 0.1063329044601999, 0.10633290445990408, 0.10633290446020466, 0.10633290446019997, 0.10633290446019997, 0.1063329044601999, 0.10633290446019997, 0.1063329044600495, 0.10633290446019511, 0.10633290446019511, 0.10633290446408417, 0.10633290446019511, 0.10633290446019997]","['3OAR160', '3OAS160', 'EAR160x', '3HAD160']","['MACPD', 'HACD7', 'ACOATA', 'ACACT7r', 'FACOAE160', 'ECOAH7', 'FADRx2', 'ACOAD7f']","['AACPS1', 'AACPS3', 'FACOAE140']",FACOAE160,3OAR160,1.5949935669067836,1,15,3,1.0,0.10633290446451579,iML1515,PSL,False,False,0.0,0.0,0.0,1.50653607134618
123,"['MACPD', 'HACD7', 'AACPS1', 'AACPS3', 'ACOATA', 'ACACT7r', 'FACOAE160', 'FACOAE140', 'ECOAH7', 'FADRx2', '3OAR160', '3OAS160', 'EAR160x', '3HAD160', 'ACOAD7f']","[-0.10633290446019972, -0.10633290446019925, 0.10633290446019927, -0.10633290445987054, 0.10633290446019972, -0.10633290446019925, -0.10633290446019997, 0.10633290446019927, -0.10633290446019925, -0.10633290446018384, 0.10633290446019966, 0.10633290446019966, 0.10633290446019966, 0.10633290446019966, 0.10633290446019997]","[0.10633290446019972, 0.10633290446019925, 0.10633290446019927, 0.10633290445987054, 0.10633290446019972, 0.10633290446019925, 0.10633290446019997, 0.10633290446019927, 0.10633290446019925, 0.10633290446018384, 0.10633290446019966, 0.10633290446019966, 0.10633290446019966, 0.10633290446019966, 0.10633290446019997]","['MACPD', 'ACOATA', 'FACOAE160', 'FADRx2', 'ACOAD7f']","['AACPS1', 'FACOAE140', '3OAR160', '3OAS160', 'EAR160x', '3HAD160']","['HACD7', 'AACPS3', 'ACACT7r', 'ECOAH7']",FACOAE160,3OAS160,1.594993566902978,1,15,4,1.0,0.10633290446054508,iML1515,PSL,False,False,0.0,0.0,0.0,0.0
124,"['MACPD', 'HACD7', 'AACPS1', 'AACPS3', 'ACOATA', 'ACACT7r', 'FACOAE160', 'FACOAE140', 'ECOAH7', 'FADRx2', '3OAR160', '3OAS160', 'EAR160x', '3HAD160', 'ACOAD7f']","[-0.10633290446019972, -0.10633290446019925, 0.10633290446019927, -0.10633290445987054, 0.10633290446019972, -0.10633290446019925, -0.10633290446019997, 0.10633290446019927, -0.10633290446019925, -0.10633290446018384, 0.10633290446019966, 0.10633290446019966, 0.10633290446019966, 0.10633290446019966, 0.10633290446019997]","[0.10633290446019972, 0.10633290446019925, 0.10633290446019927, 0.10633290445987054, 0.10633290446019972, 0.10633290446019925, 0.10633290446019997, 0.10633290446019927, 0.10633290446019925, 0.10633290446018384, 0.10633290446019966, 0.10633290446019966, 0.10633290446019966, 0.10633290446019966, 0.10633290446019997]","['MACPD', 'ACOATA', 'FACOAE160', 'FADRx2', 'ACOAD7f']","['AACPS1', 'FACOAE140', '3OAR160', '3OAS160', 'EAR160x', '3HAD160']","['HACD7', 'AACPS3', 'ACACT7r', 'ECOAH7']",FACOAE160,3HAD160,1.594993566902978,1,15,4,1.0,0.10633290446054508,iML1515,PSL,False,False,0.0,0.0,0.0,0.0
125,"['GLUN', 'GLUDy', 'GLUSy']","[-7.079354643800246, 7.079354643797187, 7.07935464379716]","[7.079354643800246, 7.079354643797187, 7.07935464379716]",['GLUSy'],"['GLUN', 'GLUDy']",[],GLUDy,GLUSy,21.238063931393437,1,3,0,-1.0,-7.0793546437941,iML1515,PSL,True,False,-477.493052279339,0.0,0.0,0.0
126,"['ECOAH1', 'ECOAH2', 'ECOAH3', 'MACPD', 'ACOATA', 'ACACT2r', 'ACACT3r', 'HACD1', 'HACD2', 'HACD3', 'ACACT1r', 'KAS15', 'FACOAE80', '3HAD80', 'FADRx2', '3HAD40', '3OAS60', '3OAR60', '3OAR80', '3OAS80', '3OAR40', '3HAD60', 'EAR40x', 'EAR60x', 'EAR80x', 'ACOAD3f', 'ACOAD2f', 'FA80ACPHi']","[-0.2965004077419735, -0.2965004077419735, -0.2965004077419735, -0.8895012232260575, 0.8895012232260575, -0.2965004077419735, -0.2965004077419735, -0.2965004077419735, -0.2965004077419735, -0.2965004077419735, -0.2965004077419735, 0.296500407742003, -0.2965004077419735, 0.296500407742003, -0.8895012232267667, 0.296500407742003, 0.296500407742003, 0.296500407742003, 0.296500407742003, 0.296500407742003, 0.296500407742003, 0.296500407742003, 0.296500407742003, 0.296500407742003, 0.296500407742003, 0.2965004077419735, 0.2965004077419735, 0.2965004077419735]","[0.2965004077419735, 0.2965004077419735, 0.2965004077419735, 0.8895012232260575, 0.8895012232260575, 0.2965004077419735, 0.2965004077419735, 0.2965004077419735, 0.2965004077419735, 0.2965004077419735, 0.2965004077419735, 0.296500407742003, 0.2965004077419735, 0.296500407742003, 0.8895012232267667, 0.296500407742003, 0.296500407742003, 0.296500407742003, 0.296500407742003, 0.296500407742003, 0.296500407742003, 0.296500407742003, 0.296500407742003, 0.296500407742003, 0.296500407742003, 0.2965004077419735, 0.2965004077419735, 0.2965004077419735]","['KAS15', '3HAD80', '3HAD40', '3OAS60', '3OAR60', '3OAR80', '3OAS80', '3OAR40', '3HAD60', 'EAR40x', 'EAR60x', 'EAR80x', 'FA80ACPHi']","['ECOAH1', 'ECOAH2', 'ECOAH3', 'MACPD', 'ACOATA', 'ACACT2r', 'ACACT3r', 'HACD1', 'HACD2', 'HACD3', 'ACACT1r', 'FACOAE80', 'FADRx2', 'ACOAD3f', 'ACOAD2f']",[],HACD3,3HAD80,10.377514270973725,1,28,0,-4.0,-0.5930008154834547,iML1515,PSL,True,False,-9.78604669763479,0.0,0.0,0.0
127,"['ECOAH1', 'ECOAH2', 'ECOAH3', 'MACPD', 'ACOATA', 'ACACT2r', 'ACACT3r', 'HACD1', 'HACD2', 'HACD3', 'ACACT1r', 'KAS15', 'FACOAE80', '3HAD80', 'FADRx2', '3HAD40', '3OAS60', '3OAR60', '3OAR80', '3OAS80', '3OAR40', '3HAD60', 'EAR40x', 'EAR60x', 'EAR80x', 'ACOAD3f', 'ACOAD2f', 'FA80ACPHi']","[-0.2965004077419735, -0.2965004077419735, -0.2965004077419735, -0.8895012232260575, 0.8895012232260575, -0.2965004077419735, -0.2965004077419735, -0.2965004077419735, -0.2965004077419735, -0.2965004077419735, -0.2965004077419735, 0.296500407742003, -0.2965004077419735, 0.296500407742003, -0.8895012232267667, 0.296500407742003, 0.296500407742003, 0.296500407742003, 0.296500407742003, 0.296500407742003, 0.296500407742003, 0.296500407742003, 0.296500407742003, 0.296500407742003, 0.296500407742003, 0.2965004077419735, 0.2965004077419735, 0.2965004077419735]","[0.2965004077419735, 0.2965004077419735, 0.2965004077419735, 0.8895012232260575, 0.8895012232260575, 0.2965004077419735, 0.2965004077419735, 0.2965004077419735, 0.2965004077419735, 0.2965004077419735, 0.2965004077419735, 0.296500407742003, 0.2965004077419735, 0.296500407742003, 0.8895012232267667, 0.296500407742003, 0.296500407742003, 0.296500407742003, 0.296500407742003, 0.296500407742003, 0.296500407742003, 0.296500407742003, 0.296500407742003, 0.296500407742003, 0.296500407742003, 0.2965004077419735, 0.2965004077419735, 0.2965004077419735]","['KAS15', '3HAD80', '3HAD40', '3OAS60', '3OAR60', '3OAR80', '3OAS80', '3OAR40', '3HAD60', 'EAR40x', 'EAR60x', 'EAR80x', 'FA80ACPHi']","['ECOAH1', 'ECOAH2', 'ECOAH3', 'MACPD', 'ACOATA', 'ACACT2r', 'ACACT3r', 'HACD1', 'HACD2', 'HACD3', 'ACACT1r', 'FACOAE80', 'FADRx2', 'ACOAD3f', 'ACOAD2f']",[],HACD3,3HAD40,10.377514270973725,1,28,0,-4.0,-0.5930008154834547,iML1515,PSL,True,False,-9.78604669763479,0.0,0.0,0.0
128,"['ECOAH1', 'ECOAH2', 'ECOAH3', 'MACPD', 'ACOATA', 'ACACT2r', 'ACACT3r', 'HACD1', 'HACD2', 'HACD3', 'ACACT1r', 'KAS15', 'FACOAE80', '3HAD80', 'FADRx2', '3HAD40', '3OAS60', '3OAR60', '3OAR80', '3OAS80', '3OAR40', '3HAD60', 'EAR40x', 'EAR60x', 'EAR80x', 'ACOAD3f', 'ACOAD2f', 'FA80ACPHi']","[-0.2965004077419735, -0.2965004077419735, -0.2965004077419735, -0.8895012232260575, 0.8895012232260575, -0.2965004077419735, -0.2965004077419735, -0.2965004077419735, -0.2965004077419735, -0.2965004077419735, -0.2965004077419735, 0.296500407742003, -0.2965004077419735, 0.296500407742003, -0.8895012232267667, 0.296500407742003, 0.296500407742003, 0.296500407742003, 0.296500407742003, 0.296500407742003, 0.296500407742003, 0.296500407742003, 0.296500407742003, 0.296500407742003, 0.296500407742003, 0.2965004077419735, 0.2965004077419735, 0.2965004077419735]","[0.2965004077419735, 0.2965004077419735, 0.2965004077419735, 0.8895012232260575, 0.8895012232260575, 0.2965004077419735, 0.2965004077419735, 0.2965004077419735, 0.2965004077419735, 0.2965004077419735, 0.2965004077419735, 0.296500407742003, 0.2965004077419735, 0.296500407742003, 0.8895012232267667, 0.296500407742003, 0.296500407742003, 0.296500407742003, 0.296500407742003, 0.296500407742003, 0.296500407742003, 0.296500407742003, 0.296500407742003, 0.296500407742003, 0.296500407742003, 0.2965004077419735, 0.2965004077419735, 0.2965004077419735]","['KAS15', '3HAD80', '3HAD40', '3OAS60', '3OAR60', '3OAR80', '3OAS80', '3OAR40', '3HAD60', 'EAR40x', 'EAR60x', 'EAR80x', 'FA80ACPHi']","['ECOAH1', 'ECOAH2', 'ECOAH3', 'MACPD', 'ACOATA', 'ACACT2r', 'ACACT3r', 'HACD1', 'HACD2', 'HACD3', 'ACACT1r', 'FACOAE80', 'FADRx2', 'ACOAD3f', 'ACOAD2f']",[],HACD3,3OAS60,10.377514270973725,1,28,0,-4.0,-0.5930008154834547,iML1515,PSL,True,False,-9.78604669763479,0.0,0.0,0.0
129,"['ECOAH1', 'ECOAH2', 'ECOAH3', 'MACPD', 'ACOATA', 'ACACT2r', 'ACACT3r', 'HACD1', 'HACD2', 'HACD3', 'ACACT1r', 'KAS15', 'FACOAE80', '3HAD80', 'FADRx2', '3HAD40', '3OAS60', '3OAR60', '3OAR80', '3OAS80', '3OAR40', '3HAD60', 'EAR40x', 'EAR60x', 'EAR80x', 'ACOAD3f', 'ACOAD2f', 'FA80ACPHi']","[-0.2965004077419735, -0.2965004077419735, -0.2965004077419735, -0.8895012232260575, 0.8895012232260575, -0.2965004077419735, -0.2965004077419735, -0.2965004077419735, -0.2965004077419735, -0.2965004077419735, -0.2965004077419735, 0.296500407742003, -0.2965004077419735, 0.296500407742003, -0.8895012232267667, 0.296500407742003, 0.296500407742003, 0.296500407742003, 0.296500407742003, 0.296500407742003, 0.296500407742003, 0.296500407742003, 0.296500407742003, 0.296500407742003, 0.296500407742003, 0.2965004077419735, 0.2965004077419735, 0.2965004077419735]","[0.2965004077419735, 0.2965004077419735, 0.2965004077419735, 0.8895012232260575, 0.8895012232260575, 0.2965004077419735, 0.2965004077419735, 0.2965004077419735, 0.2965004077419735, 0.2965004077419735, 0.2965004077419735, 0.296500407742003, 0.2965004077419735, 0.296500407742003, 0.8895012232267667, 0.296500407742003, 0.296500407742003, 0.296500407742003, 0.296500407742003, 0.296500407742003, 0.296500407742003, 0.296500407742003, 0.296500407742003, 0.296500407742003, 0.296500407742003, 0.2965004077419735, 0.2965004077419735, 0.2965004077419735]","['KAS15', '3HAD80', '3HAD40', '3OAS60', '3OAR60', '3OAR80', '3OAS80', '3OAR40', '3HAD60', 'EAR40x', 'EAR60x', 'EAR80x', 'FA80ACPHi']","['ECOAH1', 'ECOAH2', 'ECOAH3', 'MACPD', 'ACOATA', 'ACACT2r', 'ACACT3r', 'HACD1', 'HACD2', 'HACD3', 'ACACT1r', 'FACOAE80', 'FADRx2', 'ACOAD3f', 'ACOAD2f']",[],HACD3,3OAR60,10.377514270973725,1,28,0,-4.0,-0.5930008154834547,iML1515,PSL,True,False,-9.78604669763479,0.0,0.0,0.0
130,"['ECOAH1', 'ECOAH2', 'ECOAH3', 'MACPD', 'ACOATA', 'ACACT2r', 'ACACT3r', 'HACD1', 'HACD2', 'HACD3', 'ACACT1r', 'KAS15', 'FACOAE80', '3HAD80', 'FADRx2', '3HAD40', '3OAS60', '3OAR60', '3OAR80', '3OAS80', '3OAR40', '3HAD60', 'EAR40x', 'EAR60x', 'EAR80x', 'ACOAD3f', 'ACOAD2f', 'FA80ACPHi']","[-0.2965004077419735, -0.2965004077419735, -0.2965004077419735, -0.8895012232260575, 0.8895012232260575, -0.2965004077419735, -0.2965004077419735, -0.2965004077419735, -0.2965004077419735, -0.2965004077419735, -0.2965004077419735, 0.296500407742003, -0.2965004077419735, 0.296500407742003, -0.8895012232267667, 0.296500407742003, 0.296500407742003, 0.296500407742003, 0.296500407742003, 0.296500407742003, 0.296500407742003, 0.296500407742003, 0.296500407742003, 0.296500407742003, 0.296500407742003, 0.2965004077419735, 0.2965004077419735, 0.2965004077419735]","[0.2965004077419735, 0.2965004077419735, 0.2965004077419735, 0.8895012232260575, 0.8895012232260575, 0.2965004077419735, 0.2965004077419735, 0.2965004077419735, 0.2965004077419735, 0.2965004077419735, 0.2965004077419735, 0.296500407742003, 0.2965004077419735, 0.296500407742003, 0.8895012232267667, 0.296500407742003, 0.296500407742003, 0.296500407742003, 0.296500407742003, 0.296500407742003, 0.296500407742003, 0.296500407742003, 0.296500407742003, 0.296500407742003, 0.296500407742003, 0.2965004077419735, 0.2965004077419735, 0.2965004077419735]","['KAS15', '3HAD80', '3HAD40', '3OAS60', '3OAR60', '3OAR80', '3OAS80', '3OAR40', '3HAD60', 'EAR40x', 'EAR60x', 'EAR80x', 'FA80ACPHi']","['ECOAH1', 'ECOAH2', 'ECOAH3', 'MACPD', 'ACOATA', 'ACACT2r', 'ACACT3r', 'HACD1', 'HACD2', 'HACD3', 'ACACT1r', 'FACOAE80', 'FADRx2', 'ACOAD3f', 'ACOAD2f']",[],HACD3,3OAR80,10.377514270973725,1,28,0,-4.0,-0.5930008154834547,iML1515,PSL,True,False,-9.78604669763479,0.0,0.0,0.0
131,"['ECOAH1', 'ECOAH2', 'ECOAH3', 'MACPD', 'ACOATA', 'ACACT2r', 'ACACT3r', 'HACD1', 'HACD2', 'HACD3', 'ACACT1r', 'KAS15', 'FACOAE80', '3HAD80', 'FADRx2', '3HAD40', '3OAS60', '3OAR60', '3OAR80', '3OAS80', '3OAR40', '3HAD60', 'EAR40x', 'EAR60x', 'EAR80x', 'ACOAD3f', 'ACOAD2f', 'FA80ACPHi']","[-0.2965004077419735, -0.2965004077419735, -0.2965004077419735, -0.8895012232260575, 0.8895012232260575, -0.2965004077419735, -0.2965004077419735, -0.2965004077419735, -0.2965004077419735, -0.2965004077419735, -0.2965004077419735, 0.296500407742003, -0.2965004077419735, 0.296500407742003, -0.8895012232267667, 0.296500407742003, 0.296500407742003, 0.296500407742003, 0.296500407742003, 0.296500407742003, 0.296500407742003, 0.296500407742003, 0.296500407742003, 0.296500407742003, 0.296500407742003, 0.2965004077419735, 0.2965004077419735, 0.2965004077419735]","[0.2965004077419735, 0.2965004077419735, 0.2965004077419735, 0.8895012232260575, 0.8895012232260575, 0.2965004077419735, 0.2965004077419735, 0.2965004077419735, 0.2965004077419735, 0.2965004077419735, 0.2965004077419735, 0.296500407742003, 0.2965004077419735, 0.296500407742003, 0.8895012232267667, 0.296500407742003, 0.296500407742003, 0.296500407742003, 0.296500407742003, 0.296500407742003, 0.296500407742003, 0.296500407742003, 0.296500407742003, 0.296500407742003, 0.296500407742003, 0.2965004077419735, 0.2965004077419735, 0.2965004077419735]","['KAS15', '3HAD80', '3HAD40', '3OAS60', '3OAR60', '3OAR80', '3OAS80', '3OAR40', '3HAD60', 'EAR40x', 'EAR60x', 'EAR80x', 'FA80ACPHi']","['ECOAH1', 'ECOAH2', 'ECOAH3', 'MACPD', 'ACOATA', 'ACACT2r', 'ACACT3r', 'HACD1', 'HACD2', 'HACD3', 'ACACT1r', 'FACOAE80', 'FADRx2', 'ACOAD3f', 'ACOAD2f']",[],HACD3,3OAS80,10.377514270973725,1,28,0,-4.0,-0.5930008154834547,iML1515,PSL,True,False,-9.78604669763479,0.0,0.0,0.0
132,"['ECOAH4', 'ECOAH1', 'ECOAH2', 'ECOAH3', 'MACPD', 'HACD4', 'ACOATA', 'ACACT2r', 'ACACT3r', 'ACACT4r', 'HACD1', 'HACD2', 'HACD3', 'ACACT1r', 'KAS15', 'FACOAE100', '3HAD80', 'FADRx2', '3HAD40', '3OAS60', '3OAR60', '3OAR80', 'EAR100x', '3OAS80', '3OAS100', '3OAR40', '3OAR100', '3HAD60', '3HAD100', 'EAR40x', 'EAR60x', 'EAR80x', 'ACOAD3f', 'ACOAD2f', 'ACOAD4f', 'FA100ACPHi']","[-0.2965004077411777, -0.2965004077411777, -0.2965004077411777, -0.2965004077411777, -1.186001630971059, -0.2965004077411777, 1.1860016309710772, -0.2965004077411777, -0.2965004077411777, -0.2965004077411777, -0.2965004077411777, -0.2965004077411777, -0.2965004077411777, -0.2965004077411777, 0.2965004077419824, -0.2965004077412131, 0.2965004077419824, -1.1860016309664745, 0.2965004077419824, 0.2965004077419824, 0.2965004077419735, 0.2965004077419735, 0.2965004077419824, 0.2965004077419824, 0.2965004077419824, 0.2965004077419735, 0.2965004077419735, 0.2965004077419824, 0.2965004077419824, 0.2965004077408491, 0.2965004077419824, 0.2965004077419824, 0.2965004077411777, 0.2965004077411777, 0.2965004077411777, 0.2965004077312189]","[0.2965004077411777, 0.2965004077411777, 0.2965004077411777, 0.2965004077411777, 1.186001630971059, 0.2965004077411777, 1.1860016309710772, 0.2965004077411777, 0.2965004077411777, 0.2965004077411777, 0.2965004077411777, 0.2965004077411777, 0.2965004077411777, 0.2965004077411777, 0.2965004077419824, 0.2965004077412131, 0.2965004077419824, 1.1860016309664745, 0.2965004077419824, 0.2965004077419824, 0.2965004077419735, 0.2965004077419735, 0.2965004077419824, 0.2965004077419824, 0.2965004077419824, 0.2965004077419735, 0.2965004077419735, 0.2965004077419824, 0.2965004077419824, 0.2965004077408491, 0.2965004077419824, 0.2965004077419824, 0.2965004077411777, 0.2965004077411777, 0.2965004077411777, 0.2965004077312189]","['KAS15', '3HAD80', '3HAD40', '3OAS60', '3OAR60', '3OAR80', 'EAR100x', '3OAS80', '3OAS100', '3OAR40', '3OAR100', '3HAD60', '3HAD100', 'EAR40x', 'EAR60x', 'EAR80x', 'FA100ACPHi']","['ECOAH4', 'ECOAH1', 'ECOAH2', 'ECOAH3', 'MACPD', 'HACD4', 'ACOATA', 'ACACT2r', 'ACACT3r', 'ACACT4r', 'HACD1', 'HACD2', 'HACD3', 'ACACT1r', 'FACOAE100', 'FADRx2', 'ACOAD3f', 'ACOAD2f', 'ACOAD4f']",[],HACD3,3OAS100,13.63901875612902,1,36,0,-6.0,-0.8895012232234994,iML1515,PSL,True,False,-9.78604669763479,0.0,0.0,0.0
133,"['ECOAH1', 'ECOAH2', 'ECOAH3', 'MACPD', 'ACOATA', 'ACACT2r', 'ACACT3r', 'HACD1', 'HACD2', 'HACD3', 'ACACT1r', 'KAS15', 'FACOAE80', '3HAD80', 'FADRx2', '3HAD40', '3OAS60', '3OAR60', '3OAR80', '3OAS80', '3OAR40', '3HAD60', 'EAR40x', 'EAR60x', 'EAR80x', 'ACOAD3f', 'ACOAD2f', 'FA80ACPHi']","[-0.2965004077419735, -0.2965004077419735, -0.2965004077419735, -0.8895012232260575, 0.8895012232260575, -0.2965004077419735, -0.2965004077419735, -0.2965004077419735, -0.2965004077419735, -0.2965004077419735, -0.2965004077419735, 0.296500407742003, -0.2965004077419735, 0.296500407742003, -0.8895012232267667, 0.296500407742003, 0.296500407742003, 0.296500407742003, 0.296500407742003, 0.296500407742003, 0.296500407742003, 0.296500407742003, 0.296500407742003, 0.296500407742003, 0.296500407742003, 0.2965004077419735, 0.2965004077419735, 0.2965004077419735]","[0.2965004077419735, 0.2965004077419735, 0.2965004077419735, 0.8895012232260575, 0.8895012232260575, 0.2965004077419735, 0.2965004077419735, 0.2965004077419735, 0.2965004077419735, 0.2965004077419735, 0.2965004077419735, 0.296500407742003, 0.2965004077419735, 0.296500407742003, 0.8895012232267667, 0.296500407742003, 0.296500407742003, 0.296500407742003, 0.296500407742003, 0.296500407742003, 0.296500407742003, 0.296500407742003, 0.296500407742003, 0.296500407742003, 0.296500407742003, 0.2965004077419735, 0.2965004077419735, 0.2965004077419735]","['KAS15', '3HAD80', '3HAD40', '3OAS60', '3OAR60', '3OAR80', '3OAS80', '3OAR40', '3HAD60', 'EAR40x', 'EAR60x', 'EAR80x', 'FA80ACPHi']","['ECOAH1', 'ECOAH2', 'ECOAH3', 'MACPD', 'ACOATA', 'ACACT2r', 'ACACT3r', 'HACD1', 'HACD2', 'HACD3', 'ACACT1r', 'FACOAE80', 'FADRx2', 'ACOAD3f', 'ACOAD2f']",[],HACD3,3OAR40,10.377514270973725,1,28,0,-4.0,-0.5930008154834547,iML1515,PSL,True,False,-9.78604669763479,0.0,0.0,0.0001955703788172
134,"['ECOAH4', 'ECOAH1', 'ECOAH2', 'ECOAH3', 'MACPD', 'HACD4', 'ACOATA', 'ACACT2r', 'ACACT3r', 'ACACT4r', 'HACD1', 'HACD2', 'HACD3', 'ACACT1r', 'KAS15', 'FACOAE100', '3HAD80', 'FADRx2', '3HAD40', '3OAS60', '3OAR60', '3OAR80', 'EAR100x', '3OAS80', '3OAS100', '3OAR40', '3OAR100', '3HAD60', '3HAD100', 'EAR40x', 'EAR60x', 'EAR80x', 'ACOAD3f', 'ACOAD2f', 'ACOAD4f', 'FA100ACPHi']","[-0.2965004077411777, -0.2965004077411777, -0.2965004077411777, -0.2965004077411777, -1.186001630971059, -0.2965004077411777, 1.1860016309710772, -0.2965004077411777, -0.2965004077411777, -0.2965004077411777, -0.2965004077411777, -0.2965004077411777, -0.2965004077411777, -0.2965004077411777, 0.2965004077419824, -0.2965004077412131, 0.2965004077419824, -1.1860016309664745, 0.2965004077419824, 0.2965004077419824, 0.2965004077419735, 0.2965004077419735, 0.2965004077419824, 0.2965004077419824, 0.2965004077419824, 0.2965004077419735, 0.2965004077419735, 0.2965004077419824, 0.2965004077419824, 0.2965004077408491, 0.2965004077419824, 0.2965004077419824, 0.2965004077411777, 0.2965004077411777, 0.2965004077411777, 0.2965004077312189]","[0.2965004077411777, 0.2965004077411777, 0.2965004077411777, 0.2965004077411777, 1.186001630971059, 0.2965004077411777, 1.1860016309710772, 0.2965004077411777, 0.2965004077411777, 0.2965004077411777, 0.2965004077411777, 0.2965004077411777, 0.2965004077411777, 0.2965004077411777, 0.2965004077419824, 0.2965004077412131, 0.2965004077419824, 1.1860016309664745, 0.2965004077419824, 0.2965004077419824, 0.2965004077419735, 0.2965004077419735, 0.2965004077419824, 0.2965004077419824, 0.2965004077419824, 0.2965004077419735, 0.2965004077419735, 0.2965004077419824, 0.2965004077419824, 0.2965004077408491, 0.2965004077419824, 0.2965004077419824, 0.2965004077411777, 0.2965004077411777, 0.2965004077411777, 0.2965004077312189]","['KAS15', '3HAD80', '3HAD40', '3OAS60', '3OAR60', '3OAR80', 'EAR100x', '3OAS80', '3OAS100', '3OAR40', '3OAR100', '3HAD60', '3HAD100', 'EAR40x', 'EAR60x', 'EAR80x', 'FA100ACPHi']","['ECOAH4', 'ECOAH1', 'ECOAH2', 'ECOAH3', 'MACPD', 'HACD4', 'ACOATA', 'ACACT2r', 'ACACT3r', 'ACACT4r', 'HACD1', 'HACD2', 'HACD3', 'ACACT1r', 'FACOAE100', 'FADRx2', 'ACOAD3f', 'ACOAD2f', 'ACOAD4f']",[],HACD3,3OAR100,13.63901875612902,1,36,0,-6.0,-0.8895012232234994,iML1515,PSL,True,False,-9.78604669763479,0.0,0.0,6.25686752569637
135,"['ECOAH1', 'ECOAH2', 'ECOAH3', 'MACPD', 'ACOATA', 'ACACT2r', 'ACACT3r', 'HACD1', 'HACD2', 'HACD3', 'ACACT1r', 'KAS15', 'FACOAE80', '3HAD80', 'FADRx2', '3HAD40', '3OAS60', '3OAR60', '3OAR80', '3OAS80', '3OAR40', '3HAD60', 'EAR40x', 'EAR60x', 'EAR80x', 'ACOAD3f', 'ACOAD2f', 'FA80ACPHi']","[-0.2965004077419735, -0.2965004077419735, -0.2965004077419735, -0.8895012232260575, 0.8895012232260575, -0.2965004077419735, -0.2965004077419735, -0.2965004077419735, -0.2965004077419735, -0.2965004077419735, -0.2965004077419735, 0.296500407742003, -0.2965004077419735, 0.296500407742003, -0.8895012232267667, 0.296500407742003, 0.296500407742003, 0.296500407742003, 0.296500407742003, 0.296500407742003, 0.296500407742003, 0.296500407742003, 0.296500407742003, 0.296500407742003, 0.296500407742003, 0.2965004077419735, 0.2965004077419735, 0.2965004077419735]","[0.2965004077419735, 0.2965004077419735, 0.2965004077419735, 0.8895012232260575, 0.8895012232260575, 0.2965004077419735, 0.2965004077419735, 0.2965004077419735, 0.2965004077419735, 0.2965004077419735, 0.2965004077419735, 0.296500407742003, 0.2965004077419735, 0.296500407742003, 0.8895012232267667, 0.296500407742003, 0.296500407742003, 0.296500407742003, 0.296500407742003, 0.296500407742003, 0.296500407742003, 0.296500407742003, 0.296500407742003, 0.296500407742003, 0.296500407742003, 0.2965004077419735, 0.2965004077419735, 0.2965004077419735]","['KAS15', '3HAD80', '3HAD40', '3OAS60', '3OAR60', '3OAR80', '3OAS80', '3OAR40', '3HAD60', 'EAR40x', 'EAR60x', 'EAR80x', 'FA80ACPHi']","['ECOAH1', 'ECOAH2', 'ECOAH3', 'MACPD', 'ACOATA', 'ACACT2r', 'ACACT3r', 'HACD1', 'HACD2', 'HACD3', 'ACACT1r', 'FACOAE80', 'FADRx2', 'ACOAD3f', 'ACOAD2f']",[],HACD3,3HAD60,10.377514270973725,1,28,0,-4.0,-0.5930008154834547,iML1515,PSL,True,False,-9.78604669763479,0.0,0.0,0.0001955703788172
136,"['ECOAH4', 'ECOAH1', 'ECOAH2', 'ECOAH3', 'MACPD', 'HACD4', 'ACOATA', 'ACACT2r', 'ACACT3r', 'ACACT4r', 'HACD1', 'HACD2', 'HACD3', 'ACACT1r', 'KAS15', 'FACOAE100', '3HAD80', 'FADRx2', '3HAD40', '3OAS60', '3OAR60', '3OAR80', 'EAR100x', '3OAS80', '3OAS100', '3OAR40', '3OAR100', '3HAD60', '3HAD100', 'EAR40x', 'EAR60x', 'EAR80x', 'ACOAD3f', 'ACOAD2f', 'ACOAD4f', 'FA100ACPHi']","[-0.2965004077411777, -0.2965004077411777, -0.2965004077411777, -0.2965004077411777, -1.186001630971059, -0.2965004077411777, 1.1860016309710772, -0.2965004077411777, -0.2965004077411777, -0.2965004077411777, -0.2965004077411777, -0.2965004077411777, -0.2965004077411777, -0.2965004077411777, 0.2965004077419824, -0.2965004077412131, 0.2965004077419824, -1.1860016309664745, 0.2965004077419824, 0.2965004077419824, 0.2965004077419735, 0.2965004077419735, 0.2965004077419824, 0.2965004077419824, 0.2965004077419824, 0.2965004077419735, 0.2965004077419735, 0.2965004077419824, 0.2965004077419824, 0.2965004077408491, 0.2965004077419824, 0.2965004077419824, 0.2965004077411777, 0.2965004077411777, 0.2965004077411777, 0.2965004077312189]","[0.2965004077411777, 0.2965004077411777, 0.2965004077411777, 0.2965004077411777, 1.186001630971059, 0.2965004077411777, 1.1860016309710772, 0.2965004077411777, 0.2965004077411777, 0.2965004077411777, 0.2965004077411777, 0.2965004077411777, 0.2965004077411777, 0.2965004077411777, 0.2965004077419824, 0.2965004077412131, 0.2965004077419824, 1.1860016309664745, 0.2965004077419824, 0.2965004077419824, 0.2965004077419735, 0.2965004077419735, 0.2965004077419824, 0.2965004077419824, 0.2965004077419824, 0.2965004077419735, 0.2965004077419735, 0.2965004077419824, 0.2965004077419824, 0.2965004077408491, 0.2965004077419824, 0.2965004077419824, 0.2965004077411777, 0.2965004077411777, 0.2965004077411777, 0.2965004077312189]","['KAS15', '3HAD80', '3HAD40', '3OAS60', '3OAR60', '3OAR80', 'EAR100x', '3OAS80', '3OAS100', '3OAR40', '3OAR100', '3HAD60', '3HAD100', 'EAR40x', 'EAR60x', 'EAR80x', 'FA100ACPHi']","['ECOAH4', 'ECOAH1', 'ECOAH2', 'ECOAH3', 'MACPD', 'HACD4', 'ACOATA', 'ACACT2r', 'ACACT3r', 'ACACT4r', 'HACD1', 'HACD2', 'HACD3', 'ACACT1r', 'FACOAE100', 'FADRx2', 'ACOAD3f', 'ACOAD2f', 'ACOAD4f']",[],HACD3,3HAD100,13.63901875612902,1,36,0,-6.0,-0.8895012232234994,iML1515,PSL,True,False,-9.78604669763479,0.0,0.0,0.0
137,"['CYTDK2', 'CYSDS', 'APRAUR', 'ME1', 'DB4PS', 'ACP1_FMN', 'RBFSb', 'PMDPHT', 'CPPPGO', 'EX_met__L_e', 'RBFSa', 'EX_ile__L_e', 'EX_leu__L_e', 'EX_glcn_e', 'EX_pro__L_e', 'EX_arg__L_e', 'EX_thymd_e', 'EX_tyr__L_e', 'EX_cytd_e', 'EX_fum_e', 'MGSA', 'URIK1', 'CYTDK1', 'TMDK1', 'FTHFD', 'EX_ura_e', 'EX_val__L_e', 'FMNAT', 'ASPT', 'SERD_L', 'THRD', 'EX_trp__L_e', 'EX_fmn_e', 'EDTXS1', 'EDTXS2', 'GLYCL', 'CITL', 'GTPCII2', 'URIC', 'DURIK1', 'ALLTN', 'UPPRT', 'AOBUTDs', 'EX_gthrd_e', 'ADD', 'MALS', 'UGLYCH', 'NTPP3', 'NTPP7', 'NTPP8', 'DHPPDA2', 'DCYTD', 'DCTPD', 'GART', 'H2SO', 'GLUCYS', 'GMPR', 'ME2', 'NTPP4', 'FACOAL160t2pp', 'THRabcpp', 'VALabcpp', 'ARGabcpp', 'ASNt2rpp', 'HIStex', 'FE3DCITabcpp', 'ILEtex', 'GLCNtex', 'FE3DCITtonex', 'EX_fad_e', 'FUMt2_3pp', 'PHEtex', 'EX_fe3dcit_e', 'LEUtex', 'FUMtex', 'LADGMDH', 'ALAGLUE', 'TRPtex', 'TYRtex', 'URAtex', 'URItex', 'VALtex', 'LIPAabcpp', 'FE3Ri', '4PEPTabcpp', 'AMPTASECG', 'LALGP', 'AGM4PApp', 'Kabcpp', 'LEUabcpp', 'THRtex', 'THMDtex', 'METabcpp', 'METtex', 'ILEabcpp', 'PROabcpp', 'EX_cgly_e', 'ARGtex', 'EX_enlipa_e', '4PCP', 'MG2uabcpp', 'GLYC3Pt6pp', 'HISabcpp', 'DAAD', 'GLCNt2rpp', 'NTD3', 'CYTDtex', '4PEPTtex', 'EX_asn__L_e', 'XAND', 'EX_phe__L_e', 'EX_thr__L_e', 'EX_uri_e', 'DUTPDP', 'GTHS', 'EX_g3pe_e', 'EX_his__L_e', 'ANHGMtex', 'G3PEtex', 'CPPPGO2', '2AGPEAT160', 'LPLIPAL2E161', '2AGPEAT161', 'FACOAL161t2pp', 'G3PEabcpp', 'GTHRDabcpp', 'PAPA161pp', 'PROtex', 'AACTOOR', 'MDDCP1pp', '5DOAN', 'DM_5drib_c', 'FACOAE120', 'ASNtex', 'LPLIPAL1E160pp', 'PLIPA2E160pp', 'PLIPA2A161pp', 'EAR140x', 'LPLIPAL1E161pp', 'LPLIPAL2E160', 'PETNT161pp', 'MLTGY1pp', 'CGLYtex', 'PAPA161', 'CGLYabcpp', '3HAD140', 'MDDEP1pp', '12DGR161tipp', 'GTHRDtex', 'ACOAD7f', 'FA160ACPHi', 'OPHHX3', 'FA120ACPHi', 'FA140ACPHi', 'EX_LalaDgluMdapDala_e', 'PLIPA2E161pp', 'LPLIPAL1A161pp', 'EX_anhgm_e', 'RNTR4c2', 'FLDR2', 'GNP', 'ALLTAMH2', 'UGCIAMH', 'TRPtipp', 'TYRtipp', 'FMNtex', 'PHEtipp', 'PYK6', 'FADt', 'FADtex', 'FMNt', 'URAtpp', 'OPHHXy', 'ENLIPAabctex']","[-2.5720298203690817e-05, -7.569939805907662e-05, 6.467251707000096e-05, -2.5234915247196454e-05, 0.00012934503414000192, -6.47344289152201e-05, 6.467251707000096e-05, 6.467251707000096e-05, 1.7921613123428256e-05, 4.273055609654852e-05, 0.00012934503414000192, 8.066002905687819e-05, 0.00012508163918584225, -0.0001514763440249034, 6.137185177096383e-05, 8.212120413034207e-05, 7.26450832644332e-06, 3.828428613605883e-05, 3.7066038657940226e-05, 9.261803654680989e-05, -3.6420200623443755e-05, -2.185020957767847e-05, -1.1345740502655133e-05, -7.26450832644332e-06, -2.5658386358518763e-05, 2.565838623319605e-05, 0.00011767026387587975, 0.00012141458996736546, 3.841879578803109e-05, 7.047163127327669e-05, 3.6420200623443755e-05, 1.5781412635841596e-05, -5.668016105214504e-05, 1.6467255214203524e-05, 1.6467255214203524e-05, 2.1189099573923342e-05, -2.2131309885153883e-05, 6.467251707000096e-05, -3.623078194945955e-05, 0.021807392835160106, -3.623078194945955e-05, -2.565838623319605e-05, 3.6420200623443755e-05, 6.449733553118286e-05, -3.623078194944784e-05, -3.6168870104240445e-05, -3.623078194945955e-05, 0.021807392835160106, 5.955868908481821e-06, 2.5187867251919016e-05, 6.467251707000096e-05, 0.021807392835160106, -0.02179989206241443, 2.565838635854023e-05, -7.569939805907662e-05, 6.449733553118286e-05, 2.7314363201798135e-06, -1.0933954857043882e-05, 4.781845115209293e-06, 1.808885500277635e-05, -3.4011325287436334e-05, -0.00011767026387587975, -8.212120413034207e-05, -1.9919189526262926e-05, -2.6302261858290876e-05, -4.335217323304594e-06, -8.066002908435621e-05, 0.0001514763440582101, -4.335217323304594e-06, 0.0001214765018043018, -4.769891547423688e-05, -5.1435417049106036e-05, 4.335217323304594e-06, -0.00012508163922575477, -9.261803654680989e-05, -9.527233505496335e-05, -9.52723351019813e-05, -1.5781412685100804e-05, -3.82842861199606e-05, -2.565838622103911e-05, -2.185020957767847e-05, -0.00011767026387587975, 1.6467255214203524e-05, -1.0837349229278828e-06, -9.527233505496335e-05, -3.71803282979144e-05, -9.527233505496335e-05, 7.71482670380852e-06, -5.419174351509182e-05, -0.00012508163918584225, -3.401132528324524e-05, -7.26450832644332e-06, -4.273055609654852e-05, -4.273055606063281e-05, -8.066002905687819e-05, -6.137185177096383e-05, 3.71803282979144e-05, -8.212120417283586e-05, 1.6467255214203524e-05, -9.527233505496335e-05, -2.408454068503034e-06, 5.6648030250403245e-06, -2.6302261849214803e-05, -3.586361628726378e-05, 0.0001514763440582101, 0.021807392835160106, -3.7066038657940226e-05, -0.00010298716176748712, 1.9919189510525515e-05, -3.623078194945955e-05, 5.143541706068011e-05, 3.4011325287436334e-05, 2.185020957767847e-05, -0.021807392835160106, 6.449733553118286e-05, 3.2331310846863114e-05, 2.6302261849214803e-05, -7.714826665505825e-06, -3.2331310876543284e-05, -1.7859701278209094e-05, -8.672354968639051e-06, 1.0802452189151435e-05, -1.0802452189151435e-05, 2.015866088012075e-05, -1.9073173006234473e-05, -6.449733553118286e-05, -6.066437176599493e-06, -6.137185175703053e-05, 3.6420200623443755e-05, 3.85741335190426e-06, -3.571995781959233e-05, -3.571995781959233e-05, 1.566398691107973e-05, -1.9919189526262926e-05, 9.044427501388175e-06, 9.044427501388175e-06, 6.066437176599493e-06, -4.42626197700996e-05, 4.012893263460882e-06, 8.672354968639051e-06, 1.6868889365762695e-05, 3.85741335190426e-06, -3.718032826327544e-05, -1.0802452189163202e-05, -3.71803282979144e-05, -4.42626197700996e-05, 3.85741335190426e-06, 1.0802452189163202e-05, -6.449733552926773e-05, 1.8088854972120316e-05, -1.7344709937278102e-05, -0.00013355942686144693, -1.6065621062638898e-05, -4.338516504706624e-05, 0.00010298716175877187, 4.012893263460882e-06, 6.066437176599493e-06, 7.71482670380852e-06, -7.311354071698473e-06, -2.273989695294326e-05, -0.0001514763440249034, -3.623078194945955e-05, -3.623078194945955e-05, 1.5781412635841596e-05, 3.828428613605883e-05, -5.6680161037547805e-05, 5.143541706068011e-05, -1.3086393516291428e-06, 0.0001214765018043018, 0.00012147650181759673, -5.668016105214504e-05, 2.565838623319605e-05, 0.00013349751501622774, 1.6467255214203524e-05]","[2.5720298203690817e-05, 7.569939805907662e-05, 6.467251707000096e-05, 2.5234915247196454e-05, 0.00012934503414000192, 6.47344289152201e-05, 6.467251707000096e-05, 6.467251707000096e-05, 1.7921613123428256e-05, 4.273055609654852e-05, 0.00012934503414000192, 8.066002905687819e-05, 0.00012508163918584225, 0.0001514763440249034, 6.137185177096383e-05, 8.212120413034207e-05, 7.26450832644332e-06, 3.828428613605883e-05, 3.7066038657940226e-05, 9.261803654680989e-05, 3.6420200623443755e-05, 2.185020957767847e-05, 1.1345740502655133e-05, 7.26450832644332e-06, 2.5658386358518763e-05, 2.565838623319605e-05, 0.00011767026387587975, 0.00012141458996736546, 3.841879578803109e-05, 7.047163127327669e-05, 3.6420200623443755e-05, 1.5781412635841596e-05, 5.668016105214504e-05, 1.6467255214203524e-05, 1.6467255214203524e-05, 2.1189099573923342e-05, 2.2131309885153883e-05, 6.467251707000096e-05, 3.623078194945955e-05, 0.021807392835160106, 3.623078194945955e-05, 2.565838623319605e-05, 3.6420200623443755e-05, 6.449733553118286e-05, 3.623078194944784e-05, 3.6168870104240445e-05, 3.623078194945955e-05, 0.021807392835160106, 5.955868908481821e-06, 2.5187867251919016e-05, 6.467251707000096e-05, 0.021807392835160106, 0.02179989206241443, 2.565838635854023e-05, 7.569939805907662e-05, 6.449733553118286e-05, 2.7314363201798135e-06, 1.0933954857043882e-05, 4.781845115209293e-06, 1.808885500277635e-05, 3.4011325287436334e-05, 0.00011767026387587975, 8.212120413034207e-05, 1.9919189526262926e-05, 2.6302261858290876e-05, 4.335217323304594e-06, 8.066002908435621e-05, 0.0001514763440582101, 4.335217323304594e-06, 0.0001214765018043018, 4.769891547423688e-05, 5.1435417049106036e-05, 4.335217323304594e-06, 0.00012508163922575477, 9.261803654680989e-05, 9.527233505496335e-05, 9.52723351019813e-05, 1.5781412685100804e-05, 3.82842861199606e-05, 2.565838622103911e-05, 2.185020957767847e-05, 0.00011767026387587975, 1.6467255214203524e-05, 1.0837349229278828e-06, 9.527233505496335e-05, 3.71803282979144e-05, 9.527233505496335e-05, 7.71482670380852e-06, 5.419174351509182e-05, 0.00012508163918584225, 3.401132528324524e-05, 7.26450832644332e-06, 4.273055609654852e-05, 4.273055606063281e-05, 8.066002905687819e-05, 6.137185177096383e-05, 3.71803282979144e-05, 8.212120417283586e-05, 1.6467255214203524e-05, 9.527233505496335e-05, 2.408454068503034e-06, 5.6648030250403245e-06, 2.6302261849214803e-05, 3.586361628726378e-05, 0.0001514763440582101, 0.021807392835160106, 3.7066038657940226e-05, 0.00010298716176748712, 1.9919189510525515e-05, 3.623078194945955e-05, 5.143541706068011e-05, 3.4011325287436334e-05, 2.185020957767847e-05, 0.021807392835160106, 6.449733553118286e-05, 3.2331310846863114e-05, 2.6302261849214803e-05, 7.714826665505825e-06, 3.2331310876543284e-05, 1.7859701278209094e-05, 8.672354968639051e-06, 1.0802452189151435e-05, 1.0802452189151435e-05, 2.015866088012075e-05, 1.9073173006234473e-05, 6.449733553118286e-05, 6.066437176599493e-06, 6.137185175703053e-05, 3.6420200623443755e-05, 3.85741335190426e-06, 3.571995781959233e-05, 3.571995781959233e-05, 1.566398691107973e-05, 1.9919189526262926e-05, 9.044427501388175e-06, 9.044427501388175e-06, 6.066437176599493e-06, 4.42626197700996e-05, 4.012893263460882e-06, 8.672354968639051e-06, 1.6868889365762695e-05, 3.85741335190426e-06, 3.718032826327544e-05, 1.0802452189163202e-05, 3.71803282979144e-05, 4.42626197700996e-05, 3.85741335190426e-06, 1.0802452189163202e-05, 6.449733552926773e-05, 1.8088854972120316e-05, 1.7344709937278102e-05, 0.00013355942686144693, 1.6065621062638898e-05, 4.338516504706624e-05, 0.00010298716175877187, 4.012893263460882e-06, 6.066437176599493e-06, 7.71482670380852e-06, 7.311354071698473e-06, 2.273989695294326e-05, 0.0001514763440249034, 3.623078194945955e-05, 3.623078194945955e-05, 1.5781412635841596e-05, 3.828428613605883e-05, 5.6680161037547805e-05, 5.143541706068011e-05, 1.3086393516291428e-06, 0.0001214765018043018, 0.00012147650181759673, 5.668016105214504e-05, 2.565838623319605e-05, 0.00013349751501622774, 1.6467255214203524e-05]","['CYTDK2', 'CYSDS', 'ME1', 'ACP1_FMN', 'EX_glcn_e', 'MGSA', 'URIK1', 'CYTDK1', 'TMDK1', 'FTHFD', 'EX_fmn_e', 'CITL', 'URIC', 'ALLTN', 'UPPRT', 'ADD', 'UGLYCH', 'DCTPD', 'H2SO', 'ME2', 'THRabcpp', 'VALabcpp', 'ARGabcpp', 'FE3DCITabcpp', 'GLCNtex', 'FE3DCITtonex', 'FUMt2_3pp', 'LADGMDH', 'ALAGLUE', 'FE3Ri', '4PEPTabcpp', 'AMPTASECG', 'LALGP', 'Kabcpp', 'LEUabcpp', 'METabcpp', 'ILEabcpp', 'PROabcpp', '4PCP', 'MG2uabcpp', 'HISabcpp', 'DAAD', 'GLCNt2rpp', 'XAND', 'DUTPDP', '2AGPEAT160', '2AGPEAT161', 'G3PEabcpp', 'GTHRDabcpp', 'PAPA161pp', 'EAR140x', 'PAPA161', 'CGLYabcpp', '3HAD140', 'FA160ACPHi', 'FA120ACPHi', 'FA140ACPHi', 'RNTR4c2', 'FLDR2', 'GNP', 'ALLTAMH2', 'UGCIAMH', 'FMNtex', 'PYK6', 'FMNt']","['CPPPGO', 'EX_met__L_e', 'EX_ile__L_e', 'EX_leu__L_e', 'EX_pro__L_e', 'EX_arg__L_e', 'EX_thymd_e', 'EX_tyr__L_e', 'EX_cytd_e', 'EX_fum_e', 'EX_ura_e', 'EX_val__L_e', 'ASPT', 'SERD_L', 'THRD', 'EX_trp__L_e', 'GLYCL', 'DURIK1', 'AOBUTDs', 'EX_gthrd_e', 'NTPP3', 'NTPP7', 'NTPP8', 'GART', 'GMPR', 'NTPP4', 'ASNt2rpp', 'HIStex', 'ILEtex', 'EX_fad_e', 'PHEtex', 'EX_fe3dcit_e', 'LEUtex', 'FUMtex', 'TRPtex', 'TYRtex', 'URAtex', 'URItex', 'VALtex', 'THRtex', 'THMDtex', 'METtex', 'EX_cgly_e', 'ARGtex', 'GLYC3Pt6pp', 'CYTDtex', '4PEPTtex', 'EX_asn__L_e', 'EX_phe__L_e', 'EX_thr__L_e', 'EX_uri_e', 'EX_g3pe_e', 'EX_his__L_e', 'G3PEtex', 'LPLIPAL2E161', 'PROtex', 'AACTOOR', 'FACOAE120', 'ASNtex', 'LPLIPAL1E160pp', 'PLIPA2E160pp', 'PLIPA2A161pp', 'LPLIPAL1E161pp', 'LPLIPAL2E160', 'PETNT161pp', 'CGLYtex', 'GTHRDtex', 'EX_LalaDgluMdapDala_e', 'PLIPA2E161pp', 'LPLIPAL1A161pp', 'TRPtipp', 'TYRtipp', 'PHEtipp', 'FADt', 'FADtex', 'URAtpp', 'OPHHXy']","['APRAUR', 'DB4PS', 'RBFSb', 'PMDPHT', 'RBFSa', 'FMNAT', 'EDTXS1', 'EDTXS2', 'GTPCII2', 'MALS', 'DHPPDA2', 'DCYTD', 'GLUCYS', 'FACOAL160t2pp', 'LIPAabcpp', 'AGM4PApp', 'EX_enlipa_e', 'NTD3', 'GTHS', 'ANHGMtex', 'CPPPGO2', 'FACOAL161t2pp', 'MDDCP1pp', '5DOAN', 'DM_5drib_c', 'MLTGY1pp', 'MDDEP1pp', '12DGR161tipp', 'ACOAD7f', 'OPHHX3', 'EX_anhgm_e', 'ENLIPAabctex']",DUTPDP,DURIK1,0.1419990958886549,1,174,32,-8.0,0.04295629202321513,iML1515,PSL,False,False,0.0,0.0,0.0,0.0243699985944966
138,"['ECOAH1', 'ECOAH2', 'ECOAH3', 'MACPD', 'ACOATA', 'ACACT2r', 'ACACT3r', 'HACD1', 'HACD2', 'HACD3', 'ACACT1r', 'KAS15', 'FACOAE80', '3HAD80', 'FADRx2', '3HAD40', '3OAS60', '3OAR60', '3OAR80', '3OAS80', '3OAR40', '3HAD60', 'EAR40x', 'EAR60x', 'EAR80x', 'ACOAD3f', 'ACOAD2f', 'FA80ACPHi']","[-0.2965004077419735, -0.29650040774200026, -0.29650040774200026, -0.8895012232272693, 0.8895012232272693, -0.29650040774200026, -0.29650040774200026, -0.29650040774200026, -0.29650040774200026, -0.29650040774200026, -0.29650040774200026, 0.2965004077419905, -0.29650040774200026, 0.2965004077419905, -0.8895012232273383, 0.2965004077419905, 0.2965004077419905, 0.2965004077419905, 0.2965004077419905, 0.2965004077419905, 0.2965004077419905, 0.2965004077419905, 0.2965004077419905, 0.2965004077419905, 0.2965004077419905, 0.29650040774200026, 0.29650040774200026, 0.29650040774200026]","[0.2965004077419735, 0.29650040774200026, 0.29650040774200026, 0.8895012232272693, 0.8895012232272693, 0.29650040774200026, 0.29650040774200026, 0.29650040774200026, 0.29650040774200026, 0.29650040774200026, 0.29650040774200026, 0.2965004077419905, 0.29650040774200026, 0.2965004077419905, 0.8895012232273383, 0.2965004077419905, 0.2965004077419905, 0.2965004077419905, 0.2965004077419905, 0.2965004077419905, 0.2965004077419905, 0.2965004077419905, 0.2965004077419905, 0.2965004077419905, 0.2965004077419905, 0.29650040774200026, 0.29650040774200026, 0.29650040774200026]","['KAS15', '3HAD80', '3HAD40', '3OAS60', '3OAR60', '3OAR80', '3OAS80', '3OAR40', '3HAD60', 'EAR40x', 'EAR60x', 'EAR80x', 'FA80ACPHi']","['ECOAH1', 'ECOAH2', 'ECOAH3', 'MACPD', 'ACOATA', 'ACACT2r', 'ACACT3r', 'HACD1', 'HACD2', 'HACD3', 'ACACT1r', 'FADRx2', 'ACOAD3f', 'ACOAD2f']",['FACOAE80'],ACACT1r,3HAD80,10.377514270965785,1,28,1,-4.0,-0.5930008154825726,iML1515,PSL,True,False,-9.78604669763502,0.0,0.0,0.0
139,"['ECOAH1', 'ECOAH2', 'ECOAH3', 'MACPD', 'ACOATA', 'ACACT2r', 'ACACT3r', 'HACD1', 'HACD2', 'HACD3', 'ACACT1r', 'KAS15', 'FACOAE80', '3HAD80', 'FADRx2', '3HAD40', '3OAS60', '3OAR60', '3OAR80', '3OAS80', '3OAR40', '3HAD60', 'EAR40x', 'EAR60x', 'EAR80x', 'ACOAD3f', 'ACOAD2f', 'FA80ACPHi']","[-0.2965004077419735, -0.29650040774200026, -0.29650040774200026, -0.8895012232272693, 0.8895012232272693, -0.29650040774200026, -0.29650040774200026, -0.29650040774200026, -0.29650040774200026, -0.29650040774200026, -0.29650040774200026, 0.2965004077419905, -0.29650040774200026, 0.2965004077419905, -0.8895012232273383, 0.2965004077419905, 0.2965004077419905, 0.2965004077419905, 0.2965004077419905, 0.2965004077419905, 0.2965004077419905, 0.2965004077419905, 0.2965004077419905, 0.2965004077419905, 0.2965004077419905, 0.29650040774200026, 0.29650040774200026, 0.29650040774200026]","[0.2965004077419735, 0.29650040774200026, 0.29650040774200026, 0.8895012232272693, 0.8895012232272693, 0.29650040774200026, 0.29650040774200026, 0.29650040774200026, 0.29650040774200026, 0.29650040774200026, 0.29650040774200026, 0.2965004077419905, 0.29650040774200026, 0.2965004077419905, 0.8895012232273383, 0.2965004077419905, 0.2965004077419905, 0.2965004077419905, 0.2965004077419905, 0.2965004077419905, 0.2965004077419905, 0.2965004077419905, 0.2965004077419905, 0.2965004077419905, 0.2965004077419905, 0.29650040774200026, 0.29650040774200026, 0.29650040774200026]","['KAS15', '3HAD80', '3HAD40', '3OAS60', '3OAR60', '3OAR80', '3OAS80', '3OAR40', '3HAD60', 'EAR40x', 'EAR60x', 'EAR80x', 'FA80ACPHi']","['ECOAH1', 'ECOAH2', 'ECOAH3', 'MACPD', 'ACOATA', 'ACACT2r', 'ACACT3r', 'HACD1', 'HACD2', 'HACD3', 'ACACT1r', 'FADRx2', 'ACOAD3f', 'ACOAD2f']",['FACOAE80'],ACACT1r,3HAD40,10.377514270965785,1,28,1,-4.0,-0.5930008154825726,iML1515,PSL,True,False,-9.78604669763502,0.0,0.0,0.0
140,"['ECOAH1', 'ECOAH2', 'ECOAH3', 'MACPD', 'ACOATA', 'ACACT2r', 'ACACT3r', 'HACD1', 'HACD2', 'HACD3', 'ACACT1r', 'KAS15', 'FACOAE80', '3HAD80', 'FADRx2', '3HAD40', '3OAS60', '3OAR60', '3OAR80', '3OAS80', '3OAR40', '3HAD60', 'EAR40x', 'EAR60x', 'EAR80x', 'ACOAD3f', 'ACOAD2f', 'FA80ACPHi']","[-0.2965004077419735, -0.29650040774200026, -0.29650040774200026, -0.8895012232272693, 0.8895012232272693, -0.29650040774200026, -0.29650040774200026, -0.29650040774200026, -0.29650040774200026, -0.29650040774200026, -0.29650040774200026, 0.2965004077419905, -0.29650040774200026, 0.2965004077419905, -0.8895012232273383, 0.2965004077419905, 0.2965004077419905, 0.2965004077419905, 0.2965004077419905, 0.2965004077419905, 0.2965004077419905, 0.2965004077419905, 0.2965004077419905, 0.2965004077419905, 0.2965004077419905, 0.29650040774200026, 0.29650040774200026, 0.29650040774200026]","[0.2965004077419735, 0.29650040774200026, 0.29650040774200026, 0.8895012232272693, 0.8895012232272693, 0.29650040774200026, 0.29650040774200026, 0.29650040774200026, 0.29650040774200026, 0.29650040774200026, 0.29650040774200026, 0.2965004077419905, 0.29650040774200026, 0.2965004077419905, 0.8895012232273383, 0.2965004077419905, 0.2965004077419905, 0.2965004077419905, 0.2965004077419905, 0.2965004077419905, 0.2965004077419905, 0.2965004077419905, 0.2965004077419905, 0.2965004077419905, 0.2965004077419905, 0.29650040774200026, 0.29650040774200026, 0.29650040774200026]","['KAS15', '3HAD80', '3HAD40', '3OAS60', '3OAR60', '3OAR80', '3OAS80', '3OAR40', '3HAD60', 'EAR40x', 'EAR60x', 'EAR80x', 'FA80ACPHi']","['ECOAH1', 'ECOAH2', 'ECOAH3', 'MACPD', 'ACOATA', 'ACACT2r', 'ACACT3r', 'HACD1', 'HACD2', 'HACD3', 'ACACT1r', 'FADRx2', 'ACOAD3f', 'ACOAD2f']",['FACOAE80'],ACACT1r,3OAS60,10.377514270965785,1,28,1,-4.0,-0.5930008154825726,iML1515,PSL,True,False,-9.78604669763502,0.0,0.0,0.0
141,"['ECOAH1', 'ECOAH2', 'ECOAH3', 'MACPD', 'ACOATA', 'ACACT2r', 'ACACT3r', 'HACD1', 'HACD2', 'HACD3', 'ACACT1r', 'KAS15', 'FACOAE80', '3HAD80', 'FADRx2', '3HAD40', '3OAS60', '3OAR60', '3OAR80', '3OAS80', '3OAR40', '3HAD60', 'EAR40x', 'EAR60x', 'EAR80x', 'ACOAD3f', 'ACOAD2f', 'FA80ACPHi']","[-0.2965004077419735, -0.29650040774200026, -0.29650040774200026, -0.8895012232272693, 0.8895012232272693, -0.29650040774200026, -0.29650040774200026, -0.29650040774200026, -0.29650040774200026, -0.29650040774200026, -0.29650040774200026, 0.2965004077419905, -0.29650040774200026, 0.2965004077419905, -0.8895012232273383, 0.2965004077419905, 0.2965004077419905, 0.2965004077419905, 0.2965004077419905, 0.2965004077419905, 0.2965004077419905, 0.2965004077419905, 0.2965004077419905, 0.2965004077419905, 0.2965004077419905, 0.29650040774200026, 0.29650040774200026, 0.29650040774200026]","[0.2965004077419735, 0.29650040774200026, 0.29650040774200026, 0.8895012232272693, 0.8895012232272693, 0.29650040774200026, 0.29650040774200026, 0.29650040774200026, 0.29650040774200026, 0.29650040774200026, 0.29650040774200026, 0.2965004077419905, 0.29650040774200026, 0.2965004077419905, 0.8895012232273383, 0.2965004077419905, 0.2965004077419905, 0.2965004077419905, 0.2965004077419905, 0.2965004077419905, 0.2965004077419905, 0.2965004077419905, 0.2965004077419905, 0.2965004077419905, 0.2965004077419905, 0.29650040774200026, 0.29650040774200026, 0.29650040774200026]","['KAS15', '3HAD80', '3HAD40', '3OAS60', '3OAR60', '3OAR80', '3OAS80', '3OAR40', '3HAD60', 'EAR40x', 'EAR60x', 'EAR80x', 'FA80ACPHi']","['ECOAH1', 'ECOAH2', 'ECOAH3', 'MACPD', 'ACOATA', 'ACACT2r', 'ACACT3r', 'HACD1', 'HACD2', 'HACD3', 'ACACT1r', 'FADRx2', 'ACOAD3f', 'ACOAD2f']",['FACOAE80'],ACACT1r,3OAR60,10.377514270965785,1,28,1,-4.0,-0.5930008154825726,iML1515,PSL,True,False,-9.78604669763502,0.0,0.0,0.0
142,"['ECOAH1', 'ECOAH2', 'ECOAH3', 'MACPD', 'ACOATA', 'ACACT2r', 'ACACT3r', 'HACD1', 'HACD2', 'HACD3', 'ACACT1r', 'KAS15', 'FACOAE80', '3HAD80', 'FADRx2', '3HAD40', '3OAS60', '3OAR60', '3OAR80', '3OAS80', '3OAR40', '3HAD60', 'EAR40x', 'EAR60x', 'EAR80x', 'ACOAD3f', 'ACOAD2f', 'FA80ACPHi']","[-0.2965004077419735, -0.29650040774200026, -0.29650040774200026, -0.8895012232272693, 0.8895012232272693, -0.29650040774200026, -0.29650040774200026, -0.29650040774200026, -0.29650040774200026, -0.29650040774200026, -0.29650040774200026, 0.2965004077419905, -0.29650040774200026, 0.2965004077419905, -0.8895012232273383, 0.2965004077419905, 0.2965004077419905, 0.2965004077419905, 0.2965004077419905, 0.2965004077419905, 0.2965004077419905, 0.2965004077419905, 0.2965004077419905, 0.2965004077419905, 0.2965004077419905, 0.29650040774200026, 0.29650040774200026, 0.29650040774200026]","[0.2965004077419735, 0.29650040774200026, 0.29650040774200026, 0.8895012232272693, 0.8895012232272693, 0.29650040774200026, 0.29650040774200026, 0.29650040774200026, 0.29650040774200026, 0.29650040774200026, 0.29650040774200026, 0.2965004077419905, 0.29650040774200026, 0.2965004077419905, 0.8895012232273383, 0.2965004077419905, 0.2965004077419905, 0.2965004077419905, 0.2965004077419905, 0.2965004077419905, 0.2965004077419905, 0.2965004077419905, 0.2965004077419905, 0.2965004077419905, 0.2965004077419905, 0.29650040774200026, 0.29650040774200026, 0.29650040774200026]","['KAS15', '3HAD80', '3HAD40', '3OAS60', '3OAR60', '3OAR80', '3OAS80', '3OAR40', '3HAD60', 'EAR40x', 'EAR60x', 'EAR80x', 'FA80ACPHi']","['ECOAH1', 'ECOAH2', 'ECOAH3', 'MACPD', 'ACOATA', 'ACACT2r', 'ACACT3r', 'HACD1', 'HACD2', 'HACD3', 'ACACT1r', 'FADRx2', 'ACOAD3f', 'ACOAD2f']",['FACOAE80'],ACACT1r,3OAR80,10.377514270965785,1,28,1,-4.0,-0.5930008154825726,iML1515,PSL,True,False,-9.78604669763502,0.0,0.0,0.0
143,"['ECOAH1', 'ECOAH2', 'ECOAH3', 'MACPD', 'ACOATA', 'ACACT2r', 'ACACT3r', 'HACD1', 'HACD2', 'HACD3', 'ACACT1r', 'KAS15', 'FACOAE80', '3HAD80', 'FADRx2', '3HAD40', '3OAS60', '3OAR60', '3OAR80', '3OAS80', '3OAR40', '3HAD60', 'EAR40x', 'EAR60x', 'EAR80x', 'ACOAD3f', 'ACOAD2f', 'FA80ACPHi']","[-0.2965004077419735, -0.29650040774200026, -0.29650040774200026, -0.8895012232272693, 0.8895012232272693, -0.29650040774200026, -0.29650040774200026, -0.29650040774200026, -0.29650040774200026, -0.29650040774200026, -0.29650040774200026, 0.2965004077419905, -0.29650040774200026, 0.2965004077419905, -0.8895012232273383, 0.2965004077419905, 0.2965004077419905, 0.2965004077419905, 0.2965004077419905, 0.2965004077419905, 0.2965004077419905, 0.2965004077419905, 0.2965004077419905, 0.2965004077419905, 0.2965004077419905, 0.29650040774200026, 0.29650040774200026, 0.29650040774200026]","[0.2965004077419735, 0.29650040774200026, 0.29650040774200026, 0.8895012232272693, 0.8895012232272693, 0.29650040774200026, 0.29650040774200026, 0.29650040774200026, 0.29650040774200026, 0.29650040774200026, 0.29650040774200026, 0.2965004077419905, 0.29650040774200026, 0.2965004077419905, 0.8895012232273383, 0.2965004077419905, 0.2965004077419905, 0.2965004077419905, 0.2965004077419905, 0.2965004077419905, 0.2965004077419905, 0.2965004077419905, 0.2965004077419905, 0.2965004077419905, 0.2965004077419905, 0.29650040774200026, 0.29650040774200026, 0.29650040774200026]","['KAS15', '3HAD80', '3HAD40', '3OAS60', '3OAR60', '3OAR80', '3OAS80', '3OAR40', '3HAD60', 'EAR40x', 'EAR60x', 'EAR80x', 'FA80ACPHi']","['ECOAH1', 'ECOAH2', 'ECOAH3', 'MACPD', 'ACOATA', 'ACACT2r', 'ACACT3r', 'HACD1', 'HACD2', 'HACD3', 'ACACT1r', 'FADRx2', 'ACOAD3f', 'ACOAD2f']",['FACOAE80'],ACACT1r,3OAS80,10.377514270965785,1,28,1,-4.0,-0.5930008154825726,iML1515,PSL,True,False,-9.78604669763502,0.0,0.0,0.0
144,"['ECOAH4', 'ECOAH1', 'ECOAH2', 'ECOAH3', 'MACPD', 'HACD4', 'ACOATA', 'ACACT2r', 'ACACT3r', 'ACACT4r', 'HACD1', 'HACD2', 'HACD3', 'ACACT1r', 'KAS15', 'FACOAE100', '3HAD80', 'FADRx2', '3HAD40', '3OAS60', '3OAR60', '3OAR80', 'EAR100x', '3OAS80', '3OAS100', '3OAR40', '3OAR100', '3HAD60', '3HAD100', 'EAR40x', 'EAR60x', 'EAR80x', 'ACOAD3f', 'ACOAD2f', 'ACOAD4f', 'FA100ACPHi']","[-0.2965004077419735, -0.2965004077419735, -0.2965004077419735, -0.2965004077419735, -1.186001630967912, -0.2965004077419735, 1.186001630967912, -0.2965004077419735, -0.2965004077419735, -0.2965004077419735, -0.2965004077419735, -0.2965004077419735, -0.2965004077419735, -0.2965004077419735, 0.29650040774195796, -0.2965004077419963, 0.2965004077419963, -1.186001630968667, 0.29650040774195796, 0.29650040774195796, 0.29650040774195796, 0.2965004077419963, 0.2965004077419963, 0.2965004077419963, 0.2965004077419963, 0.29650040774195796, 0.2965004077419963, 0.29650040774195796, 0.2965004077419963, 0.29650040774195796, 0.2965004077419963, 0.2965004077419963, 0.2965004077419735, 0.2965004077419735, 0.2965004077419735, 0.2965004077419963]","[0.2965004077419735, 0.2965004077419735, 0.2965004077419735, 0.2965004077419735, 1.186001630967912, 0.2965004077419735, 1.186001630967912, 0.2965004077419735, 0.2965004077419735, 0.2965004077419735, 0.2965004077419735, 0.2965004077419735, 0.2965004077419735, 0.2965004077419735, 0.29650040774195796, 0.2965004077419963, 0.2965004077419963, 1.186001630968667, 0.29650040774195796, 0.29650040774195796, 0.29650040774195796, 0.2965004077419963, 0.2965004077419963, 0.2965004077419963, 0.2965004077419963, 0.29650040774195796, 0.2965004077419963, 0.29650040774195796, 0.2965004077419963, 0.29650040774195796, 0.2965004077419963, 0.2965004077419963, 0.2965004077419735, 0.2965004077419735, 0.2965004077419735, 0.2965004077419963]","['KAS15', '3HAD80', '3HAD40', '3OAS60', '3OAR60', '3OAR80', 'EAR100x', '3OAS80', '3OAS100', '3OAR40', '3OAR100', '3HAD60', '3HAD100', 'EAR40x', 'EAR60x', 'EAR80x', 'FA100ACPHi']","['ECOAH4', 'ECOAH1', 'ECOAH2', 'ECOAH3', 'MACPD', 'HACD4', 'ACOATA', 'ACACT2r', 'ACACT3r', 'ACACT4r', 'HACD1', 'HACD2', 'HACD3', 'ACACT1r', 'FACOAE100', 'FADRx2', 'ACOAD3f', 'ACOAD2f', 'ACOAD4f']",[],ACACT1r,3OAS100,13.639018756136041,1,36,0,-6.0,-0.8895012232252439,iML1515,PSL,True,False,-9.78604669763502,0.0,0.0,0.0
145,"['ECOAH1', 'ECOAH2', 'ECOAH3', 'MACPD', 'ACOATA', 'ACACT2r', 'ACACT3r', 'HACD1', 'HACD2', 'HACD3', 'ACACT1r', 'KAS15', 'FACOAE80', '3HAD80', 'FADRx2', '3HAD40', '3OAS60', '3OAR60', '3OAR80', '3OAS80', '3OAR40', '3HAD60', 'EAR40x', 'EAR60x', 'EAR80x', 'ACOAD3f', 'ACOAD2f', 'FA80ACPHi']","[-0.2965004077419735, -0.29650040774200026, -0.29650040774200026, -0.8895012232272693, 0.8895012232272693, -0.29650040774200026, -0.29650040774200026, -0.29650040774200026, -0.29650040774200026, -0.29650040774200026, -0.29650040774200026, 0.2965004077419905, -0.29650040774200026, 0.2965004077419905, -0.8895012232273383, 0.2965004077419905, 0.2965004077419905, 0.2965004077419905, 0.2965004077419905, 0.2965004077419905, 0.2965004077419905, 0.2965004077419905, 0.2965004077419905, 0.2965004077419905, 0.2965004077419905, 0.29650040774200026, 0.29650040774200026, 0.29650040774200026]","[0.2965004077419735, 0.29650040774200026, 0.29650040774200026, 0.8895012232272693, 0.8895012232272693, 0.29650040774200026, 0.29650040774200026, 0.29650040774200026, 0.29650040774200026, 0.29650040774200026, 0.29650040774200026, 0.2965004077419905, 0.29650040774200026, 0.2965004077419905, 0.8895012232273383, 0.2965004077419905, 0.2965004077419905, 0.2965004077419905, 0.2965004077419905, 0.2965004077419905, 0.2965004077419905, 0.2965004077419905, 0.2965004077419905, 0.2965004077419905, 0.2965004077419905, 0.29650040774200026, 0.29650040774200026, 0.29650040774200026]","['KAS15', '3HAD80', '3HAD40', '3OAS60', '3OAR60', '3OAR80', '3OAS80', '3OAR40', '3HAD60', 'EAR40x', 'EAR60x', 'EAR80x', 'FA80ACPHi']","['ECOAH1', 'ECOAH2', 'ECOAH3', 'MACPD', 'ACOATA', 'ACACT2r', 'ACACT3r', 'HACD1', 'HACD2', 'HACD3', 'ACACT1r', 'FADRx2', 'ACOAD3f', 'ACOAD2f']",['FACOAE80'],ACACT1r,3OAR40,10.377514270965785,1,28,1,-4.0,-0.5930008154825726,iML1515,PSL,True,False,-9.78604669763502,0.0,0.0,0.0001955703788172
146,"['ECOAH4', 'ECOAH1', 'ECOAH2', 'ECOAH3', 'MACPD', 'HACD4', 'ACOATA', 'ACACT2r', 'ACACT3r', 'ACACT4r', 'HACD1', 'HACD2', 'HACD3', 'ACACT1r', 'KAS15', 'FACOAE100', '3HAD80', 'FADRx2', '3HAD40', '3OAS60', '3OAR60', '3OAR80', 'EAR100x', '3OAS80', '3OAS100', '3OAR40', '3OAR100', '3HAD60', '3HAD100', 'EAR40x', 'EAR60x', 'EAR80x', 'ACOAD3f', 'ACOAD2f', 'ACOAD4f', 'FA100ACPHi']","[-0.2965004077419735, -0.2965004077419735, -0.2965004077419735, -0.2965004077419735, -1.186001630967912, -0.2965004077419735, 1.186001630967912, -0.2965004077419735, -0.2965004077419735, -0.2965004077419735, -0.2965004077419735, -0.2965004077419735, -0.2965004077419735, -0.2965004077419735, 0.29650040774195796, -0.2965004077419963, 0.2965004077419963, -1.186001630968667, 0.29650040774195796, 0.29650040774195796, 0.29650040774195796, 0.2965004077419963, 0.2965004077419963, 0.2965004077419963, 0.2965004077419963, 0.29650040774195796, 0.2965004077419963, 0.29650040774195796, 0.2965004077419963, 0.29650040774195796, 0.2965004077419963, 0.2965004077419963, 0.2965004077419735, 0.2965004077419735, 0.2965004077419735, 0.2965004077419963]","[0.2965004077419735, 0.2965004077419735, 0.2965004077419735, 0.2965004077419735, 1.186001630967912, 0.2965004077419735, 1.186001630967912, 0.2965004077419735, 0.2965004077419735, 0.2965004077419735, 0.2965004077419735, 0.2965004077419735, 0.2965004077419735, 0.2965004077419735, 0.29650040774195796, 0.2965004077419963, 0.2965004077419963, 1.186001630968667, 0.29650040774195796, 0.29650040774195796, 0.29650040774195796, 0.2965004077419963, 0.2965004077419963, 0.2965004077419963, 0.2965004077419963, 0.29650040774195796, 0.2965004077419963, 0.29650040774195796, 0.2965004077419963, 0.29650040774195796, 0.2965004077419963, 0.2965004077419963, 0.2965004077419735, 0.2965004077419735, 0.2965004077419735, 0.2965004077419963]","['KAS15', '3HAD80', '3HAD40', '3OAS60', '3OAR60', '3OAR80', 'EAR100x', '3OAS80', '3OAS100', '3OAR40', '3OAR100', '3HAD60', '3HAD100', 'EAR40x', 'EAR60x', 'EAR80x', 'FA100ACPHi']","['ECOAH4', 'ECOAH1', 'ECOAH2', 'ECOAH3', 'MACPD', 'HACD4', 'ACOATA', 'ACACT2r', 'ACACT3r', 'ACACT4r', 'HACD1', 'HACD2', 'HACD3', 'ACACT1r', 'FACOAE100', 'FADRx2', 'ACOAD3f', 'ACOAD2f', 'ACOAD4f']",[],ACACT1r,3OAR100,13.639018756136041,1,36,0,-6.0,-0.8895012232252439,iML1515,PSL,True,False,-9.78604669763502,0.0,0.0,6.25686752569637
147,"['ECOAH1', 'ECOAH2', 'ECOAH3', 'MACPD', 'ACOATA', 'ACACT2r', 'ACACT3r', 'HACD1', 'HACD2', 'HACD3', 'ACACT1r', 'KAS15', 'FACOAE80', '3HAD80', 'FADRx2', '3HAD40', '3OAS60', '3OAR60', '3OAR80', '3OAS80', '3OAR40', '3HAD60', 'EAR40x', 'EAR60x', 'EAR80x', 'ACOAD3f', 'ACOAD2f', 'FA80ACPHi']","[-0.2965004077419735, -0.29650040774200026, -0.29650040774200026, -0.8895012232272693, 0.8895012232272693, -0.29650040774200026, -0.29650040774200026, -0.29650040774200026, -0.29650040774200026, -0.29650040774200026, -0.29650040774200026, 0.2965004077419905, -0.29650040774200026, 0.2965004077419905, -0.8895012232273383, 0.2965004077419905, 0.2965004077419905, 0.2965004077419905, 0.2965004077419905, 0.2965004077419905, 0.2965004077419905, 0.2965004077419905, 0.2965004077419905, 0.2965004077419905, 0.2965004077419905, 0.29650040774200026, 0.29650040774200026, 0.29650040774200026]","[0.2965004077419735, 0.29650040774200026, 0.29650040774200026, 0.8895012232272693, 0.8895012232272693, 0.29650040774200026, 0.29650040774200026, 0.29650040774200026, 0.29650040774200026, 0.29650040774200026, 0.29650040774200026, 0.2965004077419905, 0.29650040774200026, 0.2965004077419905, 0.8895012232273383, 0.2965004077419905, 0.2965004077419905, 0.2965004077419905, 0.2965004077419905, 0.2965004077419905, 0.2965004077419905, 0.2965004077419905, 0.2965004077419905, 0.2965004077419905, 0.2965004077419905, 0.29650040774200026, 0.29650040774200026, 0.29650040774200026]","['KAS15', '3HAD80', '3HAD40', '3OAS60', '3OAR60', '3OAR80', '3OAS80', '3OAR40', '3HAD60', 'EAR40x', 'EAR60x', 'EAR80x', 'FA80ACPHi']","['ECOAH1', 'ECOAH2', 'ECOAH3', 'MACPD', 'ACOATA', 'ACACT2r', 'ACACT3r', 'HACD1', 'HACD2', 'HACD3', 'ACACT1r', 'FADRx2', 'ACOAD3f', 'ACOAD2f']",['FACOAE80'],ACACT1r,3HAD60,10.377514270965785,1,28,1,-4.0,-0.5930008154825726,iML1515,PSL,True,False,-9.78604669763502,0.0,0.0,0.0001955703788172
148,"['ECOAH4', 'ECOAH1', 'ECOAH2', 'ECOAH3', 'MACPD', 'HACD4', 'ACOATA', 'ACACT2r', 'ACACT3r', 'ACACT4r', 'HACD1', 'HACD2', 'HACD3', 'ACACT1r', 'KAS15', 'FACOAE100', '3HAD80', 'FADRx2', '3HAD40', '3OAS60', '3OAR60', '3OAR80', 'EAR100x', '3OAS80', '3OAS100', '3OAR40', '3OAR100', '3HAD60', '3HAD100', 'EAR40x', 'EAR60x', 'EAR80x', 'ACOAD3f', 'ACOAD2f', 'ACOAD4f', 'FA100ACPHi']","[-0.2965004077419735, -0.2965004077419735, -0.2965004077419735, -0.2965004077419735, -1.186001630967912, -0.2965004077419735, 1.186001630967912, -0.2965004077419735, -0.2965004077419735, -0.2965004077419735, -0.2965004077419735, -0.2965004077419735, -0.2965004077419735, -0.2965004077419735, 0.29650040774195796, -0.2965004077419963, 0.2965004077419963, -1.186001630968667, 0.29650040774195796, 0.29650040774195796, 0.29650040774195796, 0.2965004077419963, 0.2965004077419963, 0.2965004077419963, 0.2965004077419963, 0.29650040774195796, 0.2965004077419963, 0.29650040774195796, 0.2965004077419963, 0.29650040774195796, 0.2965004077419963, 0.2965004077419963, 0.2965004077419735, 0.2965004077419735, 0.2965004077419735, 0.2965004077419963]","[0.2965004077419735, 0.2965004077419735, 0.2965004077419735, 0.2965004077419735, 1.186001630967912, 0.2965004077419735, 1.186001630967912, 0.2965004077419735, 0.2965004077419735, 0.2965004077419735, 0.2965004077419735, 0.2965004077419735, 0.2965004077419735, 0.2965004077419735, 0.29650040774195796, 0.2965004077419963, 0.2965004077419963, 1.186001630968667, 0.29650040774195796, 0.29650040774195796, 0.29650040774195796, 0.2965004077419963, 0.2965004077419963, 0.2965004077419963, 0.2965004077419963, 0.29650040774195796, 0.2965004077419963, 0.29650040774195796, 0.2965004077419963, 0.29650040774195796, 0.2965004077419963, 0.2965004077419963, 0.2965004077419735, 0.2965004077419735, 0.2965004077419735, 0.2965004077419963]","['KAS15', '3HAD80', '3HAD40', '3OAS60', '3OAR60', '3OAR80', 'EAR100x', '3OAS80', '3OAS100', '3OAR40', '3OAR100', '3HAD60', '3HAD100', 'EAR40x', 'EAR60x', 'EAR80x', 'FA100ACPHi']","['ECOAH4', 'ECOAH1', 'ECOAH2', 'ECOAH3', 'MACPD', 'HACD4', 'ACOATA', 'ACACT2r', 'ACACT3r', 'ACACT4r', 'HACD1', 'HACD2', 'HACD3', 'ACACT1r', 'FACOAE100', 'FADRx2', 'ACOAD3f', 'ACOAD2f', 'ACOAD4f']",[],ACACT1r,3HAD100,13.639018756136041,1,36,0,-6.0,-0.8895012232252439,iML1515,PSL,True,False,-9.78604669763502,0.0,0.0,0.0
149,"['MACPD', 'HACD5', 'ACOATA', 'ECOAH5', 'ACACT5r', 'AACPS8', 'AACPS7', 'FACOAE100', 'FACOAE120', '3OAR120', '3HAD120', 'FADRx2', 'EAR120x', '3OAS120', 'ACOAD5f']","[-0.06483884380160024, -0.06483884380159952, 0.06483884380160024, -0.06483884380159952, -0.06483884380159952, 0.06483884380160013, -0.06483884380159999, 0.06483884380160013, -0.06483884380159999, 0.06483884380160013, 0.06483884380160013, -0.06483884380164148, 0.06483884380160013, 0.06483884380160013, 0.06483884380159952]","[0.06483884380160024, 0.06483884380159952, 0.06483884380160024, 0.06483884380159952, 0.06483884380159952, 0.06483884380160013, 0.06483884380159999, 0.06483884380160013, 0.06483884380159999, 0.06483884380160013, 0.06483884380160013, 0.06483884380164148, 0.06483884380160013, 0.06483884380160013, 0.06483884380159952]","['MACPD', 'ACOATA', 'AACPS7', 'FACOAE120', 'FADRx2']","['AACPS8', 'FACOAE100', '3OAR120', '3HAD120', 'EAR120x', '3OAS120']","['HACD5', 'ECOAH5', 'ACACT5r', 'ACOAD5f']",AACPS7,3OAR120,0.9725826570230035,1,15,4,1.0,0.06483884380156027,iML1515,PSL,False,False,0.0,0.0,0.0,0.0
150,"['MACPD', 'HACD5', 'ACOATA', 'ECOAH5', 'ACACT5r', 'AACPS8', 'AACPS7', 'FACOAE100', 'FACOAE120', '3OAR120', '3HAD120', 'FADRx2', 'EAR120x', '3OAS120', 'ACOAD5f']","[-0.06483884380160024, -0.06483884380159952, 0.06483884380160024, -0.06483884380159952, -0.06483884380159952, 0.06483884380160013, -0.06483884380159999, 0.06483884380160013, -0.06483884380159999, 0.06483884380160013, 0.06483884380160013, -0.06483884380164148, 0.06483884380160013, 0.06483884380160013, 0.06483884380159952]","[0.06483884380160024, 0.06483884380159952, 0.06483884380160024, 0.06483884380159952, 0.06483884380159952, 0.06483884380160013, 0.06483884380159999, 0.06483884380160013, 0.06483884380159999, 0.06483884380160013, 0.06483884380160013, 0.06483884380164148, 0.06483884380160013, 0.06483884380160013, 0.06483884380159952]","['MACPD', 'ACOATA', 'AACPS7', 'FACOAE120', 'FADRx2']","['AACPS8', 'FACOAE100', '3OAR120', '3HAD120', 'EAR120x', '3OAS120']","['HACD5', 'ECOAH5', 'ACACT5r', 'ACOAD5f']",AACPS7,3HAD120,0.9725826570230035,1,15,4,1.0,0.06483884380156027,iML1515,PSL,False,False,0.0,0.0,0.0,0.0
151,"['MACPD', 'HACD5', 'ACOATA', 'ECOAH5', 'ACACT5r', 'AACPS8', 'AACPS7', 'FACOAE100', 'FACOAE120', '3OAR120', '3HAD120', 'FADRx2', 'EAR120x', '3OAS120', 'ACOAD5f']","[-0.06483884380160024, -0.06483884380159952, 0.06483884380160024, -0.06483884380159952, -0.06483884380159952, 0.06483884380160013, -0.06483884380159999, 0.06483884380160013, -0.06483884380159999, 0.06483884380160013, 0.06483884380160013, -0.06483884380164148, 0.06483884380160013, 0.06483884380160013, 0.06483884380159952]","[0.06483884380160024, 0.06483884380159952, 0.06483884380160024, 0.06483884380159952, 0.06483884380159952, 0.06483884380160013, 0.06483884380159999, 0.06483884380160013, 0.06483884380159999, 0.06483884380160013, 0.06483884380160013, 0.06483884380164148, 0.06483884380160013, 0.06483884380160013, 0.06483884380159952]","['MACPD', 'ACOATA', 'AACPS7', 'FACOAE120', 'FADRx2']","['AACPS8', 'FACOAE100', '3OAR120', '3HAD120', 'EAR120x', '3OAS120']","['HACD5', 'ECOAH5', 'ACACT5r', 'ACOAD5f']",AACPS7,3OAS120,0.9725826570230035,1,15,4,1.0,0.06483884380156027,iML1515,PSL,False,False,0.0,0.0,0.0,0.0
152,"['MACPD', 'HACD7', 'AACPS2', 'AACPS4', 'ACOATA', 'ACACT7r', 'ECOAH7', '3OAS161', 'EAR161x', 'FACOAE141', 'FACOAE161', '3HAD161', 'FADRx2', '3OAR161', 'ACOAD6f', 'CTECOAI6', 'CTECOAI7']","[-0.12532865948019323, -0.12532865948020708, 0.1253286594817832, -0.12532865948019997, 0.12532865948019323, -0.12532865948020708, -0.12532865948020708, 0.1253286594801916, 0.1253286594801916, 0.1253286594801916, -0.12532865948019997, 0.1253286594801916, -0.12532865947883565, 0.1253286594801916, 0.1253286594802071, -0.1253286594801916, 0.12532865948019997]","[0.12532865948019323, 0.12532865948020708, 0.1253286594817832, 0.12532865948019997, 0.12532865948019323, 0.12532865948020708, 0.12532865948020708, 0.1253286594801916, 0.1253286594801916, 0.1253286594801916, 0.12532865948019997, 0.1253286594801916, 0.12532865947883565, 0.1253286594801916, 0.1253286594802071, 0.1253286594801916, 0.12532865948019997]","['MACPD', 'AACPS4', 'ACOATA', 'FACOAE161', 'FADRx2', 'CTECOAI7']","['3OAS161', 'EAR161x', 'FACOAE141', '3HAD161', '3OAR161', 'CTECOAI6']","['HACD7', 'AACPS2', 'ACACT7r', 'ECOAH7', 'ACOAD6f']",FACOAE161,3OAS161,2.1305872111683106,1,17,5,1.0,0.12532865948309982,iML1515,PSL,False,False,0.0,0.0,9.68968679340501,0.0
153,"['MACPD', 'HACD7', 'AACPS2', 'AACPS4', 'ACOATA', 'ACACT7r', 'ECOAH7', '3OAS161', 'EAR161x', 'FACOAE141', 'FACOAE161', '3HAD161', 'FADRx2', '3OAR161', 'ACOAD6f', 'CTECOAI6', 'CTECOAI7']","[-0.12532865948019323, -0.12532865948020708, 0.1253286594817832, -0.12532865948019997, 0.12532865948019323, -0.12532865948020708, -0.12532865948020708, 0.1253286594801916, 0.1253286594801916, 0.1253286594801916, -0.12532865948019997, 0.1253286594801916, -0.12532865947883565, 0.1253286594801916, 0.1253286594802071, -0.1253286594801916, 0.12532865948019997]","[0.12532865948019323, 0.12532865948020708, 0.1253286594817832, 0.12532865948019997, 0.12532865948019323, 0.12532865948020708, 0.12532865948020708, 0.1253286594801916, 0.1253286594801916, 0.1253286594801916, 0.12532865948019997, 0.1253286594801916, 0.12532865947883565, 0.1253286594801916, 0.1253286594802071, 0.1253286594801916, 0.12532865948019997]","['MACPD', 'AACPS4', 'ACOATA', 'FACOAE161', 'FADRx2', 'CTECOAI7']","['3OAS161', 'EAR161x', 'FACOAE141', '3HAD161', '3OAR161', 'CTECOAI6']","['HACD7', 'AACPS2', 'ACACT7r', 'ECOAH7', 'ACOAD6f']",FACOAE161,3HAD161,2.1305872111683106,1,17,5,1.0,0.12532865948309982,iML1515,PSL,False,False,0.0,0.0,9.68968679340501,0.0
154,"['MACPD', 'HACD7', 'AACPS2', 'AACPS4', 'ACOATA', 'ACACT7r', 'ECOAH7', '3OAS161', 'EAR161x', 'FACOAE141', 'FACOAE161', '3HAD161', 'FADRx2', '3OAR161', 'ACOAD6f', 'CTECOAI6', 'CTECOAI7']","[-0.12532865948019323, -0.12532865948020708, 0.1253286594817832, -0.12532865948019997, 0.12532865948019323, -0.12532865948020708, -0.12532865948020708, 0.1253286594801916, 0.1253286594801916, 0.1253286594801916, -0.12532865948019997, 0.1253286594801916, -0.12532865947883565, 0.1253286594801916, 0.1253286594802071, -0.1253286594801916, 0.12532865948019997]","[0.12532865948019323, 0.12532865948020708, 0.1253286594817832, 0.12532865948019997, 0.12532865948019323, 0.12532865948020708, 0.12532865948020708, 0.1253286594801916, 0.1253286594801916, 0.1253286594801916, 0.12532865948019997, 0.1253286594801916, 0.12532865947883565, 0.1253286594801916, 0.1253286594802071, 0.1253286594801916, 0.12532865948019997]","['MACPD', 'AACPS4', 'ACOATA', 'FACOAE161', 'FADRx2', 'CTECOAI7']","['3OAS161', 'EAR161x', 'FACOAE141', '3HAD161', '3OAR161', 'CTECOAI6']","['HACD7', 'AACPS2', 'ACACT7r', 'ECOAH7', 'ACOAD6f']",FACOAE161,3OAR161,2.1305872111683106,1,17,5,1.0,0.12532865948309982,iML1515,PSL,False,False,0.0,0.0,9.68968679340501,0.0
155,"['CYTBDpp', 'ASPO5', 'ASPO6', 'PPPGO', 'PPPGO3', 'NADHPO']","[-0.0002388751930116736, 0.00015925012426125048, -0.00015925012516916312, 0.00018579181444999997, -0.00018579181444999997, -0.00015925012516916312]","[0.0002388751930116736, 0.00015925012426125048, 0.00015925012516916312, 0.00018579181444999997, 0.00018579181444999997, 0.00015925012516916312]","['ASPO5', 'PPPGO']","['CYTBDpp', 'PPPGO3', 'NADHPO']",['ASPO6'],PPPGO3,PPPGO,0.0016455846415966342,1,6,1,-2.0,-0.0003981253190887494,iML1515,PSL,False,False,0.0,0.0,0.0,2.19249303654578e-05
156,"['AHGDx', 'PDX5POi', 'PDX5PO2', 'SHGO']","[0.00018579185928047082, 0.00018579181444999997, -0.00018579181444994107, -0.0001857918592473645]","[0.00018579185928047082, 0.00018579181444999997, 0.00018579181444994107, 0.0001857918592473645]",['PDX5POi'],"['AHGDx', 'PDX5PO2', 'SHGO']",[],PDX5PO2,PDX5POi,0.0007431672710702492,1,4,0,0.0,3.316525656535396e-14,iML1515,PSL,False,False,0.0,0.0,0.0005902191253093,0.0
157,"['SHK3Dr', 'DHORTS', 'OMPDC', 'CS', 'ICDHyr', 'ACALD', 'PTRCTA', 'CYSDS', 'PPA', 'APRAUR', 'TRPAS2', 'DB4PS', 'ACP1_FMN', 'RBFSb', 'NDP3', 'EX_pi_e', 'SHCHD2', 'EX_co2_e', 'A5PISO', 'PMDPHT', 'CPPPGO', 'ILETA', 'GLYCTO2', 'IPPMIb', 'ORPT', 'RBFSa', 'ACHBS', 'DHAD2', 'ACLS', 'PSCVT', 'PFL', 'ANS', 'ANPRT', 'CHORM', 'PTAr', 'CHORS', 'IGPS', 'ACKr', 'LEUTAi', 'DMATT', 'GRTT', 'UPP3S', 'UPPDC1', 'EX_ade_e', 'EX_mn2_e', 'EX_ac_e', 'MOAT', 'UDCPDPS', 'ECOAH6', 'USHD', 'EX_gua_e', 'HCO3E', 'IMPC', 'ECOAH4', 'LPADSS', 'GLUTRS', 'TDSK', 'TMPPP', 'PGL', 'RPE', 'DHQTi', 'IPMD', 'TALA', 'PUNP1', 'PUNP3', 'TKT1', 'TMDS', 'PPCDC', 'DHAD1', 'IPPMIa', 'INSK', 'MDH', 'ABTA', 'FUM', 'FMNAT', 'ASPT', 'OHPBAT', 'SERD_L', 'KARA1', 'KARA2', 'ACCOAC', 'GLXCL', 'GLUTRR', 'AGMT', 'ARGDC', 'HACD6', 'ECOAH1', 'ECOAH2', 'G1SAT', 'KDOCT2', 'ECOAH3', 'EDTXS1', 'DXPS', 'CDPMEK', 'EDTXS2', 'MECDPS', 'PGAMT', 'ICL', 'UAGDP', 'UAGCVT', 'GLUR', 'GLYCL', 'NNDPR', 'HACD4', 'EX_zn2_e', 'HACD5', 'HACD7', 'DNMPPA', 'HPPK2', 'PTPATi', 'DXPRIi', 'GTPCII2', 'SADT2', 'OPHBDC', 'AACPS1', 'GHMT2r', 'DHORD2', 'SDPDS', 'ADCS', 'ADCL', 'UMPK', 'UAPGR', 'NTD9', 'CTPS2', 'PAPPT3', 'UAGPT3', 'TRPS3', 'FADRx', 'NDPK2', 'NDPK3', 'ADA', 'FCLT', 'HBZOPT', 'PNTK', 'OCTDPS', 'DPCOAK', 'ASNS2', 'ASPCT', 'KDOPS', 'KDOPP', 'DMPPS', 'MCOATA', 'IPDPS', 'DAPE', 'DHDPRy', 'HSK', 'SDPTA', 'THRS', 'HSST', 'PPNDH', 'TRDR', 'DDPA', 'P5CD', 'RHCCE', 'MALS', 'EX_urea_e', 'G3PD2', 'AMPN', 'U23GAAT', 'UAAGDS', 'AACPS4', 'UAMAS', 'UAMAGS', 'NTPP7', 'P5CR', 'DHPPDA2', 'AKGDH', 'ASP1DC', 'UGMDDS', 'DBTS', 'UHGADA', 'UAGAAT', 'ATPPRT', 'HISTD', 'DHDPS', 'G1PACT', 'GF6PTA', 'IGPDH', 'PRATPP', 'PRMICI', 'NADS1', 'BPNT', 'PAPSR', 'ASPK', 'ASAD', 'DAPDC', 'GPDDA2', 'PHETA1', 'PPND', 'METAT', 'PRAMPC', 'PDX5PS', 'PPBNGS', 'SULR', 'CBMKr', 'PPNCL2', 'NNATr', 'ETHAAL', 'GND', 'DM_amob_c', 'MOAT2', 'G6PDH2r', 'IPPS', 'EX_mg2_e', 'MOHMT', 'SPODM', 'AHCYSNS', 'ACtex', 'CHRPL', 'ACACT7r', 'ADK3', 'ACACT2r', 'ADSK', 'ACACT3r', 'ACACT4r', 'HSDy', 'CYSTL', 'SHSL1', 'SSALy', 'EX_ca2_e', 'Kt2pp', 'GUAtex', 'FACOAL160t2pp', 'O2tpp', 'THD2pp', 'GTPCI', 'UDCPDP', 'ATPS4rpp', 'CYTK1', 'ADEt2rpp', 'CO2tpp', 'GUAtpp', 'HACD1', 'Ktex', 'HACD2', 'ECOAH5', 'DHFS', 'EX_ni2_e', 'PItex', 'ACt2rpp', 'EX_meoh_e', 'METS', 'ASPO5', 'ASPO6', 'EX_cu2_e', 'ACACT5r', 'DHPS2', 'MTHFC', 'MTHFD', 'QULNS', 'ALKP', 'EX_cobalt2_e', 'ACACT6r', 'UREAtex', 'LIPAabcpp', 'TDP', 'SO4tex', 'FACOAE140', 'NH4tpp', 'PIuabcpp', 'MOBDabcpp', 'MOBDtex', 'NI2tex', 'DNTPPA', 'NH4tex', 'ADEtex', 'EX_enlipa_e', 'CU2abcpp', 'COBALT2abcpp', 'NI2abcpp', 'MG2tex', 'Zn2tex', 'H2Otpp', 'CO2tex', 'COBALT2tex', 'HMBS', 'MEPCT', 'GLUDy', 'ZN2abcpp', 'DAAD', 'UREAtpp', 'HSTPT', 'THDPS', 'NADPPPS', 'THRD_L', 'DHFR', 'PRAIi', 'HACD3', 'TYRTA', 'SHKK', 'EX_mobd_e', 'EX_so4_e', 'OMCDC', 'ABUTD', 'E4PD', 'IG3PS', 'PDH', 'MTHFR2', 'EX_nh4_e', 'DUTPDP', 'DPR', 'AMAOTr', 'GLNS', 'EX_k_e', 'ACACT1r', 'CU2tex', 'CLtex', 'MNtex', 'SHCHF', 'SUCOAS', 'AACPS7', 'PANTS', 'ECOAH7', 'GCALDD', 'HISTP', 'QMO3', 'UPP3MT', 'DHQS', 'DASYN181', 'FACOAE161', 'ALAALAD', 'G3PEabcpp', 'AICART', 'EX_cl_e', 'PPPGO3', 'PDX5PO2', 'CYTBO3_4pp', 'GLYCK', 'MPTG', 'RPI', 'MCTP1App', 'PERD', '5DOAN', 'DM_5drib_c', 'K2L4Aabcpp', 'FACOAE120', 'SO4t2pp', 'AMPMS2', 'ACONTb', 'CA2tex', 'SUCDi', 'LPLIPAL1E160pp', 'PLIPA2E160pp', 'G3PAT161', '3OAS140', '3OAR140', 'ACONTa', 'PETNT161pp', 'PSSA181', 'DAGK161', 'AGPAT161', 'PSD181', 'DAGK181', 'PE181abcpp', '12DGR161tipp', '12DGR181tipp', '2MAHMP', 'ACOAD7f', 'ACOAD5f', 'ACOAD3f', 'ACOAD2f', 'ACOAD4f', 'ACOAD6f', 'NADH16pp', 'CA2t3pp', 'OPHHX3', 'DALAt2pp', 'FE2tpp', 'CLt3_2pp', 'POR5', 'MTHTHFSs', 'MALCOAMT', 'MG2t3_2pp', 'THRA', 'OGMEACPS', 'OGMEACPR', 'OPMEACPS', 'CTECOAI7', 'K2L4Aabctex', 'OPMEACPD', 'EPMEACPR', 'AOXSr2', 'MEOHtrpp', 'OGMEACPD', 'EGMEACPR', 'OPMEACPR', 'PMEACPE', 'MEOHtex', 'ICYSDS', 'MECDPDH5', 'RNTR1c2', 'RNTR2c2', 'I4FE4SR', 'RNTR3c2', 'RNTR4c2', 'I2FE2SS', 'I2FE2ST', 'FESR', 'I2FE2SS2', 'I4FE4ST', 'BTS5', 'DM_4crsol_c', 'DHNPA2r', 'FESD1s', '4HTHRA', 'I2FE2SR', 'TYRL', 'THZPSN3', '4HTHRK', 'PETNT181pp', 'BIOMASS_Ec_iML1515_core_75p37M', 'DHPTDCs2', 'ENLIPAabctex', 'DM_mththf_c']","[-0.22493203187555003, 0.19523138831774972, -0.19523138831774972, -3.6057448492070314, -2.9788673434287087, 0.39400614034868986, 0.17457302200239996, 0.14606101798296234, 1.6696085812223123, -0.0002632240485835898, 0.03354808206334999, -0.0005264480971671796, 0.0001316120242335898, -0.0002632240485835898, 0.14355035631648366, -0.23521844833992844, -0.00013161202434999996, -4.201248664571889, 0.5133797659286485, -0.0002632240485835898, -0.00013161202434999996, 0.17146686019004992, -0.0005573754433501055, 0.2658981925669499, 0.19523138831774972, -0.0005264480971671796, -0.17146686019004992, -0.17146686019004992, -0.5160413044610725, -0.22493203187555003, 0.0014477322675008656, -0.03354808206334999, -0.03354808206334999, -0.19085750171479995, -2.0658198162703783, -0.22493203187555003, -0.03354808206334999, 2.0658198162703783, -0.2658981925669499, -0.0001640723890999982, -0.0001640723890999982, -0.0002632240486999999, -0.00013161202434999996, 0.12086410248748548, 0.0004078202189248259, -1.5524400503417297, 0.25668988296432427, -3.2460364749998215e-05, 0.10406714979432433, 0.25668988296432427, 0.14355035631648366, 1.026887602750947, 0.05578166135175, 1.398999271099146, 0.25668988296432427, -0.0021057923895999994, 0.25668988296432427, -0.00013161202434999996, -0.4930614822526014, -0.22830190651462973, -0.22493203187555003, -0.2658981925669499, -0.22676404489241486, -0.05578166135175, 0.14355035631648366, -0.22676404489241486, -0.015442870982699995, -0.00039778701536236083, -0.5160413044610725, 0.2658981925669499, 0.05578166135175, -3.6057448492070314, 0.17457302200239996, -2.214999279783174, -0.0001316120242335898, 0.7559902189990363, -0.0002941513946500091, 0.34394560523980156, 0.5160413044610725, -0.17146686019004992, 1.026755990726597, 0.38165534410109103, -0.0021057923895999994, 0.17457302200239996, 0.17457302200239996, 0.10406714979432433, 1.3989992710992283, 1.398999271099146, -0.0021057923895999994, 0.5133797659286485, 1.398999271099146, 0.2681725894475243, -0.00167318425574998, -0.0014099602070499803, 0.2681725894475243, -0.0014099602070499803, -0.4805794526314486, -0.6268775057783254, 0.4805794526314486, -0.0164001566486, 0.0164001566486, 0.27738337225456366, -0.0013444492890793598, 1.398999271099146, 0.00020125426144999994, 1.398999271099146, -0.16410543965319996, -0.0003948360730500963, -0.0003948360730500963, -0.00039778701536236083, -0.0014099602070499803, -0.0002632240485835898, -0.14606101798296234, -0.00013161202434999996, 0.2681725894475243, -0.44036981460662594, -0.1948252018165928, -0.21892981533904993, -0.0003948360730500963, -0.0003948360730500963, 0.045058337997974596, -0.0164001566486, 0.14355035631648366, -0.09474000093625001, -0.0164001566486, -0.0164001566486, -0.03354808206334999, 6.99866300693002, 0.28534806431369863, 0.7353541740754606, 0.05578166135175, -0.00013161202434999996, -0.00013161202434999996, -0.00039778701536236083, -0.00013161202435, -0.00039778701536236083, -0.14226787681474995, -0.19523138831774972, 0.5133797659286485, 0.5133797659286485, -0.00016407238909999823, 1.026757171103497, -0.0012458878179499823, -0.21892981533904993, -0.21892981533904993, 0.03515385709519003, 0.21892981533904993, 0.03515385709519003, -0.09083649452795002, -0.10934126318924997, -0.14606101798296234, -0.22493203187555003, 0.13046410781474999, -0.00026440442559999994, -1.3907455694238577, 0.17457302200239996, 0.08205271982659998, 0.1770429606660855, 0.5133797659286485, -0.0164001566486, -0.0887808681566, -0.0164001566486, -0.0164001566486, 0.015442870982699995, -0.13046410781474999, -0.0002632240485835898, -2.518874465498715, -0.00039778701536236083, -0.0164001566486, -1.1803768999999998e-06, 0.5133797659286485, 0.5133797659286485, -0.055913273376099984, -0.055913273376099984, -0.21892981533904993, 0.4805794526314486, 0.4805794526314486, -0.055913273376099984, -0.055913273376099984, -0.055913273376099984, -0.0013444492890793598, -0.14606101798296234, -0.14606101798296234, -0.2746124527718099, 0.2746124527718099, -0.20252965869044992, 0.03766228574829999, 0.10934126318924997, -0.08151623852554998, -0.0005299892280999988, -0.055913273376099984, -0.00013161202434999996, -0.0010528961947999997, -0.14606101798296234, -0.19523138831774972, -0.00039778701536236083, -0.0013444492890793598, 0.03766228574829999, -0.4930614822526014, -1.1803768999999998e-06, 0.25668988296432427, -0.4930614822526014, -0.2658981925669499, 0.005119884803749999, -0.00039778701536236083, -0.00040618650115693627, -0.00026440442559999994, 1.5524400503417297, -0.00013161202434999996, -0.16410543965319996, 0.28961137429944595, 1.398999271099146, -0.14606101798296234, 1.398999271099146, 1.398999271099146, 0.05568263743276003, -0.09083649452795002, -0.09083649452795002, 0.17457302200239996, 0.0030719308822499992, -0.11520065412084997, -0.14355035631648366, 0.07532457149659998, -10.74999922328329, 0.29694010167621254, -0.0003948360730500963, -0.0164001566486, -34.55888623662273, 0.7353541740754606, -0.12086410248748548, 4.201248664571889, -0.14355035631648366, 1.3989992710991723, -0.11520065412084997, 1.398999271099146, 1.398999271099146, -0.0003948360730500963, 0.00019063086934999993, 0.23521844833992844, 1.5524400503417297, -1.1803768999999998e-06, -0.09110089895354997, 0.0005534599185637035, -0.0018979092076430633, 0.0004184436110499999, 1.398999271099146, -0.0003948360730500963, -0.05591327337609997, -0.05591327337609997, -0.0013444492890793598, 0.168704331364526, 1.4754711249999997e-05, 0.10406714979432433, -0.17457302200239996, 0.2681725894475243, 0.00013161202434999996, -0.14862125547906233, 0.2681725894475243, -3.8982489876159896, 0.23521844833992844, -4.131319149999999e-06, -4.131319149999999e-06, -0.00019063086934999993, -0.0003948360730500963, -3.8982489876159896, -0.12086410248748548, 0.2681725894475243, 0.0004184436110499999, 1.4754711249999997e-05, 0.00019063086934999993, -0.005119884803749999, -0.00020125426144999994, 12.158944533862737, 4.201248664571889, -1.4754711249999997e-05, -0.0002632240486999999, -0.0014099602070499803, 2.2810414149239806, 0.00020125426144999994, 0.0246002349729, -0.17457302200239996, -0.055913273376099984, -0.21892981533904993, 0.00026381423714627594, -0.17146686019004992, -0.01583770705575009, -0.03354808206334999, 1.398999271099146, 0.08151623852554998, -0.22493203187555003, 4.131319149999999e-06, 0.14862125547906233, -0.2658981925669499, 0.17457302200239996, -0.0002941513946500091, -0.055913273376099984, 2.1818164248894334, -0.09110089895354997, 3.8982489876159896, -0.015442870982699995, -0.00039778701536236083, -1.1803768999999998e-06, 0.14066926768069865, 0.11520065412084997, 1.3989992710991723, -0.0004184436110499999, -0.0030719308822499992, -0.0004078202189248259, -0.00013161202434999996, 2.209050317163615, 1.2949321213048215, -0.00039778701536236083, -0.16410543965319996, -0.0005573754433501055, -0.055913273376099984, -0.00040618650115693627, -0.00013161202434999996, -0.22493203187555003, 0.2237821553692243, -0.0887808681566, 0.0164001566486, 0.03766228574829999, -0.05578166135175, 0.0030719308822499992, -0.00013161202434999996, -0.00013161202434999996, -21.495127031100285, 0.38165534410109103, -0.0082000783243, 0.7776128935695397, -0.0082000783243, -0.0002941513946500091, -0.00013279240124999995, -0.00013279240124999995, -0.011482706483199996, 1.2949321213048215, -0.14862125547906233, -0.00013161202434999996, -3.6057448492070314, -0.0030719308822499992, -2.970962486961003, 0.03766228574829999, 0.03766228574829999, -0.044390434078299984, 1.026759531857297, 1.026759531857297, -3.6057448492070314, 0.044390434078299984, 0.2237821553692243, 0.044390434078299984, -0.044390434078299984, 0.2237821553692243, 0.22378215536922433, 0.2237821553692243, 0.044390434078299984, 0.22378215536922433, 0.00013161202434999996, 0.07532457149659998, -1.398999271099146, -1.398999271099146, -1.398999271099146, -1.398999271099146, -0.10406714979432433, -18.32878196687934, 0.0030719308822499992, -0.00013161202434999996, -0.0082000783243, -0.00947901669545, -0.0015359654411249996, -0.06418594487974996, -0.00026440442559999994, -1.1803768999999998e-06, -0.005119884803749999, 0.35634385460038986, -1.1803768999999998e-06, -1.1803768999999998e-06, -1.1803768999999998e-06, 0.0887808681566, -0.011482706483199996, -1.1803768999999998e-06, -1.1803768999999998e-06, -1.1803768999999998e-06, 1.1803768999999998e-06, -1.1803768999999998e-06, -1.1803768999999998e-06, -1.1803768999999998e-06, -1.1803768999999998e-06, 1.1803768999999998e-06, -0.0007772781886500015, -0.0014099602070499803, -0.015442870982699997, -0.015945121353649998, -0.0001534489970000004, -0.015945121353649998, -0.015442870982699995, -0.00016879389670000037, -1.6525276599999996e-05, -0.004608191417599999, -0.0001534489970000004, -0.0001534489970000004, -1.1803768999999998e-06, -0.00013161202434999996, -0.0003948360730500963, -0.0023040957087999995, -0.00016253937030000914, -1.1803768999999998e-06, -0.00013161202434999996, -0.00013161202434999996, 0.00016253937030000914, 0.22378215536922433, -0.5901884499999999, -0.00026440442559999994, 0.2681725894475243, -0.00026440442559999994]","[0.22493203187555003, 0.19523138831774972, 0.19523138831774972, 3.6057448492070314, 2.9788673434287087, 0.39400614034868986, 0.17457302200239996, 0.14606101798296234, 1.6696085812223123, 0.0002632240485835898, 0.03354808206334999, 0.0005264480971671796, 0.0001316120242335898, 0.0002632240485835898, 0.14355035631648366, 0.23521844833992844, 0.00013161202434999996, 4.201248664571889, 0.5133797659286485, 0.0002632240485835898, 0.00013161202434999996, 0.17146686019004992, 0.0005573754433501055, 0.2658981925669499, 0.19523138831774972, 0.0005264480971671796, 0.17146686019004992, 0.17146686019004992, 0.5160413044610725, 0.22493203187555003, 0.0014477322675008656, 0.03354808206334999, 0.03354808206334999, 0.19085750171479995, 2.0658198162703783, 0.22493203187555003, 0.03354808206334999, 2.0658198162703783, 0.2658981925669499, 0.0001640723890999982, 0.0001640723890999982, 0.0002632240486999999, 0.00013161202434999996, 0.12086410248748548, 0.0004078202189248259, 1.5524400503417297, 0.25668988296432427, 3.2460364749998215e-05, 0.10406714979432433, 0.25668988296432427, 0.14355035631648366, 1.026887602750947, 0.05578166135175, 1.398999271099146, 0.25668988296432427, 0.0021057923895999994, 0.25668988296432427, 0.00013161202434999996, 0.4930614822526014, 0.22830190651462973, 0.22493203187555003, 0.2658981925669499, 0.22676404489241486, 0.05578166135175, 0.14355035631648366, 0.22676404489241486, 0.015442870982699995, 0.00039778701536236083, 0.5160413044610725, 0.2658981925669499, 0.05578166135175, 3.6057448492070314, 0.17457302200239996, 2.214999279783174, 0.0001316120242335898, 0.7559902189990363, 0.0002941513946500091, 0.34394560523980156, 0.5160413044610725, 0.17146686019004992, 1.026755990726597, 0.38165534410109103, 0.0021057923895999994, 0.17457302200239996, 0.17457302200239996, 0.10406714979432433, 1.3989992710992283, 1.398999271099146, 0.0021057923895999994, 0.5133797659286485, 1.398999271099146, 0.2681725894475243, 0.00167318425574998, 0.0014099602070499803, 0.2681725894475243, 0.0014099602070499803, 0.4805794526314486, 0.6268775057783254, 0.4805794526314486, 0.0164001566486, 0.0164001566486, 0.27738337225456366, 0.0013444492890793598, 1.398999271099146, 0.00020125426144999994, 1.398999271099146, 0.16410543965319996, 0.0003948360730500963, 0.0003948360730500963, 0.00039778701536236083, 0.0014099602070499803, 0.0002632240485835898, 0.14606101798296234, 0.00013161202434999996, 0.2681725894475243, 0.44036981460662594, 0.1948252018165928, 0.21892981533904993, 0.0003948360730500963, 0.0003948360730500963, 0.045058337997974596, 0.0164001566486, 0.14355035631648366, 0.09474000093625001, 0.0164001566486, 0.0164001566486, 0.03354808206334999, 6.99866300693002, 0.28534806431369863, 0.7353541740754606, 0.05578166135175, 0.00013161202434999996, 0.00013161202434999996, 0.00039778701536236083, 0.00013161202435, 0.00039778701536236083, 0.14226787681474995, 0.19523138831774972, 0.5133797659286485, 0.5133797659286485, 0.00016407238909999823, 1.026757171103497, 0.0012458878179499823, 0.21892981533904993, 0.21892981533904993, 0.03515385709519003, 0.21892981533904993, 0.03515385709519003, 0.09083649452795002, 0.10934126318924997, 0.14606101798296234, 0.22493203187555003, 0.13046410781474999, 0.00026440442559999994, 1.3907455694238577, 0.17457302200239996, 0.08205271982659998, 0.1770429606660855, 0.5133797659286485, 0.0164001566486, 0.0887808681566, 0.0164001566486, 0.0164001566486, 0.015442870982699995, 0.13046410781474999, 0.0002632240485835898, 2.518874465498715, 0.00039778701536236083, 0.0164001566486, 1.1803768999999998e-06, 0.5133797659286485, 0.5133797659286485, 0.055913273376099984, 0.055913273376099984, 0.21892981533904993, 0.4805794526314486, 0.4805794526314486, 0.055913273376099984, 0.055913273376099984, 0.055913273376099984, 0.0013444492890793598, 0.14606101798296234, 0.14606101798296234, 0.2746124527718099, 0.2746124527718099, 0.20252965869044992, 0.03766228574829999, 0.10934126318924997, 0.08151623852554998, 0.0005299892280999988, 0.055913273376099984, 0.00013161202434999996, 0.0010528961947999997, 0.14606101798296234, 0.19523138831774972, 0.00039778701536236083, 0.0013444492890793598, 0.03766228574829999, 0.4930614822526014, 1.1803768999999998e-06, 0.25668988296432427, 0.4930614822526014, 0.2658981925669499, 0.005119884803749999, 0.00039778701536236083, 0.00040618650115693627, 0.00026440442559999994, 1.5524400503417297, 0.00013161202434999996, 0.16410543965319996, 0.28961137429944595, 1.398999271099146, 0.14606101798296234, 1.398999271099146, 1.398999271099146, 0.05568263743276003, 0.09083649452795002, 0.09083649452795002, 0.17457302200239996, 0.0030719308822499992, 0.11520065412084997, 0.14355035631648366, 0.07532457149659998, 10.74999922328329, 0.29694010167621254, 0.0003948360730500963, 0.0164001566486, 34.55888623662273, 0.7353541740754606, 0.12086410248748548, 4.201248664571889, 0.14355035631648366, 1.3989992710991723, 0.11520065412084997, 1.398999271099146, 1.398999271099146, 0.0003948360730500963, 0.00019063086934999993, 0.23521844833992844, 1.5524400503417297, 1.1803768999999998e-06, 0.09110089895354997, 0.0005534599185637035, 0.0018979092076430633, 0.0004184436110499999, 1.398999271099146, 0.0003948360730500963, 0.05591327337609997, 0.05591327337609997, 0.0013444492890793598, 0.168704331364526, 1.4754711249999997e-05, 0.10406714979432433, 0.17457302200239996, 0.2681725894475243, 0.00013161202434999996, 0.14862125547906233, 0.2681725894475243, 3.8982489876159896, 0.23521844833992844, 4.131319149999999e-06, 4.131319149999999e-06, 0.00019063086934999993, 0.0003948360730500963, 3.8982489876159896, 0.12086410248748548, 0.2681725894475243, 0.0004184436110499999, 1.4754711249999997e-05, 0.00019063086934999993, 0.005119884803749999, 0.00020125426144999994, 12.158944533862737, 4.201248664571889, 1.4754711249999997e-05, 0.0002632240486999999, 0.0014099602070499803, 2.2810414149239806, 0.00020125426144999994, 0.0246002349729, 0.17457302200239996, 0.055913273376099984, 0.21892981533904993, 0.00026381423714627594, 0.17146686019004992, 0.01583770705575009, 0.03354808206334999, 1.398999271099146, 0.08151623852554998, 0.22493203187555003, 4.131319149999999e-06, 0.14862125547906233, 0.2658981925669499, 0.17457302200239996, 0.0002941513946500091, 0.055913273376099984, 2.1818164248894334, 0.09110089895354997, 3.8982489876159896, 0.015442870982699995, 0.00039778701536236083, 1.1803768999999998e-06, 0.14066926768069865, 0.11520065412084997, 1.3989992710991723, 0.0004184436110499999, 0.0030719308822499992, 0.0004078202189248259, 0.00013161202434999996, 2.209050317163615, 1.2949321213048215, 0.00039778701536236083, 0.16410543965319996, 0.0005573754433501055, 0.055913273376099984, 0.00040618650115693627, 0.00013161202434999996, 0.22493203187555003, 0.2237821553692243, 0.0887808681566, 0.0164001566486, 0.03766228574829999, 0.05578166135175, 0.0030719308822499992, 0.00013161202434999996, 0.00013161202434999996, 21.495127031100285, 0.38165534410109103, 0.0082000783243, 0.7776128935695397, 0.0082000783243, 0.0002941513946500091, 0.00013279240124999995, 0.00013279240124999995, 0.011482706483199996, 1.2949321213048215, 0.14862125547906233, 0.00013161202434999996, 3.6057448492070314, 0.0030719308822499992, 2.970962486961003, 0.03766228574829999, 0.03766228574829999, 0.044390434078299984, 1.026759531857297, 1.026759531857297, 3.6057448492070314, 0.044390434078299984, 0.2237821553692243, 0.044390434078299984, 0.044390434078299984, 0.2237821553692243, 0.22378215536922433, 0.2237821553692243, 0.044390434078299984, 0.22378215536922433, 0.00013161202434999996, 0.07532457149659998, 1.398999271099146, 1.398999271099146, 1.398999271099146, 1.398999271099146, 0.10406714979432433, 18.32878196687934, 0.0030719308822499992, 0.00013161202434999996, 0.0082000783243, 0.00947901669545, 0.0015359654411249996, 0.06418594487974996, 0.00026440442559999994, 1.1803768999999998e-06, 0.005119884803749999, 0.35634385460038986, 1.1803768999999998e-06, 1.1803768999999998e-06, 1.1803768999999998e-06, 0.0887808681566, 0.011482706483199996, 1.1803768999999998e-06, 1.1803768999999998e-06, 1.1803768999999998e-06, 1.1803768999999998e-06, 1.1803768999999998e-06, 1.1803768999999998e-06, 1.1803768999999998e-06, 1.1803768999999998e-06, 1.1803768999999998e-06, 0.0007772781886500015, 0.0014099602070499803, 0.015442870982699997, 0.015945121353649998, 0.0001534489970000004, 0.015945121353649998, 0.015442870982699995, 0.00016879389670000037, 1.6525276599999996e-05, 0.004608191417599999, 0.0001534489970000004, 0.0001534489970000004, 1.1803768999999998e-06, 0.00013161202434999996, 0.0003948360730500963, 0.0023040957087999995, 0.00016253937030000914, 1.1803768999999998e-06, 0.00013161202434999996, 0.00013161202434999996, 0.00016253937030000914, 0.22378215536922433, 0.5901884499999999, 0.00026440442559999994, 0.2681725894475243, 0.00026440442559999994]","['GLYCTO2', 'EX_ac_e', 'PGL', 'DHORD2', 'IPDPS', 'TRDR', 'MALS', 'PAPSR', 'GND', 'G6PDH2r', 'ACtex', 'ACt2rpp', 'ASPO6', 'DUTPDP', 'GCALDD', 'RPI', 'G3PAT161', 'MTHTHFSs', 'RNTR4c2', 'DHPTDCs2', 'DM_mththf_c']","['ACALD', 'PTRCTA', 'CYSDS', 'ACP1_FMN', 'NDP3', 'PFL', 'EX_ade_e', 'EX_gua_e', 'TALA', 'PUNP3', 'TKT1', 'INSK', 'ABTA', 'ASPT', 'SERD_L', 'GLXCL', 'AGMT', 'ARGDC', 'EDTXS1', 'EDTXS2', 'AACPS1', 'NTD9', 'ADA', 'P5CD', 'EX_urea_e', 'AMPN', 'NTPP7', 'GPDDA2', 'ETHAAL', 'SSALy', 'GUAtex', 'FACOAL160t2pp', 'ADEt2rpp', 'GUAtpp', 'ASPO5', 'ALKP', 'UREAtex', 'LIPAabcpp', 'TDP', 'FACOAE140', 'PIuabcpp', 'ADEtex', 'EX_enlipa_e', 'CU2abcpp', 'COBALT2abcpp', 'NI2abcpp', 'ZN2abcpp', 'DAAD', 'UREAtpp', 'NADPPPS', 'ABUTD', 'DASYN181', 'ALAALAD', 'G3PEabcpp', 'GLYCK', 'LPLIPAL1E160pp', 'PLIPA2E160pp', 'PETNT161pp', 'PSSA181', 'DAGK161', 'PSD181', 'DAGK181', 'PE181abcpp', '12DGR161tipp', '12DGR181tipp', '2MAHMP', 'CA2t3pp', 'THRA', '4HTHRA', '4HTHRK', 'PETNT181pp', 'ENLIPAabctex']","['SHK3Dr', 'DHORTS', 'OMPDC', 'CS', 'ICDHyr', 'PPA', 'APRAUR', 'TRPAS2', 'DB4PS', 'RBFSb', 'EX_pi_e', 'SHCHD2', 'EX_co2_e', 'A5PISO', 'PMDPHT', 'CPPPGO', 'ILETA', 'IPPMIb', 'ORPT', 'RBFSa', 'ACHBS', 'DHAD2', 'ACLS', 'PSCVT', 'ANS', 'ANPRT', 'CHORM', 'PTAr', 'CHORS', 'IGPS', 'ACKr', 'LEUTAi', 'DMATT', 'GRTT', 'UPP3S', 'UPPDC1', 'EX_mn2_e', 'MOAT', 'UDCPDPS', 'ECOAH6', 'USHD', 'HCO3E', 'IMPC', 'ECOAH4', 'LPADSS', 'GLUTRS', 'TDSK', 'TMPPP', 'RPE', 'DHQTi', 'IPMD', 'PUNP1', 'TMDS', 'PPCDC', 'DHAD1', 'IPPMIa', 'MDH', 'FUM', 'FMNAT', 'OHPBAT', 'KARA1', 'KARA2', 'ACCOAC', 'GLUTRR', 'HACD6', 'ECOAH1', 'ECOAH2', 'G1SAT', 'KDOCT2', 'ECOAH3', 'DXPS', 'CDPMEK', 'MECDPS', 'PGAMT', 'ICL', 'UAGDP', 'UAGCVT', 'GLUR', 'GLYCL', 'NNDPR', 'HACD4', 'EX_zn2_e', 'HACD5', 'HACD7', 'DNMPPA', 'HPPK2', 'PTPATi', 'DXPRIi', 'GTPCII2', 'SADT2', 'OPHBDC', 'GHMT2r', 'SDPDS', 'ADCS', 'ADCL', 'UMPK', 'UAPGR', 'CTPS2', 'PAPPT3', 'UAGPT3', 'TRPS3', 'FADRx', 'NDPK2', 'NDPK3', 'FCLT', 'HBZOPT', 'PNTK', 'OCTDPS', 'DPCOAK', 'ASNS2', 'ASPCT', 'KDOPS', 'KDOPP', 'DMPPS', 'MCOATA', 'DAPE', 'DHDPRy', 'HSK', 'SDPTA', 'THRS', 'HSST', 'PPNDH', 'DDPA', 'RHCCE', 'G3PD2', 'U23GAAT', 'UAAGDS', 'AACPS4', 'UAMAS', 'UAMAGS', 'P5CR', 'DHPPDA2', 'AKGDH', 'ASP1DC', 'UGMDDS', 'DBTS', 'UHGADA', 'UAGAAT', 'ATPPRT', 'HISTD', 'DHDPS', 'G1PACT', 'GF6PTA', 'IGPDH', 'PRATPP', 'PRMICI', 'NADS1', 'BPNT', 'ASPK', 'ASAD', 'DAPDC', 'PHETA1', 'PPND', 'METAT', 'PRAMPC', 'PDX5PS', 'PPBNGS', 'SULR', 'CBMKr', 'PPNCL2', 'NNATr', 'DM_amob_c', 'MOAT2', 'IPPS', 'EX_mg2_e', 'MOHMT', 'SPODM', 'AHCYSNS', 'CHRPL', 'ACACT7r', 'ADK3', 'ACACT2r', 'ADSK', 'ACACT3r', 'ACACT4r', 'HSDy', 'CYSTL', 'SHSL1', 'EX_ca2_e', 'Kt2pp', 'O2tpp', 'THD2pp', 'GTPCI', 'UDCPDP', 'ATPS4rpp', 'CYTK1', 'CO2tpp', 'HACD1', 'Ktex', 'HACD2', 'ECOAH5', 'DHFS', 'EX_ni2_e', 'PItex', 'EX_meoh_e', 'METS', 'EX_cu2_e', 'ACACT5r', 'DHPS2', 'MTHFC', 'MTHFD', 'QULNS', 'EX_cobalt2_e', 'ACACT6r', 'SO4tex', 'NH4tpp', 'MOBDabcpp', 'MOBDtex', 'NI2tex', 'DNTPPA', 'NH4tex', 'MG2tex', 'Zn2tex', 'H2Otpp', 'CO2tex', 'COBALT2tex', 'HMBS', 'MEPCT', 'GLUDy', 'HSTPT', 'THDPS', 'THRD_L', 'DHFR', 'PRAIi', 'HACD3', 'TYRTA', 'SHKK', 'EX_mobd_e', 'EX_so4_e', 'OMCDC', 'E4PD', 'IG3PS', 'PDH', 'MTHFR2', 'EX_nh4_e', 'DPR', 'AMAOTr', 'GLNS', 'EX_k_e', 'ACACT1r', 'CU2tex', 'CLtex', 'MNtex', 'SHCHF', 'SUCOAS', 'AACPS7', 'PANTS', 'ECOAH7', 'HISTP', 'QMO3', 'UPP3MT', 'DHQS', 'FACOAE161', 'AICART', 'EX_cl_e', 'PPPGO3', 'PDX5PO2', 'CYTBO3_4pp', 'MPTG', 'MCTP1App', 'PERD', '5DOAN', 'DM_5drib_c', 'K2L4Aabcpp', 'FACOAE120', 'SO4t2pp', 'AMPMS2', 'ACONTb', 'CA2tex', 'SUCDi', '3OAS140', '3OAR140', 'ACONTa', 'AGPAT161', 'ACOAD7f', 'ACOAD5f', 'ACOAD3f', 'ACOAD2f', 'ACOAD4f', 'ACOAD6f', 'NADH16pp', 'OPHHX3', 'DALAt2pp', 'FE2tpp', 'CLt3_2pp', 'POR5', 'MALCOAMT', 'MG2t3_2pp', 'OGMEACPS', 'OGMEACPR', 'OPMEACPS', 'CTECOAI7', 'K2L4Aabctex', 'OPMEACPD', 'EPMEACPR', 'AOXSr2', 'MEOHtrpp', 'OGMEACPD', 'EGMEACPR', 'OPMEACPR', 'PMEACPE', 'MEOHtex', 'ICYSDS', 'MECDPDH5', 'RNTR1c2', 'RNTR2c2', 'I4FE4SR', 'RNTR3c2', 'I2FE2SS', 'I2FE2ST', 'FESR', 'I2FE2SS2', 'I4FE4ST', 'BTS5', 'DM_4crsol_c', 'DHNPA2r', 'FESD1s', 'I2FE2SR', 'TYRL', 'THZPSN3', 'BIOMASS_Ec_iML1515_core_75p37M']",RPI,TALA,306.225783740202,1,414,321,100.0,53.19585679212793,iML1515,PSL,True,True,-64.6410450170854,-226.752577188074,0.0,0.0
158,"['SHK3Dr', 'DHORTS', 'OMPDC', 'CS', 'ICDHyr', 'PTRCTA', 'CYSDS', 'PPA', 'APRAUR', 'TRPAS2', 'DB4PS', 'ALAR', 'ACP1_FMN', 'RBFSb', 'NDP3', 'EX_pi_e', 'SHCHD2', 'EX_co2_e', 'A5PISO', 'PMDPHT', 'CPPPGO', 'ILETA', 'GLYCTO2', 'IPPMIb', 'ORPT', 'RBFSa', 'ACHBS', 'PFK_3', 'DHAD2', 'ACLS', 'PSCVT', 'PFL', 'ANS', 'ANPRT', 'CHORM', 'PTAr', 'CHORS', 'IGPS', 'ACKr', 'LEUTAi', 'DMATT', 'GRTT', 'UPP3S', 'UPPDC1', 'EX_ade_e', 'EX_mn2_e', 'EX_ac_e', 'MOAT', 'UDCPDPS', 'ECOAH6', 'USHD', 'EX_gua_e', 'HCO3E', 'IMPC', 'ECOAH4', 'LPADSS', 'GLUTRS', 'TDSK', 'TMPPP', 'PGL', 'DHQTi', 'IPMD', 'PUNP1', 'PUNP3', 'TKT1', 'TMDS', 'PPCDC', 'DHAD1', 'IPPMIa', 'INSK', 'MDH', 'ABTA', 'FUM', 'FMNAT', 'ASPT', 'OHPBAT', 'SERD_L', 'THRD', 'KARA1', 'KARA2', 'ACCOAC', 'GLXCL', 'GLUTRR', 'AGMT', 'ARGDC', 'HACD6', 'ECOAH1', 'ECOAH2', 'G1SAT', 'KDOCT2', 'ECOAH3', 'EDTXS1', 'DXPS', 'CDPMEK', 'EDTXS2', 'MECDPS', 'PGAMT', 'ICL', 'UAGDP', 'UAGCVT', 'GLUR', 'GLYCL', 'NNDPR', 'HACD4', 'EX_zn2_e', 'HACD5', 'HACD7', 'DNMPPA', 'HPPK2', 'PTPATi', 'DXPRIi', 'GTPCII2', 'SADT2', 'OPHBDC', 'AACPS1', 'GHMT2r', 'DHORD2', 'SDPDS', 'ADCS', 'ADCL', 'DHAPT', 'UMPK', 'UAPGR', 'NTD9', 'CTPS2', 'PAPPT3', 'UAGPT3', 'GLYAT', 'TRPS3', 'F6PA', 'FADRx', 'NDPK2', 'NDPK3', 'ADA', 'FCLT', 'HBZOPT', 'PNTK', 'OCTDPS', 'DPCOAK', 'ASNS2', 'ASPCT', 'KDOPS', 'KDOPP', 'DMPPS', 'MCOATA', 'IPDPS', 'DAPE', 'DHDPRy', 'HSK', 'SDPTA', 'THRS', 'HSST', 'PPNDH', 'TRDR', 'DDPA', 'P5CD', 'RHCCE', 'MALS', 'EX_urea_e', 'G3PD2', 'AMPN', 'AACPS3', 'U23GAAT', 'UAAGDS', 'AACPS4', 'UAMAS', 'UAMAGS', 'NTPP7', 'P5CR', 'DHPPDA2', 'AKGDH', 'ASP1DC', 'UGMDDS', 'DBTS', 'UHGADA', 'UAGAAT', 'ATPPRT', 'HISTD', 'DHDPS', 'G1PACT', 'GF6PTA', 'IGPDH', 'PRATPP', 'PRMICI', 'NADS1', 'BPNT', 'PAPSR', 'ASPK', 'ASAD', 'DAPDC', 'PHETA1', 'PPND', 'METAT', 'PRAMPC', 'PDX5PS', 'PPBNGS', 'SULR', 'CBMKr', 'PPNCL2', 'NNATr', 'GND', 'DM_amob_c', 'MOAT2', 'G6PDH2r', 'IPPS', 'EX_mg2_e', 'MOHMT', 'SPODM', 'AHCYSNS', 'ACtex', 'CHRPL', 'FBA3', 'ACACT7r', 'ADK3', 'ACACT2r', 'ADSK', 'ACACT3r', 'ACACT4r', 'CYSTL', 'SHSL1', 'SSALy', 'EX_ca2_e', 'Kt2pp', 'GUAtex', 'O2tpp', 'GTPCI', 'TKT2', 'UDCPDP', 'ATPS4rpp', 'CYTK1', 'ADEt2rpp', 'CO2tpp', 'GUAtpp', 'HACD1', 'Ktex', 'HACD2', 'ECOAH5', 'DHFS', 'EX_ni2_e', 'PItex', 'ACt2rpp', 'EX_meoh_e', 'METS', 'ASPO5', 'ASPO6', 'EX_cu2_e', 'ACACT5r', 'TRSARr', 'DHPS2', 'MTHFC', 'MTHFD', 'QULNS', 'ALKP', 'EX_cobalt2_e', 'ACACT6r', 'UREAtex', 'LIPAabcpp', 'TDP', 'SO4tex', 'FACOAE160', 'FACOAE140', 'NH4tpp', 'PIuabcpp', 'MOBDabcpp', 'MOBDtex', 'NI2tex', 'DNTPPA', 'NH4tex', 'ADEtex', 'EX_enlipa_e', 'CU2abcpp', 'COBALT2abcpp', 'NI2abcpp', 'MG2tex', 'Zn2tex', 'H2Otpp', 'CO2tex', 'COBALT2tex', 'HMBS', 'MEPCT', 'GLUDy', 'ZN2abcpp', 'DAAD', 'UREAtpp', 'HSTPT', 'THDPS', 'NADPPPS', 'THRD_L', 'DHFR', 'PRAIi', 'HACD3', 'TYRTA', 'SHKK', 'EX_mobd_e', 'EX_so4_e', 'OMCDC', 'ABUTD', 'E4PD', 'IG3PS', 'PDH', 'MTHFR2', 'EX_nh4_e', 'DUTPDP', 'DPR', 'AMAOTr', 'GLNS', 'EX_k_e', 'ACACT1r', 'CU2tex', 'CLtex', 'MNtex', 'SHCHF', 'SUCOAS', 'AACPS7', 'PANTS', 'ECOAH7', 'GCALDD', 'HISTP', 'QMO2', 'UPP3MT', 'DHQS', 'DASYN160', 'DASYN181', 'FACOAE161', 'ALAALAD', 'AICART', 'EX_cl_e', 'PPPGO3', 'PDX5PO2', 'CYTBO3_4pp', 'GLYCK', 'MPTG', 'RPI', 'MCTP1App', 'PERD', '5DOAN', 'DM_5drib_c', 'K2L4Aabcpp', 'FACOAE120', 'SO4t2pp', 'AMPMS2', 'PSD160', 'ACONTb', 'CA2tex', 'SUCDi', 'G3PAT160', 'G3PAT161', 'AGPAT160', '3OAS140', '3OAR140', 'PE160abcpp', 'ACONTa', 'PETNT161pp', 'PSSA160', 'PSSA181', 'DAGK161', 'AGPAT161', 'PSD181', 'DAGK181', 'PE181abcpp', '12DGR161tipp', '12DGR181tipp', '2MAHMP', 'ACOAD7f', 'ACOAD5f', 'ACOAD3f', 'ACOAD2f', 'ACOAD4f', 'ACOAD6f', 'NADH16pp', 'OPHHX3', 'DALAt2pp', 'FE2tpp', 'CLt3_2pp', 'POR5', 'MTHTHFSs', 'MALCOAMT', 'MG2t3_2pp', 'OGMEACPS', 'OGMEACPR', 'OPMEACPS', 'CTECOAI7', 'K2L4Aabctex', 'OPMEACPD', 'EPMEACPR', 'AOXSr2', 'MEOHtrpp', 'OGMEACPD', 'EGMEACPR', 'OPMEACPR', 'PMEACPE', 'MEOHtex', 'ICYSDS', 'MECDPDH5', 'RNTR1c2', 'RNTR2c2', 'I4FE4SR', 'RNTR3c2', 'RNTR4c2', 'I2FE2SS', 'I2FE2ST', 'FESR', 'I2FE2SS2', 'I4FE4ST', 'BTS5', 'DM_4crsol_c', 'DHNPA2r', 'FESD1s', 'I2FE2SR', 'TYRL', 'THZPSN3', 'PETNT181pp', 'BIOMASS_Ec_iML1515_core_75p37M', 'DHPTDCs2', 'ENLIPAabctex', 'DM_mththf_c']","[-0.22493203187554991, 0.19523138831775, -0.19523138831775005, -3.596605126661762, -3.2505813860806865, 0.17457302200239996, 0.14606101798291954, 1.4811655404607356, -0.0002632240486567535, 0.03354808206334999, -0.000526448097313507, 0.011534791291773795, 0.0001316120243067535, -0.0002632240486567535, 0.14355035631655672, -0.2352184483414561, -0.00013161202434999996, -4.2350953147481185, 0.513379765929455, -0.0002632240486567535, -0.00013161202434999996, 0.17146686019004992, -0.00039483607304999224, 0.2658981925669499, 0.19523138831775, -0.000526448097313507, -0.17146686019004992, -0.11253182194994996, -0.17146686019004992, -0.516041304461072, -0.22493203187554991, 0.0014477322677202526, -0.03354808206334999, -0.03354808206334999, -0.19085750171479995, -2.0485674611439832, -0.22493203187554991, -0.03354808206334999, 2.0485674611439832, -0.2658981925669499, -0.00016407238909999818, -0.00016407238909999818, -0.0002632240486999999, -0.00013161202434999996, 0.12073249046317314, 0.0004078202189248259, -1.5351876952145282, 0.2566898829647275, -3.2460364749998215e-05, 0.10406714979472759, 0.2566898829647275, 0.14355035631655672, 1.0267559907282102, 0.055913273376100026, 1.3989992711015653, 0.2566898829647275, -0.0021057923895999994, 0.2566898829647275, -0.00013161202434999996, -0.15052735279510188, -0.22493203187554991, -0.2658981925669499, -0.055913273376100026, 0.14355035631655672, -0.11253182194994993, -0.015442870982699995, -0.0003977870153618335, -0.516041304461072, 0.2658981925669499, 0.055913273376100026, -3.5966051266617614, 0.17457302200239996, -2.2580863371751247, -0.0001316120243067535, 0.7038950510862441, -0.00013161202434999996, 0.407999968677931, 0.4085706345375053, 0.516041304461072, -0.17146686019004992, 1.0267559907282102, 0.4960501064162557, -0.0021057923895999994, 0.17457302200239996, 0.17457302200239996, 0.10406714979472759, 1.3989992711016157, 1.3989992711015653, -0.0021057923895999994, 0.513379765929455, 1.3989992711015653, 0.26817258944792755, -0.00167318425574998, -0.0014099602070499803, 0.26817258944792755, -0.0014099602070499803, -0.48057945263225504, -0.3460237405810753, 0.48057945263225504, -0.0164001566486, 0.0164001566486, 0.30351222589609683, -0.0013444492890992699, 1.3989992711015653, 0.00020125426144999994, 1.3989992711015653, -0.16410543965319996, -0.00039483607304999224, -0.00039483607304999224, -0.0003977870153618335, -0.0014099602070499803, -0.0002632240486567535, -0.14606101798291954, -0.00013161202434999996, 0.26817258944792755, -0.4667618922968586, -0.19523138831775, -0.21892981533904993, -0.00039483607304999224, -0.00039483607304999224, -0.04711554552975272, 0.045058337998377496, -0.0164001566486, 0.14355035631655672, -0.09474000093625001, -0.0164001566486, -0.0164001566486, -0.4085706345375053, -0.03354808206334999, -0.2175202778872034, 6.98712821565095, 0.2853480643145051, 0.6976918883283711, 0.055913273376100026, -0.00013161202434999996, -0.00013161202434999996, -0.0003977870153618335, -0.00013161202434999996, -0.0003977870153618335, -0.14226787681474995, -0.19523138831775, 0.513379765929455, 0.513379765929455, -0.00016407238909999818, 1.02675717110511, -0.001245887817949982, -0.21892981533904993, -0.21892981533904993, 0.08738063703230547, 0.21892981533904993, 0.08738063703230547, -0.09083649452790772, -0.10934126318924997, -0.14606101798291954, -0.22493203187554991, 0.1304641078147597, -0.00026440442556232706, -1.338518789486637, 0.17457302200239996, 0.08205271982659998, 0.1770429606660855, -0.07532457149659998, 0.513379765929455, -0.0164001566486, -0.08878086815659997, -0.0164001566486, -0.0164001566486, 0.015442870982699995, -0.1304641078147597, -0.0002632240486567535, -2.790588508150794, -0.0003977870153618335, -0.0164001566486, -1.1803768999999998e-06, 0.513379765929455, 0.513379765929455, -0.055913273376099984, -0.055913273376099984, -0.21892981533904993, 0.48057945263225504, 0.48057945263225504, -0.055913273376099984, -0.055913273376099984, -0.055913273376099984, -0.0013444492890992699, -0.14606101798291954, -0.14606101798291954, -0.22238567283465216, 0.22238567283465216, -0.20252965869044992, 0.10934126318924997, -0.08151623852554998, -0.0005299892280999988, -0.055913273376099984, -0.00013161202434999996, -0.0010528961947999997, -0.14606101798291954, -0.19523138831775, -0.0003977870153618335, -0.0013444492890992699, -0.15052735279510188, -1.1803768999999998e-06, 0.2566898829647275, -0.15052735279510188, -0.2658981925669499, 0.005119884803749999, -0.00039778701536186123, -0.00040618650110149906, -0.00026440442556232706, 1.5351876952145282, -0.00013161202434999996, -0.11253182194994996, -0.16410543965319996, 0.28961137429947614, 1.3989992711015653, -0.14606101798291954, 1.3989992711015653, 1.3989992711015653, -0.09083649452790772, -0.09083649452790772, 0.17457302200239996, 0.0030719308822426683, -0.11520065412084997, -0.14355035631655672, -10.78417490353371, -0.00039483607304999224, 0.11253182194994993, -0.0164001566486, -34.53687615107204, 0.6976918883283708, -0.12073249046317314, 4.2350953147481185, -0.14355035631655672, 1.3989992711015917, -0.11520065412084997, 1.3989992711015653, 1.3989992711015653, -0.00039483607304999224, 0.00019063086934999993, 0.2352184483414561, 1.5351876952145282, -1.1803768999999998e-06, -0.09110089895354997, 0.0005534599185992306, -0.0018979092076985005, 0.0004184436110499999, 1.3989992711015653, 0.4960501064162557, -0.00039483607304999224, -0.05617649742480002, -0.05617649742480002, -0.0013444492890992699, 0.17040473235745068, 1.4754711249999997e-05, 0.10406714979472759, -0.17457302200239996, 0.26817258944792755, 0.00013161202434999996, -0.14862125547901953, -0.07532457149659998, 0.26817258944792755, -3.8989070477364116, 0.2352184483414561, -4.131319149999999e-06, -4.131319149999999e-06, -0.00019063086934999993, -0.00039483607304999224, -3.8989070477364116, -0.12073249046317314, 0.26817258944792755, 0.0004184436110499999, 1.4754711249999997e-05, 0.00019063086934999993, -0.005119884803749999, -0.00020125426144999994, 12.26943187577266, 4.2350953147481185, -1.4754711249999997e-05, -0.0002632240486999999, -0.0014099602070499803, 2.269344084261869, 0.00020125426144999994, 0.0361350262646738, -0.17457302200239996, -0.055913273376099984, -0.21892981533904993, 0.00026381423714827434, -0.17146686019004992, -0.015837707055749987, -0.03354808206334999, 1.3989992711015653, 0.08151623852554998, -0.22493203187554991, 4.131319149999999e-06, 0.14862125547901953, -0.2658981925669499, 0.17457302200239996, -0.00013161202434999996, -0.055913273376099984, 2.245870788326629, -0.09110089895354997, 3.8989070477364116, -0.015442870982699995, -0.00039778701536186123, -1.1803768999999998e-06, 0.1404060436328054, 0.11520065412084997, 1.3989992711015917, -0.0004184436110499999, -0.0030719308822499992, -0.0004078202189248259, -0.00013161202434999996, 2.480764359815736, 1.2949321213068377, -0.0003977870153618335, -0.16410543965319996, -0.00039483607304999224, -0.055913273376099984, -0.00040618650110149906, -0.00013161202434999996, -0.22493203187554991, -0.03766228574829999, 0.22378215536962753, -0.08878086815659997, 0.0164001566486, -0.055913273376100026, 0.0030719308822499992, -0.00013161202434999996, -0.00013161202434999996, -21.563478391601127, 0.4960501064162557, -0.0082000783243, 0.6633806706273617, -0.0082000783243, -0.00013161202434999996, -0.00013279240124999995, -0.00013279240124999995, -0.011482706483199996, 1.2949321213068377, -0.14862125547901953, -0.00013161202434999996, -0.03766228574829999, -3.596605126661762, -0.0030719308822426683, -2.96182276441582, -0.03766228574829999, -0.044390434078299984, -0.03766228574829999, 1.02675953185891, 1.02675953185891, -0.03766228574829999, -3.596605126661762, 0.044390434078299984, -0.03766228574829999, 0.22378215536962753, 0.044390434078299984, -0.044390434078299984, 0.22378215536962753, 0.22378215536962753, 0.22378215536962753, 0.044390434078299984, 0.22378215536962753, 0.00013161202434999996, 0.07532457149659998, -1.3989992711015653, -1.3989992711015653, -1.3989992711015653, -1.3989992711015653, -0.10406714979472759, -18.40643558929561, -0.00013161202434999996, -0.008200078324299998, -0.00947901669545, -0.0015359654411249996, -0.06418594487974996, -0.00026440442556232706, -1.1803768999999998e-06, -0.005119884803749999, -1.1803768999999998e-06, -1.1803768999999998e-06, -1.1803768999999998e-06, 0.08878086815659997, -0.011482706483199996, -1.1803768999999998e-06, -1.1803768999999998e-06, -1.1803768999999998e-06, 1.1803768999999998e-06, -1.1803768999999998e-06, -1.1803768999999998e-06, -1.1803768999999998e-06, -1.1803768999999998e-06, 1.1803768999999998e-06, -0.0007772781886500015, -0.0014099602070499803, -0.015442870982699995, -0.015945121353649998, -0.0001534489970000004, -0.015945121353649998, -0.015442870982699995, -0.00016879389670000037, -1.6525276599999996e-05, -0.004608191417599999, -0.0001534489970000004, -0.0001534489970000004, -1.1803768999999998e-06, -0.00013161202434999996, -0.00039483607304999224, -0.0023040957087999995, -1.1803768999999998e-06, -0.00013161202434999996, -0.00013161202434999996, 0.22378215536962756, -0.5901884499999999, -0.00026440442556232706, 0.26817258944792755, -0.00026440442556232706]","[0.22493203187554991, 0.19523138831775, 0.19523138831775005, 3.596605126661762, 3.2505813860806865, 0.17457302200239996, 0.14606101798291954, 1.4811655404607356, 0.0002632240486567535, 0.03354808206334999, 0.000526448097313507, 0.011534791291773795, 0.0001316120243067535, 0.0002632240486567535, 0.14355035631655672, 0.2352184483414561, 0.00013161202434999996, 4.2350953147481185, 0.513379765929455, 0.0002632240486567535, 0.00013161202434999996, 0.17146686019004992, 0.00039483607304999224, 0.2658981925669499, 0.19523138831775, 0.000526448097313507, 0.17146686019004992, 0.11253182194994996, 0.17146686019004992, 0.516041304461072, 0.22493203187554991, 0.0014477322677202526, 0.03354808206334999, 0.03354808206334999, 0.19085750171479995, 2.0485674611439832, 0.22493203187554991, 0.03354808206334999, 2.0485674611439832, 0.2658981925669499, 0.00016407238909999818, 0.00016407238909999818, 0.0002632240486999999, 0.00013161202434999996, 0.12073249046317314, 0.0004078202189248259, 1.5351876952145282, 0.2566898829647275, 3.2460364749998215e-05, 0.10406714979472759, 0.2566898829647275, 0.14355035631655672, 1.0267559907282102, 0.055913273376100026, 1.3989992711015653, 0.2566898829647275, 0.0021057923895999994, 0.2566898829647275, 0.00013161202434999996, 0.15052735279510188, 0.22493203187554991, 0.2658981925669499, 0.055913273376100026, 0.14355035631655672, 0.11253182194994993, 0.015442870982699995, 0.0003977870153618335, 0.516041304461072, 0.2658981925669499, 0.055913273376100026, 3.5966051266617614, 0.17457302200239996, 2.2580863371751247, 0.0001316120243067535, 0.7038950510862441, 0.00013161202434999996, 0.407999968677931, 0.4085706345375053, 0.516041304461072, 0.17146686019004992, 1.0267559907282102, 0.4960501064162557, 0.0021057923895999994, 0.17457302200239996, 0.17457302200239996, 0.10406714979472759, 1.3989992711016157, 1.3989992711015653, 0.0021057923895999994, 0.513379765929455, 1.3989992711015653, 0.26817258944792755, 0.00167318425574998, 0.0014099602070499803, 0.26817258944792755, 0.0014099602070499803, 0.48057945263225504, 0.3460237405810753, 0.48057945263225504, 0.0164001566486, 0.0164001566486, 0.30351222589609683, 0.0013444492890992699, 1.3989992711015653, 0.00020125426144999994, 1.3989992711015653, 0.16410543965319996, 0.00039483607304999224, 0.00039483607304999224, 0.0003977870153618335, 0.0014099602070499803, 0.0002632240486567535, 0.14606101798291954, 0.00013161202434999996, 0.26817258944792755, 0.4667618922968586, 0.19523138831775, 0.21892981533904993, 0.00039483607304999224, 0.00039483607304999224, 0.04711554552975272, 0.045058337998377496, 0.0164001566486, 0.14355035631655672, 0.09474000093625001, 0.0164001566486, 0.0164001566486, 0.4085706345375053, 0.03354808206334999, 0.2175202778872034, 6.98712821565095, 0.2853480643145051, 0.6976918883283711, 0.055913273376100026, 0.00013161202434999996, 0.00013161202434999996, 0.0003977870153618335, 0.00013161202434999996, 0.0003977870153618335, 0.14226787681474995, 0.19523138831775, 0.513379765929455, 0.513379765929455, 0.00016407238909999818, 1.02675717110511, 0.001245887817949982, 0.21892981533904993, 0.21892981533904993, 0.08738063703230547, 0.21892981533904993, 0.08738063703230547, 0.09083649452790772, 0.10934126318924997, 0.14606101798291954, 0.22493203187554991, 0.1304641078147597, 0.00026440442556232706, 1.338518789486637, 0.17457302200239996, 0.08205271982659998, 0.1770429606660855, 0.07532457149659998, 0.513379765929455, 0.0164001566486, 0.08878086815659997, 0.0164001566486, 0.0164001566486, 0.015442870982699995, 0.1304641078147597, 0.0002632240486567535, 2.790588508150794, 0.0003977870153618335, 0.0164001566486, 1.1803768999999998e-06, 0.513379765929455, 0.513379765929455, 0.055913273376099984, 0.055913273376099984, 0.21892981533904993, 0.48057945263225504, 0.48057945263225504, 0.055913273376099984, 0.055913273376099984, 0.055913273376099984, 0.0013444492890992699, 0.14606101798291954, 0.14606101798291954, 0.22238567283465216, 0.22238567283465216, 0.20252965869044992, 0.10934126318924997, 0.08151623852554998, 0.0005299892280999988, 0.055913273376099984, 0.00013161202434999996, 0.0010528961947999997, 0.14606101798291954, 0.19523138831775, 0.0003977870153618335, 0.0013444492890992699, 0.15052735279510188, 1.1803768999999998e-06, 0.2566898829647275, 0.15052735279510188, 0.2658981925669499, 0.005119884803749999, 0.00039778701536186123, 0.00040618650110149906, 0.00026440442556232706, 1.5351876952145282, 0.00013161202434999996, 0.11253182194994996, 0.16410543965319996, 0.28961137429947614, 1.3989992711015653, 0.14606101798291954, 1.3989992711015653, 1.3989992711015653, 0.09083649452790772, 0.09083649452790772, 0.17457302200239996, 0.0030719308822426683, 0.11520065412084997, 0.14355035631655672, 10.78417490353371, 0.00039483607304999224, 0.11253182194994993, 0.0164001566486, 34.53687615107204, 0.6976918883283708, 0.12073249046317314, 4.2350953147481185, 0.14355035631655672, 1.3989992711015917, 0.11520065412084997, 1.3989992711015653, 1.3989992711015653, 0.00039483607304999224, 0.00019063086934999993, 0.2352184483414561, 1.5351876952145282, 1.1803768999999998e-06, 0.09110089895354997, 0.0005534599185992306, 0.0018979092076985005, 0.0004184436110499999, 1.3989992711015653, 0.4960501064162557, 0.00039483607304999224, 0.05617649742480002, 0.05617649742480002, 0.0013444492890992699, 0.17040473235745068, 1.4754711249999997e-05, 0.10406714979472759, 0.17457302200239996, 0.26817258944792755, 0.00013161202434999996, 0.14862125547901953, 0.07532457149659998, 0.26817258944792755, 3.8989070477364116, 0.2352184483414561, 4.131319149999999e-06, 4.131319149999999e-06, 0.00019063086934999993, 0.00039483607304999224, 3.8989070477364116, 0.12073249046317314, 0.26817258944792755, 0.0004184436110499999, 1.4754711249999997e-05, 0.00019063086934999993, 0.005119884803749999, 0.00020125426144999994, 12.26943187577266, 4.2350953147481185, 1.4754711249999997e-05, 0.0002632240486999999, 0.0014099602070499803, 2.269344084261869, 0.00020125426144999994, 0.0361350262646738, 0.17457302200239996, 0.055913273376099984, 0.21892981533904993, 0.00026381423714827434, 0.17146686019004992, 0.015837707055749987, 0.03354808206334999, 1.3989992711015653, 0.08151623852554998, 0.22493203187554991, 4.131319149999999e-06, 0.14862125547901953, 0.2658981925669499, 0.17457302200239996, 0.00013161202434999996, 0.055913273376099984, 2.245870788326629, 0.09110089895354997, 3.8989070477364116, 0.015442870982699995, 0.00039778701536186123, 1.1803768999999998e-06, 0.1404060436328054, 0.11520065412084997, 1.3989992711015917, 0.0004184436110499999, 0.0030719308822499992, 0.0004078202189248259, 0.00013161202434999996, 2.480764359815736, 1.2949321213068377, 0.0003977870153618335, 0.16410543965319996, 0.00039483607304999224, 0.055913273376099984, 0.00040618650110149906, 0.00013161202434999996, 0.22493203187554991, 0.03766228574829999, 0.22378215536962753, 0.08878086815659997, 0.0164001566486, 0.055913273376100026, 0.0030719308822499992, 0.00013161202434999996, 0.00013161202434999996, 21.563478391601127, 0.4960501064162557, 0.0082000783243, 0.6633806706273617, 0.0082000783243, 0.00013161202434999996, 0.00013279240124999995, 0.00013279240124999995, 0.011482706483199996, 1.2949321213068377, 0.14862125547901953, 0.00013161202434999996, 0.03766228574829999, 3.596605126661762, 0.0030719308822426683, 2.96182276441582, 0.03766228574829999, 0.044390434078299984, 0.03766228574829999, 1.02675953185891, 1.02675953185891, 0.03766228574829999, 3.596605126661762, 0.044390434078299984, 0.03766228574829999, 0.22378215536962753, 0.044390434078299984, 0.044390434078299984, 0.22378215536962753, 0.22378215536962753, 0.22378215536962753, 0.044390434078299984, 0.22378215536962753, 0.00013161202434999996, 0.07532457149659998, 1.3989992711015653, 1.3989992711015653, 1.3989992711015653, 1.3989992711015653, 0.10406714979472759, 18.40643558929561, 0.00013161202434999996, 0.008200078324299998, 0.00947901669545, 0.0015359654411249996, 0.06418594487974996, 0.00026440442556232706, 1.1803768999999998e-06, 0.005119884803749999, 1.1803768999999998e-06, 1.1803768999999998e-06, 1.1803768999999998e-06, 0.08878086815659997, 0.011482706483199996, 1.1803768999999998e-06, 1.1803768999999998e-06, 1.1803768999999998e-06, 1.1803768999999998e-06, 1.1803768999999998e-06, 1.1803768999999998e-06, 1.1803768999999998e-06, 1.1803768999999998e-06, 1.1803768999999998e-06, 0.0007772781886500015, 0.0014099602070499803, 0.015442870982699995, 0.015945121353649998, 0.0001534489970000004, 0.015945121353649998, 0.015442870982699995, 0.00016879389670000037, 1.6525276599999996e-05, 0.004608191417599999, 0.0001534489970000004, 0.0001534489970000004, 1.1803768999999998e-06, 0.00013161202434999996, 0.00039483607304999224, 0.0023040957087999995, 1.1803768999999998e-06, 0.00013161202434999996, 0.00013161202434999996, 0.22378215536962756, 0.5901884499999999, 0.00026440442556232706, 0.26817258944792755, 0.00026440442556232706]","['GLYCTO2', 'PFK_3', 'EX_ac_e', 'PGL', 'DHAPT', 'DMPPS', 'MALS', 'GND', 'G6PDH2r', 'ACtex', 'FBA3', 'ACt2rpp', 'ASPO6', 'GCALDD', 'RPI', 'MTHTHFSs', 'DHPTDCs2', 'DM_mththf_c']","['PTRCTA', 'CYSDS', 'ACP1_FMN', 'NDP3', 'PFL', 'EX_ade_e', 'EX_gua_e', 'PUNP3', 'INSK', 'ABTA', 'ASPT', 'SERD_L', 'THRD', 'GLXCL', 'AGMT', 'ARGDC', 'EDTXS1', 'EDTXS2', 'AACPS1', 'NTD9', 'GLYAT', 'ADA', 'P5CD', 'EX_urea_e', 'AMPN', 'NTPP7', 'SSALy', 'GUAtex', 'ADEt2rpp', 'GUAtpp', 'ASPO5', 'TRSARr', 'ALKP', 'UREAtex', 'LIPAabcpp', 'TDP', 'FACOAE140', 'PIuabcpp', 'ADEtex', 'EX_enlipa_e', 'CU2abcpp', 'COBALT2abcpp', 'NI2abcpp', 'ZN2abcpp', 'DAAD', 'UREAtpp', 'NADPPPS', 'ABUTD', 'DASYN181', 'ALAALAD', 'GLYCK', 'PETNT161pp', 'PSSA181', 'DAGK161', 'PSD181', 'DAGK181', 'PE181abcpp', '12DGR161tipp', '12DGR181tipp', '2MAHMP', 'PETNT181pp', 'ENLIPAabctex']","['SHK3Dr', 'DHORTS', 'OMPDC', 'CS', 'ICDHyr', 'PPA', 'APRAUR', 'TRPAS2', 'DB4PS', 'ALAR', 'RBFSb', 'EX_pi_e', 'SHCHD2', 'EX_co2_e', 'A5PISO', 'PMDPHT', 'CPPPGO', 'ILETA', 'IPPMIb', 'ORPT', 'RBFSa', 'ACHBS', 'DHAD2', 'ACLS', 'PSCVT', 'ANS', 'ANPRT', 'CHORM', 'PTAr', 'CHORS', 'IGPS', 'ACKr', 'LEUTAi', 'DMATT', 'GRTT', 'UPP3S', 'UPPDC1', 'EX_mn2_e', 'MOAT', 'UDCPDPS', 'ECOAH6', 'USHD', 'HCO3E', 'IMPC', 'ECOAH4', 'LPADSS', 'GLUTRS', 'TDSK', 'TMPPP', 'DHQTi', 'IPMD', 'PUNP1', 'TKT1', 'TMDS', 'PPCDC', 'DHAD1', 'IPPMIa', 'MDH', 'FUM', 'FMNAT', 'OHPBAT', 'KARA1', 'KARA2', 'ACCOAC', 'GLUTRR', 'HACD6', 'ECOAH1', 'ECOAH2', 'G1SAT', 'KDOCT2', 'ECOAH3', 'DXPS', 'CDPMEK', 'MECDPS', 'PGAMT', 'ICL', 'UAGDP', 'UAGCVT', 'GLUR', 'GLYCL', 'NNDPR', 'HACD4', 'EX_zn2_e', 'HACD5', 'HACD7', 'DNMPPA', 'HPPK2', 'PTPATi', 'DXPRIi', 'GTPCII2', 'SADT2', 'OPHBDC', 'GHMT2r', 'DHORD2', 'SDPDS', 'ADCS', 'ADCL', 'UMPK', 'UAPGR', 'CTPS2', 'PAPPT3', 'UAGPT3', 'TRPS3', 'F6PA', 'FADRx', 'NDPK2', 'NDPK3', 'FCLT', 'HBZOPT', 'PNTK', 'OCTDPS', 'DPCOAK', 'ASNS2', 'ASPCT', 'KDOPS', 'KDOPP', 'MCOATA', 'IPDPS', 'DAPE', 'DHDPRy', 'HSK', 'SDPTA', 'THRS', 'HSST', 'PPNDH', 'TRDR', 'DDPA', 'RHCCE', 'G3PD2', 'AACPS3', 'U23GAAT', 'UAAGDS', 'AACPS4', 'UAMAS', 'UAMAGS', 'P5CR', 'DHPPDA2', 'AKGDH', 'ASP1DC', 'UGMDDS', 'DBTS', 'UHGADA', 'UAGAAT', 'ATPPRT', 'HISTD', 'DHDPS', 'G1PACT', 'GF6PTA', 'IGPDH', 'PRATPP', 'PRMICI', 'NADS1', 'BPNT', 'PAPSR', 'ASPK', 'ASAD', 'DAPDC', 'PHETA1', 'PPND', 'METAT', 'PRAMPC', 'PDX5PS', 'PPBNGS', 'SULR', 'CBMKr', 'PPNCL2', 'NNATr', 'DM_amob_c', 'MOAT2', 'IPPS', 'EX_mg2_e', 'MOHMT', 'SPODM', 'AHCYSNS', 'CHRPL', 'ACACT7r', 'ADK3', 'ACACT2r', 'ADSK', 'ACACT3r', 'ACACT4r', 'CYSTL', 'SHSL1', 'EX_ca2_e', 'Kt2pp', 'O2tpp', 'GTPCI', 'TKT2', 'UDCPDP', 'ATPS4rpp', 'CYTK1', 'CO2tpp', 'HACD1', 'Ktex', 'HACD2', 'ECOAH5', 'DHFS', 'EX_ni2_e', 'PItex', 'EX_meoh_e', 'METS', 'EX_cu2_e', 'ACACT5r', 'DHPS2', 'MTHFC', 'MTHFD', 'QULNS', 'EX_cobalt2_e', 'ACACT6r', 'SO4tex', 'FACOAE160', 'NH4tpp', 'MOBDabcpp', 'MOBDtex', 'NI2tex', 'DNTPPA', 'NH4tex', 'MG2tex', 'Zn2tex', 'H2Otpp', 'CO2tex', 'COBALT2tex', 'HMBS', 'MEPCT', 'GLUDy', 'HSTPT', 'THDPS', 'THRD_L', 'DHFR', 'PRAIi', 'HACD3', 'TYRTA', 'SHKK', 'EX_mobd_e', 'EX_so4_e', 'OMCDC', 'E4PD', 'IG3PS', 'PDH', 'MTHFR2', 'EX_nh4_e', 'DUTPDP', 'DPR', 'AMAOTr', 'GLNS', 'EX_k_e', 'ACACT1r', 'CU2tex', 'CLtex', 'MNtex', 'SHCHF', 'SUCOAS', 'AACPS7', 'PANTS', 'ECOAH7', 'HISTP', 'QMO2', 'UPP3MT', 'DHQS', 'DASYN160', 'FACOAE161', 'AICART', 'EX_cl_e', 'PPPGO3', 'PDX5PO2', 'CYTBO3_4pp', 'MPTG', 'MCTP1App', 'PERD', '5DOAN', 'DM_5drib_c', 'K2L4Aabcpp', 'FACOAE120', 'SO4t2pp', 'AMPMS2', 'PSD160', 'ACONTb', 'CA2tex', 'SUCDi', 'G3PAT160', 'G3PAT161', 'AGPAT160', '3OAS140', '3OAR140', 'PE160abcpp', 'ACONTa', 'PSSA160', 'AGPAT161', 'ACOAD7f', 'ACOAD5f', 'ACOAD3f', 'ACOAD2f', 'ACOAD4f', 'ACOAD6f', 'NADH16pp', 'OPHHX3', 'DALAt2pp', 'FE2tpp', 'CLt3_2pp', 'POR5', 'MALCOAMT', 'MG2t3_2pp', 'OGMEACPS', 'OGMEACPR', 'OPMEACPS', 'CTECOAI7', 'K2L4Aabctex', 'OPMEACPD', 'EPMEACPR', 'AOXSr2', 'MEOHtrpp', 'OGMEACPD', 'EGMEACPR', 'OPMEACPR', 'PMEACPE', 'MEOHtex', 'ICYSDS', 'MECDPDH5', 'RNTR1c2', 'RNTR2c2', 'I4FE4SR', 'RNTR3c2', 'RNTR4c2', 'I2FE2SS', 'I2FE2ST', 'FESR', 'I2FE2SS2', 'I4FE4ST', 'BTS5', 'DM_4crsol_c', 'DHNPA2r', 'FESD1s', 'I2FE2SR', 'TYRL', 'THZPSN3', 'BIOMASS_Ec_iML1515_core_75p37M']",RPI,EDTXS1,305.6009185941344,1,416,336,118.0,53.16186633783684,iML1515,PSL,True,False,-64.6410450170854,0.0,0.0,6.88458840113344
159,"['SHK3Dr', 'DHORTS', 'OMPDC', 'CS', 'ICDHyr', 'ACALD', 'PTRCTA', 'CYSDS', 'PPA', 'APRAUR', 'TRPAS2', 'DB4PS', 'ACP1_FMN', 'RBFSb', 'NDP3', 'EX_pi_e', 'SHCHD2', 'EX_co2_e', 'A5PISO', 'PMDPHT', 'CPPPGO', 'ILETA', 'DHORD5', 'GLYCTO3', 'IPPMIb', 'ORPT', 'RBFSa', 'ACHBS', 'DHAD2', 'ACLS', 'PSCVT', 'PFL', 'ANS', 'ANPRT', 'CHORM', 'PTAr', 'CHORS', 'IGPS', 'ACKr', 'LEUTAi', 'DMATT', 'GRTT', 'UPP3S', 'UPPDC1', 'EX_ade_e', 'EX_mn2_e', 'EX_ac_e', 'MOAT', 'UDCPDPS', 'ECOAH6', 'USHD', 'EX_gua_e', 'HCO3E', 'IMPC', 'ECOAH4', 'LPADSS', 'GLUTRS', 'TDSK', 'TMPPP', 'PGL', 'DHQTi', 'IPMD', 'PUNP1', 'PUNP3', 'TKT1', 'TMDS', 'PPCDC', 'DHAD1', 'IPPMIa', 'INSK', 'MDH', 'ABTA', 'FUM', 'FMNAT', 'ASPT', 'OHPBAT', 'SERD_L', 'KARA1', 'KARA2', 'ACCOAC', 'GLXCL', 'GLUTRR', 'AGMT', 'ARGDC', 'HACD6', 'ECOAH1', 'ECOAH2', 'G1SAT', 'KDOCT2', 'ECOAH3', 'EDTXS1', 'DXPS', 'CDPMEK', 'EDTXS2', 'MECDPS', 'PGAMT', 'ICL', 'UAGDP', 'UAGCVT', 'GLUR', 'GLYCL', 'NNDPR', 'HACD4', 'EX_zn2_e', 'HACD5', 'HACD7', 'DNMPPA', 'HPPK2', 'PTPATi', 'DXPRIi', 'GTPCII2', 'SADT2', 'OPHBDC', 'AACPS1', 'GHMT2r', 'DHORD2', 'SDPDS', 'ADCS', 'ADCL', 'UMPK', 'UAPGR', 'NTD9', 'CTPS2', 'PAPPT3', 'UAGPT3', 'TRPS3', 'FADRx', 'NDPK2', 'NDPK3', 'ADA', 'FCLT', 'HBZOPT', 'PNTK', 'OCTDPS', 'DPCOAK', 'ASNS2', 'ASPCT', 'KDOPS', 'KDOPP', 'DMPPS', 'MCOATA', 'IPDPS', 'DAPE', 'DHDPRy', 'HSK', 'SDPTA', 'THRS', 'HSST', 'PPNDH', 'TRDR', 'DDPA', 'P5CD', 'RHCCE', 'MALS', 'EX_urea_e', 'G3PD2', 'AMPN', 'AACPS3', 'U23GAAT', 'UAAGDS', 'AACPS4', 'UAMAS', 'UAMAGS', 'NTPP7', 'P5CR', 'DHPPDA2', 'AKGDH', 'ASP1DC', 'UGMDDS', 'DBTS', 'UHGADA', 'UAGAAT', 'ATPPRT', 'HISTD', 'DHDPS', 'G1PACT', 'GF6PTA', 'IGPDH', 'PRATPP', 'PRMICI', 'NADS1', 'BPNT', 'PAPSR', 'ASPK', 'ASAD', 'DAPDC', 'PHETA1', 'PPND', 'METAT', 'PRAMPC', 'PDX5PS', 'PPBNGS', 'SULR', 'CBMKr', 'PPNCL2', 'NNATr', 'GND', 'DM_amob_c', 'MOAT2', 'G6PDH2r', 'IPPS', 'EX_mg2_e', 'MOHMT', 'SPODM', 'AHCYSNS', 'ACtex', 'CHRPL', 'ACACT7r', 'ADK3', 'ACACT2r', 'ADSK', 'ACACT3r', 'ACACT4r', 'CYSTL', 'SHSL1', 'SSALy', 'EX_ca2_e', 'Kt2pp', 'GUAtex', 'O2tpp', 'GTPCI', 'TKT2', 'UDCPDP', 'ATPS4rpp', 'CYTK1', 'ADEt2rpp', 'CO2tpp', 'GUAtpp', 'HACD1', 'Ktex', 'HACD2', 'ECOAH5', 'DHFS', 'EX_ni2_e', 'PItex', 'ACt2rpp', 'EX_meoh_e', 'METS', 'ASPO5', 'ASPO6', 'EX_cu2_e', 'ACACT5r', 'DHPS2', 'MTHFC', 'MTHFD', 'QULNS', 'ALKP', 'EX_cobalt2_e', 'ACACT6r', 'UREAtex', 'LIPAabcpp', 'TDP', 'SO4tex', 'FACOAE160', 'FACOAE140', 'NH4tpp', 'PIuabcpp', 'MOBDabcpp', 'MOBDtex', 'NI2tex', 'DNTPPA', 'NH4tex', 'ADEtex', 'EX_enlipa_e', 'CU2abcpp', 'COBALT2abcpp', 'NI2abcpp', 'MG2tex', 'Zn2tex', 'H2Otpp', 'CO2tex', 'COBALT2tex', 'HMBS', 'MEPCT', 'GLUDy', 'ZN2abcpp', 'DAAD', 'UREAtpp', 'HSTPT', 'THDPS', 'NADPPPS', 'THRD_L', 'DHFR', 'PRAIi', 'HACD3', 'TYRTA', 'SHKK', 'EX_mobd_e', 'EX_so4_e', 'OMCDC', 'ABUTD', 'E4PD', 'IG3PS', 'PDH', 'MTHFR2', 'EX_nh4_e', 'DUTPDP', 'DPR', 'AMAOTr', 'GLNS', 'EX_k_e', 'ACACT1r', 'CU2tex', 'CLtex', 'MNtex', 'SHCHF', 'SUCOAS', 'AACPS7', 'PANTS', 'ECOAH7', 'GCALDD', 'HISTP', 'QMO3', 'UPP3MT', 'DHQS', 'DASYN160', 'DASYN161', 'FACOAE161', 'ALAALAD', 'AICART', 'EX_cl_e', 'PPPGO3', 'PDX5PO2', 'CYTBO3_4pp', 'GLYCK', 'MPTG', 'RPI', 'MCTP1App', 'PERD', '5DOAN', 'DM_5drib_c', 'K2L4Aabcpp', 'FACOAE120', 'SO4t2pp', 'AMPMS2', 'PSSA161', 'PSD160', 'PSD161', 'ACONTb', 'CA2tex', 'SUCDi', 'G3PAT160', 'G3PAT161', 'AGPAT160', '3OAS140', '3OAR140', 'PE160abcpp', 'PE161abcpp', 'ACONTa', 'PETNT161pp', 'PSSA160', 'DAGK161', 'AGPAT161', '12DGR161tipp', '2MAHMP', 'ACOAD7f', 'ACOAD5f', 'ACOAD3f', 'ACOAD2f', 'ACOAD4f', 'ACOAD6f', 'NADH16pp', 'CA2t3pp', 'OPHHX3', 'DALAt2pp', 'FE2tpp', 'CLt3_2pp', 'POR5', 'MTHTHFSs', 'MALCOAMT', 'MG2t3_2pp', 'THRA', 'OGMEACPS', 'OGMEACPR', 'OPMEACPS', 'CTECOAI7', 'K2L4Aabctex', 'OPMEACPD', 'EPMEACPR', 'AOXSr2', 'MEOHtrpp', 'OGMEACPD', 'EGMEACPR', 'OPMEACPR', 'PMEACPE', 'MEOHtex', 'ICYSDS', 'MECDPDH5', 'RNTR1c2', 'RNTR2c2', 'I4FE4SR', 'RNTR3c2', 'RNTR4c2', 'I2FE2SS', 'I2FE2ST', 'FESR', 'I2FE2SS2', 'I4FE4ST', 'BTS5', 'DM_4crsol_c', 'DHNPA2r', 'FESD1s', 'I2FE2SR', 'TYRL', 'THZPSN3', 'BIOMASS_Ec_iML1515_core_75p37M', 'DHPTDCs2', 'ENLIPAabctex', 'DM_mththf_c']","[-0.22493203187554994, 0.19523138831775005, -0.19523138831774994, -3.596605126768446, -3.2505813860546526, 0.4085706343933255, 0.17457302200239996, 0.14606101798287413, 1.4811655404673734, -0.0002632240486593355, 0.03354808206334999, -0.000526448097318671, 0.0001316120243093355, -0.0002632240486593355, 0.14355035631655932, -0.23521844834514016, -0.00013161202434999996, -4.235095314834133, 0.5133797659306065, -0.0002632240486593355, -0.00013161202434999996, 0.17146686019004992, -1.1350428102516793e-05, -0.000394836073049997, 0.2658981925669499, 0.19523138831774994, -0.000526448097318671, -0.17146686019004992, -0.17146686019004992, -0.5160413044609843, -0.22493203187554994, 0.0014477322677280034, -0.03354808206334999, -0.03354808206334999, -0.19085750171479995, -2.0485674611362157, -0.22493203187554994, -0.03354808206334999, 2.0485674611362157, -0.2658981925669499, -0.0001640723890999982, -0.0001640723890999982, -0.0002632240486999999, -0.00013161202434999996, 0.12073249046268071, 0.0004078202189248259, -1.5351876952056092, 0.25668988296530326, -3.2460364749998215e-05, 0.10406714979530335, 0.25668988296530326, 0.14355035631655932, 1.0267559907305133, 0.055913273376100026, 1.3989992711050199, 0.25668988296530326, -0.0021057923895999994, 0.25668988296530326, -0.00013161202434999996, -0.15052735279339446, -0.22493203187554994, -0.2658981925669499, -0.055913273376100026, 0.14355035631655932, -0.11253182194995048, -0.015442870982699995, -0.0003977870152741536, -0.5160413044609843, 0.2658981925669499, 0.055913273376100026, -3.5850703351616318, 0.17457302200239996, -2.246551545530852, -0.0001316120243093355, 0.7154298428373114, -0.00013161202434999996, 0.40799996860522136, 0.5160413044609843, -0.17146686019004992, 1.0267559907305133, 0.49605010642196845, -0.0021057923895999994, 0.17457302200239996, 0.17457302200239996, 0.10406714979530335, 1.3989992711049999, 1.3989992711050199, -0.0021057923895999994, 0.5133797659306065, 1.3989992711050199, 0.2681725894485033, -0.00167318425574998, -0.0014099602070499803, 0.2681725894485033, -0.0014099602070499803, -0.48057945263340657, -0.34602374071379316, 0.48057945263340657, -0.0164001566486, 0.0164001566486, 0.3035122258240506, -0.0013444492890993254, 1.3989992711050199, 0.00020125426144999994, 1.3989992711050199, -0.16410543965319996, -0.000394836073049997, -0.000394836073049997, -0.0003977870152741536, -0.0014099602070499803, -0.0002632240486593355, -0.14606101798287413, -0.00013161202434999996, 0.2681725894485033, -0.46676189222472475, -0.19522003788964742, -0.21892981533904993, -0.000394836073049997, -0.000394836073049997, 0.04505833799895337, -0.0164001566486, 0.14355035631655932, -0.09474000093624996, -0.0164001566486, -0.0164001566486, -0.03354808206334999, 6.9986630069602045, 0.28534806431565657, 0.6976918883301857, 0.055913273376100026, -0.00013161202434999996, -0.00013161202434999996, -0.0003977870152741536, -0.00013161202435, -0.0003977870152741536, -0.14226787681474995, -0.19523138831775005, 0.5133797659306065, 0.5133797659306065, -0.0001640723890999982, 1.026757171107413, -0.001245887817949982, -0.21892981533904993, -0.21892981533904993, 0.0873806368881257, 0.21892981533904993, 0.0873806368881257, -0.09083649452794999, -0.10934126318924997, -0.14606101798287413, -0.22493203187554994, 0.13046410781474999, -0.00026440442559999994, -1.33851878963078, 0.17457302200239996, 0.08205271982659998, 0.17704296066563074, -0.07532457149659998, 0.5133797659306065, -0.0164001566486, -0.08878086815659997, -0.0164001566486, -0.0164001566486, 0.015442870982699995, -0.13046410781474999, -0.0002632240486593355, -2.790588508124887, -0.0003977870152741536, -0.0164001566486, -1.1803768999999998e-06, 0.5133797659306065, 0.5133797659306065, -0.055913273376099984, -0.055913273376099984, -0.21892981533904993, 0.48057945263340657, 0.48057945263340657, -0.055913273376099984, -0.055913273376099984, -0.055913273376099984, -0.0013444492890993254, -0.14606101798287413, -0.14606101798287413, -0.22238567297887424, 0.22238567297887424, -0.20252965869044992, 0.10934126318924997, -0.08151623852554998, -0.0005299892280999988, -0.055913273376099984, -0.00013161202434999996, -0.0010528961947999997, -0.14606101798287413, -0.19523138831775, -0.0003977870152741536, -0.0013444492890993254, -0.15052735279339446, -1.1803768999999998e-06, 0.25668988296530326, -0.15052735279339446, -0.2658981925669499, 0.005119884803749999, -0.0003977870152741536, -0.0004061865011525138, -0.00026440442559999994, 1.5351876952056092, -0.00013161202434999996, -0.16410543965319996, 0.2896113742994335, 1.3989992711050199, -0.14606101798287413, 1.3989992711050199, 1.3989992711050199, -0.09083649452794999, -0.09083649452794999, 0.17457302200239996, 0.0030719308822499992, -0.11520065412084997, -0.14355035631655932, -10.78417490363844, -0.000394836073049997, 0.1125318219499497, -0.0164001566486, -34.53687615135908, 0.6976918883301857, -0.12073249046268071, 4.235095314834133, -0.14355035631655932, 1.3989992711050199, -0.11520065412084997, 1.3989992711050199, 1.3989992711050199, -0.000394836073049997, 0.00019063086934999993, 0.23521844834514016, 1.5351876952056092, -1.1803768999999998e-06, -0.09110089895354997, 0.0005534599185481603, -0.0018979092076474857, 0.0004184436110499999, 1.3989992711050199, -0.000394836073049997, -0.05617649742480002, -0.05617649742480002, -0.0013444492890993254, 0.17040473235914977, 1.4754711249999997e-05, 0.10406714979530335, -0.17457302200239996, 0.2681725894485033, 0.00013161202434999996, -0.14862125547897412, -0.07532457149659998, 0.2681725894485033, -3.898907047734488, 0.23521844834514014, -4.131319149999999e-06, -4.131319149999999e-06, -0.00019063086934999993, -0.000394836073049997, -3.898907047734488, -0.12073249046268071, 0.2681725894485033, 0.0004184436110499999, 1.4754711249999997e-05, 0.00019063086934999993, -0.005119884803749999, -0.00020125426144999994, 12.26943187584611, 4.235095314834133, -1.4754711249999997e-05, -0.0002632240486999999, -0.0014099602070499803, 2.2693440839466446, 0.00020125426144999994, 0.0246002349729, -0.17457302200239996, -0.055913273376099984, -0.21892981533904993, 0.0002638142371509389, -0.17146686019004992, -0.01583770705574999, -0.03354808206334999, 1.3989992711050199, 0.08151623852554998, -0.22493203187554994, 4.131319149999999e-06, 0.14862125547897412, -0.2658981925669499, 0.17457302200239996, -0.00013161202434999996, -0.055913273376099984, 2.2458707882524482, -0.09110089895354997, 3.898907047734488, -0.015442870982699995, -0.0003977870152741536, -1.1803768999999998e-06, 0.1404060436339567, 0.11520065412084997, 1.3989992711050199, -0.0004184436110499999, -0.0030719308822499992, -0.0004078202189248259, -0.00013161202434999996, 2.480764359789787, 1.2949321213097162, -0.0003977870152741536, -0.16410543965319996, -0.000394836073049997, -0.055913273376099984, -0.0004061865011525138, -0.00013161202434999996, -0.22493203187554994, -0.03766228574829999, 0.2237821553702033, -0.08878086815659997, 0.0164001566486, -0.055913273376100026, 0.0030719308822499992, -0.00013161202434999996, -0.00013161202434999996, -21.56347839181058, 0.49605010642196845, -0.0082000783243, 0.6633806706265659, -0.0082000783243, -0.00013161202434999996, -0.00013279240124999995, -0.00013279240124999995, -0.011482706483199996, 1.2949321213097162, -0.14862125547897412, -0.00013161202434999996, 0.2237821553702033, -0.03766228574829999, 0.2237821553702033, -3.596605126768446, -0.0030719308822499992, -2.961822764522626, -0.03766228574829999, -0.044390434078299984, -0.03766228574829999, 1.026759531861213, 1.026759531861213, -0.03766228574829999, 0.2237821553702033, -3.596605126768446, 0.2681725894485033, -0.03766228574829999, 0.2681725894485033, -0.044390434078299984, 0.2681725894485033, 0.00013161202434999996, 0.07532457149659998, -1.3989992711050199, -1.3989992711050199, -1.3989992711050199, -1.3989992711050199, -0.10406714979530335, -18.406435589398306, 0.0030719308822499992, -0.00013161202434999996, -0.0082000783243, -0.00947901669545, -0.0015359654411249996, -0.06418594487974998, -0.00026440442559999994, -1.1803768999999998e-06, -0.005119884803749999, 0.4085706343933255, -1.1803768999999998e-06, -1.1803768999999998e-06, -1.1803768999999998e-06, 0.08878086815659997, -0.011482706483199996, -1.1803768999999998e-06, -1.1803768999999998e-06, -1.1803768999999998e-06, 1.1803768999999998e-06, -1.1803768999999998e-06, -1.1803768999999998e-06, -1.1803768999999998e-06, -1.1803768999999998e-06, 1.1803768999999998e-06, -0.0007772781886500015, -0.0014099602070499803, -0.015442870982699995, -0.015945121353649998, -0.0001534489970000004, -0.015945121353649998, -0.015442870982699995, -0.00016879389670000037, -1.6525276599999996e-05, -0.004608191417599999, -0.0001534489970000004, -0.0001534489970000004, -1.1803768999999998e-06, -0.00013161202434999996, -0.000394836073049997, -0.0023040957087999995, -1.1803768999999998e-06, -0.00013161202434999996, -0.00013161202434999996, -0.5901884499999999, -0.00026440442559999994, 0.2681725894485033, -0.00026440442559999994]","[0.22493203187554994, 0.19523138831775005, 0.19523138831774994, 3.596605126768446, 3.2505813860546526, 0.4085706343933255, 0.17457302200239996, 0.14606101798287413, 1.4811655404673734, 0.0002632240486593355, 0.03354808206334999, 0.000526448097318671, 0.0001316120243093355, 0.0002632240486593355, 0.14355035631655932, 0.23521844834514016, 0.00013161202434999996, 4.235095314834133, 0.5133797659306065, 0.0002632240486593355, 0.00013161202434999996, 0.17146686019004992, 1.1350428102516793e-05, 0.000394836073049997, 0.2658981925669499, 0.19523138831774994, 0.000526448097318671, 0.17146686019004992, 0.17146686019004992, 0.5160413044609843, 0.22493203187554994, 0.0014477322677280034, 0.03354808206334999, 0.03354808206334999, 0.19085750171479995, 2.0485674611362157, 0.22493203187554994, 0.03354808206334999, 2.0485674611362157, 0.2658981925669499, 0.0001640723890999982, 0.0001640723890999982, 0.0002632240486999999, 0.00013161202434999996, 0.12073249046268071, 0.0004078202189248259, 1.5351876952056092, 0.25668988296530326, 3.2460364749998215e-05, 0.10406714979530335, 0.25668988296530326, 0.14355035631655932, 1.0267559907305133, 0.055913273376100026, 1.3989992711050199, 0.25668988296530326, 0.0021057923895999994, 0.25668988296530326, 0.00013161202434999996, 0.15052735279339446, 0.22493203187554994, 0.2658981925669499, 0.055913273376100026, 0.14355035631655932, 0.11253182194995048, 0.015442870982699995, 0.0003977870152741536, 0.5160413044609843, 0.2658981925669499, 0.055913273376100026, 3.5850703351616318, 0.17457302200239996, 2.246551545530852, 0.0001316120243093355, 0.7154298428373114, 0.00013161202434999996, 0.40799996860522136, 0.5160413044609843, 0.17146686019004992, 1.0267559907305133, 0.49605010642196845, 0.0021057923895999994, 0.17457302200239996, 0.17457302200239996, 0.10406714979530335, 1.3989992711049999, 1.3989992711050199, 0.0021057923895999994, 0.5133797659306065, 1.3989992711050199, 0.2681725894485033, 0.00167318425574998, 0.0014099602070499803, 0.2681725894485033, 0.0014099602070499803, 0.48057945263340657, 0.34602374071379316, 0.48057945263340657, 0.0164001566486, 0.0164001566486, 0.3035122258240506, 0.0013444492890993254, 1.3989992711050199, 0.00020125426144999994, 1.3989992711050199, 0.16410543965319996, 0.000394836073049997, 0.000394836073049997, 0.0003977870152741536, 0.0014099602070499803, 0.0002632240486593355, 0.14606101798287413, 0.00013161202434999996, 0.2681725894485033, 0.46676189222472475, 0.19522003788964742, 0.21892981533904993, 0.000394836073049997, 0.000394836073049997, 0.04505833799895337, 0.0164001566486, 0.14355035631655932, 0.09474000093624996, 0.0164001566486, 0.0164001566486, 0.03354808206334999, 6.9986630069602045, 0.28534806431565657, 0.6976918883301857, 0.055913273376100026, 0.00013161202434999996, 0.00013161202434999996, 0.0003977870152741536, 0.00013161202435, 0.0003977870152741536, 0.14226787681474995, 0.19523138831775005, 0.5133797659306065, 0.5133797659306065, 0.0001640723890999982, 1.026757171107413, 0.001245887817949982, 0.21892981533904993, 0.21892981533904993, 0.0873806368881257, 0.21892981533904993, 0.0873806368881257, 0.09083649452794999, 0.10934126318924997, 0.14606101798287413, 0.22493203187554994, 0.13046410781474999, 0.00026440442559999994, 1.33851878963078, 0.17457302200239996, 0.08205271982659998, 0.17704296066563074, 0.07532457149659998, 0.5133797659306065, 0.0164001566486, 0.08878086815659997, 0.0164001566486, 0.0164001566486, 0.015442870982699995, 0.13046410781474999, 0.0002632240486593355, 2.790588508124887, 0.0003977870152741536, 0.0164001566486, 1.1803768999999998e-06, 0.5133797659306065, 0.5133797659306065, 0.055913273376099984, 0.055913273376099984, 0.21892981533904993, 0.48057945263340657, 0.48057945263340657, 0.055913273376099984, 0.055913273376099984, 0.055913273376099984, 0.0013444492890993254, 0.14606101798287413, 0.14606101798287413, 0.22238567297887424, 0.22238567297887424, 0.20252965869044992, 0.10934126318924997, 0.08151623852554998, 0.0005299892280999988, 0.055913273376099984, 0.00013161202434999996, 0.0010528961947999997, 0.14606101798287413, 0.19523138831775, 0.0003977870152741536, 0.0013444492890993254, 0.15052735279339446, 1.1803768999999998e-06, 0.25668988296530326, 0.15052735279339446, 0.2658981925669499, 0.005119884803749999, 0.0003977870152741536, 0.0004061865011525138, 0.00026440442559999994, 1.5351876952056092, 0.00013161202434999996, 0.16410543965319996, 0.2896113742994335, 1.3989992711050199, 0.14606101798287413, 1.3989992711050199, 1.3989992711050199, 0.09083649452794999, 0.09083649452794999, 0.17457302200239996, 0.0030719308822499992, 0.11520065412084997, 0.14355035631655932, 10.78417490363844, 0.000394836073049997, 0.1125318219499497, 0.0164001566486, 34.53687615135908, 0.6976918883301857, 0.12073249046268071, 4.235095314834133, 0.14355035631655932, 1.3989992711050199, 0.11520065412084997, 1.3989992711050199, 1.3989992711050199, 0.000394836073049997, 0.00019063086934999993, 0.23521844834514016, 1.5351876952056092, 1.1803768999999998e-06, 0.09110089895354997, 0.0005534599185481603, 0.0018979092076474857, 0.0004184436110499999, 1.3989992711050199, 0.000394836073049997, 0.05617649742480002, 0.05617649742480002, 0.0013444492890993254, 0.17040473235914977, 1.4754711249999997e-05, 0.10406714979530335, 0.17457302200239996, 0.2681725894485033, 0.00013161202434999996, 0.14862125547897412, 0.07532457149659998, 0.2681725894485033, 3.898907047734488, 0.23521844834514014, 4.131319149999999e-06, 4.131319149999999e-06, 0.00019063086934999993, 0.000394836073049997, 3.898907047734488, 0.12073249046268071, 0.2681725894485033, 0.0004184436110499999, 1.4754711249999997e-05, 0.00019063086934999993, 0.005119884803749999, 0.00020125426144999994, 12.26943187584611, 4.235095314834133, 1.4754711249999997e-05, 0.0002632240486999999, 0.0014099602070499803, 2.2693440839466446, 0.00020125426144999994, 0.0246002349729, 0.17457302200239996, 0.055913273376099984, 0.21892981533904993, 0.0002638142371509389, 0.17146686019004992, 0.01583770705574999, 0.03354808206334999, 1.3989992711050199, 0.08151623852554998, 0.22493203187554994, 4.131319149999999e-06, 0.14862125547897412, 0.2658981925669499, 0.17457302200239996, 0.00013161202434999996, 0.055913273376099984, 2.2458707882524482, 0.09110089895354997, 3.898907047734488, 0.015442870982699995, 0.0003977870152741536, 1.1803768999999998e-06, 0.1404060436339567, 0.11520065412084997, 1.3989992711050199, 0.0004184436110499999, 0.0030719308822499992, 0.0004078202189248259, 0.00013161202434999996, 2.480764359789787, 1.2949321213097162, 0.0003977870152741536, 0.16410543965319996, 0.000394836073049997, 0.055913273376099984, 0.0004061865011525138, 0.00013161202434999996, 0.22493203187554994, 0.03766228574829999, 0.2237821553702033, 0.08878086815659997, 0.0164001566486, 0.055913273376100026, 0.0030719308822499992, 0.00013161202434999996, 0.00013161202434999996, 21.56347839181058, 0.49605010642196845, 0.0082000783243, 0.6633806706265659, 0.0082000783243, 0.00013161202434999996, 0.00013279240124999995, 0.00013279240124999995, 0.011482706483199996, 1.2949321213097162, 0.14862125547897412, 0.00013161202434999996, 0.2237821553702033, 0.03766228574829999, 0.2237821553702033, 3.596605126768446, 0.0030719308822499992, 2.961822764522626, 0.03766228574829999, 0.044390434078299984, 0.03766228574829999, 1.026759531861213, 1.026759531861213, 0.03766228574829999, 0.2237821553702033, 3.596605126768446, 0.2681725894485033, 0.03766228574829999, 0.2681725894485033, 0.044390434078299984, 0.2681725894485033, 0.00013161202434999996, 0.07532457149659998, 1.3989992711050199, 1.3989992711050199, 1.3989992711050199, 1.3989992711050199, 0.10406714979530335, 18.406435589398306, 0.0030719308822499992, 0.00013161202434999996, 0.0082000783243, 0.00947901669545, 0.0015359654411249996, 0.06418594487974998, 0.00026440442559999994, 1.1803768999999998e-06, 0.005119884803749999, 0.4085706343933255, 1.1803768999999998e-06, 1.1803768999999998e-06, 1.1803768999999998e-06, 0.08878086815659997, 0.011482706483199996, 1.1803768999999998e-06, 1.1803768999999998e-06, 1.1803768999999998e-06, 1.1803768999999998e-06, 1.1803768999999998e-06, 1.1803768999999998e-06, 1.1803768999999998e-06, 1.1803768999999998e-06, 1.1803768999999998e-06, 0.0007772781886500015, 0.0014099602070499803, 0.015442870982699995, 0.015945121353649998, 0.0001534489970000004, 0.015945121353649998, 0.015442870982699995, 0.00016879389670000037, 1.6525276599999996e-05, 0.004608191417599999, 0.0001534489970000004, 0.0001534489970000004, 1.1803768999999998e-06, 0.00013161202434999996, 0.000394836073049997, 0.0023040957087999995, 1.1803768999999998e-06, 0.00013161202434999996, 0.00013161202434999996, 0.5901884499999999, 0.00026440442559999994, 0.2681725894485033, 0.00026440442559999994]","['DHORD5', 'GLYCTO3', 'EX_ac_e', 'PGL', 'DHORD2', 'DMPPS', 'MALS', 'GND', 'G6PDH2r', 'ACtex', 'ACt2rpp', 'ASPO6', 'DUTPDP', 'GCALDD', 'QMO3', 'RPI', 'MTHTHFSs', 'RNTR4c2', 'DHPTDCs2', 'DM_mththf_c']","['ACALD', 'PTRCTA', 'CYSDS', 'ACP1_FMN', 'NDP3', 'PFL', 'EX_ade_e', 'EX_gua_e', 'INSK', 'ABTA', 'ASPT', 'SERD_L', 'GLXCL', 'AGMT', 'ARGDC', 'EDTXS1', 'EDTXS2', 'AACPS1', 'NTD9', 'ADA', 'P5CD', 'EX_urea_e', 'AMPN', 'NTPP7', 'SSALy', 'GUAtex', 'ADEt2rpp', 'GUAtpp', 'ASPO5', 'ALKP', 'UREAtex', 'LIPAabcpp', 'TDP', 'FACOAE140', 'PIuabcpp', 'ADEtex', 'EX_enlipa_e', 'CU2abcpp', 'COBALT2abcpp', 'NI2abcpp', 'ZN2abcpp', 'DAAD', 'UREAtpp', 'NADPPPS', 'ABUTD', 'ALAALAD', 'GLYCK', 'PETNT161pp', 'DAGK161', '12DGR161tipp', '2MAHMP', 'CA2t3pp', 'THRA', 'ENLIPAabctex']","['SHK3Dr', 'DHORTS', 'OMPDC', 'CS', 'ICDHyr', 'PPA', 'APRAUR', 'TRPAS2', 'DB4PS', 'RBFSb', 'EX_pi_e', 'SHCHD2', 'EX_co2_e', 'A5PISO', 'PMDPHT', 'CPPPGO', 'ILETA', 'IPPMIb', 'ORPT', 'RBFSa', 'ACHBS', 'DHAD2', 'ACLS', 'PSCVT', 'ANS', 'ANPRT', 'CHORM', 'PTAr', 'CHORS', 'IGPS', 'ACKr', 'LEUTAi', 'DMATT', 'GRTT', 'UPP3S', 'UPPDC1', 'EX_mn2_e', 'MOAT', 'UDCPDPS', 'ECOAH6', 'USHD', 'HCO3E', 'IMPC', 'ECOAH4', 'LPADSS', 'GLUTRS', 'TDSK', 'TMPPP', 'DHQTi', 'IPMD', 'PUNP1', 'PUNP3', 'TKT1', 'TMDS', 'PPCDC', 'DHAD1', 'IPPMIa', 'MDH', 'FUM', 'FMNAT', 'OHPBAT', 'KARA1', 'KARA2', 'ACCOAC', 'GLUTRR', 'HACD6', 'ECOAH1', 'ECOAH2', 'G1SAT', 'KDOCT2', 'ECOAH3', 'DXPS', 'CDPMEK', 'MECDPS', 'PGAMT', 'ICL', 'UAGDP', 'UAGCVT', 'GLUR', 'GLYCL', 'NNDPR', 'HACD4', 'EX_zn2_e', 'HACD5', 'HACD7', 'DNMPPA', 'HPPK2', 'PTPATi', 'DXPRIi', 'GTPCII2', 'SADT2', 'OPHBDC', 'GHMT2r', 'SDPDS', 'ADCS', 'ADCL', 'UMPK', 'UAPGR', 'CTPS2', 'PAPPT3', 'UAGPT3', 'TRPS3', 'FADRx', 'NDPK2', 'NDPK3', 'FCLT', 'HBZOPT', 'PNTK', 'OCTDPS', 'DPCOAK', 'ASNS2', 'ASPCT', 'KDOPS', 'KDOPP', 'MCOATA', 'IPDPS', 'DAPE', 'DHDPRy', 'HSK', 'SDPTA', 'THRS', 'HSST', 'PPNDH', 'TRDR', 'DDPA', 'RHCCE', 'G3PD2', 'AACPS3', 'U23GAAT', 'UAAGDS', 'AACPS4', 'UAMAS', 'UAMAGS', 'P5CR', 'DHPPDA2', 'AKGDH', 'ASP1DC', 'UGMDDS', 'DBTS', 'UHGADA', 'UAGAAT', 'ATPPRT', 'HISTD', 'DHDPS', 'G1PACT', 'GF6PTA', 'IGPDH', 'PRATPP', 'PRMICI', 'NADS1', 'BPNT', 'PAPSR', 'ASPK', 'ASAD', 'DAPDC', 'PHETA1', 'PPND', 'METAT', 'PRAMPC', 'PDX5PS', 'PPBNGS', 'SULR', 'CBMKr', 'PPNCL2', 'NNATr', 'DM_amob_c', 'MOAT2', 'IPPS', 'EX_mg2_e', 'MOHMT', 'SPODM', 'AHCYSNS', 'CHRPL', 'ACACT7r', 'ADK3', 'ACACT2r', 'ADSK', 'ACACT3r', 'ACACT4r', 'CYSTL', 'SHSL1', 'EX_ca2_e', 'Kt2pp', 'O2tpp', 'GTPCI', 'TKT2', 'UDCPDP', 'ATPS4rpp', 'CYTK1', 'CO2tpp', 'HACD1', 'Ktex', 'HACD2', 'ECOAH5', 'DHFS', 'EX_ni2_e', 'PItex', 'EX_meoh_e', 'METS', 'EX_cu2_e', 'ACACT5r', 'DHPS2', 'MTHFC', 'MTHFD', 'QULNS', 'EX_cobalt2_e', 'ACACT6r', 'SO4tex', 'FACOAE160', 'NH4tpp', 'MOBDabcpp', 'MOBDtex', 'NI2tex', 'DNTPPA', 'NH4tex', 'MG2tex', 'Zn2tex', 'H2Otpp', 'CO2tex', 'COBALT2tex', 'HMBS', 'MEPCT', 'GLUDy', 'HSTPT', 'THDPS', 'THRD_L', 'DHFR', 'PRAIi', 'HACD3', 'TYRTA', 'SHKK', 'EX_mobd_e', 'EX_so4_e', 'OMCDC', 'E4PD', 'IG3PS', 'PDH', 'MTHFR2', 'EX_nh4_e', 'DPR', 'AMAOTr', 'GLNS', 'EX_k_e', 'ACACT1r', 'CU2tex', 'CLtex', 'MNtex', 'SHCHF', 'SUCOAS', 'AACPS7', 'PANTS', 'ECOAH7', 'HISTP', 'UPP3MT', 'DHQS', 'DASYN160', 'DASYN161', 'FACOAE161', 'AICART', 'EX_cl_e', 'PPPGO3', 'PDX5PO2', 'CYTBO3_4pp', 'MPTG', 'MCTP1App', 'PERD', '5DOAN', 'DM_5drib_c', 'K2L4Aabcpp', 'FACOAE120', 'SO4t2pp', 'AMPMS2', 'PSSA161', 'PSD160', 'PSD161', 'ACONTb', 'CA2tex', 'SUCDi', 'G3PAT160', 'G3PAT161', 'AGPAT160', '3OAS140', '3OAR140', 'PE160abcpp', 'PE161abcpp', 'ACONTa', 'PSSA160', 'AGPAT161', 'ACOAD7f', 'ACOAD5f', 'ACOAD3f', 'ACOAD2f', 'ACOAD4f', 'ACOAD6f', 'NADH16pp', 'OPHHX3', 'DALAt2pp', 'FE2tpp', 'CLt3_2pp', 'POR5', 'MALCOAMT', 'MG2t3_2pp', 'OGMEACPS', 'OGMEACPR', 'OPMEACPS', 'CTECOAI7', 'K2L4Aabctex', 'OPMEACPD', 'EPMEACPR', 'AOXSr2', 'MEOHtrpp', 'OGMEACPD', 'EGMEACPR', 'OPMEACPR', 'PMEACPE', 'MEOHtex', 'ICYSDS', 'MECDPDH5', 'RNTR1c2', 'RNTR2c2', 'I4FE4SR', 'RNTR3c2', 'I2FE2SS', 'I2FE2ST', 'FESR', 'I2FE2SS2', 'I4FE4ST', 'BTS5', 'DM_4crsol_c', 'DHNPA2r', 'FESD1s', 'I2FE2SR', 'TYRL', 'THZPSN3', 'BIOMASS_Ec_iML1515_core_75p37M']",RPI,EDTXS2,305.6009185957311,1,409,335,117.0,52.324934195513144,iML1515,PSL,True,False,-64.6410450170854,0.0,0.0,0.0
160,"['SHK3Dr', 'DHORTS', 'OMPDC', 'CS', 'ICDHyr', 'PTRCTA', 'CYSDS', 'PPA', 'APRAUR', 'TRPAS2', 'DB4PS', 'ACP1_FMN', 'RBFSb', 'NDP3', 'EX_pi_e', 'SHCHD2', 'EX_co2_e', 'A5PISO', 'PMDPHT', 'CPPPGO', 'ILETA', 'GLYCTO3', 'IPPMIb', 'ORPT', 'RBFSa', 'ACHBS', 'PFK_3', 'DHAD2', 'ACLS', 'PSCVT', 'PFL', 'ANS', 'ANPRT', 'CHORM', 'PTAr', 'CHORS', 'IGPS', 'ACKr', 'LEUTAi', 'DMATT', 'GRTT', 'UPP3S', 'UPPDC1', 'EX_ade_e', 'EX_mn2_e', 'EX_ac_e', 'MOAT', 'UDCPDPS', 'ECOAH6', 'USHD', 'EX_gua_e', 'HCO3E', 'IMPC', 'ECOAH4', 'LPADSS', 'GLUTRS', 'TDSK', 'TMPPP', 'PGL', 'DHQTi', 'IPMD', 'PUNP1', 'PUNP3', 'TKT1', 'TMDS', 'PPCDC', 'DHAD1', 'IPPMIa', 'INSK', 'MDH', 'ABTA', 'FUM', 'FMNAT', 'ASPT', 'OHPBAT', 'SERD_L', 'THRD', 'KARA1', 'KARA2', 'ACCOAC', 'GLXCL', 'GLUTRR', 'AGMT', 'ARGDC', 'HACD6', 'ECOAH1', 'ECOAH2', 'G1SAT', 'KDOCT2', 'ECOAH3', 'EDTXS1', 'DXPS', 'CDPMEK', 'EDTXS2', 'MECDPS', 'PGAMT', 'ICL', 'UAGDP', 'UAGCVT', 'GLUR', 'GLYCL', 'NNDPR', 'HACD4', 'EX_zn2_e', 'HACD5', 'HACD7', 'DNMPPA', 'HPPK2', 'PTPATi', 'DXPRIi', 'GTPCII2', 'SADT2', 'OPHBDC', 'AACPS1', 'GHMT2r', 'DHORD2', 'SDPDS', 'ADCS', 'ADCL', 'UMPK', 'UAPGR', 'NTD9', 'CTPS2', 'PAPPT3', 'UAGPT3', 'GLYAT', 'TRPS3', 'FADRx', 'NDPK2', 'NDPK3', 'ADA', 'FCLT', 'HBZOPT', 'PNTK', 'OCTDPS', 'DPCOAK', 'ASNS2', 'ASPCT', 'KDOPS', 'KDOPP', 'DMPPS', 'MCOATA', 'IPDPS', 'DAPE', 'DHDPRy', 'HSK', 'SDPTA', 'THRS', 'HSST', 'PPNDH', 'TRDR', 'DDPA', 'P5CD', 'RHCCE', 'MALS', 'EX_urea_e', 'G3PD2', 'AMPN', 'AACPS3', 'U23GAAT', 'UAAGDS', 'AACPS4', 'UAMAS', 'UAMAGS', 'NTPP7', 'P5CR', 'DHPPDA2', 'AKGDH', 'ASP1DC', 'UGMDDS', 'DBTS', 'UHGADA', 'UAGAAT', 'ATPPRT', 'HISTD', 'DHDPS', 'G1PACT', 'GF6PTA', 'IGPDH', 'PRATPP', 'PRMICI', 'NADS1', 'BPNT', 'PAPSR', 'ASPK', 'ASAD', 'DAPDC', 'PHETA1', 'PPND', 'METAT', 'PRAMPC', 'PDX5PS', 'PPBNGS', 'SULR', 'CBMKr', 'PPNCL2', 'NNATr', 'GND', 'DM_amob_c', 'MOAT2', 'G6PDH2r', 'IPPS', 'EX_mg2_e', 'MOHMT', 'SPODM', 'AHCYSNS', 'ACtex', 'CHRPL', 'FBA3', 'ACACT7r', 'ADK3', 'ACACT2r', 'ADSK', 'ACACT3r', 'ACACT4r', 'CYSTL', 'SHSL1', 'SSALy', 'EX_ca2_e', 'Kt2pp', 'GUAtex', 'O2tpp', 'GTPCI', 'TKT2', 'UDCPDP', 'ATPS4rpp', 'CYTK1', 'ADEt2rpp', 'CO2tpp', 'GUAtpp', 'HACD1', 'Ktex', 'HACD2', 'ECOAH5', 'DHFS', 'EX_ni2_e', 'PItex', 'ACt2rpp', 'EX_meoh_e', 'METS', 'ASPO5', 'ASPO6', 'EX_cu2_e', 'ACACT5r', 'DHPS2', 'MTHFC', 'MTHFD', 'QULNS', 'ALKP', 'EX_cobalt2_e', 'ACACT6r', 'UREAtex', 'LIPAabcpp', 'TDP', 'SO4tex', 'FACOAE160', 'FACOAE140', 'NH4tpp', 'PIuabcpp', 'MOBDabcpp', 'MOBDtex', 'NI2tex', 'DNTPPA', 'NH4tex', 'ADEtex', 'EX_enlipa_e', 'CU2abcpp', 'COBALT2abcpp', 'NI2abcpp', 'MG2tex', 'Zn2tex', 'H2Otpp', 'CO2tex', 'COBALT2tex', 'HMBS', 'MEPCT', 'GLUDy', 'ZN2abcpp', 'DAAD', 'UREAtpp', 'HSTPT', 'THDPS', 'NADPPPS', 'THRD_L', 'DHFR', 'PRAIi', 'HACD3', 'TYRTA', 'SHKK', 'EX_mobd_e', 'EX_so4_e', 'OMCDC', 'ABUTD', 'E4PD', 'IG3PS', 'PDH', 'MTHFR2', 'EX_nh4_e', 'DUTPDP', 'DPR', 'AMAOTr', 'GLNS', 'EX_k_e', 'ACACT1r', 'CU2tex', 'CLtex', 'MNtex', 'SHCHF', 'SUCOAS', 'AACPS7', 'PANTS', 'ECOAH7', 'GCALDD', 'HISTP', 'QMO3', 'UPP3MT', 'DHQS', 'DASYN160', 'DASYN161', 'FACOAE161', 'ALAALAD', 'AICART', 'EX_cl_e', 'PPPGO3', 'PDX5PO2', 'CYTBO3_4pp', 'GLYCK', 'MPTG', 'RPI', 'MCTP1App', 'PERD', '5DOAN', 'DM_5drib_c', 'K2L4Aabcpp', 'FACOAE120', 'SO4t2pp', 'AMPMS2', 'PSSA161', 'PSD160', 'PSD161', 'ACONTb', 'CA2tex', 'SUCDi', 'G3PAT160', 'G3PAT161', 'AGPAT160', '3OAS140', '3OAR140', 'PE160abcpp', 'PE161abcpp', 'ACONTa', 'PETNT161pp', 'PSSA160', 'DAGK161', 'AGPAT161', '12DGR161tipp', '2MAHMP', 'ACOAD7f', 'ACOAD5f', 'ACOAD3f', 'ACOAD2f', 'ACOAD4f', 'ACOAD6f', 'NADH16pp', 'CA2t3pp', 'OPHHX3', 'DALAt2pp', 'FE2tpp', 'CLt3_2pp', 'POR5', 'MTHTHFSs', 'MALCOAMT', 'MG2t3_2pp', 'OGMEACPS', 'OGMEACPR', 'OPMEACPS', 'CTECOAI7', 'K2L4Aabctex', 'OPMEACPD', 'EPMEACPR', 'AOXSr2', 'MEOHtrpp', 'OGMEACPD', 'EGMEACPR', 'OPMEACPR', 'PMEACPE', 'MEOHtex', 'ICYSDS', 'MECDPDH5', 'RNTR1c2', 'RNTR2c2', 'I4FE4SR', 'RNTR3c2', 'RNTR4c2', 'I2FE2SS', 'I2FE2ST', 'FESR', 'I2FE2SS2', 'I4FE4ST', 'BTS5', 'DM_4crsol_c', 'DHNPA2r', 'FESD1s', 'I2FE2SR', 'TYRL', 'THZPSN3', 'BIOMASS_Ec_iML1515_core_75p37M', 'DHPTDCs2', 'ENLIPAabctex', 'DM_mththf_c']","[-0.2249320318755761, 0.1952313883177496, -0.1952313883177496, -3.5966051268734454, -3.250581386029607, 0.17457302200239996, 0.1460610179827418, 1.4811655404737016, -0.0002632240486973044, 0.03354808206334999, -0.0005264480973946088, 0.0001316120243473044, -0.0002632240486973044, 0.1435503563165973, -0.2352184483487897, -0.00013161202434999996, -4.23509531491926, 0.5133797659316719, -0.0002632240486973044, -0.00013161202434999996, 0.17146686019004992, -0.00039483607305002, 0.2658981925669499, 0.1952313883177496, -0.0005264480973946088, -0.17146686019004992, -0.11253182194996306, -0.17146686019004992, -0.5160413044608521, -0.2249320318755761, 0.001447732267841933, -0.033548082063376124, -0.033548082063376124, -0.19085750171479995, -2.0485674611269102, -0.2249320318755761, -0.033548082063376124, 2.0485674611269102, -0.2658981925669499, -0.0001640723890999983, -0.0001640723890999983, -0.0002632240486999999, -0.00013161202434999996, 0.1207324904621123, 0.0004078202189248259, -1.5351876951952386, 0.25668988296583595, -3.2460364749998215e-05, 0.10406714979583603, 0.25668988296583595, 0.14355035631659727, 1.026755990732644, 0.055913273376100026, 1.398999271108216, 0.25668988296583595, -0.0021057923895999994, 0.25668988296583595, -0.00013161202434999996, -0.15052735279179497, -0.2249320318755761, -0.2658981925669499, -0.0559132733761, 0.14355035631659727, -0.11253182194996306, -0.015442870982699995, -0.00039778701514192605, -0.5160413044608521, 0.2658981925669499, 0.0559132733761, -3.585070334959722, 0.17457302200239996, -2.246551545188261, -0.0001316120243473044, 0.7154298432848021, -0.00013161202434999996, 0.40799996853424814, 0.40857063425257667, 0.5160413044608521, -0.17146686019004992, 1.026755990732644, 0.49605010642733305, -0.0021057923895999994, 0.17457302200239996, 0.17457302200239996, 0.10406714979583603, 1.3989992711082095, 1.398999271108216, -0.0021057923895999994, 0.5133797659316719, 1.398999271108216, 0.268172589449036, -0.0016731842557499838, -0.001409960207049984, 0.268172589449036, -0.001409960207049984, -0.48057945263447194, -0.3460237408437443, 0.48057945263447194, -0.0164001566486, 0.0164001566486, 0.30351222575374237, -0.0013444492890855586, 1.398999271108216, 0.00020125426144999994, 1.398999271108216, -0.16410543965319996, -0.00039483607305002, -0.00039483607305002, -0.00039778701514192605, -0.001409960207049984, -0.0002632240486973044, -0.1460610179827418, -0.00013161202434999996, 0.268172589449036, -0.4667618921542842, -0.1952313883177496, -0.21892981533904993, -0.00039483607305002, -0.00039483607305002, 0.045058337999486386, -0.0164001566486, 0.14355035631659727, -0.09474000093624993, -0.0164001566486, -0.0164001566486, -0.40857063425257667, -0.033548082063376124, 6.998663006976749, 0.285348064316722, 0.6976918883319161, 0.0559132733761, -0.00013161202434999996, -0.00013161202434999996, -0.00039778701514192605, -0.00013161202434999996, -0.00039778701514192605, -0.14226787681474995, -0.1952313883177496, 0.5133797659316719, 0.5133797659316719, -0.00016407238909999834, 1.0267571711095438, -0.0012458878179499855, -0.21892981533904993, -0.21892981533904993, 0.08738063674737684, 0.21892981533904993, 0.08738063674737684, -0.09083649452794991, -0.10934126318924997, -0.1460610179827418, -0.2249320318755761, 0.13046410781474999, -0.00026440442559999983, -1.3385187897714608, 0.17457302200239996, 0.08205271982659998, 0.1770429606650623, -0.07532457149659998, 0.5133797659316719, -0.0164001566486, -0.08878086815659997, -0.0164001566486, -0.0164001566486, 0.015442870982699995, -0.13046410781474999, -0.0002632240486973044, -2.790588508099854, -0.00039778701514192605, -0.0164001566486, -1.1803768999999998e-06, 0.5133797659316719, 0.5133797659316719, -0.055913273376099984, -0.055913273376099984, -0.21892981533904993, 0.48057945263447194, 0.48057945263447194, -0.055913273376099984, -0.055913273376099984, -0.055913273376099984, -0.0013444492890855586, -0.1460610179827418, -0.1460610179827418, -0.2223856731196231, 0.2223856731196231, -0.20252965869044992, 0.10934126318924997, -0.08151623852554998, -0.0005299892280999968, -0.055913273376099984, -0.00013161202434999996, -0.0010528961947999997, -0.1460610179827418, -0.19523138831774955, -0.00039778701514192605, -0.0013444492890855586, -0.15052735279179497, -1.1803768999999998e-06, 0.25668988296583595, -0.15052735279179497, -0.2658981925669499, 0.005119884803749999, -0.00039778701514192605, -0.00040618650115429016, -0.00026440442559999983, 1.5351876951952386, -0.00013161202434999996, -0.11253182194996306, -0.16410543965319996, 0.2896113742993389, 1.398999271108216, -0.1460610179827418, 1.398999271108216, 1.398999271108216, -0.09083649452794991, -0.09083649452794991, 0.17457302200239996, 0.0030719308822499992, -0.11520065412084997, -0.14355035631659727, -10.784174903741183, -0.00039483607305002, 0.11253182194996303, -0.0164001566486, -34.53687615164138, 0.6976918883319161, -0.1207324904621123, 4.23509531491926, -0.14355035631659727, 1.3989992711082424, -0.11520065412084997, 1.398999271108216, 1.398999271108216, -0.00039483607305002, 0.00019063086934999993, 0.2352184483487897, 1.5351876951952386, -1.1803768999999998e-06, -0.09110089895354997, 0.0005534599185601508, -0.0018979092076457094, 0.0004184436110499999, 1.398999271108216, -0.00039483607305002, -0.05617649742480002, -0.05617649742480002, -0.0013444492890855586, 0.17040473236079112, 1.4754711249999997e-05, 0.10406714979583603, -0.17457302200239996, 0.268172589449036, 0.00013161202434999996, -0.14862125547884178, -0.07532457149659998, 0.268172589449036, -3.8989070477326075, 0.23521844834878977, -4.131319149999999e-06, -4.131319149999999e-06, -0.00019063086934999993, -0.00039483607305002, -3.8989070477326075, -0.1207324904621123, 0.268172589449036, 0.0004184436110499999, 1.4754711249999997e-05, 0.00019063086934999993, -0.005119884803749999, -0.00020125426144999994, 12.269431875919317, 4.23509531491926, -1.4754711249999997e-05, -0.0002632240486999999, -0.001409960207049984, 2.2693440836397603, 0.00020125426144999994, 0.024600234972922408, -0.17457302200239996, -0.055913273376099984, -0.21892981533904993, 0.0002638142371494956, -0.17146686019004992, -0.015837707055750015, -0.033548082063376124, 1.398999271108216, 0.08151623852554998, -0.2249320318755761, 4.131319149999999e-06, 0.14862125547884178, -0.2658981925669499, 0.17457302200239996, -0.00013161202434999996, -0.055913273376099984, 2.245870788179678, -0.09110089895354997, 3.8989070477326075, -0.015442870982699995, -0.00039778701514192605, -1.1803768999999998e-06, 0.14040604363499587, 0.11520065412084997, 1.3989992711082424, -0.0004184436110499999, -0.0030719308822499992, -0.0004078202189248259, -0.00013161202434999996, 2.4807643597647537, 1.29493212131238, -0.00039778701514192605, -0.16410543965319996, -0.00039483607305002, -0.055913273376099984, -0.00039483607305002, -0.00013161202434999996, -0.2249320318755761, -0.03766228574829999, 0.22378215537073598, -0.08878086815659997, 0.0164001566486, -0.055913273376100026, 0.0030719308822499992, -0.00013161202434999996, -0.00013161202434999996, -21.56347839201606, 0.49605010642733305, -0.0082000783243, 0.6633806706260309, -0.0082000783243, -0.00013161202434999996, -0.00013279240124999995, -0.00013279240124999995, -0.011482706483199996, 1.29493212131238, -0.14862125547884178, -0.00013161202434999996, 0.22378215537073598, -0.03766228574829999, 0.22378215537073598, -3.5966051268734454, -0.0030719308822499992, -2.961822764627546, -0.03766228574829999, -0.044390434078299984, -0.03766228574829999, 1.0267595318633438, 1.0267595318633438, -0.03766228574829999, 0.22378215537073598, -3.5966051268734454, 0.268172589449036, -0.03766228574829999, 0.268172589449036, -0.044390434078299984, 0.268172589449036, 0.00013161202434999996, 0.07532457149659998, -1.398999271108216, -1.398999271108216, -1.398999271108216, -1.398999271108216, -0.10406714979583603, -18.40643558949887, 0.0030719308822499992, -0.00013161202434999996, -0.0082000783243, -0.00947901669545, -0.0015359654411249996, -0.06418594487974996, -0.00026440442559999983, -1.1803768999999998e-06, -0.005119884803749999, -1.1803768999999998e-06, -1.1803768999999998e-06, -1.1803768999999998e-06, 0.08878086815659997, -0.011482706483199996, -1.1803768999999998e-06, -1.1803768999999998e-06, -1.1803768999999998e-06, 1.1803768999999998e-06, -1.1803768999999998e-06, -1.1803768999999998e-06, -1.1803768999999998e-06, -1.1803768999999998e-06, 1.1803768999999998e-06, -0.0007772781886500015, -0.001409960207049984, -0.015442870982699995, -0.015945121353649998, -0.0001534489970000004, -0.015945121353649998, -0.015442870982699995, -0.00016879389670000037, -1.6525276599999996e-05, -0.004608191417599999, -0.0001534489970000004, -0.0001534489970000004, -1.1803768999999998e-06, -0.00013161202434999996, -0.00039483607305002, -0.0023040957087999995, -1.1803768999999998e-06, -0.00013161202434999996, -0.00013161202434999996, -0.5901884499999999, -0.00026440442559999983, 0.268172589449036, -0.00026440442559999983]","[0.2249320318755761, 0.1952313883177496, 0.1952313883177496, 3.5966051268734454, 3.250581386029607, 0.17457302200239996, 0.1460610179827418, 1.4811655404737016, 0.0002632240486973044, 0.03354808206334999, 0.0005264480973946088, 0.0001316120243473044, 0.0002632240486973044, 0.1435503563165973, 0.2352184483487897, 0.00013161202434999996, 4.23509531491926, 0.5133797659316719, 0.0002632240486973044, 0.00013161202434999996, 0.17146686019004992, 0.00039483607305002, 0.2658981925669499, 0.1952313883177496, 0.0005264480973946088, 0.17146686019004992, 0.11253182194996306, 0.17146686019004992, 0.5160413044608521, 0.2249320318755761, 0.001447732267841933, 0.033548082063376124, 0.033548082063376124, 0.19085750171479995, 2.0485674611269102, 0.2249320318755761, 0.033548082063376124, 2.0485674611269102, 0.2658981925669499, 0.0001640723890999983, 0.0001640723890999983, 0.0002632240486999999, 0.00013161202434999996, 0.1207324904621123, 0.0004078202189248259, 1.5351876951952386, 0.25668988296583595, 3.2460364749998215e-05, 0.10406714979583603, 0.25668988296583595, 0.14355035631659727, 1.026755990732644, 0.055913273376100026, 1.398999271108216, 0.25668988296583595, 0.0021057923895999994, 0.25668988296583595, 0.00013161202434999996, 0.15052735279179497, 0.2249320318755761, 0.2658981925669499, 0.0559132733761, 0.14355035631659727, 0.11253182194996306, 0.015442870982699995, 0.00039778701514192605, 0.5160413044608521, 0.2658981925669499, 0.0559132733761, 3.585070334959722, 0.17457302200239996, 2.246551545188261, 0.0001316120243473044, 0.7154298432848021, 0.00013161202434999996, 0.40799996853424814, 0.40857063425257667, 0.5160413044608521, 0.17146686019004992, 1.026755990732644, 0.49605010642733305, 0.0021057923895999994, 0.17457302200239996, 0.17457302200239996, 0.10406714979583603, 1.3989992711082095, 1.398999271108216, 0.0021057923895999994, 0.5133797659316719, 1.398999271108216, 0.268172589449036, 0.0016731842557499838, 0.001409960207049984, 0.268172589449036, 0.001409960207049984, 0.48057945263447194, 0.3460237408437443, 0.48057945263447194, 0.0164001566486, 0.0164001566486, 0.30351222575374237, 0.0013444492890855586, 1.398999271108216, 0.00020125426144999994, 1.398999271108216, 0.16410543965319996, 0.00039483607305002, 0.00039483607305002, 0.00039778701514192605, 0.001409960207049984, 0.0002632240486973044, 0.1460610179827418, 0.00013161202434999996, 0.268172589449036, 0.4667618921542842, 0.1952313883177496, 0.21892981533904993, 0.00039483607305002, 0.00039483607305002, 0.045058337999486386, 0.0164001566486, 0.14355035631659727, 0.09474000093624993, 0.0164001566486, 0.0164001566486, 0.40857063425257667, 0.033548082063376124, 6.998663006976749, 0.285348064316722, 0.6976918883319161, 0.0559132733761, 0.00013161202434999996, 0.00013161202434999996, 0.00039778701514192605, 0.00013161202434999996, 0.00039778701514192605, 0.14226787681474995, 0.1952313883177496, 0.5133797659316719, 0.5133797659316719, 0.00016407238909999834, 1.0267571711095438, 0.0012458878179499855, 0.21892981533904993, 0.21892981533904993, 0.08738063674737684, 0.21892981533904993, 0.08738063674737684, 0.09083649452794991, 0.10934126318924997, 0.1460610179827418, 0.2249320318755761, 0.13046410781474999, 0.00026440442559999983, 1.3385187897714608, 0.17457302200239996, 0.08205271982659998, 0.1770429606650623, 0.07532457149659998, 0.5133797659316719, 0.0164001566486, 0.08878086815659997, 0.0164001566486, 0.0164001566486, 0.015442870982699995, 0.13046410781474999, 0.0002632240486973044, 2.790588508099854, 0.00039778701514192605, 0.0164001566486, 1.1803768999999998e-06, 0.5133797659316719, 0.5133797659316719, 0.055913273376099984, 0.055913273376099984, 0.21892981533904993, 0.48057945263447194, 0.48057945263447194, 0.055913273376099984, 0.055913273376099984, 0.055913273376099984, 0.0013444492890855586, 0.1460610179827418, 0.1460610179827418, 0.2223856731196231, 0.2223856731196231, 0.20252965869044992, 0.10934126318924997, 0.08151623852554998, 0.0005299892280999968, 0.055913273376099984, 0.00013161202434999996, 0.0010528961947999997, 0.1460610179827418, 0.19523138831774955, 0.00039778701514192605, 0.0013444492890855586, 0.15052735279179497, 1.1803768999999998e-06, 0.25668988296583595, 0.15052735279179497, 0.2658981925669499, 0.005119884803749999, 0.00039778701514192605, 0.00040618650115429016, 0.00026440442559999983, 1.5351876951952386, 0.00013161202434999996, 0.11253182194996306, 0.16410543965319996, 0.2896113742993389, 1.398999271108216, 0.1460610179827418, 1.398999271108216, 1.398999271108216, 0.09083649452794991, 0.09083649452794991, 0.17457302200239996, 0.0030719308822499992, 0.11520065412084997, 0.14355035631659727, 10.784174903741183, 0.00039483607305002, 0.11253182194996303, 0.0164001566486, 34.53687615164138, 0.6976918883319161, 0.1207324904621123, 4.23509531491926, 0.14355035631659727, 1.3989992711082424, 0.11520065412084997, 1.398999271108216, 1.398999271108216, 0.00039483607305002, 0.00019063086934999993, 0.2352184483487897, 1.5351876951952386, 1.1803768999999998e-06, 0.09110089895354997, 0.0005534599185601508, 0.0018979092076457094, 0.0004184436110499999, 1.398999271108216, 0.00039483607305002, 0.05617649742480002, 0.05617649742480002, 0.0013444492890855586, 0.17040473236079112, 1.4754711249999997e-05, 0.10406714979583603, 0.17457302200239996, 0.268172589449036, 0.00013161202434999996, 0.14862125547884178, 0.07532457149659998, 0.268172589449036, 3.8989070477326075, 0.23521844834878977, 4.131319149999999e-06, 4.131319149999999e-06, 0.00019063086934999993, 0.00039483607305002, 3.8989070477326075, 0.1207324904621123, 0.268172589449036, 0.0004184436110499999, 1.4754711249999997e-05, 0.00019063086934999993, 0.005119884803749999, 0.00020125426144999994, 12.269431875919317, 4.23509531491926, 1.4754711249999997e-05, 0.0002632240486999999, 0.001409960207049984, 2.2693440836397603, 0.00020125426144999994, 0.024600234972922408, 0.17457302200239996, 0.055913273376099984, 0.21892981533904993, 0.0002638142371494956, 0.17146686019004992, 0.015837707055750015, 0.033548082063376124, 1.398999271108216, 0.08151623852554998, 0.2249320318755761, 4.131319149999999e-06, 0.14862125547884178, 0.2658981925669499, 0.17457302200239996, 0.00013161202434999996, 0.055913273376099984, 2.245870788179678, 0.09110089895354997, 3.8989070477326075, 0.015442870982699995, 0.00039778701514192605, 1.1803768999999998e-06, 0.14040604363499587, 0.11520065412084997, 1.3989992711082424, 0.0004184436110499999, 0.0030719308822499992, 0.0004078202189248259, 0.00013161202434999996, 2.4807643597647537, 1.29493212131238, 0.00039778701514192605, 0.16410543965319996, 0.00039483607305002, 0.055913273376099984, 0.00039483607305002, 0.00013161202434999996, 0.2249320318755761, 0.03766228574829999, 0.22378215537073598, 0.08878086815659997, 0.0164001566486, 0.055913273376100026, 0.0030719308822499992, 0.00013161202434999996, 0.00013161202434999996, 21.56347839201606, 0.49605010642733305, 0.0082000783243, 0.6633806706260309, 0.0082000783243, 0.00013161202434999996, 0.00013279240124999995, 0.00013279240124999995, 0.011482706483199996, 1.29493212131238, 0.14862125547884178, 0.00013161202434999996, 0.22378215537073598, 0.03766228574829999, 0.22378215537073598, 3.5966051268734454, 0.0030719308822499992, 2.961822764627546, 0.03766228574829999, 0.044390434078299984, 0.03766228574829999, 1.0267595318633438, 1.0267595318633438, 0.03766228574829999, 0.22378215537073598, 3.5966051268734454, 0.268172589449036, 0.03766228574829999, 0.268172589449036, 0.044390434078299984, 0.268172589449036, 0.00013161202434999996, 0.07532457149659998, 1.398999271108216, 1.398999271108216, 1.398999271108216, 1.398999271108216, 0.10406714979583603, 18.40643558949887, 0.0030719308822499992, 0.00013161202434999996, 0.0082000783243, 0.00947901669545, 0.0015359654411249996, 0.06418594487974996, 0.00026440442559999983, 1.1803768999999998e-06, 0.005119884803749999, 1.1803768999999998e-06, 1.1803768999999998e-06, 1.1803768999999998e-06, 0.08878086815659997, 0.011482706483199996, 1.1803768999999998e-06, 1.1803768999999998e-06, 1.1803768999999998e-06, 1.1803768999999998e-06, 1.1803768999999998e-06, 1.1803768999999998e-06, 1.1803768999999998e-06, 1.1803768999999998e-06, 1.1803768999999998e-06, 0.0007772781886500015, 0.001409960207049984, 0.015442870982699995, 0.015945121353649998, 0.0001534489970000004, 0.015945121353649998, 0.015442870982699995, 0.00016879389670000037, 1.6525276599999996e-05, 0.004608191417599999, 0.0001534489970000004, 0.0001534489970000004, 1.1803768999999998e-06, 0.00013161202434999996, 0.00039483607305002, 0.0023040957087999995, 1.1803768999999998e-06, 0.00013161202434999996, 0.00013161202434999996, 0.5901884499999999, 0.00026440442559999983, 0.268172589449036, 0.00026440442559999983]","['GLYCTO3', 'PFK_3', 'EX_ac_e', 'PGL', 'IPDPS', 'MALS', 'GND', 'G6PDH2r', 'ACtex', 'FBA3', 'ASPO6', 'DUTPDP', 'GCALDD', 'QMO3', 'RPI', 'MTHTHFSs', 'RNTR4c2', 'DHPTDCs2', 'DM_mththf_c']","['PTRCTA', 'CYSDS', 'ACP1_FMN', 'NDP3', 'PFL', 'EX_ade_e', 'EX_gua_e', 'INSK', 'ABTA', 'ASPT', 'SERD_L', 'THRD', 'GLXCL', 'AGMT', 'ARGDC', 'EDTXS1', 'EDTXS2', 'AACPS1', 'NTD9', 'GLYAT', 'ADA', 'P5CD', 'EX_urea_e', 'AMPN', 'NTPP7', 'SSALy', 'GUAtex', 'ADEt2rpp', 'GUAtpp', 'ASPO5', 'ALKP', 'UREAtex', 'LIPAabcpp', 'TDP', 'FACOAE140', 'PIuabcpp', 'ADEtex', 'EX_enlipa_e', 'CU2abcpp', 'COBALT2abcpp', 'NI2abcpp', 'ZN2abcpp', 'DAAD', 'UREAtpp', 'NADPPPS', 'ABUTD', 'ALAALAD', 'GLYCK', 'PETNT161pp', 'DAGK161', '12DGR161tipp', '2MAHMP', 'CA2t3pp', 'ENLIPAabctex']","['SHK3Dr', 'DHORTS', 'OMPDC', 'CS', 'ICDHyr', 'PPA', 'APRAUR', 'TRPAS2', 'DB4PS', 'RBFSb', 'EX_pi_e', 'SHCHD2', 'EX_co2_e', 'A5PISO', 'PMDPHT', 'CPPPGO', 'ILETA', 'IPPMIb', 'ORPT', 'RBFSa', 'ACHBS', 'DHAD2', 'ACLS', 'PSCVT', 'ANS', 'ANPRT', 'CHORM', 'PTAr', 'CHORS', 'IGPS', 'ACKr', 'LEUTAi', 'DMATT', 'GRTT', 'UPP3S', 'UPPDC1', 'EX_mn2_e', 'MOAT', 'UDCPDPS', 'ECOAH6', 'USHD', 'HCO3E', 'IMPC', 'ECOAH4', 'LPADSS', 'GLUTRS', 'TDSK', 'TMPPP', 'DHQTi', 'IPMD', 'PUNP1', 'PUNP3', 'TKT1', 'TMDS', 'PPCDC', 'DHAD1', 'IPPMIa', 'MDH', 'FUM', 'FMNAT', 'OHPBAT', 'KARA1', 'KARA2', 'ACCOAC', 'GLUTRR', 'HACD6', 'ECOAH1', 'ECOAH2', 'G1SAT', 'KDOCT2', 'ECOAH3', 'DXPS', 'CDPMEK', 'MECDPS', 'PGAMT', 'ICL', 'UAGDP', 'UAGCVT', 'GLUR', 'GLYCL', 'NNDPR', 'HACD4', 'EX_zn2_e', 'HACD5', 'HACD7', 'DNMPPA', 'HPPK2', 'PTPATi', 'DXPRIi', 'GTPCII2', 'SADT2', 'OPHBDC', 'GHMT2r', 'DHORD2', 'SDPDS', 'ADCS', 'ADCL', 'UMPK', 'UAPGR', 'CTPS2', 'PAPPT3', 'UAGPT3', 'TRPS3', 'FADRx', 'NDPK2', 'NDPK3', 'FCLT', 'HBZOPT', 'PNTK', 'OCTDPS', 'DPCOAK', 'ASNS2', 'ASPCT', 'KDOPS', 'KDOPP', 'DMPPS', 'MCOATA', 'DAPE', 'DHDPRy', 'HSK', 'SDPTA', 'THRS', 'HSST', 'PPNDH', 'TRDR', 'DDPA', 'RHCCE', 'G3PD2', 'AACPS3', 'U23GAAT', 'UAAGDS', 'AACPS4', 'UAMAS', 'UAMAGS', 'P5CR', 'DHPPDA2', 'AKGDH', 'ASP1DC', 'UGMDDS', 'DBTS', 'UHGADA', 'UAGAAT', 'ATPPRT', 'HISTD', 'DHDPS', 'G1PACT', 'GF6PTA', 'IGPDH', 'PRATPP', 'PRMICI', 'NADS1', 'BPNT', 'PAPSR', 'ASPK', 'ASAD', 'DAPDC', 'PHETA1', 'PPND', 'METAT', 'PRAMPC', 'PDX5PS', 'PPBNGS', 'SULR', 'CBMKr', 'PPNCL2', 'NNATr', 'DM_amob_c', 'MOAT2', 'IPPS', 'EX_mg2_e', 'MOHMT', 'SPODM', 'AHCYSNS', 'CHRPL', 'ACACT7r', 'ADK3', 'ACACT2r', 'ADSK', 'ACACT3r', 'ACACT4r', 'CYSTL', 'SHSL1', 'EX_ca2_e', 'Kt2pp', 'O2tpp', 'GTPCI', 'TKT2', 'UDCPDP', 'ATPS4rpp', 'CYTK1', 'CO2tpp', 'HACD1', 'Ktex', 'HACD2', 'ECOAH5', 'DHFS', 'EX_ni2_e', 'PItex', 'ACt2rpp', 'EX_meoh_e', 'METS', 'EX_cu2_e', 'ACACT5r', 'DHPS2', 'MTHFC', 'MTHFD', 'QULNS', 'EX_cobalt2_e', 'ACACT6r', 'SO4tex', 'FACOAE160', 'NH4tpp', 'MOBDabcpp', 'MOBDtex', 'NI2tex', 'DNTPPA', 'NH4tex', 'MG2tex', 'Zn2tex', 'H2Otpp', 'CO2tex', 'COBALT2tex', 'HMBS', 'MEPCT', 'GLUDy', 'HSTPT', 'THDPS', 'THRD_L', 'DHFR', 'PRAIi', 'HACD3', 'TYRTA', 'SHKK', 'EX_mobd_e', 'EX_so4_e', 'OMCDC', 'E4PD', 'IG3PS', 'PDH', 'MTHFR2', 'EX_nh4_e', 'DPR', 'AMAOTr', 'GLNS', 'EX_k_e', 'ACACT1r', 'CU2tex', 'CLtex', 'MNtex', 'SHCHF', 'SUCOAS', 'AACPS7', 'PANTS', 'ECOAH7', 'HISTP', 'UPP3MT', 'DHQS', 'DASYN160', 'DASYN161', 'FACOAE161', 'AICART', 'EX_cl_e', 'PPPGO3', 'PDX5PO2', 'CYTBO3_4pp', 'MPTG', 'MCTP1App', 'PERD', '5DOAN', 'DM_5drib_c', 'K2L4Aabcpp', 'FACOAE120', 'SO4t2pp', 'AMPMS2', 'PSSA161', 'PSD160', 'PSD161', 'ACONTb', 'CA2tex', 'SUCDi', 'G3PAT160', 'G3PAT161', 'AGPAT160', '3OAS140', '3OAR140', 'PE160abcpp', 'PE161abcpp', 'ACONTa', 'PSSA160', 'AGPAT161', 'ACOAD7f', 'ACOAD5f', 'ACOAD3f', 'ACOAD2f', 'ACOAD4f', 'ACOAD6f', 'NADH16pp', 'OPHHX3', 'DALAt2pp', 'FE2tpp', 'CLt3_2pp', 'POR5', 'MALCOAMT', 'MG2t3_2pp', 'OGMEACPS', 'OGMEACPR', 'OPMEACPS', 'CTECOAI7', 'K2L4Aabctex', 'OPMEACPD', 'EPMEACPR', 'AOXSr2', 'MEOHtrpp', 'OGMEACPD', 'EGMEACPR', 'OPMEACPR', 'PMEACPE', 'MEOHtex', 'ICYSDS', 'MECDPDH5', 'RNTR1c2', 'RNTR2c2', 'I4FE4SR', 'RNTR3c2', 'I2FE2SS', 'I2FE2ST', 'FESR', 'I2FE2SS2', 'I4FE4ST', 'BTS5', 'DM_4crsol_c', 'DHNPA2r', 'FESD1s', 'I2FE2SR', 'TYRL', 'THZPSN3', 'BIOMASS_Ec_iML1515_core_75p37M']",RPI,LIPAabcpp,305.60091859728135,1,410,337,120.0,53.36712775859547,iML1515,PSL,True,False,-64.6410450170854,0.0,0.0,22.1317632389456
161,"['SHK3Dr', 'DHORTS', 'OMPDC', 'CS', 'ICDHyr', 'PTRCTA', 'CYSDS', 'PPA', 'APRAUR', 'TRPAS2', 'DB4PS', 'ACP1_FMN', 'RBFSb', 'NDP3', 'EX_pi_e', 'SHCHD2', 'EX_co2_e', 'A5PISO', 'PMDPHT', 'CPPPGO', 'ILETA', 'GLYCTO3', 'IPPMIb', 'ORPT', 'RBFSa', 'ACHBS', 'PFK_3', 'DHAD2', 'ACLS', 'PSCVT', 'PFL', 'ANS', 'ANPRT', 'CHORM', 'PTAr', 'CHORS', 'IGPS', 'ACKr', 'LEUTAi', 'DMATT', 'GRTT', 'UPP3S', 'UPPDC1', 'EX_ade_e', 'EX_mn2_e', 'EX_ac_e', 'MOAT', 'UDCPDPS', 'ECOAH6', 'USHD', 'EX_gua_e', 'HCO3E', 'IMPC', 'ECOAH4', 'LPADSS', 'GLUTRS', 'TDSK', 'TMPPP', 'PGL', 'DHQTi', 'IPMD', 'PUNP1', 'PUNP3', 'TKT1', 'TMDS', 'PPCDC', 'DHAD1', 'IPPMIa', 'INSK', 'MDH', 'ABTA', 'FUM', 'FMNAT', 'ASPT', 'OHPBAT', 'SERD_L', 'THRD', 'KARA1', 'KARA2', 'ACCOAC', 'GLXCL', 'GLUTRR', 'AGMT', 'ARGDC', 'HACD6', 'ECOAH1', 'ECOAH2', 'G1SAT', 'KDOCT2', 'ECOAH3', 'EDTXS1', 'DXPS', 'CDPMEK', 'EDTXS2', 'MECDPS', 'PGAMT', 'ICL', 'UAGDP', 'UAGCVT', 'GLUR', 'GLYCL', 'NNDPR', 'HACD4', 'EX_zn2_e', 'HACD5', 'HACD7', 'DNMPPA', 'HPPK2', 'PTPATi', 'DXPRIi', 'GTPCII2', 'SADT2', 'OPHBDC', 'AACPS1', 'GHMT2r', 'DHORD2', 'SDPDS', 'ADCS', 'ADCL', 'UMPK', 'UAPGR', 'NTD9', 'CTPS2', 'PAPPT3', 'UAGPT3', 'GLYAT', 'TRPS3', 'FADRx', 'NDPK2', 'NDPK3', 'ADA', 'FCLT', 'HBZOPT', 'PNTK', 'OCTDPS', 'DPCOAK', 'ASNS2', 'ASPCT', 'KDOPS', 'KDOPP', 'DMPPS', 'MCOATA', 'IPDPS', 'DAPE', 'DHDPRy', 'HSK', 'SDPTA', 'THRS', 'HSST', 'PPNDH', 'TRDR', 'DDPA', 'P5CD', 'RHCCE', 'MALS', 'EX_urea_e', 'G3PD2', 'AMPN', 'AACPS3', 'U23GAAT', 'UAAGDS', 'AACPS4', 'UAMAS', 'UAMAGS', 'NTPP7', 'P5CR', 'DHPPDA2', 'AKGDH', 'ASP1DC', 'UGMDDS', 'DBTS', 'UHGADA', 'UAGAAT', 'ATPPRT', 'HISTD', 'DHDPS', 'G1PACT', 'GF6PTA', 'IGPDH', 'PRATPP', 'PRMICI', 'NADS1', 'BPNT', 'PAPSR', 'ASPK', 'ASAD', 'DAPDC', 'PHETA1', 'PPND', 'METAT', 'PRAMPC', 'PDX5PS', 'PPBNGS', 'SULR', 'CBMKr', 'PPNCL2', 'NNATr', 'GND', 'DM_amob_c', 'MOAT2', 'G6PDH2r', 'IPPS', 'EX_mg2_e', 'MOHMT', 'SPODM', 'AHCYSNS', 'ACtex', 'CHRPL', 'FBA3', 'ACACT7r', 'ADK3', 'ACACT2r', 'ADSK', 'ACACT3r', 'ACACT4r', 'CYSTL', 'SHSL1', 'SSALy', 'EX_ca2_e', 'Kt2pp', 'GUAtex', 'O2tpp', 'GTPCI', 'TKT2', 'UDCPDP', 'ATPS4rpp', 'CYTK1', 'ADEt2rpp', 'CO2tpp', 'GUAtpp', 'HACD1', 'Ktex', 'HACD2', 'ECOAH5', 'DHFS', 'EX_ni2_e', 'PItex', 'ACt2rpp', 'EX_meoh_e', 'METS', 'ASPO5', 'ASPO6', 'EX_cu2_e', 'ACACT5r', 'DHPS2', 'MTHFC', 'MTHFD', 'QULNS', 'ALKP', 'EX_cobalt2_e', 'ACACT6r', 'UREAtex', 'LIPAabcpp', 'TDP', 'SO4tex', 'FACOAE160', 'FACOAE140', 'NH4tpp', 'PIuabcpp', 'MOBDabcpp', 'MOBDtex', 'NI2tex', 'DNTPPA', 'NH4tex', 'ADEtex', 'EX_enlipa_e', 'CU2abcpp', 'COBALT2abcpp', 'NI2abcpp', 'MG2tex', 'Zn2tex', 'H2Otpp', 'CO2tex', 'COBALT2tex', 'HMBS', 'MEPCT', 'GLUDy', 'ZN2abcpp', 'DAAD', 'UREAtpp', 'HSTPT', 'THDPS', 'NADPPPS', 'THRD_L', 'DHFR', 'PRAIi', 'HACD3', 'TYRTA', 'SHKK', 'EX_mobd_e', 'EX_so4_e', 'OMCDC', 'ABUTD', 'E4PD', 'IG3PS', 'PDH', 'MTHFR2', 'EX_nh4_e', 'DUTPDP', 'DPR', 'AMAOTr', 'GLNS', 'EX_k_e', 'ACACT1r', 'CU2tex', 'CLtex', 'MNtex', 'SHCHF', 'SUCOAS', 'AACPS7', 'PANTS', 'ECOAH7', 'GCALDD', 'HISTP', 'QMO3', 'UPP3MT', 'DHQS', 'DASYN160', 'DASYN161', 'FACOAE161', 'ALAALAD', 'AICART', 'EX_cl_e', 'PPPGO3', 'PDX5PO2', 'CYTBO3_4pp', 'GLYCK', 'MPTG', 'RPI', 'MCTP1App', 'PERD', '5DOAN', 'DM_5drib_c', 'K2L4Aabcpp', 'FACOAE120', 'SO4t2pp', 'AMPMS2', 'PSSA161', 'PSD160', 'PSD161', 'ACONTb', 'CA2tex', 'SUCDi', 'G3PAT160', 'G3PAT161', 'AGPAT160', '3OAS140', '3OAR140', 'PE160abcpp', 'PE161abcpp', 'ACONTa', 'PETNT161pp', 'PSSA160', 'DAGK161', 'AGPAT161', '12DGR161tipp', '2MAHMP', 'ACOAD7f', 'ACOAD5f', 'ACOAD3f', 'ACOAD2f', 'ACOAD4f', 'ACOAD6f', 'NADH16pp', 'CA2t3pp', 'OPHHX3', 'DALAt2pp', 'FE2tpp', 'CLt3_2pp', 'POR5', 'MTHTHFSs', 'MALCOAMT', 'MG2t3_2pp', 'OGMEACPS', 'OGMEACPR', 'OPMEACPS', 'CTECOAI7', 'K2L4Aabctex', 'OPMEACPD', 'EPMEACPR', 'AOXSr2', 'MEOHtrpp', 'OGMEACPD', 'EGMEACPR', 'OPMEACPR', 'PMEACPE', 'MEOHtex', 'ICYSDS', 'MECDPDH5', 'RNTR1c2', 'RNTR2c2', 'I4FE4SR', 'RNTR3c2', 'RNTR4c2', 'I2FE2SS', 'I2FE2ST', 'FESR', 'I2FE2SS2', 'I4FE4ST', 'BTS5', 'DM_4crsol_c', 'DHNPA2r', 'FESD1s', 'I2FE2SR', 'TYRL', 'THZPSN3', 'BIOMASS_Ec_iML1515_core_75p37M', 'DHPTDCs2', 'ENLIPAabctex', 'DM_mththf_c']","[-0.2249320318755761, 0.1952313883177496, -0.1952313883177496, -3.5966051268734454, -3.250581386029607, 0.17457302200239996, 0.1460610179827418, 1.4811655404737016, -0.0002632240486973044, 0.03354808206334999, -0.0005264480973946088, 0.0001316120243473044, -0.0002632240486973044, 0.1435503563165973, -0.2352184483487897, -0.00013161202434999996, -4.23509531491926, 0.5133797659316719, -0.0002632240486973044, -0.00013161202434999996, 0.17146686019004992, -0.00039483607305002, 0.2658981925669499, 0.1952313883177496, -0.0005264480973946088, -0.17146686019004992, -0.11253182194996306, -0.17146686019004992, -0.5160413044608521, -0.2249320318755761, 0.001447732267841933, -0.033548082063376124, -0.033548082063376124, -0.19085750171479995, -2.0485674611269102, -0.2249320318755761, -0.033548082063376124, 2.0485674611269102, -0.2658981925669499, -0.0001640723890999983, -0.0001640723890999983, -0.0002632240486999999, -0.00013161202434999996, 0.1207324904621123, 0.0004078202189248259, -1.5351876951952386, 0.25668988296583595, -3.2460364749998215e-05, 0.10406714979583603, 0.25668988296583595, 0.14355035631659727, 1.026755990732644, 0.055913273376100026, 1.398999271108216, 0.25668988296583595, -0.0021057923895999994, 0.25668988296583595, -0.00013161202434999996, -0.15052735279179497, -0.2249320318755761, -0.2658981925669499, -0.0559132733761, 0.14355035631659727, -0.11253182194996306, -0.015442870982699995, -0.00039778701514192605, -0.5160413044608521, 0.2658981925669499, 0.0559132733761, -3.585070334959722, 0.17457302200239996, -2.246551545188261, -0.0001316120243473044, 0.7154298432848021, -0.00013161202434999996, 0.40799996853424814, 0.40857063425257667, 0.5160413044608521, -0.17146686019004992, 1.026755990732644, 0.49605010642733305, -0.0021057923895999994, 0.17457302200239996, 0.17457302200239996, 0.10406714979583603, 1.3989992711082095, 1.398999271108216, -0.0021057923895999994, 0.5133797659316719, 1.398999271108216, 0.268172589449036, -0.0016731842557499838, -0.001409960207049984, 0.268172589449036, -0.001409960207049984, -0.48057945263447194, -0.3460237408437443, 0.48057945263447194, -0.0164001566486, 0.0164001566486, 0.30351222575374237, -0.0013444492890855586, 1.398999271108216, 0.00020125426144999994, 1.398999271108216, -0.16410543965319996, -0.00039483607305002, -0.00039483607305002, -0.00039778701514192605, -0.001409960207049984, -0.0002632240486973044, -0.1460610179827418, -0.00013161202434999996, 0.268172589449036, -0.4667618921542842, -0.1952313883177496, -0.21892981533904993, -0.00039483607305002, -0.00039483607305002, 0.045058337999486386, -0.0164001566486, 0.14355035631659727, -0.09474000093624993, -0.0164001566486, -0.0164001566486, -0.40857063425257667, -0.033548082063376124, 6.998663006976749, 0.285348064316722, 0.6976918883319161, 0.0559132733761, -0.00013161202434999996, -0.00013161202434999996, -0.00039778701514192605, -0.00013161202434999996, -0.00039778701514192605, -0.14226787681474995, -0.1952313883177496, 0.5133797659316719, 0.5133797659316719, -0.00016407238909999834, 1.0267571711095438, -0.0012458878179499855, -0.21892981533904993, -0.21892981533904993, 0.08738063674737684, 0.21892981533904993, 0.08738063674737684, -0.09083649452794991, -0.10934126318924997, -0.1460610179827418, -0.2249320318755761, 0.13046410781474999, -0.00026440442559999983, -1.3385187897714608, 0.17457302200239996, 0.08205271982659998, 0.1770429606650623, -0.07532457149659998, 0.5133797659316719, -0.0164001566486, -0.08878086815659997, -0.0164001566486, -0.0164001566486, 0.015442870982699995, -0.13046410781474999, -0.0002632240486973044, -2.790588508099854, -0.00039778701514192605, -0.0164001566486, -1.1803768999999998e-06, 0.5133797659316719, 0.5133797659316719, -0.055913273376099984, -0.055913273376099984, -0.21892981533904993, 0.48057945263447194, 0.48057945263447194, -0.055913273376099984, -0.055913273376099984, -0.055913273376099984, -0.0013444492890855586, -0.1460610179827418, -0.1460610179827418, -0.2223856731196231, 0.2223856731196231, -0.20252965869044992, 0.10934126318924997, -0.08151623852554998, -0.0005299892280999968, -0.055913273376099984, -0.00013161202434999996, -0.0010528961947999997, -0.1460610179827418, -0.19523138831774955, -0.00039778701514192605, -0.0013444492890855586, -0.15052735279179497, -1.1803768999999998e-06, 0.25668988296583595, -0.15052735279179497, -0.2658981925669499, 0.005119884803749999, -0.00039778701514192605, -0.00040618650115429016, -0.00026440442559999983, 1.5351876951952386, -0.00013161202434999996, -0.11253182194996306, -0.16410543965319996, 0.2896113742993389, 1.398999271108216, -0.1460610179827418, 1.398999271108216, 1.398999271108216, -0.09083649452794991, -0.09083649452794991, 0.17457302200239996, 0.0030719308822499992, -0.11520065412084997, -0.14355035631659727, -10.784174903741183, -0.00039483607305002, 0.11253182194996303, -0.0164001566486, -34.53687615164138, 0.6976918883319161, -0.1207324904621123, 4.23509531491926, -0.14355035631659727, 1.3989992711082424, -0.11520065412084997, 1.398999271108216, 1.398999271108216, -0.00039483607305002, 0.00019063086934999993, 0.2352184483487897, 1.5351876951952386, -1.1803768999999998e-06, -0.09110089895354997, 0.0005534599185601508, -0.0018979092076457094, 0.0004184436110499999, 1.398999271108216, -0.00039483607305002, -0.05617649742480002, -0.05617649742480002, -0.0013444492890855586, 0.17040473236079112, 1.4754711249999997e-05, 0.10406714979583603, -0.17457302200239996, 0.268172589449036, 0.00013161202434999996, -0.14862125547884178, -0.07532457149659998, 0.268172589449036, -3.8989070477326075, 0.23521844834878977, -4.131319149999999e-06, -4.131319149999999e-06, -0.00019063086934999993, -0.00039483607305002, -3.8989070477326075, -0.1207324904621123, 0.268172589449036, 0.0004184436110499999, 1.4754711249999997e-05, 0.00019063086934999993, -0.005119884803749999, -0.00020125426144999994, 12.269431875919317, 4.23509531491926, -1.4754711249999997e-05, -0.0002632240486999999, -0.001409960207049984, 2.2693440836397603, 0.00020125426144999994, 0.024600234972922408, -0.17457302200239996, -0.055913273376099984, -0.21892981533904993, 0.0002638142371494956, -0.17146686019004992, -0.015837707055750015, -0.033548082063376124, 1.398999271108216, 0.08151623852554998, -0.2249320318755761, 4.131319149999999e-06, 0.14862125547884178, -0.2658981925669499, 0.17457302200239996, -0.00013161202434999996, -0.055913273376099984, 2.245870788179678, -0.09110089895354997, 3.8989070477326075, -0.015442870982699995, -0.00039778701514192605, -1.1803768999999998e-06, 0.14040604363499587, 0.11520065412084997, 1.3989992711082424, -0.0004184436110499999, -0.0030719308822499992, -0.0004078202189248259, -0.00013161202434999996, 2.4807643597647537, 1.29493212131238, -0.00039778701514192605, -0.16410543965319996, -0.00039483607305002, -0.055913273376099984, -0.00039483607305002, -0.00013161202434999996, -0.2249320318755761, -0.03766228574829999, 0.22378215537073598, -0.08878086815659997, 0.0164001566486, -0.055913273376100026, 0.0030719308822499992, -0.00013161202434999996, -0.00013161202434999996, -21.56347839201606, 0.49605010642733305, -0.0082000783243, 0.6633806706260309, -0.0082000783243, -0.00013161202434999996, -0.00013279240124999995, -0.00013279240124999995, -0.011482706483199996, 1.29493212131238, -0.14862125547884178, -0.00013161202434999996, 0.22378215537073598, -0.03766228574829999, 0.22378215537073598, -3.5966051268734454, -0.0030719308822499992, -2.961822764627546, -0.03766228574829999, -0.044390434078299984, -0.03766228574829999, 1.0267595318633438, 1.0267595318633438, -0.03766228574829999, 0.22378215537073598, -3.5966051268734454, 0.268172589449036, -0.03766228574829999, 0.268172589449036, -0.044390434078299984, 0.268172589449036, 0.00013161202434999996, 0.07532457149659998, -1.398999271108216, -1.398999271108216, -1.398999271108216, -1.398999271108216, -0.10406714979583603, -18.40643558949887, 0.0030719308822499992, -0.00013161202434999996, -0.0082000783243, -0.00947901669545, -0.0015359654411249996, -0.06418594487974996, -0.00026440442559999983, -1.1803768999999998e-06, -0.005119884803749999, -1.1803768999999998e-06, -1.1803768999999998e-06, -1.1803768999999998e-06, 0.08878086815659997, -0.011482706483199996, -1.1803768999999998e-06, -1.1803768999999998e-06, -1.1803768999999998e-06, 1.1803768999999998e-06, -1.1803768999999998e-06, -1.1803768999999998e-06, -1.1803768999999998e-06, -1.1803768999999998e-06, 1.1803768999999998e-06, -0.0007772781886500015, -0.001409960207049984, -0.015442870982699995, -0.015945121353649998, -0.0001534489970000004, -0.015945121353649998, -0.015442870982699995, -0.00016879389670000037, -1.6525276599999996e-05, -0.004608191417599999, -0.0001534489970000004, -0.0001534489970000004, -1.1803768999999998e-06, -0.00013161202434999996, -0.00039483607305002, -0.0023040957087999995, -1.1803768999999998e-06, -0.00013161202434999996, -0.00013161202434999996, -0.5901884499999999, -0.00026440442559999983, 0.268172589449036, -0.00026440442559999983]","[0.2249320318755761, 0.1952313883177496, 0.1952313883177496, 3.5966051268734454, 3.250581386029607, 0.17457302200239996, 0.1460610179827418, 1.4811655404737016, 0.0002632240486973044, 0.03354808206334999, 0.0005264480973946088, 0.0001316120243473044, 0.0002632240486973044, 0.1435503563165973, 0.2352184483487897, 0.00013161202434999996, 4.23509531491926, 0.5133797659316719, 0.0002632240486973044, 0.00013161202434999996, 0.17146686019004992, 0.00039483607305002, 0.2658981925669499, 0.1952313883177496, 0.0005264480973946088, 0.17146686019004992, 0.11253182194996306, 0.17146686019004992, 0.5160413044608521, 0.2249320318755761, 0.001447732267841933, 0.033548082063376124, 0.033548082063376124, 0.19085750171479995, 2.0485674611269102, 0.2249320318755761, 0.033548082063376124, 2.0485674611269102, 0.2658981925669499, 0.0001640723890999983, 0.0001640723890999983, 0.0002632240486999999, 0.00013161202434999996, 0.1207324904621123, 0.0004078202189248259, 1.5351876951952386, 0.25668988296583595, 3.2460364749998215e-05, 0.10406714979583603, 0.25668988296583595, 0.14355035631659727, 1.026755990732644, 0.055913273376100026, 1.398999271108216, 0.25668988296583595, 0.0021057923895999994, 0.25668988296583595, 0.00013161202434999996, 0.15052735279179497, 0.2249320318755761, 0.2658981925669499, 0.0559132733761, 0.14355035631659727, 0.11253182194996306, 0.015442870982699995, 0.00039778701514192605, 0.5160413044608521, 0.2658981925669499, 0.0559132733761, 3.585070334959722, 0.17457302200239996, 2.246551545188261, 0.0001316120243473044, 0.7154298432848021, 0.00013161202434999996, 0.40799996853424814, 0.40857063425257667, 0.5160413044608521, 0.17146686019004992, 1.026755990732644, 0.49605010642733305, 0.0021057923895999994, 0.17457302200239996, 0.17457302200239996, 0.10406714979583603, 1.3989992711082095, 1.398999271108216, 0.0021057923895999994, 0.5133797659316719, 1.398999271108216, 0.268172589449036, 0.0016731842557499838, 0.001409960207049984, 0.268172589449036, 0.001409960207049984, 0.48057945263447194, 0.3460237408437443, 0.48057945263447194, 0.0164001566486, 0.0164001566486, 0.30351222575374237, 0.0013444492890855586, 1.398999271108216, 0.00020125426144999994, 1.398999271108216, 0.16410543965319996, 0.00039483607305002, 0.00039483607305002, 0.00039778701514192605, 0.001409960207049984, 0.0002632240486973044, 0.1460610179827418, 0.00013161202434999996, 0.268172589449036, 0.4667618921542842, 0.1952313883177496, 0.21892981533904993, 0.00039483607305002, 0.00039483607305002, 0.045058337999486386, 0.0164001566486, 0.14355035631659727, 0.09474000093624993, 0.0164001566486, 0.0164001566486, 0.40857063425257667, 0.033548082063376124, 6.998663006976749, 0.285348064316722, 0.6976918883319161, 0.0559132733761, 0.00013161202434999996, 0.00013161202434999996, 0.00039778701514192605, 0.00013161202434999996, 0.00039778701514192605, 0.14226787681474995, 0.1952313883177496, 0.5133797659316719, 0.5133797659316719, 0.00016407238909999834, 1.0267571711095438, 0.0012458878179499855, 0.21892981533904993, 0.21892981533904993, 0.08738063674737684, 0.21892981533904993, 0.08738063674737684, 0.09083649452794991, 0.10934126318924997, 0.1460610179827418, 0.2249320318755761, 0.13046410781474999, 0.00026440442559999983, 1.3385187897714608, 0.17457302200239996, 0.08205271982659998, 0.1770429606650623, 0.07532457149659998, 0.5133797659316719, 0.0164001566486, 0.08878086815659997, 0.0164001566486, 0.0164001566486, 0.015442870982699995, 0.13046410781474999, 0.0002632240486973044, 2.790588508099854, 0.00039778701514192605, 0.0164001566486, 1.1803768999999998e-06, 0.5133797659316719, 0.5133797659316719, 0.055913273376099984, 0.055913273376099984, 0.21892981533904993, 0.48057945263447194, 0.48057945263447194, 0.055913273376099984, 0.055913273376099984, 0.055913273376099984, 0.0013444492890855586, 0.1460610179827418, 0.1460610179827418, 0.2223856731196231, 0.2223856731196231, 0.20252965869044992, 0.10934126318924997, 0.08151623852554998, 0.0005299892280999968, 0.055913273376099984, 0.00013161202434999996, 0.0010528961947999997, 0.1460610179827418, 0.19523138831774955, 0.00039778701514192605, 0.0013444492890855586, 0.15052735279179497, 1.1803768999999998e-06, 0.25668988296583595, 0.15052735279179497, 0.2658981925669499, 0.005119884803749999, 0.00039778701514192605, 0.00040618650115429016, 0.00026440442559999983, 1.5351876951952386, 0.00013161202434999996, 0.11253182194996306, 0.16410543965319996, 0.2896113742993389, 1.398999271108216, 0.1460610179827418, 1.398999271108216, 1.398999271108216, 0.09083649452794991, 0.09083649452794991, 0.17457302200239996, 0.0030719308822499992, 0.11520065412084997, 0.14355035631659727, 10.784174903741183, 0.00039483607305002, 0.11253182194996303, 0.0164001566486, 34.53687615164138, 0.6976918883319161, 0.1207324904621123, 4.23509531491926, 0.14355035631659727, 1.3989992711082424, 0.11520065412084997, 1.398999271108216, 1.398999271108216, 0.00039483607305002, 0.00019063086934999993, 0.2352184483487897, 1.5351876951952386, 1.1803768999999998e-06, 0.09110089895354997, 0.0005534599185601508, 0.0018979092076457094, 0.0004184436110499999, 1.398999271108216, 0.00039483607305002, 0.05617649742480002, 0.05617649742480002, 0.0013444492890855586, 0.17040473236079112, 1.4754711249999997e-05, 0.10406714979583603, 0.17457302200239996, 0.268172589449036, 0.00013161202434999996, 0.14862125547884178, 0.07532457149659998, 0.268172589449036, 3.8989070477326075, 0.23521844834878977, 4.131319149999999e-06, 4.131319149999999e-06, 0.00019063086934999993, 0.00039483607305002, 3.8989070477326075, 0.1207324904621123, 0.268172589449036, 0.0004184436110499999, 1.4754711249999997e-05, 0.00019063086934999993, 0.005119884803749999, 0.00020125426144999994, 12.269431875919317, 4.23509531491926, 1.4754711249999997e-05, 0.0002632240486999999, 0.001409960207049984, 2.2693440836397603, 0.00020125426144999994, 0.024600234972922408, 0.17457302200239996, 0.055913273376099984, 0.21892981533904993, 0.0002638142371494956, 0.17146686019004992, 0.015837707055750015, 0.033548082063376124, 1.398999271108216, 0.08151623852554998, 0.2249320318755761, 4.131319149999999e-06, 0.14862125547884178, 0.2658981925669499, 0.17457302200239996, 0.00013161202434999996, 0.055913273376099984, 2.245870788179678, 0.09110089895354997, 3.8989070477326075, 0.015442870982699995, 0.00039778701514192605, 1.1803768999999998e-06, 0.14040604363499587, 0.11520065412084997, 1.3989992711082424, 0.0004184436110499999, 0.0030719308822499992, 0.0004078202189248259, 0.00013161202434999996, 2.4807643597647537, 1.29493212131238, 0.00039778701514192605, 0.16410543965319996, 0.00039483607305002, 0.055913273376099984, 0.00039483607305002, 0.00013161202434999996, 0.2249320318755761, 0.03766228574829999, 0.22378215537073598, 0.08878086815659997, 0.0164001566486, 0.055913273376100026, 0.0030719308822499992, 0.00013161202434999996, 0.00013161202434999996, 21.56347839201606, 0.49605010642733305, 0.0082000783243, 0.6633806706260309, 0.0082000783243, 0.00013161202434999996, 0.00013279240124999995, 0.00013279240124999995, 0.011482706483199996, 1.29493212131238, 0.14862125547884178, 0.00013161202434999996, 0.22378215537073598, 0.03766228574829999, 0.22378215537073598, 3.5966051268734454, 0.0030719308822499992, 2.961822764627546, 0.03766228574829999, 0.044390434078299984, 0.03766228574829999, 1.0267595318633438, 1.0267595318633438, 0.03766228574829999, 0.22378215537073598, 3.5966051268734454, 0.268172589449036, 0.03766228574829999, 0.268172589449036, 0.044390434078299984, 0.268172589449036, 0.00013161202434999996, 0.07532457149659998, 1.398999271108216, 1.398999271108216, 1.398999271108216, 1.398999271108216, 0.10406714979583603, 18.40643558949887, 0.0030719308822499992, 0.00013161202434999996, 0.0082000783243, 0.00947901669545, 0.0015359654411249996, 0.06418594487974996, 0.00026440442559999983, 1.1803768999999998e-06, 0.005119884803749999, 1.1803768999999998e-06, 1.1803768999999998e-06, 1.1803768999999998e-06, 0.08878086815659997, 0.011482706483199996, 1.1803768999999998e-06, 1.1803768999999998e-06, 1.1803768999999998e-06, 1.1803768999999998e-06, 1.1803768999999998e-06, 1.1803768999999998e-06, 1.1803768999999998e-06, 1.1803768999999998e-06, 1.1803768999999998e-06, 0.0007772781886500015, 0.001409960207049984, 0.015442870982699995, 0.015945121353649998, 0.0001534489970000004, 0.015945121353649998, 0.015442870982699995, 0.00016879389670000037, 1.6525276599999996e-05, 0.004608191417599999, 0.0001534489970000004, 0.0001534489970000004, 1.1803768999999998e-06, 0.00013161202434999996, 0.00039483607305002, 0.0023040957087999995, 1.1803768999999998e-06, 0.00013161202434999996, 0.00013161202434999996, 0.5901884499999999, 0.00026440442559999983, 0.268172589449036, 0.00026440442559999983]","['GLYCTO3', 'PFK_3', 'EX_ac_e', 'PGL', 'IPDPS', 'MALS', 'GND', 'G6PDH2r', 'ACtex', 'FBA3', 'ASPO6', 'DUTPDP', 'GCALDD', 'QMO3', 'RPI', 'MTHTHFSs', 'RNTR4c2', 'DHPTDCs2', 'DM_mththf_c']","['PTRCTA', 'CYSDS', 'ACP1_FMN', 'NDP3', 'PFL', 'EX_ade_e', 'EX_gua_e', 'INSK', 'ABTA', 'ASPT', 'SERD_L', 'THRD', 'GLXCL', 'AGMT', 'ARGDC', 'EDTXS1', 'EDTXS2', 'AACPS1', 'NTD9', 'GLYAT', 'ADA', 'P5CD', 'EX_urea_e', 'AMPN', 'NTPP7', 'SSALy', 'GUAtex', 'ADEt2rpp', 'GUAtpp', 'ASPO5', 'ALKP', 'UREAtex', 'LIPAabcpp', 'TDP', 'FACOAE140', 'PIuabcpp', 'ADEtex', 'EX_enlipa_e', 'CU2abcpp', 'COBALT2abcpp', 'NI2abcpp', 'ZN2abcpp', 'DAAD', 'UREAtpp', 'NADPPPS', 'ABUTD', 'ALAALAD', 'GLYCK', 'PETNT161pp', 'DAGK161', '12DGR161tipp', '2MAHMP', 'CA2t3pp', 'ENLIPAabctex']","['SHK3Dr', 'DHORTS', 'OMPDC', 'CS', 'ICDHyr', 'PPA', 'APRAUR', 'TRPAS2', 'DB4PS', 'RBFSb', 'EX_pi_e', 'SHCHD2', 'EX_co2_e', 'A5PISO', 'PMDPHT', 'CPPPGO', 'ILETA', 'IPPMIb', 'ORPT', 'RBFSa', 'ACHBS', 'DHAD2', 'ACLS', 'PSCVT', 'ANS', 'ANPRT', 'CHORM', 'PTAr', 'CHORS', 'IGPS', 'ACKr', 'LEUTAi', 'DMATT', 'GRTT', 'UPP3S', 'UPPDC1', 'EX_mn2_e', 'MOAT', 'UDCPDPS', 'ECOAH6', 'USHD', 'HCO3E', 'IMPC', 'ECOAH4', 'LPADSS', 'GLUTRS', 'TDSK', 'TMPPP', 'DHQTi', 'IPMD', 'PUNP1', 'PUNP3', 'TKT1', 'TMDS', 'PPCDC', 'DHAD1', 'IPPMIa', 'MDH', 'FUM', 'FMNAT', 'OHPBAT', 'KARA1', 'KARA2', 'ACCOAC', 'GLUTRR', 'HACD6', 'ECOAH1', 'ECOAH2', 'G1SAT', 'KDOCT2', 'ECOAH3', 'DXPS', 'CDPMEK', 'MECDPS', 'PGAMT', 'ICL', 'UAGDP', 'UAGCVT', 'GLUR', 'GLYCL', 'NNDPR', 'HACD4', 'EX_zn2_e', 'HACD5', 'HACD7', 'DNMPPA', 'HPPK2', 'PTPATi', 'DXPRIi', 'GTPCII2', 'SADT2', 'OPHBDC', 'GHMT2r', 'DHORD2', 'SDPDS', 'ADCS', 'ADCL', 'UMPK', 'UAPGR', 'CTPS2', 'PAPPT3', 'UAGPT3', 'TRPS3', 'FADRx', 'NDPK2', 'NDPK3', 'FCLT', 'HBZOPT', 'PNTK', 'OCTDPS', 'DPCOAK', 'ASNS2', 'ASPCT', 'KDOPS', 'KDOPP', 'DMPPS', 'MCOATA', 'DAPE', 'DHDPRy', 'HSK', 'SDPTA', 'THRS', 'HSST', 'PPNDH', 'TRDR', 'DDPA', 'RHCCE', 'G3PD2', 'AACPS3', 'U23GAAT', 'UAAGDS', 'AACPS4', 'UAMAS', 'UAMAGS', 'P5CR', 'DHPPDA2', 'AKGDH', 'ASP1DC', 'UGMDDS', 'DBTS', 'UHGADA', 'UAGAAT', 'ATPPRT', 'HISTD', 'DHDPS', 'G1PACT', 'GF6PTA', 'IGPDH', 'PRATPP', 'PRMICI', 'NADS1', 'BPNT', 'PAPSR', 'ASPK', 'ASAD', 'DAPDC', 'PHETA1', 'PPND', 'METAT', 'PRAMPC', 'PDX5PS', 'PPBNGS', 'SULR', 'CBMKr', 'PPNCL2', 'NNATr', 'DM_amob_c', 'MOAT2', 'IPPS', 'EX_mg2_e', 'MOHMT', 'SPODM', 'AHCYSNS', 'CHRPL', 'ACACT7r', 'ADK3', 'ACACT2r', 'ADSK', 'ACACT3r', 'ACACT4r', 'CYSTL', 'SHSL1', 'EX_ca2_e', 'Kt2pp', 'O2tpp', 'GTPCI', 'TKT2', 'UDCPDP', 'ATPS4rpp', 'CYTK1', 'CO2tpp', 'HACD1', 'Ktex', 'HACD2', 'ECOAH5', 'DHFS', 'EX_ni2_e', 'PItex', 'ACt2rpp', 'EX_meoh_e', 'METS', 'EX_cu2_e', 'ACACT5r', 'DHPS2', 'MTHFC', 'MTHFD', 'QULNS', 'EX_cobalt2_e', 'ACACT6r', 'SO4tex', 'FACOAE160', 'NH4tpp', 'MOBDabcpp', 'MOBDtex', 'NI2tex', 'DNTPPA', 'NH4tex', 'MG2tex', 'Zn2tex', 'H2Otpp', 'CO2tex', 'COBALT2tex', 'HMBS', 'MEPCT', 'GLUDy', 'HSTPT', 'THDPS', 'THRD_L', 'DHFR', 'PRAIi', 'HACD3', 'TYRTA', 'SHKK', 'EX_mobd_e', 'EX_so4_e', 'OMCDC', 'E4PD', 'IG3PS', 'PDH', 'MTHFR2', 'EX_nh4_e', 'DPR', 'AMAOTr', 'GLNS', 'EX_k_e', 'ACACT1r', 'CU2tex', 'CLtex', 'MNtex', 'SHCHF', 'SUCOAS', 'AACPS7', 'PANTS', 'ECOAH7', 'HISTP', 'UPP3MT', 'DHQS', 'DASYN160', 'DASYN161', 'FACOAE161', 'AICART', 'EX_cl_e', 'PPPGO3', 'PDX5PO2', 'CYTBO3_4pp', 'MPTG', 'MCTP1App', 'PERD', '5DOAN', 'DM_5drib_c', 'K2L4Aabcpp', 'FACOAE120', 'SO4t2pp', 'AMPMS2', 'PSSA161', 'PSD160', 'PSD161', 'ACONTb', 'CA2tex', 'SUCDi', 'G3PAT160', 'G3PAT161', 'AGPAT160', '3OAS140', '3OAR140', 'PE160abcpp', 'PE161abcpp', 'ACONTa', 'PSSA160', 'AGPAT161', 'ACOAD7f', 'ACOAD5f', 'ACOAD3f', 'ACOAD2f', 'ACOAD4f', 'ACOAD6f', 'NADH16pp', 'OPHHX3', 'DALAt2pp', 'FE2tpp', 'CLt3_2pp', 'POR5', 'MALCOAMT', 'MG2t3_2pp', 'OGMEACPS', 'OGMEACPR', 'OPMEACPS', 'CTECOAI7', 'K2L4Aabctex', 'OPMEACPD', 'EPMEACPR', 'AOXSr2', 'MEOHtrpp', 'OGMEACPD', 'EGMEACPR', 'OPMEACPR', 'PMEACPE', 'MEOHtex', 'ICYSDS', 'MECDPDH5', 'RNTR1c2', 'RNTR2c2', 'I4FE4SR', 'RNTR3c2', 'I2FE2SS', 'I2FE2ST', 'FESR', 'I2FE2SS2', 'I4FE4ST', 'BTS5', 'DM_4crsol_c', 'DHNPA2r', 'FESD1s', 'I2FE2SR', 'TYRL', 'THZPSN3', 'BIOMASS_Ec_iML1515_core_75p37M']",RPI,ENLIPAabctex,305.60091859728135,1,410,337,120.0,53.36712775859547,iML1515,PSL,True,False,-64.6410450170854,0.0,0.0,0.0
162,"['MACPD', 'HACD5', 'ACOATA', 'ECOAH5', 'ACACT5r', 'AACPS8', 'AACPS7', 'FACOAE100', 'FACOAE120', '3OAR120', '3HAD120', 'FADRx2', 'EAR120x', '3OAS120', 'ACOAD5f']","[-0.06483884380160003, -0.06483884380159999, 0.06483884380160003, -0.06483884380159999, -0.06483884380159999, 0.06483884380159999, -0.06483884380159999, 0.06483884380159999, -0.06483884380159999, 0.06483884380159999, 0.06483884380159999, -0.06483884380177152, 0.06483884380159999, 0.06483884380159999, 0.06483884380159999]","[0.06483884380160003, 0.06483884380159999, 0.06483884380160003, 0.06483884380159999, 0.06483884380159999, 0.06483884380159999, 0.06483884380159999, 0.06483884380159999, 0.06483884380159999, 0.06483884380159999, 0.06483884380159999, 0.06483884380177152, 0.06483884380159999, 0.06483884380159999, 0.06483884380159999]","['MACPD', 'ACOATA', 'AACPS7', 'FACOAE120', 'FADRx2']","['AACPS8', 'FACOAE100', '3OAR120', '3HAD120', 'EAR120x', '3OAS120']","['HACD5', 'ECOAH5', 'ACACT5r', 'ACOAD5f']",FACOAE120,3OAR120,0.972582657024,1,15,4,1.0,0.06483884380142846,iML1515,PSL,False,False,0.0,0.0,0.0,0.0
163,"['MACPD', 'HACD5', 'ACOATA', 'ECOAH5', 'ACACT5r', 'AACPS8', 'AACPS7', 'FACOAE100', 'FACOAE120', '3OAR120', '3HAD120', 'FADRx2', 'EAR120x', '3OAS120', 'ACOAD5f']","[-0.06483884380160003, -0.06483884380159999, 0.06483884380160003, -0.06483884380159999, -0.06483884380159999, 0.06483884380159999, -0.06483884380159999, 0.06483884380159999, -0.06483884380159999, 0.06483884380159999, 0.06483884380159999, -0.06483884380177152, 0.06483884380159999, 0.06483884380159999, 0.06483884380159999]","[0.06483884380160003, 0.06483884380159999, 0.06483884380160003, 0.06483884380159999, 0.06483884380159999, 0.06483884380159999, 0.06483884380159999, 0.06483884380159999, 0.06483884380159999, 0.06483884380159999, 0.06483884380159999, 0.06483884380177152, 0.06483884380159999, 0.06483884380159999, 0.06483884380159999]","['MACPD', 'ACOATA', 'AACPS7', 'FACOAE120', 'FADRx2']","['AACPS8', 'FACOAE100', '3OAR120', '3HAD120', 'EAR120x', '3OAS120']","['HACD5', 'ECOAH5', 'ACACT5r', 'ACOAD5f']",FACOAE120,3HAD120,0.972582657024,1,15,4,1.0,0.06483884380142846,iML1515,PSL,False,False,0.0,0.0,0.0,0.0
164,"['MACPD', 'HACD5', 'ACOATA', 'ECOAH5', 'ACACT5r', 'AACPS8', 'AACPS7', 'FACOAE100', 'FACOAE120', '3OAR120', '3HAD120', 'FADRx2', 'EAR120x', '3OAS120', 'ACOAD5f']","[-0.06483884380160003, -0.06483884380159999, 0.06483884380160003, -0.06483884380159999, -0.06483884380159999, 0.06483884380159999, -0.06483884380159999, 0.06483884380159999, -0.06483884380159999, 0.06483884380159999, 0.06483884380159999, -0.06483884380177152, 0.06483884380159999, 0.06483884380159999, 0.06483884380159999]","[0.06483884380160003, 0.06483884380159999, 0.06483884380160003, 0.06483884380159999, 0.06483884380159999, 0.06483884380159999, 0.06483884380159999, 0.06483884380159999, 0.06483884380159999, 0.06483884380159999, 0.06483884380159999, 0.06483884380177152, 0.06483884380159999, 0.06483884380159999, 0.06483884380159999]","['MACPD', 'ACOATA', 'AACPS7', 'FACOAE120', 'FADRx2']","['AACPS8', 'FACOAE100', '3OAR120', '3HAD120', 'EAR120x', '3OAS120']","['HACD5', 'ECOAH5', 'ACACT5r', 'ACOAD5f']",FACOAE120,3OAS120,0.972582657024,1,15,4,1.0,0.06483884380142846,iML1515,PSL,False,False,0.0,0.0,0.0,0.0
165,"['CYSDS', 'APRAUR', 'DB4PS', 'ACP1_FMN', 'RBFSb', 'PMDPHT', 'CPPPGO', 'EX_met__L_e', 'RBFSa', 'EX_hxan_e', 'EX_ile__L_e', 'EX_leu__L_e', 'EX_glcn_e', 'UPP3S', 'EX_pro__L_e', 'UPPDC1', 'EX_arg__L_e', 'EX_thymd_e', 'EX_tyr__L_e', 'EX_cytd_e', 'EX_fum_e', 'EX_gua_e', 'MGSA', 'GLUTRS', 'NTPP2', 'CYTDK1', 'TMDK1', 'FTHFD', 'EX_ura_e', 'EX_val__L_e', 'FMNAT', 'ASPT', 'SERD_L', 'THRD', 'EX_trp__L_e', 'GLUTRR', 'EX_fmn_e', 'G1SAT', 'EDTXS1', 'EDTXS2', 'GLYCL', 'CITL', 'GTPCII2', 'URIC', 'G3PD6', 'ALLTN', 'UPPRT', 'AOBUTDs', 'GLYAT', 'EX_gthrd_e', 'ADD', 'FCLT', 'IPDPS', 'MALS', 'AACPS4', 'UGLYCH', 'NTPP7', 'DHPPDA2', 'DCTPD', 'H2SO', 'GLUCYS', 'GMPR', 'METAT', 'TRPS1', 'PPBNGS', 'ME2', 'SULabcpp', 'GUAtex', 'THRabcpp', 'VALabcpp', 'ARGabcpp', 'ASNt2rpp', 'GUAtpp', 'HYXNtpp', 'HIStex', 'HYXNtex', 'ILEtex', 'GLCNtex', 'EX_fad_e', 'PHEtex', 'ASPO4', 'LEUtex', 'FUMtex', 'LADGMDH', 'ALAGLUE', 'EX_pheme_e', 'TRPtex', 'TYRtex', 'URAtex', 'VALtex', 'PHEMEabcpp', 'LIPAabcpp', 'FE3Ri', 'PHEMEtiex', '4PEPTabcpp', 'AMPTASECG', 'LALGP', 'AGM4PApp', 'FE2t2pp', 'Kabcpp', 'FACOAE140', 'LEUabcpp', 'THRtex', 'THMDtex', 'METabcpp', 'ATPHs', 'METtex', 'ILEabcpp', 'PROabcpp', 'EX_cgly_e', 'NTPP9', 'ARGtex', 'EX_enlipa_e', '4PCP', 'MG2uabcpp', 'HISabcpp', 'HMBS', 'DAAD', 'GLCNt2rpp', 'CYTDtex', '4PEPTtex', 'AGM4PCPpp', 'EX_asn__L_e', 'XAND', 'GUAPRT', 'EX_phe__L_e', 'EX_thr__L_e', 'GTHS', 'EX_g3pe_e', 'EX_his__L_e', 'ANHGMtex', 'HXAND', 'G3PEtex', 'CPPPGO2', 'PPPGO', '2AGPEAT160', 'LPLIPAL2E161', 'ALAALAtex', '2AGPEAT161', 'FACOAE161', 'G3PEabcpp', 'GTHRDabcpp', 'PROtex', 'AACTOOR', 'MDDCP1pp', 'EX_alaala_e', '5DOAN', 'DM_5drib_c', 'FACOAE120', 'SO4t2pp', 'ASNtex', 'EAR140x', 'MLDCP1App', 'EAR160y', '3OAR160', 'LPLIPAL2E160', 'PETNT161pp', 'MLTGY1pp', 'CGLYtex', '3OAS160', 'PAPA161', 'CGLYabcpp', 'EAR140y', '3HAD140', '3HAD160', 'MDDEP1pp', 'MDDEP2pp', 'MLTGY2pp', '12DGR161tipp', 'GTHRDtex', 'CA2t3pp', 'FA160ACPHi', 'OPHHX3', 'FA120ACPHi', 'FA140ACPHi', 'EX_LalaDgluMdapDala_e', 'EX_anhgm_e', 'MN2t3pp', 'CTECOAI7', 'SCYSDS', 'GNP', 'ALLTAMH2', 'UGCIAMH', 'TRPtipp', 'TYRtipp', 'FMNtex', 'PHEtipp', 'FADt', 'FADtex', 'FMNt', 'URAtpp', 'FUMt1pp', 'OPHHXy', 'ENLIPAabctex']","[-0.0002299502167182509, 0.0003338419163607645, 0.000667683832721529, -0.0003342914145166554, 0.0003338419163607645, 0.0003338419163607645, 0.00018233217291101388, 0.0003102363707234712, 0.000667683832721529, 5.877403596508306e-05, 0.0005856154696540217, 0.0009081293886624153, -0.0008283636339059264, 6.036363720891689e-05, 0.0004455776450694171, 6.081313536480788e-05, 0.0005962240292704257, 0.00023662819216951902, 0.00027840464481392047, 0.00026947112087327696, 0.0005197704324912955, 2.1185876142304494e-05, -0.00030330509564868713, 0.00048290909767133555, 0.00015553055576189578, -0.00026947112091942006, -0.00023662819214701934, -0.00018465941917339412, 0.00016067980118440045, 0.0008543206297050676, 0.0009748366883657006, 0.0003344639778539993, 0.00043375754554555307, 8.346700934080037e-05, 0.00011637567726619641, 0.00048290909767133555, -0.0006405452738490452, 0.00048290909762727097, 0.00011955710292860938, 0.00011955710292860938, 0.0002967264537674051, -0.0001606798011843935, 0.0003338419163607645, -0.0003022656405869816, 4.591734478698317e-06, -0.0003022656405869816, -0.00016067980118440045, 0.00030330509564868713, 0.00021983808630920976, 4.8310376187455945e-05, -0.00024349160462189853, 6.081313536480788e-05, -4.255114829981345e-06, -0.0003022656405869816, -9.183468957355001e-06, -0.0003022656405869816, 5.2742460749072295e-05, 0.0003338419163607645, 5.409700228412723e-05, -0.0002299502167182509, 4.8310376187455945e-05, 0.00013434467962025742, -0.00024394513415138507, 1.7979926235436872e-06, 0.00024145454883566756, -0.0003022656405869816, 0.21038287206279097, -2.1185876107665536e-05, -0.0004278865273117753, -0.0008543206297050676, -0.0005962240292704257, -0.0002961218000336885, -2.1185876107665536e-05, -5.8774036006070673e-05, -0.0001909621358890945, -5.8774036006070673e-05, -0.0005856154696175508, 0.0008283636339001532, 0.0009752861865871543, -0.00037343621454510867, -4.591734478698317e-06, -0.0009081293886765707, -0.0005197704324473307, -0.000691705097191523, -0.0006917050972106153, 6.126263352069887e-05, -0.00011637567729394505, -0.00027840464485962, -0.00016067980118350533, -0.0008543206297417782, 6.126263352069887e-05, 0.00011955710292860938, 7.869241258288712e-06, 6.126263352069887e-05, -0.000691705097191523, -0.00037024966993352447, -0.000691705097191523, 5.601190473496925e-05, 2.8888687862559798e-05, -0.0003934479531068624, 0.00025581988208898607, -0.0009081293886624153, -0.00042788652729086607, -0.00023662819216951902, -0.0003102363707234712, -0.00031945359694957043, -0.0003102363707512268, -0.0005856154696540217, -0.0004455776450694171, 0.00037024966993352447, -0.00031945359694957043, -0.0005962240293229115, 0.00011955710292860938, -0.000691705097191523, -1.748608297019727e-05, -0.00019096213584214594, 6.036363720891689e-05, -0.00035062468700319815, 0.0008283636339001532, -0.00026947112087327696, -0.0007477170019001278, -1.400297618374402e-05, 0.00029612180007601574, -0.0003022656405869816, -2.1185876142304494e-05, 0.00037343621457910925, 0.0004278865273117753, 4.8310376187455945e-05, 0.00027564516963434057, 0.00019096213584214594, -5.601190468951245e-05, -0.0003022656405869816, -0.0002756451696086515, -0.000121519037546206, 6.087898113512556e-05, -0.00012862903730953557, 0.0001470161323248037, -1.4002976172378112e-05, -0.0001470161323248037, -0.0003032157336069763, -0.00027564516963434057, -4.8310376187455945e-05, -0.00044557764510955167, 0.00030330509564868713, 1.4002976183740551e-05, 1.400297618374402e-05, -0.00024349160462189856, -0.00024349160462189856, 0.00011955710292860938, -0.21016166589540122, -0.0002961218000336885, -6.61274513270721e-05, 1.400297618374402e-05, -0.00018509682320849707, -0.00018509682320200227, 0.00012862903730953557, 0.00011955710292860938, 1.4002976183740578e-05, -0.0003702496699133917, -0.00018509682320849707, -0.00011955710292860938, -0.00037024966993352447, -0.00025523215104181207, -0.00032135960236888417, -0.00018509682320849707, 1.4002976183740578e-05, 1.400297618374402e-05, 1.400297618374402e-05, 0.00011955710292860938, -4.8310376200788596e-05, 1.0491649782118362e-05, -0.00018509682320849707, -0.00018610933005589096, -0.00011955710292860938, -0.00025581988208898607, 0.0007477170019264922, 5.601190473496925e-05, 1.392839539502604e-06, 0.00030321573365199583, -2.2051613567027626e-06, -0.0008283636339059264, -0.0003022656405869816, -0.0003022656405869816, 0.00011637567726619641, 0.00027840464481392047, -0.0006405452738817985, 0.00037343621457910925, 0.0009752861865871543, 0.000975286186530866, -0.0006405452738490452, 0.00016067980118440045, -0.0005197704324473307, 0.0001856598319, 0.00011955710292860938]","[0.0002299502167182509, 0.0003338419163607645, 0.000667683832721529, 0.0003342914145166554, 0.0003338419163607645, 0.0003338419163607645, 0.00018233217291101388, 0.0003102363707234712, 0.000667683832721529, 5.877403596508306e-05, 0.0005856154696540217, 0.0009081293886624153, 0.0008283636339059264, 6.036363720891689e-05, 0.0004455776450694171, 6.081313536480788e-05, 0.0005962240292704257, 0.00023662819216951902, 0.00027840464481392047, 0.00026947112087327696, 0.0005197704324912955, 2.1185876142304494e-05, 0.00030330509564868713, 0.00048290909767133555, 0.00015553055576189578, 0.00026947112091942006, 0.00023662819214701934, 0.00018465941917339412, 0.00016067980118440045, 0.0008543206297050676, 0.0009748366883657006, 0.0003344639778539993, 0.00043375754554555307, 8.346700934080037e-05, 0.00011637567726619641, 0.00048290909767133555, 0.0006405452738490452, 0.00048290909762727097, 0.00011955710292860938, 0.00011955710292860938, 0.0002967264537674051, 0.0001606798011843935, 0.0003338419163607645, 0.0003022656405869816, 4.591734478698317e-06, 0.0003022656405869816, 0.00016067980118440045, 0.00030330509564868713, 0.00021983808630920976, 4.8310376187455945e-05, 0.00024349160462189853, 6.081313536480788e-05, 4.255114829981345e-06, 0.0003022656405869816, 9.183468957355001e-06, 0.0003022656405869816, 5.2742460749072295e-05, 0.0003338419163607645, 5.409700228412723e-05, 0.0002299502167182509, 4.8310376187455945e-05, 0.00013434467962025742, 0.00024394513415138507, 1.7979926235436872e-06, 0.00024145454883566756, 0.0003022656405869816, 0.21038287206279097, 2.1185876107665536e-05, 0.0004278865273117753, 0.0008543206297050676, 0.0005962240292704257, 0.0002961218000336885, 2.1185876107665536e-05, 5.8774036006070673e-05, 0.0001909621358890945, 5.8774036006070673e-05, 0.0005856154696175508, 0.0008283636339001532, 0.0009752861865871543, 0.00037343621454510867, 4.591734478698317e-06, 0.0009081293886765707, 0.0005197704324473307, 0.000691705097191523, 0.0006917050972106153, 6.126263352069887e-05, 0.00011637567729394505, 0.00027840464485962, 0.00016067980118350533, 0.0008543206297417782, 6.126263352069887e-05, 0.00011955710292860938, 7.869241258288712e-06, 6.126263352069887e-05, 0.000691705097191523, 0.00037024966993352447, 0.000691705097191523, 5.601190473496925e-05, 2.8888687862559798e-05, 0.0003934479531068624, 0.00025581988208898607, 0.0009081293886624153, 0.00042788652729086607, 0.00023662819216951902, 0.0003102363707234712, 0.00031945359694957043, 0.0003102363707512268, 0.0005856154696540217, 0.0004455776450694171, 0.00037024966993352447, 0.00031945359694957043, 0.0005962240293229115, 0.00011955710292860938, 0.000691705097191523, 1.748608297019727e-05, 0.00019096213584214594, 6.036363720891689e-05, 0.00035062468700319815, 0.0008283636339001532, 0.00026947112087327696, 0.0007477170019001278, 1.400297618374402e-05, 0.00029612180007601574, 0.0003022656405869816, 2.1185876142304494e-05, 0.00037343621457910925, 0.0004278865273117753, 4.8310376187455945e-05, 0.00027564516963434057, 0.00019096213584214594, 5.601190468951245e-05, 0.0003022656405869816, 0.0002756451696086515, 0.000121519037546206, 6.087898113512556e-05, 0.00012862903730953557, 0.0001470161323248037, 1.4002976172378112e-05, 0.0001470161323248037, 0.0003032157336069763, 0.00027564516963434057, 4.8310376187455945e-05, 0.00044557764510955167, 0.00030330509564868713, 1.4002976183740551e-05, 1.400297618374402e-05, 0.00024349160462189856, 0.00024349160462189856, 0.00011955710292860938, 0.21016166589540122, 0.0002961218000336885, 6.61274513270721e-05, 1.400297618374402e-05, 0.00018509682320849707, 0.00018509682320200227, 0.00012862903730953557, 0.00011955710292860938, 1.4002976183740578e-05, 0.0003702496699133917, 0.00018509682320849707, 0.00011955710292860938, 0.00037024966993352447, 0.00025523215104181207, 0.00032135960236888417, 0.00018509682320849707, 1.4002976183740578e-05, 1.400297618374402e-05, 1.400297618374402e-05, 0.00011955710292860938, 4.8310376200788596e-05, 1.0491649782118362e-05, 0.00018509682320849707, 0.00018610933005589096, 0.00011955710292860938, 0.00025581988208898607, 0.0007477170019264922, 5.601190473496925e-05, 1.392839539502604e-06, 0.00030321573365199583, 2.2051613567027626e-06, 0.0008283636339059264, 0.0003022656405869816, 0.0003022656405869816, 0.00011637567726619641, 0.00027840464481392047, 0.0006405452738817985, 0.00037343621457910925, 0.0009752861865871543, 0.000975286186530866, 0.0006405452738490452, 0.00016067980118440045, 0.0005197704324473307, 0.0001856598319, 0.00011955710292860938]","['CYSDS', 'ACP1_FMN', 'EX_glcn_e', 'MGSA', 'CYTDK1', 'TMDK1', 'FTHFD', 'EX_fmn_e', 'CITL', 'UPPRT', 'IPDPS', 'MALS', 'UGLYCH', 'H2SO', 'ME2', 'THRabcpp', 'VALabcpp', 'ARGabcpp', 'GLCNtex', 'ASPO4', 'LADGMDH', 'ALAGLUE', '4PEPTabcpp', 'AMPTASECG', 'LALGP', 'Kabcpp', 'LEUabcpp', 'METabcpp', 'ATPHs', 'ILEabcpp', 'PROabcpp', 'NTPP9', '4PCP', 'MG2uabcpp', 'HISabcpp', 'DAAD', 'GLCNt2rpp', 'AGM4PCPpp', 'GUAPRT', 'CPPPGO2', '2AGPEAT160', '2AGPEAT161', 'FACOAE161', 'G3PEabcpp', 'GTHRDabcpp', 'SO4t2pp', 'EAR140x', 'EAR160y', '3OAR160', '3OAS160', 'PAPA161', 'CGLYabcpp', 'EAR140y', '3HAD140', '3HAD160', 'FA160ACPHi', 'OPHHX3', 'FA120ACPHi', 'FA140ACPHi', 'SCYSDS', 'GNP', 'FMNtex', 'FMNt']","['EX_met__L_e', 'EX_hxan_e', 'EX_ile__L_e', 'EX_leu__L_e', 'EX_pro__L_e', 'EX_arg__L_e', 'EX_thymd_e', 'EX_tyr__L_e', 'EX_cytd_e', 'EX_fum_e', 'EX_gua_e', 'NTPP2', 'EX_ura_e', 'EX_val__L_e', 'ASPT', 'SERD_L', 'THRD', 'EX_trp__L_e', 'EDTXS1', 'EDTXS2', 'GLYCL', 'G3PD6', 'AOBUTDs', 'GLYAT', 'EX_gthrd_e', 'NTPP7', 'DCTPD', 'GMPR', 'TRPS1', 'SULabcpp', 'GUAtex', 'ASNt2rpp', 'GUAtpp', 'HYXNtpp', 'HIStex', 'HYXNtex', 'ILEtex', 'EX_fad_e', 'PHEtex', 'LEUtex', 'FUMtex', 'EX_pheme_e', 'TRPtex', 'TYRtex', 'URAtex', 'VALtex', 'PHEMEabcpp', 'LIPAabcpp', 'FE3Ri', 'PHEMEtiex', 'FE2t2pp', 'THRtex', 'THMDtex', 'METtex', 'EX_cgly_e', 'ARGtex', 'EX_enlipa_e', 'CYTDtex', '4PEPTtex', 'EX_asn__L_e', 'EX_phe__L_e', 'EX_thr__L_e', 'EX_g3pe_e', 'EX_his__L_e', 'ANHGMtex', 'G3PEtex', 'LPLIPAL2E161', 'ALAALAtex', 'PROtex', 'AACTOOR', 'MDDCP1pp', 'EX_alaala_e', 'FACOAE120', 'ASNtex', 'MLDCP1App', 'LPLIPAL2E160', 'PETNT161pp', 'CGLYtex', 'MDDEP2pp', 'MLTGY2pp', '12DGR161tipp', 'GTHRDtex', 'CA2t3pp', 'EX_LalaDgluMdapDala_e', 'EX_anhgm_e', 'MN2t3pp', 'TRPtipp', 'TYRtipp', 'PHEtipp', 'FADt', 'FADtex', 'URAtpp', 'FUMt1pp', 'OPHHXy', 'ENLIPAabctex']","['APRAUR', 'DB4PS', 'RBFSb', 'PMDPHT', 'CPPPGO', 'RBFSa', 'UPP3S', 'UPPDC1', 'GLUTRS', 'FMNAT', 'GLUTRR', 'G1SAT', 'GTPCII2', 'URIC', 'ALLTN', 'ADD', 'FCLT', 'AACPS4', 'DHPPDA2', 'GLUCYS', 'METAT', 'PPBNGS', 'AGM4PApp', 'FACOAE140', 'HMBS', 'XAND', 'GTHS', 'HXAND', 'PPPGO', '5DOAN', 'DM_5drib_c', 'MLTGY1pp', 'MDDEP1pp', 'CTECOAI7', 'ALLTAMH2', 'UGCIAMH']",SO4t2pp,SULabcpp,0.554285868990555,1,194,36,-6.0,-0.006814395948992802,iML1515,PSL,False,False,0.0,0.0,0.0,0.0
166,"['G3PAT160', 'APG3PAT160', 'ACPPAT160']","[-0.053166452230099984, 0.053166452230099984, 0.053166452230099984]","[0.053166452230099984, 0.053166452230099984, 0.053166452230099984]",['G3PAT160'],"['APG3PAT160', 'ACPPAT160']",[],G3PAT160,APG3PAT160,0.15949935669029996,1,3,0,1.0,0.053166452230099984,iML1515,PSL,False,False,0.0,0.0,0.0,0.0
167,"['G3PAT160', 'APG3PAT160', 'ACPPAT160']","[-0.053166452230099984, 0.053166452230099984, 0.053166452230099984]","[0.053166452230099984, 0.053166452230099984, 0.053166452230099984]",['G3PAT160'],"['APG3PAT160', 'ACPPAT160']",[],G3PAT160,ACPPAT160,0.15949935669029996,1,3,0,1.0,0.053166452230099984,iML1515,PSL,False,False,0.0,0.0,0.0,0.0
168,"['G3PAT161', 'ACPPAT161', 'APG3PAT161']","[-0.06266432974009999, 0.06266432974009999, 0.06266432974009999]","[0.06266432974009999, 0.06266432974009999, 0.06266432974009999]",['G3PAT161'],"['ACPPAT161', 'APG3PAT161']",[],G3PAT161,ACPPAT161,0.18799298922161967,1,3,0,1.0,0.06266432974009999,iML1515,PSL,False,False,0.0,0.0,0.0,0.0
169,"['G3PAT161', 'ACPPAT161', 'APG3PAT161']","[-0.06266432974009999, 0.06266432974009999, 0.06266432974009999]","[0.06266432974009999, 0.06266432974009999, 0.06266432974009999]",['G3PAT161'],"['ACPPAT161', 'APG3PAT161']",[],G3PAT161,APG3PAT161,0.18799298922029994,1,3,0,1.0,0.06266432974009999,iML1515,PSL,False,False,0.0,0.0,0.0,0.0
170,"['CYSDS', 'PFL', 'EX_ile__L_e', 'EX_leu__L_e', 'EX_glcn_e', 'EX_arg__L_e', 'EX_fum_e', 'EX_val__L_e', 'THRabcpp', 'VALabcpp', 'ARGabcpp', 'ILEtex', 'GLCNtex', 'EX_fad_e', 'LEUtex', 'FUMtex', 'VALtex', 'AMPTASECG', 'ZNabcpp', 'LEUabcpp', 'THRtex', 'ILEabcpp', 'EX_cgly_e', 'ARGtex', 'FACOAL140t2pp', 'GLCNt2rpp', 'EX_thr__L_e', 'CGLYtex', 'CGLYabcpp', 'ZN2tpp', 'GNP', 'FADt', 'FADtex', 'FUMt1pp']","[-1.2802441768471323e-06, -1.4352602746847687e-06, 1.0712787345545927e-06, 1.66126025130664e-06, -2.183528653887379e-06, 1.0906851964642694e-06, 1.930336885613837e-06, 1.5628268101863796e-06, -1.7118994528138057e-06, -1.5628268101863796e-06, -1.0906851964642694e-06, -1.0712786888689152e-06, 2.1835286361238104e-06, 1.6607374734023406e-06, -1.6612602848908864e-06, -1.930336907207675e-06, -1.5628268101863796e-06, -2.19279408436579e-06, 0.00028410285419999996, -1.66126025130664e-06, -1.7118994719567127e-06, -1.0712787345545927e-06, 2.192794113398122e-06, -1.0906851457548328e-06, -1.0252865628168626e-06, 2.1835286361238104e-06, 1.7118994528138057e-06, -2.192794113398122e-06, -2.19279408436579e-06, -0.00028410411158239033, -2.183528653887379e-06, 1.6607374734023406e-06, 1.6607374391242047e-06, -1.930336907207675e-06]","[1.2802441768471323e-06, 1.4352602746847687e-06, 1.0712787345545927e-06, 1.66126025130664e-06, 2.183528653887379e-06, 1.0906851964642694e-06, 1.930336885613837e-06, 1.5628268101863796e-06, 1.7118994528138057e-06, 1.5628268101863796e-06, 1.0906851964642694e-06, 1.0712786888689152e-06, 2.1835286361238104e-06, 1.6607374734023406e-06, 1.6612602848908864e-06, 1.930336907207675e-06, 1.5628268101863796e-06, 2.19279408436579e-06, 0.00028410285419999996, 1.66126025130664e-06, 1.7118994719567127e-06, 1.0712787345545927e-06, 2.192794113398122e-06, 1.0906851457548328e-06, 1.0252865628168626e-06, 2.1835286361238104e-06, 1.7118994528138057e-06, 2.192794113398122e-06, 2.19279408436579e-06, 0.00028410411158239033, 2.183528653887379e-06, 1.6607374734023406e-06, 1.6607374391242047e-06, 1.930336907207675e-06]","['CYSDS', 'PFL', 'EX_glcn_e', 'THRabcpp', 'VALabcpp', 'ARGabcpp', 'GLCNtex', 'AMPTASECG', 'LEUabcpp', 'ILEabcpp', 'GLCNt2rpp', 'CGLYabcpp', 'ZN2tpp', 'GNP']","['EX_ile__L_e', 'EX_leu__L_e', 'EX_arg__L_e', 'EX_fum_e', 'EX_val__L_e', 'ILEtex', 'EX_fad_e', 'LEUtex', 'FUMtex', 'VALtex', 'ZNabcpp', 'THRtex', 'EX_cgly_e', 'ARGtex', 'EX_thr__L_e', 'CGLYtex', 'FADt', 'FADtex', 'FUMt1pp']",['FACOAL140t2pp'],ZN2tpp,ZNabcpp,0.0007034980364885501,1,34,1,-8.0,-1.2173711545528207e-05,iML1515,PSL,False,False,0.0,0.0,0.0,0.0
171,"['EX_ile__L_e', 'EX_leu__L_e', 'EX_glcn_e', 'EX_arg__L_e', 'EX_fum_e', 'MGSA', 'EX_val__L_e', 'ASPT', 'EX_fmn_e', 'URIC', 'ALLTN', 'AOBUTDs', 'MALS', 'UGLYCH', 'VALabcpp', 'ARGabcpp', 'ILEtex', 'GLCNtex', 'EX_fad_e', 'LEUtex', 'FUMtex', 'LADGMDH', 'ALAGLUE', 'VALtex', '4PEPTabcpp', 'LALGP', 'LEUabcpp', 'ILEabcpp', 'NI2uabcpp', 'ARGtex', '4PCP', 'GLCNt2rpp', '4PEPTtex', 'XAND', 'HXAND', 'AACTOOR', 'NI2tpp', 'EX_LalaDgluMdapDala_e', 'GNP', 'ALLTAMH2', 'UGCIAMH', 'FMNtex', 'FADt', 'FADtex', 'FMNt', 'FUMt1pp']","[1.0185125514927673e-06, 1.579434336429486e-06, -1.5013055829626865e-06, 1.0369631417983527e-06, 1.4609600083123716e-06, -1.376943411984799e-06, 1.4858492122793443e-06, 1.4044629623177762e-06, -1.0601247552875011e-06, -1.0926482771844715e-06, -1.0926482771844715e-06, 1.376943411984799e-06, -1.0934300277623446e-06, -1.0926482771844715e-06, -1.4858492122793443e-06, -1.0369631417983527e-06, -1.0185125347561552e-06, 1.501305632700678e-06, 1.6584805181196825e-06, -1.579434297127591e-06, -1.46095999298268e-06, -1.2030254662453999e-06, -1.203025476570474e-06, -1.485849224991398e-06, -1.3004423395045206e-06, -1.2030254662453999e-06, -1.579434336429486e-06, -1.0185125514927673e-06, 0.0002691062226, -1.0369631127105094e-06, -1.3004423395045206e-06, 1.501305632700678e-06, -1.300442363572074e-06, -1.0926482771844715e-06, -1.0926482771844715e-06, 1.376943411984799e-06, -0.000269107354946699, 1.3004423395045206e-06, -1.5013055829626865e-06, -1.0926482771844715e-06, -1.0926482771844715e-06, -1.0601247595332097e-06, 1.6584805181196825e-06, 1.6584805280217552e-06, -1.0601247552875011e-06, -1.46095999298268e-06]","[1.0185125514927673e-06, 1.579434336429486e-06, 1.5013055829626865e-06, 1.0369631417983527e-06, 1.4609600083123716e-06, 1.376943411984799e-06, 1.4858492122793443e-06, 1.4044629623177762e-06, 1.0601247552875011e-06, 1.0926482771844715e-06, 1.0926482771844715e-06, 1.376943411984799e-06, 1.0934300277623446e-06, 1.0926482771844715e-06, 1.4858492122793443e-06, 1.0369631417983527e-06, 1.0185125347561552e-06, 1.501305632700678e-06, 1.6584805181196825e-06, 1.579434297127591e-06, 1.46095999298268e-06, 1.2030254662453999e-06, 1.203025476570474e-06, 1.485849224991398e-06, 1.3004423395045206e-06, 1.2030254662453999e-06, 1.579434336429486e-06, 1.0185125514927673e-06, 0.0002691062226, 1.0369631127105094e-06, 1.3004423395045206e-06, 1.501305632700678e-06, 1.300442363572074e-06, 1.0926482771844715e-06, 1.0926482771844715e-06, 1.376943411984799e-06, 0.000269107354946699, 1.3004423395045206e-06, 1.5013055829626865e-06, 1.0926482771844715e-06, 1.0926482771844715e-06, 1.0601247595332097e-06, 1.6584805181196825e-06, 1.6584805280217552e-06, 1.0601247552875011e-06, 1.46095999298268e-06]","['EX_ile__L_e', 'EX_leu__L_e', 'EX_arg__L_e', 'EX_fum_e', 'EX_val__L_e', 'ASPT', 'AOBUTDs', 'ILEtex', 'EX_fad_e', 'LEUtex', 'FUMtex', 'VALtex', 'NI2uabcpp', 'ARGtex', '4PEPTtex', 'AACTOOR', 'EX_LalaDgluMdapDala_e', 'FADt', 'FADtex']","['EX_glcn_e', 'MGSA', 'EX_fmn_e', 'URIC', 'ALLTN', 'MALS', 'UGLYCH', 'VALabcpp', 'ARGabcpp', 'GLCNtex', 'LADGMDH', 'ALAGLUE', '4PEPTabcpp', 'LALGP', 'LEUabcpp', 'ILEabcpp', '4PCP', 'GLCNt2rpp', 'XAND', 'HXAND', 'NI2tpp', 'GNP', 'ALLTAMH2', 'UGCIAMH', 'FMNtex', 'FMNt']",['FUMt1pp'],NI2tpp,NI2uabcpp,0.0006608368152679593,1,46,1,-16.0,-1.6958306806197726e-05,iML1515,PSL,False,False,0.0,0.0,0.0,0.0
172,"['ECOAH1', 'ECOAH2', 'ECOAH3', 'MACPD', 'ACOATA', 'ACACT2r', 'ACACT3r', 'HACD1', 'HACD2', 'HACD3', 'ACACT1r', 'KAS15', 'FACOAE80', '3HAD80', 'FADRx2', '3HAD40', '3OAS60', '3OAR60', '3OAR80', '3OAS80', '3OAR40', '3HAD60', 'EAR40x', 'EAR60x', 'EAR80x', 'ACOAD3f', 'ACOAD2f', 'FA80ACPHi']","[-0.2965004077419735, -0.2965004077419735, -0.2965004077419735, -0.8895012232260575, 0.8895012232260575, -0.2965004077419735, -0.2965004077419735, -0.2965004077419735, -0.2965004077419735, -0.2965004077419735, -0.2965004077419735, 0.296500407742003, -0.2965004077419735, 0.296500407742003, -0.8895012232267667, 0.296500407742003, 0.296500407742003, 0.296500407742003, 0.296500407742003, 0.296500407742003, 0.296500407742003, 0.296500407742003, 0.296500407742003, 0.296500407742003, 0.296500407742003, 0.2965004077419735, 0.2965004077419735, 0.2965004077419735]","[0.2965004077419735, 0.2965004077419735, 0.2965004077419735, 0.8895012232260575, 0.8895012232260575, 0.2965004077419735, 0.2965004077419735, 0.2965004077419735, 0.2965004077419735, 0.2965004077419735, 0.2965004077419735, 0.296500407742003, 0.2965004077419735, 0.296500407742003, 0.8895012232267667, 0.296500407742003, 0.296500407742003, 0.296500407742003, 0.296500407742003, 0.296500407742003, 0.296500407742003, 0.296500407742003, 0.296500407742003, 0.296500407742003, 0.296500407742003, 0.2965004077419735, 0.2965004077419735, 0.2965004077419735]","['KAS15', '3HAD80', '3HAD40', '3OAS60', '3OAR60', '3OAR80', '3OAS80', '3OAR40', '3HAD60', 'EAR40x', 'EAR60x', 'EAR80x', 'FA80ACPHi']","['ECOAH1', 'ECOAH2', 'ECOAH3', 'MACPD', 'ACOATA', 'ACACT2r', 'ACACT3r', 'HACD1', 'HACD2', 'HACD3', 'ACACT1r', 'FACOAE80', 'FADRx2', 'ACOAD3f', 'ACOAD2f']",[],ACOAD3f,3HAD80,10.377514270973725,1,28,0,-4.0,-0.5930008154834547,iML1515,PSL,True,False,-2.28690654547654,0.0,0.0,0.0
173,"['ECOAH1', 'ECOAH2', 'ECOAH3', 'MACPD', 'ACOATA', 'ACACT2r', 'ACACT3r', 'HACD1', 'HACD2', 'HACD3', 'ACACT1r', 'KAS15', 'FACOAE80', '3HAD80', 'FADRx2', '3HAD40', '3OAS60', '3OAR60', '3OAR80', '3OAS80', '3OAR40', '3HAD60', 'EAR40x', 'EAR60x', 'EAR80x', 'ACOAD3f', 'ACOAD2f', 'FA80ACPHi']","[-0.2965004077419735, -0.2965004077419735, -0.2965004077419735, -0.8895012232260575, 0.8895012232260575, -0.2965004077419735, -0.2965004077419735, -0.2965004077419735, -0.2965004077419735, -0.2965004077419735, -0.2965004077419735, 0.296500407742003, -0.2965004077419735, 0.296500407742003, -0.8895012232267667, 0.296500407742003, 0.296500407742003, 0.296500407742003, 0.296500407742003, 0.296500407742003, 0.296500407742003, 0.296500407742003, 0.296500407742003, 0.296500407742003, 0.296500407742003, 0.2965004077419735, 0.2965004077419735, 0.2965004077419735]","[0.2965004077419735, 0.2965004077419735, 0.2965004077419735, 0.8895012232260575, 0.8895012232260575, 0.2965004077419735, 0.2965004077419735, 0.2965004077419735, 0.2965004077419735, 0.2965004077419735, 0.2965004077419735, 0.296500407742003, 0.2965004077419735, 0.296500407742003, 0.8895012232267667, 0.296500407742003, 0.296500407742003, 0.296500407742003, 0.296500407742003, 0.296500407742003, 0.296500407742003, 0.296500407742003, 0.296500407742003, 0.296500407742003, 0.296500407742003, 0.2965004077419735, 0.2965004077419735, 0.2965004077419735]","['KAS15', '3HAD80', '3HAD40', '3OAS60', '3OAR60', '3OAR80', '3OAS80', '3OAR40', '3HAD60', 'EAR40x', 'EAR60x', 'EAR80x', 'FA80ACPHi']","['ECOAH1', 'ECOAH2', 'ECOAH3', 'MACPD', 'ACOATA', 'ACACT2r', 'ACACT3r', 'HACD1', 'HACD2', 'HACD3', 'ACACT1r', 'FACOAE80', 'FADRx2', 'ACOAD3f', 'ACOAD2f']",[],ACOAD3f,3HAD40,10.377514270973725,1,28,0,-4.0,-0.5930008154834547,iML1515,PSL,True,False,-2.28690654547654,0.0,0.0,0.0
174,"['ECOAH1', 'ECOAH2', 'ECOAH3', 'MACPD', 'ACOATA', 'ACACT2r', 'ACACT3r', 'HACD1', 'HACD2', 'HACD3', 'ACACT1r', 'KAS15', 'FACOAE80', '3HAD80', 'FADRx2', '3HAD40', '3OAS60', '3OAR60', '3OAR80', '3OAS80', '3OAR40', '3HAD60', 'EAR40x', 'EAR60x', 'EAR80x', 'ACOAD3f', 'ACOAD2f', 'FA80ACPHi']","[-0.2965004077419735, -0.2965004077419735, -0.2965004077419735, -0.8895012232260575, 0.8895012232260575, -0.2965004077419735, -0.2965004077419735, -0.2965004077419735, -0.2965004077419735, -0.2965004077419735, -0.2965004077419735, 0.296500407742003, -0.2965004077419735, 0.296500407742003, -0.8895012232267667, 0.296500407742003, 0.296500407742003, 0.296500407742003, 0.296500407742003, 0.296500407742003, 0.296500407742003, 0.296500407742003, 0.296500407742003, 0.296500407742003, 0.296500407742003, 0.2965004077419735, 0.2965004077419735, 0.2965004077419735]","[0.2965004077419735, 0.2965004077419735, 0.2965004077419735, 0.8895012232260575, 0.8895012232260575, 0.2965004077419735, 0.2965004077419735, 0.2965004077419735, 0.2965004077419735, 0.2965004077419735, 0.2965004077419735, 0.296500407742003, 0.2965004077419735, 0.296500407742003, 0.8895012232267667, 0.296500407742003, 0.296500407742003, 0.296500407742003, 0.296500407742003, 0.296500407742003, 0.296500407742003, 0.296500407742003, 0.296500407742003, 0.296500407742003, 0.296500407742003, 0.2965004077419735, 0.2965004077419735, 0.2965004077419735]","['KAS15', '3HAD80', '3HAD40', '3OAS60', '3OAR60', '3OAR80', '3OAS80', '3OAR40', '3HAD60', 'EAR40x', 'EAR60x', 'EAR80x', 'FA80ACPHi']","['ECOAH1', 'ECOAH2', 'ECOAH3', 'MACPD', 'ACOATA', 'ACACT2r', 'ACACT3r', 'HACD1', 'HACD2', 'HACD3', 'ACACT1r', 'FACOAE80', 'FADRx2', 'ACOAD3f', 'ACOAD2f']",[],ACOAD3f,3OAS60,10.377514270973725,1,28,0,-4.0,-0.5930008154834547,iML1515,PSL,True,False,-2.28690654547654,0.0,0.0,0.0
175,"['ECOAH1', 'ECOAH2', 'ECOAH3', 'MACPD', 'ACOATA', 'ACACT2r', 'ACACT3r', 'HACD1', 'HACD2', 'HACD3', 'ACACT1r', 'KAS15', 'FACOAE80', '3HAD80', 'FADRx2', '3HAD40', '3OAS60', '3OAR60', '3OAR80', '3OAS80', '3OAR40', '3HAD60', 'EAR40x', 'EAR60x', 'EAR80x', 'ACOAD3f', 'ACOAD2f', 'FA80ACPHi']","[-0.2965004077419735, -0.2965004077419735, -0.2965004077419735, -0.8895012232260575, 0.8895012232260575, -0.2965004077419735, -0.2965004077419735, -0.2965004077419735, -0.2965004077419735, -0.2965004077419735, -0.2965004077419735, 0.296500407742003, -0.2965004077419735, 0.296500407742003, -0.8895012232267667, 0.296500407742003, 0.296500407742003, 0.296500407742003, 0.296500407742003, 0.296500407742003, 0.296500407742003, 0.296500407742003, 0.296500407742003, 0.296500407742003, 0.296500407742003, 0.2965004077419735, 0.2965004077419735, 0.2965004077419735]","[0.2965004077419735, 0.2965004077419735, 0.2965004077419735, 0.8895012232260575, 0.8895012232260575, 0.2965004077419735, 0.2965004077419735, 0.2965004077419735, 0.2965004077419735, 0.2965004077419735, 0.2965004077419735, 0.296500407742003, 0.2965004077419735, 0.296500407742003, 0.8895012232267667, 0.296500407742003, 0.296500407742003, 0.296500407742003, 0.296500407742003, 0.296500407742003, 0.296500407742003, 0.296500407742003, 0.296500407742003, 0.296500407742003, 0.296500407742003, 0.2965004077419735, 0.2965004077419735, 0.2965004077419735]","['KAS15', '3HAD80', '3HAD40', '3OAS60', '3OAR60', '3OAR80', '3OAS80', '3OAR40', '3HAD60', 'EAR40x', 'EAR60x', 'EAR80x', 'FA80ACPHi']","['ECOAH1', 'ECOAH2', 'ECOAH3', 'MACPD', 'ACOATA', 'ACACT2r', 'ACACT3r', 'HACD1', 'HACD2', 'HACD3', 'ACACT1r', 'FACOAE80', 'FADRx2', 'ACOAD3f', 'ACOAD2f']",[],ACOAD3f,3OAR60,10.377514270973725,1,28,0,-4.0,-0.5930008154834547,iML1515,PSL,True,False,-2.28690654547654,0.0,0.0,0.0
176,"['ECOAH1', 'ECOAH2', 'ECOAH3', 'MACPD', 'ACOATA', 'ACACT2r', 'ACACT3r', 'HACD1', 'HACD2', 'HACD3', 'ACACT1r', 'KAS15', 'FACOAE80', '3HAD80', 'FADRx2', '3HAD40', '3OAS60', '3OAR60', '3OAR80', '3OAS80', '3OAR40', '3HAD60', 'EAR40x', 'EAR60x', 'EAR80x', 'ACOAD3f', 'ACOAD2f', 'FA80ACPHi']","[-0.2965004077419735, -0.2965004077419735, -0.2965004077419735, -0.8895012232260575, 0.8895012232260575, -0.2965004077419735, -0.2965004077419735, -0.2965004077419735, -0.2965004077419735, -0.2965004077419735, -0.2965004077419735, 0.296500407742003, -0.2965004077419735, 0.296500407742003, -0.8895012232267667, 0.296500407742003, 0.296500407742003, 0.296500407742003, 0.296500407742003, 0.296500407742003, 0.296500407742003, 0.296500407742003, 0.296500407742003, 0.296500407742003, 0.296500407742003, 0.2965004077419735, 0.2965004077419735, 0.2965004077419735]","[0.2965004077419735, 0.2965004077419735, 0.2965004077419735, 0.8895012232260575, 0.8895012232260575, 0.2965004077419735, 0.2965004077419735, 0.2965004077419735, 0.2965004077419735, 0.2965004077419735, 0.2965004077419735, 0.296500407742003, 0.2965004077419735, 0.296500407742003, 0.8895012232267667, 0.296500407742003, 0.296500407742003, 0.296500407742003, 0.296500407742003, 0.296500407742003, 0.296500407742003, 0.296500407742003, 0.296500407742003, 0.296500407742003, 0.296500407742003, 0.2965004077419735, 0.2965004077419735, 0.2965004077419735]","['KAS15', '3HAD80', '3HAD40', '3OAS60', '3OAR60', '3OAR80', '3OAS80', '3OAR40', '3HAD60', 'EAR40x', 'EAR60x', 'EAR80x', 'FA80ACPHi']","['ECOAH1', 'ECOAH2', 'ECOAH3', 'MACPD', 'ACOATA', 'ACACT2r', 'ACACT3r', 'HACD1', 'HACD2', 'HACD3', 'ACACT1r', 'FACOAE80', 'FADRx2', 'ACOAD3f', 'ACOAD2f']",[],ACOAD3f,3OAR80,10.377514270973725,1,28,0,-4.0,-0.5930008154834547,iML1515,PSL,True,False,-2.28690654547654,0.0,0.0,0.0
177,"['ECOAH1', 'ECOAH2', 'ECOAH3', 'MACPD', 'ACOATA', 'ACACT2r', 'ACACT3r', 'HACD1', 'HACD2', 'HACD3', 'ACACT1r', 'KAS15', 'FACOAE80', '3HAD80', 'FADRx2', '3HAD40', '3OAS60', '3OAR60', '3OAR80', '3OAS80', '3OAR40', '3HAD60', 'EAR40x', 'EAR60x', 'EAR80x', 'ACOAD3f', 'ACOAD2f', 'FA80ACPHi']","[-0.2965004077419735, -0.2965004077419735, -0.2965004077419735, -0.8895012232260575, 0.8895012232260575, -0.2965004077419735, -0.2965004077419735, -0.2965004077419735, -0.2965004077419735, -0.2965004077419735, -0.2965004077419735, 0.296500407742003, -0.2965004077419735, 0.296500407742003, -0.8895012232267667, 0.296500407742003, 0.296500407742003, 0.296500407742003, 0.296500407742003, 0.296500407742003, 0.296500407742003, 0.296500407742003, 0.296500407742003, 0.296500407742003, 0.296500407742003, 0.2965004077419735, 0.2965004077419735, 0.2965004077419735]","[0.2965004077419735, 0.2965004077419735, 0.2965004077419735, 0.8895012232260575, 0.8895012232260575, 0.2965004077419735, 0.2965004077419735, 0.2965004077419735, 0.2965004077419735, 0.2965004077419735, 0.2965004077419735, 0.296500407742003, 0.2965004077419735, 0.296500407742003, 0.8895012232267667, 0.296500407742003, 0.296500407742003, 0.296500407742003, 0.296500407742003, 0.296500407742003, 0.296500407742003, 0.296500407742003, 0.296500407742003, 0.296500407742003, 0.296500407742003, 0.2965004077419735, 0.2965004077419735, 0.2965004077419735]","['KAS15', '3HAD80', '3HAD40', '3OAS60', '3OAR60', '3OAR80', '3OAS80', '3OAR40', '3HAD60', 'EAR40x', 'EAR60x', 'EAR80x', 'FA80ACPHi']","['ECOAH1', 'ECOAH2', 'ECOAH3', 'MACPD', 'ACOATA', 'ACACT2r', 'ACACT3r', 'HACD1', 'HACD2', 'HACD3', 'ACACT1r', 'FACOAE80', 'FADRx2', 'ACOAD3f', 'ACOAD2f']",[],ACOAD3f,3OAS80,10.377514270973725,1,28,0,-4.0,-0.5930008154834547,iML1515,PSL,True,False,-2.28690654547654,0.0,0.0,0.0
178,"['ECOAH4', 'ECOAH1', 'ECOAH2', 'ECOAH3', 'MACPD', 'HACD4', 'ACOATA', 'ACACT2r', 'ACACT3r', 'ACACT4r', 'HACD1', 'HACD2', 'HACD3', 'ACACT1r', 'KAS15', 'FACOAE100', '3HAD80', 'FADRx2', '3HAD40', '3OAS60', '3OAR60', '3OAR80', 'EAR100x', '3OAS80', '3OAS100', '3OAR40', '3OAR100', '3HAD60', '3HAD100', 'EAR40x', 'EAR60x', 'EAR80x', 'ACOAD3f', 'ACOAD2f', 'ACOAD4f', 'FA100ACPHi']","[-0.2965004077411777, -0.2965004077411777, -0.2965004077411777, -0.2965004077411777, -1.186001630971059, -0.2965004077411777, 1.1860016309710772, -0.2965004077411777, -0.2965004077411777, -0.2965004077411777, -0.2965004077411777, -0.2965004077411777, -0.2965004077411777, -0.2965004077411777, 0.2965004077419824, -0.2965004077412131, 0.2965004077419824, -1.1860016309664745, 0.2965004077419824, 0.2965004077419824, 0.2965004077419735, 0.2965004077419735, 0.2965004077419824, 0.2965004077419824, 0.2965004077419824, 0.2965004077419735, 0.2965004077419735, 0.2965004077419824, 0.2965004077419824, 0.2965004077408491, 0.2965004077419824, 0.2965004077419824, 0.2965004077411777, 0.2965004077411777, 0.2965004077411777, 0.2965004077312189]","[0.2965004077411777, 0.2965004077411777, 0.2965004077411777, 0.2965004077411777, 1.186001630971059, 0.2965004077411777, 1.1860016309710772, 0.2965004077411777, 0.2965004077411777, 0.2965004077411777, 0.2965004077411777, 0.2965004077411777, 0.2965004077411777, 0.2965004077411777, 0.2965004077419824, 0.2965004077412131, 0.2965004077419824, 1.1860016309664745, 0.2965004077419824, 0.2965004077419824, 0.2965004077419735, 0.2965004077419735, 0.2965004077419824, 0.2965004077419824, 0.2965004077419824, 0.2965004077419735, 0.2965004077419735, 0.2965004077419824, 0.2965004077419824, 0.2965004077408491, 0.2965004077419824, 0.2965004077419824, 0.2965004077411777, 0.2965004077411777, 0.2965004077411777, 0.2965004077312189]","['KAS15', '3HAD80', '3HAD40', '3OAS60', '3OAR60', '3OAR80', 'EAR100x', '3OAS80', '3OAS100', '3OAR40', '3OAR100', '3HAD60', '3HAD100', 'EAR40x', 'EAR60x', 'EAR80x', 'FA100ACPHi']","['ECOAH4', 'ECOAH1', 'ECOAH2', 'ECOAH3', 'MACPD', 'HACD4', 'ACOATA', 'ACACT2r', 'ACACT3r', 'ACACT4r', 'HACD1', 'HACD2', 'HACD3', 'ACACT1r', 'FACOAE100', 'FADRx2', 'ACOAD3f', 'ACOAD2f', 'ACOAD4f']",[],ACOAD3f,3OAS100,13.63901875612902,1,36,0,-6.0,-0.8895012232234994,iML1515,PSL,True,False,-2.28690654547654,0.0,0.0,0.0
179,"['ECOAH1', 'ECOAH2', 'ECOAH3', 'MACPD', 'ACOATA', 'ACACT2r', 'ACACT3r', 'HACD1', 'HACD2', 'HACD3', 'ACACT1r', 'KAS15', 'FACOAE80', '3HAD80', 'FADRx2', '3HAD40', '3OAS60', '3OAR60', '3OAR80', '3OAS80', '3OAR40', '3HAD60', 'EAR40x', 'EAR60x', 'EAR80x', 'ACOAD3f', 'ACOAD2f', 'FA80ACPHi']","[-0.2965004077419735, -0.2965004077419735, -0.2965004077419735, -0.8895012232260575, 0.8895012232260575, -0.2965004077419735, -0.2965004077419735, -0.2965004077419735, -0.2965004077419735, -0.2965004077419735, -0.2965004077419735, 0.296500407742003, -0.2965004077419735, 0.296500407742003, -0.8895012232267667, 0.296500407742003, 0.296500407742003, 0.296500407742003, 0.296500407742003, 0.296500407742003, 0.296500407742003, 0.296500407742003, 0.296500407742003, 0.296500407742003, 0.296500407742003, 0.2965004077419735, 0.2965004077419735, 0.2965004077419735]","[0.2965004077419735, 0.2965004077419735, 0.2965004077419735, 0.8895012232260575, 0.8895012232260575, 0.2965004077419735, 0.2965004077419735, 0.2965004077419735, 0.2965004077419735, 0.2965004077419735, 0.2965004077419735, 0.296500407742003, 0.2965004077419735, 0.296500407742003, 0.8895012232267667, 0.296500407742003, 0.296500407742003, 0.296500407742003, 0.296500407742003, 0.296500407742003, 0.296500407742003, 0.296500407742003, 0.296500407742003, 0.296500407742003, 0.296500407742003, 0.2965004077419735, 0.2965004077419735, 0.2965004077419735]","['KAS15', '3HAD80', '3HAD40', '3OAS60', '3OAR60', '3OAR80', '3OAS80', '3OAR40', '3HAD60', 'EAR40x', 'EAR60x', 'EAR80x', 'FA80ACPHi']","['ECOAH1', 'ECOAH2', 'ECOAH3', 'MACPD', 'ACOATA', 'ACACT2r', 'ACACT3r', 'HACD1', 'HACD2', 'HACD3', 'ACACT1r', 'FACOAE80', 'FADRx2', 'ACOAD3f', 'ACOAD2f']",[],ACOAD3f,3OAR40,10.377514270973725,1,28,0,-4.0,-0.5930008154834547,iML1515,PSL,True,False,-2.28690654547654,0.0,0.0,0.0001955703788172
180,"['ECOAH4', 'ECOAH1', 'ECOAH2', 'ECOAH3', 'MACPD', 'HACD4', 'ACOATA', 'ACACT2r', 'ACACT3r', 'ACACT4r', 'HACD1', 'HACD2', 'HACD3', 'ACACT1r', 'KAS15', 'FACOAE100', '3HAD80', 'FADRx2', '3HAD40', '3OAS60', '3OAR60', '3OAR80', 'EAR100x', '3OAS80', '3OAS100', '3OAR40', '3OAR100', '3HAD60', '3HAD100', 'EAR40x', 'EAR60x', 'EAR80x', 'ACOAD3f', 'ACOAD2f', 'ACOAD4f', 'FA100ACPHi', 'ACOAD1fr']","[-0.2965004077419999, -0.2965004077423172, -0.2965004077423172, -0.2965004077419999, -1.1860016309680252, -0.2965004077419999, 1.1860016309680252, -0.2965004077423172, -0.2965004077419999, -0.2965004077419999, -0.2965004077423172, -0.2965004077423172, -0.2965004077419999, -0.2965004077423172, 0.2965004077419999, -0.2965004077419999, 0.2965004077419999, -1.186001630968634, 0.2965004077419999, 0.2965004077419999, 0.2965004077419999, 0.2965004077419999, 0.2965004077419999, 0.2965004077419999, 0.2965004077419999, 0.2965004077419999, 0.2965004077419999, 0.2965004077419999, 0.2965004077419999, 0.2965004077419999, 0.2965004077419999, 0.2965004077419999, 0.2965004077419999, 0.2965004077423172, 0.2965004077419999, 0.2965004077419999, -0.2965004077423172]","[0.2965004077419999, 0.2965004077423172, 0.2965004077423172, 0.2965004077419999, 1.1860016309680252, 0.2965004077419999, 1.1860016309680252, 0.2965004077423172, 0.2965004077419999, 0.2965004077419999, 0.2965004077423172, 0.2965004077423172, 0.2965004077419999, 0.2965004077423172, 0.2965004077419999, 0.2965004077419999, 0.2965004077419999, 1.186001630968634, 0.2965004077419999, 0.2965004077419999, 0.2965004077419999, 0.2965004077419999, 0.2965004077419999, 0.2965004077419999, 0.2965004077419999, 0.2965004077419999, 0.2965004077419999, 0.2965004077419999, 0.2965004077419999, 0.2965004077419999, 0.2965004077419999, 0.2965004077419999, 0.2965004077419999, 0.2965004077423172, 0.2965004077419999, 0.2965004077419999, 0.2965004077423172]","['ECOAH4', 'ECOAH3', 'MACPD', 'HACD4', 'ACOATA', 'ACACT3r', 'ACACT4r', 'HACD3', 'FACOAE100', 'FADRx2', 'ACOAD3f', 'ACOAD4f']","['KAS15', '3HAD80', '3HAD40', '3OAS60', '3OAR60', '3OAR80', 'EAR100x', '3OAS80', '3OAS100', '3OAR40', '3OAR100', '3HAD60', '3HAD100', 'EAR40x', 'EAR60x', 'EAR80x', 'FA100ACPHi']","['ECOAH1', 'ECOAH2', 'ACACT2r', 'HACD1', 'HACD2', 'ACACT1r', 'ACOAD2f', 'ACOAD1fr']",ACOAD3f,3OAR100,13.63901875613311,1,37,8,-5.0,-0.5930008154814619,iML1515,PSL,True,False,-2.28690654547654,0.0,0.0,6.25686752569637
181,"['ECOAH1', 'ECOAH2', 'ECOAH3', 'MACPD', 'ACOATA', 'ACACT2r', 'ACACT3r', 'HACD1', 'HACD2', 'HACD3', 'ACACT1r', 'KAS15', 'FACOAE80', '3HAD80', 'FADRx2', '3HAD40', '3OAS60', '3OAR60', '3OAR80', '3OAS80', '3OAR40', '3HAD60', 'EAR40x', 'EAR60x', 'EAR80x', 'ACOAD3f', 'ACOAD2f', 'FA80ACPHi']","[-0.2965004077419735, -0.2965004077419735, -0.2965004077419735, -0.8895012232260575, 0.8895012232260575, -0.2965004077419735, -0.2965004077419735, -0.2965004077419735, -0.2965004077419735, -0.2965004077419735, -0.2965004077419735, 0.296500407742003, -0.2965004077419735, 0.296500407742003, -0.8895012232267667, 0.296500407742003, 0.296500407742003, 0.296500407742003, 0.296500407742003, 0.296500407742003, 0.296500407742003, 0.296500407742003, 0.296500407742003, 0.296500407742003, 0.296500407742003, 0.2965004077419735, 0.2965004077419735, 0.2965004077419735]","[0.2965004077419735, 0.2965004077419735, 0.2965004077419735, 0.8895012232260575, 0.8895012232260575, 0.2965004077419735, 0.2965004077419735, 0.2965004077419735, 0.2965004077419735, 0.2965004077419735, 0.2965004077419735, 0.296500407742003, 0.2965004077419735, 0.296500407742003, 0.8895012232267667, 0.296500407742003, 0.296500407742003, 0.296500407742003, 0.296500407742003, 0.296500407742003, 0.296500407742003, 0.296500407742003, 0.296500407742003, 0.296500407742003, 0.296500407742003, 0.2965004077419735, 0.2965004077419735, 0.2965004077419735]","['KAS15', '3HAD80', '3HAD40', '3OAS60', '3OAR60', '3OAR80', '3OAS80', '3OAR40', '3HAD60', 'EAR40x', 'EAR60x', 'EAR80x', 'FA80ACPHi']","['ECOAH1', 'ECOAH2', 'ECOAH3', 'MACPD', 'ACOATA', 'ACACT2r', 'ACACT3r', 'HACD1', 'HACD2', 'HACD3', 'ACACT1r', 'FACOAE80', 'FADRx2', 'ACOAD3f', 'ACOAD2f']",[],ACOAD3f,3HAD60,10.377514270973725,1,28,0,-4.0,-0.5930008154834547,iML1515,PSL,True,False,-2.28690654547654,0.0,0.0,0.0001955703788172
182,"['ECOAH4', 'ECOAH1', 'ECOAH2', 'ECOAH3', 'MACPD', 'HACD4', 'ACOATA', 'ACACT2r', 'ACACT3r', 'ACACT4r', 'HACD1', 'HACD2', 'HACD3', 'ACACT1r', 'KAS15', 'FACOAE100', '3HAD80', 'FADRx2', '3HAD40', '3OAS60', '3OAR60', '3OAR80', 'EAR100x', '3OAS80', '3OAS100', '3OAR40', '3OAR100', '3HAD60', '3HAD100', 'EAR40x', 'EAR60x', 'EAR80x', 'ACOAD3f', 'ACOAD2f', 'ACOAD4f', 'FA100ACPHi']","[-0.2965004077411777, -0.2965004077411777, -0.2965004077411777, -0.2965004077411777, -1.186001630971059, -0.2965004077411777, 1.1860016309710772, -0.2965004077411777, -0.2965004077411777, -0.2965004077411777, -0.2965004077411777, -0.2965004077411777, -0.2965004077411777, -0.2965004077411777, 0.2965004077419824, -0.2965004077412131, 0.2965004077419824, -1.1860016309664745, 0.2965004077419824, 0.2965004077419824, 0.2965004077419735, 0.2965004077419735, 0.2965004077419824, 0.2965004077419824, 0.2965004077419824, 0.2965004077419735, 0.2965004077419735, 0.2965004077419824, 0.2965004077419824, 0.2965004077408491, 0.2965004077419824, 0.2965004077419824, 0.2965004077411777, 0.2965004077411777, 0.2965004077411777, 0.2965004077312189]","[0.2965004077411777, 0.2965004077411777, 0.2965004077411777, 0.2965004077411777, 1.186001630971059, 0.2965004077411777, 1.1860016309710772, 0.2965004077411777, 0.2965004077411777, 0.2965004077411777, 0.2965004077411777, 0.2965004077411777, 0.2965004077411777, 0.2965004077411777, 0.2965004077419824, 0.2965004077412131, 0.2965004077419824, 1.1860016309664745, 0.2965004077419824, 0.2965004077419824, 0.2965004077419735, 0.2965004077419735, 0.2965004077419824, 0.2965004077419824, 0.2965004077419824, 0.2965004077419735, 0.2965004077419735, 0.2965004077419824, 0.2965004077419824, 0.2965004077408491, 0.2965004077419824, 0.2965004077419824, 0.2965004077411777, 0.2965004077411777, 0.2965004077411777, 0.2965004077312189]","['KAS15', '3HAD80', '3HAD40', '3OAS60', '3OAR60', '3OAR80', 'EAR100x', '3OAS80', '3OAS100', '3OAR40', '3OAR100', '3HAD60', '3HAD100', 'EAR40x', 'EAR60x', 'EAR80x', 'FA100ACPHi']","['ECOAH4', 'ECOAH1', 'ECOAH2', 'ECOAH3', 'MACPD', 'HACD4', 'ACOATA', 'ACACT2r', 'ACACT3r', 'ACACT4r', 'HACD1', 'HACD2', 'HACD3', 'ACACT1r', 'FACOAE100', 'FADRx2', 'ACOAD3f', 'ACOAD2f', 'ACOAD4f']",[],ACOAD3f,3HAD100,13.63901875612902,1,36,0,-6.0,-0.8895012232234994,iML1515,PSL,True,False,-2.28690654547654,0.0,0.0,0.0
183,"['ECOAH1', 'ECOAH2', 'ECOAH3', 'MACPD', 'ACOATA', 'ACACT2r', 'ACACT3r', 'HACD1', 'HACD2', 'HACD3', 'ACACT1r', 'KAS15', 'FACOAE80', '3HAD80', 'FADRx2', '3HAD40', '3OAS60', '3OAR60', '3OAR80', '3OAS80', '3OAR40', '3HAD60', 'EAR40x', 'EAR60x', 'EAR80x', 'ACOAD3f', 'ACOAD2f', 'FA80ACPHi', 'ACOAD1fr']","[-0.2965004077419999, -0.2965004077419999, -0.2965004077419999, -0.8895012232272168, 0.8895012232272168, -0.2965004077419999, -0.2965004077419999, -0.2965004077419999, -0.2965004077419999, -0.2965004077419999, -0.2965004077419999, 0.2965004077419465, -0.2965004077419999, 0.2965004077419465, -0.8895012232259998, 0.2965004077419465, 0.2965004077419465, 0.2965004077419465, 0.2965004077419465, 0.2965004077419465, 0.2965004077419465, 0.2965004077419465, 0.2965004077419465, 0.2965004077419465, 0.2965004077419465, 0.2965004077419999, 0.2965004077419999, 0.29650040774163544, -0.2965004077419999]","[0.2965004077419999, 0.2965004077419999, 0.2965004077419999, 0.8895012232272168, 0.8895012232272168, 0.2965004077419999, 0.2965004077419999, 0.2965004077419999, 0.2965004077419999, 0.2965004077419999, 0.2965004077419999, 0.2965004077419465, 0.2965004077419999, 0.2965004077419465, 0.8895012232259998, 0.2965004077419465, 0.2965004077419465, 0.2965004077419465, 0.2965004077419465, 0.2965004077419465, 0.2965004077419465, 0.2965004077419465, 0.2965004077419465, 0.2965004077419465, 0.2965004077419465, 0.2965004077419999, 0.2965004077419999, 0.29650040774163544, 0.2965004077419999]","['KAS15', '3HAD80', '3HAD40', '3OAS60', '3OAR60', '3OAR80', '3OAS80', '3OAR40', '3HAD60', 'EAR40x', 'EAR60x', 'EAR80x', 'FA80ACPHi']","['ECOAH1', 'ECOAH2', 'ECOAH3', 'MACPD', 'ACOATA', 'ACACT2r', 'ACACT3r', 'HACD1', 'HACD2', 'HACD3', 'ACACT1r', 'FACOAE80', 'FADRx2', 'ACOAD3f', 'ACOAD2f', 'ACOAD1fr']",[],ACOAD2f,3HAD80,10.377514270969812,1,29,0,-3.0,-0.2965004077409946,iML1515,PSL,True,False,-7.18802865083137,0.0,0.0001955703788172,0.0
184,"['ECOAH1', 'ECOAH2', 'ECOAH3', 'MACPD', 'ACOATA', 'ACACT2r', 'ACACT3r', 'HACD1', 'HACD2', 'HACD3', 'ACACT1r', 'KAS15', 'FACOAE80', '3HAD80', 'FADRx2', '3HAD40', '3OAS60', '3OAR60', '3OAR80', '3OAS80', '3OAR40', '3HAD60', 'EAR40x', 'EAR60x', 'EAR80x', 'ACOAD3f', 'ACOAD2f', 'FA80ACPHi', 'ACOAD1fr']","[-0.2965004077419999, -0.2965004077419999, -0.2965004077419999, -0.8895012232272168, 0.8895012232272168, -0.2965004077419999, -0.2965004077419999, -0.2965004077419999, -0.2965004077419999, -0.2965004077419999, -0.2965004077419999, 0.2965004077419465, -0.2965004077419999, 0.2965004077419465, -0.8895012232259998, 0.2965004077419465, 0.2965004077419465, 0.2965004077419465, 0.2965004077419465, 0.2965004077419465, 0.2965004077419465, 0.2965004077419465, 0.2965004077419465, 0.2965004077419465, 0.2965004077419465, 0.2965004077419999, 0.2965004077419999, 0.29650040774163544, -0.2965004077419999]","[0.2965004077419999, 0.2965004077419999, 0.2965004077419999, 0.8895012232272168, 0.8895012232272168, 0.2965004077419999, 0.2965004077419999, 0.2965004077419999, 0.2965004077419999, 0.2965004077419999, 0.2965004077419999, 0.2965004077419465, 0.2965004077419999, 0.2965004077419465, 0.8895012232259998, 0.2965004077419465, 0.2965004077419465, 0.2965004077419465, 0.2965004077419465, 0.2965004077419465, 0.2965004077419465, 0.2965004077419465, 0.2965004077419465, 0.2965004077419465, 0.2965004077419465, 0.2965004077419999, 0.2965004077419999, 0.29650040774163544, 0.2965004077419999]","['KAS15', '3HAD80', '3HAD40', '3OAS60', '3OAR60', '3OAR80', '3OAS80', '3OAR40', '3HAD60', 'EAR40x', 'EAR60x', 'EAR80x', 'FA80ACPHi']","['ECOAH1', 'ECOAH2', 'ECOAH3', 'MACPD', 'ACOATA', 'ACACT2r', 'ACACT3r', 'HACD1', 'HACD2', 'HACD3', 'ACACT1r', 'FACOAE80', 'FADRx2', 'ACOAD3f', 'ACOAD2f', 'ACOAD1fr']",[],ACOAD2f,3HAD40,10.377514270969812,1,29,0,-3.0,-0.2965004077409946,iML1515,PSL,True,False,-7.18802865083137,0.0,0.0001955703788172,0.0
185,"['ECOAH1', 'ECOAH2', 'ECOAH3', 'MACPD', 'ACOATA', 'ACACT2r', 'ACACT3r', 'HACD1', 'HACD2', 'HACD3', 'ACACT1r', 'KAS15', 'FACOAE80', '3HAD80', 'FADRx2', '3HAD40', '3OAS60', '3OAR60', '3OAR80', '3OAS80', '3OAR40', '3HAD60', 'EAR40x', 'EAR60x', 'EAR80x', 'ACOAD3f', 'ACOAD2f', 'FA80ACPHi', 'ACOAD1fr']","[-0.2965004077419999, -0.2965004077419999, -0.2965004077419999, -0.8895012232272168, 0.8895012232272168, -0.2965004077419999, -0.2965004077419999, -0.2965004077419999, -0.2965004077419999, -0.2965004077419999, -0.2965004077419999, 0.2965004077419465, -0.2965004077419999, 0.2965004077419465, -0.8895012232259998, 0.2965004077419465, 0.2965004077419465, 0.2965004077419465, 0.2965004077419465, 0.2965004077419465, 0.2965004077419465, 0.2965004077419465, 0.2965004077419465, 0.2965004077419465, 0.2965004077419465, 0.2965004077419999, 0.2965004077419999, 0.29650040774163544, -0.2965004077419999]","[0.2965004077419999, 0.2965004077419999, 0.2965004077419999, 0.8895012232272168, 0.8895012232272168, 0.2965004077419999, 0.2965004077419999, 0.2965004077419999, 0.2965004077419999, 0.2965004077419999, 0.2965004077419999, 0.2965004077419465, 0.2965004077419999, 0.2965004077419465, 0.8895012232259998, 0.2965004077419465, 0.2965004077419465, 0.2965004077419465, 0.2965004077419465, 0.2965004077419465, 0.2965004077419465, 0.2965004077419465, 0.2965004077419465, 0.2965004077419465, 0.2965004077419465, 0.2965004077419999, 0.2965004077419999, 0.29650040774163544, 0.2965004077419999]","['KAS15', '3HAD80', '3HAD40', '3OAS60', '3OAR60', '3OAR80', '3OAS80', '3OAR40', '3HAD60', 'EAR40x', 'EAR60x', 'EAR80x', 'FA80ACPHi']","['ECOAH1', 'ECOAH2', 'ECOAH3', 'MACPD', 'ACOATA', 'ACACT2r', 'ACACT3r', 'HACD1', 'HACD2', 'HACD3', 'ACACT1r', 'FACOAE80', 'FADRx2', 'ACOAD3f', 'ACOAD2f', 'ACOAD1fr']",[],ACOAD2f,3OAS60,10.377514270969812,1,29,0,-3.0,-0.2965004077409946,iML1515,PSL,True,False,-7.18802865083137,0.0,0.0001955703788172,0.0
186,"['ECOAH1', 'ECOAH2', 'ECOAH3', 'MACPD', 'ACOATA', 'ACACT2r', 'ACACT3r', 'HACD1', 'HACD2', 'HACD3', 'ACACT1r', 'KAS15', 'FACOAE80', '3HAD80', 'FADRx2', '3HAD40', '3OAS60', '3OAR60', '3OAR80', '3OAS80', '3OAR40', '3HAD60', 'EAR40x', 'EAR60x', 'EAR80x', 'ACOAD3f', 'ACOAD2f', 'FA80ACPHi']","[-0.2965004077419735, -0.2965004077419999, -0.2965004077419999, -0.8895012232258035, 0.8895012232258035, -0.2965004077419999, -0.2965004077419999, -0.2965004077419999, -0.2965004077419999, -0.2965004077419999, -0.2965004077419999, 0.2965004077419508, -0.2965004077419999, 0.2965004077419508, -0.8895012232258467, 0.2965004077419508, 0.2965004077419508, 0.2965004077419508, 0.2965004077419508, 0.2965004077419508, 0.2965004077419508, 0.2965004077419508, 0.2965004077419508, 0.2965004077419508, 0.2965004077419508, 0.2965004077419999, 0.2965004077419999, 0.2965004077419999]","[0.2965004077419735, 0.2965004077419999, 0.2965004077419999, 0.8895012232258035, 0.8895012232258035, 0.2965004077419999, 0.2965004077419999, 0.2965004077419999, 0.2965004077419999, 0.2965004077419999, 0.2965004077419999, 0.2965004077419508, 0.2965004077419999, 0.2965004077419508, 0.8895012232258467, 0.2965004077419508, 0.2965004077419508, 0.2965004077419508, 0.2965004077419508, 0.2965004077419508, 0.2965004077419508, 0.2965004077419508, 0.2965004077419508, 0.2965004077419508, 0.2965004077419508, 0.2965004077419999, 0.2965004077419999, 0.2965004077419999]","['KAS15', '3HAD80', '3HAD40', '3OAS60', '3OAR60', '3OAR80', '3OAS80', '3OAR40', '3HAD60', 'EAR40x', 'EAR60x', 'EAR80x', 'FA80ACPHi']","['ECOAH1', 'ECOAH2', 'ECOAH3', 'MACPD', 'ACOATA', 'ACACT2r', 'ACACT3r', 'HACD1', 'HACD2', 'HACD3', 'ACACT1r', 'FACOAE80', 'FADRx2', 'ACOAD3f', 'ACOAD2f']",[],ACOAD2f,3OAR60,10.377514270968065,1,28,0,-4.0,-0.59300081548359,iML1515,PSL,True,False,-7.18802865083137,0.0,0.0001955703788172,0.0
187,"['ECOAH1', 'ECOAH2', 'ECOAH3', 'MACPD', 'ACOATA', 'ACACT2r', 'ACACT3r', 'HACD1', 'HACD2', 'HACD3', 'ACACT1r', 'KAS15', 'FACOAE80', '3HAD80', 'FADRx2', '3HAD40', '3OAS60', '3OAR60', '3OAR80', '3OAS80', '3OAR40', '3HAD60', 'EAR40x', 'EAR60x', 'EAR80x', 'ACOAD3f', 'ACOAD2f', 'FA80ACPHi', 'ACOAD1fr']","[-0.2965004077419999, -0.2965004077419999, -0.2965004077419999, -0.8895012232272168, 0.8895012232272168, -0.2965004077419999, -0.2965004077419999, -0.2965004077419999, -0.2965004077419999, -0.2965004077419999, -0.2965004077419999, 0.2965004077419465, -0.2965004077419999, 0.2965004077419465, -0.8895012232259998, 0.2965004077419465, 0.2965004077419465, 0.2965004077419465, 0.2965004077419465, 0.2965004077419465, 0.2965004077419465, 0.2965004077419465, 0.2965004077419465, 0.2965004077419465, 0.2965004077419465, 0.2965004077419999, 0.2965004077419999, 0.29650040774163544, -0.2965004077419999]","[0.2965004077419999, 0.2965004077419999, 0.2965004077419999, 0.8895012232272168, 0.8895012232272168, 0.2965004077419999, 0.2965004077419999, 0.2965004077419999, 0.2965004077419999, 0.2965004077419999, 0.2965004077419999, 0.2965004077419465, 0.2965004077419999, 0.2965004077419465, 0.8895012232259998, 0.2965004077419465, 0.2965004077419465, 0.2965004077419465, 0.2965004077419465, 0.2965004077419465, 0.2965004077419465, 0.2965004077419465, 0.2965004077419465, 0.2965004077419465, 0.2965004077419465, 0.2965004077419999, 0.2965004077419999, 0.29650040774163544, 0.2965004077419999]","['KAS15', '3HAD80', '3HAD40', '3OAS60', '3OAR60', '3OAR80', '3OAS80', '3OAR40', '3HAD60', 'EAR40x', 'EAR60x', 'EAR80x', 'FA80ACPHi']","['ECOAH1', 'ECOAH2', 'ECOAH3', 'MACPD', 'ACOATA', 'ACACT2r', 'ACACT3r', 'HACD1', 'HACD2', 'HACD3', 'ACACT1r', 'FACOAE80', 'FADRx2', 'ACOAD3f', 'ACOAD2f', 'ACOAD1fr']",[],ACOAD2f,3OAR80,10.377514270969812,1,29,0,-3.0,-0.2965004077409946,iML1515,PSL,True,False,-7.18802865083137,0.0,0.0001955703788172,0.0
188,"['ECOAH1', 'ECOAH2', 'ECOAH3', 'MACPD', 'ACOATA', 'ACACT2r', 'ACACT3r', 'HACD1', 'HACD2', 'HACD3', 'ACACT1r', 'KAS15', 'FACOAE80', '3HAD80', 'FADRx2', '3HAD40', '3OAS60', '3OAR60', '3OAR80', '3OAS80', '3OAR40', '3HAD60', 'EAR40x', 'EAR60x', 'EAR80x', 'ACOAD3f', 'ACOAD2f', 'FA80ACPHi', 'ACOAD1fr']","[-0.2965004077419999, -0.2965004077419999, -0.2965004077419999, -0.8895012232272168, 0.8895012232272168, -0.2965004077419999, -0.2965004077419999, -0.2965004077419999, -0.2965004077419999, -0.2965004077419999, -0.2965004077419999, 0.2965004077419465, -0.2965004077419999, 0.2965004077419465, -0.8895012232259998, 0.2965004077419465, 0.2965004077419465, 0.2965004077419465, 0.2965004077419465, 0.2965004077419465, 0.2965004077419465, 0.2965004077419465, 0.2965004077419465, 0.2965004077419465, 0.2965004077419465, 0.2965004077419999, 0.2965004077419999, 0.29650040774163544, -0.2965004077419999]","[0.2965004077419999, 0.2965004077419999, 0.2965004077419999, 0.8895012232272168, 0.8895012232272168, 0.2965004077419999, 0.2965004077419999, 0.2965004077419999, 0.2965004077419999, 0.2965004077419999, 0.2965004077419999, 0.2965004077419465, 0.2965004077419999, 0.2965004077419465, 0.8895012232259998, 0.2965004077419465, 0.2965004077419465, 0.2965004077419465, 0.2965004077419465, 0.2965004077419465, 0.2965004077419465, 0.2965004077419465, 0.2965004077419465, 0.2965004077419465, 0.2965004077419465, 0.2965004077419999, 0.2965004077419999, 0.29650040774163544, 0.2965004077419999]","['KAS15', '3HAD80', '3HAD40', '3OAS60', '3OAR60', '3OAR80', '3OAS80', '3OAR40', '3HAD60', 'EAR40x', 'EAR60x', 'EAR80x', 'FA80ACPHi']","['ECOAH1', 'ECOAH2', 'ECOAH3', 'MACPD', 'ACOATA', 'ACACT2r', 'ACACT3r', 'HACD1', 'HACD2', 'HACD3', 'ACACT1r', 'FACOAE80', 'FADRx2', 'ACOAD3f', 'ACOAD2f', 'ACOAD1fr']",[],ACOAD2f,3OAS80,10.377514270969812,1,29,0,-3.0,-0.2965004077409946,iML1515,PSL,True,False,-7.18802865083137,0.0,0.0001955703788172,0.0
189,"['ECOAH4', 'ECOAH1', 'ECOAH2', 'ECOAH3', 'MACPD', 'HACD4', 'ACOATA', 'ACACT2r', 'ACACT3r', 'ACACT4r', 'HACD1', 'HACD2', 'HACD3', 'ACACT1r', 'KAS15', 'FACOAE100', '3HAD80', 'FADRx2', '3HAD40', '3OAS60', '3OAR60', '3OAR80', 'EAR100x', '3OAS80', '3OAS100', '3OAR40', '3OAR100', '3HAD60', '3HAD100', 'EAR40x', 'EAR60x', 'EAR80x', 'ACOAD3f', 'ACOAD2f', 'ACOAD4f', 'FA100ACPHi']","[-0.296500407742005, -0.2965004077419735, -0.296500407742005, -0.296500407742005, -1.1860016309680042, -0.296500407742005, 1.1860016309680042, -0.296500407742005, -0.296500407742005, -0.296500407742005, -0.296500407742005, -0.296500407742005, -0.296500407742005, -0.296500407742005, 0.2965004077419967, -0.296500407742005, 0.296500407742005, -1.186001630967898, 0.2965004077419967, 0.2965004077419967, 0.2965004077419967, 0.296500407742005, 0.296500407742005, 0.296500407742005, 0.296500407742005, 0.2965004077419967, 0.296500407742005, 0.2965004077419967, 0.296500407742005, 0.2965004077419967, 0.296500407742005, 0.296500407742005, 0.296500407742005, 0.296500407742005, 0.296500407742005, 0.296500407742005]","[0.296500407742005, 0.2965004077419735, 0.296500407742005, 0.296500407742005, 1.1860016309680042, 0.296500407742005, 1.1860016309680042, 0.296500407742005, 0.296500407742005, 0.296500407742005, 0.296500407742005, 0.296500407742005, 0.296500407742005, 0.296500407742005, 0.2965004077419967, 0.296500407742005, 0.296500407742005, 1.186001630967898, 0.2965004077419967, 0.2965004077419967, 0.2965004077419967, 0.296500407742005, 0.296500407742005, 0.296500407742005, 0.296500407742005, 0.2965004077419967, 0.296500407742005, 0.2965004077419967, 0.296500407742005, 0.2965004077419967, 0.296500407742005, 0.296500407742005, 0.296500407742005, 0.296500407742005, 0.296500407742005, 0.296500407742005]","['KAS15', '3HAD80', '3HAD40', '3OAS60', '3OAR60', '3OAR80', 'EAR100x', '3OAS80', '3OAS100', '3OAR40', '3OAR100', '3HAD60', '3HAD100', 'EAR40x', 'EAR60x', 'EAR80x', 'FA100ACPHi']","['ECOAH4', 'ECOAH1', 'ECOAH2', 'ECOAH3', 'MACPD', 'HACD4', 'ACOATA', 'ACACT2r', 'ACACT3r', 'ACACT4r', 'HACD1', 'HACD2', 'HACD3', 'ACACT1r', 'FACOAE100', 'FADRx2', 'ACOAD3f', 'ACOAD2f', 'ACOAD4f']",[],ACOAD2f,3OAS100,13.639018756130765,1,36,0,-6.0,-0.8895012232261101,iML1515,PSL,True,False,-7.18802865083137,0.0,0.0001955703788172,0.0
190,"['ECOAH1', 'ECOAH2', 'ECOAH3', 'MACPD', 'ACOATA', 'ACACT2r', 'ACACT3r', 'HACD1', 'HACD2', 'HACD3', 'ACACT1r', 'KAS15', 'FACOAE80', '3HAD80', 'FADRx2', '3HAD40', '3OAS60', '3OAR60', '3OAR80', '3OAS80', '3OAR40', '3HAD60', 'EAR40x', 'EAR60x', 'EAR80x', 'ACOAD3f', 'ACOAD2f', 'FA80ACPHi', 'ACOAD1fr']","[-0.2965004077419999, -0.2965004077419999, -0.2965004077419999, -0.8895012232272168, 0.8895012232272168, -0.2965004077419999, -0.2965004077419999, -0.2965004077419999, -0.2965004077419999, -0.2965004077419999, -0.2965004077419999, 0.2965004077419465, -0.2965004077419999, 0.2965004077419465, -0.8895012232259998, 0.2965004077419465, 0.2965004077419465, 0.2965004077419465, 0.2965004077419465, 0.2965004077419465, 0.2965004077419465, 0.2965004077419465, 0.2965004077419465, 0.2965004077419465, 0.2965004077419465, 0.2965004077419999, 0.2965004077419999, 0.29650040774163544, -0.2965004077419999]","[0.2965004077419999, 0.2965004077419999, 0.2965004077419999, 0.8895012232272168, 0.8895012232272168, 0.2965004077419999, 0.2965004077419999, 0.2965004077419999, 0.2965004077419999, 0.2965004077419999, 0.2965004077419999, 0.2965004077419465, 0.2965004077419999, 0.2965004077419465, 0.8895012232259998, 0.2965004077419465, 0.2965004077419465, 0.2965004077419465, 0.2965004077419465, 0.2965004077419465, 0.2965004077419465, 0.2965004077419465, 0.2965004077419465, 0.2965004077419465, 0.2965004077419465, 0.2965004077419999, 0.2965004077419999, 0.29650040774163544, 0.2965004077419999]","['KAS15', '3HAD80', '3HAD40', '3OAS60', '3OAR60', '3OAR80', '3OAS80', '3OAR40', '3HAD60', 'EAR40x', 'EAR60x', 'EAR80x', 'FA80ACPHi']","['ECOAH1', 'ECOAH2', 'ECOAH3', 'MACPD', 'ACOATA', 'ACACT2r', 'ACACT3r', 'HACD1', 'HACD2', 'HACD3', 'ACACT1r', 'FACOAE80', 'FADRx2', 'ACOAD3f', 'ACOAD2f', 'ACOAD1fr']",[],ACOAD2f,3OAR40,10.377514270969812,1,29,0,-3.0,-0.2965004077409946,iML1515,PSL,True,False,-7.18802865083137,0.0,0.0001955703788172,0.0001955703788172
191,"['ECOAH4', 'ECOAH1', 'ECOAH2', 'ECOAH3', 'MACPD', 'HACD4', 'ACOATA', 'ACACT2r', 'ACACT3r', 'ACACT4r', 'HACD1', 'HACD2', 'HACD3', 'ACACT1r', 'KAS15', 'FACOAE100', '3HAD80', 'FADRx2', '3HAD40', '3OAS60', '3OAR60', '3OAR80', 'EAR100x', '3OAS80', '3OAS100', '3OAR40', '3OAR100', '3HAD60', '3HAD100', 'EAR40x', 'EAR60x', 'EAR80x', 'ACOAD3f', 'ACOAD2f', 'ACOAD4f', 'FA100ACPHi']","[-0.296500407742005, -0.2965004077419735, -0.296500407742005, -0.296500407742005, -1.1860016309680042, -0.296500407742005, 1.1860016309680042, -0.296500407742005, -0.296500407742005, -0.296500407742005, -0.296500407742005, -0.296500407742005, -0.296500407742005, -0.296500407742005, 0.2965004077419967, -0.296500407742005, 0.296500407742005, -1.186001630967898, 0.2965004077419967, 0.2965004077419967, 0.2965004077419967, 0.296500407742005, 0.296500407742005, 0.296500407742005, 0.296500407742005, 0.2965004077419967, 0.296500407742005, 0.2965004077419967, 0.296500407742005, 0.2965004077419967, 0.296500407742005, 0.296500407742005, 0.296500407742005, 0.296500407742005, 0.296500407742005, 0.296500407742005]","[0.296500407742005, 0.2965004077419735, 0.296500407742005, 0.296500407742005, 1.1860016309680042, 0.296500407742005, 1.1860016309680042, 0.296500407742005, 0.296500407742005, 0.296500407742005, 0.296500407742005, 0.296500407742005, 0.296500407742005, 0.296500407742005, 0.2965004077419967, 0.296500407742005, 0.296500407742005, 1.186001630967898, 0.2965004077419967, 0.2965004077419967, 0.2965004077419967, 0.296500407742005, 0.296500407742005, 0.296500407742005, 0.296500407742005, 0.2965004077419967, 0.296500407742005, 0.2965004077419967, 0.296500407742005, 0.2965004077419967, 0.296500407742005, 0.296500407742005, 0.296500407742005, 0.296500407742005, 0.296500407742005, 0.296500407742005]","['KAS15', '3HAD80', '3HAD40', '3OAS60', '3OAR60', '3OAR80', 'EAR100x', '3OAS80', '3OAS100', '3OAR40', '3OAR100', '3HAD60', '3HAD100', 'EAR40x', 'EAR60x', 'EAR80x', 'FA100ACPHi']","['ECOAH4', 'ECOAH1', 'ECOAH2', 'ECOAH3', 'MACPD', 'HACD4', 'ACOATA', 'ACACT2r', 'ACACT3r', 'ACACT4r', 'HACD1', 'HACD2', 'HACD3', 'ACACT1r', 'FACOAE100', 'FADRx2', 'ACOAD3f', 'ACOAD2f', 'ACOAD4f']",[],ACOAD2f,3OAR100,13.639018756130765,1,36,0,-6.0,-0.8895012232261101,iML1515,PSL,True,False,-7.18802865083137,0.0,0.0001955703788172,6.25686752569637
192,"['ECOAH1', 'ECOAH2', 'ECOAH3', 'MACPD', 'ACOATA', 'ACACT2r', 'ACACT3r', 'HACD1', 'HACD2', 'HACD3', 'ACACT1r', 'KAS15', 'FACOAE80', '3HAD80', 'FADRx2', '3HAD40', '3OAS60', '3OAR60', '3OAR80', '3OAS80', '3OAR40', '3HAD60', 'EAR40x', 'EAR60x', 'EAR80x', 'ACOAD3f', 'ACOAD2f', 'FA80ACPHi', 'ACOAD1fr']","[-0.2965004077419999, -0.2965004077419999, -0.2965004077419999, -0.8895012232272168, 0.8895012232272168, -0.2965004077419999, -0.2965004077419999, -0.2965004077419999, -0.2965004077419999, -0.2965004077419999, -0.2965004077419999, 0.2965004077419465, -0.2965004077419999, 0.2965004077419465, -0.8895012232259998, 0.2965004077419465, 0.2965004077419465, 0.2965004077419465, 0.2965004077419465, 0.2965004077419465, 0.2965004077419465, 0.2965004077419465, 0.2965004077419465, 0.2965004077419465, 0.2965004077419465, 0.2965004077419999, 0.2965004077419999, 0.29650040774163544, -0.2965004077419999]","[0.2965004077419999, 0.2965004077419999, 0.2965004077419999, 0.8895012232272168, 0.8895012232272168, 0.2965004077419999, 0.2965004077419999, 0.2965004077419999, 0.2965004077419999, 0.2965004077419999, 0.2965004077419999, 0.2965004077419465, 0.2965004077419999, 0.2965004077419465, 0.8895012232259998, 0.2965004077419465, 0.2965004077419465, 0.2965004077419465, 0.2965004077419465, 0.2965004077419465, 0.2965004077419465, 0.2965004077419465, 0.2965004077419465, 0.2965004077419465, 0.2965004077419465, 0.2965004077419999, 0.2965004077419999, 0.29650040774163544, 0.2965004077419999]","['KAS15', '3HAD80', '3HAD40', '3OAS60', '3OAR60', '3OAR80', '3OAS80', '3OAR40', '3HAD60', 'EAR40x', 'EAR60x', 'EAR80x', 'FA80ACPHi']","['ECOAH1', 'ECOAH2', 'ECOAH3', 'MACPD', 'ACOATA', 'ACACT2r', 'ACACT3r', 'HACD1', 'HACD2', 'HACD3', 'ACACT1r', 'FACOAE80', 'FADRx2', 'ACOAD3f', 'ACOAD2f', 'ACOAD1fr']",[],ACOAD2f,3HAD60,10.377514270969812,1,29,0,-3.0,-0.2965004077409946,iML1515,PSL,True,False,-7.18802865083137,0.0,0.0001955703788172,0.0001955703788172
193,"['ECOAH4', 'ECOAH1', 'ECOAH2', 'ECOAH3', 'MACPD', 'HACD4', 'ACOATA', 'ACACT2r', 'ACACT3r', 'ACACT4r', 'HACD1', 'HACD2', 'HACD3', 'ACACT1r', 'KAS15', 'FACOAE100', '3HAD80', 'FADRx2', '3HAD40', '3OAS60', '3OAR60', '3OAR80', 'EAR100x', '3OAS80', '3OAS100', '3OAR40', '3OAR100', '3HAD60', '3HAD100', 'EAR40x', 'EAR60x', 'EAR80x', 'ACOAD3f', 'ACOAD2f', 'ACOAD4f', 'FA100ACPHi']","[-0.296500407742005, -0.2965004077419735, -0.296500407742005, -0.296500407742005, -1.1860016309680042, -0.296500407742005, 1.1860016309680042, -0.296500407742005, -0.296500407742005, -0.296500407742005, -0.296500407742005, -0.296500407742005, -0.296500407742005, -0.296500407742005, 0.2965004077419967, -0.296500407742005, 0.296500407742005, -1.186001630967898, 0.2965004077419967, 0.2965004077419967, 0.2965004077419967, 0.296500407742005, 0.296500407742005, 0.296500407742005, 0.296500407742005, 0.2965004077419967, 0.296500407742005, 0.2965004077419967, 0.296500407742005, 0.2965004077419967, 0.296500407742005, 0.296500407742005, 0.296500407742005, 0.296500407742005, 0.296500407742005, 0.296500407742005]","[0.296500407742005, 0.2965004077419735, 0.296500407742005, 0.296500407742005, 1.1860016309680042, 0.296500407742005, 1.1860016309680042, 0.296500407742005, 0.296500407742005, 0.296500407742005, 0.296500407742005, 0.296500407742005, 0.296500407742005, 0.296500407742005, 0.2965004077419967, 0.296500407742005, 0.296500407742005, 1.186001630967898, 0.2965004077419967, 0.2965004077419967, 0.2965004077419967, 0.296500407742005, 0.296500407742005, 0.296500407742005, 0.296500407742005, 0.2965004077419967, 0.296500407742005, 0.2965004077419967, 0.296500407742005, 0.2965004077419967, 0.296500407742005, 0.296500407742005, 0.296500407742005, 0.296500407742005, 0.296500407742005, 0.296500407742005]","['KAS15', '3HAD80', '3HAD40', '3OAS60', '3OAR60', '3OAR80', 'EAR100x', '3OAS80', '3OAS100', '3OAR40', '3OAR100', '3HAD60', '3HAD100', 'EAR40x', 'EAR60x', 'EAR80x', 'FA100ACPHi']","['ECOAH4', 'ECOAH1', 'ECOAH2', 'ECOAH3', 'MACPD', 'HACD4', 'ACOATA', 'ACACT2r', 'ACACT3r', 'ACACT4r', 'HACD1', 'HACD2', 'HACD3', 'ACACT1r', 'FACOAE100', 'FADRx2', 'ACOAD3f', 'ACOAD2f', 'ACOAD4f']",[],ACOAD2f,3HAD100,13.639018756130765,1,36,0,-6.0,-0.8895012232261101,iML1515,PSL,True,False,-7.18802865083137,0.0,0.0001955703788172,0.0
194,"['ECOAH4', 'MACPD', 'HACD4', 'ACOATA', 'ACACT4r', 'AACPS8', 'AACPS9', 'FACOAE100', 'FACOAE80', 'FADRx2', 'EAR100x', '3OAS100', '3OAR100', '3HAD100', 'ACOAD4f']","[-0.2965004077419999, -0.2965004077422317, -0.2965004077419999, 0.2965004077422317, -0.2965004077419999, -0.29650040773878944, 0.2965004077420893, -0.2965004077420701, 0.2965004077420893, -0.29650040774184006, 0.2965004077420897, 0.2965004077420897, 0.2965004077420897, 0.2965004077420897, 0.2965004077419999]","[0.2965004077419999, 0.2965004077422317, 0.2965004077419999, 0.2965004077422317, 0.2965004077419999, 0.29650040773878944, 0.2965004077420893, 0.2965004077420701, 0.2965004077420893, 0.29650040774184006, 0.2965004077420897, 0.2965004077420897, 0.2965004077420897, 0.2965004077420897, 0.2965004077419999]","['AACPS9', 'FACOAE80', 'EAR100x', '3OAS100', '3OAR100', '3HAD100']","['ECOAH4', 'MACPD', 'HACD4', 'ACOATA', 'ACACT4r', 'FACOAE100', 'FADRx2', 'ACOAD4f']",['AACPS8'],ACOAD4f,3OAS100,4.44750611612691,1,15,1,-1.0,-0.29650040774583786,iML1515,PSL,True,False,-2.28690654547688,0.0,0.0,0.0
195,"['ECOAH4', 'MACPD', 'HACD4', 'ACOATA', 'ACACT4r', 'AACPS8', 'AACPS9', 'FACOAE100', 'FACOAE80', 'FADRx2', 'EAR100x', '3OAS100', '3OAR100', '3HAD100', 'ACOAD4f']","[-0.2965004077419999, -0.2965004077422317, -0.2965004077419999, 0.2965004077422317, -0.2965004077419999, -0.29650040773878944, 0.2965004077420893, -0.2965004077420701, 0.2965004077420893, -0.29650040774184006, 0.2965004077420897, 0.2965004077420897, 0.2965004077420897, 0.2965004077420897, 0.2965004077419999]","[0.2965004077419999, 0.2965004077422317, 0.2965004077419999, 0.2965004077422317, 0.2965004077419999, 0.29650040773878944, 0.2965004077420893, 0.2965004077420701, 0.2965004077420893, 0.29650040774184006, 0.2965004077420897, 0.2965004077420897, 0.2965004077420897, 0.2965004077420897, 0.2965004077419999]","['AACPS9', 'FACOAE80', 'EAR100x', '3OAS100', '3OAR100', '3HAD100']","['ECOAH4', 'MACPD', 'HACD4', 'ACOATA', 'ACACT4r', 'FACOAE100', 'FADRx2', 'ACOAD4f']",['AACPS8'],ACOAD4f,3OAR100,4.44750611612691,1,15,1,-1.0,-0.29650040774583786,iML1515,PSL,True,False,-2.28690654547688,0.0,0.0,6.25686752569637
196,"['ECOAH4', 'MACPD', 'HACD4', 'ACOATA', 'ACACT4r', 'AACPS8', 'AACPS9', 'FACOAE100', 'FACOAE80', 'FADRx2', 'EAR100x', '3OAS100', '3OAR100', '3HAD100', 'ACOAD4f']","[-0.2965004077419735, -0.29650040774199965, -0.2965004077419735, 0.2965004077419735, -0.2965004077419735, -0.2965004077420062, 0.2965004077420062, -0.2965004077420062, 0.2965004077420062, -0.2965004077420046, 0.2965004077420062, 0.2965004077420062, 0.2965004077419735, 0.2965004077420062, 0.2965004077419735]","[0.2965004077419735, 0.29650040774199965, 0.2965004077419735, 0.2965004077419735, 0.2965004077419735, 0.2965004077420062, 0.2965004077420062, 0.2965004077420062, 0.2965004077420062, 0.2965004077420046, 0.2965004077420062, 0.2965004077420062, 0.2965004077419735, 0.2965004077420062, 0.2965004077419735]","['AACPS9', 'FACOAE80', 'EAR100x', '3OAS100', '3OAR100', '3HAD100']","['ECOAH4', 'MACPD', 'HACD4', 'ACOATA', 'ACACT4r', 'AACPS8', 'FACOAE100', 'FADRx2', 'ACOAD4f']",[],ACOAD4f,3HAD100,4.447506116130079,1,15,0,-1.0,-0.2965004077420142,iML1515,PSL,True,False,-2.28690654547688,0.0,0.0,0.0
197,"['PFL', 'EX_ile__L_e', 'EX_leu__L_e', 'EX_arg__L_e', 'EX_cytd_e', 'EX_val__L_e', 'EX_trp__L_e', 'EX_fmn_e', 'ADPT', 'NTPP6', 'H2SO', 'PAPSR', 'TRPS1', 'ME2', 'VALabcpp', 'ARGabcpp', 'ILEtex', 'EX_fad_e', 'CYTDt2pp_copy1', 'CYTBD2pp', 'LEUtex', 'LADGMDH', 'ALAGLUE', 'TRPtex', 'VALtex', '4PEPTabcpp', 'LALGP', 'LEUabcpp', 'ILEabcpp', 'NADPHQR3', 'ARGtex', '4PCP', 'CYTDtex', '4PEPTtex', 'CPPPGO2', 'PDX5POi', 'PDX5PO2', 'NADHPO', 'OPHHX3', 'EX_LalaDgluMdapDala_e', 'TRPtipp', 'FMNtex', 'FADt', 'FADtex', 'MOX', 'FMNt', 'OPHHXy']","[1.8508147982439216e-06, -1.0730888033716468e-06, -1.664067172890693e-06, -1.0925280551077332e-06, -1.1251681214519138e-06, -1.5654673582299458e-06, -1.8270487419508319e-06, 1.568027848721697e-06, 1.1442685945439734e-06, 1.248226388528284e-06, -1.1108039940921355e-06, -1.1268266948416539e-06, -1.617095219758058e-06, 4.33831520307848e-06, 1.5654673582299458e-06, 1.0925280551077332e-06, 1.0730888106991188e-06, -2.0623125349223076e-06, 1.1251681214519138e-06, -0.000170948521883596, 1.664067212914233e-06, 1.2332966728145767e-06, 1.2332966434769332e-06, 1.8270487771587796e-06, 1.5654674143661396e-06, 1.4193580682997364e-06, 1.2332966728145767e-06, 1.664067172890693e-06, 1.0730888033716468e-06, -0.00017135957223468612, 1.0925280093943002e-06, 1.6054194638126518e-06, 1.1251680689383647e-06, 1.335933575319359e-06, 1.5841867599419878e-06, -9.190531244900315e-05, 9.190613611480982e-05, -9.59664554827655e-05, -0.00018586697883991965, -1.3359335581664133e-06, -1.8270487419508319e-06, 1.5680278693253058e-06, -2.0623125349223076e-06, -2.0623125465135672e-06, -4.035186058182205e-06, 1.568027848721697e-06, 0.00018579263811580664]","[1.8508147982439216e-06, 1.0730888033716468e-06, 1.664067172890693e-06, 1.0925280551077332e-06, 1.1251681214519138e-06, 1.5654673582299458e-06, 1.8270487419508319e-06, 1.568027848721697e-06, 1.1442685945439734e-06, 1.248226388528284e-06, 1.1108039940921355e-06, 1.1268266948416539e-06, 1.617095219758058e-06, 4.33831520307848e-06, 1.5654673582299458e-06, 1.0925280551077332e-06, 1.0730888106991188e-06, 2.0623125349223076e-06, 1.1251681214519138e-06, 0.000170948521883596, 1.664067212914233e-06, 1.2332966728145767e-06, 1.2332966434769332e-06, 1.8270487771587796e-06, 1.5654674143661396e-06, 1.4193580682997364e-06, 1.2332966728145767e-06, 1.664067172890693e-06, 1.0730888033716468e-06, 0.00017135957223468612, 1.0925280093943002e-06, 1.6054194638126518e-06, 1.1251680689383647e-06, 1.335933575319359e-06, 1.5841867599419878e-06, 9.190531244900315e-05, 9.190613611480982e-05, 9.59664554827655e-05, 0.00018586697883991965, 1.3359335581664133e-06, 1.8270487419508319e-06, 1.5680278693253058e-06, 2.0623125349223076e-06, 2.0623125465135672e-06, 4.035186058182205e-06, 1.568027848721697e-06, 0.00018579263811580664]","['PFL', 'EX_fmn_e', 'ADPT', 'NTPP6', 'ME2', 'VALabcpp', 'ARGabcpp', 'CYTDt2pp_copy1', 'LADGMDH', 'ALAGLUE', '4PEPTabcpp', 'LALGP', 'LEUabcpp', 'ILEabcpp', '4PCP', 'CPPPGO2', 'FMNtex', 'FMNt', 'OPHHXy']","['EX_ile__L_e', 'EX_leu__L_e', 'EX_arg__L_e', 'EX_cytd_e', 'EX_val__L_e', 'EX_trp__L_e', 'H2SO', 'PAPSR', 'TRPS1', 'ILEtex', 'EX_fad_e', 'CYTBD2pp', 'LEUtex', 'TRPtex', 'VALtex', 'NADPHQR3', 'ARGtex', 'CYTDtex', '4PEPTtex', 'PDX5POi', 'NADHPO', 'OPHHX3', 'EX_LalaDgluMdapDala_e', 'TRPtipp', 'FADt', 'FADtex', 'MOX']",['PDX5PO2'],OPHHX3,OPHHXy,0.001245950543092085,1,47,1,7.0,-0.0004261370825835402,iML1515,PSL,False,False,0.0,0.0,0.0,0.0
198,"['DALAtex', 'EX_ala__D_e', 'ALAALAr', 'ALAALAtex', 'ALAALAD', 'ALAALAabcpp', 'EX_alaala_e', 'DALAt2pp']","[-0.011575746502105376, 0.011575746502105376, -0.0028939366566542203, 0.005787873251718704, 0.0028939365950537282, 0.0057878732517079486, -0.005787873251718704, -0.011575746502099998]","[0.011575746502105376, 0.011575746502105376, 0.0028939366566542203, 0.005787873251718704, 0.0028939365950537282, 0.0057878732517079486, 0.005787873251718704, 0.011575746502099998]","['ALAALAtex', 'EX_alaala_e', 'DALAt2pp']","['DALAtex', 'EX_ala__D_e', 'ALAALAD', 'ALAALAabcpp']",['ALAALAr'],DALAt2pp,DALAtex,0.07813628888605116,1,8,1,0.0,-0.005787873311992542,iML1515,PSL,False,True,0.0,-12.8398062811045,0.0,0.0
199,"['PFL', 'EX_gthrd_e', 'GLUCYS', 'GTHS', 'MNt2pp', 'GTHRDabcpp', 'GTHRDtex', 'MN2tpp']","[-1.232924859551239e-06, 1.2425347064859427e-06, 1.2425347064859427e-06, 1.2425347064859427e-06, 0.0005757040242, -1.2425347064859427e-06, -1.2425347064859427e-06, -0.0005757052533471105]","[1.232924859551239e-06, 1.2425347064859427e-06, 1.2425347064859427e-06, 1.2425347064859427e-06, 0.0005757040242, 1.2425347064859427e-06, 1.2425347064859427e-06, 0.0005757052533471105]","['PFL', 'GTHRDabcpp', 'MN2tpp']","['EX_gthrd_e', 'GLUCYS', 'GTHS', 'MNt2pp', 'GTHRDtex']",[],MN2tpp,MNt2pp,0.0013566794816155157,1,8,0,0.0,8.380699824221682e-09,iML1515,PSL,False,False,0.0,0.0,0.0,0.000299056050153
200,"['CYSDS', 'ACP1_FMN', 'EX_met__L_e', 'EX_ile__L_e', 'EX_leu__L_e', 'EX_glcn_e', 'EX_glyc_e', 'EX_arg__L_e', 'EX_cytd_e', 'EX_fum_e', 'CYTDK1', 'EX_val__L_e', 'ASPT', 'SERD_L', 'THRD', 'EX_fmn_e', 'URIC', 'ALCD19', 'ALLTN', 'GLYAT', 'F6PA', 'EX_gthrd_e', 'ADD', 'P5CD', 'UGLYCH', 'H2SO', 'GLUCYS', 'NTPP4', 'GLYCtex', 'THD2pp', 'VALabcpp', 'ARGabcpp', 'ILEtex', 'GLCNtex', 'EX_fad_e', 'FUMt2_3pp', 'PHEtex', 'LEUtex', 'FUMtex', 'LADGMDH', 'ALAGLUE', 'VALtex', '4PEPTabcpp', 'LALGP', 'Kabcpp', 'LEUabcpp', 'METabcpp', 'METtex', 'ILEabcpp', 'ARGtex', '4PCP', 'GLYCtpp', 'GLCNt2rpp', 'CYTDtex', '4PEPTtex', 'XAND', 'EX_phe__L_e', 'GTHS', 'HXAND', 'GTHRDabcpp', 'PHEt2rpp', 'EAR140x', '3HAD140', 'GTHRDtex', 'NADHPO', 'EX_LalaDgluMdapDala_e', 'CLt3_2pp', 'GNP', 'ALLTAMH2', 'UGCIAMH', 'FMNtex', 'FADt', 'FADtex', 'CLtipp', 'GAPP', 'FMNt', 'PROD3']","[-3.4937385791133707e-06, -1.5999186391363275e-06, 1.0204242499867178e-06, 1.926196548124315e-06, 2.9870039032764417e-06, -2.1974065886887217e-06, -2.7698306417356378e-06, 1.961090043883784e-06, 1.0642747838573996e-06, 3.97157858516347e-06, -1.0642748257683188e-06, 2.810017025756139e-06, 3.611900559530312e-06, 1.4249560445905862e-06, 1.6819354478336823e-06, -1.3039286186181424e-06, -1.1788372945765351e-06, -1.752334810589673e-06, -1.1788372945765351e-06, -1.6819354868857772e-06, -1.0325984476367012e-06, 3.4393455569103892e-06, -1.1900328374026719e-06, 1.4655864920554151e-06, -1.1788372945765351e-06, -3.4937385791133707e-06, 3.4393455569103892e-06, 1.5341030403168143e-06, 2.769830643956084e-06, -3.064373085504002e-06, -2.810017025756139e-06, -1.961090043883784e-06, -1.9261965462646913e-06, 2.1974066157781635e-06, 2.905325800384162e-06, -3.97157858516347e-06, -1.2283001069590682e-06, -2.9870038815715816e-06, -3.97157862153108e-06, -1.520158554878942e-06, -1.520158548373729e-06, -2.810017008414434e-06, -1.658333615744273e-06, -1.520158554878942e-06, -1.2941223864471052e-06, -2.9870039032764417e-06, -1.0204242499867178e-06, -1.020424292619282e-06, -1.926196548124315e-06, -1.961089992619236e-06, -1.658333615744273e-06, -2.180814249186369e-06, 2.1974066157781635e-06, -1.0642747838573996e-06, -1.934683723447961e-06, -1.1788372945765351e-06, 1.2283001128432502e-06, 3.4393455569103892e-06, -1.1900328374026719e-06, -3.4393455569103892e-06, -1.2283001069590682e-06, -1.3281432467426857e-06, -1.3281432467461551e-06, -3.4393455052850186e-06, -1.1788372945765351e-06, 1.9346837374697307e-06, -0.0021682777676039554, -2.1974065886887217e-06, -1.1788372945765351e-06, -1.1788372945765351e-06, -1.3039285704508075e-06, 2.905325800384162e-06, 2.905325800384162e-06, 0.00433652102625, -1.7523347537462541e-06, -1.3039286186181424e-06, 1.4655864920554151e-06]","[3.4937385791133707e-06, 1.5999186391363275e-06, 1.0204242499867178e-06, 1.926196548124315e-06, 2.9870039032764417e-06, 2.1974065886887217e-06, 2.7698306417356378e-06, 1.961090043883784e-06, 1.0642747838573996e-06, 3.97157858516347e-06, 1.0642748257683188e-06, 2.810017025756139e-06, 3.611900559530312e-06, 1.4249560445905862e-06, 1.6819354478336823e-06, 1.3039286186181424e-06, 1.1788372945765351e-06, 1.752334810589673e-06, 1.1788372945765351e-06, 1.6819354868857772e-06, 1.0325984476367012e-06, 3.4393455569103892e-06, 1.1900328374026719e-06, 1.4655864920554151e-06, 1.1788372945765351e-06, 3.4937385791133707e-06, 3.4393455569103892e-06, 1.5341030403168143e-06, 2.769830643956084e-06, 3.064373085504002e-06, 2.810017025756139e-06, 1.961090043883784e-06, 1.9261965462646913e-06, 2.1974066157781635e-06, 2.905325800384162e-06, 3.97157858516347e-06, 1.2283001069590682e-06, 2.9870038815715816e-06, 3.97157862153108e-06, 1.520158554878942e-06, 1.520158548373729e-06, 2.810017008414434e-06, 1.658333615744273e-06, 1.520158554878942e-06, 1.2941223864471052e-06, 2.9870039032764417e-06, 1.0204242499867178e-06, 1.020424292619282e-06, 1.926196548124315e-06, 1.961089992619236e-06, 1.658333615744273e-06, 2.180814249186369e-06, 2.1974066157781635e-06, 1.0642747838573996e-06, 1.934683723447961e-06, 1.1788372945765351e-06, 1.2283001128432502e-06, 3.4393455569103892e-06, 1.1900328374026719e-06, 3.4393455569103892e-06, 1.2283001069590682e-06, 1.3281432467426857e-06, 1.3281432467461551e-06, 3.4393455052850186e-06, 1.1788372945765351e-06, 1.9346837374697307e-06, 0.0021682777676039554, 2.1974065886887217e-06, 1.1788372945765351e-06, 1.1788372945765351e-06, 1.3039285704508075e-06, 2.905325800384162e-06, 2.905325800384162e-06, 0.00433652102625, 1.7523347537462541e-06, 1.3039286186181424e-06, 1.4655864920554151e-06]","['EX_met__L_e', 'EX_ile__L_e', 'EX_leu__L_e', 'EX_arg__L_e', 'EX_cytd_e', 'EX_fum_e', 'EX_val__L_e', 'ASPT', 'SERD_L', 'THRD', 'GLYAT', 'EX_gthrd_e', 'P5CD', 'NTPP4', 'ILEtex', 'EX_fad_e', 'PHEtex', 'LEUtex', 'FUMtex', 'VALtex', 'METtex', 'ARGtex', 'CYTDtex', '4PEPTtex', 'EX_phe__L_e', 'PHEt2rpp', 'GTHRDtex', 'EX_LalaDgluMdapDala_e', 'FADt', 'FADtex', 'CLtipp', 'PROD3']","['CYSDS', 'ACP1_FMN', 'EX_glcn_e', 'EX_glyc_e', 'CYTDK1', 'EX_fmn_e', 'URIC', 'ALCD19', 'ALLTN', 'ADD', 'UGLYCH', 'H2SO', 'GLYCtex', 'THD2pp', 'VALabcpp', 'ARGabcpp', 'GLCNtex', 'FUMt2_3pp', 'LADGMDH', 'ALAGLUE', '4PEPTabcpp', 'LALGP', 'Kabcpp', 'LEUabcpp', 'METabcpp', 'ILEabcpp', 'GLCNt2rpp', 'XAND', 'HXAND', 'GTHRDabcpp', 'EAR140x', 'NADHPO', 'CLt3_2pp', 'GNP', 'ALLTAMH2', 'UGCIAMH', 'FMNtex', 'GAPP', 'FMNt']","['F6PA', 'GLUCYS', '4PCP', 'GLYCtpp', 'GTHS', '3HAD140']",CLt3_2pp,CLtipp,0.007304330719696921,1,77,6,-27.0,0.0021281907135876767,iML1515,PSL,False,False,0.0,0.0,0.0659624684859101,0.0
201,"['NADTRHD', 'POR5', 'FLDR2']","[-0.0019903885413441458, -0.0019903885413441458, 0.001990388541349995]","[0.0019903885413441458, 0.0019903885413441458, 0.001990388541349995]",['FLDR2'],"['NADTRHD', 'POR5']",[],POR5,FLDR2,0.007961554165155565,1,3,0,1.0,0.0019903885413382967,iML1515,PSL,True,False,-477.113308741506,0.0,0.0559647002414426,0.0
202,"['MACPD', 'HACD7', 'AACPS2', 'AACPS4', 'ACOATA', 'ACACT7r', 'ECOAH7', '3OAS161', 'EAR161x', 'FACOAE141', 'FACOAE161', '3HAD161', 'FADRx2', '3OAR161', 'ACOAD6f', 'CTECOAI6', 'CTECOAI7']","[-0.12532865948019997, -0.12532865948019997, 0.12532865948019997, -0.12532865947670183, 0.12532865948019997, -0.12532865948019997, -0.12532865948019997, 0.12532865948019997, 0.12532865948019997, 0.12532865948019997, -0.12532865948019997, 0.12532865948019997, -0.1253286594802, 0.12532865948019997, 0.12532865948019997, -0.12532865948019997, 0.12532865948019997]","[0.12532865948019997, 0.12532865948019997, 0.12532865948019997, 0.12532865947670183, 0.12532865948019997, 0.12532865948019997, 0.12532865948019997, 0.12532865948019997, 0.12532865948019997, 0.12532865948019997, 0.12532865948019997, 0.12532865948019997, 0.1253286594802, 0.12532865948019997, 0.12532865948019997, 0.12532865948019997, 0.12532865948019997]","['MACPD', 'ACOATA', 'FACOAE161', 'FADRx2', 'CTECOAI7']","['AACPS2', '3OAS161', 'EAR161x', 'FACOAE141', '3HAD161', '3OAR161', 'CTECOAI6']","['HACD7', 'AACPS4', 'ACACT7r', 'ECOAH7', 'ACOAD6f']",CTECOAI7,3OAS161,2.1305872111642343,1,17,5,-1.0,-0.1253286594836981,iML1515,PSL,True,False,-25.7163461535091,0.0,0.0,0.0
203,"['MACPD', 'HACD7', 'AACPS2', 'AACPS4', 'ACOATA', 'ACACT7r', 'ECOAH7', '3OAS161', 'EAR161x', 'FACOAE141', 'FACOAE161', '3HAD161', 'FADRx2', '3OAR161', 'ACOAD6f', 'CTECOAI6', 'CTECOAI7']","[-0.12532865948019997, -0.12532865948026028, 0.12532865948019997, -0.12532865948240898, 0.1253286594801466, -0.12532865948026028, -0.12532865948026028, 0.12532865948019997, 0.12532865948019997, 0.12532865948019997, -0.12532865948019997, 0.12532865948019997, -0.1253286594802, 0.12532865948019997, 0.12532865948026028, -0.1253286594801466, 0.1253286594801466]","[0.12532865948019997, 0.12532865948026028, 0.12532865948019997, 0.12532865948240898, 0.1253286594801466, 0.12532865948026028, 0.12532865948026028, 0.12532865948019997, 0.12532865948019997, 0.12532865948019997, 0.12532865948019997, 0.12532865948019997, 0.1253286594802, 0.12532865948019997, 0.12532865948026028, 0.1253286594801466, 0.1253286594801466]","['MACPD', 'ACOATA', 'FACOAE161', 'FADRx2', 'CTECOAI7']","['AACPS2', '3OAS161', 'EAR161x', 'FACOAE141', '3HAD161', '3OAR161', 'CTECOAI6']","['HACD7', 'AACPS4', 'ACACT7r', 'ECOAH7', 'ACOAD6f']",CTECOAI7,3HAD161,2.130587211163399,1,17,5,-1.0,-0.12532865947781693,iML1515,PSL,True,False,-25.7163461535091,0.0,0.0,0.0
204,"['MACPD', 'HACD7', 'AACPS2', 'AACPS4', 'ACOATA', 'ACACT7r', 'ECOAH7', '3OAS161', 'EAR161x', 'FACOAE141', 'FACOAE161', '3HAD161', 'FADRx2', '3OAR161', 'ACOAD6f', 'CTECOAI6', 'CTECOAI7']","[-0.12532865948019997, -0.12532865948026028, 0.12532865948019997, -0.12532865948240898, 0.1253286594801466, -0.12532865948026028, -0.12532865948026028, 0.12532865948019997, 0.12532865948019997, 0.12532865948019997, -0.12532865948019997, 0.12532865948019997, -0.1253286594802, 0.12532865948019997, 0.12532865948026028, -0.1253286594801466, 0.1253286594801466]","[0.12532865948019997, 0.12532865948026028, 0.12532865948019997, 0.12532865948240898, 0.1253286594801466, 0.12532865948026028, 0.12532865948026028, 0.12532865948019997, 0.12532865948019997, 0.12532865948019997, 0.12532865948019997, 0.12532865948019997, 0.1253286594802, 0.12532865948019997, 0.12532865948026028, 0.1253286594801466, 0.1253286594801466]","['MACPD', 'ACOATA', 'FACOAE161', 'FADRx2', 'CTECOAI7']","['AACPS2', '3OAS161', 'EAR161x', 'FACOAE141', '3HAD161', '3OAR161', 'CTECOAI6']","['HACD7', 'AACPS4', 'ACACT7r', 'ECOAH7', 'ACOAD6f']",CTECOAI7,3OAR161,2.130587211163399,1,17,5,-1.0,-0.12532865947781693,iML1515,PSL,True,False,-25.7163461535091,0.0,0.0,0.0
207,"['CYSDS', 'ACP1_FMN', 'PFL', 'EX_ile__L_e', 'EX_leu__L_e', 'EX_glcn_e', 'EX_pro__L_e', 'EX_arg__L_e', 'EX_cytd_e', 'EX_fum_e', 'EX_val__L_e', 'ASPT', 'SERD_L', 'EX_fmn_e', 'URIC', 'ALLTN', 'UGLYCH', 'H2SO', 'VALabcpp', 'ARGabcpp', 'ILEtex', 'GLCNtex', 'EX_fad_e', 'PHEtex', 'LEUtex', 'FUMtex', 'LADGMDH', 'ALAGLUE', 'VALtex', '4PEPTabcpp', 'AMPTASECG', 'LALGP', 'Kabcpp', 'LEUabcpp', 'ILEabcpp', 'PROabcpp', 'EX_cgly_e', 'ARGtex', '4PCP', 'GLCNt2rpp', 'CYTDtex', '4PEPTtex', 'XAND', 'EX_phe__L_e', 'PROtex', 'CGLYtex', 'CGLYabcpp', 'EX_LalaDgluMdapDala_e', 'S2FE2SR', 'SCYSDS', 'S2FE2SS', 'S4FE4SR', 'ICYSDS', 'I4FE4SR', 'I2FE2SS', 'I2FE2SS2', 'I4FE4ST', 'S4FE4ST', 'S2FE2SS2', 'GNP', 'ALLTAMH2', 'UGCIAMH', 'FMNtex', 'PHEtipp', 'FADt', 'FADtex', 'I2FE2SR', 'FMNt', 'OPHHXy']","[-1.8373276829484596e-06, -1.0121863930796782e-06, -2.123112754482759e-06, 1.5862037600067325e-06, 2.4597680995386284e-06, -2.505336556435367e-06, 1.206895945571329e-06, 1.6149382078278762e-06, 1.2237699138495373e-06, 3.1583737154505798e-06, 2.3140211565999148e-06, 2.7053028569257176e-06, 1.4542200880152123e-06, -1.7480272656959783e-06, -1.2292876843955636e-06, -1.2292876843955636e-06, -1.2292876843955636e-06, -1.8373276829484596e-06, -2.3140211565999148e-06, -1.6149382078278762e-06, -1.5862037798797246e-06, 2.5053365106941783e-06, 2.7614310464940672e-06, -1.011492940961034e-06, -2.4597680976512493e-06, -3.1583737154505798e-06, -1.3504147735599048e-06, -1.350414777334663e-06, -2.3140211169447866e-06, -1.350414773552966e-06, -2.5056190819938706e-06, -1.3504147735599048e-06, -1.065696954599682e-06, -2.4597680995386284e-06, -1.5862037600067325e-06, -1.206895945571329e-06, 2.5056190819938706e-06, -1.6149382418007008e-06, -1.3504147735599048e-06, 2.5053365106941783e-06, -1.2237699138495373e-06, -1.5021291801531333e-06, -1.2292876843955636e-06, 1.0114929648863402e-06, -1.2068959449607064e-06, -2.5056191361727542e-06, -2.5056190819938706e-06, 1.502129163794691e-06, 1.6662904999999999e-06, 0.0008648047694999987, 0.00021495147449999966, 0.00021661776499999966, -0.0008648119599365895, -0.0002166191845243077, -0.00021495303597673845, -0.0002166191845243077, -0.0002166191845243077, 0.00021661776499999966, 0.00021661776499999966, -2.505336556435367e-06, -1.2292876843955636e-06, -1.2292876843955636e-06, -1.748027216308401e-06, 1.0114929648863402e-06, 2.7614310464940672e-06, 2.76143100563786e-06, -1.6663014194177516e-06, -1.7480272656959783e-06, 2.8021624048571317e-06]","[1.8373276829484596e-06, 1.0121863930796782e-06, 2.123112754482759e-06, 1.5862037600067325e-06, 2.4597680995386284e-06, 2.505336556435367e-06, 1.206895945571329e-06, 1.6149382078278762e-06, 1.2237699138495373e-06, 3.1583737154505798e-06, 2.3140211565999148e-06, 2.7053028569257176e-06, 1.4542200880152123e-06, 1.7480272656959783e-06, 1.2292876843955636e-06, 1.2292876843955636e-06, 1.2292876843955636e-06, 1.8373276829484596e-06, 2.3140211565999148e-06, 1.6149382078278762e-06, 1.5862037798797246e-06, 2.5053365106941783e-06, 2.7614310464940672e-06, 1.011492940961034e-06, 2.4597680976512493e-06, 3.1583737154505798e-06, 1.3504147735599048e-06, 1.350414777334663e-06, 2.3140211169447866e-06, 1.350414773552966e-06, 2.5056190819938706e-06, 1.3504147735599048e-06, 1.065696954599682e-06, 2.4597680995386284e-06, 1.5862037600067325e-06, 1.206895945571329e-06, 2.5056190819938706e-06, 1.6149382418007008e-06, 1.3504147735599048e-06, 2.5053365106941783e-06, 1.2237699138495373e-06, 1.5021291801531333e-06, 1.2292876843955636e-06, 1.0114929648863402e-06, 1.2068959449607064e-06, 2.5056191361727542e-06, 2.5056190819938706e-06, 1.502129163794691e-06, 1.6662904999999999e-06, 0.0008648047694999987, 0.00021495147449999966, 0.00021661776499999966, 0.0008648119599365895, 0.0002166191845243077, 0.00021495303597673845, 0.0002166191845243077, 0.0002166191845243077, 0.00021661776499999966, 0.00021661776499999966, 2.505336556435367e-06, 1.2292876843955636e-06, 1.2292876843955636e-06, 1.748027216308401e-06, 1.0114929648863402e-06, 2.7614310464940672e-06, 2.76143100563786e-06, 1.6663014194177516e-06, 1.7480272656959783e-06, 2.8021624048571317e-06]","['EX_ile__L_e', 'EX_leu__L_e', 'EX_pro__L_e', 'EX_arg__L_e', 'EX_cytd_e', 'EX_fum_e', 'EX_val__L_e', 'ASPT', 'SERD_L', 'ILEtex', 'EX_fad_e', 'PHEtex', 'LEUtex', 'FUMtex', 'VALtex', 'EX_cgly_e', 'ARGtex', 'CYTDtex', '4PEPTtex', 'EX_phe__L_e', 'PROtex', 'CGLYtex', 'EX_LalaDgluMdapDala_e', 'S2FE2SR', 'SCYSDS', 'S2FE2SS', 'S4FE4SR', 'S4FE4ST', 'S2FE2SS2', 'PHEtipp', 'FADt', 'FADtex', 'OPHHXy']","['CYSDS', 'ACP1_FMN', 'PFL', 'EX_glcn_e', 'EX_fmn_e', 'URIC', 'ALLTN', 'UGLYCH', 'H2SO', 'VALabcpp', 'ARGabcpp', 'GLCNtex', 'LADGMDH', 'ALAGLUE', '4PEPTabcpp', 'AMPTASECG', 'LALGP', 'Kabcpp', 'LEUabcpp', 'ILEabcpp', 'PROabcpp', '4PCP', 'GLCNt2rpp', 'XAND', 'CGLYabcpp', 'I4FE4SR', 'I2FE2SS2', 'I4FE4ST', 'GNP', 'ALLTAMH2', 'UGCIAMH', 'FMNtex', 'I2FE2SR', 'FMNt']","['ICYSDS', 'I2FE2SS']",I4FE4SR,SCYSDS,0.00367789029901054,1,69,2,-19.0,-2.519614866938054e-05,iML1515,PSL,False,False,0.0,0.0,0.0,0.0
208,"['ACP1_FMN', 'PFL', 'EX_ile__L_e', 'EX_leu__L_e', 'EX_glcn_e', 'EX_pro__L_e', 'EX_arg__L_e', 'EX_fum_e', 'EX_val__L_e', 'SERD_L', 'EX_fmn_e', 'EX_gthrd_e', 'GLUCYS', 'VALabcpp', 'ARGabcpp', 'ASNt2rpp', 'ILEtex', 'GLCNtex', 'EX_fad_e', 'PHEtex', 'LEUtex', 'FUMtex', 'LADGMDH', 'ALAGLUE', 'VALtex', '4PEPTabcpp', 'LALGP', 'Kabcpp', 'LEUabcpp', 'ATPHs', 'ILEabcpp', 'PROabcpp', 'NTPP9', 'ARGtex', '4PCP', 'GLCNt2rpp', '4PEPTtex', 'EX_asn__L_e', 'EX_phe__L_e', 'GTHS', 'GTHRDabcpp', 'PROtex', 'ASNtex', 'GTHRDtex', 'OPHHX3', 'EX_LalaDgluMdapDala_e', 'SCYSDS', 'S2FE2SS', 'S4FE4SR', 'ICYSDS', 'I4FE4SR', 'I2FE2SS', 'I2FE2SS2', 'I4FE4ST', 'S4FE4ST', 'S2FE2SS2', 'GNP', 'FMNtex', 'PHEtipp', 'FADt', 'FADtex', 'FMNt']","[-1.0129508002523291e-06, -2.0177021709364036e-06, 1.6048562836157299e-06, 2.488693060964664e-06, -2.5107764973775204e-06, 1.2210881040475297e-06, 1.6339286262045949e-06, 1.1881525097123813e-06, 2.341232288927131e-06, 1.2395872022886306e-06, -1.6144460342664758e-06, 1.1861479597974345e-06, 1.1861479597974345e-06, -2.341232288927131e-06, -1.6339286262045949e-06, -1.4170836948323995e-06, -1.6048562656578724e-06, 2.5107765395659953e-06, 2.6286289276367114e-06, -1.0233873126708204e-06, -2.488693098712247e-06, -1.1881525097123813e-06, -1.8955907573614539e-06, -1.8955907989948173e-06, -2.341232288927131e-06, -1.8955907573614539e-06, -1.8955907573614539e-06, -1.0782287226673848e-06, -2.488693060964664e-06, -1.030819156470908e-06, -1.6048562836157299e-06, -1.2210881040475297e-06, -1.030819156470908e-06, -1.6339286048605572e-06, -1.8955907573614539e-06, 2.5107765395659953e-06, -2.049089175670815e-06, 1.417083647509143e-06, 1.0233873361520374e-06, 1.1861479597974345e-06, -1.1861479597974345e-06, -1.221088155034522e-06, -1.4170836948323995e-06, -1.1861479833896738e-06, -1.3506087263510085e-06, 2.049089190991893e-06, 0.000859805864856535, 0.00021495147449999996, 0.00021495146345217834, -0.0008598131398470713, -0.00021495289966898885, -0.0002149530543384915, -0.00021495289966898885, -0.00021495289966898885, 0.00021495146345217834, 0.00021495146345217834, -2.5107764973775204e-06, -1.6144459777933662e-06, 1.0233873361520374e-06, 2.6286289276367114e-06, 2.628628976708569e-06, -1.6144460342664758e-06]","[1.0129508002523291e-06, 2.0177021709364036e-06, 1.6048562836157299e-06, 2.488693060964664e-06, 2.5107764973775204e-06, 1.2210881040475297e-06, 1.6339286262045949e-06, 1.1881525097123813e-06, 2.341232288927131e-06, 1.2395872022886306e-06, 1.6144460342664758e-06, 1.1861479597974345e-06, 1.1861479597974345e-06, 2.341232288927131e-06, 1.6339286262045949e-06, 1.4170836948323995e-06, 1.6048562656578724e-06, 2.5107765395659953e-06, 2.6286289276367114e-06, 1.0233873126708204e-06, 2.488693098712247e-06, 1.1881525097123813e-06, 1.8955907573614539e-06, 1.8955907989948173e-06, 2.341232288927131e-06, 1.8955907573614539e-06, 1.8955907573614539e-06, 1.0782287226673848e-06, 2.488693060964664e-06, 1.030819156470908e-06, 1.6048562836157299e-06, 1.2210881040475297e-06, 1.030819156470908e-06, 1.6339286048605572e-06, 1.8955907573614539e-06, 2.5107765395659953e-06, 2.049089175670815e-06, 1.417083647509143e-06, 1.0233873361520374e-06, 1.1861479597974345e-06, 1.1861479597974345e-06, 1.221088155034522e-06, 1.4170836948323995e-06, 1.1861479833896738e-06, 1.3506087263510085e-06, 2.049089190991893e-06, 0.000859805864856535, 0.00021495147449999996, 0.00021495146345217834, 0.0008598131398470713, 0.00021495289966898885, 0.0002149530543384915, 0.00021495289966898885, 0.00021495289966898885, 0.00021495146345217834, 0.00021495146345217834, 2.5107764973775204e-06, 1.6144459777933662e-06, 1.0233873361520374e-06, 2.6286289276367114e-06, 2.628628976708569e-06, 1.6144460342664758e-06]","['ACP1_FMN', 'PFL', 'EX_glcn_e', 'EX_fmn_e', 'VALabcpp', 'ARGabcpp', 'GLCNtex', 'LADGMDH', 'ALAGLUE', '4PEPTabcpp', 'LALGP', 'Kabcpp', 'LEUabcpp', 'ATPHs', 'ILEabcpp', 'PROabcpp', 'NTPP9', '4PCP', 'GLCNt2rpp', 'GTHRDabcpp', 'OPHHX3', 'I4FE4SR', 'I2FE2SS2', 'I4FE4ST', 'GNP', 'FMNtex', 'FMNt']","['EX_ile__L_e', 'EX_leu__L_e', 'EX_pro__L_e', 'EX_arg__L_e', 'EX_fum_e', 'EX_val__L_e', 'SERD_L', 'EX_gthrd_e', 'ASNt2rpp', 'ILEtex', 'EX_fad_e', 'PHEtex', 'LEUtex', 'FUMtex', 'VALtex', 'ARGtex', '4PEPTtex', 'EX_asn__L_e', 'EX_phe__L_e', 'PROtex', 'ASNtex', 'GTHRDtex', 'EX_LalaDgluMdapDala_e', 'S2FE2SS', 'PHEtipp', 'FADt', 'FADtex']","['GLUCYS', 'GTHS', 'SCYSDS', 'S4FE4SR', 'ICYSDS', 'I2FE2SS', 'S4FE4ST', 'S2FE2SS2']",I4FE4SR,S2FE2SS,0.0036513890960192257,1,62,8,-14.0,-2.122745681291629e-05,iML1515,PSL,False,False,0.0,0.0,0.0,0.0
209,"['EX_ile__L_e', 'EX_leu__L_e', 'EX_glcn_e', 'EX_pro__L_e', 'EX_arg__L_e', 'EX_val__L_e', 'ASPT', 'SERD_L', 'EX_fmn_e', 'URIC', 'ALLTN', 'MALS', 'UGLYCH', 'THRabcpp', 'VALabcpp', 'ARGabcpp', 'ILEtex', 'GLCNtex', 'EX_fad_e', 'LEUtex', 'LADGMDH', 'ALAGLUE', 'VALtex', '4PEPTabcpp', 'AMPTASECG', 'LALGP', 'Kabcpp', 'LEUabcpp', 'THRtex', 'ILEabcpp', 'PROabcpp', 'EX_cgly_e', 'ARGtex', '4PCP', 'GLCNt2rpp', '4PEPTtex', 'XAND', 'EX_thr__L_e', 'PROtex', 'CGLYtex', 'CGLYabcpp', 'EAR140y', '3HAD140', 'EX_LalaDgluMdapDala_e', 'S2FE2SR', 'SCYSDS', 'S2FE2SS', 'S4FE4SR', 'ICYSDS', 'I4FE4SR', 'S2FE2ST', 'I2FE2SS', 'I2FE2ST', 'I2FE2SS2', 'I4FE4ST', 'S4FE4ST', 'S2FE2SS2', 'GNP', 'ALLTAMH2', 'UGCIAMH', 'FMNtex', 'FADt', 'FADtex', 'I2FE2SR', 'FMNt']","[1.526942481538951e-06, 2.3678700685758614e-06, -2.5178210432130754e-06, 1.1618057758856423e-06, 1.55460339759661e-06, 2.2275683104485506e-06, 1.156880361868895e-06, 2.398373093577544e-06, -2.0009046679549634e-06, -1.263532185865296e-06, -1.263532185865296e-06, -1.263532185865296e-06, -1.263532185865296e-06, -1.1717103308162002e-06, -2.2275683104485506e-06, -1.55460339759661e-06, -1.5269424693542533e-06, 2.5178210307785776e-06, 2.9520724089682204e-06, -2.3678700245000073e-06, -1.8035621535128499e-06, -1.8035620996670332e-06, -2.227568302259897e-06, -1.8035621535128499e-06, -1.1480496331373047e-06, -1.8035621535128499e-06, -1.0258820420661063e-06, -2.3678700685758614e-06, -1.1717103234332171e-06, -1.526942481538951e-06, -1.1618057758899791e-06, 1.1480496331373047e-06, -1.5546033864666242e-06, -1.9496084266880146e-06, 2.5178210307785776e-06, -1.949608417817217e-06, -1.263532185865296e-06, 1.1717103308162002e-06, -1.1618058124440722e-06, -1.148049591392919e-06, -1.1480496331373047e-06, -1.5427039752324845e-06, -1.2317615470172627e-06, 1.9496084267521994e-06, 1.6662904999999999e-06, 0.0008181483411790234, 0.00019162326033951173, 0.00021661776499999995, -0.0008181552629777018, -0.00021661913149024776, -2.3328214160488223e-05, -0.0001916247634787843, 2.3328066999999997e-05, -0.00021661913149024776, -0.00021661913149024776, 0.00021661776499999995, 0.00021661776499999995, -2.5178210432130754e-06, -1.263532185865296e-06, -1.263532185865296e-06, -2.000904714805074e-06, 2.9520724089682204e-06, 2.952072463813238e-06, -1.6663010114634443e-06, -2.0009046679549634e-06]","[1.526942481538951e-06, 2.3678700685758614e-06, 2.5178210432130754e-06, 1.1618057758856423e-06, 1.55460339759661e-06, 2.2275683104485506e-06, 1.156880361868895e-06, 2.398373093577544e-06, 2.0009046679549634e-06, 1.263532185865296e-06, 1.263532185865296e-06, 1.263532185865296e-06, 1.263532185865296e-06, 1.1717103308162002e-06, 2.2275683104485506e-06, 1.55460339759661e-06, 1.5269424693542533e-06, 2.5178210307785776e-06, 2.9520724089682204e-06, 2.3678700245000073e-06, 1.8035621535128499e-06, 1.8035620996670332e-06, 2.227568302259897e-06, 1.8035621535128499e-06, 1.1480496331373047e-06, 1.8035621535128499e-06, 1.0258820420661063e-06, 2.3678700685758614e-06, 1.1717103234332171e-06, 1.526942481538951e-06, 1.1618057758899791e-06, 1.1480496331373047e-06, 1.5546033864666242e-06, 1.9496084266880146e-06, 2.5178210307785776e-06, 1.949608417817217e-06, 1.263532185865296e-06, 1.1717103308162002e-06, 1.1618058124440722e-06, 1.148049591392919e-06, 1.1480496331373047e-06, 1.5427039752324845e-06, 1.2317615470172627e-06, 1.9496084267521994e-06, 1.6662904999999999e-06, 0.0008181483411790234, 0.00019162326033951173, 0.00021661776499999995, 0.0008181552629777018, 0.00021661913149024776, 2.3328214160488223e-05, 0.0001916247634787843, 2.3328066999999997e-05, 0.00021661913149024776, 0.00021661913149024776, 0.00021661776499999995, 0.00021661776499999995, 2.5178210432130754e-06, 1.263532185865296e-06, 1.263532185865296e-06, 2.000904714805074e-06, 2.9520724089682204e-06, 2.952072463813238e-06, 1.6663010114634443e-06, 2.0009046679549634e-06]","['EX_ile__L_e', 'EX_leu__L_e', 'EX_pro__L_e', 'EX_arg__L_e', 'EX_val__L_e', 'ASPT', 'SERD_L', 'ILEtex', 'EX_fad_e', 'LEUtex', 'VALtex', 'THRtex', 'EX_cgly_e', 'ARGtex', '4PEPTtex', 'EX_thr__L_e', 'PROtex', 'CGLYtex', 'EX_LalaDgluMdapDala_e', 'S2FE2SR', 'S4FE4SR', 'I2FE2ST', 'S4FE4ST', 'S2FE2SS2', 'FADt', 'FADtex']","['EX_glcn_e', 'EX_fmn_e', 'URIC', 'ALLTN', 'MALS', 'UGLYCH', 'THRabcpp', 'VALabcpp', 'ARGabcpp', 'GLCNtex', 'LADGMDH', 'ALAGLUE', '4PEPTabcpp', 'AMPTASECG', 'LALGP', 'Kabcpp', 'LEUabcpp', 'ILEabcpp', 'PROabcpp', '4PCP', 'GLCNt2rpp', 'XAND', 'CGLYabcpp', 'EAR140y', '3HAD140', 'I4FE4SR', 'S2FE2ST', 'I2FE2SS2', 'I4FE4ST', 'GNP', 'ALLTAMH2', 'UGCIAMH', 'FMNtex', 'I2FE2SR', 'FMNt']","['SCYSDS', 'S2FE2SS', 'ICYSDS', 'I2FE2SS']",I4FE4SR,S4FE4SR,0.0035688634126358927,1,65,4,-21.0,-2.771945480535814e-05,iML1515,PSL,False,False,0.0,0.0,0.0,0.0
210,"['EX_ile__L_e', 'EX_leu__L_e', 'EX_glcn_e', 'EX_pro__L_e', 'EX_arg__L_e', 'EX_val__L_e', 'ASPT', 'SERD_L', 'EX_fmn_e', 'URIC', 'ALLTN', 'MALS', 'UGLYCH', 'THRabcpp', 'VALabcpp', 'ARGabcpp', 'ILEtex', 'GLCNtex', 'EX_fad_e', 'LEUtex', 'LADGMDH', 'ALAGLUE', 'VALtex', '4PEPTabcpp', 'AMPTASECG', 'LALGP', 'Kabcpp', 'LEUabcpp', 'THRtex', 'ILEabcpp', 'PROabcpp', 'EX_cgly_e', 'ARGtex', '4PCP', 'GLCNt2rpp', '4PEPTtex', 'XAND', 'EX_thr__L_e', 'PROtex', 'CGLYtex', 'CGLYabcpp', 'EAR140y', '3HAD140', 'EX_LalaDgluMdapDala_e', 'S2FE2SR', 'SCYSDS', 'S2FE2SS', 'S4FE4SR', 'ICYSDS', 'I4FE4SR', 'S2FE2ST', 'I2FE2SS', 'I2FE2ST', 'I2FE2SS2', 'I4FE4ST', 'S4FE4ST', 'S2FE2SS2', 'GNP', 'ALLTAMH2', 'UGCIAMH', 'FMNtex', 'FADt', 'FADtex', 'I2FE2SR', 'FMNt']","[1.526942481538951e-06, 2.3678700685758614e-06, -2.5178210432130754e-06, 1.1618057758856423e-06, 1.55460339759661e-06, 2.2275683104485506e-06, 1.156880361868895e-06, 2.398373093577544e-06, -2.0009046679549634e-06, -1.263532185865296e-06, -1.263532185865296e-06, -1.263532185865296e-06, -1.263532185865296e-06, -1.1717103308162002e-06, -2.2275683104485506e-06, -1.55460339759661e-06, -1.5269424693542533e-06, 2.5178210307785776e-06, 2.9520724089682204e-06, -2.3678700245000073e-06, -1.8035621535128499e-06, -1.8035620996670332e-06, -2.227568302259897e-06, -1.8035621535128499e-06, -1.1480496331373047e-06, -1.8035621535128499e-06, -1.0258820420661063e-06, -2.3678700685758614e-06, -1.1717103234332171e-06, -1.526942481538951e-06, -1.1618057758899791e-06, 1.1480496331373047e-06, -1.5546033864666242e-06, -1.9496084266880146e-06, 2.5178210307785776e-06, -1.949608417817217e-06, -1.263532185865296e-06, 1.1717103308162002e-06, -1.1618058124440722e-06, -1.148049591392919e-06, -1.1480496331373047e-06, -1.5427039752324845e-06, -1.2317615470172627e-06, 1.9496084267521994e-06, 1.6662904999999999e-06, 0.0008181483411790234, 0.00019162326033951173, 0.00021661776499999995, -0.0008181552629777018, -0.00021661913149024776, -2.3328214160488223e-05, -0.0001916247634787843, 2.3328066999999997e-05, -0.00021661913149024776, -0.00021661913149024776, 0.00021661776499999995, 0.00021661776499999995, -2.5178210432130754e-06, -1.263532185865296e-06, -1.263532185865296e-06, -2.000904714805074e-06, 2.9520724089682204e-06, 2.952072463813238e-06, -1.6663010114634443e-06, -2.0009046679549634e-06]","[1.526942481538951e-06, 2.3678700685758614e-06, 2.5178210432130754e-06, 1.1618057758856423e-06, 1.55460339759661e-06, 2.2275683104485506e-06, 1.156880361868895e-06, 2.398373093577544e-06, 2.0009046679549634e-06, 1.263532185865296e-06, 1.263532185865296e-06, 1.263532185865296e-06, 1.263532185865296e-06, 1.1717103308162002e-06, 2.2275683104485506e-06, 1.55460339759661e-06, 1.5269424693542533e-06, 2.5178210307785776e-06, 2.9520724089682204e-06, 2.3678700245000073e-06, 1.8035621535128499e-06, 1.8035620996670332e-06, 2.227568302259897e-06, 1.8035621535128499e-06, 1.1480496331373047e-06, 1.8035621535128499e-06, 1.0258820420661063e-06, 2.3678700685758614e-06, 1.1717103234332171e-06, 1.526942481538951e-06, 1.1618057758899791e-06, 1.1480496331373047e-06, 1.5546033864666242e-06, 1.9496084266880146e-06, 2.5178210307785776e-06, 1.949608417817217e-06, 1.263532185865296e-06, 1.1717103308162002e-06, 1.1618058124440722e-06, 1.148049591392919e-06, 1.1480496331373047e-06, 1.5427039752324845e-06, 1.2317615470172627e-06, 1.9496084267521994e-06, 1.6662904999999999e-06, 0.0008181483411790234, 0.00019162326033951173, 0.00021661776499999995, 0.0008181552629777018, 0.00021661913149024776, 2.3328214160488223e-05, 0.0001916247634787843, 2.3328066999999997e-05, 0.00021661913149024776, 0.00021661913149024776, 0.00021661776499999995, 0.00021661776499999995, 2.5178210432130754e-06, 1.263532185865296e-06, 1.263532185865296e-06, 2.000904714805074e-06, 2.9520724089682204e-06, 2.952072463813238e-06, 1.6663010114634443e-06, 2.0009046679549634e-06]","['EX_ile__L_e', 'EX_leu__L_e', 'EX_pro__L_e', 'EX_arg__L_e', 'EX_val__L_e', 'ASPT', 'SERD_L', 'ILEtex', 'EX_fad_e', 'LEUtex', 'VALtex', 'THRtex', 'EX_cgly_e', 'ARGtex', '4PEPTtex', 'EX_thr__L_e', 'PROtex', 'CGLYtex', 'EX_LalaDgluMdapDala_e', 'S2FE2SR', 'S4FE4SR', 'I2FE2ST', 'S4FE4ST', 'S2FE2SS2', 'FADt', 'FADtex']","['EX_glcn_e', 'EX_fmn_e', 'URIC', 'ALLTN', 'MALS', 'UGLYCH', 'THRabcpp', 'VALabcpp', 'ARGabcpp', 'GLCNtex', 'LADGMDH', 'ALAGLUE', '4PEPTabcpp', 'AMPTASECG', 'LALGP', 'Kabcpp', 'LEUabcpp', 'ILEabcpp', 'PROabcpp', '4PCP', 'GLCNt2rpp', 'XAND', 'CGLYabcpp', 'EAR140y', '3HAD140', 'I4FE4SR', 'S2FE2ST', 'I2FE2SS2', 'I4FE4ST', 'GNP', 'ALLTAMH2', 'UGCIAMH', 'FMNtex', 'I2FE2SR', 'FMNt']","['SCYSDS', 'S2FE2SS', 'ICYSDS', 'I2FE2SS']",I4FE4SR,S4FE4ST,0.0035688634126358927,1,65,4,-21.0,-2.771945480535814e-05,iML1515,PSL,False,False,0.0,0.0,0.0,0.0
211,"['ME1', 'EX_ile__L_e', 'EX_leu__L_e', 'EX_glcn_e', 'EX_pro__L_e', 'EX_fum_e', 'MGSA', 'EX_val__L_e', 'ASPT', 'SERD_L', 'THRD', 'EX_fmn_e', 'GLYCL', 'URIC', 'ALLTN', 'AOBUTDs', 'MALS', 'UGLYCH', 'VALabcpp', 'ASNt2rpp', 'ILEtex', 'GLCNtex', 'EX_fad_e', 'LEUtex', 'FUMtex', 'LADGMDH', 'ALAGLUE', 'VALtex', '4PEPTabcpp', 'AMPTASECG', 'LALGP', 'Kabcpp', 'LEUabcpp', 'ILEabcpp', 'PROabcpp', 'EX_cgly_e', '4PCP', 'GLCNt2rpp', '4PEPTtex', 'EX_asn__L_e', 'XAND', 'CPPPGO2', 'G3PEabcpp', 'PROtex', 'AACTOOR', 'ASNtex', 'CGLYtex', 'CGLYabcpp', 'EX_LalaDgluMdapDala_e', 'S2FE2SR', 'SCYSDS', 'S2FE2SS', 'S4FE4SR', 'ICYSDS', 'I4FE4SR', 'S2FE2ST', 'I2FE2SS', 'I2FE2ST', 'I2FE2SS2', 'I4FE4ST', 'S4FE4ST', 'S2FE2SS2', 'GNP', 'ALLTAMH2', 'UGCIAMH', 'FMNtex', 'FADt', 'FADtex', 'I2FE2SR', 'FMNt']","[-1.4185721752728656e-06, 1.5254787015528404e-06, 2.3656001462146747e-06, -1.3723098177820248e-06, 1.413804019939624e-06, 1.2817203014492407e-06, -1.3320326555377182e-06, 2.225432808700134e-06, 2.1563396777057875e-06, 1.0669606553687094e-06, 1.3320326555377182e-06, -1.2604150897397052e-06, 1.3144079132054731e-06, -1.4185721752728656e-06, -1.4185721752728656e-06, 1.3320326555377182e-06, -1.4185721752728656e-06, -1.4185721752728656e-06, -2.225432808700134e-06, -1.265705918740423e-06, -1.5254787513185875e-06, 1.3723098390983068e-06, 2.26083441667857e-06, -2.3656001530980575e-06, -1.2817203014492407e-06, -1.9796540029481946e-06, -1.9796540300376364e-06, -2.225432808700134e-06, -1.1350439005908264e-06, -1.0687867950942564e-06, -1.9796540029481946e-06, -1.0248985959637746e-06, -2.3656001462146747e-06, -1.5254787015528404e-06, -1.413804019939624e-06, 1.0687867950942564e-06, -1.1350439005908264e-06, 1.3723098390983068e-06, -2.125560286003747e-06, 1.2657058964804513e-06, -1.4185721752728656e-06, -1.0303361754250714e-06, -1.1140665753216206e-06, -1.4138040569378063e-06, 1.3320326555377182e-06, -1.265705918740423e-06, -1.068786787072895e-06, -1.0687867950942564e-06, 2.1255602710712473e-06, 1.6662904999999999e-06, 0.0008181483414611697, 0.0001916232604805849, 0.00021661776499999995, -0.0008181552566243718, -0.00021661913018028282, -2.3328214019415076e-05, -0.00019162476217889603, 2.3328066999999997e-05, -0.00021661913018028282, -0.00021661913018028282, 0.00021661776499999995, 0.00021661776499999995, -1.3723098177820248e-06, -1.4185721752728656e-06, -1.4185721752728656e-06, -1.2604150469996966e-06, 2.26083441667857e-06, 2.2608344352192944e-06, -1.666301001386791e-06, -1.2604150897397052e-06]","[1.4185721752728656e-06, 1.5254787015528404e-06, 2.3656001462146747e-06, 1.3723098177820248e-06, 1.413804019939624e-06, 1.2817203014492407e-06, 1.3320326555377182e-06, 2.225432808700134e-06, 2.1563396777057875e-06, 1.0669606553687094e-06, 1.3320326555377182e-06, 1.2604150897397052e-06, 1.3144079132054731e-06, 1.4185721752728656e-06, 1.4185721752728656e-06, 1.3320326555377182e-06, 1.4185721752728656e-06, 1.4185721752728656e-06, 2.225432808700134e-06, 1.265705918740423e-06, 1.5254787513185875e-06, 1.3723098390983068e-06, 2.26083441667857e-06, 2.3656001530980575e-06, 1.2817203014492407e-06, 1.9796540029481946e-06, 1.9796540300376364e-06, 2.225432808700134e-06, 1.1350439005908264e-06, 1.0687867950942564e-06, 1.9796540029481946e-06, 1.0248985959637746e-06, 2.3656001462146747e-06, 1.5254787015528404e-06, 1.413804019939624e-06, 1.0687867950942564e-06, 1.1350439005908264e-06, 1.3723098390983068e-06, 2.125560286003747e-06, 1.2657058964804513e-06, 1.4185721752728656e-06, 1.0303361754250714e-06, 1.1140665753216206e-06, 1.4138040569378063e-06, 1.3320326555377182e-06, 1.265705918740423e-06, 1.068786787072895e-06, 1.0687867950942564e-06, 2.1255602710712473e-06, 1.6662904999999999e-06, 0.0008181483414611697, 0.0001916232604805849, 0.00021661776499999995, 0.0008181552566243718, 0.00021661913018028282, 2.3328214019415076e-05, 0.00019162476217889603, 2.3328066999999997e-05, 0.00021661913018028282, 0.00021661913018028282, 0.00021661776499999995, 0.00021661776499999995, 1.3723098177820248e-06, 1.4185721752728656e-06, 1.4185721752728656e-06, 1.2604150469996966e-06, 2.26083441667857e-06, 2.2608344352192944e-06, 1.666301001386791e-06, 1.2604150897397052e-06]","['EX_ile__L_e', 'EX_leu__L_e', 'EX_pro__L_e', 'EX_fum_e', 'EX_val__L_e', 'ASPT', 'SERD_L', 'THRD', 'GLYCL', 'AOBUTDs', 'ASNt2rpp', 'ILEtex', 'EX_fad_e', 'LEUtex', 'FUMtex', 'VALtex', 'EX_cgly_e', '4PEPTtex', 'EX_asn__L_e', 'PROtex', 'AACTOOR', 'ASNtex', 'CGLYtex', 'EX_LalaDgluMdapDala_e', 'S2FE2SR', 'S4FE4SR', 'I2FE2ST', 'S4FE4ST', 'S2FE2SS2', 'FADt', 'FADtex']","['ME1', 'EX_glcn_e', 'MGSA', 'EX_fmn_e', 'URIC', 'ALLTN', 'MALS', 'UGLYCH', 'VALabcpp', 'GLCNtex', 'LADGMDH', 'ALAGLUE', '4PEPTabcpp', 'AMPTASECG', 'LALGP', 'Kabcpp', 'LEUabcpp', 'ILEabcpp', 'PROabcpp', '4PCP', 'GLCNt2rpp', 'XAND', 'CPPPGO2', 'G3PEabcpp', 'CGLYabcpp', 'I4FE4SR', 'S2FE2ST', 'I2FE2SS2', 'I4FE4ST', 'GNP', 'ALLTAMH2', 'UGCIAMH', 'FMNtex', 'I2FE2SR', 'FMNt']","['SCYSDS', 'S2FE2SS', 'ICYSDS', 'I2FE2SS']",I4FE4SR,S2FE2SS2,0.0035685027632640074,1,70,4,-18.0,-2.3470162175242034e-05,iML1515,PSL,False,False,0.0,0.0,0.0,0.0
213,"['CYSDS', 'ACP1_FMN', 'EX_met__L_e', 'EX_ile__L_e', 'EX_leu__L_e', 'EX_glcn_e', 'EX_pro__L_e', 'EX_arg__L_e', 'EX_fum_e', 'FTHFD', 'EX_val__L_e', 'SERD_L', 'EX_fmn_e', 'EX_gthrd_e', 'NTPP8', 'GART', 'H2SO', 'GLUCYS', 'VALabcpp', 'ARGabcpp', 'ASNt2rpp', 'ILEtex', 'GLCNtex', 'EX_fad_e', 'PHEtex', 'LEUtex', 'FUMtex', 'LADGMDH', 'ALAGLUE', 'VALtex', '4PEPTabcpp', 'LALGP', 'Kabcpp', 'LEUabcpp', 'METabcpp', 'ATPHs', 'METtex', 'ILEabcpp', 'PROabcpp', 'NTPP9', 'ARGtex', '4PCP', 'GLCNt2rpp', '4PEPTtex', 'EX_asn__L_e', 'EX_phe__L_e', 'GTHS', 'FACOAL161t2pp', 'GTHRDabcpp', 'PROtex', 'ASNtex', '3OAR160', '3OAS160', 'EAR160x', 'EAR140y', '3HAD140', '3HAD160', 'GTHRDtex', 'EX_LalaDgluMdapDala_e', 'SCYSDS', 'S2FE2SS', 'S4FE4SR', 'ICYSDS', 'I4FE4SR', 'S2FE2ST', 'I2FE2SS', 'I2FE2ST', 'I2FE2SS2', 'I4FE4ST', 'S4FE4ST', 'S2FE2SS2', 'GNP', 'FMNtex', 'PHEtipp', 'FADt', 'FADtex', 'FMNt', 'FUMt1pp', 'OPHHXy']","[-1.3346432794585344e-06, -1.2528983481755601e-06, 1.193450160262067e-06, 1.6852941099321228e-06, 2.613430124476235e-06, -3.1032420824139706e-06, 1.2822908882492712e-06, 1.7158236023107065e-06, 2.029408878917449e-06, -1.105117164557079e-06, 2.4585783524599947e-06, 1.0211185605679685e-06, -1.5754579986265163e-06, 1.6882167944247666e-06, 1.8162381670849825e-06, 1.1051171646125901e-06, -1.3346432794492102e-06, 1.8748290773844527e-06, -2.4585783524599947e-06, -1.7158236023107065e-06, -1.398306494593271e-06, -1.685294137132587e-06, 3.103242079305346e-06, 2.8296499943181175e-06, -1.0746811085482477e-06, -2.6134300696867285e-06, -2.0294088471928262e-06, -1.6712262527196486e-06, -1.6712263004592387e-06, -2.4585783648944926e-06, -1.8324182601420214e-06, -1.6712262527196486e-06, -1.1322711784000905e-06, -2.613430124476235e-06, -1.193450160262067e-06, -1.10641073797213e-06, -1.1934502026633709e-06, -1.6852941099321228e-06, -1.2822908882492712e-06, -1.10641073797213e-06, -1.7158236005343497e-06, -2.083035371809594e-06, 3.103242079305346e-06, -1.8324182065043715e-06, 1.398306439859276e-06, 1.0746810585882116e-06, 1.8748290773844527e-06, 1.0476436554215234e-06, -1.8748290773844527e-06, -1.2822908956877654e-06, -1.398306494593271e-06, -1.6129409914356074e-06, -1.6129410111004328e-06, -2.074371277448271e-06, -1.2000648659804547e-06, -1.2000648659804547e-06, -1.6129410111004328e-06, -1.6882167983567342e-06, 1.8324182601420214e-06, 0.0009064620319999999, 0.00023827954149999996, 0.00021495147449999996, -0.0009064696716240746, -0.0002149529827021711, 2.3328066999999997e-05, -0.0002382812005223882, -2.3328229421772274e-05, -0.0002149529827021711, -0.0002149529827021711, 0.00021495147449999996, 0.00021495147449999996, -3.1032420824139706e-06, -1.5754579862914397e-06, 1.0746810585882116e-06, 2.8296499943181175e-06, 2.8296500431679306e-06, -1.5754579986265163e-06, -2.035341481132491e-06, 2.5645288386041314e-06]","[1.3346432794585344e-06, 1.2528983481755601e-06, 1.193450160262067e-06, 1.6852941099321228e-06, 2.613430124476235e-06, 3.1032420824139706e-06, 1.2822908882492712e-06, 1.7158236023107065e-06, 2.029408878917449e-06, 1.105117164557079e-06, 2.4585783524599947e-06, 1.0211185605679685e-06, 1.5754579986265163e-06, 1.6882167944247666e-06, 1.8162381670849825e-06, 1.1051171646125901e-06, 1.3346432794492102e-06, 1.8748290773844527e-06, 2.4585783524599947e-06, 1.7158236023107065e-06, 1.398306494593271e-06, 1.685294137132587e-06, 3.103242079305346e-06, 2.8296499943181175e-06, 1.0746811085482477e-06, 2.6134300696867285e-06, 2.0294088471928262e-06, 1.6712262527196486e-06, 1.6712263004592387e-06, 2.4585783648944926e-06, 1.8324182601420214e-06, 1.6712262527196486e-06, 1.1322711784000905e-06, 2.613430124476235e-06, 1.193450160262067e-06, 1.10641073797213e-06, 1.1934502026633709e-06, 1.6852941099321228e-06, 1.2822908882492712e-06, 1.10641073797213e-06, 1.7158236005343497e-06, 2.083035371809594e-06, 3.103242079305346e-06, 1.8324182065043715e-06, 1.398306439859276e-06, 1.0746810585882116e-06, 1.8748290773844527e-06, 1.0476436554215234e-06, 1.8748290773844527e-06, 1.2822908956877654e-06, 1.398306494593271e-06, 1.6129409914356074e-06, 1.6129410111004328e-06, 2.074371277448271e-06, 1.2000648659804547e-06, 1.2000648659804547e-06, 1.6129410111004328e-06, 1.6882167983567342e-06, 1.8324182601420214e-06, 0.0009064620319999999, 0.00023827954149999996, 0.00021495147449999996, 0.0009064696716240746, 0.0002149529827021711, 2.3328066999999997e-05, 0.0002382812005223882, 2.3328229421772274e-05, 0.0002149529827021711, 0.0002149529827021711, 0.00021495147449999996, 0.00021495147449999996, 3.1032420824139706e-06, 1.5754579862914397e-06, 1.0746810585882116e-06, 2.8296499943181175e-06, 2.8296500431679306e-06, 1.5754579986265163e-06, 2.035341481132491e-06, 2.5645288386041314e-06]","['CYSDS', 'ACP1_FMN', 'EX_glcn_e', 'FTHFD', 'EX_fmn_e', 'H2SO', 'VALabcpp', 'ARGabcpp', 'GLCNtex', 'LADGMDH', 'ALAGLUE', '4PEPTabcpp', 'LALGP', 'Kabcpp', 'LEUabcpp', 'METabcpp', 'ATPHs', 'ILEabcpp', 'PROabcpp', 'NTPP9', '4PCP', 'GLCNt2rpp', 'GTHRDabcpp', '3OAR160', '3OAS160', 'EAR160x', 'EAR140y', '3HAD140', '3HAD160', 'I2FE2SS', 'I2FE2ST', 'GNP', 'FMNtex', 'FMNt']","['EX_met__L_e', 'EX_ile__L_e', 'EX_leu__L_e', 'EX_pro__L_e', 'EX_arg__L_e', 'EX_fum_e', 'EX_val__L_e', 'SERD_L', 'EX_gthrd_e', 'NTPP8', 'GART', 'GLUCYS', 'ASNt2rpp', 'ILEtex', 'EX_fad_e', 'PHEtex', 'LEUtex', 'FUMtex', 'VALtex', 'METtex', 'ARGtex', '4PEPTtex', 'EX_asn__L_e', 'EX_phe__L_e', 'GTHS', 'FACOAL161t2pp', 'PROtex', 'ASNtex', 'GTHRDtex', 'EX_LalaDgluMdapDala_e', 'SCYSDS', 'S2FE2SS', 'S4FE4SR', 'S2FE2ST', 'S4FE4ST', 'S2FE2SS2', 'PHEtipp', 'FADt', 'FADtex', 'OPHHXy']","['ICYSDS', 'I4FE4SR', 'I2FE2SS2', 'I4FE4ST', 'FUMt1pp']",I2FE2SS,SCYSDS,0.0038478043615598973,1,79,5,-19.0,-2.6744619566911596e-05,iML1515,PSL,False,False,0.0,0.0,0.0,0.0
214,"['CYSDS', 'ACP1_FMN', 'EX_ile__L_e', 'EX_leu__L_e', 'EX_glcn_e', 'EX_pro__L_e', 'MGSA', 'URIK1', 'EX_val__L_e', 'SERD_L', 'EX_fmn_e', 'F6PA', 'EX_gthrd_e', 'H2SO', 'GLUCYS', 'VALabcpp', 'ASNt2rpp', 'ILEtex', 'GLCNtex', 'EX_fad_e', 'PHEtex', 'LEUtex', 'LADGMDH', 'ALAGLUE', 'URItex', 'VALtex', '4PEPTabcpp', 'LALGP', 'Kabcpp', 'LEUabcpp', 'ILEabcpp', 'PROabcpp', '4PCP', 'GLCNt2rpp', '4PEPTtex', 'EX_asn__L_e', 'EX_phe__L_e', 'EX_uri_e', 'GTHS', 'GTHRDabcpp', 'PROtex', 'ASNtex', 'EAR140x', 'EAR160x', '3HAD140', 'GTHRDtex', 'EX_LalaDgluMdapDala_e', 'S2FE2SR', 'SCYSDS', 'S2FE2SS', 'S4FE4SR', 'ICYSDS', 'I4FE4SR', 'S2FE2ST', 'I2FE2SS', 'I2FE2ST', 'I2FE2SS2', 'I4FE4ST', 'S4FE4ST', 'S2FE2SS2', 'GNP', 'FMNtex', 'PHEtipp', 'FADt', 'FADtex', 'I2FE2SR', 'FMNt', 'OPHHXy']","[-1.5607862076994806e-06, -1.0723788044833787e-06, 1.669638400092488e-06, 2.58915240136659e-06, -2.6236099186505157e-06, 1.2703789175338986e-06, -1.1075091713302898e-06, -1.055725502921434e-06, 2.4357391399886484e-06, 2.224516304029367e-06, -1.826105842235088e-06, -1.1760472489186213e-06, 1.6145086650931617e-06, -1.5607862076994806e-06, 1.6145086650931617e-06, -2.4357391399886484e-06, -1.385316750202037e-06, -1.6696384363967809e-06, 2.623609930196835e-06, 2.899766257113967e-06, -1.064697698893724e-06, -2.589152359178115e-06, -1.972108749914714e-06, -1.9721087483048905e-06, -1.055725533660734e-06, -2.4357391339435708e-06, -2.2142862679125352e-06, -1.972108749914714e-06, -1.1217528309570568e-06, -2.58915240136659e-06, -1.669638400092488e-06, -1.2703789175338986e-06, -1.972108749914714e-06, 2.623609930196835e-06, -2.1318033986972296e-06, 1.385316730967423e-06, 1.0646977003647695e-06, 1.055725533660734e-06, 1.6145086650931617e-06, -1.6145086650931617e-06, -1.2703789025181322e-06, -1.385316750202037e-06, -1.315350224915616e-06, -1.489747255306595e-06, -1.315350224915616e-06, -1.6145086192409508e-06, 2.131803347904526e-06, -1.666301993781344e-06, 0.0009014631260186558, 0.00023827954149999996, 0.0002132851725062186, -0.0009014706946736713, -0.00021328666669779338, 2.3328066999999997e-05, -0.00023828118511073218, -2.3328227912938818e-05, -0.00021328666669779338, -0.00021328666669779338, 0.0002132851725062186, 0.0002132851725062186, -2.6236099186505157e-06, -1.8261058585267165e-06, 1.0646977003647695e-06, 2.899766257113967e-06, 2.8997662866458995e-06, 1.6662904999999999e-06, -1.826105842235088e-06, 2.6889123356015282e-06]","[1.5607862076994806e-06, 1.0723788044833787e-06, 1.669638400092488e-06, 2.58915240136659e-06, 2.6236099186505157e-06, 1.2703789175338986e-06, 1.1075091713302898e-06, 1.055725502921434e-06, 2.4357391399886484e-06, 2.224516304029367e-06, 1.826105842235088e-06, 1.1760472489186213e-06, 1.6145086650931617e-06, 1.5607862076994806e-06, 1.6145086650931617e-06, 2.4357391399886484e-06, 1.385316750202037e-06, 1.6696384363967809e-06, 2.623609930196835e-06, 2.899766257113967e-06, 1.064697698893724e-06, 2.589152359178115e-06, 1.972108749914714e-06, 1.9721087483048905e-06, 1.055725533660734e-06, 2.4357391339435708e-06, 2.2142862679125352e-06, 1.972108749914714e-06, 1.1217528309570568e-06, 2.58915240136659e-06, 1.669638400092488e-06, 1.2703789175338986e-06, 1.972108749914714e-06, 2.623609930196835e-06, 2.1318033986972296e-06, 1.385316730967423e-06, 1.0646977003647695e-06, 1.055725533660734e-06, 1.6145086650931617e-06, 1.6145086650931617e-06, 1.2703789025181322e-06, 1.385316750202037e-06, 1.315350224915616e-06, 1.489747255306595e-06, 1.315350224915616e-06, 1.6145086192409508e-06, 2.131803347904526e-06, 1.666301993781344e-06, 0.0009014631260186558, 0.00023827954149999996, 0.0002132851725062186, 0.0009014706946736713, 0.00021328666669779338, 2.3328066999999997e-05, 0.00023828118511073218, 2.3328227912938818e-05, 0.00021328666669779338, 0.00021328666669779338, 0.0002132851725062186, 0.0002132851725062186, 2.6236099186505157e-06, 1.8261058585267165e-06, 1.0646977003647695e-06, 2.899766257113967e-06, 2.8997662866458995e-06, 1.6662904999999999e-06, 1.826105842235088e-06, 2.6889123356015282e-06]","['EX_ile__L_e', 'EX_leu__L_e', 'EX_pro__L_e', 'EX_val__L_e', 'SERD_L', 'EX_gthrd_e', 'ASNt2rpp', 'ILEtex', 'EX_fad_e', 'PHEtex', 'LEUtex', 'URItex', 'VALtex', '4PEPTtex', 'EX_asn__L_e', 'EX_phe__L_e', 'EX_uri_e', 'PROtex', 'ASNtex', 'GTHRDtex', 'EX_LalaDgluMdapDala_e', 'S2FE2SS', 'S2FE2ST', 'PHEtipp', 'FADt', 'FADtex', 'I2FE2SR', 'OPHHXy']","['CYSDS', 'ACP1_FMN', 'EX_glcn_e', 'MGSA', 'URIK1', 'EX_fmn_e', 'H2SO', 'VALabcpp', 'GLCNtex', 'LADGMDH', 'ALAGLUE', '4PEPTabcpp', 'LALGP', 'Kabcpp', 'LEUabcpp', 'ILEabcpp', 'PROabcpp', '4PCP', 'GLCNt2rpp', 'GTHRDabcpp', 'EAR140x', 'EAR160x', '3HAD140', 'S2FE2SR', 'I2FE2SS', 'I2FE2ST', 'GNP', 'FMNtex', 'FMNt']","['F6PA', 'GLUCYS', 'GTHS', 'SCYSDS', 'S4FE4SR', 'ICYSDS', 'I4FE4SR', 'I2FE2SS2', 'I4FE4ST', 'S4FE4ST', 'S2FE2SS2']",I2FE2SS,S2FE2SS,0.003831766714818196,1,68,11,-16.0,-2.1428631511185507e-05,iML1515,PSL,False,False,0.0,0.0,0.0,0.0
215,"['CYSDS', 'ACP1_FMN', 'PFL', 'EX_ile__L_e', 'EX_leu__L_e', 'EX_glcn_e', 'EX_pro__L_e', 'EX_arg__L_e', 'EX_val__L_e', 'SERD_L', 'EX_fmn_e', 'EX_gthrd_e', 'H2SO', 'GLUCYS', 'THRabcpp', 'VALabcpp', 'ARGabcpp', 'ILEtex', 'GLCNtex', 'EX_fad_e', 'PHEtex', 'LEUtex', 'LADGMDH', 'ALAGLUE', 'VALtex', '4PEPTabcpp', 'LALGP', 'Kabcpp', 'LEUabcpp', 'THRtex', 'ATPHs', 'ILEabcpp', 'PROabcpp', 'NTPP9', 'ARGtex', '4PCP', 'GLCNt2rpp', '4PEPTtex', 'EX_phe__L_e', 'EX_thr__L_e', 'GTHS', 'GTHRDabcpp', 'PROtex', 'EAR140y', '3HAD140', 'GTHRDtex', 'EX_LalaDgluMdapDala_e', 'SCYSDS', 'S2FE2SS', 'S4FE4SR', 'ICYSDS', 'I4FE4SR', 'I2FE2SS', 'I2FE2SS2', 'I4FE4ST', 'S4FE4ST', 'S2FE2SS2', 'GNP', 'FMNtex', 'PHEtipp', 'FADt', 'FADtex', 'FMNt', 'OPHHXy']","[-1.1786434902516518e-06, -1.0700648641843785e-06, -1.662519738586301e-06, 1.5981380071805606e-06, 2.4782748521134934e-06, -2.354341769761348e-06, 1.2159763644326027e-06, 1.6270886466496215e-06, 2.331431341373591e-06, 1.3726904706801157e-06, -1.5118393910988842e-06, 1.0111978479207528e-06, -1.1786434902516518e-06, 1.0111978479207528e-06, -1.1197106992710815e-06, -2.331431341373591e-06, -1.6270886466496215e-06, -1.5981380556695512e-06, 2.354341745558486e-06, 2.5831309500845556e-06, -1.0191032515649567e-06, -2.478274836903438e-06, -1.8876554033209203e-06, -1.8876553440350108e-06, -2.3314313466471503e-06, -2.2673816423846027e-06, -1.8876554033209203e-06, -1.0737150233919301e-06, -2.4782748521134934e-06, -1.1197106459803763e-06, -1.0349708892687381e-06, -1.5981380071805606e-06, -1.2159763644326027e-06, -1.0349708892687381e-06, -1.6270886362690362e-06, -2.10690208535258e-06, 2.354341745558486e-06, -2.0737066961373785e-06, 1.0191032148165746e-06, 1.1197106992710815e-06, 1.0111978479207528e-06, -1.0111978479207528e-06, -1.2159763400632073e-06, -1.2032567124157605e-06, -1.2032567124157605e-06, -1.0111978099303087e-06, 2.073706672266282e-06, 0.0008598055899559547, 0.0002149513204779774, 0.00021495147449999996, -0.000859812834491803, -0.00021495290470449545, -0.0002149528937029224, -0.00021495290470449545, -0.00021495290470449545, 0.00021495147449999996, 0.00021495147449999996, -2.354341769761348e-06, -1.511839400336612e-06, 1.0191032148165746e-06, 2.5831309500845556e-06, 2.5831309358181898e-06, -1.5118393910988842e-06, 2.1487780896301554e-06]","[1.1786434902516518e-06, 1.0700648641843785e-06, 1.662519738586301e-06, 1.5981380071805606e-06, 2.4782748521134934e-06, 2.354341769761348e-06, 1.2159763644326027e-06, 1.6270886466496215e-06, 2.331431341373591e-06, 1.3726904706801157e-06, 1.5118393910988842e-06, 1.0111978479207528e-06, 1.1786434902516518e-06, 1.0111978479207528e-06, 1.1197106992710815e-06, 2.331431341373591e-06, 1.6270886466496215e-06, 1.5981380556695512e-06, 2.354341745558486e-06, 2.5831309500845556e-06, 1.0191032515649567e-06, 2.478274836903438e-06, 1.8876554033209203e-06, 1.8876553440350108e-06, 2.3314313466471503e-06, 2.2673816423846027e-06, 1.8876554033209203e-06, 1.0737150233919301e-06, 2.4782748521134934e-06, 1.1197106459803763e-06, 1.0349708892687381e-06, 1.5981380071805606e-06, 1.2159763644326027e-06, 1.0349708892687381e-06, 1.6270886362690362e-06, 2.10690208535258e-06, 2.354341745558486e-06, 2.0737066961373785e-06, 1.0191032148165746e-06, 1.1197106992710815e-06, 1.0111978479207528e-06, 1.0111978479207528e-06, 1.2159763400632073e-06, 1.2032567124157605e-06, 1.2032567124157605e-06, 1.0111978099303087e-06, 2.073706672266282e-06, 0.0008598055899559547, 0.0002149513204779774, 0.00021495147449999996, 0.000859812834491803, 0.00021495290470449545, 0.0002149528937029224, 0.00021495290470449545, 0.00021495290470449545, 0.00021495147449999996, 0.00021495147449999996, 2.354341769761348e-06, 1.511839400336612e-06, 1.0191032148165746e-06, 2.5831309500845556e-06, 2.5831309358181898e-06, 1.5118393910988842e-06, 2.1487780896301554e-06]","['CYSDS', 'ACP1_FMN', 'PFL', 'EX_glcn_e', 'EX_fmn_e', 'H2SO', 'THRabcpp', 'VALabcpp', 'ARGabcpp', 'GLCNtex', '4PEPTabcpp', 'Kabcpp', 'LEUabcpp', 'ATPHs', 'ILEabcpp', 'PROabcpp', 'NTPP9', '4PCP', 'GLCNt2rpp', 'GTHRDabcpp', 'EAR140y', '3HAD140', 'I2FE2SS', 'GNP', 'FMNtex', 'FMNt']","['EX_ile__L_e', 'EX_leu__L_e', 'EX_pro__L_e', 'EX_arg__L_e', 'EX_val__L_e', 'SERD_L', 'EX_gthrd_e', 'ILEtex', 'EX_fad_e', 'PHEtex', 'LEUtex', 'VALtex', 'THRtex', 'ARGtex', '4PEPTtex', 'EX_phe__L_e', 'EX_thr__L_e', 'PROtex', 'GTHRDtex', 'EX_LalaDgluMdapDala_e', 'S4FE4SR', 'S4FE4ST', 'S2FE2SS2', 'PHEtipp', 'FADt', 'FADtex', 'OPHHXy']","['GLUCYS', 'LADGMDH', 'ALAGLUE', 'LALGP', 'GTHS', 'SCYSDS', 'S2FE2SS', 'ICYSDS', 'I4FE4SR', 'I2FE2SS2', 'I4FE4ST']",I2FE2SS,S4FE4SR,0.003655004946152096,1,64,11,-16.0,-2.2295375718795623e-05,iML1515,PSL,False,False,0.0,0.0,0.0,0.0
216,"['S2FE2SS', 'ICYSDS', 'S2FE2ST', 'I2FE2SS', 'I2FE2ST']","[2.1661742967638307e-05, -4.352286783289178e-05, 2.1661742967638307e-05, -2.1661825899999996e-05, -2.1598732021842027e-05]","[2.1661742967638307e-05, 4.352286783289178e-05, 2.1661742967638307e-05, 2.1661825899999996e-05, 2.1598732021842027e-05]",['I2FE2SS'],['S2FE2ST'],"['S2FE2SS', 'ICYSDS', 'I2FE2ST']",I2FE2SS,S2FE2ST,0.0001740883803321292,1,5,3,-1.0,-4.345993981945719e-05,iML1515,PSL,False,False,0.0,0.0,0.0,0.0
217,"['CYSDS', 'ACP1_FMN', 'PFL', 'EX_ile__L_e', 'EX_leu__L_e', 'EX_glcn_e', 'EX_pro__L_e', 'EX_arg__L_e', 'EX_val__L_e', 'SERD_L', 'EX_fmn_e', 'EX_gthrd_e', 'H2SO', 'GLUCYS', 'THRabcpp', 'VALabcpp', 'ARGabcpp', 'ILEtex', 'GLCNtex', 'EX_fad_e', 'PHEtex', 'LEUtex', 'LADGMDH', 'ALAGLUE', 'VALtex', '4PEPTabcpp', 'LALGP', 'Kabcpp', 'LEUabcpp', 'THRtex', 'ATPHs', 'ILEabcpp', 'PROabcpp', 'NTPP9', 'ARGtex', '4PCP', 'GLCNt2rpp', '4PEPTtex', 'EX_phe__L_e', 'EX_thr__L_e', 'GTHS', 'GTHRDabcpp', 'PROtex', 'EAR140y', '3HAD140', 'GTHRDtex', 'EX_LalaDgluMdapDala_e', 'SCYSDS', 'S2FE2SS', 'S4FE4SR', 'ICYSDS', 'I4FE4SR', 'I2FE2SS', 'I2FE2SS2', 'I4FE4ST', 'S4FE4ST', 'S2FE2SS2', 'GNP', 'FMNtex', 'PHEtipp', 'FADt', 'FADtex', 'FMNt', 'OPHHXy']","[-1.1786434902516518e-06, -1.0700648641843785e-06, -1.662519738586301e-06, 1.5981380071805606e-06, 2.4782748521134934e-06, -2.354341769761348e-06, 1.2159763644326027e-06, 1.6270886466496215e-06, 2.331431341373591e-06, 1.3726904706801157e-06, -1.5118393910988842e-06, 1.0111978479207528e-06, -1.1786434902516518e-06, 1.0111978479207528e-06, -1.1197106992710815e-06, -2.331431341373591e-06, -1.6270886466496215e-06, -1.5981380556695512e-06, 2.354341745558486e-06, 2.5831309500845556e-06, -1.0191032515649567e-06, -2.478274836903438e-06, -1.8876554033209203e-06, -1.8876553440350108e-06, -2.3314313466471503e-06, -2.2673816423846027e-06, -1.8876554033209203e-06, -1.0737150233919301e-06, -2.4782748521134934e-06, -1.1197106459803763e-06, -1.0349708892687381e-06, -1.5981380071805606e-06, -1.2159763644326027e-06, -1.0349708892687381e-06, -1.6270886362690362e-06, -2.10690208535258e-06, 2.354341745558486e-06, -2.0737066961373785e-06, 1.0191032148165746e-06, 1.1197106992710815e-06, 1.0111978479207528e-06, -1.0111978479207528e-06, -1.2159763400632073e-06, -1.2032567124157605e-06, -1.2032567124157605e-06, -1.0111978099303087e-06, 2.073706672266282e-06, 0.0008598055899559547, 0.0002149513204779774, 0.00021495147449999996, -0.000859812834491803, -0.00021495290470449545, -0.0002149528937029224, -0.00021495290470449545, -0.00021495290470449545, 0.00021495147449999996, 0.00021495147449999996, -2.354341769761348e-06, -1.511839400336612e-06, 1.0191032148165746e-06, 2.5831309500845556e-06, 2.5831309358181898e-06, -1.5118393910988842e-06, 2.1487780896301554e-06]","[1.1786434902516518e-06, 1.0700648641843785e-06, 1.662519738586301e-06, 1.5981380071805606e-06, 2.4782748521134934e-06, 2.354341769761348e-06, 1.2159763644326027e-06, 1.6270886466496215e-06, 2.331431341373591e-06, 1.3726904706801157e-06, 1.5118393910988842e-06, 1.0111978479207528e-06, 1.1786434902516518e-06, 1.0111978479207528e-06, 1.1197106992710815e-06, 2.331431341373591e-06, 1.6270886466496215e-06, 1.5981380556695512e-06, 2.354341745558486e-06, 2.5831309500845556e-06, 1.0191032515649567e-06, 2.478274836903438e-06, 1.8876554033209203e-06, 1.8876553440350108e-06, 2.3314313466471503e-06, 2.2673816423846027e-06, 1.8876554033209203e-06, 1.0737150233919301e-06, 2.4782748521134934e-06, 1.1197106459803763e-06, 1.0349708892687381e-06, 1.5981380071805606e-06, 1.2159763644326027e-06, 1.0349708892687381e-06, 1.6270886362690362e-06, 2.10690208535258e-06, 2.354341745558486e-06, 2.0737066961373785e-06, 1.0191032148165746e-06, 1.1197106992710815e-06, 1.0111978479207528e-06, 1.0111978479207528e-06, 1.2159763400632073e-06, 1.2032567124157605e-06, 1.2032567124157605e-06, 1.0111978099303087e-06, 2.073706672266282e-06, 0.0008598055899559547, 0.0002149513204779774, 0.00021495147449999996, 0.000859812834491803, 0.00021495290470449545, 0.0002149528937029224, 0.00021495290470449545, 0.00021495290470449545, 0.00021495147449999996, 0.00021495147449999996, 2.354341769761348e-06, 1.511839400336612e-06, 1.0191032148165746e-06, 2.5831309500845556e-06, 2.5831309358181898e-06, 1.5118393910988842e-06, 2.1487780896301554e-06]","['CYSDS', 'ACP1_FMN', 'PFL', 'EX_glcn_e', 'EX_fmn_e', 'H2SO', 'THRabcpp', 'VALabcpp', 'ARGabcpp', 'GLCNtex', '4PEPTabcpp', 'Kabcpp', 'LEUabcpp', 'ATPHs', 'ILEabcpp', 'PROabcpp', 'NTPP9', '4PCP', 'GLCNt2rpp', 'GTHRDabcpp', 'EAR140y', '3HAD140', 'I2FE2SS', 'GNP', 'FMNtex', 'FMNt']","['EX_ile__L_e', 'EX_leu__L_e', 'EX_pro__L_e', 'EX_arg__L_e', 'EX_val__L_e', 'SERD_L', 'EX_gthrd_e', 'ILEtex', 'EX_fad_e', 'PHEtex', 'LEUtex', 'VALtex', 'THRtex', 'ARGtex', '4PEPTtex', 'EX_phe__L_e', 'EX_thr__L_e', 'PROtex', 'GTHRDtex', 'EX_LalaDgluMdapDala_e', 'S4FE4SR', 'S4FE4ST', 'S2FE2SS2', 'PHEtipp', 'FADt', 'FADtex', 'OPHHXy']","['GLUCYS', 'LADGMDH', 'ALAGLUE', 'LALGP', 'GTHS', 'SCYSDS', 'S2FE2SS', 'ICYSDS', 'I4FE4SR', 'I2FE2SS2', 'I4FE4ST']",I2FE2SS,S4FE4ST,0.003655004946152096,1,64,11,-16.0,-2.2295375718795623e-05,iML1515,PSL,False,False,0.0,0.0,0.0,0.0
218,"['CYSDS', 'ACP1_FMN', 'PFL', 'EX_ile__L_e', 'EX_leu__L_e', 'EX_glcn_e', 'EX_pro__L_e', 'EX_arg__L_e', 'EX_val__L_e', 'SERD_L', 'EX_fmn_e', 'EX_gthrd_e', 'H2SO', 'GLUCYS', 'THRabcpp', 'VALabcpp', 'ARGabcpp', 'ILEtex', 'GLCNtex', 'EX_fad_e', 'PHEtex', 'LEUtex', 'LADGMDH', 'ALAGLUE', 'VALtex', '4PEPTabcpp', 'LALGP', 'Kabcpp', 'LEUabcpp', 'THRtex', 'ATPHs', 'ILEabcpp', 'PROabcpp', 'NTPP9', 'ARGtex', '4PCP', 'GLCNt2rpp', '4PEPTtex', 'EX_phe__L_e', 'EX_thr__L_e', 'GTHS', 'GTHRDabcpp', 'PROtex', 'EAR140y', '3HAD140', 'GTHRDtex', 'EX_LalaDgluMdapDala_e', 'SCYSDS', 'S2FE2SS', 'S4FE4SR', 'ICYSDS', 'I4FE4SR', 'I2FE2SS', 'I2FE2SS2', 'I4FE4ST', 'S4FE4ST', 'S2FE2SS2', 'GNP', 'FMNtex', 'PHEtipp', 'FADt', 'FADtex', 'FMNt', 'OPHHXy']","[-1.1786434902516518e-06, -1.0700648641843785e-06, -1.662519738586301e-06, 1.5981380071805606e-06, 2.4782748521134934e-06, -2.354341769761348e-06, 1.2159763644326027e-06, 1.6270886466496215e-06, 2.331431341373591e-06, 1.3726904706801157e-06, -1.5118393910988842e-06, 1.0111978479207528e-06, -1.1786434902516518e-06, 1.0111978479207528e-06, -1.1197106992710815e-06, -2.331431341373591e-06, -1.6270886466496215e-06, -1.5981380556695512e-06, 2.354341745558486e-06, 2.5831309500845556e-06, -1.0191032515649567e-06, -2.478274836903438e-06, -1.8876554033209203e-06, -1.8876553440350108e-06, -2.3314313466471503e-06, -2.2673816423846027e-06, -1.8876554033209203e-06, -1.0737150233919301e-06, -2.4782748521134934e-06, -1.1197106459803763e-06, -1.0349708892687381e-06, -1.5981380071805606e-06, -1.2159763644326027e-06, -1.0349708892687381e-06, -1.6270886362690362e-06, -2.10690208535258e-06, 2.354341745558486e-06, -2.0737066961373785e-06, 1.0191032148165746e-06, 1.1197106992710815e-06, 1.0111978479207528e-06, -1.0111978479207528e-06, -1.2159763400632073e-06, -1.2032567124157605e-06, -1.2032567124157605e-06, -1.0111978099303087e-06, 2.073706672266282e-06, 0.0008598055899559547, 0.0002149513204779774, 0.00021495147449999996, -0.000859812834491803, -0.00021495290470449545, -0.0002149528937029224, -0.00021495290470449545, -0.00021495290470449545, 0.00021495147449999996, 0.00021495147449999996, -2.354341769761348e-06, -1.511839400336612e-06, 1.0191032148165746e-06, 2.5831309500845556e-06, 2.5831309358181898e-06, -1.5118393910988842e-06, 2.1487780896301554e-06]","[1.1786434902516518e-06, 1.0700648641843785e-06, 1.662519738586301e-06, 1.5981380071805606e-06, 2.4782748521134934e-06, 2.354341769761348e-06, 1.2159763644326027e-06, 1.6270886466496215e-06, 2.331431341373591e-06, 1.3726904706801157e-06, 1.5118393910988842e-06, 1.0111978479207528e-06, 1.1786434902516518e-06, 1.0111978479207528e-06, 1.1197106992710815e-06, 2.331431341373591e-06, 1.6270886466496215e-06, 1.5981380556695512e-06, 2.354341745558486e-06, 2.5831309500845556e-06, 1.0191032515649567e-06, 2.478274836903438e-06, 1.8876554033209203e-06, 1.8876553440350108e-06, 2.3314313466471503e-06, 2.2673816423846027e-06, 1.8876554033209203e-06, 1.0737150233919301e-06, 2.4782748521134934e-06, 1.1197106459803763e-06, 1.0349708892687381e-06, 1.5981380071805606e-06, 1.2159763644326027e-06, 1.0349708892687381e-06, 1.6270886362690362e-06, 2.10690208535258e-06, 2.354341745558486e-06, 2.0737066961373785e-06, 1.0191032148165746e-06, 1.1197106992710815e-06, 1.0111978479207528e-06, 1.0111978479207528e-06, 1.2159763400632073e-06, 1.2032567124157605e-06, 1.2032567124157605e-06, 1.0111978099303087e-06, 2.073706672266282e-06, 0.0008598055899559547, 0.0002149513204779774, 0.00021495147449999996, 0.000859812834491803, 0.00021495290470449545, 0.0002149528937029224, 0.00021495290470449545, 0.00021495290470449545, 0.00021495147449999996, 0.00021495147449999996, 2.354341769761348e-06, 1.511839400336612e-06, 1.0191032148165746e-06, 2.5831309500845556e-06, 2.5831309358181898e-06, 1.5118393910988842e-06, 2.1487780896301554e-06]","['CYSDS', 'ACP1_FMN', 'PFL', 'EX_glcn_e', 'EX_fmn_e', 'H2SO', 'THRabcpp', 'VALabcpp', 'ARGabcpp', 'GLCNtex', '4PEPTabcpp', 'Kabcpp', 'LEUabcpp', 'ATPHs', 'ILEabcpp', 'PROabcpp', 'NTPP9', '4PCP', 'GLCNt2rpp', 'GTHRDabcpp', 'EAR140y', '3HAD140', 'I2FE2SS', 'GNP', 'FMNtex', 'FMNt']","['EX_ile__L_e', 'EX_leu__L_e', 'EX_pro__L_e', 'EX_arg__L_e', 'EX_val__L_e', 'SERD_L', 'EX_gthrd_e', 'ILEtex', 'EX_fad_e', 'PHEtex', 'LEUtex', 'VALtex', 'THRtex', 'ARGtex', '4PEPTtex', 'EX_phe__L_e', 'EX_thr__L_e', 'PROtex', 'GTHRDtex', 'EX_LalaDgluMdapDala_e', 'S4FE4SR', 'S4FE4ST', 'S2FE2SS2', 'PHEtipp', 'FADt', 'FADtex', 'OPHHXy']","['GLUCYS', 'LADGMDH', 'ALAGLUE', 'LALGP', 'GTHS', 'SCYSDS', 'S2FE2SS', 'ICYSDS', 'I4FE4SR', 'I2FE2SS2', 'I4FE4ST']",I2FE2SS,S2FE2SS2,0.003655004946152096,1,64,11,-16.0,-2.2295375718795623e-05,iML1515,PSL,False,False,0.0,0.0,0.0,0.0
219,"['S2FE2SR', 'SCYSDS', 'S2FE2SS', 'S2FE2ST', 'I2FE2SS', 'I2FE2ST', 'I2FE2SR']","[1.6662942999999997e-06, 4.498994609999999e-05, 2.1661825899999996e-05, 2.3328120199999996e-05, -2.1690738893096628e-05, -2.3328129225790947e-05, -1.6662949446993533e-06]","[1.6662942999999997e-06, 4.498994609999999e-05, 2.1661825899999996e-05, 2.3328120199999996e-05, 2.1690738893096628e-05, 2.3328129225790947e-05, 1.6662949446993533e-06]","['I2FE2ST', 'I2FE2SR']","['S2FE2SR', 'SCYSDS', 'S2FE2SS', 'S2FE2ST']",['I2FE2SS'],I2FE2ST,SCYSDS,0.00018335028956645272,1,7,1,1.0,4.496102343641305e-05,iML1515,PSL,False,False,0.0,0.0,0.0,0.0
220,"['SCYSDS', 'S2FE2SS', 'S2FE2ST', 'I2FE2SS', 'I2FE2ST']","[4.332350729963671e-05, 2.1661825899999996e-05, 2.1661898150181636e-05, -2.1661905375199773e-05, -2.1661905375199773e-05]","[4.332350729963671e-05, 2.1661825899999996e-05, 2.1661898150181636e-05, 2.1661905375199773e-05, 2.1661905375199773e-05]",['I2FE2ST'],['S2FE2SS'],"['SCYSDS', 'S2FE2ST', 'I2FE2SS']",I2FE2ST,S2FE2SS,0.00017379211242356165,1,5,3,1.0,4.33234205994188e-05,iML1515,PSL,False,False,0.0,0.0,0.0,0.0
221,"['S2FE2SR', 'S2FE2SS', 'S4FE4SR', 'I4FE4SR', 'S2FE2ST', 'I2FE2ST', 'I2FE2SS2', 'I4FE4ST', 'S4FE4ST', 'S2FE2SS2', 'I2FE2SR']","[1.6662942999999997e-06, 1.0414339374999998e-05, -1.1247486524999998e-05, 1.1247486525000066e-05, 2.3328120199999996e-05, -2.3328120200000023e-05, 1.1247486525000066e-05, 1.1247486525000066e-05, -1.1247486524999998e-05, -1.1247486524999998e-05, -1.6662943000000016e-06]","[1.6662942999999997e-06, 1.0414339374999998e-05, 1.1247486524999998e-05, 1.1247486525000066e-05, 2.3328120199999996e-05, 2.3328120200000023e-05, 1.1247486525000066e-05, 1.1247486525000066e-05, 1.1247486524999998e-05, 1.1247486524999998e-05, 1.6662943000000016e-06]","['S2FE2SR', 'S2FE2ST']","['S4FE4SR', 'I2FE2ST', 'S4FE4ST', 'S2FE2SS2', 'I2FE2SR']","['S2FE2SS', 'I4FE4SR', 'I2FE2SS2', 'I4FE4ST']",I2FE2ST,S2FE2ST,0.00013830242690000014,1,11,4,1.0,1.0414339375000173e-05,iML1515,PSL,False,False,0.0,0.0,0.0,0.0
222,"['CYSDS', 'ACP1_FMN', 'PFL', 'EX_ile__L_e', 'EX_leu__L_e', 'EX_glcn_e', 'EX_pro__L_e', 'EX_arg__L_e', 'EX_fum_e', 'EX_ura_e', 'EX_val__L_e', 'SERD_L', 'EX_fmn_e', 'UPPRT', 'VALabcpp', 'ARGabcpp', 'ILEtex', 'GLCNtex', 'EX_fad_e', 'PHEtex', 'LEUtex', 'FUMtex', 'LADGMDH', 'ALAGLUE', 'URAtex', 'VALtex', '4PEPTabcpp', 'AMPTASECG', 'LALGP', 'Kabcpp', 'LEUabcpp', 'ILEabcpp', 'PROabcpp', 'EX_cgly_e', 'ARGtex', '4PCP', 'GLCNt2rpp', '4PEPTtex', 'EX_phe__L_e', 'PROtex', 'CGLYtex', 'CGLYabcpp', 'EAR140y', 'EX_LalaDgluMdapDala_e', 'S2FE2SR', 'SCYSDS', 'S2FE2SS', 'S4FE4SR', 'ICYSDS', 'I4FE4SR', 'I2FE2SS', 'I2FE2SS2', 'I4FE4ST', 'S4FE4ST', 'S2FE2SS2', 'GNP', 'FMNtex', 'PHEtipp', 'FADt', 'FADtex', 'I2FE2SR', 'FMNt', 'URAtpp']","[-1.539505319863156e-06, -1.34685027460002e-06, -4.0309937808116845e-06, 1.610251078976166e-06, 2.497058912753758e-06, -2.2566508852683853e-06, 1.2251928457052141e-06, 1.6394211495296407e-06, 1.706017428659834e-06, 1.3510330125303394e-06, 2.3491023739552475e-06, 1.0844737724780007e-06, -1.2220871398599398e-06, -1.3510330125303394e-06, -2.3491023739552475e-06, -1.6394211495296407e-06, -1.6102510471682763e-06, 2.2566508732779766e-06, 2.570173541827092e-06, -1.0268274763802765e-06, -2.4970588583528297e-06, -1.706017428659834e-06, -2.4174765442253054e-06, -2.417476594018808e-06, -1.3510330063581932e-06, -2.3491023739552475e-06, -2.4944837569707e-06, -2.0556376425506784e-06, -2.4174765442253054e-06, -1.0818532361900335e-06, -2.497058912753758e-06, -1.610251078976166e-06, -1.2251928457052141e-06, 2.0556376425506784e-06, -1.6394211570514017e-06, -2.4944837569707e-06, 2.2566508732779766e-06, -2.5714909952512244e-06, 1.0268274979463587e-06, -1.225192818310461e-06, -2.055637651210418e-06, -2.0556376425506784e-06, -1.810071382123829e-06, 2.5714909696189503e-06, 1.6662904999999999e-06, 0.0008648047694999998, 0.00021495147449999996, 0.00021661776499999995, -0.0008648120689457386, -0.0002166192060447168, -0.00021495305964918846, -0.0002166192060447168, -0.0002166192060447168, 0.00021661776499999995, 0.00021661776499999995, -2.2566508852683853e-06, -1.222087121277582e-06, 1.0268274979463587e-06, 2.570173541827092e-06, 2.5701735921757063e-06, -1.66630158495936e-06, -1.2220871398599398e-06, 1.3510330125303394e-06]","[1.539505319863156e-06, 1.34685027460002e-06, 4.0309937808116845e-06, 1.610251078976166e-06, 2.497058912753758e-06, 2.2566508852683853e-06, 1.2251928457052141e-06, 1.6394211495296407e-06, 1.706017428659834e-06, 1.3510330125303394e-06, 2.3491023739552475e-06, 1.0844737724780007e-06, 1.2220871398599398e-06, 1.3510330125303394e-06, 2.3491023739552475e-06, 1.6394211495296407e-06, 1.6102510471682763e-06, 2.2566508732779766e-06, 2.570173541827092e-06, 1.0268274763802765e-06, 2.4970588583528297e-06, 1.706017428659834e-06, 2.4174765442253054e-06, 2.417476594018808e-06, 1.3510330063581932e-06, 2.3491023739552475e-06, 2.4944837569707e-06, 2.0556376425506784e-06, 2.4174765442253054e-06, 1.0818532361900335e-06, 2.497058912753758e-06, 1.610251078976166e-06, 1.2251928457052141e-06, 2.0556376425506784e-06, 1.6394211570514017e-06, 2.4944837569707e-06, 2.2566508732779766e-06, 2.5714909952512244e-06, 1.0268274979463587e-06, 1.225192818310461e-06, 2.055637651210418e-06, 2.0556376425506784e-06, 1.810071382123829e-06, 2.5714909696189503e-06, 1.6662904999999999e-06, 0.0008648047694999998, 0.00021495147449999996, 0.00021661776499999995, 0.0008648120689457386, 0.0002166192060447168, 0.00021495305964918846, 0.0002166192060447168, 0.0002166192060447168, 0.00021661776499999995, 0.00021661776499999995, 2.2566508852683853e-06, 1.222087121277582e-06, 1.0268274979463587e-06, 2.570173541827092e-06, 2.5701735921757063e-06, 1.66630158495936e-06, 1.2220871398599398e-06, 1.3510330125303394e-06]","['CYSDS', 'ACP1_FMN', 'PFL', 'EX_glcn_e', 'EX_fmn_e', 'UPPRT', 'VALabcpp', 'ARGabcpp', 'GLCNtex', 'LADGMDH', 'ALAGLUE', '4PEPTabcpp', 'AMPTASECG', 'LALGP', 'Kabcpp', 'LEUabcpp', 'ILEabcpp', 'PROabcpp', '4PCP', 'GLCNt2rpp', 'CGLYabcpp', 'I4FE4SR', 'I2FE2SS2', 'I4FE4ST', 'GNP', 'FMNtex', 'I2FE2SR', 'FMNt']","['EX_ile__L_e', 'EX_leu__L_e', 'EX_pro__L_e', 'EX_arg__L_e', 'EX_fum_e', 'EX_ura_e', 'EX_val__L_e', 'SERD_L', 'ILEtex', 'EX_fad_e', 'PHEtex', 'LEUtex', 'FUMtex', 'URAtex', 'VALtex', 'EX_cgly_e', 'ARGtex', '4PEPTtex', 'EX_phe__L_e', 'PROtex', 'CGLYtex', 'EX_LalaDgluMdapDala_e', 'S2FE2SR', 'SCYSDS', 'S2FE2SS', 'S4FE4SR', 'S4FE4ST', 'S2FE2SS2', 'PHEtipp', 'FADt', 'FADtex', 'URAtpp']","['EAR140y', 'ICYSDS', 'I2FE2SS']",I2FE2SS2,SCYSDS,0.003674446198283737,1,63,3,-15.0,-2.934063102925422e-05,iML1515,PSL,False,False,0.0,0.0,0.0,0.0
223,"['ACP1_FMN', 'PFL', 'EX_ile__L_e', 'EX_leu__L_e', 'EX_glcn_e', 'EX_pro__L_e', 'EX_arg__L_e', 'EX_fum_e', 'EX_val__L_e', 'ASPT', 'EX_fmn_e', 'EX_gthrd_e', 'GLUCYS', 'THRabcpp', 'VALabcpp', 'ARGabcpp', 'ILEtex', 'GLCNtex', 'EX_fad_e', 'PHEtex', 'LEUtex', 'FUMtex', 'LADGMDH', 'ALAGLUE', 'VALtex', '4PEPTabcpp', 'LALGP', 'Kabcpp', 'LEUabcpp', 'THRtex', 'ILEabcpp', 'PROabcpp', 'ARGtex', '4PCP', 'GLCNt2rpp', '4PEPTtex', 'EX_phe__L_e', 'EX_thr__L_e', 'GTHS', 'EX_g3pe_e', 'G3PEtex', 'G3PEabcpp', 'GTHRDabcpp', 'PROtex', 'EAR140x', 'GTHRDtex', 'OPHHX3', 'EX_LalaDgluMdapDala_e', 'SCYSDS', 'S2FE2SS', 'S4FE4SR', 'ICYSDS', 'I4FE4SR', 'I2FE2SS', 'I2FE2SS2', 'I4FE4ST', 'S4FE4ST', 'S2FE2SS2', 'GNP', 'FMNtex', 'PHEtipp', 'FADt', 'FADtex', 'FMNt']","[-1.2159486732772806e-06, -2.4333473639557776e-06, 1.6051560345620164e-06, 2.4891578926933278e-06, -2.865063131185508e-06, 1.221316175747944e-06, 1.6342338072239393e-06, 2.228207790722081e-06, 2.341669549564985e-06, 1.6246546403753115e-06, -1.53529830153073e-06, 1.2427771665934895e-06, 1.2427771665934895e-06, -1.3049755564300582e-06, -2.341669549564985e-06, -1.6342338072239393e-06, -1.6051560578489443e-06, 2.865063152057701e-06, 2.7524789955046813e-06, -1.0235785339318682e-06, -2.489157850504853e-06, -2.228207790722081e-06, -1.8959448109256982e-06, -1.8959448198074824e-06, -2.341669528505008e-06, -1.8959448109256982e-06, -1.8959448109256982e-06, -1.0784301114619144e-06, -2.4891578926933278e-06, -1.3049755125393858e-06, -1.6051560345620164e-06, -1.221316175747944e-06, -1.6342338540198398e-06, -1.8959448109256982e-06, 2.865063152057701e-06, -2.049471959253424e-06, 1.0235784818068971e-06, 1.3049755564300582e-06, 1.2427771665934895e-06, 1.0187805296503715e-06, -1.018780494632665e-06, -1.0187805296226157e-06, -1.2427771665934895e-06, -1.2213162108309916e-06, -1.442291275299823e-06, -1.2427772162482142e-06, -1.076727379824803e-06, 2.0494719145079665e-06, 0.0008598058648503434, 0.00021495147449999966, 0.00021495146345011456, -0.000859813141199685, -0.00021495289993517827, -0.00021495305463356968, -0.00021495289993517827, -0.00021495289993517827, 0.00021495146345011456, 0.00021495146345011456, -2.865063131185508e-06, -1.5352983382399543e-06, 1.0235784818068971e-06, 2.7524789955046813e-06, 2.7524789629751467e-06, -1.53529830153073e-06]","[1.2159486732772806e-06, 2.4333473639557776e-06, 1.6051560345620164e-06, 2.4891578926933278e-06, 2.865063131185508e-06, 1.221316175747944e-06, 1.6342338072239393e-06, 2.228207790722081e-06, 2.341669549564985e-06, 1.6246546403753115e-06, 1.53529830153073e-06, 1.2427771665934895e-06, 1.2427771665934895e-06, 1.3049755564300582e-06, 2.341669549564985e-06, 1.6342338072239393e-06, 1.6051560578489443e-06, 2.865063152057701e-06, 2.7524789955046813e-06, 1.0235785339318682e-06, 2.489157850504853e-06, 2.228207790722081e-06, 1.8959448109256982e-06, 1.8959448198074824e-06, 2.341669528505008e-06, 1.8959448109256982e-06, 1.8959448109256982e-06, 1.0784301114619144e-06, 2.4891578926933278e-06, 1.3049755125393858e-06, 1.6051560345620164e-06, 1.221316175747944e-06, 1.6342338540198398e-06, 1.8959448109256982e-06, 2.865063152057701e-06, 2.049471959253424e-06, 1.0235784818068971e-06, 1.3049755564300582e-06, 1.2427771665934895e-06, 1.0187805296503715e-06, 1.018780494632665e-06, 1.0187805296226157e-06, 1.2427771665934895e-06, 1.2213162108309916e-06, 1.442291275299823e-06, 1.2427772162482142e-06, 1.076727379824803e-06, 2.0494719145079665e-06, 0.0008598058648503434, 0.00021495147449999966, 0.00021495146345011456, 0.000859813141199685, 0.00021495289993517827, 0.00021495305463356968, 0.00021495289993517827, 0.00021495289993517827, 0.00021495146345011456, 0.00021495146345011456, 2.865063131185508e-06, 1.5352983382399543e-06, 1.0235784818068971e-06, 2.7524789955046813e-06, 2.7524789629751467e-06, 1.53529830153073e-06]","['ACP1_FMN', 'PFL', 'EX_glcn_e', 'EX_fmn_e', 'THRabcpp', 'VALabcpp', 'ARGabcpp', 'GLCNtex', 'LADGMDH', 'ALAGLUE', '4PEPTabcpp', 'LALGP', 'Kabcpp', 'LEUabcpp', 'ILEabcpp', 'PROabcpp', '4PCP', 'GLCNt2rpp', 'G3PEabcpp', 'GTHRDabcpp', 'EAR140x', 'OPHHX3', 'I4FE4SR', 'I2FE2SS2', 'I4FE4ST', 'GNP', 'FMNtex', 'FMNt']","['EX_ile__L_e', 'EX_leu__L_e', 'EX_pro__L_e', 'EX_arg__L_e', 'EX_fum_e', 'EX_val__L_e', 'ASPT', 'EX_gthrd_e', 'ILEtex', 'EX_fad_e', 'PHEtex', 'LEUtex', 'FUMtex', 'VALtex', 'THRtex', 'ARGtex', '4PEPTtex', 'EX_phe__L_e', 'EX_thr__L_e', 'EX_g3pe_e', 'G3PEtex', 'PROtex', 'GTHRDtex', 'EX_LalaDgluMdapDala_e', 'S2FE2SS', 'PHEtipp', 'FADt', 'FADtex']","['GLUCYS', 'GTHS', 'SCYSDS', 'S4FE4SR', 'ICYSDS', 'I2FE2SS', 'S4FE4ST', 'S2FE2SS2']",I2FE2SS2,S2FE2SS,0.003648795000704982,1,64,8,-14.0,-2.081237211760858e-05,iML1515,PSL,False,False,0.0,0.0,0.0,0.0
224,"['ACP1_FMN', 'EX_ile__L_e', 'EX_leu__L_e', 'EX_glcn_e', 'EX_pro__L_e', 'EX_arg__L_e', 'EX_fum_e', 'FTHFD', 'EX_val__L_e', 'SERD_L', 'EX_fmn_e', 'HACD7', 'GART', 'ACACT7r', 'VALabcpp', 'ARGabcpp', 'ILEtex', 'GLCNtex', 'EX_fad_e', 'LEUtex', 'FUMtex', 'LADGMDH', 'ALAGLUE', 'VALtex', '4PEPTabcpp', 'AMPTASECG', 'LALGP', 'Kabcpp', 'LEUabcpp', 'ATPHs', 'ILEabcpp', 'PROabcpp', 'EX_cgly_e', 'NTPP9', 'ARGtex', '4PCP', 'DAAD', 'GLCNt2rpp', '4PEPTtex', 'ECOAH7', 'PROtex', 'CGLYtex', 'CGLYabcpp', 'EAR140y', '3HAD140', 'FA140ACPHi', 'EX_LalaDgluMdapDala_e', 'S2FE2SR', 'SCYSDS', 'S2FE2SS', 'S4FE4SR', 'ICYSDS', 'I4FE4SR', 'S2FE2ST', 'I2FE2SS', 'I2FE2ST', 'I2FE2SS2', 'I4FE4ST', 'S4FE4ST', 'S2FE2SS2', 'GNP', 'FMNtex', 'FADt', 'FADtex', 'I2FE2SR', 'FMNt', 'OPHHXy']","[-1.2835686302264363e-06, 1.5345936671962157e-06, 2.3797349643639443e-06, -3.004502422854216e-06, 1.167627338760635e-06, 1.562393186244071e-06, 1.6798504702819628e-06, -1.4139736684293247e-06, 2.2387301757320534e-06, 1.5789877863929547e-06, -1.084339876793693e-06, -1.2545816616693628e-06, 1.4139736683738136e-06, -1.2545816616693628e-06, -2.2387301757320534e-06, -1.562393186244071e-06, -1.5345937072197557e-06, 3.004502445946855e-06, 2.3690863708569765e-06, -2.3797349513188237e-06, -1.6798504702819628e-06, -2.0979928688422134e-06, -2.0979928194719832e-06, -2.238730189674243e-06, -2.0979928688422134e-06, -1.4750513927332988e-06, -2.0979928688422134e-06, -1.0310225198872924e-06, -2.3797349643639443e-06, -1.4151515693727745e-06, -1.5345936671962157e-06, -1.167627338760635e-06, 1.4750513927332988e-06, -1.4151515693727745e-06, -1.5623932085873093e-06, -2.0979928688422134e-06, -1.4895918552942922e-06, 3.004502445946855e-06, -2.244770939796581e-06, -1.2545816616693628e-06, -1.167627374343283e-06, -1.4750513628314366e-06, -1.4750513927332988e-06, -1.2020706194346928e-06, -1.2020706194346928e-06, -1.1876292322771098e-06, 2.2447709489073486e-06, 1.6662904999999999e-06, 0.0008181483397042432, 0.00019162325960212168, 0.00021661776499999995, -0.0008181552961865901, -0.00021661913833744123, -2.3328214897878285e-05, -0.00019162477027330705, 2.3328066999999997e-05, -0.00021661913833744123, -0.00021661913833744123, 0.00021661776499999995, 0.00021661776499999995, -3.004502422854216e-06, -1.0843398285942385e-06, 2.3690863708569765e-06, 2.369086359976791e-06, -1.6663010641341633e-06, -1.084339876793693e-06, 2.0208634861383157e-06]","[1.2835686302264363e-06, 1.5345936671962157e-06, 2.3797349643639443e-06, 3.004502422854216e-06, 1.167627338760635e-06, 1.562393186244071e-06, 1.6798504702819628e-06, 1.4139736684293247e-06, 2.2387301757320534e-06, 1.5789877863929547e-06, 1.084339876793693e-06, 1.2545816616693628e-06, 1.4139736683738136e-06, 1.2545816616693628e-06, 2.2387301757320534e-06, 1.562393186244071e-06, 1.5345937072197557e-06, 3.004502445946855e-06, 2.3690863708569765e-06, 2.3797349513188237e-06, 1.6798504702819628e-06, 2.0979928688422134e-06, 2.0979928194719832e-06, 2.238730189674243e-06, 2.0979928688422134e-06, 1.4750513927332988e-06, 2.0979928688422134e-06, 1.0310225198872924e-06, 2.3797349643639443e-06, 1.4151515693727745e-06, 1.5345936671962157e-06, 1.167627338760635e-06, 1.4750513927332988e-06, 1.4151515693727745e-06, 1.5623932085873093e-06, 2.0979928688422134e-06, 1.4895918552942922e-06, 3.004502445946855e-06, 2.244770939796581e-06, 1.2545816616693628e-06, 1.167627374343283e-06, 1.4750513628314366e-06, 1.4750513927332988e-06, 1.2020706194346928e-06, 1.2020706194346928e-06, 1.1876292322771098e-06, 2.2447709489073486e-06, 1.6662904999999999e-06, 0.0008181483397042432, 0.00019162325960212168, 0.00021661776499999995, 0.0008181552961865901, 0.00021661913833744123, 2.3328214897878285e-05, 0.00019162477027330705, 2.3328066999999997e-05, 0.00021661913833744123, 0.00021661913833744123, 0.00021661776499999995, 0.00021661776499999995, 3.004502422854216e-06, 1.0843398285942385e-06, 2.3690863708569765e-06, 2.369086359976791e-06, 1.6663010641341633e-06, 1.084339876793693e-06, 2.0208634861383157e-06]","['EX_ile__L_e', 'EX_leu__L_e', 'EX_pro__L_e', 'EX_arg__L_e', 'EX_fum_e', 'EX_val__L_e', 'SERD_L', 'GART', 'ILEtex', 'EX_fad_e', 'LEUtex', 'FUMtex', 'VALtex', 'EX_cgly_e', 'ARGtex', '4PEPTtex', 'PROtex', 'CGLYtex', 'EX_LalaDgluMdapDala_e', 'S2FE2SR', 'S4FE4SR', 'I2FE2ST', 'S4FE4ST', 'S2FE2SS2', 'FADt', 'FADtex', 'OPHHXy']","['ACP1_FMN', 'EX_glcn_e', 'FTHFD', 'EX_fmn_e', 'VALabcpp', 'ARGabcpp', 'GLCNtex', 'LADGMDH', 'ALAGLUE', '4PEPTabcpp', 'AMPTASECG', 'LALGP', 'Kabcpp', 'LEUabcpp', 'ATPHs', 'ILEabcpp', 'PROabcpp', 'NTPP9', '4PCP', 'DAAD', 'GLCNt2rpp', 'CGLYabcpp', 'EAR140y', '3HAD140', 'FA140ACPHi', 'I4FE4SR', 'S2FE2ST', 'I2FE2SS2', 'I4FE4ST', 'GNP', 'FMNtex', 'I2FE2SR', 'FMNt']","['HACD7', 'ACACT7r', 'ECOAH7', 'SCYSDS', 'S2FE2SS', 'ICYSDS', 'I2FE2SS']",I2FE2SS2,S4FE4SR,0.0035713630273301626,1,67,7,-21.0,-2.8871802862444782e-05,iML1515,PSL,False,False,0.0,0.0,0.0,0.0
225,"['ACP1_FMN', 'EX_ile__L_e', 'EX_leu__L_e', 'EX_glcn_e', 'EX_pro__L_e', 'EX_arg__L_e', 'EX_fum_e', 'FTHFD', 'EX_val__L_e', 'SERD_L', 'EX_fmn_e', 'HACD7', 'GART', 'ACACT7r', 'VALabcpp', 'ARGabcpp', 'ILEtex', 'GLCNtex', 'EX_fad_e', 'LEUtex', 'FUMtex', 'LADGMDH', 'ALAGLUE', 'VALtex', '4PEPTabcpp', 'AMPTASECG', 'LALGP', 'Kabcpp', 'LEUabcpp', 'ATPHs', 'ILEabcpp', 'PROabcpp', 'EX_cgly_e', 'NTPP9', 'ARGtex', '4PCP', 'DAAD', 'GLCNt2rpp', '4PEPTtex', 'ECOAH7', 'PROtex', 'CGLYtex', 'CGLYabcpp', 'EAR140y', '3HAD140', 'FA140ACPHi', 'EX_LalaDgluMdapDala_e', 'S2FE2SR', 'SCYSDS', 'S2FE2SS', 'S4FE4SR', 'ICYSDS', 'I4FE4SR', 'S2FE2ST', 'I2FE2SS', 'I2FE2ST', 'I2FE2SS2', 'I4FE4ST', 'S4FE4ST', 'S2FE2SS2', 'GNP', 'FMNtex', 'FADt', 'FADtex', 'I2FE2SR', 'FMNt', 'OPHHXy']","[-1.2835686302264363e-06, 1.5345936671962157e-06, 2.3797349643639443e-06, -3.004502422854216e-06, 1.167627338760635e-06, 1.562393186244071e-06, 1.6798504702819628e-06, -1.4139736684293247e-06, 2.2387301757320534e-06, 1.5789877863929547e-06, -1.084339876793693e-06, -1.2545816616693628e-06, 1.4139736683738136e-06, -1.2545816616693628e-06, -2.2387301757320534e-06, -1.562393186244071e-06, -1.5345937072197557e-06, 3.004502445946855e-06, 2.3690863708569765e-06, -2.3797349513188237e-06, -1.6798504702819628e-06, -2.0979928688422134e-06, -2.0979928194719832e-06, -2.238730189674243e-06, -2.0979928688422134e-06, -1.4750513927332988e-06, -2.0979928688422134e-06, -1.0310225198872924e-06, -2.3797349643639443e-06, -1.4151515693727745e-06, -1.5345936671962157e-06, -1.167627338760635e-06, 1.4750513927332988e-06, -1.4151515693727745e-06, -1.5623932085873093e-06, -2.0979928688422134e-06, -1.4895918552942922e-06, 3.004502445946855e-06, -2.244770939796581e-06, -1.2545816616693628e-06, -1.167627374343283e-06, -1.4750513628314366e-06, -1.4750513927332988e-06, -1.2020706194346928e-06, -1.2020706194346928e-06, -1.1876292322771098e-06, 2.2447709489073486e-06, 1.6662904999999999e-06, 0.0008181483397042432, 0.00019162325960212168, 0.00021661776499999995, -0.0008181552961865901, -0.00021661913833744123, -2.3328214897878285e-05, -0.00019162477027330705, 2.3328066999999997e-05, -0.00021661913833744123, -0.00021661913833744123, 0.00021661776499999995, 0.00021661776499999995, -3.004502422854216e-06, -1.0843398285942385e-06, 2.3690863708569765e-06, 2.369086359976791e-06, -1.6663010641341633e-06, -1.084339876793693e-06, 2.0208634861383157e-06]","[1.2835686302264363e-06, 1.5345936671962157e-06, 2.3797349643639443e-06, 3.004502422854216e-06, 1.167627338760635e-06, 1.562393186244071e-06, 1.6798504702819628e-06, 1.4139736684293247e-06, 2.2387301757320534e-06, 1.5789877863929547e-06, 1.084339876793693e-06, 1.2545816616693628e-06, 1.4139736683738136e-06, 1.2545816616693628e-06, 2.2387301757320534e-06, 1.562393186244071e-06, 1.5345937072197557e-06, 3.004502445946855e-06, 2.3690863708569765e-06, 2.3797349513188237e-06, 1.6798504702819628e-06, 2.0979928688422134e-06, 2.0979928194719832e-06, 2.238730189674243e-06, 2.0979928688422134e-06, 1.4750513927332988e-06, 2.0979928688422134e-06, 1.0310225198872924e-06, 2.3797349643639443e-06, 1.4151515693727745e-06, 1.5345936671962157e-06, 1.167627338760635e-06, 1.4750513927332988e-06, 1.4151515693727745e-06, 1.5623932085873093e-06, 2.0979928688422134e-06, 1.4895918552942922e-06, 3.004502445946855e-06, 2.244770939796581e-06, 1.2545816616693628e-06, 1.167627374343283e-06, 1.4750513628314366e-06, 1.4750513927332988e-06, 1.2020706194346928e-06, 1.2020706194346928e-06, 1.1876292322771098e-06, 2.2447709489073486e-06, 1.6662904999999999e-06, 0.0008181483397042432, 0.00019162325960212168, 0.00021661776499999995, 0.0008181552961865901, 0.00021661913833744123, 2.3328214897878285e-05, 0.00019162477027330705, 2.3328066999999997e-05, 0.00021661913833744123, 0.00021661913833744123, 0.00021661776499999995, 0.00021661776499999995, 3.004502422854216e-06, 1.0843398285942385e-06, 2.3690863708569765e-06, 2.369086359976791e-06, 1.6663010641341633e-06, 1.084339876793693e-06, 2.0208634861383157e-06]","['EX_ile__L_e', 'EX_leu__L_e', 'EX_pro__L_e', 'EX_arg__L_e', 'EX_fum_e', 'EX_val__L_e', 'SERD_L', 'GART', 'ILEtex', 'EX_fad_e', 'LEUtex', 'FUMtex', 'VALtex', 'EX_cgly_e', 'ARGtex', '4PEPTtex', 'PROtex', 'CGLYtex', 'EX_LalaDgluMdapDala_e', 'S2FE2SR', 'S4FE4SR', 'I2FE2ST', 'S4FE4ST', 'S2FE2SS2', 'FADt', 'FADtex', 'OPHHXy']","['ACP1_FMN', 'EX_glcn_e', 'FTHFD', 'EX_fmn_e', 'VALabcpp', 'ARGabcpp', 'GLCNtex', 'LADGMDH', 'ALAGLUE', '4PEPTabcpp', 'AMPTASECG', 'LALGP', 'Kabcpp', 'LEUabcpp', 'ATPHs', 'ILEabcpp', 'PROabcpp', 'NTPP9', '4PCP', 'DAAD', 'GLCNt2rpp', 'CGLYabcpp', 'EAR140y', '3HAD140', 'FA140ACPHi', 'I4FE4SR', 'S2FE2ST', 'I2FE2SS2', 'I4FE4ST', 'GNP', 'FMNtex', 'I2FE2SR', 'FMNt']","['HACD7', 'ACACT7r', 'ECOAH7', 'SCYSDS', 'S2FE2SS', 'ICYSDS', 'I2FE2SS']",I2FE2SS2,S4FE4ST,0.0035713630273301626,1,67,7,-21.0,-2.8871802862444782e-05,iML1515,PSL,False,False,0.0,0.0,0.0,0.0
226,"['ACP1_FMN', 'EX_ile__L_e', 'EX_leu__L_e', 'EX_glcn_e', 'EX_pro__L_e', 'EX_arg__L_e', 'EX_fum_e', 'FTHFD', 'EX_val__L_e', 'SERD_L', 'EX_fmn_e', 'HACD7', 'GART', 'ACACT7r', 'VALabcpp', 'ARGabcpp', 'ILEtex', 'GLCNtex', 'EX_fad_e', 'LEUtex', 'FUMtex', 'LADGMDH', 'ALAGLUE', 'VALtex', '4PEPTabcpp', 'AMPTASECG', 'LALGP', 'Kabcpp', 'LEUabcpp', 'ATPHs', 'ILEabcpp', 'PROabcpp', 'EX_cgly_e', 'NTPP9', 'ARGtex', '4PCP', 'DAAD', 'GLCNt2rpp', '4PEPTtex', 'ECOAH7', 'PROtex', 'CGLYtex', 'CGLYabcpp', 'EAR140y', '3HAD140', 'FA140ACPHi', 'EX_LalaDgluMdapDala_e', 'S2FE2SR', 'SCYSDS', 'S2FE2SS', 'S4FE4SR', 'ICYSDS', 'I4FE4SR', 'S2FE2ST', 'I2FE2SS', 'I2FE2ST', 'I2FE2SS2', 'I4FE4ST', 'S4FE4ST', 'S2FE2SS2', 'GNP', 'FMNtex', 'FADt', 'FADtex', 'I2FE2SR', 'FMNt', 'OPHHXy']","[-1.2835686302264363e-06, 1.5345936671962157e-06, 2.3797349643639443e-06, -3.004502422854216e-06, 1.167627338760635e-06, 1.562393186244071e-06, 1.6798504702819628e-06, -1.4139736684293247e-06, 2.2387301757320534e-06, 1.5789877863929547e-06, -1.084339876793693e-06, -1.2545816616693628e-06, 1.4139736683738136e-06, -1.2545816616693628e-06, -2.2387301757320534e-06, -1.562393186244071e-06, -1.5345937072197557e-06, 3.004502445946855e-06, 2.3690863708569765e-06, -2.3797349513188237e-06, -1.6798504702819628e-06, -2.0979928688422134e-06, -2.0979928194719832e-06, -2.238730189674243e-06, -2.0979928688422134e-06, -1.4750513927332988e-06, -2.0979928688422134e-06, -1.0310225198872924e-06, -2.3797349643639443e-06, -1.4151515693727745e-06, -1.5345936671962157e-06, -1.167627338760635e-06, 1.4750513927332988e-06, -1.4151515693727745e-06, -1.5623932085873093e-06, -2.0979928688422134e-06, -1.4895918552942922e-06, 3.004502445946855e-06, -2.244770939796581e-06, -1.2545816616693628e-06, -1.167627374343283e-06, -1.4750513628314366e-06, -1.4750513927332988e-06, -1.2020706194346928e-06, -1.2020706194346928e-06, -1.1876292322771098e-06, 2.2447709489073486e-06, 1.6662904999999999e-06, 0.0008181483397042432, 0.00019162325960212168, 0.00021661776499999995, -0.0008181552961865901, -0.00021661913833744123, -2.3328214897878285e-05, -0.00019162477027330705, 2.3328066999999997e-05, -0.00021661913833744123, -0.00021661913833744123, 0.00021661776499999995, 0.00021661776499999995, -3.004502422854216e-06, -1.0843398285942385e-06, 2.3690863708569765e-06, 2.369086359976791e-06, -1.6663010641341633e-06, -1.084339876793693e-06, 2.0208634861383157e-06]","[1.2835686302264363e-06, 1.5345936671962157e-06, 2.3797349643639443e-06, 3.004502422854216e-06, 1.167627338760635e-06, 1.562393186244071e-06, 1.6798504702819628e-06, 1.4139736684293247e-06, 2.2387301757320534e-06, 1.5789877863929547e-06, 1.084339876793693e-06, 1.2545816616693628e-06, 1.4139736683738136e-06, 1.2545816616693628e-06, 2.2387301757320534e-06, 1.562393186244071e-06, 1.5345937072197557e-06, 3.004502445946855e-06, 2.3690863708569765e-06, 2.3797349513188237e-06, 1.6798504702819628e-06, 2.0979928688422134e-06, 2.0979928194719832e-06, 2.238730189674243e-06, 2.0979928688422134e-06, 1.4750513927332988e-06, 2.0979928688422134e-06, 1.0310225198872924e-06, 2.3797349643639443e-06, 1.4151515693727745e-06, 1.5345936671962157e-06, 1.167627338760635e-06, 1.4750513927332988e-06, 1.4151515693727745e-06, 1.5623932085873093e-06, 2.0979928688422134e-06, 1.4895918552942922e-06, 3.004502445946855e-06, 2.244770939796581e-06, 1.2545816616693628e-06, 1.167627374343283e-06, 1.4750513628314366e-06, 1.4750513927332988e-06, 1.2020706194346928e-06, 1.2020706194346928e-06, 1.1876292322771098e-06, 2.2447709489073486e-06, 1.6662904999999999e-06, 0.0008181483397042432, 0.00019162325960212168, 0.00021661776499999995, 0.0008181552961865901, 0.00021661913833744123, 2.3328214897878285e-05, 0.00019162477027330705, 2.3328066999999997e-05, 0.00021661913833744123, 0.00021661913833744123, 0.00021661776499999995, 0.00021661776499999995, 3.004502422854216e-06, 1.0843398285942385e-06, 2.3690863708569765e-06, 2.369086359976791e-06, 1.6663010641341633e-06, 1.084339876793693e-06, 2.0208634861383157e-06]","['EX_ile__L_e', 'EX_leu__L_e', 'EX_pro__L_e', 'EX_arg__L_e', 'EX_fum_e', 'EX_val__L_e', 'SERD_L', 'GART', 'ILEtex', 'EX_fad_e', 'LEUtex', 'FUMtex', 'VALtex', 'EX_cgly_e', 'ARGtex', '4PEPTtex', 'PROtex', 'CGLYtex', 'EX_LalaDgluMdapDala_e', 'S2FE2SR', 'S4FE4SR', 'I2FE2ST', 'S4FE4ST', 'S2FE2SS2', 'FADt', 'FADtex', 'OPHHXy']","['ACP1_FMN', 'EX_glcn_e', 'FTHFD', 'EX_fmn_e', 'VALabcpp', 'ARGabcpp', 'GLCNtex', 'LADGMDH', 'ALAGLUE', '4PEPTabcpp', 'AMPTASECG', 'LALGP', 'Kabcpp', 'LEUabcpp', 'ATPHs', 'ILEabcpp', 'PROabcpp', 'NTPP9', '4PCP', 'DAAD', 'GLCNt2rpp', 'CGLYabcpp', 'EAR140y', '3HAD140', 'FA140ACPHi', 'I4FE4SR', 'S2FE2ST', 'I2FE2SS2', 'I4FE4ST', 'GNP', 'FMNtex', 'I2FE2SR', 'FMNt']","['HACD7', 'ACACT7r', 'ECOAH7', 'SCYSDS', 'S2FE2SS', 'ICYSDS', 'I2FE2SS']",I2FE2SS2,S2FE2SS2,0.0035713630273301626,1,67,7,-21.0,-2.8871802862444782e-05,iML1515,PSL,False,False,0.0,0.0,0.0,0.0
227,"['ACP1_FMN', 'PFL', 'EX_ile__L_e', 'EX_leu__L_e', 'EX_glcn_e', 'EX_pro__L_e', 'EX_arg__L_e', 'EX_thymd_e', 'EX_fum_e', 'TMDK1', 'EX_val__L_e', 'ASPT', 'SERD_L', 'EX_fmn_e', 'EX_gthrd_e', 'GLUCYS', 'THRabcpp', 'VALabcpp', 'ARGabcpp', 'ILEtex', 'GLCNtex', 'EX_fad_e', 'PHEtex', 'LEUtex', 'FUMtex', 'LADGMDH', 'ALAGLUE', 'VALtex', '4PEPTabcpp', 'LALGP', 'Kabcpp', 'LEUabcpp', 'THRtex', 'THMDtex', 'ILEabcpp', 'PROabcpp', 'ARGtex', '4PCP', 'GLCNt2rpp', '4PEPTtex', 'EX_phe__L_e', 'EX_thr__L_e', 'DUTPDP', 'GTHS', 'GTHRDabcpp', 'PROtex', '3OAR160', '3OAS160', 'EAR160x', 'EAR140y', '3HAD140', '3HAD160', 'GTHRDtex', 'EX_LalaDgluMdapDala_e', 'S2FE2SR', 'SCYSDS', 'S2FE2SS', 'S4FE4SR', 'ICYSDS', 'I4FE4SR', 'RNTR4c2', 'I2FE2SS', 'I2FE2SS2', 'I4FE4ST', 'S4FE4ST', 'S2FE2SS2', 'GNP', 'FMNtex', 'PHEtipp', 'FADt', 'FADtex', 'I2FE2SR', 'FMNt', 'OPHHXy']","[-1.235065513448437e-06, -2.388704275001251e-06, 1.6041434051927705e-06, 3.268484233376334e-06, -2.9209134753127586e-06, 1.2205456957348204e-06, 1.6332028338339466e-06, 1.2469989769670065e-06, 2.219847829110222e-06, -1.246998996617954e-06, 2.336470820818448e-06, 1.6985240092193266e-06, 1.2191642227710187e-06, -1.566111930246855e-06, 1.1450741825291821e-06, 1.1450741825291821e-06, -1.4326721531182076e-06, -2.336470820818448e-06, -1.6332028338339466e-06, -1.604143449185358e-06, 2.9209135163910105e-06, 2.8024087590505786e-06, -1.0229327926936094e-06, -3.268484192631149e-06, -2.219847829110222e-06, -1.89474873441009e-06, -1.8947487205878133e-06, -2.336470856789674e-06, -2.0481789838010245e-06, -1.89474873441009e-06, -1.077749772621095e-06, -3.268484233376334e-06, -1.432672206647112e-06, -1.2469989769670065e-06, -1.6041434051927705e-06, -1.2205456957348204e-06, -1.6332028280885424e-06, -2.0481789838010245e-06, 2.9209135163910105e-06, -2.048178998848016e-06, 1.022932746674865e-06, 1.4326721531182076e-06, 1.1025245505551229e-06, 1.1450741825291821e-06, -1.1450741825291821e-06, -1.2205456414449145e-06, -1.1259954817433027e-06, -1.125995449741124e-06, -1.125995449741124e-06, -1.2012262222626697e-06, -1.2012262222626697e-06, -1.125995449741124e-06, -1.1450741794760688e-06, 2.0481789838010245e-06, 1.6662904999999999e-06, 0.0008648047694999998, 0.00021495147449999996, 0.00021661776499999995, -0.0008648120412589797, -0.00021661920057884185, 1.1025245505551229e-06, -0.000214953053636726, -0.00021661920057884185, -0.00021661920057884185, 0.00021661776499999995, 0.00021661776499999995, -2.9209134753127586e-06, -1.5661119050491834e-06, 1.022932746674865e-06, 2.8024087590505786e-06, 2.80240874417359e-06, -1.666301542914168e-06, -1.566111930246855e-06, 1.391374438851887e-06]","[1.235065513448437e-06, 2.388704275001251e-06, 1.6041434051927705e-06, 3.268484233376334e-06, 2.9209134753127586e-06, 1.2205456957348204e-06, 1.6332028338339466e-06, 1.2469989769670065e-06, 2.219847829110222e-06, 1.246998996617954e-06, 2.336470820818448e-06, 1.6985240092193266e-06, 1.2191642227710187e-06, 1.566111930246855e-06, 1.1450741825291821e-06, 1.1450741825291821e-06, 1.4326721531182076e-06, 2.336470820818448e-06, 1.6332028338339466e-06, 1.604143449185358e-06, 2.9209135163910105e-06, 2.8024087590505786e-06, 1.0229327926936094e-06, 3.268484192631149e-06, 2.219847829110222e-06, 1.89474873441009e-06, 1.8947487205878133e-06, 2.336470856789674e-06, 2.0481789838010245e-06, 1.89474873441009e-06, 1.077749772621095e-06, 3.268484233376334e-06, 1.432672206647112e-06, 1.2469989769670065e-06, 1.6041434051927705e-06, 1.2205456957348204e-06, 1.6332028280885424e-06, 2.0481789838010245e-06, 2.9209135163910105e-06, 2.048178998848016e-06, 1.022932746674865e-06, 1.4326721531182076e-06, 1.1025245505551229e-06, 1.1450741825291821e-06, 1.1450741825291821e-06, 1.2205456414449145e-06, 1.1259954817433027e-06, 1.125995449741124e-06, 1.125995449741124e-06, 1.2012262222626697e-06, 1.2012262222626697e-06, 1.125995449741124e-06, 1.1450741794760688e-06, 2.0481789838010245e-06, 1.6662904999999999e-06, 0.0008648047694999998, 0.00021495147449999996, 0.00021661776499999995, 0.0008648120412589797, 0.00021661920057884185, 1.1025245505551229e-06, 0.000214953053636726, 0.00021661920057884185, 0.00021661920057884185, 0.00021661776499999995, 0.00021661776499999995, 2.9209134753127586e-06, 1.5661119050491834e-06, 1.022932746674865e-06, 2.8024087590505786e-06, 2.80240874417359e-06, 1.666301542914168e-06, 1.566111930246855e-06, 1.391374438851887e-06]","['ACP1_FMN', 'PFL', 'EX_glcn_e', 'TMDK1', 'EX_fmn_e', 'THRabcpp', 'VALabcpp', 'ARGabcpp', 'GLCNtex', 'LADGMDH', 'ALAGLUE', '4PEPTabcpp', 'LALGP', 'Kabcpp', 'LEUabcpp', 'ILEabcpp', 'PROabcpp', '4PCP', 'GLCNt2rpp', 'GTHRDabcpp', '3OAR160', '3OAS160', 'EAR160x', 'EAR140y', '3HAD160', 'I4FE4SR', 'I2FE2SS2', 'I4FE4ST', 'GNP', 'FMNtex', 'I2FE2SR', 'FMNt']","['EX_ile__L_e', 'EX_leu__L_e', 'EX_pro__L_e', 'EX_arg__L_e', 'EX_thymd_e', 'EX_fum_e', 'EX_val__L_e', 'ASPT', 'SERD_L', 'EX_gthrd_e', 'GLUCYS', 'ILEtex', 'EX_fad_e', 'PHEtex', 'LEUtex', 'FUMtex', 'VALtex', 'THRtex', 'THMDtex', 'ARGtex', '4PEPTtex', 'EX_phe__L_e', 'EX_thr__L_e', 'DUTPDP', 'GTHS', 'PROtex', 'GTHRDtex', 'EX_LalaDgluMdapDala_e', 'S2FE2SR', 'SCYSDS', 'S2FE2SS', 'S4FE4SR', 'RNTR4c2', 'S4FE4ST', 'S2FE2SS2', 'PHEtipp', 'FADt', 'FADtex', 'OPHHXy']","['3HAD140', 'ICYSDS', 'I2FE2SS']",I4FE4ST,SCYSDS,0.0036763828061518932,1,74,3,-14.0,-2.1753235618091152e-05,iML1515,PSL,False,False,0.0,0.0,0.0,0.0
228,"['ME1', 'PFL', 'EX_ile__L_e', 'EX_leu__L_e', 'EX_glcn_e', 'EX_pro__L_e', 'EX_arg__L_e', 'EX_fum_e', 'MGSA', 'EX_val__L_e', 'ASPT', 'SERD_L', 'THRD', 'EX_fmn_e', 'URIC', 'ALLTN', 'ADD', 'MALS', 'UGLYCH', 'VALabcpp', 'ARGabcpp', 'ILEtex', 'GLCNtex', 'EX_fad_e', 'PHEtex', 'LEUtex', 'FUMtex', 'LADGMDH', 'ALAGLUE', 'VALtex', '4PEPTabcpp', 'LALGP', 'Kabcpp', 'LEUabcpp', 'ILEabcpp', 'PROabcpp', 'ARGtex', '4PCP', 'DAAD', 'GLCNt2rpp', '4PEPTtex', 'XAND', 'EX_phe__L_e', 'PROtex', 'EX_LalaDgluMdapDala_e', 'SCYSDS', 'S2FE2SS', 'S4FE4SR', 'ICYSDS', 'I4FE4SR', 'I2FE2SS', 'I2FE2SS2', 'I4FE4ST', 'S4FE4ST', 'S2FE2SS2', 'GNP', 'ALLTAMH2', 'UGCIAMH', 'FMNtex', 'PHEtipp', 'FADt', 'FADtex', 'FMNt']","[-1.0506877286516406e-06, -2.438558245624863e-06, 1.5950777635942437e-06, 2.473529251478812e-06, -2.433448102134861e-06, 1.2136479147772938e-06, 1.6239729660194602e-06, 2.391005750723707e-06, -1.690487592770351e-06, 2.3269669412003717e-06, 1.792322667892865e-06, 2.1114043262659976e-06, 2.1764793486922507e-06, -2.2090358758175403e-06, -1.463411178227042e-06, -1.463411178227042e-06, -1.463411178227042e-06, -1.4621868517698767e-06, -1.463411178227042e-06, -2.3269669412003717e-06, -1.6239729660194602e-06, -1.595077719684923e-06, 2.4334481167898048e-06, 3.185212576362062e-06, -1.198286213366373e-06, -2.4735292072364246e-06, -2.391005750723707e-06, -1.8840407684881516e-06, -1.8840407847164897e-06, -2.32696697821666e-06, -1.960322346047927e-06, -1.8840407684881516e-06, -1.0716589872450388e-06, -2.473529251478812e-06, -1.5950777635942437e-06, -1.2136479147772938e-06, -1.6239729347944376e-06, -1.960322346047927e-06, -1.165364760025156e-06, 2.4334481167898048e-06, -2.1891670485274517e-06, -1.463411178227042e-06, 1.198286170983609e-06, -1.213647919939831e-06, 2.1891670787272527e-06, 0.0008598058650584797, 0.00021495147449999966, 0.0002149514635194933, -0.0008598130957219073, -0.00021495289098531816, -0.0002149530447124069, -0.00021495289098531816, -0.00021495289098531816, 0.0002149514635194933, 0.0002149514635194933, -2.433448102134861e-06, -1.463411178227042e-06, -1.463411178227042e-06, -2.209035869782383e-06, 1.198286170983609e-06, 3.185212576362062e-06, 3.1852125630393857e-06, -2.2090358758175403e-06]","[1.0506877286516406e-06, 2.438558245624863e-06, 1.5950777635942437e-06, 2.473529251478812e-06, 2.433448102134861e-06, 1.2136479147772938e-06, 1.6239729660194602e-06, 2.391005750723707e-06, 1.690487592770351e-06, 2.3269669412003717e-06, 1.792322667892865e-06, 2.1114043262659976e-06, 2.1764793486922507e-06, 2.2090358758175403e-06, 1.463411178227042e-06, 1.463411178227042e-06, 1.463411178227042e-06, 1.4621868517698767e-06, 1.463411178227042e-06, 2.3269669412003717e-06, 1.6239729660194602e-06, 1.595077719684923e-06, 2.4334481167898048e-06, 3.185212576362062e-06, 1.198286213366373e-06, 2.4735292072364246e-06, 2.391005750723707e-06, 1.8840407684881516e-06, 1.8840407847164897e-06, 2.32696697821666e-06, 1.960322346047927e-06, 1.8840407684881516e-06, 1.0716589872450388e-06, 2.473529251478812e-06, 1.5950777635942437e-06, 1.2136479147772938e-06, 1.6239729347944376e-06, 1.960322346047927e-06, 1.165364760025156e-06, 2.4334481167898048e-06, 2.1891670485274517e-06, 1.463411178227042e-06, 1.198286170983609e-06, 1.213647919939831e-06, 2.1891670787272527e-06, 0.0008598058650584797, 0.00021495147449999966, 0.0002149514635194933, 0.0008598130957219073, 0.00021495289098531816, 0.0002149530447124069, 0.00021495289098531816, 0.00021495289098531816, 0.0002149514635194933, 0.0002149514635194933, 2.433448102134861e-06, 1.463411178227042e-06, 1.463411178227042e-06, 2.209035869782383e-06, 1.198286170983609e-06, 3.185212576362062e-06, 3.1852125630393857e-06, 2.2090358758175403e-06]","['EX_ile__L_e', 'EX_leu__L_e', 'EX_pro__L_e', 'EX_arg__L_e', 'EX_fum_e', 'EX_val__L_e', 'ASPT', 'SERD_L', 'THRD', 'ILEtex', 'EX_fad_e', 'PHEtex', 'LEUtex', 'FUMtex', 'VALtex', 'ARGtex', '4PEPTtex', 'EX_phe__L_e', 'PROtex', 'EX_LalaDgluMdapDala_e', 'S2FE2SS', 'PHEtipp', 'FADt', 'FADtex']","['ME1', 'PFL', 'EX_glcn_e', 'MGSA', 'EX_fmn_e', 'URIC', 'ALLTN', 'ADD', 'MALS', 'UGLYCH', 'VALabcpp', 'ARGabcpp', 'GLCNtex', '4PEPTabcpp', 'Kabcpp', 'LEUabcpp', 'ILEabcpp', 'PROabcpp', '4PCP', 'DAAD', 'GLCNt2rpp', 'XAND', 'I4FE4SR', 'I2FE2SS2', 'I4FE4ST', 'GNP', 'ALLTAMH2', 'UGCIAMH', 'FMNtex', 'FMNt']","['LADGMDH', 'ALAGLUE', 'LALGP', 'SCYSDS', 'S4FE4SR', 'ICYSDS', 'I2FE2SS', 'S4FE4ST', 'S2FE2SS2']",I4FE4ST,S2FE2SS,0.0036521124701476564,1,63,9,-19.0,-2.773484483533864e-05,iML1515,PSL,False,False,0.0,0.0,0.0,0.0
229,"['EX_ile__L_e', 'EX_leu__L_e', 'EX_glcn_e', 'EX_pro__L_e', 'EX_arg__L_e', 'EX_val__L_e', 'ASPT', 'SERD_L', 'EX_fmn_e', 'URIC', 'ALLTN', 'MALS', 'UGLYCH', 'THRabcpp', 'VALabcpp', 'ARGabcpp', 'ILEtex', 'GLCNtex', 'EX_fad_e', 'LEUtex', 'LADGMDH', 'ALAGLUE', 'VALtex', '4PEPTabcpp', 'AMPTASECG', 'LALGP', 'Kabcpp', 'LEUabcpp', 'THRtex', 'ILEabcpp', 'PROabcpp', 'EX_cgly_e', 'ARGtex', '4PCP', 'GLCNt2rpp', '4PEPTtex', 'XAND', 'EX_thr__L_e', 'PROtex', 'CGLYtex', 'CGLYabcpp', 'EAR140y', '3HAD140', 'EX_LalaDgluMdapDala_e', 'S2FE2SR', 'SCYSDS', 'S2FE2SS', 'S4FE4SR', 'ICYSDS', 'I4FE4SR', 'S2FE2ST', 'I2FE2SS', 'I2FE2ST', 'I2FE2SS2', 'I4FE4ST', 'S4FE4ST', 'S2FE2SS2', 'GNP', 'ALLTAMH2', 'UGCIAMH', 'FMNtex', 'FADt', 'FADtex', 'I2FE2SR', 'FMNt']","[1.526942481538951e-06, 2.3678700685758614e-06, -2.5178210432130754e-06, 1.1618057758856423e-06, 1.55460339759661e-06, 2.2275683104485506e-06, 1.156880361868895e-06, 2.398373093577544e-06, -2.0009046679549634e-06, -1.263532185865296e-06, -1.263532185865296e-06, -1.263532185865296e-06, -1.263532185865296e-06, -1.1717103308162002e-06, -2.2275683104485506e-06, -1.55460339759661e-06, -1.5269424693542533e-06, 2.5178210307785776e-06, 2.9520724089682204e-06, -2.3678700245000073e-06, -1.8035621535128499e-06, -1.8035620996670332e-06, -2.227568302259897e-06, -1.8035621535128499e-06, -1.1480496331373047e-06, -1.8035621535128499e-06, -1.0258820420661063e-06, -2.3678700685758614e-06, -1.1717103234332171e-06, -1.526942481538951e-06, -1.1618057758899791e-06, 1.1480496331373047e-06, -1.5546033864666242e-06, -1.9496084266880146e-06, 2.5178210307785776e-06, -1.949608417817217e-06, -1.263532185865296e-06, 1.1717103308162002e-06, -1.1618058124440722e-06, -1.148049591392919e-06, -1.1480496331373047e-06, -1.5427039752324845e-06, -1.2317615470172627e-06, 1.9496084267521994e-06, 1.6662904999999999e-06, 0.0008181483411790234, 0.00019162326033951173, 0.00021661776499999995, -0.0008181552629777018, -0.00021661913149024776, -2.3328214160488223e-05, -0.0001916247634787843, 2.3328066999999997e-05, -0.00021661913149024776, -0.00021661913149024776, 0.00021661776499999995, 0.00021661776499999995, -2.5178210432130754e-06, -1.263532185865296e-06, -1.263532185865296e-06, -2.000904714805074e-06, 2.9520724089682204e-06, 2.952072463813238e-06, -1.6663010114634443e-06, -2.0009046679549634e-06]","[1.526942481538951e-06, 2.3678700685758614e-06, 2.5178210432130754e-06, 1.1618057758856423e-06, 1.55460339759661e-06, 2.2275683104485506e-06, 1.156880361868895e-06, 2.398373093577544e-06, 2.0009046679549634e-06, 1.263532185865296e-06, 1.263532185865296e-06, 1.263532185865296e-06, 1.263532185865296e-06, 1.1717103308162002e-06, 2.2275683104485506e-06, 1.55460339759661e-06, 1.5269424693542533e-06, 2.5178210307785776e-06, 2.9520724089682204e-06, 2.3678700245000073e-06, 1.8035621535128499e-06, 1.8035620996670332e-06, 2.227568302259897e-06, 1.8035621535128499e-06, 1.1480496331373047e-06, 1.8035621535128499e-06, 1.0258820420661063e-06, 2.3678700685758614e-06, 1.1717103234332171e-06, 1.526942481538951e-06, 1.1618057758899791e-06, 1.1480496331373047e-06, 1.5546033864666242e-06, 1.9496084266880146e-06, 2.5178210307785776e-06, 1.949608417817217e-06, 1.263532185865296e-06, 1.1717103308162002e-06, 1.1618058124440722e-06, 1.148049591392919e-06, 1.1480496331373047e-06, 1.5427039752324845e-06, 1.2317615470172627e-06, 1.9496084267521994e-06, 1.6662904999999999e-06, 0.0008181483411790234, 0.00019162326033951173, 0.00021661776499999995, 0.0008181552629777018, 0.00021661913149024776, 2.3328214160488223e-05, 0.0001916247634787843, 2.3328066999999997e-05, 0.00021661913149024776, 0.00021661913149024776, 0.00021661776499999995, 0.00021661776499999995, 2.5178210432130754e-06, 1.263532185865296e-06, 1.263532185865296e-06, 2.000904714805074e-06, 2.9520724089682204e-06, 2.952072463813238e-06, 1.6663010114634443e-06, 2.0009046679549634e-06]","['EX_ile__L_e', 'EX_leu__L_e', 'EX_pro__L_e', 'EX_arg__L_e', 'EX_val__L_e', 'ASPT', 'SERD_L', 'ILEtex', 'EX_fad_e', 'LEUtex', 'VALtex', 'THRtex', 'EX_cgly_e', 'ARGtex', '4PEPTtex', 'EX_thr__L_e', 'PROtex', 'CGLYtex', 'EX_LalaDgluMdapDala_e', 'S2FE2SR', 'S4FE4SR', 'I2FE2ST', 'S4FE4ST', 'S2FE2SS2', 'FADt', 'FADtex']","['EX_glcn_e', 'EX_fmn_e', 'URIC', 'ALLTN', 'MALS', 'UGLYCH', 'THRabcpp', 'VALabcpp', 'ARGabcpp', 'GLCNtex', 'LADGMDH', 'ALAGLUE', '4PEPTabcpp', 'AMPTASECG', 'LALGP', 'Kabcpp', 'LEUabcpp', 'ILEabcpp', 'PROabcpp', '4PCP', 'GLCNt2rpp', 'XAND', 'CGLYabcpp', 'EAR140y', '3HAD140', 'I4FE4SR', 'S2FE2ST', 'I2FE2SS2', 'I4FE4ST', 'GNP', 'ALLTAMH2', 'UGCIAMH', 'FMNtex', 'I2FE2SR', 'FMNt']","['SCYSDS', 'S2FE2SS', 'ICYSDS', 'I2FE2SS']",I4FE4ST,S4FE4SR,0.0035688634126358927,1,65,4,-21.0,-2.771945480535814e-05,iML1515,PSL,False,False,0.0,0.0,0.0,0.0
230,"['EX_ile__L_e', 'EX_leu__L_e', 'EX_glcn_e', 'EX_pro__L_e', 'EX_arg__L_e', 'EX_val__L_e', 'ASPT', 'SERD_L', 'EX_fmn_e', 'URIC', 'ALLTN', 'MALS', 'UGLYCH', 'THRabcpp', 'VALabcpp', 'ARGabcpp', 'ILEtex', 'GLCNtex', 'EX_fad_e', 'LEUtex', 'LADGMDH', 'ALAGLUE', 'VALtex', '4PEPTabcpp', 'AMPTASECG', 'LALGP', 'Kabcpp', 'LEUabcpp', 'THRtex', 'ILEabcpp', 'PROabcpp', 'EX_cgly_e', 'ARGtex', '4PCP', 'GLCNt2rpp', '4PEPTtex', 'XAND', 'EX_thr__L_e', 'PROtex', 'CGLYtex', 'CGLYabcpp', 'EAR140y', '3HAD140', 'EX_LalaDgluMdapDala_e', 'S2FE2SR', 'SCYSDS', 'S2FE2SS', 'S4FE4SR', 'ICYSDS', 'I4FE4SR', 'S2FE2ST', 'I2FE2SS', 'I2FE2ST', 'I2FE2SS2', 'I4FE4ST', 'S4FE4ST', 'S2FE2SS2', 'GNP', 'ALLTAMH2', 'UGCIAMH', 'FMNtex', 'FADt', 'FADtex', 'I2FE2SR', 'FMNt']","[1.526942481538951e-06, 2.3678700685758614e-06, -2.5178210432130754e-06, 1.1618057758856423e-06, 1.55460339759661e-06, 2.2275683104485506e-06, 1.156880361868895e-06, 2.398373093577544e-06, -2.0009046679549634e-06, -1.263532185865296e-06, -1.263532185865296e-06, -1.263532185865296e-06, -1.263532185865296e-06, -1.1717103308162002e-06, -2.2275683104485506e-06, -1.55460339759661e-06, -1.5269424693542533e-06, 2.5178210307785776e-06, 2.9520724089682204e-06, -2.3678700245000073e-06, -1.8035621535128499e-06, -1.8035620996670332e-06, -2.227568302259897e-06, -1.8035621535128499e-06, -1.1480496331373047e-06, -1.8035621535128499e-06, -1.0258820420661063e-06, -2.3678700685758614e-06, -1.1717103234332171e-06, -1.526942481538951e-06, -1.1618057758899791e-06, 1.1480496331373047e-06, -1.5546033864666242e-06, -1.9496084266880146e-06, 2.5178210307785776e-06, -1.949608417817217e-06, -1.263532185865296e-06, 1.1717103308162002e-06, -1.1618058124440722e-06, -1.148049591392919e-06, -1.1480496331373047e-06, -1.5427039752324845e-06, -1.2317615470172627e-06, 1.9496084267521994e-06, 1.6662904999999999e-06, 0.0008181483411790234, 0.00019162326033951173, 0.00021661776499999995, -0.0008181552629777018, -0.00021661913149024776, -2.3328214160488223e-05, -0.0001916247634787843, 2.3328066999999997e-05, -0.00021661913149024776, -0.00021661913149024776, 0.00021661776499999995, 0.00021661776499999995, -2.5178210432130754e-06, -1.263532185865296e-06, -1.263532185865296e-06, -2.000904714805074e-06, 2.9520724089682204e-06, 2.952072463813238e-06, -1.6663010114634443e-06, -2.0009046679549634e-06]","[1.526942481538951e-06, 2.3678700685758614e-06, 2.5178210432130754e-06, 1.1618057758856423e-06, 1.55460339759661e-06, 2.2275683104485506e-06, 1.156880361868895e-06, 2.398373093577544e-06, 2.0009046679549634e-06, 1.263532185865296e-06, 1.263532185865296e-06, 1.263532185865296e-06, 1.263532185865296e-06, 1.1717103308162002e-06, 2.2275683104485506e-06, 1.55460339759661e-06, 1.5269424693542533e-06, 2.5178210307785776e-06, 2.9520724089682204e-06, 2.3678700245000073e-06, 1.8035621535128499e-06, 1.8035620996670332e-06, 2.227568302259897e-06, 1.8035621535128499e-06, 1.1480496331373047e-06, 1.8035621535128499e-06, 1.0258820420661063e-06, 2.3678700685758614e-06, 1.1717103234332171e-06, 1.526942481538951e-06, 1.1618057758899791e-06, 1.1480496331373047e-06, 1.5546033864666242e-06, 1.9496084266880146e-06, 2.5178210307785776e-06, 1.949608417817217e-06, 1.263532185865296e-06, 1.1717103308162002e-06, 1.1618058124440722e-06, 1.148049591392919e-06, 1.1480496331373047e-06, 1.5427039752324845e-06, 1.2317615470172627e-06, 1.9496084267521994e-06, 1.6662904999999999e-06, 0.0008181483411790234, 0.00019162326033951173, 0.00021661776499999995, 0.0008181552629777018, 0.00021661913149024776, 2.3328214160488223e-05, 0.0001916247634787843, 2.3328066999999997e-05, 0.00021661913149024776, 0.00021661913149024776, 0.00021661776499999995, 0.00021661776499999995, 2.5178210432130754e-06, 1.263532185865296e-06, 1.263532185865296e-06, 2.000904714805074e-06, 2.9520724089682204e-06, 2.952072463813238e-06, 1.6663010114634443e-06, 2.0009046679549634e-06]","['EX_ile__L_e', 'EX_leu__L_e', 'EX_pro__L_e', 'EX_arg__L_e', 'EX_val__L_e', 'ASPT', 'SERD_L', 'ILEtex', 'EX_fad_e', 'LEUtex', 'VALtex', 'THRtex', 'EX_cgly_e', 'ARGtex', '4PEPTtex', 'EX_thr__L_e', 'PROtex', 'CGLYtex', 'EX_LalaDgluMdapDala_e', 'S2FE2SR', 'S4FE4SR', 'I2FE2ST', 'S4FE4ST', 'S2FE2SS2', 'FADt', 'FADtex']","['EX_glcn_e', 'EX_fmn_e', 'URIC', 'ALLTN', 'MALS', 'UGLYCH', 'THRabcpp', 'VALabcpp', 'ARGabcpp', 'GLCNtex', 'LADGMDH', 'ALAGLUE', '4PEPTabcpp', 'AMPTASECG', 'LALGP', 'Kabcpp', 'LEUabcpp', 'ILEabcpp', 'PROabcpp', '4PCP', 'GLCNt2rpp', 'XAND', 'CGLYabcpp', 'EAR140y', '3HAD140', 'I4FE4SR', 'S2FE2ST', 'I2FE2SS2', 'I4FE4ST', 'GNP', 'ALLTAMH2', 'UGCIAMH', 'FMNtex', 'I2FE2SR', 'FMNt']","['SCYSDS', 'S2FE2SS', 'ICYSDS', 'I2FE2SS']",I4FE4ST,S4FE4ST,0.0035688634126358927,1,65,4,-21.0,-2.771945480535814e-05,iML1515,PSL,False,False,0.0,0.0,0.0,0.0
231,"['ME1', 'ACP1_FMN', 'EX_ile__L_e', 'EX_leu__L_e', 'EX_glcn_e', 'EX_fum_e', 'MGSA', 'EX_val__L_e', 'ASPT', 'SERD_L', 'THRD', 'GLYCL', 'URIC', 'ALLTN', 'AOBUTDs', 'MALS', 'UGLYCH', 'VALabcpp', 'ASNt2rpp', 'ILEtex', 'GLCNtex', 'EX_fad_e', 'LEUtex', 'FUMtex', 'LADGMDH', 'ALAGLUE', 'VALtex', '4PEPTabcpp', 'AMPTASECG', 'LALGP', 'Kabcpp', 'LEUabcpp', 'ILEabcpp', 'EX_cgly_e', '4PCP', 'DAAD', 'GLCNt2rpp', '4PEPTtex', 'EX_asn__L_e', 'XAND', 'FACOAL161t2pp', 'AACTOOR', 'ASNtex', 'CGLYtex', 'CGLYabcpp', 'FA160ACPHi', 'EX_LalaDgluMdapDala_e', 'S2FE2SR', 'CTECOAI7', 'SCYSDS', 'S2FE2SS', 'S4FE4SR', 'ICYSDS', 'I4FE4SR', 'S2FE2ST', 'I2FE2SS', 'I2FE2ST', 'I2FE2SS2', 'I4FE4ST', 'S4FE4ST', 'S2FE2SS2', 'GNP', 'ALLTAMH2', 'UGCIAMH', 'FADt', 'FADtex', 'I2FE2SR']","[-1.8789783913786273e-06, -1.2739380122108596e-06, 1.523079511844827e-06, 2.36187965935164e-06, -3.3231439822145603e-06, 1.2791908829967724e-06, -1.3299377072117924e-06, 2.2219328457140364e-06, 1.955364690331418e-06, 1.7320786803720623e-06, 1.3299377072117924e-06, 1.0157940220079098e-06, -1.2474557879726955e-06, -1.2474557879726955e-06, 1.3299377072117924e-06, -2.3893264547436566e-06, -1.2474557879726955e-06, -2.2219328457140364e-06, -1.2637152622119174e-06, -1.5230795042953105e-06, 3.323144028399838e-06, 2.051525780366603e-06, -2.36187963764678e-06, -1.2791908829967724e-06, -2.4000622025899254e-06, -2.4000621579034487e-06, -2.2219328457140364e-06, -2.194829012647226e-06, -1.0813519201180455e-06, -2.4000622025899254e-06, -1.0232866913539862e-06, -2.36187965935164e-06, -1.523079511844827e-06, 1.0818656787939197e-06, -2.194829012647226e-06, -2.045245535597928e-06, 3.323144028399838e-06, -2.545738993831037e-06, 1.2637152632943849e-06, -1.2474557879726955e-06, 1.0716169207974913e-06, 1.3299377072117924e-06, -1.2637152622119174e-06, -1.081865661944903e-06, -1.0813519201180455e-06, -1.1319999443371032e-06, 2.545738997283137e-06, 1.6662904999999999e-06, 1.0716170208979747e-06, 0.0008181483419236179, 0.000191623260711809, 0.00021661776499999995, -0.0008181552462110287, -0.00021661912803320175, -2.3328213788190958e-05, -0.00019162476004833096, 2.3328066999999997e-05, -0.00021661912803320175, -0.00021661912803320175, 0.00021661776499999995, 0.00021661776499999995, -3.3231439822145603e-06, -1.2474557879726955e-06, -1.2474557879726955e-06, 2.051525780366603e-06, 2.0515258256637026e-06, -1.6663009848707827e-06]","[1.8789783913786273e-06, 1.2739380122108596e-06, 1.523079511844827e-06, 2.36187965935164e-06, 3.3231439822145603e-06, 1.2791908829967724e-06, 1.3299377072117924e-06, 2.2219328457140364e-06, 1.955364690331418e-06, 1.7320786803720623e-06, 1.3299377072117924e-06, 1.0157940220079098e-06, 1.2474557879726955e-06, 1.2474557879726955e-06, 1.3299377072117924e-06, 2.3893264547436566e-06, 1.2474557879726955e-06, 2.2219328457140364e-06, 1.2637152622119174e-06, 1.5230795042953105e-06, 3.323144028399838e-06, 2.051525780366603e-06, 2.36187963764678e-06, 1.2791908829967724e-06, 2.4000622025899254e-06, 2.4000621579034487e-06, 2.2219328457140364e-06, 2.194829012647226e-06, 1.0813519201180455e-06, 2.4000622025899254e-06, 1.0232866913539862e-06, 2.36187965935164e-06, 1.523079511844827e-06, 1.0818656787939197e-06, 2.194829012647226e-06, 2.045245535597928e-06, 3.323144028399838e-06, 2.545738993831037e-06, 1.2637152632943849e-06, 1.2474557879726955e-06, 1.0716169207974913e-06, 1.3299377072117924e-06, 1.2637152622119174e-06, 1.081865661944903e-06, 1.0813519201180455e-06, 1.1319999443371032e-06, 2.545738997283137e-06, 1.6662904999999999e-06, 1.0716170208979747e-06, 0.0008181483419236179, 0.000191623260711809, 0.00021661776499999995, 0.0008181552462110287, 0.00021661912803320175, 2.3328213788190958e-05, 0.00019162476004833096, 2.3328066999999997e-05, 0.00021661912803320175, 0.00021661912803320175, 0.00021661776499999995, 0.00021661776499999995, 3.3231439822145603e-06, 1.2474557879726955e-06, 1.2474557879726955e-06, 2.051525780366603e-06, 2.0515258256637026e-06, 1.6663009848707827e-06]","['EX_ile__L_e', 'EX_leu__L_e', 'EX_fum_e', 'EX_val__L_e', 'ASPT', 'SERD_L', 'THRD', 'GLYCL', 'AOBUTDs', 'ASNt2rpp', 'ILEtex', 'EX_fad_e', 'LEUtex', 'FUMtex', 'VALtex', 'EX_cgly_e', '4PEPTtex', 'EX_asn__L_e', 'AACTOOR', 'ASNtex', 'CGLYtex', 'EX_LalaDgluMdapDala_e', 'S2FE2SR', 'S4FE4SR', 'I2FE2ST', 'S4FE4ST', 'S2FE2SS2', 'FADt', 'FADtex']","['ME1', 'ACP1_FMN', 'EX_glcn_e', 'MGSA', 'URIC', 'ALLTN', 'MALS', 'UGLYCH', 'VALabcpp', 'GLCNtex', 'LADGMDH', 'ALAGLUE', '4PEPTabcpp', 'AMPTASECG', 'LALGP', 'Kabcpp', 'LEUabcpp', 'ILEabcpp', '4PCP', 'DAAD', 'GLCNt2rpp', 'XAND', 'CGLYabcpp', 'FA160ACPHi', 'I4FE4SR', 'S2FE2ST', 'I2FE2SS2', 'I4FE4ST', 'GNP', 'ALLTAMH2', 'UGCIAMH', 'I2FE2SR']","['FACOAL161t2pp', 'CTECOAI7', 'SCYSDS', 'S2FE2SS', 'ICYSDS', 'I2FE2SS']",I4FE4ST,S2FE2SS2,0.003569079106863354,1,67,6,-13.0,-2.2702391183558596e-05,iML1515,PSL,False,False,0.0,0.0,0.0,0.0
232,"['ECOAH1', 'ECOAH2', 'ECOAH3', 'MACPD', 'ACOATA', 'ACACT2r', 'ACACT3r', 'HACD1', 'HACD2', 'HACD3', 'ACACT1r', 'KAS15', 'FACOAE80', '3HAD80', 'FADRx2', '3HAD40', '3OAS60', '3OAR60', '3OAR80', '3OAS80', '3OAR40', '3HAD60', 'EAR40x', 'EAR60x', 'EAR80x', 'ACOAD3f', 'ACOAD2f', 'FA80ACPHi', 'ACOAD1fr']","[-0.2965004077419735, -0.2965004077419735, -0.2965004077419735, -0.889501223226, 0.8895012232260342, -0.2965004077419735, -0.2965004077419735, -0.2965004077419735, -0.2965004077419735, -0.2965004077419735, -0.2965004077419735, 0.2965004077419999, -0.2965004077419999, 0.2965004077419999, -0.8895012232259305, 0.2965004077419999, 0.2965004077419999, 0.2965004077419735, 0.2965004077419735, 0.2965004077419999, 0.2965004077419735, 0.2965004077419999, 0.2965004077419999, 0.2965004077419999, 0.2965004077419999, 0.2965004077419735, 0.2965004077419735, 0.2965004077419999, -0.2965004077419999]","[0.2965004077419735, 0.2965004077419735, 0.2965004077419735, 0.889501223226, 0.8895012232260342, 0.2965004077419735, 0.2965004077419735, 0.2965004077419735, 0.2965004077419735, 0.2965004077419735, 0.2965004077419735, 0.2965004077419999, 0.2965004077419999, 0.2965004077419999, 0.8895012232259305, 0.2965004077419999, 0.2965004077419999, 0.2965004077419735, 0.2965004077419735, 0.2965004077419999, 0.2965004077419735, 0.2965004077419999, 0.2965004077419999, 0.2965004077419999, 0.2965004077419999, 0.2965004077419735, 0.2965004077419735, 0.2965004077419999, 0.2965004077419999]","['KAS15', '3HAD80', '3HAD40', '3OAS60', '3OAR60', '3OAR80', '3OAS80', '3OAR40', '3HAD60', 'EAR40x', 'EAR60x', 'EAR80x', 'FA80ACPHi']","['ECOAH1', 'ECOAH2', 'ECOAH3', 'MACPD', 'ACOATA', 'ACACT2r', 'ACACT3r', 'HACD1', 'HACD2', 'HACD3', 'ACACT1r', 'FACOAE80', 'FADRx2', 'ACOAD3f', 'ACOAD2f', 'ACOAD1fr']",[],ACOAD1fr,3HAD80,10.377514270970465,1,29,0,3.0,0.2965004077422091,iML1515,PSL,False,False,0.0,0.0,0.0,0.0
233,"['ECOAH1', 'ECOAH2', 'ECOAH3', 'MACPD', 'ACOATA', 'ACACT2r', 'ACACT3r', 'HACD1', 'HACD2', 'HACD3', 'ACACT1r', 'KAS15', 'FACOAE80', '3HAD80', 'FADRx2', '3HAD40', '3OAS60', '3OAR60', '3OAR80', '3OAS80', '3OAR40', '3HAD60', 'EAR40x', 'EAR60x', 'EAR80x', 'ACOAD3f', 'ACOAD2f', 'FA80ACPHi', 'ACOAD1fr']","[-0.2965004077419735, -0.2965004077419735, -0.2965004077419735, -0.889501223226, 0.8895012232260342, -0.2965004077419735, -0.2965004077419735, -0.2965004077419735, -0.2965004077419735, -0.2965004077419735, -0.2965004077419735, 0.2965004077419999, -0.2965004077419999, 0.2965004077419999, -0.8895012232259305, 0.2965004077419999, 0.2965004077419999, 0.2965004077419735, 0.2965004077419735, 0.2965004077419999, 0.2965004077419735, 0.2965004077419999, 0.2965004077419999, 0.2965004077419999, 0.2965004077419999, 0.2965004077419735, 0.2965004077419735, 0.2965004077419999, -0.2965004077419999]","[0.2965004077419735, 0.2965004077419735, 0.2965004077419735, 0.889501223226, 0.8895012232260342, 0.2965004077419735, 0.2965004077419735, 0.2965004077419735, 0.2965004077419735, 0.2965004077419735, 0.2965004077419735, 0.2965004077419999, 0.2965004077419999, 0.2965004077419999, 0.8895012232259305, 0.2965004077419999, 0.2965004077419999, 0.2965004077419735, 0.2965004077419735, 0.2965004077419999, 0.2965004077419735, 0.2965004077419999, 0.2965004077419999, 0.2965004077419999, 0.2965004077419999, 0.2965004077419735, 0.2965004077419735, 0.2965004077419999, 0.2965004077419999]","['KAS15', '3HAD80', '3HAD40', '3OAS60', '3OAR60', '3OAR80', '3OAS80', '3OAR40', '3HAD60', 'EAR40x', 'EAR60x', 'EAR80x', 'FA80ACPHi']","['ECOAH1', 'ECOAH2', 'ECOAH3', 'MACPD', 'ACOATA', 'ACACT2r', 'ACACT3r', 'HACD1', 'HACD2', 'HACD3', 'ACACT1r', 'FACOAE80', 'FADRx2', 'ACOAD3f', 'ACOAD2f', 'ACOAD1fr']",[],ACOAD1fr,3HAD40,10.377514270970465,1,29,0,3.0,0.2965004077422091,iML1515,PSL,False,False,0.0,0.0,0.0,0.0
234,"['ECOAH1', 'ECOAH2', 'ECOAH3', 'MACPD', 'ACOATA', 'ACACT2r', 'ACACT3r', 'HACD1', 'HACD2', 'HACD3', 'ACACT1r', 'KAS15', 'FACOAE80', '3HAD80', 'FADRx2', '3HAD40', '3OAS60', '3OAR60', '3OAR80', '3OAS80', '3OAR40', '3HAD60', 'EAR40x', 'EAR60x', 'EAR80x', 'ACOAD3f', 'ACOAD2f', 'FA80ACPHi', 'ACOAD1fr']","[-0.2965004077419735, -0.2965004077419735, -0.2965004077419735, -0.889501223226, 0.8895012232260342, -0.2965004077419735, -0.2965004077419735, -0.2965004077419735, -0.2965004077419735, -0.2965004077419735, -0.2965004077419735, 0.2965004077419999, -0.2965004077419999, 0.2965004077419999, -0.8895012232259305, 0.2965004077419999, 0.2965004077419999, 0.2965004077419735, 0.2965004077419735, 0.2965004077419999, 0.2965004077419735, 0.2965004077419999, 0.2965004077419999, 0.2965004077419999, 0.2965004077419999, 0.2965004077419735, 0.2965004077419735, 0.2965004077419999, -0.2965004077419999]","[0.2965004077419735, 0.2965004077419735, 0.2965004077419735, 0.889501223226, 0.8895012232260342, 0.2965004077419735, 0.2965004077419735, 0.2965004077419735, 0.2965004077419735, 0.2965004077419735, 0.2965004077419735, 0.2965004077419999, 0.2965004077419999, 0.2965004077419999, 0.8895012232259305, 0.2965004077419999, 0.2965004077419999, 0.2965004077419735, 0.2965004077419735, 0.2965004077419999, 0.2965004077419735, 0.2965004077419999, 0.2965004077419999, 0.2965004077419999, 0.2965004077419999, 0.2965004077419735, 0.2965004077419735, 0.2965004077419999, 0.2965004077419999]","['KAS15', '3HAD80', '3HAD40', '3OAS60', '3OAR60', '3OAR80', '3OAS80', '3OAR40', '3HAD60', 'EAR40x', 'EAR60x', 'EAR80x', 'FA80ACPHi']","['ECOAH1', 'ECOAH2', 'ECOAH3', 'MACPD', 'ACOATA', 'ACACT2r', 'ACACT3r', 'HACD1', 'HACD2', 'HACD3', 'ACACT1r', 'FACOAE80', 'FADRx2', 'ACOAD3f', 'ACOAD2f', 'ACOAD1fr']",[],ACOAD1fr,3OAS60,10.377514270970465,1,29,0,3.0,0.2965004077422091,iML1515,PSL,False,False,0.0,0.0,0.0,0.0
235,"['ECOAH1', 'ECOAH2', 'ECOAH3', 'MACPD', 'ACOATA', 'ACACT2r', 'ACACT3r', 'HACD1', 'HACD2', 'HACD3', 'ACACT1r', 'KAS15', 'FACOAE80', '3HAD80', 'FADRx2', '3HAD40', '3OAS60', '3OAR60', '3OAR80', '3OAS80', '3OAR40', '3HAD60', 'EAR40x', 'EAR60x', 'EAR80x', 'ACOAD3f', 'ACOAD2f', 'FA80ACPHi', 'ACOAD1fr']","[-0.2965004077419735, -0.2965004077419735, -0.2965004077419735, -0.889501223226, 0.8895012232260342, -0.2965004077419735, -0.2965004077419735, -0.2965004077419735, -0.2965004077419735, -0.2965004077419735, -0.2965004077419735, 0.2965004077419999, -0.2965004077419999, 0.2965004077419999, -0.8895012232259305, 0.2965004077419999, 0.2965004077419999, 0.2965004077419735, 0.2965004077419735, 0.2965004077419999, 0.2965004077419735, 0.2965004077419999, 0.2965004077419999, 0.2965004077419999, 0.2965004077419999, 0.2965004077419735, 0.2965004077419735, 0.2965004077419999, -0.2965004077419999]","[0.2965004077419735, 0.2965004077419735, 0.2965004077419735, 0.889501223226, 0.8895012232260342, 0.2965004077419735, 0.2965004077419735, 0.2965004077419735, 0.2965004077419735, 0.2965004077419735, 0.2965004077419735, 0.2965004077419999, 0.2965004077419999, 0.2965004077419999, 0.8895012232259305, 0.2965004077419999, 0.2965004077419999, 0.2965004077419735, 0.2965004077419735, 0.2965004077419999, 0.2965004077419735, 0.2965004077419999, 0.2965004077419999, 0.2965004077419999, 0.2965004077419999, 0.2965004077419735, 0.2965004077419735, 0.2965004077419999, 0.2965004077419999]","['KAS15', '3HAD80', '3HAD40', '3OAS60', '3OAR60', '3OAR80', '3OAS80', '3OAR40', '3HAD60', 'EAR40x', 'EAR60x', 'EAR80x', 'FA80ACPHi']","['ECOAH1', 'ECOAH2', 'ECOAH3', 'MACPD', 'ACOATA', 'ACACT2r', 'ACACT3r', 'HACD1', 'HACD2', 'HACD3', 'ACACT1r', 'FACOAE80', 'FADRx2', 'ACOAD3f', 'ACOAD2f', 'ACOAD1fr']",[],ACOAD1fr,3OAR60,10.377514270970465,1,29,0,3.0,0.2965004077422091,iML1515,PSL,False,False,0.0,0.0,0.0,0.0
236,"['ECOAH1', 'ECOAH2', 'ECOAH3', 'MACPD', 'ACOATA', 'ACACT2r', 'ACACT3r', 'HACD1', 'HACD2', 'HACD3', 'ACACT1r', 'KAS15', 'FACOAE80', '3HAD80', 'FADRx2', '3HAD40', '3OAS60', '3OAR60', '3OAR80', '3OAS80', '3OAR40', '3HAD60', 'EAR40x', 'EAR60x', 'EAR80x', 'ACOAD3f', 'ACOAD2f', 'FA80ACPHi', 'ACOAD1fr']","[-0.2965004077419735, -0.2965004077419735, -0.2965004077419735, -0.889501223226, 0.8895012232260342, -0.2965004077419735, -0.2965004077419735, -0.2965004077419735, -0.2965004077419735, -0.2965004077419735, -0.2965004077419735, 0.2965004077419999, -0.2965004077419999, 0.2965004077419999, -0.8895012232259305, 0.2965004077419999, 0.2965004077419999, 0.2965004077419735, 0.2965004077419735, 0.2965004077419999, 0.2965004077419735, 0.2965004077419999, 0.2965004077419999, 0.2965004077419999, 0.2965004077419999, 0.2965004077419735, 0.2965004077419735, 0.2965004077419999, -0.2965004077419999]","[0.2965004077419735, 0.2965004077419735, 0.2965004077419735, 0.889501223226, 0.8895012232260342, 0.2965004077419735, 0.2965004077419735, 0.2965004077419735, 0.2965004077419735, 0.2965004077419735, 0.2965004077419735, 0.2965004077419999, 0.2965004077419999, 0.2965004077419999, 0.8895012232259305, 0.2965004077419999, 0.2965004077419999, 0.2965004077419735, 0.2965004077419735, 0.2965004077419999, 0.2965004077419735, 0.2965004077419999, 0.2965004077419999, 0.2965004077419999, 0.2965004077419999, 0.2965004077419735, 0.2965004077419735, 0.2965004077419999, 0.2965004077419999]","['KAS15', '3HAD80', '3HAD40', '3OAS60', '3OAR60', '3OAR80', '3OAS80', '3OAR40', '3HAD60', 'EAR40x', 'EAR60x', 'EAR80x', 'FA80ACPHi']","['ECOAH1', 'ECOAH2', 'ECOAH3', 'MACPD', 'ACOATA', 'ACACT2r', 'ACACT3r', 'HACD1', 'HACD2', 'HACD3', 'ACACT1r', 'FACOAE80', 'FADRx2', 'ACOAD3f', 'ACOAD2f', 'ACOAD1fr']",[],ACOAD1fr,3OAR80,10.377514270970465,1,29,0,3.0,0.2965004077422091,iML1515,PSL,False,False,0.0,0.0,0.0,0.0
237,"['ECOAH1', 'ECOAH2', 'ECOAH3', 'MACPD', 'ACOATA', 'ACACT2r', 'ACACT3r', 'HACD1', 'HACD2', 'HACD3', 'ACACT1r', 'KAS15', 'FACOAE80', '3HAD80', 'FADRx2', '3HAD40', '3OAS60', '3OAR60', '3OAR80', '3OAS80', '3OAR40', '3HAD60', 'EAR40x', 'EAR60x', 'EAR80x', 'ACOAD3f', 'ACOAD2f', 'FA80ACPHi', 'ACOAD1fr']","[-0.2965004077419735, -0.2965004077419735, -0.2965004077419735, -0.889501223226, 0.8895012232260342, -0.2965004077419735, -0.2965004077419735, -0.2965004077419735, -0.2965004077419735, -0.2965004077419735, -0.2965004077419735, 0.2965004077419999, -0.2965004077419999, 0.2965004077419999, -0.8895012232259305, 0.2965004077419999, 0.2965004077419999, 0.2965004077419735, 0.2965004077419735, 0.2965004077419999, 0.2965004077419735, 0.2965004077419999, 0.2965004077419999, 0.2965004077419999, 0.2965004077419999, 0.2965004077419735, 0.2965004077419735, 0.2965004077419999, -0.2965004077419999]","[0.2965004077419735, 0.2965004077419735, 0.2965004077419735, 0.889501223226, 0.8895012232260342, 0.2965004077419735, 0.2965004077419735, 0.2965004077419735, 0.2965004077419735, 0.2965004077419735, 0.2965004077419735, 0.2965004077419999, 0.2965004077419999, 0.2965004077419999, 0.8895012232259305, 0.2965004077419999, 0.2965004077419999, 0.2965004077419735, 0.2965004077419735, 0.2965004077419999, 0.2965004077419735, 0.2965004077419999, 0.2965004077419999, 0.2965004077419999, 0.2965004077419999, 0.2965004077419735, 0.2965004077419735, 0.2965004077419999, 0.2965004077419999]","['KAS15', '3HAD80', '3HAD40', '3OAS60', '3OAR60', '3OAR80', '3OAS80', '3OAR40', '3HAD60', 'EAR40x', 'EAR60x', 'EAR80x', 'FA80ACPHi']","['ECOAH1', 'ECOAH2', 'ECOAH3', 'MACPD', 'ACOATA', 'ACACT2r', 'ACACT3r', 'HACD1', 'HACD2', 'HACD3', 'ACACT1r', 'FACOAE80', 'FADRx2', 'ACOAD3f', 'ACOAD2f', 'ACOAD1fr']",[],ACOAD1fr,3OAS80,10.377514270970465,1,29,0,3.0,0.2965004077422091,iML1515,PSL,False,False,0.0,0.0,0.0,0.0
238,"['ECOAH4', 'ECOAH1', 'ECOAH2', 'ECOAH3', 'MACPD', 'HACD4', 'ACOATA', 'ACACT2r', 'ACACT3r', 'ACACT4r', 'HACD1', 'HACD2', 'HACD3', 'ACACT1r', 'KAS15', 'FACOAE100', '3HAD80', 'FADRx2', '3HAD40', '3OAS60', '3OAR60', '3OAR80', 'EAR100x', '3OAS80', '3OAS100', '3OAR40', '3OAR100', '3HAD60', '3HAD100', 'EAR40x', 'EAR60x', 'EAR80x', 'ACOAD3f', 'ACOAD2f', 'ACOAD4f', 'FA100ACPHi', 'ACOAD1fr']","[-0.2965004077419735, -0.2965004077419735, -0.2965004077419735, -0.2965004077419735, -1.1860016309816819, -0.2965004077419735, 1.1860016309816501, -0.2965004077419735, -0.2965004077419735, -0.2965004077419735, -0.2965004077419735, -0.2965004077419735, -0.2965004077419735, -0.2965004077419735, 0.29650040774200015, -0.2965004077419999, 0.2965004077419999, -1.186001631002523, 0.29650040774200015, 0.29650040774200015, 0.2965004077419735, 0.2965004077419735, 0.2965004077419999, 0.2965004077419999, 0.2965004077419999, 0.2965004077419735, 0.2965004077419735, 0.29650040774200015, 0.2965004077419999, 0.29650040774200015, 0.2965004077419999, 0.2965004077419999, 0.2965004077419735, 0.2965004077419735, 0.2965004077419735, 0.2965004077419999, -0.2965004077419999]","[0.2965004077419735, 0.2965004077419735, 0.2965004077419735, 0.2965004077419735, 1.1860016309816819, 0.2965004077419735, 1.1860016309816501, 0.2965004077419735, 0.2965004077419735, 0.2965004077419735, 0.2965004077419735, 0.2965004077419735, 0.2965004077419735, 0.2965004077419735, 0.29650040774200015, 0.2965004077419999, 0.2965004077419999, 1.186001631002523, 0.29650040774200015, 0.29650040774200015, 0.2965004077419735, 0.2965004077419735, 0.2965004077419999, 0.2965004077419999, 0.2965004077419999, 0.2965004077419735, 0.2965004077419735, 0.29650040774200015, 0.2965004077419999, 0.29650040774200015, 0.2965004077419999, 0.2965004077419999, 0.2965004077419735, 0.2965004077419735, 0.2965004077419735, 0.2965004077419999, 0.2965004077419999]","['KAS15', '3HAD80', '3HAD40', '3OAS60', '3OAR60', '3OAR80', 'EAR100x', '3OAS80', '3OAS100', '3OAR40', '3OAR100', '3HAD60', '3HAD100', 'EAR40x', 'EAR60x', 'EAR80x', 'FA100ACPHi']","['ECOAH4', 'ECOAH1', 'ECOAH2', 'ECOAH3', 'MACPD', 'HACD4', 'ACOATA', 'ACACT2r', 'ACACT3r', 'ACACT4r', 'HACD1', 'HACD2', 'HACD3', 'ACACT1r', 'FACOAE100', 'FADRx2', 'ACOAD3f', 'ACOAD2f', 'ACOAD4f', 'ACOAD1fr']",[],ACOAD1fr,3OAS100,13.6390187561327,1,37,0,5.0,0.5930008154495778,iML1515,PSL,False,False,0.0,0.0,0.0,0.0
239,"['ECOAH1', 'ECOAH2', 'ECOAH3', 'MACPD', 'ACOATA', 'ACACT2r', 'ACACT3r', 'HACD1', 'HACD2', 'HACD3', 'ACACT1r', 'KAS15', 'FACOAE80', '3HAD80', 'FADRx2', '3HAD40', '3OAS60', '3OAR60', '3OAR80', '3OAS80', '3OAR40', '3HAD60', 'EAR40x', 'EAR60x', 'EAR80x', 'ACOAD3f', 'ACOAD2f', 'FA80ACPHi', 'ACOAD1fr']","[-0.2965004077419735, -0.2965004077419735, -0.2965004077419735, -0.889501223226, 0.8895012232260342, -0.2965004077419735, -0.2965004077419735, -0.2965004077419735, -0.2965004077419735, -0.2965004077419735, -0.2965004077419735, 0.2965004077419999, -0.2965004077419999, 0.2965004077419999, -0.8895012232259305, 0.2965004077419999, 0.2965004077419999, 0.2965004077419735, 0.2965004077419735, 0.2965004077419999, 0.2965004077419735, 0.2965004077419999, 0.2965004077419999, 0.2965004077419999, 0.2965004077419999, 0.2965004077419735, 0.2965004077419735, 0.2965004077419999, -0.2965004077419999]","[0.2965004077419735, 0.2965004077419735, 0.2965004077419735, 0.889501223226, 0.8895012232260342, 0.2965004077419735, 0.2965004077419735, 0.2965004077419735, 0.2965004077419735, 0.2965004077419735, 0.2965004077419735, 0.2965004077419999, 0.2965004077419999, 0.2965004077419999, 0.8895012232259305, 0.2965004077419999, 0.2965004077419999, 0.2965004077419735, 0.2965004077419735, 0.2965004077419999, 0.2965004077419735, 0.2965004077419999, 0.2965004077419999, 0.2965004077419999, 0.2965004077419999, 0.2965004077419735, 0.2965004077419735, 0.2965004077419999, 0.2965004077419999]","['KAS15', '3HAD80', '3HAD40', '3OAS60', '3OAR60', '3OAR80', '3OAS80', '3OAR40', '3HAD60', 'EAR40x', 'EAR60x', 'EAR80x', 'FA80ACPHi']","['ECOAH1', 'ECOAH2', 'ECOAH3', 'MACPD', 'ACOATA', 'ACACT2r', 'ACACT3r', 'HACD1', 'HACD2', 'HACD3', 'ACACT1r', 'FACOAE80', 'FADRx2', 'ACOAD3f', 'ACOAD2f', 'ACOAD1fr']",[],ACOAD1fr,3OAR40,10.377514270970465,1,29,0,3.0,0.2965004077422091,iML1515,PSL,False,False,0.0,0.0,0.0,0.0001955703788172
240,"['ECOAH4', 'ECOAH1', 'ECOAH2', 'ECOAH3', 'MACPD', 'HACD4', 'ACOATA', 'ACACT2r', 'ACACT3r', 'ACACT4r', 'HACD1', 'HACD2', 'HACD3', 'ACACT1r', 'KAS15', 'FACOAE100', '3HAD80', 'FADRx2', '3HAD40', '3OAS60', '3OAR60', '3OAR80', 'EAR100x', '3OAS80', '3OAS100', '3OAR40', '3OAR100', '3HAD60', '3HAD100', 'EAR40x', 'EAR60x', 'EAR80x', 'ACOAD3f', 'ACOAD2f', 'ACOAD4f', 'FA100ACPHi', 'ACOAD1fr']","[-0.2965004077419735, -0.2965004077419735, -0.2965004077419735, -0.2965004077419735, -1.1860016309816819, -0.2965004077419735, 1.1860016309816501, -0.2965004077419735, -0.2965004077419735, -0.2965004077419735, -0.2965004077419735, -0.2965004077419735, -0.2965004077419735, -0.2965004077419735, 0.29650040774200015, -0.2965004077419999, 0.2965004077419999, -1.186001631002523, 0.29650040774200015, 0.29650040774200015, 0.2965004077419735, 0.2965004077419735, 0.2965004077419999, 0.2965004077419999, 0.2965004077419999, 0.2965004077419735, 0.2965004077419735, 0.29650040774200015, 0.2965004077419999, 0.29650040774200015, 0.2965004077419999, 0.2965004077419999, 0.2965004077419735, 0.2965004077419735, 0.2965004077419735, 0.2965004077419999, -0.2965004077419999]","[0.2965004077419735, 0.2965004077419735, 0.2965004077419735, 0.2965004077419735, 1.1860016309816819, 0.2965004077419735, 1.1860016309816501, 0.2965004077419735, 0.2965004077419735, 0.2965004077419735, 0.2965004077419735, 0.2965004077419735, 0.2965004077419735, 0.2965004077419735, 0.29650040774200015, 0.2965004077419999, 0.2965004077419999, 1.186001631002523, 0.29650040774200015, 0.29650040774200015, 0.2965004077419735, 0.2965004077419735, 0.2965004077419999, 0.2965004077419999, 0.2965004077419999, 0.2965004077419735, 0.2965004077419735, 0.29650040774200015, 0.2965004077419999, 0.29650040774200015, 0.2965004077419999, 0.2965004077419999, 0.2965004077419735, 0.2965004077419735, 0.2965004077419735, 0.2965004077419999, 0.2965004077419999]","['KAS15', '3HAD80', '3HAD40', '3OAS60', '3OAR60', '3OAR80', 'EAR100x', '3OAS80', '3OAS100', '3OAR40', '3OAR100', '3HAD60', '3HAD100', 'EAR40x', 'EAR60x', 'EAR80x', 'FA100ACPHi']","['ECOAH4', 'ECOAH1', 'ECOAH2', 'ECOAH3', 'MACPD', 'HACD4', 'ACOATA', 'ACACT2r', 'ACACT3r', 'ACACT4r', 'HACD1', 'HACD2', 'HACD3', 'ACACT1r', 'FACOAE100', 'FADRx2', 'ACOAD3f', 'ACOAD2f', 'ACOAD4f', 'ACOAD1fr']",[],ACOAD1fr,3OAR100,13.6390187561327,1,37,0,5.0,0.5930008154495778,iML1515,PSL,False,False,0.0,0.0,0.0,6.25686752569637
241,"['ECOAH1', 'ECOAH2', 'ECOAH3', 'MACPD', 'ACOATA', 'ACACT2r', 'ACACT3r', 'HACD1', 'HACD2', 'HACD3', 'ACACT1r', 'KAS15', 'FACOAE80', '3HAD80', 'FADRx2', '3HAD40', '3OAS60', '3OAR60', '3OAR80', '3OAS80', '3OAR40', '3HAD60', 'EAR40x', 'EAR60x', 'EAR80x', 'ACOAD3f', 'ACOAD2f', 'FA80ACPHi', 'ACOAD1fr']","[-0.2965004077419735, -0.2965004077419735, -0.2965004077419735, -0.889501223226, 0.8895012232260342, -0.2965004077419735, -0.2965004077419735, -0.2965004077419735, -0.2965004077419735, -0.2965004077419735, -0.2965004077419735, 0.2965004077419999, -0.2965004077419999, 0.2965004077419999, -0.8895012232259305, 0.2965004077419999, 0.2965004077419999, 0.2965004077419735, 0.2965004077419735, 0.2965004077419999, 0.2965004077419735, 0.2965004077419999, 0.2965004077419999, 0.2965004077419999, 0.2965004077419999, 0.2965004077419735, 0.2965004077419735, 0.2965004077419999, -0.2965004077419999]","[0.2965004077419735, 0.2965004077419735, 0.2965004077419735, 0.889501223226, 0.8895012232260342, 0.2965004077419735, 0.2965004077419735, 0.2965004077419735, 0.2965004077419735, 0.2965004077419735, 0.2965004077419735, 0.2965004077419999, 0.2965004077419999, 0.2965004077419999, 0.8895012232259305, 0.2965004077419999, 0.2965004077419999, 0.2965004077419735, 0.2965004077419735, 0.2965004077419999, 0.2965004077419735, 0.2965004077419999, 0.2965004077419999, 0.2965004077419999, 0.2965004077419999, 0.2965004077419735, 0.2965004077419735, 0.2965004077419999, 0.2965004077419999]","['KAS15', '3HAD80', '3HAD40', '3OAS60', '3OAR60', '3OAR80', '3OAS80', '3OAR40', '3HAD60', 'EAR40x', 'EAR60x', 'EAR80x', 'FA80ACPHi']","['ECOAH1', 'ECOAH2', 'ECOAH3', 'MACPD', 'ACOATA', 'ACACT2r', 'ACACT3r', 'HACD1', 'HACD2', 'HACD3', 'ACACT1r', 'FACOAE80', 'FADRx2', 'ACOAD3f', 'ACOAD2f', 'ACOAD1fr']",[],ACOAD1fr,3HAD60,10.377514270970465,1,29,0,3.0,0.2965004077422091,iML1515,PSL,False,False,0.0,0.0,0.0,0.0001955703788172
242,"['ECOAH4', 'ECOAH1', 'ECOAH2', 'ECOAH3', 'MACPD', 'HACD4', 'ACOATA', 'ACACT2r', 'ACACT3r', 'ACACT4r', 'HACD1', 'HACD2', 'HACD3', 'ACACT1r', 'KAS15', 'FACOAE100', '3HAD80', 'FADRx2', '3HAD40', '3OAS60', '3OAR60', '3OAR80', 'EAR100x', '3OAS80', '3OAS100', '3OAR40', '3OAR100', '3HAD60', '3HAD100', 'EAR40x', 'EAR60x', 'EAR80x', 'ACOAD3f', 'ACOAD2f', 'ACOAD4f', 'FA100ACPHi', 'ACOAD1fr']","[-0.2965004077419735, -0.2965004077419735, -0.2965004077419735, -0.2965004077419735, -1.1860016309816819, -0.2965004077419735, 1.1860016309816501, -0.2965004077419735, -0.2965004077419735, -0.2965004077419735, -0.2965004077419735, -0.2965004077419735, -0.2965004077419735, -0.2965004077419735, 0.29650040774200015, -0.2965004077419999, 0.2965004077419999, -1.186001631002523, 0.29650040774200015, 0.29650040774200015, 0.2965004077419735, 0.2965004077419735, 0.2965004077419999, 0.2965004077419999, 0.2965004077419999, 0.2965004077419735, 0.2965004077419735, 0.29650040774200015, 0.2965004077419999, 0.29650040774200015, 0.2965004077419999, 0.2965004077419999, 0.2965004077419735, 0.2965004077419735, 0.2965004077419735, 0.2965004077419999, -0.2965004077419999]","[0.2965004077419735, 0.2965004077419735, 0.2965004077419735, 0.2965004077419735, 1.1860016309816819, 0.2965004077419735, 1.1860016309816501, 0.2965004077419735, 0.2965004077419735, 0.2965004077419735, 0.2965004077419735, 0.2965004077419735, 0.2965004077419735, 0.2965004077419735, 0.29650040774200015, 0.2965004077419999, 0.2965004077419999, 1.186001631002523, 0.29650040774200015, 0.29650040774200015, 0.2965004077419735, 0.2965004077419735, 0.2965004077419999, 0.2965004077419999, 0.2965004077419999, 0.2965004077419735, 0.2965004077419735, 0.29650040774200015, 0.2965004077419999, 0.29650040774200015, 0.2965004077419999, 0.2965004077419999, 0.2965004077419735, 0.2965004077419735, 0.2965004077419735, 0.2965004077419999, 0.2965004077419999]","['KAS15', '3HAD80', '3HAD40', '3OAS60', '3OAR60', '3OAR80', 'EAR100x', '3OAS80', '3OAS100', '3OAR40', '3OAR100', '3HAD60', '3HAD100', 'EAR40x', 'EAR60x', 'EAR80x', 'FA100ACPHi']","['ECOAH4', 'ECOAH1', 'ECOAH2', 'ECOAH3', 'MACPD', 'HACD4', 'ACOATA', 'ACACT2r', 'ACACT3r', 'ACACT4r', 'HACD1', 'HACD2', 'HACD3', 'ACACT1r', 'FACOAE100', 'FADRx2', 'ACOAD3f', 'ACOAD2f', 'ACOAD4f', 'ACOAD1fr']",[],ACOAD1fr,3HAD100,13.6390187561327,1,37,0,5.0,0.5930008154495778,iML1515,PSL,False,False,0.0,0.0,0.0,0.0
243,"['ME1', 'EX_ade_e', 'SERD_L', 'XYLI2', 'HEX7', 'URIC', 'ALLTN', 'F6PA', 'ADD', 'MALS', 'UGLYCH', 'CAT', 'THD2pp', 'ADEt2rpp', 'ALKP', 'ADEtex', 'XAND', 'HXAND', 'GLCabcpp', 'ACSERtpp', 'ACSERtex', 'EX_acser_e', 'OPHHX3', 'MTHTHFSs', 'ALLTAMH2', 'UGCIAMH', 'AI2K', 'PAI2I', 'PAI2T', 'OPHHXy', 'DHPTDCs2', 'DM_mththf_c']","[-3.732499427588909e-05, 3.73249901005361e-05, 0.0001866249600497305, 0.00018662496188426303, 0.00018662496188781574, -3.7324991979025435e-05, -3.7324991979025435e-05, 0.00014929991630197037, -3.7324991979025435e-05, -3.732499427588909e-05, -3.7324991979025435e-05, -1.8662496759466263e-05, 1.8662496899662928e-05, -3.732499010311585e-05, -0.00014929991632484096, -3.732499010311585e-05, -3.7324991979025435e-05, -3.7324991979025435e-05, 0.00018662496283106123, -0.00018662495911317412, 0.00018662495915577892, -0.00018662495911317412, -1.8662495471862423e-05, 0.0003732499231997033, -3.7324991979025435e-05, -3.7324991979025435e-05, -0.00037324992319999993, -0.00037324992319999993, -0.00037324992319999993, 1.8662495471710093e-05, 0.0003732499231997033, 0.0003732499231997033]","[3.732499427588909e-05, 3.73249901005361e-05, 0.0001866249600497305, 0.00018662496188426303, 0.00018662496188781574, 3.7324991979025435e-05, 3.7324991979025435e-05, 0.00014929991630197037, 3.7324991979025435e-05, 3.732499427588909e-05, 3.7324991979025435e-05, 1.8662496759466263e-05, 1.8662496899662928e-05, 3.732499010311585e-05, 0.00014929991632484096, 3.732499010311585e-05, 3.7324991979025435e-05, 3.7324991979025435e-05, 0.00018662496283106123, 0.00018662495911317412, 0.00018662495915577892, 0.00018662495911317412, 1.8662495471862423e-05, 0.0003732499231997033, 3.7324991979025435e-05, 3.7324991979025435e-05, 0.00037324992319999993, 0.00037324992319999993, 0.00037324992319999993, 1.8662495471710093e-05, 0.0003732499231997033, 0.0003732499231997033]","['EX_ade_e', 'SERD_L', 'XYLI2', 'HEX7', 'THD2pp', 'ADEt2rpp', 'ADEtex', 'GLCabcpp', 'MTHTHFSs', 'OPHHXy', 'DHPTDCs2', 'DM_mththf_c']","['ME1', 'URIC', 'ALLTN', 'F6PA', 'ADD', 'MALS', 'UGLYCH', 'CAT', 'ALKP', 'XAND', 'HXAND', 'ACSERtpp', 'ACSERtex', 'EX_acser_e', 'ALLTAMH2', 'UGCIAMH', 'AI2K', 'PAI2I', 'PAI2T']",['OPHHX3'],AI2K,MTHTHFSs,0.005374798883300065,1,32,1,-8.0,0.00014929997320890787,iML1515,PSL,False,False,0.0,0.0,0.0002990560501195,0.0682514312155645
244,"['ME1', 'EX_ade_e', 'SERD_L', 'XYLI2', 'HEX7', 'URIC', 'ALLTN', 'F6PA', 'ADD', 'MALS', 'UGLYCH', 'CAT', 'THD2pp', 'ADEt2rpp', 'ALKP', 'ADEtex', 'XAND', 'HXAND', 'GLCabcpp', 'ACSERtpp', 'ACSERtex', 'EX_acser_e', 'OPHHX3', 'MTHTHFSs', 'ALLTAMH2', 'UGCIAMH', 'AI2K', 'PAI2I', 'PAI2T', 'OPHHXy', 'DHPTDCs2', 'DM_mththf_c']","[-3.7324992996912165e-05, 3.732499170600739e-05, 0.00018662496115517957, 0.00018662496154320252, 0.00018662496149701724, -3.732499216095066e-05, -3.732499216095066e-05, 0.00014929994335943775, -3.732499216095066e-05, -3.7324992996912165e-05, -3.732499216095066e-05, -1.866249861895864e-05, 1.866249757653815e-05, -3.732499169473158e-05, -0.00014929994337753438, -3.732499169473158e-05, -3.732499216095066e-05, -3.732499216095066e-05, 0.00018662496149701724, -0.00018662496071877865, 0.00018662496074739465, -0.00018662496071877865, -1.8662498393719624e-05, 0.0003732499231998698, -3.732499216095066e-05, -3.732499216095066e-05, -0.00037324992319999993, -0.00037324992319999993, -0.00037324992319999993, 1.866249839365449e-05, 0.0003732499231998698, 0.0003732499231998698]","[3.7324992996912165e-05, 3.732499170600739e-05, 0.00018662496115517957, 0.00018662496154320252, 0.00018662496149701724, 3.732499216095066e-05, 3.732499216095066e-05, 0.00014929994335943775, 3.732499216095066e-05, 3.7324992996912165e-05, 3.732499216095066e-05, 1.866249861895864e-05, 1.866249757653815e-05, 3.732499169473158e-05, 0.00014929994337753438, 3.732499169473158e-05, 3.732499216095066e-05, 3.732499216095066e-05, 0.00018662496149701724, 0.00018662496071877865, 0.00018662496074739465, 0.00018662496071877865, 1.8662498393719624e-05, 0.0003732499231998698, 3.732499216095066e-05, 3.732499216095066e-05, 0.00037324992319999993, 0.00037324992319999993, 0.00037324992319999993, 1.866249839365449e-05, 0.0003732499231998698, 0.0003732499231998698]","['EX_ade_e', 'SERD_L', 'XYLI2', 'HEX7', 'THD2pp', 'ADEt2rpp', 'ADEtex', 'GLCabcpp', 'MTHTHFSs', 'OPHHXy', 'DHPTDCs2', 'DM_mththf_c']","['ME1', 'URIC', 'ALLTN', 'F6PA', 'ADD', 'MALS', 'UGLYCH', 'CAT', 'ALKP', 'XAND', 'HXAND', 'ACSERtpp', 'ACSERtex', 'EX_acser_e', 'ALLTAMH2', 'UGCIAMH', 'AI2K', 'PAI2I', 'PAI2T']",['OPHHX3'],AI2K,DHPTDCs2,0.0053747988967033635,1,32,1,-8.0,0.00014929996897639606,iML1515,PSL,False,False,0.0,0.0,0.0002990560501195,0.0
245,"['ACS', 'CYSDS', 'APRAUR', 'ME1', 'DB4PS', 'ACP1_FMN', 'RBFSb', 'PMDPHT', 'CPPPGO', 'EX_met__L_e', 'RBFSa', 'PFL', 'EX_hxan_e', 'EX_ile__L_e', 'EX_leu__L_e', 'EX_glcn_e', 'UPP3S', 'EX_pro__L_e', 'UPPDC1', 'EX_arg__L_e', 'EX_thymd_e', 'EX_tyr__L_e', 'EX_cytd_e', 'EX_fum_e', 'MGSA', 'GLUTRS', 'URIK1', 'CYTDK1', 'TMDK1', 'FTHFD', 'EX_ura_e', 'EX_val__L_e', 'INSK', 'FMNAT', 'ASPT', 'OHPBAT', 'SERD_L', 'THRD', 'ICHORS_copy2', 'DHBD', 'ICHORT', 'EX_trp__L_e', 'GLUTRR', 'EX_fmn_e', 'G1SAT', 'EDTXS1', 'EDTXS2', 'HCYSMT', 'CITL', 'GTPCII2', 'URIC', 'ALLTN', 'UPPRT', 'AOBUTDs', 'ADD', 'FCLT', 'AGDC', 'IPDPS', 'MALS', 'UGLYCH', 'NTPP6', 'NTPP7', 'NTPP8', 'DHPPDA2', 'DCTPD', 'H2SO', 'METAT', 'PPBNGS', 'ACM6PH', 'EX_ins_e', 'VALabcpp', 'ARGabcpp', 'ASNt2rpp', 'HYXNtpp', 'HIStex', 'FE3DCITabcpp', 'HYXNtex', 'ILEtex', 'INStex', 'GLCNtex', 'FE3DCITtonex', 'EX_fad_e', 'PHEtex', 'ACGAMK', 'EX_fe3dcit_e', 'ASPO3', 'LEUtex', 'FUMtex', 'DHBSH', 'ENTERES', 'LADGMDH', 'ALAGLUE', 'EX_pheme_e', 'TRPtex', 'TYRtex', 'URAtex', 'URItex', 'VALtex', 'FORtppi', 'PHEMEabcpp', 'LIPAabcpp', 'PHEMEtiex', '4PEPTabcpp', 'AGMt2pp', 'AMPTASECG', 'LALGP', 'AGM4PApp', 'ZNabcpp', 'FE2t2pp', 'Kabcpp', 'FACOAE140', 'LEUabcpp', 'THMDtex', 'METabcpp', 'ATPHs', 'METtex', 'PIuabcpp', 'ILEabcpp', 'PROabcpp', 'NI2uabcpp', 'EX_enter_e', 'EX_cgly_e', 'NTPP9', 'ARGtex', 'EX_enlipa_e', '4PCP', 'MG2uabcpp', 'HISabcpp', 'HMBS', 'GLYCLTDy', 'DAAD', 'GLCNt2rpp', 'CYTDtex', '4PEPTtex', 'EX_asn__L_e', 'ANHMK', 'XAND', 'EX_phe__L_e', 'EX_uri_e', 'E4PD', 'EX_g3pe_e', 'EX_his__L_e', 'ANHGMtex', 'HXAND', 'G3PEtex', 'CPPPGO2', 'PPPGO', '2AGPEAT160', 'GCALDD', 'LPLIPAL2E161', 'LDH_D', 'CDAPPA161', '2AGPEAT161', 'G3PEabcpp', 'PROtex', 'AACTOOR', 'PPPGO3', 'MDDCP1pp', 'AGMH', 'PERD', '5DOAN', 'DM_5drib_c', 'FACOAE120', 'ASNtex', 'EAR140x', '3OAR160', 'LPLIPAL2E160', 'PETNT161pp', 'MLTGY1pp', 'CGLYtex', '3OAS160', 'PAPA161', 'CGLYabcpp', 'EAR160x', 'EAR140y', '3HAD140', '3HAD160', 'MDDEP1pp', '12DGR161tipp', 'NADHPO', 'CA2t3pp', 'FA160ACPHi', 'OPHHX3', 'FA120ACPHi', 'FA140ACPHi', 'EX_LalaDgluMdapDala_e', 'EX_anhgm_e', 'MN2t3pp', 'FDH4pp', 'SCYSDS', 'S2FE2SS', 'S4FE4SR', 'S4FE4ST', 'S2FE2SS2', 'GNP', 'ALLTAMH2', 'UGCIAMH', 'TRPtipp', 'TYRtipp', 'FMNtex', 'PHEtipp', 'FADt', 'PIt2rpp', 'FADtex', 'INSt3pp', 'MOX', '4HTHRA', 'FMNt', 'DHGLYH', '4HTHRK', 'URAtpp', 'OPHHXy', 'ENLIPAabctex']","[5.352873814528682e-06, -0.001077719069778446, 0.0018892030644066188, -0.0023639476881094357, 0.0037784061288132376, -0.0018909383342510175, 0.0018892030644066188, 0.0018892030644066188, 0.0008825567862142558, 0.0011976552332786938, 0.0037784061288132376, -0.004595150177590244, 0.00025503680998774717, 0.002260745348085791, 0.0035057975707019073, -0.004398704143265597, 0.0002172477146331602, 0.001720134867504144, 0.00021898298447755823, 0.0023016992727094288, 0.0008462747620114897, 0.00107303484512609, 0.0010388897147777243, 0.0020710900420226608, -0.001974060094241392, 0.0017379817170652817, -0.00018360789075440504, -0.0010388897147349113, -0.0008462747620067831, -0.0005230282284792165, 0.0005053020189796757, 0.003298070985530857, -0.000296844751494316, 0.003145172701589441, 0.0017462877530893817, -0.00031277268976737105, 0.0016454846165629144, 0.001974060094241392, 0.00031971376915862493, 0.00031971376915862493, 0.00031971376917549755, 0.0004423226177808076, 0.0017379817170652817, -0.0012542343673384235, 0.001737981717042203, 0.00046154546504067334, 0.00046154546504067334, 3.4861026470419353e-06, -0.00022831975654335405, 0.0018892030644066188, -0.0015821999764193896, -0.0015821999764193896, -0.0005053020189507151, 0.001974060094241392, -0.0013271631664316425, 0.000218982984477559, -0.00038662538409431953, -1.6426702428356307e-05, -0.00189670793606167, -0.0015821999764193896, -0.0002592632304905425, 0.00020361018272879033, 6.861189525259937e-05, 0.0018892030644066188, 0.00021023222146234963, -0.001077719069778446, -0.0013289139992342929, 0.0008689908585326409, -0.00019331269204715977, 0.000296844751494316, -0.003298070985530857, -0.0023016992727094288, -0.0015034485749083615, -0.00025503681001737277, -0.0007372017691977817, -6.075778899130267e-05, -0.00025503681001737277, -0.002260745348053206, -0.0002968447514604122, 0.0043987041432274054, -6.075778899130267e-05, 0.0031469079714270265, -0.0014416357297477589, -0.00019331269204715977, 6.075778899130267e-05, -1.7726209448995934e-05, -0.003505797570710456, -0.0020710900420226608, -0.00031971376917549755, -0.00010657125639183252, -0.0026703001572802587, -0.002670300157319616, 0.00022071825432195782, -0.00044232261780052795, -0.001073034845148868, -0.0005053020189507151, -0.00018360789078997186, -0.0032980709855792156, 1.772620944962e-05, 0.00022071825432195782, 0.00046154546504067334, 0.00022071825432195782, -0.0026703001572802587, -0.00019331269204715977, -0.0018058398527837083, -0.0026703001572802587, 0.00021623174186607324, -2.6534843808957752e-06, 0.0001564977071209818, -0.0015188902544286675, 0.0011774246844972747, -0.0035057975707019073, -0.0008462747620114897, -0.0011976552332786938, -0.00022791874682935554, -0.001197655233227124, 0.8102380614245703, -0.002260745348085791, -0.0017201348675041361, -2.5134177566842205e-06, 0.00010657125639183286, 0.0018058398527837083, -0.00022791874682935554, -0.0023016992727207253, 0.00046154546504067334, -0.0026703001572802587, -6.750433139082225e-05, -0.000737201769141646, 0.0002172477146331602, 0.00031624322948667837, -0.0012454568595119397, 0.0043987041432274054, -0.0010388897147777243, -0.002886531899093825, 0.0015034485749055582, -0.00019331269204715977, -0.0015821999764193896, 0.0014416357296969384, 0.00018360789078997186, -0.00031277268976737105, 0.0010818434794931664, 0.000737201769141646, -0.0004095444338645393, -0.0015821999764193896, -0.0010818434794828136, -0.0006635738017366975, 0.00015232924801505043, -0.0004965673087462749, -0.00031624322948667837, 0.0005852761707468984, -0.00019331269209033053, -1.911909420498903e-05, -0.0005852761707468984, -0.0010818434794931664, -0.0017201348674689143, 0.001974060094241392, 6.66537364625078e-05, 0.0001081158709330364, -0.00019331269204715977, -0.00031277268976737105, -0.0013271631664316407, -0.0013271631664316407, 0.0004615454650406768, -0.0015034485749083615, -0.0012175062704584405, -0.0005247168094228982, 0.0004965673087462749, 0.00046154546504067334, 0.00010811587093303651, -0.0018058398527500685, -0.0005247168094483778, -0.00046154546504067334, -0.0018058398527837083, -0.000524716809448364, -2.3089758446684372e-05, -0.0012405960289051249, -0.0005247168094483778, 0.00010811587093303651, 0.00046154546504067334, 0.0008590998698697681, 4.05025988344937e-05, -0.000524716809448364, -0.00018702288129439812, -0.0004615454650406768, -0.0011774246844973163, 0.002886531899146332, 0.000409544433913233, 5.377002027127584e-06, 1.772620944962e-05, -8.528501118655995e-06, -2.2410659873840557e-06, -2.0231845719439687e-06, -2.0231845719439687e-06, -2.0231845719439687e-06, -0.004398704143265597, -0.0015821999764193896, -0.0015821999764193896, 0.0004423226177808076, 0.00107303484512609, -0.0012542343673658252, 0.0014416357296969384, 0.0031469079714270265, -0.8102380614245703, 0.0031469079714270265, 0.000296844751494316, 0.0004672397520477656, -0.0003110374200332444, -0.0012542343673384235, 1.7352698443980975e-06, 0.0003110374199533948, 0.0005053020189796757, 0.00018528761145000002, 0.00046154546504067334]","[5.352873814528682e-06, 0.001077719069778446, 0.0018892030644066188, 0.0023639476881094357, 0.0037784061288132376, 0.0018909383342510175, 0.0018892030644066188, 0.0018892030644066188, 0.0008825567862142558, 0.0011976552332786938, 0.0037784061288132376, 0.004595150177590244, 0.00025503680998774717, 0.002260745348085791, 0.0035057975707019073, 0.004398704143265597, 0.0002172477146331602, 0.001720134867504144, 0.00021898298447755823, 0.0023016992727094288, 0.0008462747620114897, 0.00107303484512609, 0.0010388897147777243, 0.0020710900420226608, 0.001974060094241392, 0.0017379817170652817, 0.00018360789075440504, 0.0010388897147349113, 0.0008462747620067831, 0.0005230282284792165, 0.0005053020189796757, 0.003298070985530857, 0.000296844751494316, 0.003145172701589441, 0.0017462877530893817, 0.00031277268976737105, 0.0016454846165629144, 0.001974060094241392, 0.00031971376915862493, 0.00031971376915862493, 0.00031971376917549755, 0.0004423226177808076, 0.0017379817170652817, 0.0012542343673384235, 0.001737981717042203, 0.00046154546504067334, 0.00046154546504067334, 3.4861026470419353e-06, 0.00022831975654335405, 0.0018892030644066188, 0.0015821999764193896, 0.0015821999764193896, 0.0005053020189507151, 0.001974060094241392, 0.0013271631664316425, 0.000218982984477559, 0.00038662538409431953, 1.6426702428356307e-05, 0.00189670793606167, 0.0015821999764193896, 0.0002592632304905425, 0.00020361018272879033, 6.861189525259937e-05, 0.0018892030644066188, 0.00021023222146234963, 0.001077719069778446, 0.0013289139992342929, 0.0008689908585326409, 0.00019331269204715977, 0.000296844751494316, 0.003298070985530857, 0.0023016992727094288, 0.0015034485749083615, 0.00025503681001737277, 0.0007372017691977817, 6.075778899130267e-05, 0.00025503681001737277, 0.002260745348053206, 0.0002968447514604122, 0.0043987041432274054, 6.075778899130267e-05, 0.0031469079714270265, 0.0014416357297477589, 0.00019331269204715977, 6.075778899130267e-05, 1.7726209448995934e-05, 0.003505797570710456, 0.0020710900420226608, 0.00031971376917549755, 0.00010657125639183252, 0.0026703001572802587, 0.002670300157319616, 0.00022071825432195782, 0.00044232261780052795, 0.001073034845148868, 0.0005053020189507151, 0.00018360789078997186, 0.0032980709855792156, 1.772620944962e-05, 0.00022071825432195782, 0.00046154546504067334, 0.00022071825432195782, 0.0026703001572802587, 0.00019331269204715977, 0.0018058398527837083, 0.0026703001572802587, 0.00021623174186607324, 2.6534843808957752e-06, 0.0001564977071209818, 0.0015188902544286675, 0.0011774246844972747, 0.0035057975707019073, 0.0008462747620114897, 0.0011976552332786938, 0.00022791874682935554, 0.001197655233227124, 0.8102380614245703, 0.002260745348085791, 0.0017201348675041361, 2.5134177566842205e-06, 0.00010657125639183286, 0.0018058398527837083, 0.00022791874682935554, 0.0023016992727207253, 0.00046154546504067334, 0.0026703001572802587, 6.750433139082225e-05, 0.000737201769141646, 0.0002172477146331602, 0.00031624322948667837, 0.0012454568595119397, 0.0043987041432274054, 0.0010388897147777243, 0.002886531899093825, 0.0015034485749055582, 0.00019331269204715977, 0.0015821999764193896, 0.0014416357296969384, 0.00018360789078997186, 0.00031277268976737105, 0.0010818434794931664, 0.000737201769141646, 0.0004095444338645393, 0.0015821999764193896, 0.0010818434794828136, 0.0006635738017366975, 0.00015232924801505043, 0.0004965673087462749, 0.00031624322948667837, 0.0005852761707468984, 0.00019331269209033053, 1.911909420498903e-05, 0.0005852761707468984, 0.0010818434794931664, 0.0017201348674689143, 0.001974060094241392, 6.66537364625078e-05, 0.0001081158709330364, 0.00019331269204715977, 0.00031277268976737105, 0.0013271631664316407, 0.0013271631664316407, 0.0004615454650406768, 0.0015034485749083615, 0.0012175062704584405, 0.0005247168094228982, 0.0004965673087462749, 0.00046154546504067334, 0.00010811587093303651, 0.0018058398527500685, 0.0005247168094483778, 0.00046154546504067334, 0.0018058398527837083, 0.000524716809448364, 2.3089758446684372e-05, 0.0012405960289051249, 0.0005247168094483778, 0.00010811587093303651, 0.00046154546504067334, 0.0008590998698697681, 4.05025988344937e-05, 0.000524716809448364, 0.00018702288129439812, 0.0004615454650406768, 0.0011774246844973163, 0.002886531899146332, 0.000409544433913233, 5.377002027127584e-06, 1.772620944962e-05, 8.528501118655995e-06, 2.2410659873840557e-06, 2.0231845719439687e-06, 2.0231845719439687e-06, 2.0231845719439687e-06, 0.004398704143265597, 0.0015821999764193896, 0.0015821999764193896, 0.0004423226177808076, 0.00107303484512609, 0.0012542343673658252, 0.0014416357296969384, 0.0031469079714270265, 0.8102380614245703, 0.0031469079714270265, 0.000296844751494316, 0.0004672397520477656, 0.0003110374200332444, 0.0012542343673384235, 1.7352698443980975e-06, 0.0003110374199533948, 0.0005053020189796757, 0.00018528761145000002, 0.00046154546504067334]","['CYSDS', 'ME1', 'ACP1_FMN', 'PFL', 'EX_glcn_e', 'MGSA', 'URIK1', 'CYTDK1', 'TMDK1', 'FTHFD', 'INSK', 'EX_fmn_e', 'CITL', 'URIC', 'ALLTN', 'UPPRT', 'ADD', 'IPDPS', 'MALS', 'UGLYCH', 'NTPP6', 'H2SO', 'VALabcpp', 'ARGabcpp', 'FE3DCITabcpp', 'GLCNtex', 'FE3DCITtonex', 'ASPO3', 'DHBSH', 'ENTERES', 'LADGMDH', 'ALAGLUE', '4PEPTabcpp', 'AMPTASECG', 'LALGP', 'ZNabcpp', 'Kabcpp', 'LEUabcpp', 'METabcpp', 'ATPHs', 'ILEabcpp', 'PROabcpp', 'NI2uabcpp', 'NTPP9', '4PCP', 'MG2uabcpp', 'HISabcpp', 'DAAD', 'GLCNt2rpp', 'XAND', 'CPPPGO2', '2AGPEAT160', 'GCALDD', 'CDAPPA161', '2AGPEAT161', 'G3PEabcpp', 'EAR140x', 'PAPA161', 'CGLYabcpp', 'EAR160x', 'EAR140y', '3HAD140', 'FA160ACPHi', 'OPHHX3', 'FA120ACPHi', 'FA140ACPHi', 'S4FE4SR', 'S4FE4ST', 'S2FE2SS2', 'GNP', 'ALLTAMH2', 'UGCIAMH', 'FMNtex', 'PIt2rpp', 'FMNt']","['ACS', 'CPPPGO', 'EX_met__L_e', 'EX_hxan_e', 'EX_ile__L_e', 'EX_leu__L_e', 'EX_pro__L_e', 'EX_arg__L_e', 'EX_thymd_e', 'EX_tyr__L_e', 'EX_cytd_e', 'EX_fum_e', 'EX_ura_e', 'EX_val__L_e', 'ASPT', 'SERD_L', 'THRD', 'ICHORS_copy2', 'DHBD', 'ICHORT', 'EX_trp__L_e', 'EDTXS1', 'EDTXS2', 'HCYSMT', 'AOBUTDs', 'NTPP7', 'NTPP8', 'DCTPD', 'EX_ins_e', 'ASNt2rpp', 'HYXNtpp', 'HIStex', 'HYXNtex', 'ILEtex', 'INStex', 'EX_fad_e', 'PHEtex', 'EX_fe3dcit_e', 'LEUtex', 'FUMtex', 'TRPtex', 'TYRtex', 'URAtex', 'URItex', 'VALtex', 'FORtppi', 'LIPAabcpp', 'FE2t2pp', 'FACOAE140', 'THMDtex', 'METtex', 'PIuabcpp', 'EX_enter_e', 'EX_cgly_e', 'ARGtex', 'EX_enlipa_e', 'GLYCLTDy', 'CYTDtex', '4PEPTtex', 'EX_asn__L_e', 'EX_phe__L_e', 'EX_uri_e', 'EX_g3pe_e', 'EX_his__L_e', 'ANHGMtex', 'G3PEtex', 'LPLIPAL2E161', 'PROtex', 'AACTOOR', 'PPPGO3', 'MDDCP1pp', 'FACOAE120', 'ASNtex', 'LPLIPAL2E160', 'PETNT161pp', 'CGLYtex', '12DGR161tipp', 'NADHPO', 'CA2t3pp', 'EX_LalaDgluMdapDala_e', 'EX_anhgm_e', 'MN2t3pp', 'FDH4pp', 'TRPtipp', 'TYRtipp', 'PHEtipp', 'FADt', 'FADtex', 'INSt3pp', 'MOX', 'DHGLYH', 'URAtpp', 'OPHHXy', 'ENLIPAabctex']","['APRAUR', 'DB4PS', 'RBFSb', 'PMDPHT', 'RBFSa', 'UPP3S', 'UPPDC1', 'GLUTRS', 'FMNAT', 'OHPBAT', 'GLUTRR', 'G1SAT', 'GTPCII2', 'FCLT', 'AGDC', 'DHPPDA2', 'METAT', 'PPBNGS', 'ACM6PH', 'ACGAMK', 'EX_pheme_e', 'PHEMEabcpp', 'PHEMEtiex', 'AGMt2pp', 'AGM4PApp', 'HMBS', 'ANHMK', 'E4PD', 'HXAND', 'PPPGO', 'LDH_D', 'AGMH', 'PERD', '5DOAN', 'DM_5drib_c', '3OAR160', 'MLTGY1pp', '3OAS160', '3HAD160', 'MDDEP1pp', 'SCYSDS', 'S2FE2SS', '4HTHRA', '4HTHRK']",PIt2rpp,PIuabcpp,2.1387925990331134,1,213,44,-21.0,-0.028022336771239924,iML1515,PSL,False,False,0.0,0.0,0.0,0.0
246,"['ME1', 'EX_ade_e', 'SERD_L', 'XYLI2', 'HEX7', 'URIC', 'ALLTN', 'F6PA', 'ADD', 'MALS', 'UGLYCH', 'CAT', 'THD2pp', 'ADEt2rpp', 'ALKP', 'ADEtex', 'XAND', 'HXAND', 'GLCabcpp', 'ACSERtpp', 'ACSERtex', 'EX_acser_e', 'OPHHX3', 'MTHTHFSs', 'ALLTAMH2', 'UGCIAMH', 'AI2K', 'PAI2I', 'PAI2T', 'OPHHXy', 'DHPTDCs2', 'DM_mththf_c']","[-3.732499427588909e-05, 3.73249901005361e-05, 0.0001866249600497305, 0.00018662496188426303, 0.00018662496188781574, -3.7324991979025435e-05, -3.7324991979025435e-05, 0.00014929991630197037, -3.7324991979025435e-05, -3.732499427588909e-05, -3.7324991979025435e-05, -1.8662496759466263e-05, 1.8662496899662928e-05, -3.732499010311585e-05, -0.00014929991632484096, -3.732499010311585e-05, -3.7324991979025435e-05, -3.7324991979025435e-05, 0.00018662496283106123, -0.00018662495911317412, 0.00018662495915577892, -0.00018662495911317412, -1.8662495471862423e-05, 0.0003732499231997033, -3.7324991979025435e-05, -3.7324991979025435e-05, -0.00037324992319999993, -0.00037324992319999993, -0.00037324992319999993, 1.8662495471710093e-05, 0.0003732499231997033, 0.0003732499231997033]","[3.732499427588909e-05, 3.73249901005361e-05, 0.0001866249600497305, 0.00018662496188426303, 0.00018662496188781574, 3.7324991979025435e-05, 3.7324991979025435e-05, 0.00014929991630197037, 3.7324991979025435e-05, 3.732499427588909e-05, 3.7324991979025435e-05, 1.8662496759466263e-05, 1.8662496899662928e-05, 3.732499010311585e-05, 0.00014929991632484096, 3.732499010311585e-05, 3.7324991979025435e-05, 3.7324991979025435e-05, 0.00018662496283106123, 0.00018662495911317412, 0.00018662495915577892, 0.00018662495911317412, 1.8662495471862423e-05, 0.0003732499231997033, 3.7324991979025435e-05, 3.7324991979025435e-05, 0.00037324992319999993, 0.00037324992319999993, 0.00037324992319999993, 1.8662495471710093e-05, 0.0003732499231997033, 0.0003732499231997033]","['EX_ade_e', 'SERD_L', 'XYLI2', 'HEX7', 'THD2pp', 'ADEt2rpp', 'ADEtex', 'GLCabcpp', 'MTHTHFSs', 'OPHHXy', 'DHPTDCs2', 'DM_mththf_c']","['ME1', 'URIC', 'ALLTN', 'F6PA', 'ADD', 'MALS', 'UGLYCH', 'CAT', 'ALKP', 'XAND', 'HXAND', 'ACSERtpp', 'ACSERtex', 'EX_acser_e', 'ALLTAMH2', 'UGCIAMH', 'AI2K', 'PAI2I', 'PAI2T']",['OPHHX3'],PAI2I,MTHTHFSs,0.005374798883300065,1,32,1,-8.0,0.00014929997320890787,iML1515,PSL,False,False,0.0,0.0,0.0,0.0682514312155645
247,"['ME1', 'EX_ade_e', 'SERD_L', 'XYLI2', 'HEX7', 'URIC', 'ALLTN', 'F6PA', 'ADD', 'MALS', 'UGLYCH', 'CAT', 'THD2pp', 'ADEt2rpp', 'ALKP', 'ADEtex', 'XAND', 'HXAND', 'GLCabcpp', 'ACSERtpp', 'ACSERtex', 'EX_acser_e', 'OPHHX3', 'MTHTHFSs', 'ALLTAMH2', 'UGCIAMH', 'AI2K', 'PAI2I', 'PAI2T', 'OPHHXy', 'DHPTDCs2', 'DM_mththf_c']","[-3.7324992996912165e-05, 3.732499170600739e-05, 0.00018662496115517957, 0.00018662496154320252, 0.00018662496149701724, -3.732499216095066e-05, -3.732499216095066e-05, 0.00014929994335943775, -3.732499216095066e-05, -3.7324992996912165e-05, -3.732499216095066e-05, -1.866249861895864e-05, 1.866249757653815e-05, -3.732499169473158e-05, -0.00014929994337753438, -3.732499169473158e-05, -3.732499216095066e-05, -3.732499216095066e-05, 0.00018662496149701724, -0.00018662496071877865, 0.00018662496074739465, -0.00018662496071877865, -1.8662498393719624e-05, 0.0003732499231998698, -3.732499216095066e-05, -3.732499216095066e-05, -0.00037324992319999993, -0.00037324992319999993, -0.00037324992319999993, 1.866249839365449e-05, 0.0003732499231998698, 0.0003732499231998698]","[3.7324992996912165e-05, 3.732499170600739e-05, 0.00018662496115517957, 0.00018662496154320252, 0.00018662496149701724, 3.732499216095066e-05, 3.732499216095066e-05, 0.00014929994335943775, 3.732499216095066e-05, 3.7324992996912165e-05, 3.732499216095066e-05, 1.866249861895864e-05, 1.866249757653815e-05, 3.732499169473158e-05, 0.00014929994337753438, 3.732499169473158e-05, 3.732499216095066e-05, 3.732499216095066e-05, 0.00018662496149701724, 0.00018662496071877865, 0.00018662496074739465, 0.00018662496071877865, 1.8662498393719624e-05, 0.0003732499231998698, 3.732499216095066e-05, 3.732499216095066e-05, 0.00037324992319999993, 0.00037324992319999993, 0.00037324992319999993, 1.866249839365449e-05, 0.0003732499231998698, 0.0003732499231998698]","['EX_ade_e', 'SERD_L', 'XYLI2', 'HEX7', 'THD2pp', 'ADEt2rpp', 'ADEtex', 'GLCabcpp', 'MTHTHFSs', 'OPHHXy', 'DHPTDCs2', 'DM_mththf_c']","['ME1', 'URIC', 'ALLTN', 'F6PA', 'ADD', 'MALS', 'UGLYCH', 'CAT', 'ALKP', 'XAND', 'HXAND', 'ACSERtpp', 'ACSERtex', 'EX_acser_e', 'ALLTAMH2', 'UGCIAMH', 'AI2K', 'PAI2I', 'PAI2T']",['OPHHX3'],PAI2I,DHPTDCs2,0.0053747988967033635,1,32,1,-8.0,0.00014929996897639606,iML1515,PSL,False,False,0.0,0.0,0.0,0.0
248,"['S2FE2SR', 'I2FE2SR']","[1.6662942999999997e-06, -1.6662942999999997e-06]","[1.6662942999999997e-06, 1.6662942999999997e-06]",['I2FE2SR'],['S2FE2SR'],[],I2FE2SR,S2FE2SR,3.3325885999999994e-06,1,2,0,0.0,0.0,iML1515,PSL,False,False,0.0,0.0,0.0,0.0
249,"['ME1', 'EX_ade_e', 'SERD_L', 'XYLI2', 'HEX7', 'URIC', 'ALLTN', 'F6PA', 'ADD', 'MALS', 'UGLYCH', 'CAT', 'THD2pp', 'ADEt2rpp', 'ALKP', 'ADEtex', 'XAND', 'HXAND', 'GLCabcpp', 'ACSERtpp', 'ACSERtex', 'EX_acser_e', 'OPHHX3', 'MTHTHFSs', 'ALLTAMH2', 'UGCIAMH', 'AI2K', 'PAI2I', 'PAI2T', 'OPHHXy', 'DHPTDCs2', 'DM_mththf_c']","[-3.732499427588909e-05, 3.73249901005361e-05, 0.0001866249600497305, 0.00018662496188426303, 0.00018662496188781574, -3.7324991979025435e-05, -3.7324991979025435e-05, 0.00014929991630197037, -3.7324991979025435e-05, -3.732499427588909e-05, -3.7324991979025435e-05, -1.8662496759466263e-05, 1.8662496899662928e-05, -3.732499010311585e-05, -0.00014929991632484096, -3.732499010311585e-05, -3.7324991979025435e-05, -3.7324991979025435e-05, 0.00018662496283106123, -0.00018662495911317412, 0.00018662495915577892, -0.00018662495911317412, -1.8662495471862423e-05, 0.0003732499231997033, -3.7324991979025435e-05, -3.7324991979025435e-05, -0.00037324992319999993, -0.00037324992319999993, -0.00037324992319999993, 1.8662495471710093e-05, 0.0003732499231997033, 0.0003732499231997033]","[3.732499427588909e-05, 3.73249901005361e-05, 0.0001866249600497305, 0.00018662496188426303, 0.00018662496188781574, 3.7324991979025435e-05, 3.7324991979025435e-05, 0.00014929991630197037, 3.7324991979025435e-05, 3.732499427588909e-05, 3.7324991979025435e-05, 1.8662496759466263e-05, 1.8662496899662928e-05, 3.732499010311585e-05, 0.00014929991632484096, 3.732499010311585e-05, 3.7324991979025435e-05, 3.7324991979025435e-05, 0.00018662496283106123, 0.00018662495911317412, 0.00018662495915577892, 0.00018662495911317412, 1.8662495471862423e-05, 0.0003732499231997033, 3.7324991979025435e-05, 3.7324991979025435e-05, 0.00037324992319999993, 0.00037324992319999993, 0.00037324992319999993, 1.8662495471710093e-05, 0.0003732499231997033, 0.0003732499231997033]","['EX_ade_e', 'SERD_L', 'XYLI2', 'HEX7', 'THD2pp', 'ADEt2rpp', 'ADEtex', 'GLCabcpp', 'MTHTHFSs', 'OPHHXy', 'DHPTDCs2', 'DM_mththf_c']","['ME1', 'URIC', 'ALLTN', 'F6PA', 'ADD', 'MALS', 'UGLYCH', 'CAT', 'ALKP', 'XAND', 'HXAND', 'ACSERtpp', 'ACSERtex', 'EX_acser_e', 'ALLTAMH2', 'UGCIAMH', 'AI2K', 'PAI2I', 'PAI2T']",['OPHHX3'],PAI2T,MTHTHFSs,0.005374798883300065,1,32,1,-8.0,0.00014929997320890787,iML1515,PSL,False,False,0.0,0.0,0.0,0.0682514312155645
250,"['ME1', 'FBP', 'EX_ade_e', 'FBA', 'SERD_L', 'XYLI2', 'HEX7', 'URIC', 'ALLTN', 'ADD', 'MALS', 'UGLYCH', 'CAT', 'THD2pp', 'ADEt2rpp', 'ADEtex', 'XAND', 'PDH', 'HXAND', 'GLCabcpp', 'ACSERtpp', 'ACSERtex', 'PFK', 'EX_acser_e', 'OPHHX3', 'MTHTHFSs', 'ALLTAMH2', 'UGCIAMH', 'AI2K', 'PAI2I', 'PAI2T', 'OPHHXy', 'DHPTDCs2', 'DM_mththf_c']","[-3.732499228751684e-05, -0.000149299960206406, 3.732499201422536e-05, 0.00018662496142951568, 0.00018662496181164057, 0.00018662496142951568, 0.00018662496145127605, -3.7324992386992824e-05, -3.7324992386992824e-05, -3.732499201429009e-05, -3.732499228307595e-05, -3.7324992386992824e-05, -1.8662496390570594e-05, 1.866249737711434e-05, -3.732499203579209e-05, -3.732499203579209e-05, -3.7324992386992824e-05, 0.00014929996976853488, -3.732499201429009e-05, 0.00018662496220955838, -0.0001866249617631377, 0.0001866249617705762, 3.7325001201349295e-05, -0.0001866249617631377, -1.8662495946841773e-05, 0.0003732499231999355, -3.7324992386992824e-05, -3.7324992386992824e-05, -0.00037324992319999993, -0.00037324992319999993, -0.00037324992319999993, 1.866249594680968e-05, 0.0003732499231999355, 0.0003732499231999355]","[3.732499228751684e-05, 0.000149299960206406, 3.732499201422536e-05, 0.00018662496142951568, 0.00018662496181164057, 0.00018662496142951568, 0.00018662496145127605, 3.7324992386992824e-05, 3.7324992386992824e-05, 3.732499201429009e-05, 3.732499228307595e-05, 3.7324992386992824e-05, 1.8662496390570594e-05, 1.866249737711434e-05, 3.732499203579209e-05, 3.732499203579209e-05, 3.7324992386992824e-05, 0.00014929996976853488, 3.732499201429009e-05, 0.00018662496220955838, 0.0001866249617631377, 0.0001866249617705762, 3.7325001201349295e-05, 0.0001866249617631377, 1.8662495946841773e-05, 0.0003732499231999355, 3.7324992386992824e-05, 3.7324992386992824e-05, 0.00037324992319999993, 0.00037324992319999993, 0.00037324992319999993, 1.866249594680968e-05, 0.0003732499231999355, 0.0003732499231999355]","['EX_ade_e', 'SERD_L', 'XYLI2', 'HEX7', 'THD2pp', 'ADEt2rpp', 'ADEtex', 'PDH', 'GLCabcpp', 'PFK', 'MTHTHFSs', 'DHPTDCs2', 'DM_mththf_c']","['ME1', 'FBP', 'URIC', 'ALLTN', 'ADD', 'MALS', 'UGLYCH', 'CAT', 'XAND', 'HXAND', 'ACSERtpp', 'ACSERtex', 'EX_acser_e', 'OPHHX3', 'ALLTAMH2', 'UGCIAMH', 'AI2K', 'PAI2I', 'PAI2T']","['FBA', 'OPHHXy']",PAI2T,DHPTDCs2,0.005374798896588371,1,34,2,-6.0,0.00037324994334711486,iML1515,PSL,False,False,0.0,0.0,0.0,0.0
251,"['ALATA_L', 'VALTA', 'VPAMTr']","[-0.8373178846328528, 0.8373178846328528, 0.8373178846328528]","[0.8373178846328528, 0.8373178846328528, 0.8373178846328528]",['VALTA'],['ALATA_L'],['VPAMTr'],VALTA,ALATA_L,2.5119536538986997,1,3,1,-1.0,-0.8373178846328528,iML1515,PSL,True,True,-1000.0,-1000.0,-0.254793123710215,-0.51027556723102
253,"['DMPPS', 'IPDPS', 'IPDDI']","[0.0019903885413499823, -0.0019903885413499823, -0.0019903885413441458]","[0.0019903885413499823, 0.0019903885413499823, 0.0019903885413441458]",['IPDPS'],['DMPPS'],['IPDDI'],IPDPS,DMPPS,0.005971165624049947,1,3,1,-1.0,-0.0019903885413441458,iML1515,PSL,False,False,0.0,0.0,0.0,0.0
255,"['GART', 'GARFT', 'FTHFLi']","[0.37326408670197164, -0.3732640867019654, -0.3732640867009991]","[0.37326408670197164, 0.3732640867019654, 0.3732640867009991]",['GART'],"['GARFT', 'FTHFLi']",[],GARFT,GART,1.119792260105915,1,3,0,1.0,0.37326408670099287,iML1515,PSL,True,False,-216.765506285291,0.0,0.0,0.0
0,"['SUCOAS', 'THRS', 'THRD_L', 'SHSL4r', 'HSST', 'HSK']","[0.006844943389296532, -0.006844943406699999, -0.006844943389296532, 0.006844943389296532, 0.006844943380243081, -0.006844943406699999]","[0.006844943389296532, 0.006844943406699999, 0.006844943389296532, 0.006844943389296532, 0.006844943380243081, 0.006844943406699999]",['THRD_L'],"['THRS', 'HSK']","['SUCOAS', 'SHSL4r', 'HSST']",THRS,THRD_L,0.041069660387286155,1,6,3,0.0,-4.386038580939111e-11,iNJ661,PSL,False,True,0.0,-1.98318568302784,0.0072053134154795,0.0
1,"['PUNP7', 'PUNP5', 'XPPT', 'HXPRT', 'NTD11', 'NTD10']","[-0.0010844432981684804, 0.0010844458593055606, -0.0010844433372955492, 0.0010844458306499998, 0.0010844458306499998, -0.0010844433372955492]","[0.0010844432981684804, 0.0010844458593055606, 0.0010844433372955492, 0.0010844458306499998, 0.0010844458306499998, 0.0010844433372955492]","['HXPRT', 'NTD11']","['PUNP7', 'PUNP5', 'XPPT', 'NTD10']",[],PUNP5,HXPRT,0.006506675025391653,1,6,0,-0.0,-7.547845981472484e-09,iNJ661,PSL,True,False,-2.1376498141326,0.0,-0.0011415393091738,0.0
2,"['THRt2r', 'PTPATi', 'PIt', 'SOTA', 'PIabc', 'PHTHS2', 'PHTHS', 'PHTHDLS2', 'PHTHDLS', 'PROabc', 'PREPTTA', 'PHDCAt', 'PREPTHS2', 'PREPTHS', 'PREPPACPH', 'PHDCATA', 'PREPHACPH', 'PPNCL3', 'PPNCL2', 'SGSAD', 'PPDIMAT', 'PPDIMAS', 'PDIMAT', 'PDIMAS', 'SGDS', 'PPCDC', 'SERD_L', 'PNTK', 'PDH', 'SERAT', 'PC', 'MOHMT', 'PANTS', 'SADH', 'MMSAD3', 'RNDR4', 'UDCPDPS', 'RBK', 'TRPt2r', 'MCD', 'MANAT2', 'IPDPS', 'INSK', 'MALT', 'URIK2', 'MALS', 'LYSt5r', 'LPLIPAL2E160', 'LEUt2r', 'ILEt2r', 'GLYCL', 'HXPRT', 'EX_lys__L_e', 'HSST', 'EX_leu__L_e', 'EX_ile__L_e', 'EX_his__L_e', 'EX_h2s_e', 'EX_gly_e', 'EX_etha_e', 'EX_cytd_e', 'EX_coa_e', 'EX_cit_e', 'HISt2r', 'EX_asn__L_e', 'EX_arg__L_e', 'HEX1', 'EX_ala__L_e', 'EX_ala__D_e', 'NTD4', 'H2St1', 'NTD7', 'MTI', 'NADH10', 'ETHAt', 'GPDDA2', 'DPR', 'DPCOAK', 'GLYt2r', 'CYTDt2', 'CYTDK2', 'CYTD', 'CYSS', 'AST', 'DCTPD2', 'DCPT', 'DCPE', 'DCPDPP', 'COAt', 'DALAt2r', 'CITabc', 'CHRPL', 'ASNt2r', 'ASNN', 'FRD', 'ARGt5r', 'FAO3', 'FAO11', 'FAO10', 'FACOALPREPH', 'FACOALPHDCA', 'FASm280', 'FACOAL200', 'ARACHTA', 'FASm260', 'FASm240', 'FASm220', 'FASPHDCA', 'EX_trp__L_e', 'APATr', 'FAS200', 'EX_thr__L_e', 'EX_pro__L_e', 'EX_ppdima_e', 'EX_phdca_e', 'EX_pdima_e', 'ACGAMPM', 'ACACCT', 'AACPS11', 'ADA', 'ALAt2r', '2AGPEAT160', 'AGDC']","[-0.00012079125735908747, 0.000282471919763742, 0.05559687898494303, -0.0001776458615010126, 0.0554679389113768, -0.000363274888658487, 0.0004050078744663293, -0.000363274888658487, 0.0004050078744663293, -0.00012160170536424687, -0.00035211502108722925, -0.00045292882714420557, -0.000363274888658487, 0.0004050078744663293, -0.000363274888658487, -0.00044724391773343086, 5.289282898757029e-05, 9.422863184961432e-05, 0.0001882432879141277, -0.0001776458615010126, -0.0003620001471624638, -0.000363274888658487, 0.0004052483751079425, 0.0004050078744663293, -0.0001776458615010126, 0.000282471919763742, -0.00010427196891721119, 0.000282471919763742, -3.1274116411655895e-05, 0.00023235531989485025, 0.00016708322800695896, 0.000282471919763742, 0.000282471919763742, -0.0001776458615010126, -0.000282471919763742, -3.2181276330150326e-06, -4.149296783877154e-06, 1.5835186161072086e-05, -1.7728307284414768e-05, 0.00019986766464802352, -4.676107713124506e-06, -4.1492967838771544e-05, -9.093931001687158e-05, 3.322961246025923e-05, -7.864439175455859e-05, 0.00014570534903737137, -7.626332808285952e-05, 3.5775571633380864e-06, -0.00018033676315099, -7.728708442300558e-05, 0.0002184625482186675, -3.3017934644372082e-06, 7.626337012386648e-05, -3.073562961627757e-05, 0.000180336719201743, 7.728703952150032e-05, 9.937596884611929e-05, -0.00022565033960237615, 0.00014052594731107232, 3.5775571633380864e-06, 0.0004014491100833746, 0.0002824720880135423, 0.0002241148066732812, -9.937596041709185e-05, 6.317717678002918e-05, 0.0002837269064112609, -0.0005253094631981758, 0.00011187510828314894, 7.343462448203362e-05, 0.00023990507745160448, -0.00022565033960237615, -6.374813469830348e-05, 3.3229589462280273e-05, -1.0327837990369015e-05, -3.5775592550635338e-06, 3.5775571633380864e-06, 0.000282471919763742, 0.000282471919763742, -0.00014052598271518946, -0.0004014491569250822, -8.289964087721154e-05, -7.864439175455859e-05, 0.00023235528606141724, -0.0001776458615010126, -9.585844620959086e-05, -4.9586298954151266e-05, -4.9586291424930096e-05, -4.9586298954151266e-05, -0.0002824721159413457, -7.343466859310865e-05, -0.0002241148066732812, 8.396913089341626e-05, -6.31771981716156e-05, -2.115651705728548e-05, 2.0115924590749252e-05, -0.0002837269566953182, -1.934871358666814e-05, 1.7587380253373175e-05, 9.911621680550823e-06, -0.00035211502108722925, -0.00044724391773343086, 8.346597161568462e-05, 0.0004050078568980098, 0.0004050078568980098, 8.346597161568462e-05, 8.346597161568462e-05, 7.655928652320243e-05, 8.396913089341626e-05, 1.772833301034592e-05, -0.00028247188311070204, 0.00046775731462349226, 0.00012079122701155742, 0.00012160170536424687, -0.0003620001471624638, 0.00045292882043223345, 0.0004052483751079425, -0.00014534557703882456, 2.554768720433462e-06, 8.396913089341626e-05, -9.424110348130871e-05, -0.00011187512427568436, -3.5775571633380864e-06, 0.00014534560494659787]","[0.00012079125735908747, 0.000282471919763742, 0.05559687898494303, 0.0001776458615010126, 0.0554679389113768, 0.000363274888658487, 0.0004050078744663293, 0.000363274888658487, 0.0004050078744663293, 0.00012160170536424687, 0.00035211502108722925, 0.00045292882714420557, 0.000363274888658487, 0.0004050078744663293, 0.000363274888658487, 0.00044724391773343086, 5.289282898757029e-05, 9.422863184961432e-05, 0.0001882432879141277, 0.0001776458615010126, 0.0003620001471624638, 0.000363274888658487, 0.0004052483751079425, 0.0004050078744663293, 0.0001776458615010126, 0.000282471919763742, 0.00010427196891721119, 0.000282471919763742, 3.1274116411655895e-05, 0.00023235531989485025, 0.00016708322800695896, 0.000282471919763742, 0.000282471919763742, 0.0001776458615010126, 0.000282471919763742, 3.2181276330150326e-06, 4.149296783877154e-06, 1.5835186161072086e-05, 1.7728307284414768e-05, 0.00019986766464802352, 4.676107713124506e-06, 4.1492967838771544e-05, 9.093931001687158e-05, 3.322961246025923e-05, 7.864439175455859e-05, 0.00014570534903737137, 7.626332808285952e-05, 3.5775571633380864e-06, 0.00018033676315099, 7.728708442300558e-05, 0.0002184625482186675, 3.3017934644372082e-06, 7.626337012386648e-05, 3.073562961627757e-05, 0.000180336719201743, 7.728703952150032e-05, 9.937596884611929e-05, 0.00022565033960237615, 0.00014052594731107232, 3.5775571633380864e-06, 0.0004014491100833746, 0.0002824720880135423, 0.0002241148066732812, 9.937596041709185e-05, 6.317717678002918e-05, 0.0002837269064112609, 0.0005253094631981758, 0.00011187510828314894, 7.343462448203362e-05, 0.00023990507745160448, 0.00022565033960237615, 6.374813469830348e-05, 3.3229589462280273e-05, 1.0327837990369015e-05, 3.5775592550635338e-06, 3.5775571633380864e-06, 0.000282471919763742, 0.000282471919763742, 0.00014052598271518946, 0.0004014491569250822, 8.289964087721154e-05, 7.864439175455859e-05, 0.00023235528606141724, 0.0001776458615010126, 9.585844620959086e-05, 4.9586298954151266e-05, 4.9586291424930096e-05, 4.9586298954151266e-05, 0.0002824721159413457, 7.343466859310865e-05, 0.0002241148066732812, 8.396913089341626e-05, 6.31771981716156e-05, 2.115651705728548e-05, 2.0115924590749252e-05, 0.0002837269566953182, 1.934871358666814e-05, 1.7587380253373175e-05, 9.911621680550823e-06, 0.00035211502108722925, 0.00044724391773343086, 8.346597161568462e-05, 0.0004050078568980098, 0.0004050078568980098, 8.346597161568462e-05, 8.346597161568462e-05, 7.655928652320243e-05, 8.396913089341626e-05, 1.772833301034592e-05, 0.00028247188311070204, 0.00046775731462349226, 0.00012079122701155742, 0.00012160170536424687, 0.0003620001471624638, 0.00045292882043223345, 0.0004052483751079425, 0.00014534557703882456, 2.554768720433462e-06, 8.396913089341626e-05, 9.424110348130871e-05, 0.00011187512427568436, 3.5775571633380864e-06, 0.00014534560494659787]","['PIt', 'SOTA', 'PROabc', 'SGSAD', 'PPDIMAT', 'SGDS', 'SERD_L', 'PDH', 'SADH', 'MMSAD3', 'RNDR4', 'UDCPDPS', 'MANAT2', 'IPDPS', 'INSK', 'URIK2', 'HXPRT', 'HSST', 'EX_h2s_e', 'EX_cit_e', 'HEX1', 'H2St1', 'NTD7', 'NADH10', 'CYTDK2', 'CYTD', 'AST', 'DCTPD2', 'DCPT', 'DCPE', 'DCPDPP', 'CITabc', 'ASNN', 'FAO3', 'APATr', 'EX_ppdima_e', 'ADA', '2AGPEAT160']","['THRt2r', 'PTPATi', 'PIabc', 'PHDCAt', 'PREPHACPH', 'PPNCL3', 'PPNCL2', 'PDIMAT', 'PPCDC', 'PNTK', 'PC', 'MOHMT', 'PANTS', 'RBK', 'TRPt2r', 'MCD', 'MALT', 'MALS', 'LYSt5r', 'LPLIPAL2E160', 'LEUt2r', 'ILEt2r', 'GLYCL', 'EX_lys__L_e', 'EX_leu__L_e', 'EX_ile__L_e', 'EX_his__L_e', 'EX_gly_e', 'EX_etha_e', 'EX_cytd_e', 'HISt2r', 'EX_asn__L_e', 'EX_arg__L_e', 'EX_ala__L_e', 'EX_ala__D_e', 'MTI', 'ETHAt', 'GPDDA2', 'DPR', 'DPCOAK', 'GLYt2r', 'CYTDt2', 'DALAt2r', 'ASNt2r', 'ARGt5r', 'FAO11', 'FAO10', 'EX_trp__L_e', 'EX_thr__L_e', 'EX_pro__L_e', 'EX_phdca_e', 'EX_pdima_e', 'ACGAMPM', 'ACACCT', 'ALAt2r', 'AGDC']","['PHTHS2', 'PHTHS', 'PHTHDLS2', 'PHTHDLS', 'PREPTTA', 'PREPTHS2', 'PREPTHS', 'PREPPACPH', 'PHDCATA', 'PPDIMAS', 'PDIMAS', 'SERAT', 'EX_coa_e', 'NTD4', 'CYSS', 'COAt', 'CHRPL', 'FRD', 'FACOALPREPH', 'FACOALPHDCA', 'FASm280', 'FACOAL200', 'ARACHTA', 'FASm260', 'FASm240', 'FASm220', 'FASPHDCA', 'FAS200', 'AACPS11']",PIt,PIabc,0.14621626513847275,1,123,29,-1.0,-0.11165986454874893,iNJ661,PSL,True,False,-0.434627778828144,0.0,-0.0582398409023881,0.0
3,"['PLIPA1E160', 'PREPTTA', 'PREPHACPH', 'FACOALPREPH', '2AGPEAT160']","[-1.3628741726279259e-05, 1.3628625310957432e-05, 1.362858315e-05, 1.3628625310957432e-05, -1.3628741726279259e-05]","[1.3628741726279259e-05, 1.3628625310957432e-05, 1.362858315e-05, 1.3628625310957432e-05, 1.3628741726279259e-05]",['PREPHACPH'],"['PLIPA1E160', 'PREPTTA', 'FACOALPREPH', '2AGPEAT160']",[],PREPTTA,PREPHACPH,6.814302913089786e-05,1,5,0,-1.0,-1.3628350319356347e-05,iNJ661,PSL,True,False,-0.0829317768802866,0.0,-1.43460929393768e-05,0.0
4,"['SADT2', 'SADT', 'GK1', 'GTPH1']","[0.003219939932607148, -0.0032199399668605883, -0.0016099486965686083, -0.0016099486206598845]","[0.003219939932607148, 0.0032199399668605883, 0.0016099486965686083, 0.0016099486206598845]",['SADT2'],"['SADT', 'GTPH1']",['GK1'],SADT,SADT2,0.011269786105574203,1,4,1,-2.0,-0.003219897351481933,iNJ661,PSL,False,False,0.0,0.0,0.0,0.0010435339484268
5,"['P5CRx', 'P5CR']","[-0.006890871232699999, 0.006890871232699999]","[0.006890871232699999, 0.006890871232699999]",['P5CRx'],['P5CR'],[],P5CRx,P5CR,0.02067261560663083,1,2,0,0.0,0.0,iNJ661,PSL,False,False,0.0,0.0,0.0049956468328731,0.0
6,"['TALA', 'SUCOAS', 'THRt2r', 'SSALy', 'PIabc', 'PHTHS', 'PHTHDLS', 'PROabc', 'PREPTTA', 'PHDCAt', 'PREPTHS', 'PGL', 'PPDK', 'PDIMAT', 'PDIMAS', 'SERt2r', 'PDH', 'RPI', 'RPE', 'MMM2', 'MME', 'ME1', 'MCD', 'TKT2', 'TKT1', 'MALT', 'VALt2r', 'L_LACt3', 'L_LACt2r', 'LYSt5r', 'LO', 'LEUt2r', 'ILEt2r', 'EX_lys__L_e', 'EX_leu__L_e', 'GLUSy', 'EX_lac__L_e', 'EX_ile__L_e', 'EX_h2s_e', 'EX_gly_e', 'G6PDH2r', 'EX_fum_e', 'G5SD', 'EX_asp__L_e', 'FUMt2r', 'EX_arg__L_e', 'FTHFD', 'EX_ala__L_e', 'EX_ala__D_e', 'OXGDC', 'HCYSMT', 'ORNt', 'ORNTA', 'NTD11', 'H2St1', 'NTPP8', 'NTPP4', 'MTI', 'GND', 'GLYt2r', 'CYSTS', 'CYSTGL', 'CTPS2', 'CS', 'ASPt2r', 'DCPT', 'DCPE', 'DCPDPP', 'DALAt2r', 'ADNK3', 'FRD', 'ARGt5r', 'FDH', 'FAO11', 'FACOALPREPH', 'FASm280', 'FACOAL200', 'ARACHTA', 'FASm260', 'FASm240', 'FASm220', 'EX_val__L_e', 'FAS80_L', 'FAS200', 'EX_thr__L_e', 'FAS180', 'FAS161', 'FAS140', 'EX_ser__L_e', 'FAS120', 'FAS100', 'EX_pro__L_e', 'EX_phdca_e', 'EX_pdima_e', 'EX_orn_e', 'ADA', 'ACS', 'ALAt2r']","[0.016740049817599356, 0.002955113654024899, -7.90017656981945e-06, -0.015241172861068939, -5.0901900976896286e-05, 0.00029660077170526653, 0.00029660077170526653, -6.3399677572503754e-06, -0.0002966007450595498, -3.3384421840310097e-06, 0.00029660077170526653, 0.050177872457493236, -4.814542670301611e-06, 0.000296613310726071, 0.00029660077170526653, -8.776318281888962e-06, -0.0029867879162439603, -0.01669746113475412, 0.033481485676020384, 0.002955113654024899, 0.002955113654024899, -0.003012057369246257, -0.02954363139072086, 0.016741435858421028, 0.016740049817599356, 1.4343629329814384e-06, -9.453739039599895e-06, 0.0001037626870665526, -0.0029093450866639614, -3.976165316998959e-06, -0.0030312807072184755, -9.40228346735239e-06, -4.029483534395695e-06, 3.976155648444807e-06, 9.402244662297735e-06, 9.996780264087679e-05, 0.003013107802544379, 4.029526865201652e-06, 3.552998144149347e-06, 3.3466417538027815e-05, 0.050177872457493236, -9.788574048208432e-06, 5.710925755194555e-05, 4.3932295654719455e-05, 9.78854950517416e-06, 5.530764575807298e-06, -0.00025341149168725584, 2.0560109987854958e-05, 3.828672879934922e-06, -0.015241172861068939, -0.0002931325727082222, -5.710928235203028e-05, -5.710925755194555e-05, -8.411375517477842e-06, 3.552998144149347e-06, 1.4076313941239343e-05, -9.20878548417263e-06, 1.4343531802296638e-06, 0.050177872457493236, -3.346637822687626e-05, 1.602468486622613e-06, 1.602468486622613e-06, -1.2000118492791825e-05, -0.015120508149266243, -4.393234848976135e-05, -2.5852888792059735e-06, -2.5852350518107414e-06, -2.5852888792059735e-06, -3.828667104244232e-06, -2.6720698975586654e-06, 0.018196286562749225, -5.530775524675846e-06, -0.00025341149168725584, 0.003032714427124871, -0.0002966007450595498, 0.0005932015434105331, 0.0002966007450595498, 0.0002966007450595498, 0.0005932015434105331, 0.0005932015434105331, 0.0005928414484540962, 9.453732729413147e-06, 0.003889154449761942, 0.0008887222139684035, 7.900180203065932e-06, 0.0008803940994912135, 0.0030322119476830682, 0.003896624169514539, 8.776347299183172e-06, 0.003896624169514539, 0.003896624169514539, 6.3399677572503754e-06, 3.3384453934810223e-06, 0.000296613310726071, 5.710925755194555e-05, 8.411375517477842e-06, -0.002961785765364766, -2.0560109987854958e-05]","[0.016740049817599356, 0.002955113654024899, 7.90017656981945e-06, 0.015241172861068939, 5.0901900976896286e-05, 0.00029660077170526653, 0.00029660077170526653, 6.3399677572503754e-06, 0.0002966007450595498, 3.3384421840310097e-06, 0.00029660077170526653, 0.050177872457493236, 4.814542670301611e-06, 0.000296613310726071, 0.00029660077170526653, 8.776318281888962e-06, 0.0029867879162439603, 0.01669746113475412, 0.033481485676020384, 0.002955113654024899, 0.002955113654024899, 0.003012057369246257, 0.02954363139072086, 0.016741435858421028, 0.016740049817599356, 1.4343629329814384e-06, 9.453739039599895e-06, 0.0001037626870665526, 0.0029093450866639614, 3.976165316998959e-06, 0.0030312807072184755, 9.40228346735239e-06, 4.029483534395695e-06, 3.976155648444807e-06, 9.402244662297735e-06, 9.996780264087679e-05, 0.003013107802544379, 4.029526865201652e-06, 3.552998144149347e-06, 3.3466417538027815e-05, 0.050177872457493236, 9.788574048208432e-06, 5.710925755194555e-05, 4.3932295654719455e-05, 9.78854950517416e-06, 5.530764575807298e-06, 0.00025341149168725584, 2.0560109987854958e-05, 3.828672879934922e-06, 0.015241172861068939, 0.0002931325727082222, 5.710928235203028e-05, 5.710925755194555e-05, 8.411375517477842e-06, 3.552998144149347e-06, 1.4076313941239343e-05, 9.20878548417263e-06, 1.4343531802296638e-06, 0.050177872457493236, 3.346637822687626e-05, 1.602468486622613e-06, 1.602468486622613e-06, 1.2000118492791825e-05, 0.015120508149266243, 4.393234848976135e-05, 2.5852888792059735e-06, 2.5852350518107414e-06, 2.5852888792059735e-06, 3.828667104244232e-06, 2.6720698975586654e-06, 0.018196286562749225, 5.530775524675846e-06, 0.00025341149168725584, 0.003032714427124871, 0.0002966007450595498, 0.0005932015434105331, 0.0002966007450595498, 0.0002966007450595498, 0.0005932015434105331, 0.0005932015434105331, 0.0005928414484540962, 9.453732729413147e-06, 0.003889154449761942, 0.0008887222139684035, 7.900180203065932e-06, 0.0008803940994912135, 0.0030322119476830682, 0.003896624169514539, 8.776347299183172e-06, 0.003896624169514539, 0.003896624169514539, 6.3399677572503754e-06, 3.3384453934810223e-06, 0.000296613310726071, 5.710925755194555e-05, 8.411375517477842e-06, 0.002961785765364766, 2.0560109987854958e-05]","['SSALy', 'PIabc', 'PROabc', 'PPDK', 'PDH', 'RPE', 'ME1', 'MCD', 'LO', 'EX_fum_e', 'FUMt2r', 'FTHFD', 'OXGDC', 'HCYSMT', 'ORNTA', 'NTD11', 'NTPP4', 'CTPS2', 'CS', 'DCPT', 'DCPE', 'DCPDPP', 'ADNK3', 'FDH', 'ACS']","['THRt2r', 'PHDCAt', 'PGL', 'PDIMAT', 'SERt2r', 'MALT', 'VALt2r', 'L_LACt3', 'L_LACt2r', 'LYSt5r', 'LEUt2r', 'ILEt2r', 'EX_lys__L_e', 'EX_leu__L_e', 'GLUSy', 'EX_lac__L_e', 'EX_ile__L_e', 'EX_h2s_e', 'EX_gly_e', 'G6PDH2r', 'G5SD', 'EX_asp__L_e', 'EX_arg__L_e', 'EX_ala__L_e', 'EX_ala__D_e', 'ORNt', 'H2St1', 'NTPP8', 'MTI', 'GND', 'GLYt2r', 'CYSTS', 'CYSTGL', 'ASPt2r', 'DALAt2r', 'FRD', 'ARGt5r', 'FAO11', 'EX_val__L_e', 'EX_thr__L_e', 'EX_ser__L_e', 'EX_pro__L_e', 'EX_phdca_e', 'EX_pdima_e', 'EX_orn_e', 'ADA', 'ALAt2r']","['TALA', 'SUCOAS', 'PHTHS', 'PHTHDLS', 'PREPTTA', 'PREPTHS', 'PDIMAS', 'RPI', 'MMM2', 'MME', 'TKT2', 'TKT1', 'FACOALPREPH', 'FASm280', 'FACOAL200', 'ARACHTA', 'FASm260', 'FASm240', 'FASm220', 'FAS80_L', 'FAS200', 'FAS180', 'FAS161', 'FAS140', 'FAS120', 'FAS100']",RPE,PGL,0.602894445187085,1,98,26,-18.0,-0.18447499368437917,iNJ661,PSL,True,False,-0.403779143700376,0.0,0.0,0.0
7,"['TALA', 'SUCOAS', 'THRt2r', 'SSALy', 'PIabc', 'PHTHS', 'PHTHDLS', 'PROabc', 'PREPTTA', 'PHDCAt', 'PREPTHS', 'PGL', 'PPDK', 'PDIMAT', 'PDIMAS', 'SERt2r', 'PDH', 'RPI', 'RPE', 'MMM2', 'MME', 'ME1', 'MCD', 'TKT2', 'TKT1', 'MALT', 'VALt2r', 'L_LACt3', 'L_LACt2r', 'LYSt5r', 'LO', 'LEUt2r', 'ILEt2r', 'EX_lys__L_e', 'EX_leu__L_e', 'GLUSy', 'EX_lac__L_e', 'EX_ile__L_e', 'EX_h2s_e', 'EX_gly_e', 'G6PDH2r', 'EX_fum_e', 'G5SD', 'EX_asp__L_e', 'FUMt2r', 'EX_arg__L_e', 'FTHFD', 'EX_ala__L_e', 'EX_ala__D_e', 'OXGDC', 'HCYSMT', 'ORNt', 'ORNTA', 'NTD11', 'H2St1', 'NTPP8', 'NTPP4', 'MTI', 'GND', 'GLYt2r', 'CYSTS', 'CYSTGL', 'CTPS2', 'CS', 'ASPt2r', 'DCPT', 'DCPE', 'DCPDPP', 'DALAt2r', 'ADNK3', 'FRD', 'ARGt5r', 'FDH', 'FAO11', 'FACOALPREPH', 'FASm280', 'FACOAL200', 'ARACHTA', 'FASm260', 'FASm240', 'FASm220', 'EX_val__L_e', 'FAS80_L', 'FAS200', 'EX_thr__L_e', 'FAS180', 'FAS161', 'FAS140', 'EX_ser__L_e', 'FAS120', 'FAS100', 'EX_pro__L_e', 'EX_phdca_e', 'EX_pdima_e', 'EX_orn_e', 'ADA', 'ACS', 'ALAt2r']","[0.016740049817599356, 0.002955113654024899, -7.90017656981945e-06, -0.015241172861068939, -5.0901900976896286e-05, 0.00029660077170526653, 0.00029660077170526653, -6.3399677572503754e-06, -0.0002966007450595498, -3.3384421840310097e-06, 0.00029660077170526653, 0.050177872457493236, -4.814542670301611e-06, 0.000296613310726071, 0.00029660077170526653, -8.776318281888962e-06, -0.0029867879162439603, -0.01669746113475412, 0.033481485676020384, 0.002955113654024899, 0.002955113654024899, -0.003012057369246257, -0.02954363139072086, 0.016741435858421028, 0.016740049817599356, 1.4343629329814384e-06, -9.453739039599895e-06, 0.0001037626870665526, -0.0029093450866639614, -3.976165316998959e-06, -0.0030312807072184755, -9.40228346735239e-06, -4.029483534395695e-06, 3.976155648444807e-06, 9.402244662297735e-06, 9.996780264087679e-05, 0.003013107802544379, 4.029526865201652e-06, 3.552998144149347e-06, 3.3466417538027815e-05, 0.050177872457493236, -9.788574048208432e-06, 5.710925755194555e-05, 4.3932295654719455e-05, 9.78854950517416e-06, 5.530764575807298e-06, -0.00025341149168725584, 2.0560109987854958e-05, 3.828672879934922e-06, -0.015241172861068939, -0.0002931325727082222, -5.710928235203028e-05, -5.710925755194555e-05, -8.411375517477842e-06, 3.552998144149347e-06, 1.4076313941239343e-05, -9.20878548417263e-06, 1.4343531802296638e-06, 0.050177872457493236, -3.346637822687626e-05, 1.602468486622613e-06, 1.602468486622613e-06, -1.2000118492791825e-05, -0.015120508149266243, -4.393234848976135e-05, -2.5852888792059735e-06, -2.5852350518107414e-06, -2.5852888792059735e-06, -3.828667104244232e-06, -2.6720698975586654e-06, 0.018196286562749225, -5.530775524675846e-06, -0.00025341149168725584, 0.003032714427124871, -0.0002966007450595498, 0.0005932015434105331, 0.0002966007450595498, 0.0002966007450595498, 0.0005932015434105331, 0.0005932015434105331, 0.0005928414484540962, 9.453732729413147e-06, 0.003889154449761942, 0.0008887222139684035, 7.900180203065932e-06, 0.0008803940994912135, 0.0030322119476830682, 0.003896624169514539, 8.776347299183172e-06, 0.003896624169514539, 0.003896624169514539, 6.3399677572503754e-06, 3.3384453934810223e-06, 0.000296613310726071, 5.710925755194555e-05, 8.411375517477842e-06, -0.002961785765364766, -2.0560109987854958e-05]","[0.016740049817599356, 0.002955113654024899, 7.90017656981945e-06, 0.015241172861068939, 5.0901900976896286e-05, 0.00029660077170526653, 0.00029660077170526653, 6.3399677572503754e-06, 0.0002966007450595498, 3.3384421840310097e-06, 0.00029660077170526653, 0.050177872457493236, 4.814542670301611e-06, 0.000296613310726071, 0.00029660077170526653, 8.776318281888962e-06, 0.0029867879162439603, 0.01669746113475412, 0.033481485676020384, 0.002955113654024899, 0.002955113654024899, 0.003012057369246257, 0.02954363139072086, 0.016741435858421028, 0.016740049817599356, 1.4343629329814384e-06, 9.453739039599895e-06, 0.0001037626870665526, 0.0029093450866639614, 3.976165316998959e-06, 0.0030312807072184755, 9.40228346735239e-06, 4.029483534395695e-06, 3.976155648444807e-06, 9.402244662297735e-06, 9.996780264087679e-05, 0.003013107802544379, 4.029526865201652e-06, 3.552998144149347e-06, 3.3466417538027815e-05, 0.050177872457493236, 9.788574048208432e-06, 5.710925755194555e-05, 4.3932295654719455e-05, 9.78854950517416e-06, 5.530764575807298e-06, 0.00025341149168725584, 2.0560109987854958e-05, 3.828672879934922e-06, 0.015241172861068939, 0.0002931325727082222, 5.710928235203028e-05, 5.710925755194555e-05, 8.411375517477842e-06, 3.552998144149347e-06, 1.4076313941239343e-05, 9.20878548417263e-06, 1.4343531802296638e-06, 0.050177872457493236, 3.346637822687626e-05, 1.602468486622613e-06, 1.602468486622613e-06, 1.2000118492791825e-05, 0.015120508149266243, 4.393234848976135e-05, 2.5852888792059735e-06, 2.5852350518107414e-06, 2.5852888792059735e-06, 3.828667104244232e-06, 2.6720698975586654e-06, 0.018196286562749225, 5.530775524675846e-06, 0.00025341149168725584, 0.003032714427124871, 0.0002966007450595498, 0.0005932015434105331, 0.0002966007450595498, 0.0002966007450595498, 0.0005932015434105331, 0.0005932015434105331, 0.0005928414484540962, 9.453732729413147e-06, 0.003889154449761942, 0.0008887222139684035, 7.900180203065932e-06, 0.0008803940994912135, 0.0030322119476830682, 0.003896624169514539, 8.776347299183172e-06, 0.003896624169514539, 0.003896624169514539, 6.3399677572503754e-06, 3.3384453934810223e-06, 0.000296613310726071, 5.710925755194555e-05, 8.411375517477842e-06, 0.002961785765364766, 2.0560109987854958e-05]","['SSALy', 'PIabc', 'PROabc', 'PPDK', 'PDH', 'RPE', 'ME1', 'MCD', 'LO', 'EX_fum_e', 'FUMt2r', 'FTHFD', 'OXGDC', 'HCYSMT', 'ORNTA', 'NTD11', 'NTPP4', 'CTPS2', 'CS', 'DCPT', 'DCPE', 'DCPDPP', 'ADNK3', 'FDH', 'ACS']","['THRt2r', 'PHDCAt', 'PGL', 'PDIMAT', 'SERt2r', 'MALT', 'VALt2r', 'L_LACt3', 'L_LACt2r', 'LYSt5r', 'LEUt2r', 'ILEt2r', 'EX_lys__L_e', 'EX_leu__L_e', 'GLUSy', 'EX_lac__L_e', 'EX_ile__L_e', 'EX_h2s_e', 'EX_gly_e', 'G6PDH2r', 'G5SD', 'EX_asp__L_e', 'EX_arg__L_e', 'EX_ala__L_e', 'EX_ala__D_e', 'ORNt', 'H2St1', 'NTPP8', 'MTI', 'GND', 'GLYt2r', 'CYSTS', 'CYSTGL', 'ASPt2r', 'DALAt2r', 'FRD', 'ARGt5r', 'FAO11', 'EX_val__L_e', 'EX_thr__L_e', 'EX_ser__L_e', 'EX_pro__L_e', 'EX_phdca_e', 'EX_pdima_e', 'EX_orn_e', 'ADA', 'ALAt2r']","['TALA', 'SUCOAS', 'PHTHS', 'PHTHDLS', 'PREPTTA', 'PREPTHS', 'PDIMAS', 'RPI', 'MMM2', 'MME', 'TKT2', 'TKT1', 'FACOALPREPH', 'FASm280', 'FACOAL200', 'ARACHTA', 'FASm260', 'FASm240', 'FASm220', 'FAS80_L', 'FAS200', 'FAS180', 'FAS161', 'FAS140', 'FAS120', 'FAS100']",RPE,G6PDH2r,0.602894445187085,1,98,26,-18.0,-0.18447499368437917,iNJ661,PSL,True,False,-0.403779143700376,0.0,0.0,0.0166615975322202
8,"['TALA', 'SUCOAS', 'THRt2r', 'SSALy', 'PIabc', 'PHTHS', 'PHTHDLS', 'PROabc', 'PREPTTA', 'PHDCAt', 'PREPTHS', 'PGL', 'PPDK', 'PDIMAT', 'PDIMAS', 'SERt2r', 'PDH', 'RPI', 'RPE', 'MMM2', 'MME', 'ME1', 'MCD', 'TKT2', 'TKT1', 'MALT', 'VALt2r', 'L_LACt3', 'L_LACt2r', 'LYSt5r', 'LO', 'LEUt2r', 'ILEt2r', 'EX_lys__L_e', 'EX_leu__L_e', 'GLUSy', 'EX_lac__L_e', 'EX_ile__L_e', 'EX_h2s_e', 'EX_gly_e', 'G6PDH2r', 'EX_fum_e', 'G5SD', 'EX_asp__L_e', 'FUMt2r', 'EX_arg__L_e', 'FTHFD', 'EX_ala__L_e', 'EX_ala__D_e', 'OXGDC', 'HCYSMT', 'ORNt', 'ORNTA', 'NTD11', 'H2St1', 'NTPP8', 'NTPP4', 'MTI', 'GND', 'GLYt2r', 'CYSTS', 'CYSTGL', 'CTPS2', 'CS', 'ASPt2r', 'DCPT', 'DCPE', 'DCPDPP', 'DALAt2r', 'ADNK3', 'FRD', 'ARGt5r', 'FDH', 'FAO11', 'FACOALPREPH', 'FASm280', 'FACOAL200', 'ARACHTA', 'FASm260', 'FASm240', 'FASm220', 'EX_val__L_e', 'FAS80_L', 'FAS200', 'EX_thr__L_e', 'FAS180', 'FAS161', 'FAS140', 'EX_ser__L_e', 'FAS120', 'FAS100', 'EX_pro__L_e', 'EX_phdca_e', 'EX_pdima_e', 'EX_orn_e', 'ADA', 'ACS', 'ALAt2r']","[0.016740049817599356, 0.002955113654024899, -7.90017656981945e-06, -0.015241172861068939, -5.0901900976896286e-05, 0.00029660077170526653, 0.00029660077170526653, -6.3399677572503754e-06, -0.0002966007450595498, -3.3384421840310097e-06, 0.00029660077170526653, 0.050177872457493236, -4.814542670301611e-06, 0.000296613310726071, 0.00029660077170526653, -8.776318281888962e-06, -0.0029867879162439603, -0.01669746113475412, 0.033481485676020384, 0.002955113654024899, 0.002955113654024899, -0.003012057369246257, -0.02954363139072086, 0.016741435858421028, 0.016740049817599356, 1.4343629329814384e-06, -9.453739039599895e-06, 0.0001037626870665526, -0.0029093450866639614, -3.976165316998959e-06, -0.0030312807072184755, -9.40228346735239e-06, -4.029483534395695e-06, 3.976155648444807e-06, 9.402244662297735e-06, 9.996780264087679e-05, 0.003013107802544379, 4.029526865201652e-06, 3.552998144149347e-06, 3.3466417538027815e-05, 0.050177872457493236, -9.788574048208432e-06, 5.710925755194555e-05, 4.3932295654719455e-05, 9.78854950517416e-06, 5.530764575807298e-06, -0.00025341149168725584, 2.0560109987854958e-05, 3.828672879934922e-06, -0.015241172861068939, -0.0002931325727082222, -5.710928235203028e-05, -5.710925755194555e-05, -8.411375517477842e-06, 3.552998144149347e-06, 1.4076313941239343e-05, -9.20878548417263e-06, 1.4343531802296638e-06, 0.050177872457493236, -3.346637822687626e-05, 1.602468486622613e-06, 1.602468486622613e-06, -1.2000118492791825e-05, -0.015120508149266243, -4.393234848976135e-05, -2.5852888792059735e-06, -2.5852350518107414e-06, -2.5852888792059735e-06, -3.828667104244232e-06, -2.6720698975586654e-06, 0.018196286562749225, -5.530775524675846e-06, -0.00025341149168725584, 0.003032714427124871, -0.0002966007450595498, 0.0005932015434105331, 0.0002966007450595498, 0.0002966007450595498, 0.0005932015434105331, 0.0005932015434105331, 0.0005928414484540962, 9.453732729413147e-06, 0.003889154449761942, 0.0008887222139684035, 7.900180203065932e-06, 0.0008803940994912135, 0.0030322119476830682, 0.003896624169514539, 8.776347299183172e-06, 0.003896624169514539, 0.003896624169514539, 6.3399677572503754e-06, 3.3384453934810223e-06, 0.000296613310726071, 5.710925755194555e-05, 8.411375517477842e-06, -0.002961785765364766, -2.0560109987854958e-05]","[0.016740049817599356, 0.002955113654024899, 7.90017656981945e-06, 0.015241172861068939, 5.0901900976896286e-05, 0.00029660077170526653, 0.00029660077170526653, 6.3399677572503754e-06, 0.0002966007450595498, 3.3384421840310097e-06, 0.00029660077170526653, 0.050177872457493236, 4.814542670301611e-06, 0.000296613310726071, 0.00029660077170526653, 8.776318281888962e-06, 0.0029867879162439603, 0.01669746113475412, 0.033481485676020384, 0.002955113654024899, 0.002955113654024899, 0.003012057369246257, 0.02954363139072086, 0.016741435858421028, 0.016740049817599356, 1.4343629329814384e-06, 9.453739039599895e-06, 0.0001037626870665526, 0.0029093450866639614, 3.976165316998959e-06, 0.0030312807072184755, 9.40228346735239e-06, 4.029483534395695e-06, 3.976155648444807e-06, 9.402244662297735e-06, 9.996780264087679e-05, 0.003013107802544379, 4.029526865201652e-06, 3.552998144149347e-06, 3.3466417538027815e-05, 0.050177872457493236, 9.788574048208432e-06, 5.710925755194555e-05, 4.3932295654719455e-05, 9.78854950517416e-06, 5.530764575807298e-06, 0.00025341149168725584, 2.0560109987854958e-05, 3.828672879934922e-06, 0.015241172861068939, 0.0002931325727082222, 5.710928235203028e-05, 5.710925755194555e-05, 8.411375517477842e-06, 3.552998144149347e-06, 1.4076313941239343e-05, 9.20878548417263e-06, 1.4343531802296638e-06, 0.050177872457493236, 3.346637822687626e-05, 1.602468486622613e-06, 1.602468486622613e-06, 1.2000118492791825e-05, 0.015120508149266243, 4.393234848976135e-05, 2.5852888792059735e-06, 2.5852350518107414e-06, 2.5852888792059735e-06, 3.828667104244232e-06, 2.6720698975586654e-06, 0.018196286562749225, 5.530775524675846e-06, 0.00025341149168725584, 0.003032714427124871, 0.0002966007450595498, 0.0005932015434105331, 0.0002966007450595498, 0.0002966007450595498, 0.0005932015434105331, 0.0005932015434105331, 0.0005928414484540962, 9.453732729413147e-06, 0.003889154449761942, 0.0008887222139684035, 7.900180203065932e-06, 0.0008803940994912135, 0.0030322119476830682, 0.003896624169514539, 8.776347299183172e-06, 0.003896624169514539, 0.003896624169514539, 6.3399677572503754e-06, 3.3384453934810223e-06, 0.000296613310726071, 5.710925755194555e-05, 8.411375517477842e-06, 0.002961785765364766, 2.0560109987854958e-05]","['SSALy', 'PIabc', 'PROabc', 'PPDK', 'PDH', 'RPE', 'ME1', 'MCD', 'LO', 'EX_fum_e', 'FUMt2r', 'FTHFD', 'OXGDC', 'HCYSMT', 'ORNTA', 'NTD11', 'NTPP4', 'CTPS2', 'CS', 'DCPT', 'DCPE', 'DCPDPP', 'ADNK3', 'FDH', 'ACS']","['THRt2r', 'PHDCAt', 'PGL', 'PDIMAT', 'SERt2r', 'MALT', 'VALt2r', 'L_LACt3', 'L_LACt2r', 'LYSt5r', 'LEUt2r', 'ILEt2r', 'EX_lys__L_e', 'EX_leu__L_e', 'GLUSy', 'EX_lac__L_e', 'EX_ile__L_e', 'EX_h2s_e', 'EX_gly_e', 'G6PDH2r', 'G5SD', 'EX_asp__L_e', 'EX_arg__L_e', 'EX_ala__L_e', 'EX_ala__D_e', 'ORNt', 'H2St1', 'NTPP8', 'MTI', 'GND', 'GLYt2r', 'CYSTS', 'CYSTGL', 'ASPt2r', 'DALAt2r', 'FRD', 'ARGt5r', 'FAO11', 'EX_val__L_e', 'EX_thr__L_e', 'EX_ser__L_e', 'EX_pro__L_e', 'EX_phdca_e', 'EX_pdima_e', 'EX_orn_e', 'ADA', 'ALAt2r']","['TALA', 'SUCOAS', 'PHTHS', 'PHTHDLS', 'PREPTTA', 'PREPTHS', 'PDIMAS', 'RPI', 'MMM2', 'MME', 'TKT2', 'TKT1', 'FACOALPREPH', 'FASm280', 'FACOAL200', 'ARACHTA', 'FASm260', 'FASm240', 'FASm220', 'FAS80_L', 'FAS200', 'FAS180', 'FAS161', 'FAS140', 'FAS120', 'FAS100']",RPE,GND,0.602894445187085,1,98,26,-18.0,-0.18447499368437917,iNJ661,PSL,True,False,-0.403779143700376,0.0,0.0,0.0
9,"['TRPS3', 'TRPS2', 'TRPS1']","[0.0010046212722, 0.0010046212722, -0.0010046212722]","[0.0010046212722, 0.0010046212722, 0.0010046212722]",['TRPS1'],"['TRPS3', 'TRPS2']",[],TRPS1,TRPS3,0.0030138638165999997,1,3,0,1.0,0.0010046212722,iNJ661,PSL,False,False,0.0,0.0,-0.0107572595588863,0.0
10,"['TRPS3', 'TRPS2', 'TRPS1']","[0.0010046212722, 0.0010046212722, -0.0010046212722]","[0.0010046212722, 0.0010046212722, 0.0010046212722]",['TRPS1'],"['TRPS3', 'TRPS2']",[],TRPS1,TRPS2,0.0030138638165999997,1,3,0,1.0,0.0010046212722,iNJ661,PSL,False,False,0.0,0.0,-0.0107572595588863,0.0
11,"['MANAT2', 'MANAT1', 'G16MTM6', 'G16MTM2']","[-0.00026498358739999995, 0.00026498358739999995, -0.0002649835873999999, 0.00026498358739999995]","[0.00026498358739999995, 0.00026498358739999995, 0.0002649835873999999, 0.00026498358739999995]",['MANAT2'],['G16MTM2'],"['MANAT1', 'G16MTM6']",MANAT2,G16MTM2,0.0010599343495999998,1,4,2,0.0,5.421010862427522e-20,iNJ661,PSL,False,False,0.0,0.0,6.694844648483e-05,3.84139045372141e-05
12,"['IPDPS', 'IPDDI', 'DMPPS']","[-0.002351305005000002, -0.0023513049818575382, 0.002351305005000002]","[0.002351305005000002, 0.0023513049818575382, 0.002351305005000002]",['IPDPS'],['IPDDI'],['DMPPS'],IPDPS,IPDDI,0.007053915015000006,1,3,1,-1.0,-0.0023513049818575382,iNJ661,PSL,False,True,0.0,-0.0024750956799835,5.76471317063253e-05,5.81200799154019e-05
13,"['MAN1PT2', 'MAN1PT', 'GK1', 'NTPP2']","[-0.0031961273956500006, 0.0031961273956499997, -0.0015980660682544112, -0.0015980660401116453]","[0.0031961273956500006, 0.0031961273956499997, 0.0015980660682544112, 0.0015980660401116453]",['MAN1PT'],"['MAN1PT2', 'NTPP2']",['GK1'],MAN1PT2,MAN1PT,0.012784509635084977,1,4,1,-2.0,-0.0031961321083660574,iNJ661,PSL,False,False,0.0,0.0,-0.0083600427024066,0.0033643959099672
14,"['TALA', 'SUCOAS', 'SUCD1', 'THRt2r', 'SSALy', 'PIabc', 'PHTHS', 'PHTHDLS', 'PROabc', 'PREPTTA', 'PREPTHS', 'PGL', 'PGI', 'PPDK', 'PDIMAT', 'PDIMAS', 'SERt2r', 'PDH', 'RPI', 'RPE', 'MMM2', 'MME', 'RBK', 'METS', 'TRPS1', 'MCD', 'TKT2', 'TKT1', 'MALT', 'VALt2r', 'L_LACt3', 'L_LACt2r', 'LYSt5r', 'LO', 'LEUt2r', 'ILEt2r', 'EX_lys__L_e', 'EX_leu__L_e', 'GLUSy', 'EX_lac__L_e', 'EX_ile__L_e', 'EX_h2s_e', 'EX_gly_e', 'G6PDH2r', 'EX_fum_e', 'EX_asp__L_e', 'FUMt2r', 'FUM', 'EX_arg__L_e', 'FTHFD', 'EX_ala__L_e', 'EX_ala__D_e', 'OXGDC', 'HCYSMT', 'ORNt', 'ORNTA', 'NTD11', 'H2St1', 'NTPP8', 'NTPP4', 'MTI', 'MTHFR2', 'GND', 'GLYt2r', 'CYSTS', 'CYSTGL', 'CTPS2', 'CS', 'ASPt2r', 'DCPT', 'DCPE', 'DCPDPP', 'DALAt2r', 'ADNK3', 'FRD', 'ARGt5r', 'FDH', 'FAO11', 'FACOALPREPH', 'FASm280', 'FACOAL200', 'ARACHTA', 'FASm260', 'FASm240', 'FASm220', 'EX_val__L_e', 'FAS80_L', 'FAS200', 'EX_thr__L_e', 'FAS180', 'FAS161', 'FAS140', 'EX_ser__L_e', 'FAS120', 'FAS100', 'EX_pro__L_e', 'EX_pdima_e', 'EX_orn_e', 'ADA', 'ACS', 'ALAt2r']","[0.01950049796141684, 0.003447984578087926, -3.6846985170049806e-06, -9.192852303385735e-06, -0.01775322005294606, -5.9220153132645906e-05, 0.00034605060347088853, 0.00034605060347088853, -7.3773069796259985e-06, -0.00034605059772729874, 0.00034605060347088853, 0.058456189368911116, -0.04878710361663252, -1.3374182371794774e-05, 0.00034606519411381297, 0.00034605060347088853, -1.0212301276624203e-05, -0.0034886080062859204, -0.019450944964773953, 0.03900649456772953, 0.0034478295128792524, 0.0034478295128792524, 1.160998301276547e-06, 0.0003401502314883025, -1.075538821290441e-06, -0.034407902832247816, 0.019505996606312692, 0.01950049796141684, 2.0159672201882327e-06, -1.1000549420714378e-05, 0.0001177335798464847, -0.003392869606614113, -4.62669413536787e-06, -0.003531749641671659, -1.0940595529973507e-05, -4.6888599172234535e-06, 4.626730283258974e-06, 1.0940630587907493e-05, 0.00011612231606256129, 0.0035106031327987175, 4.688834045449113e-06, 3.447328924433002e-06, 3.893823133999108e-05, 0.058456189368911116, -3.1295138472123285e-06, 5.11168653689123e-05, 3.1294766813516617e-06, -0.021218910929746926, 6.435702778000672e-06, -0.00029580239559696525, 2.3924163542687893e-05, 4.455116530765503e-06, -0.01775322005294606, -0.00034201494120141354, -6.635277532041073e-05, -6.635280773947556e-05, -9.783740388642076e-06, 3.447328924433002e-06, 1.6379466436136636e-05, -1.1279261773144283e-05, 2.01596412807703e-06, 0.0003401502314883025, 0.058456189368911116, -3.8938247598707676e-05, 1.86477903951765e-06, 1.86477903951765e-06, -1.3768329254018954e-05, -0.01760552579881214, -5.1116920076310635e-05, -3.0082912757883017e-06, -3.0082883313298225e-06, -3.0082912757883017e-06, -4.455097950994968e-06, -2.766042091264468e-06, 0.021197365023890323, -6.43567182123661e-06, -0.00029580239559696525, 0.003532894170648387, -0.00034605059772729874, 0.0006921012069417771, 0.00034605059772729874, 0.00034605059772729874, 0.0006921012069417771, 0.0006921012069417771, 0.0006916821936065099, 1.1000543081380806e-05, 0.004532751368952308, 0.001036894984189178, 9.192853757935757e-06, 0.0010271293011985313, 0.003532309476019838, 0.004541443276825756, 1.0212332644524667e-05, 0.004541443276825756, 0.004541443276825756, 7.3773069796259985e-06, 0.00034606519411381297, 6.635280773947556e-05, 9.783740388642076e-06, -0.0034433041748617825, -2.3924163542687893e-05]","[0.01950049796141684, 0.003447984578087926, 3.6846985170049806e-06, 9.192852303385735e-06, 0.01775322005294606, 5.9220153132645906e-05, 0.00034605060347088853, 0.00034605060347088853, 7.3773069796259985e-06, 0.00034605059772729874, 0.00034605060347088853, 0.058456189368911116, 0.04878710361663252, 1.3374182371794774e-05, 0.00034606519411381297, 0.00034605060347088853, 1.0212301276624203e-05, 0.0034886080062859204, 0.019450944964773953, 0.03900649456772953, 0.0034478295128792524, 0.0034478295128792524, 1.160998301276547e-06, 0.0003401502314883025, 1.075538821290441e-06, 0.034407902832247816, 0.019505996606312692, 0.01950049796141684, 2.0159672201882327e-06, 1.1000549420714378e-05, 0.0001177335798464847, 0.003392869606614113, 4.62669413536787e-06, 0.003531749641671659, 1.0940595529973507e-05, 4.6888599172234535e-06, 4.626730283258974e-06, 1.0940630587907493e-05, 0.00011612231606256129, 0.0035106031327987175, 4.688834045449113e-06, 3.447328924433002e-06, 3.893823133999108e-05, 0.058456189368911116, 3.1295138472123285e-06, 5.11168653689123e-05, 3.1294766813516617e-06, 0.021218910929746926, 6.435702778000672e-06, 0.00029580239559696525, 2.3924163542687893e-05, 4.455116530765503e-06, 0.01775322005294606, 0.00034201494120141354, 6.635277532041073e-05, 6.635280773947556e-05, 9.783740388642076e-06, 3.447328924433002e-06, 1.6379466436136636e-05, 1.1279261773144283e-05, 2.01596412807703e-06, 0.0003401502314883025, 0.058456189368911116, 3.8938247598707676e-05, 1.86477903951765e-06, 1.86477903951765e-06, 1.3768329254018954e-05, 0.01760552579881214, 5.1116920076310635e-05, 3.0082912757883017e-06, 3.0082883313298225e-06, 3.0082912757883017e-06, 4.455097950994968e-06, 2.766042091264468e-06, 0.021197365023890323, 6.43567182123661e-06, 0.00029580239559696525, 0.003532894170648387, 0.00034605059772729874, 0.0006921012069417771, 0.00034605059772729874, 0.00034605059772729874, 0.0006921012069417771, 0.0006921012069417771, 0.0006916821936065099, 1.1000543081380806e-05, 0.004532751368952308, 0.001036894984189178, 9.192853757935757e-06, 0.0010271293011985313, 0.003532309476019838, 0.004541443276825756, 1.0212332644524667e-05, 0.004541443276825756, 0.004541443276825756, 7.3773069796259985e-06, 0.00034606519411381297, 6.635280773947556e-05, 9.783740388642076e-06, 0.0034433041748617825, 2.3924163542687893e-05]","['SUCD1', 'SSALy', 'PIabc', 'PROabc', 'PPDK', 'PDH', 'TRPS1', 'MCD', 'TKT2', 'LO', 'EX_fum_e', 'FUMt2r', 'FTHFD', 'OXGDC', 'HCYSMT', 'ORNTA', 'NTD11', 'NTPP4', 'CTPS2', 'CS', 'DCPT', 'DCPE', 'DCPDPP', 'ADNK3', 'FDH', 'ACS']","['THRt2r', 'PGL', 'PDIMAT', 'SERt2r', 'RBK', 'MALT', 'VALt2r', 'L_LACt3', 'L_LACt2r', 'LYSt5r', 'LEUt2r', 'ILEt2r', 'EX_lys__L_e', 'EX_leu__L_e', 'GLUSy', 'EX_lac__L_e', 'EX_ile__L_e', 'EX_h2s_e', 'EX_gly_e', 'G6PDH2r', 'EX_asp__L_e', 'EX_arg__L_e', 'EX_ala__L_e', 'EX_ala__D_e', 'ORNt', 'H2St1', 'NTPP8', 'MTI', 'GND', 'GLYt2r', 'CYSTS', 'CYSTGL', 'ASPt2r', 'DALAt2r', 'FRD', 'ARGt5r', 'FAO11', 'EX_val__L_e', 'EX_thr__L_e', 'EX_ser__L_e', 'EX_pro__L_e', 'EX_pdima_e', 'EX_orn_e', 'ADA', 'ALAt2r']","['TALA', 'SUCOAS', 'PHTHS', 'PHTHDLS', 'PREPTTA', 'PREPTHS', 'PGI', 'PDIMAS', 'RPI', 'RPE', 'MMM2', 'MME', 'METS', 'TKT1', 'FUM', 'MTHFR2', 'FACOALPREPH', 'FASm280', 'FACOAL200', 'ARACHTA', 'FASm260', 'FASm240', 'FASm220', 'FAS80_L', 'FAS200', 'FAS180', 'FAS161', 'FAS140', 'FAS120', 'FAS100']",TKT2,PGL,0.7024301745778391,1,101,30,-17.0,-0.14906312243419542,iNJ661,PSL,True,False,-0.801423825556412,0.0,0.0,0.0
15,"['TALA', 'SUCOAS', 'SUCD1', 'THRt2r', 'SSALy', 'PIabc', 'PHTHS', 'PHTHDLS', 'PROabc', 'PREPTTA', 'PREPTHS', 'PGL', 'PGI', 'PPDK', 'PDIMAT', 'PDIMAS', 'SERt2r', 'PDH', 'RPI', 'RPE', 'MMM2', 'MME', 'RBK', 'METS', 'TRPS1', 'MCD', 'TKT2', 'TKT1', 'MALT', 'VALt2r', 'L_LACt3', 'L_LACt2r', 'LYSt5r', 'LO', 'LEUt2r', 'ILEt2r', 'EX_lys__L_e', 'EX_leu__L_e', 'GLUSy', 'EX_lac__L_e', 'EX_ile__L_e', 'EX_h2s_e', 'EX_gly_e', 'G6PDH2r', 'EX_fum_e', 'EX_asp__L_e', 'FUMt2r', 'FUM', 'EX_arg__L_e', 'FTHFD', 'EX_ala__L_e', 'EX_ala__D_e', 'OXGDC', 'HCYSMT', 'ORNt', 'ORNTA', 'NTD11', 'H2St1', 'NTPP8', 'NTPP4', 'MTI', 'MTHFR2', 'GND', 'GLYt2r', 'CYSTS', 'CYSTGL', 'CTPS2', 'CS', 'ASPt2r', 'DCPT', 'DCPE', 'DCPDPP', 'DALAt2r', 'ADNK3', 'FRD', 'ARGt5r', 'FDH', 'FAO11', 'FACOALPREPH', 'FASm280', 'FACOAL200', 'ARACHTA', 'FASm260', 'FASm240', 'FASm220', 'EX_val__L_e', 'FAS80_L', 'FAS200', 'EX_thr__L_e', 'FAS180', 'FAS161', 'FAS140', 'EX_ser__L_e', 'FAS120', 'FAS100', 'EX_pro__L_e', 'EX_pdima_e', 'EX_orn_e', 'ADA', 'ACS', 'ALAt2r']","[0.01950049796141684, 0.003447984578087926, -3.6846985170049806e-06, -9.192852303385735e-06, -0.01775322005294606, -5.9220153132645906e-05, 0.00034605060347088853, 0.00034605060347088853, -7.3773069796259985e-06, -0.00034605059772729874, 0.00034605060347088853, 0.058456189368911116, -0.04878710361663252, -1.3374182371794774e-05, 0.00034606519411381297, 0.00034605060347088853, -1.0212301276624203e-05, -0.0034886080062859204, -0.019450944964773953, 0.03900649456772953, 0.0034478295128792524, 0.0034478295128792524, 1.160998301276547e-06, 0.0003401502314883025, -1.075538821290441e-06, -0.034407902832247816, 0.019505996606312692, 0.01950049796141684, 2.0159672201882327e-06, -1.1000549420714378e-05, 0.0001177335798464847, -0.003392869606614113, -4.62669413536787e-06, -0.003531749641671659, -1.0940595529973507e-05, -4.6888599172234535e-06, 4.626730283258974e-06, 1.0940630587907493e-05, 0.00011612231606256129, 0.0035106031327987175, 4.688834045449113e-06, 3.447328924433002e-06, 3.893823133999108e-05, 0.058456189368911116, -3.1295138472123285e-06, 5.11168653689123e-05, 3.1294766813516617e-06, -0.021218910929746926, 6.435702778000672e-06, -0.00029580239559696525, 2.3924163542687893e-05, 4.455116530765503e-06, -0.01775322005294606, -0.00034201494120141354, -6.635277532041073e-05, -6.635280773947556e-05, -9.783740388642076e-06, 3.447328924433002e-06, 1.6379466436136636e-05, -1.1279261773144283e-05, 2.01596412807703e-06, 0.0003401502314883025, 0.058456189368911116, -3.8938247598707676e-05, 1.86477903951765e-06, 1.86477903951765e-06, -1.3768329254018954e-05, -0.01760552579881214, -5.1116920076310635e-05, -3.0082912757883017e-06, -3.0082883313298225e-06, -3.0082912757883017e-06, -4.455097950994968e-06, -2.766042091264468e-06, 0.021197365023890323, -6.43567182123661e-06, -0.00029580239559696525, 0.003532894170648387, -0.00034605059772729874, 0.0006921012069417771, 0.00034605059772729874, 0.00034605059772729874, 0.0006921012069417771, 0.0006921012069417771, 0.0006916821936065099, 1.1000543081380806e-05, 0.004532751368952308, 0.001036894984189178, 9.192853757935757e-06, 0.0010271293011985313, 0.003532309476019838, 0.004541443276825756, 1.0212332644524667e-05, 0.004541443276825756, 0.004541443276825756, 7.3773069796259985e-06, 0.00034606519411381297, 6.635280773947556e-05, 9.783740388642076e-06, -0.0034433041748617825, -2.3924163542687893e-05]","[0.01950049796141684, 0.003447984578087926, 3.6846985170049806e-06, 9.192852303385735e-06, 0.01775322005294606, 5.9220153132645906e-05, 0.00034605060347088853, 0.00034605060347088853, 7.3773069796259985e-06, 0.00034605059772729874, 0.00034605060347088853, 0.058456189368911116, 0.04878710361663252, 1.3374182371794774e-05, 0.00034606519411381297, 0.00034605060347088853, 1.0212301276624203e-05, 0.0034886080062859204, 0.019450944964773953, 0.03900649456772953, 0.0034478295128792524, 0.0034478295128792524, 1.160998301276547e-06, 0.0003401502314883025, 1.075538821290441e-06, 0.034407902832247816, 0.019505996606312692, 0.01950049796141684, 2.0159672201882327e-06, 1.1000549420714378e-05, 0.0001177335798464847, 0.003392869606614113, 4.62669413536787e-06, 0.003531749641671659, 1.0940595529973507e-05, 4.6888599172234535e-06, 4.626730283258974e-06, 1.0940630587907493e-05, 0.00011612231606256129, 0.0035106031327987175, 4.688834045449113e-06, 3.447328924433002e-06, 3.893823133999108e-05, 0.058456189368911116, 3.1295138472123285e-06, 5.11168653689123e-05, 3.1294766813516617e-06, 0.021218910929746926, 6.435702778000672e-06, 0.00029580239559696525, 2.3924163542687893e-05, 4.455116530765503e-06, 0.01775322005294606, 0.00034201494120141354, 6.635277532041073e-05, 6.635280773947556e-05, 9.783740388642076e-06, 3.447328924433002e-06, 1.6379466436136636e-05, 1.1279261773144283e-05, 2.01596412807703e-06, 0.0003401502314883025, 0.058456189368911116, 3.8938247598707676e-05, 1.86477903951765e-06, 1.86477903951765e-06, 1.3768329254018954e-05, 0.01760552579881214, 5.1116920076310635e-05, 3.0082912757883017e-06, 3.0082883313298225e-06, 3.0082912757883017e-06, 4.455097950994968e-06, 2.766042091264468e-06, 0.021197365023890323, 6.43567182123661e-06, 0.00029580239559696525, 0.003532894170648387, 0.00034605059772729874, 0.0006921012069417771, 0.00034605059772729874, 0.00034605059772729874, 0.0006921012069417771, 0.0006921012069417771, 0.0006916821936065099, 1.1000543081380806e-05, 0.004532751368952308, 0.001036894984189178, 9.192853757935757e-06, 0.0010271293011985313, 0.003532309476019838, 0.004541443276825756, 1.0212332644524667e-05, 0.004541443276825756, 0.004541443276825756, 7.3773069796259985e-06, 0.00034606519411381297, 6.635280773947556e-05, 9.783740388642076e-06, 0.0034433041748617825, 2.3924163542687893e-05]","['SUCD1', 'SSALy', 'PIabc', 'PROabc', 'PPDK', 'PDH', 'TRPS1', 'MCD', 'TKT2', 'LO', 'EX_fum_e', 'FUMt2r', 'FTHFD', 'OXGDC', 'HCYSMT', 'ORNTA', 'NTD11', 'NTPP4', 'CTPS2', 'CS', 'DCPT', 'DCPE', 'DCPDPP', 'ADNK3', 'FDH', 'ACS']","['THRt2r', 'PGL', 'PDIMAT', 'SERt2r', 'RBK', 'MALT', 'VALt2r', 'L_LACt3', 'L_LACt2r', 'LYSt5r', 'LEUt2r', 'ILEt2r', 'EX_lys__L_e', 'EX_leu__L_e', 'GLUSy', 'EX_lac__L_e', 'EX_ile__L_e', 'EX_h2s_e', 'EX_gly_e', 'G6PDH2r', 'EX_asp__L_e', 'EX_arg__L_e', 'EX_ala__L_e', 'EX_ala__D_e', 'ORNt', 'H2St1', 'NTPP8', 'MTI', 'GND', 'GLYt2r', 'CYSTS', 'CYSTGL', 'ASPt2r', 'DALAt2r', 'FRD', 'ARGt5r', 'FAO11', 'EX_val__L_e', 'EX_thr__L_e', 'EX_ser__L_e', 'EX_pro__L_e', 'EX_pdima_e', 'EX_orn_e', 'ADA', 'ALAt2r']","['TALA', 'SUCOAS', 'PHTHS', 'PHTHDLS', 'PREPTTA', 'PREPTHS', 'PGI', 'PDIMAS', 'RPI', 'RPE', 'MMM2', 'MME', 'METS', 'TKT1', 'FUM', 'MTHFR2', 'FACOALPREPH', 'FASm280', 'FACOAL200', 'ARACHTA', 'FASm260', 'FASm240', 'FASm220', 'FAS80_L', 'FAS200', 'FAS180', 'FAS161', 'FAS140', 'FAS120', 'FAS100']",TKT2,G6PDH2r,0.7024301745778391,1,101,30,-17.0,-0.14906312243419542,iNJ661,PSL,True,False,-0.801423825556412,0.0,0.0,0.0166615975322202
16,"['TALA', 'SUCOAS', 'SUCD1', 'THRt2r', 'SSALy', 'PIabc', 'PHTHS', 'PHTHDLS', 'PROabc', 'PREPTTA', 'PREPTHS', 'PGL', 'PGI', 'PPDK', 'PDIMAT', 'PDIMAS', 'SERt2r', 'PDH', 'RPI', 'RPE', 'MMM2', 'MME', 'RBK', 'METS', 'TRPS1', 'MCD', 'TKT2', 'TKT1', 'MALT', 'VALt2r', 'L_LACt3', 'L_LACt2r', 'LYSt5r', 'LO', 'LEUt2r', 'ILEt2r', 'EX_lys__L_e', 'EX_leu__L_e', 'GLUSy', 'EX_lac__L_e', 'EX_ile__L_e', 'EX_h2s_e', 'EX_gly_e', 'G6PDH2r', 'EX_fum_e', 'EX_asp__L_e', 'FUMt2r', 'FUM', 'EX_arg__L_e', 'FTHFD', 'EX_ala__L_e', 'EX_ala__D_e', 'OXGDC', 'HCYSMT', 'ORNt', 'ORNTA', 'NTD11', 'H2St1', 'NTPP8', 'NTPP4', 'MTI', 'MTHFR2', 'GND', 'GLYt2r', 'CYSTS', 'CYSTGL', 'CTPS2', 'CS', 'ASPt2r', 'DCPT', 'DCPE', 'DCPDPP', 'DALAt2r', 'ADNK3', 'FRD', 'ARGt5r', 'FDH', 'FAO11', 'FACOALPREPH', 'FASm280', 'FACOAL200', 'ARACHTA', 'FASm260', 'FASm240', 'FASm220', 'EX_val__L_e', 'FAS80_L', 'FAS200', 'EX_thr__L_e', 'FAS180', 'FAS161', 'FAS140', 'EX_ser__L_e', 'FAS120', 'FAS100', 'EX_pro__L_e', 'EX_pdima_e', 'EX_orn_e', 'ADA', 'ACS', 'ALAt2r']","[0.01950049796141684, 0.003447984578087926, -3.6846985170049806e-06, -9.192852303385735e-06, -0.01775322005294606, -5.9220153132645906e-05, 0.00034605060347088853, 0.00034605060347088853, -7.3773069796259985e-06, -0.00034605059772729874, 0.00034605060347088853, 0.058456189368911116, -0.04878710361663252, -1.3374182371794774e-05, 0.00034606519411381297, 0.00034605060347088853, -1.0212301276624203e-05, -0.0034886080062859204, -0.019450944964773953, 0.03900649456772953, 0.0034478295128792524, 0.0034478295128792524, 1.160998301276547e-06, 0.0003401502314883025, -1.075538821290441e-06, -0.034407902832247816, 0.019505996606312692, 0.01950049796141684, 2.0159672201882327e-06, -1.1000549420714378e-05, 0.0001177335798464847, -0.003392869606614113, -4.62669413536787e-06, -0.003531749641671659, -1.0940595529973507e-05, -4.6888599172234535e-06, 4.626730283258974e-06, 1.0940630587907493e-05, 0.00011612231606256129, 0.0035106031327987175, 4.688834045449113e-06, 3.447328924433002e-06, 3.893823133999108e-05, 0.058456189368911116, -3.1295138472123285e-06, 5.11168653689123e-05, 3.1294766813516617e-06, -0.021218910929746926, 6.435702778000672e-06, -0.00029580239559696525, 2.3924163542687893e-05, 4.455116530765503e-06, -0.01775322005294606, -0.00034201494120141354, -6.635277532041073e-05, -6.635280773947556e-05, -9.783740388642076e-06, 3.447328924433002e-06, 1.6379466436136636e-05, -1.1279261773144283e-05, 2.01596412807703e-06, 0.0003401502314883025, 0.058456189368911116, -3.8938247598707676e-05, 1.86477903951765e-06, 1.86477903951765e-06, -1.3768329254018954e-05, -0.01760552579881214, -5.1116920076310635e-05, -3.0082912757883017e-06, -3.0082883313298225e-06, -3.0082912757883017e-06, -4.455097950994968e-06, -2.766042091264468e-06, 0.021197365023890323, -6.43567182123661e-06, -0.00029580239559696525, 0.003532894170648387, -0.00034605059772729874, 0.0006921012069417771, 0.00034605059772729874, 0.00034605059772729874, 0.0006921012069417771, 0.0006921012069417771, 0.0006916821936065099, 1.1000543081380806e-05, 0.004532751368952308, 0.001036894984189178, 9.192853757935757e-06, 0.0010271293011985313, 0.003532309476019838, 0.004541443276825756, 1.0212332644524667e-05, 0.004541443276825756, 0.004541443276825756, 7.3773069796259985e-06, 0.00034606519411381297, 6.635280773947556e-05, 9.783740388642076e-06, -0.0034433041748617825, -2.3924163542687893e-05]","[0.01950049796141684, 0.003447984578087926, 3.6846985170049806e-06, 9.192852303385735e-06, 0.01775322005294606, 5.9220153132645906e-05, 0.00034605060347088853, 0.00034605060347088853, 7.3773069796259985e-06, 0.00034605059772729874, 0.00034605060347088853, 0.058456189368911116, 0.04878710361663252, 1.3374182371794774e-05, 0.00034606519411381297, 0.00034605060347088853, 1.0212301276624203e-05, 0.0034886080062859204, 0.019450944964773953, 0.03900649456772953, 0.0034478295128792524, 0.0034478295128792524, 1.160998301276547e-06, 0.0003401502314883025, 1.075538821290441e-06, 0.034407902832247816, 0.019505996606312692, 0.01950049796141684, 2.0159672201882327e-06, 1.1000549420714378e-05, 0.0001177335798464847, 0.003392869606614113, 4.62669413536787e-06, 0.003531749641671659, 1.0940595529973507e-05, 4.6888599172234535e-06, 4.626730283258974e-06, 1.0940630587907493e-05, 0.00011612231606256129, 0.0035106031327987175, 4.688834045449113e-06, 3.447328924433002e-06, 3.893823133999108e-05, 0.058456189368911116, 3.1295138472123285e-06, 5.11168653689123e-05, 3.1294766813516617e-06, 0.021218910929746926, 6.435702778000672e-06, 0.00029580239559696525, 2.3924163542687893e-05, 4.455116530765503e-06, 0.01775322005294606, 0.00034201494120141354, 6.635277532041073e-05, 6.635280773947556e-05, 9.783740388642076e-06, 3.447328924433002e-06, 1.6379466436136636e-05, 1.1279261773144283e-05, 2.01596412807703e-06, 0.0003401502314883025, 0.058456189368911116, 3.8938247598707676e-05, 1.86477903951765e-06, 1.86477903951765e-06, 1.3768329254018954e-05, 0.01760552579881214, 5.1116920076310635e-05, 3.0082912757883017e-06, 3.0082883313298225e-06, 3.0082912757883017e-06, 4.455097950994968e-06, 2.766042091264468e-06, 0.021197365023890323, 6.43567182123661e-06, 0.00029580239559696525, 0.003532894170648387, 0.00034605059772729874, 0.0006921012069417771, 0.00034605059772729874, 0.00034605059772729874, 0.0006921012069417771, 0.0006921012069417771, 0.0006916821936065099, 1.1000543081380806e-05, 0.004532751368952308, 0.001036894984189178, 9.192853757935757e-06, 0.0010271293011985313, 0.003532309476019838, 0.004541443276825756, 1.0212332644524667e-05, 0.004541443276825756, 0.004541443276825756, 7.3773069796259985e-06, 0.00034606519411381297, 6.635280773947556e-05, 9.783740388642076e-06, 0.0034433041748617825, 2.3924163542687893e-05]","['SUCD1', 'SSALy', 'PIabc', 'PROabc', 'PPDK', 'PDH', 'TRPS1', 'MCD', 'TKT2', 'LO', 'EX_fum_e', 'FUMt2r', 'FTHFD', 'OXGDC', 'HCYSMT', 'ORNTA', 'NTD11', 'NTPP4', 'CTPS2', 'CS', 'DCPT', 'DCPE', 'DCPDPP', 'ADNK3', 'FDH', 'ACS']","['THRt2r', 'PGL', 'PDIMAT', 'SERt2r', 'RBK', 'MALT', 'VALt2r', 'L_LACt3', 'L_LACt2r', 'LYSt5r', 'LEUt2r', 'ILEt2r', 'EX_lys__L_e', 'EX_leu__L_e', 'GLUSy', 'EX_lac__L_e', 'EX_ile__L_e', 'EX_h2s_e', 'EX_gly_e', 'G6PDH2r', 'EX_asp__L_e', 'EX_arg__L_e', 'EX_ala__L_e', 'EX_ala__D_e', 'ORNt', 'H2St1', 'NTPP8', 'MTI', 'GND', 'GLYt2r', 'CYSTS', 'CYSTGL', 'ASPt2r', 'DALAt2r', 'FRD', 'ARGt5r', 'FAO11', 'EX_val__L_e', 'EX_thr__L_e', 'EX_ser__L_e', 'EX_pro__L_e', 'EX_pdima_e', 'EX_orn_e', 'ADA', 'ALAt2r']","['TALA', 'SUCOAS', 'PHTHS', 'PHTHDLS', 'PREPTTA', 'PREPTHS', 'PGI', 'PDIMAS', 'RPI', 'RPE', 'MMM2', 'MME', 'METS', 'TKT1', 'FUM', 'MTHFR2', 'FACOALPREPH', 'FASm280', 'FACOAL200', 'ARACHTA', 'FASm260', 'FASm240', 'FASm220', 'FAS80_L', 'FAS200', 'FAS180', 'FAS161', 'FAS140', 'FAS120', 'FAS100']",TKT2,GND,0.7024301745778391,1,101,30,-17.0,-0.14906312243419542,iNJ661,PSL,True,False,-0.801423825556412,0.0,0.0,0.0
17,"['UMPK_copy1', 'UMPK_copy2']","[-0.015299457428499998, 0.0152994574746117]","[0.015299457428499998, 0.0152994574746117]",['UMPK_copy1'],['UMPK_copy2'],[],UMPK_copy1,UMPK_copy2,0.030598914856999997,1,2,0,0.0,4.611170126289643e-11,iNJ661,PSL,False,True,0.0,-999998.999194766,-0.0001919644419103,0.0
18,"['THRS', 'THRD_L', 'HSST', 'HSK']","[0.006121380272029742, 0.006121380371041596, -0.006121380336757179, 0.006121380272029742]","[0.006121380272029742, 0.006121380371041596, 0.006121380336757179, 0.006121380272029742]",['HSST'],['THRD_L'],"['THRS', 'HSK']",HSST,THRD_L,0.03672828219196516,1,4,2,2.0,0.0122427605783439,iNJ661,PSL,False,True,0.0,-1.98318568302784,-0.656503233476542,0.0
19,"['SUCOAS', 'THRS', 'THRD_L', 'SHSL4r', 'HSST', 'HSK']","[0.006844943389296532, -0.006844943406699999, -0.006844943389296532, 0.006844943389296532, 0.006844943380243081, -0.006844943406699999]","[0.006844943389296532, 0.006844943406699999, 0.006844943389296532, 0.006844943389296532, 0.006844943380243081, 0.006844943406699999]",['THRD_L'],"['THRS', 'HSK']","['SUCOAS', 'SHSL4r', 'HSST']",HSK,THRD_L,0.041069660387286155,1,6,3,0.0,-4.386038580939111e-11,iNJ661,PSL,False,True,0.0,-1.98318568302784,0.0,0.0
20,"['GLU5K', 'G5SD', 'ORNTAC', 'ORNTA', 'ACOTA', 'ACGK', 'AGPR']","[-0.006890871232699999, -0.006890871109960117, 0.0068908712128177285, 0.006890871232699999, -0.0068908712128177285, 0.0068908712575000836, -0.0068908712128177285]","[0.006890871232699999, 0.006890871109960117, 0.0068908712128177285, 0.006890871232699999, 0.0068908712128177285, 0.0068908712575000836, 0.0068908712128177285]",['ORNTA'],"['GLU5K', 'G5SD']","['ORNTAC', 'ACOTA', 'ACGK', 'AGPR']",GLU5K,ORNTA,0.048236098660610315,1,7,4,-1.0,-0.006890871065277761,iNJ661,PSL,False,False,0.0,0.0,0.0,0.0002835587262418
21,"['HSDy', 'HSDxi']","[-0.01296632387675345, -0.01296632387675345]","[0.01296632387675345, 0.01296632387675345]",['HSDxi'],['HSDy'],[],HSDxi,HSDy,0.038898971436472196,1,2,0,2.0,0.0259326477535069,iNJ661,PSL,True,True,-999998.999317562,-999999.0,0.0,0.0
22,"['TDPGDH', 'TDPDRR', 'TDPDRE', 'TDMS4', 'TDMS3', 'TDMS2', 'TDMS1', 'TATSO', 'TATS', 'TAS', 'TALA', 'SULR', 'SUCOAS', 'THRt2r', 'PYK', 'PUNP5', 'PMANM', 'PUNP1', 'PIt', 'PSSA160', 'PSP_L', 'PSERT', 'PSD160', 'PSCVT', 'PRPPS', 'PROt2r', 'PHTHS2', 'PHTHS', 'PHTHDLS2', 'PHTHDLS', 'PRMICI', 'SHKK', 'PRFGS', 'PREPTTA', 'PHETA1', 'SHK3Dr', 'PHDCAt', 'PREPTHS2', 'PREPTHS', 'PREPPACPH', 'PGSA190', 'PRATPP', 'PGSA160190', 'PGSA160', 'PRASCSi', 'PRAMPC', 'PGPPT3', 'PGPP190', 'PGPP160190', 'PGPP160', 'PRAIi', 'PRAIS', 'PRAGSr', 'PPTGS_TB2', 'PPTGS_TB1', 'PGMT', 'PGM', 'PGLS', 'PPNDH', 'PPND', 'PGK', 'PGI', 'PGCD', 'PGAMT', 'PFL', 'PFK', 'G6PP', 'PPDIMAS', 'PDIMAT', 'PDIMAS', 'PPA', 'PDH', 'SERAT', 'PATS', 'PAPSR', 'PAPPT3', 'SALCS', 'PAPPT2', 'PAPPT1', 'MN6PP', 'RRPPDIMAS', 'RPPDIMAS', 'RPI', 'RPE', 'RNDR4', 'UDPGALM', 'UDPG4E', 'RNDR3', 'UDCPDPS', 'MMM2', 'UDCPDP', 'RNDR2', 'UAPGR', 'UAMRH', 'MME', 'UAMAS', 'RNDR1', 'UAMAGS', 'UAGPT3', 'UAGPT2', 'MI1PS', 'MI1PP', 'UAGPT1', 'UAGDP', 'RBK_Dr', 'UAGCVT', 'UAAGLS2', 'UAAGLS1', 'UAAGDS', 'TYRTA', 'METS', 'METAT', 'MEPCT', 'TRPS1', 'MECDPS', 'MECDPDH', 'TRESULT', 'TRE6PP', 'MCOATA', 'TRDR', 'TPI', 'MCBTS3', 'MCBTS', 'MANAT3', 'MANAT2', 'MANAT1', 'TMHAS4', 'IPDPS', 'TMHAS3', 'TMHAS2', 'MAN6PI', 'MAN1PT2', 'TMHAS1', 'TMDS', 'BIOMASS_Mtb_9_60atp', 'TKT2', 'INSK', 'TKT1', 'INSH', 'MALT', 'VALTA', 'URIDK2r', 'MALS', 'L_LACt2r', 'IMPD', 'LYSt5r', 'UGMDDS2', 'IMPC', 'UGMDDS', 'LEUt2r', 'UGMAS', 'ILEt2r', 'UGMAGS', 'UGLDDS2', 'LDH_L', 'UGLDDS1', 'UGGPT3', 'UGAGDS', 'IGPS', 'KARA1', 'IGPDH', 'IG3PS', 'GLYCL', 'ICL', 'HSTPT', 'EX_lys__L_e', 'HSST', 'EX_leu__L_e', 'GLUR', 'GLUPRT', 'GLUDxi', 'GLU5K', 'EX_lac__L_e', 'EX_ile__L_e', 'GLNS', 'GLCabc', 'EX_h_e', 'GK1', 'GHMT2r', 'EX_h2s_e', 'GFUCS', 'GF6PTA', 'EX_h2_e', 'GARFT', 'GAPD', 'GALUi', 'GALT', 'GALKr', 'GALFT', 'EX_glc__D_e', 'EX_fe3_e', 'G5SD', 'G3PAT190', 'G3PAT160', 'G1PTT', 'G1PACT', 'G16MTM9', 'G16MTM8', 'G16MTM7', 'G16MTM6', 'G16MTM5', 'G16MTM4', 'EX_cit_e', 'G16MTM10', 'G16MTM1', 'HISTP', 'FUM', 'EX_arg__L_e', 'HISTD', 'FRRPPDIMAS', 'ORPT', 'HCO3E', 'ORNTA', 'HAS', 'OMPDC', 'H2td', 'H2St1', 'OCOAT1', 'OCBT', 'O16RHAT', 'NH4t', 'NDPK4', 'NDPK3', 'NDPK2', 'MYC1CYC4', 'MYC1CYC3', 'MYC1CYC2', 'MYC1CYC1', 'MTI', 'MTHFR2', 'MYCSacp58', 'MYCSacp56', 'MYCSacp50', 'MYCON5', 'GRTT', 'ENO', 'MYCON4', 'MYCON3', 'MYCON2', 'MYCON1', 'DXPS', 'DXPRIi', 'MYC2CYC3', 'MYC2CYC2', 'MYC2CYC1', 'GMT2', 'MYC1M2', 'MYC1M1', 'MYC1CYC5', 'GMT1', 'GMPS2', 'DMPPS', 'DMATT', 'GMAND', 'CYTK2', 'DHQS', 'DHQTi', 'CYTK1', 'DHORTS', 'CYSTL', 'CYSS', 'DHFR', 'DHAD1', 'DGK1', 'ATPPRT', 'CTPS1', 'DDPA', 'DCPT2', 'DCPDPP2', 'ASPTA', 'DASYN190190', 'DASYN160190', 'DASYN160', 'DALAOX', 'CMCBTFL', 'CLPNS160190', 'CITabc', 'DADK', 'CHRPL', 'CHORS', 'CHORM', 'ASPCT', 'CDPPT160190', 'CDPMEK', 'ASNS1', 'CBPS', 'CAT', 'ARI', 'ARGt5r', 'BDH', 'FHL', 'ATPS4r', 'ARGDr', 'FAMPL5', 'FAMPL4', 'FBP', 'FBA', 'FASm340', 'FAMPL3', 'FAMPL2', 'FAMPL1', 'FASm320', 'FASm300', 'FACOALPREPH', 'FASm2802', 'FASm2801', 'FASm280', 'FACOAL80', 'FACOAL200', 'FASm2602', 'ARACHTA', 'FASm2601', 'FASm260', 'FACOAL181', 'FASm2402', 'ARABDI', 'FASm2401', 'FASm240', 'FACOAL160', 'FASm2202', 'ARABF', 'FASm2201', 'FASm220', 'FASm2002', 'FASm2001', 'FASm1801', 'FASm180', 'FASm1601', 'FASPHDCA', 'FAS80_L', 'FAS260', 'FAS240_L', 'FAS200', 'EX_thr__L_e', 'FAS181', 'FAS161', 'ANS', 'FAS160', 'FAS140', 'FAS120', 'FAS100', 'EX_pro__L_e', 'ANPRT', 'EX_pi_e', 'ACONT', 'EX_phdca_e', 'EX_pdima_e', 'ACLS', 'EX_nh4_e', 'ACGAMT', 'ADK3', 'ACChex', 'ACCOAC', 'ACCC', 'ACACT1r', 'AACPS3', 'AACPS11', 'AACPS10', 'ADA', 'ALAR', 'ALAD_L', 'ALAALAr', 'AIRCr', 'AHCi', 'AGPAT190', 'AGPAT160190', 'AGPAT160', 'AFTA', 'AFE', 'ADSS', 'ADSL2r', 'ADSL1r', 'ADPT']","[-7.555609919999999e-05, -7.555609919999999e-05, -7.555609919999999e-05, -2.6916403199999997e-05, -5.35646176e-05, -5.371090239999999e-05, -8.0700448e-05, -2.77209696e-05, -2.86718208e-05, -0.00021386837759999997, 0.006877872161567211, 0.00018556229770183563, 0.009966635494492948, -0.003342948970384896, -1.7792089605179413, 0.0005296241724863648, 0.0015609319088980556, -0.0005296241724863648, 0.027020727051422, -9.901042880000001e-05, -0.019823218745204596, -0.019823218745204596, -9.901042880000001e-05, -0.0025436244904994965, -0.0226069251075387, -0.0033653792925179005, -3.5279017599999995e-05, 0.0016882078613333327, -3.5279017599999995e-05, 0.0016882078613333327, -0.0009902749535999997, -0.0025436244831999995, -0.009577459724576503, -0.0016882078489288688, 0.0011727652745321393, -0.0025436244904994965, -0.0001573292538523674, -3.5279017599999995e-05, 0.0016882078613333327, -3.5279017599999995e-05, -0.000141652448, -0.0009902749535999997, -0.0004351485183999999, -0.00015815824959999994, -0.009577459772117436, -0.0009902749535999997, -2.3820041599999997e-05, -0.000141652448, -0.0004351485183999999, -0.00015815824959999994, -0.0004906392192, -0.009577459724576503, -0.009577459772117436, -0.00045957808, -0.00045957808, 0.0019627276342362165, 1.815219611278735, -2.8866867199999996e-05, -0.0011727652415999999, -0.0007742366847999999, 1.8350428299745545, -0.9519962554331869, -0.019823218745204596, 0.007730249548330903, -0.08743909304268338, -0.8861794864457776, 0.9543551953975111, -3.5279017599999995e-05, 0.0016948638197333327, 0.0016882078613333327, -0.04134375677269124, -0.029768454891079044, -0.001386999269016087, -3.0500380799999995e-05, 0.00018556229770183563, -2.4039468799999998e-05, -7.070431999999999e-05, -0.0004841539264, -0.0004841539264, -0.002317760752, -2.8866867199999996e-05, -2.8866867199999996e-05, 0.01572905294597149, 0.016299368697218597, -8.90630624e-05, -0.000534670944, -0.0018871714128181338, -0.00016244927039999997, -0.00011483356800000028, 0.010746552725322545, -0.0010339897280000003, -0.0001623517472, -0.0010842629376, -2.3820041599999997e-05, 0.010746552725322545, -0.0009923473215999999, -8.513775359999998e-05, -0.0009923473215999999, -2.4039468799999998e-05, -0.0004841539264, -0.0003962123807999998, -0.0003962123807999998, -0.0004841539264, -0.0021182526655999998, 0.0005703156348317862, -0.0010842629376, -0.0004841539264, -0.0004841539264, -2.4039468799999998e-05, 0.0007742366287857294, -0.001196577156266667, -0.000345955425066667, -0.0012631692480000024, -0.0004906392192, -0.0012631692480000024, -0.0012631692480000024, -0.0001855622688, 0.00015825577280000015, -0.01320049655623734, -0.00031343956480000016, -0.92114891204983, -3.65224384e-05, -3.4181881599999996e-05, -3.10611392e-05, -0.00012941328639999995, -4.09841248e-05, -2.6745737599999998e-05, -0.0011483356800000024, -2.6916403199999997e-05, -2.6818879999999997e-05, 0.0038786926306784153, -0.0015609319583999991, -2.6965164799999998e-05, -8.90630624e-05, -0.024380799999999998, 0.009421496652066708, 0.00018366869333333292, 0.006877872161567211, -0.0005296241183999999, 0.0009196437759999999, 0.005018226918764412, 8.906307630240917e-05, 0.012302660311429126, 1.6392029753187671, -0.00610275799408555, -0.002110621426254511, -2.3820041599999997e-05, 0.010567734716460109, -2.4039468799999998e-05, -0.004990896093659103, -2.3820041599999997e-05, -0.0021389519097283483, -2.3820041599999997e-05, -0.0004841539264, 1.6311124776257202, -0.0004841539264, -2.3820041599999997e-05, -2.3820041599999997e-05, -0.0004906392192, 0.005018226918764412, -0.0009902749535999997, -0.0009902749535999997, 0.003450813688713583, 0.012302660311429126, -0.0009902749535999997, 0.0021106214751999996, -0.0008506216108798981, 0.004990896044799999, 0.0010161674581468105, -0.009577459724576503, 0.05605139536783099, 0.0024035444485293123, -1.6392029752676942, 0.0021389519647999995, -0.04429185363487176, -0.9601722591763815, -1.8132908143363873, -0.00016235164366662502, -0.014313913722262983, 0.001572561537816087, -2.8866867199999996e-05, -0.007730249548330903, -0.07687135832384229, -0.009577459772117436, -1.8350428299745545, -0.0018871714432000001, 0.0013525005197152495, 0.0013525005197152495, -1.78223648e-05, 0.9601722591763815, 3.652243839991076e-05, 0.0024035444485293123, -0.00029786023359999996, -0.001430787248, -7.555609919999999e-05, -0.007730249590400001, -5.9001536e-05, -9.320779839999999e-05, -0.00013155879679999997, -0.00030461371519999983, -2.9525148799999997e-05, -6.207351679999998e-05, -0.011465581963626015, -2.81354432e-05, -0.0003962123807999998, -0.0009902749535999997, -0.012302660383284092, 0.005339382861329312, -0.0009902749535999997, -2.8866867199999996e-05, 0.00964660500176251, -0.11477931693661958, -0.0024035444485293123, -0.0001425789184, -0.00964660500176251, -0.07687135832384229, 0.001572561537816087, 7.070426363497972e-05, 0.002403544494882226, -1.78223648e-05, -0.11995045922230929, -7.555610500276089e-05, 0.0037874841364100575, -0.008933758945204318, -0.00013575229439999998, -0.0001082995136, -8.0700448e-05, -0.0004831543135999999, 0.0009196437895298004, -0.001196577156266667, -0.00024210134400000003, -0.0002164527424, -0.0004831543135999999, -0.0001338018304, -0.00011483356800000028, -1.815219611278735, -0.00013575229439999998, -0.0001082995136, -8.0700448e-05, -0.0004831543135999999, -0.0012631692480000024, -0.0012631692480000024, -0.0001082995136, -8.0700448e-05, -0.0004831543135999999, -0.0001425789184, -0.0001338018304, -0.00013575229439999998, -0.0001338018304, -9.159866559999999e-05, -0.00610275799408555, -0.00011483356800000028, -0.00011483356800000028, -2.8866867199999996e-05, 0.00016244931612163782, -0.0025436244831999995, -0.0025436244904994965, 0.0036250349367037416, 0.00964660500176251, -0.0008506216559127609, -0.001386999269016087, -8.906307630240917e-05, -0.005018226921600002, 0.00016235176008194685, -0.0009902749535999997, -0.0062808354112, -0.0025436244831999995, -0.0013723220895999998, -0.0013723220895999998, 0.028452139580622315, -0.000141652448, -0.0008313608991999998, -0.00025716867839999997, 0.0015220933440001864, -3.65224384e-05, -0.00014284707140177488, 0.01146558196362596, 8.513766806572676e-05, -3.52790176e-05, -0.0025436244831999995, -0.0019470019263999995, -0.00964660500176251, -0.0003962123807999998, -0.0012631692480000024, -0.0011629397791999996, -0.007243060553233198, 0.0007610466720000932, 0.0013723220909014344, -0.005339382914826274, 7.070426363497972e-05, -0.07687135832384229, 0.04698150383774191, -0.002403544494882226, -0.0001338018304, -0.00013575229439999998, 0.037908457991444544, -0.9240879444405437, -0.00011278558079999998, -0.0001082995136, -8.0700448e-05, -0.0004831543135999999, -0.00011278558079999998, -0.00011278558079999998, -0.0016882078489288688, -0.00011278558079999998, -5.639279039999999e-05, 0.003305857687466665, -3.652251325547695e-05, 0.0016882078489288688, -0.00011278558079999998, 0.0016882078489288688, -5.639279039999999e-05, 0.003305857687466665, -3.41818667948246e-05, -0.000234787104, 0.0005703156348317862, -5.639279039999999e-05, 0.003305857687466665, -0.00020145857706665993, -0.000234787104, -1.78223648e-05, -5.639279039999999e-05, 0.003114712215466665, -0.000234787104, -5.639279039999999e-05, -5.639279039999999e-05, -0.003928551446399999, -5.639279039999999e-05, -3.52790176e-05, -0.012715294243200004, -0.0033060852416, -0.0033060852416, 0.004420726655999998, 0.003342949011199999, -0.0002743083807999999, -0.00026672595200000004, -0.0004906392192, -0.008186219312, -0.0087502203584, -0.0087502203584, -0.0087502203584, 0.0033653793471999996, -0.0004906392192, 0.02702072705038816, 0.010078582563437521, 0.0001573293024, 0.0016948638197333327, -0.005018226921600002, 0.11995045925230086, -1.78223648e-05, -0.025557830813340843, -0.0009417083999999998, -0.1075362564297393, -0.0009417083999999998, -7.070426363497972e-05, -0.0018644729183999991, -3.52790176e-05, -0.0015928220447999997, 0.00018366869333333292, -0.0005102413706481457, 0.011423965171199812, -0.0010161674581468105, -0.009577459772117436, -0.0003459553699940443, -0.00029786023359999996, -0.0009971015776, -0.0004336856704, -1.78223648e-05, -1.78223648e-05, -0.004281308018513161, -0.009577459772117436, -0.00428130803629756, -0.0005296241183999999]","[7.555609919999999e-05, 7.555609919999999e-05, 7.555609919999999e-05, 2.6916403199999997e-05, 5.35646176e-05, 5.371090239999999e-05, 8.0700448e-05, 2.77209696e-05, 2.86718208e-05, 0.00021386837759999997, 0.006877872161567211, 0.00018556229770183563, 0.009966635494492948, 0.003342948970384896, 1.7792089605179413, 0.0005296241724863648, 0.0015609319088980556, 0.0005296241724863648, 0.027020727051422, 9.901042880000001e-05, 0.019823218745204596, 0.019823218745204596, 9.901042880000001e-05, 0.0025436244904994965, 0.0226069251075387, 0.0033653792925179005, 3.5279017599999995e-05, 0.0016882078613333327, 3.5279017599999995e-05, 0.0016882078613333327, 0.0009902749535999997, 0.0025436244831999995, 0.009577459724576503, 0.0016882078489288688, 0.0011727652745321393, 0.0025436244904994965, 0.0001573292538523674, 3.5279017599999995e-05, 0.0016882078613333327, 3.5279017599999995e-05, 0.000141652448, 0.0009902749535999997, 0.0004351485183999999, 0.00015815824959999994, 0.009577459772117436, 0.0009902749535999997, 2.3820041599999997e-05, 0.000141652448, 0.0004351485183999999, 0.00015815824959999994, 0.0004906392192, 0.009577459724576503, 0.009577459772117436, 0.00045957808, 0.00045957808, 0.0019627276342362165, 1.815219611278735, 2.8866867199999996e-05, 0.0011727652415999999, 0.0007742366847999999, 1.8350428299745545, 0.9519962554331869, 0.019823218745204596, 0.007730249548330903, 0.08743909304268338, 0.8861794864457776, 0.9543551953975111, 3.5279017599999995e-05, 0.0016948638197333327, 0.0016882078613333327, 0.04134375677269124, 0.029768454891079044, 0.001386999269016087, 3.0500380799999995e-05, 0.00018556229770183563, 2.4039468799999998e-05, 7.070431999999999e-05, 0.0004841539264, 0.0004841539264, 0.002317760752, 2.8866867199999996e-05, 2.8866867199999996e-05, 0.01572905294597149, 0.016299368697218597, 8.90630624e-05, 0.000534670944, 0.0018871714128181338, 0.00016244927039999997, 0.00011483356800000028, 0.010746552725322545, 0.0010339897280000003, 0.0001623517472, 0.0010842629376, 2.3820041599999997e-05, 0.010746552725322545, 0.0009923473215999999, 8.513775359999998e-05, 0.0009923473215999999, 2.4039468799999998e-05, 0.0004841539264, 0.0003962123807999998, 0.0003962123807999998, 0.0004841539264, 0.0021182526655999998, 0.0005703156348317862, 0.0010842629376, 0.0004841539264, 0.0004841539264, 2.4039468799999998e-05, 0.0007742366287857294, 0.001196577156266667, 0.000345955425066667, 0.0012631692480000024, 0.0004906392192, 0.0012631692480000024, 0.0012631692480000024, 0.0001855622688, 0.00015825577280000015, 0.01320049655623734, 0.00031343956480000016, 0.92114891204983, 3.65224384e-05, 3.4181881599999996e-05, 3.10611392e-05, 0.00012941328639999995, 4.09841248e-05, 2.6745737599999998e-05, 0.0011483356800000024, 2.6916403199999997e-05, 2.6818879999999997e-05, 0.0038786926306784153, 0.0015609319583999991, 2.6965164799999998e-05, 8.90630624e-05, 0.024380799999999998, 0.009421496652066708, 0.00018366869333333292, 0.006877872161567211, 0.0005296241183999999, 0.0009196437759999999, 0.005018226918764412, 8.906307630240917e-05, 0.012302660311429126, 1.6392029753187671, 0.00610275799408555, 0.002110621426254511, 2.3820041599999997e-05, 0.010567734716460109, 2.4039468799999998e-05, 0.004990896093659103, 2.3820041599999997e-05, 0.0021389519097283483, 2.3820041599999997e-05, 0.0004841539264, 1.6311124776257202, 0.0004841539264, 2.3820041599999997e-05, 2.3820041599999997e-05, 0.0004906392192, 0.005018226918764412, 0.0009902749535999997, 0.0009902749535999997, 0.003450813688713583, 0.012302660311429126, 0.0009902749535999997, 0.0021106214751999996, 0.0008506216108798981, 0.004990896044799999, 0.0010161674581468105, 0.009577459724576503, 0.05605139536783099, 0.0024035444485293123, 1.6392029752676942, 0.0021389519647999995, 0.04429185363487176, 0.9601722591763815, 1.8132908143363873, 0.00016235164366662502, 0.014313913722262983, 0.001572561537816087, 2.8866867199999996e-05, 0.007730249548330903, 0.07687135832384229, 0.009577459772117436, 1.8350428299745545, 0.0018871714432000001, 0.0013525005197152495, 0.0013525005197152495, 1.78223648e-05, 0.9601722591763815, 3.652243839991076e-05, 0.0024035444485293123, 0.00029786023359999996, 0.001430787248, 7.555609919999999e-05, 0.007730249590400001, 5.9001536e-05, 9.320779839999999e-05, 0.00013155879679999997, 0.00030461371519999983, 2.9525148799999997e-05, 6.207351679999998e-05, 0.011465581963626015, 2.81354432e-05, 0.0003962123807999998, 0.0009902749535999997, 0.012302660383284092, 0.005339382861329312, 0.0009902749535999997, 2.8866867199999996e-05, 0.00964660500176251, 0.11477931693661958, 0.0024035444485293123, 0.0001425789184, 0.00964660500176251, 0.07687135832384229, 0.001572561537816087, 7.070426363497972e-05, 0.002403544494882226, 1.78223648e-05, 0.11995045922230929, 7.555610500276089e-05, 0.0037874841364100575, 0.008933758945204318, 0.00013575229439999998, 0.0001082995136, 8.0700448e-05, 0.0004831543135999999, 0.0009196437895298004, 0.001196577156266667, 0.00024210134400000003, 0.0002164527424, 0.0004831543135999999, 0.0001338018304, 0.00011483356800000028, 1.815219611278735, 0.00013575229439999998, 0.0001082995136, 8.0700448e-05, 0.0004831543135999999, 0.0012631692480000024, 0.0012631692480000024, 0.0001082995136, 8.0700448e-05, 0.0004831543135999999, 0.0001425789184, 0.0001338018304, 0.00013575229439999998, 0.0001338018304, 9.159866559999999e-05, 0.00610275799408555, 0.00011483356800000028, 0.00011483356800000028, 2.8866867199999996e-05, 0.00016244931612163782, 0.0025436244831999995, 0.0025436244904994965, 0.0036250349367037416, 0.00964660500176251, 0.0008506216559127609, 0.001386999269016087, 8.906307630240917e-05, 0.005018226921600002, 0.00016235176008194685, 0.0009902749535999997, 0.0062808354112, 0.0025436244831999995, 0.0013723220895999998, 0.0013723220895999998, 0.028452139580622315, 0.000141652448, 0.0008313608991999998, 0.00025716867839999997, 0.0015220933440001864, 3.65224384e-05, 0.00014284707140177488, 0.01146558196362596, 8.513766806572676e-05, 3.52790176e-05, 0.0025436244831999995, 0.0019470019263999995, 0.00964660500176251, 0.0003962123807999998, 0.0012631692480000024, 0.0011629397791999996, 0.007243060553233198, 0.0007610466720000932, 0.0013723220909014344, 0.005339382914826274, 7.070426363497972e-05, 0.07687135832384229, 0.04698150383774191, 0.002403544494882226, 0.0001338018304, 0.00013575229439999998, 0.037908457991444544, 0.9240879444405437, 0.00011278558079999998, 0.0001082995136, 8.0700448e-05, 0.0004831543135999999, 0.00011278558079999998, 0.00011278558079999998, 0.0016882078489288688, 0.00011278558079999998, 5.639279039999999e-05, 0.003305857687466665, 3.652251325547695e-05, 0.0016882078489288688, 0.00011278558079999998, 0.0016882078489288688, 5.639279039999999e-05, 0.003305857687466665, 3.41818667948246e-05, 0.000234787104, 0.0005703156348317862, 5.639279039999999e-05, 0.003305857687466665, 0.00020145857706665993, 0.000234787104, 1.78223648e-05, 5.639279039999999e-05, 0.003114712215466665, 0.000234787104, 5.639279039999999e-05, 5.639279039999999e-05, 0.003928551446399999, 5.639279039999999e-05, 3.52790176e-05, 0.012715294243200004, 0.0033060852416, 0.0033060852416, 0.004420726655999998, 0.003342949011199999, 0.0002743083807999999, 0.00026672595200000004, 0.0004906392192, 0.008186219312, 0.0087502203584, 0.0087502203584, 0.0087502203584, 0.0033653793471999996, 0.0004906392192, 0.02702072705038816, 0.010078582563437521, 0.0001573293024, 0.0016948638197333327, 0.005018226921600002, 0.11995045925230086, 1.78223648e-05, 0.025557830813340843, 0.0009417083999999998, 0.1075362564297393, 0.0009417083999999998, 7.070426363497972e-05, 0.0018644729183999991, 3.52790176e-05, 0.0015928220447999997, 0.00018366869333333292, 0.0005102413706481457, 0.011423965171199812, 0.0010161674581468105, 0.009577459772117436, 0.0003459553699940443, 0.00029786023359999996, 0.0009971015776, 0.0004336856704, 1.78223648e-05, 1.78223648e-05, 0.004281308018513161, 0.009577459772117436, 0.00428130803629756, 0.0005296241183999999]","['PYK', 'PFK', 'PDH', 'RNDR4', 'IPDPS', 'L_LACt2r', 'HSST', 'EX_lac__L_e', 'GLCabc', 'EX_glc__D_e', 'ORNTA']","['THRt2r', 'PROt2r', 'PHDCAt', 'PDIMAT', 'INSK', 'MALT', 'MALS', 'LYSt5r', 'LEUt2r', 'ILEt2r', 'GLYCL', 'ICL', 'EX_lys__L_e', 'EX_leu__L_e', 'EX_ile__L_e', 'EX_h2s_e', 'EX_cit_e', 'EX_arg__L_e', 'H2St1', 'MTI', 'DALAOX', 'CITabc', 'CAT', 'ARGt5r', 'FBP', 'EX_thr__L_e', 'EX_pro__L_e', 'EX_phdca_e', 'EX_pdima_e', 'ADA', 'ALAD_L']","['TDPGDH', 'TDPDRR', 'TDPDRE', 'TDMS4', 'TDMS3', 'TDMS2', 'TDMS1', 'TATSO', 'TATS', 'TAS', 'TALA', 'SULR', 'SUCOAS', 'PUNP5', 'PMANM', 'PUNP1', 'PIt', 'PSSA160', 'PSP_L', 'PSERT', 'PSD160', 'PSCVT', 'PRPPS', 'PHTHS2', 'PHTHS', 'PHTHDLS2', 'PHTHDLS', 'PRMICI', 'SHKK', 'PRFGS', 'PREPTTA', 'PHETA1', 'SHK3Dr', 'PREPTHS2', 'PREPTHS', 'PREPPACPH', 'PGSA190', 'PRATPP', 'PGSA160190', 'PGSA160', 'PRASCSi', 'PRAMPC', 'PGPPT3', 'PGPP190', 'PGPP160190', 'PGPP160', 'PRAIi', 'PRAIS', 'PRAGSr', 'PPTGS_TB2', 'PPTGS_TB1', 'PGMT', 'PGM', 'PGLS', 'PPNDH', 'PPND', 'PGK', 'PGI', 'PGCD', 'PGAMT', 'PFL', 'G6PP', 'PPDIMAS', 'PDIMAS', 'PPA', 'SERAT', 'PATS', 'PAPSR', 'PAPPT3', 'SALCS', 'PAPPT2', 'PAPPT1', 'MN6PP', 'RRPPDIMAS', 'RPPDIMAS', 'RPI', 'RPE', 'UDPGALM', 'UDPG4E', 'RNDR3', 'UDCPDPS', 'MMM2', 'UDCPDP', 'RNDR2', 'UAPGR', 'UAMRH', 'MME', 'UAMAS', 'RNDR1', 'UAMAGS', 'UAGPT3', 'UAGPT2', 'MI1PS', 'MI1PP', 'UAGPT1', 'UAGDP', 'RBK_Dr', 'UAGCVT', 'UAAGLS2', 'UAAGLS1', 'UAAGDS', 'TYRTA', 'METS', 'METAT', 'MEPCT', 'TRPS1', 'MECDPS', 'MECDPDH', 'TRESULT', 'TRE6PP', 'MCOATA', 'TRDR', 'TPI', 'MCBTS3', 'MCBTS', 'MANAT3', 'MANAT2', 'MANAT1', 'TMHAS4', 'TMHAS3', 'TMHAS2', 'MAN6PI', 'MAN1PT2', 'TMHAS1', 'TMDS', 'BIOMASS_Mtb_9_60atp', 'TKT2', 'TKT1', 'INSH', 'VALTA', 'URIDK2r', 'IMPD', 'UGMDDS2', 'IMPC', 'UGMDDS', 'UGMAS', 'UGMAGS', 'UGLDDS2', 'LDH_L', 'UGLDDS1', 'UGGPT3', 'UGAGDS', 'IGPS', 'KARA1', 'IGPDH', 'IG3PS', 'HSTPT', 'GLUR', 'GLUPRT', 'GLUDxi', 'GLU5K', 'GLNS', 'EX_h_e', 'GK1', 'GHMT2r', 'GFUCS', 'GF6PTA', 'EX_h2_e', 'GARFT', 'GAPD', 'GALUi', 'GALT', 'GALKr', 'GALFT', 'EX_fe3_e', 'G5SD', 'G3PAT190', 'G3PAT160', 'G1PTT', 'G1PACT', 'G16MTM9', 'G16MTM8', 'G16MTM7', 'G16MTM6', 'G16MTM5', 'G16MTM4', 'G16MTM10', 'G16MTM1', 'HISTP', 'FUM', 'HISTD', 'FRRPPDIMAS', 'ORPT', 'HCO3E', 'HAS', 'OMPDC', 'H2td', 'OCOAT1', 'OCBT', 'O16RHAT', 'NH4t', 'NDPK4', 'NDPK3', 'NDPK2', 'MYC1CYC4', 'MYC1CYC3', 'MYC1CYC2', 'MYC1CYC1', 'MTHFR2', 'MYCSacp58', 'MYCSacp56', 'MYCSacp50', 'MYCON5', 'GRTT', 'ENO', 'MYCON4', 'MYCON3', 'MYCON2', 'MYCON1', 'DXPS', 'DXPRIi', 'MYC2CYC3', 'MYC2CYC2', 'MYC2CYC1', 'GMT2', 'MYC1M2', 'MYC1M1', 'MYC1CYC5', 'GMT1', 'GMPS2', 'DMPPS', 'DMATT', 'GMAND', 'CYTK2', 'DHQS', 'DHQTi', 'CYTK1', 'DHORTS', 'CYSTL', 'CYSS', 'DHFR', 'DHAD1', 'DGK1', 'ATPPRT', 'CTPS1', 'DDPA', 'DCPT2', 'DCPDPP2', 'ASPTA', 'DASYN190190', 'DASYN160190', 'DASYN160', 'CMCBTFL', 'CLPNS160190', 'DADK', 'CHRPL', 'CHORS', 'CHORM', 'ASPCT', 'CDPPT160190', 'CDPMEK', 'ASNS1', 'CBPS', 'ARI', 'BDH', 'FHL', 'ATPS4r', 'ARGDr', 'FAMPL5', 'FAMPL4', 'FBA', 'FASm340', 'FAMPL3', 'FAMPL2', 'FAMPL1', 'FASm320', 'FASm300', 'FACOALPREPH', 'FASm2802', 'FASm2801', 'FASm280', 'FACOAL80', 'FACOAL200', 'FASm2602', 'ARACHTA', 'FASm2601', 'FASm260', 'FACOAL181', 'FASm2402', 'ARABDI', 'FASm2401', 'FASm240', 'FACOAL160', 'FASm2202', 'ARABF', 'FASm2201', 'FASm220', 'FASm2002', 'FASm2001', 'FASm1801', 'FASm180', 'FASm1601', 'FASPHDCA', 'FAS80_L', 'FAS260', 'FAS240_L', 'FAS200', 'FAS181', 'FAS161', 'ANS', 'FAS160', 'FAS140', 'FAS120', 'FAS100', 'ANPRT', 'EX_pi_e', 'ACONT', 'ACLS', 'EX_nh4_e', 'ACGAMT', 'ADK3', 'ACChex', 'ACCOAC', 'ACCC', 'ACACT1r', 'AACPS3', 'AACPS11', 'AACPS10', 'ALAR', 'ALAALAr', 'AIRCr', 'AHCi', 'AGPAT190', 'AGPAT160190', 'AGPAT160', 'AFTA', 'AFE', 'ADSS', 'ADSL2r', 'ADSL1r', 'ADPT']",GLCabc,FBP,25.276686008703283,1,373,331,-197.0,-5.373154350821311,iNJ661,PSL,False,False,0.0,0.0,0.0,0.0
23,"['ORNTAC', 'CS', 'ACODA', 'ACGS']","[-0.006011353339999914, -0.00601135317380197, 0.006011353364799999, 0.006011353364799999]","[0.006011353339999914, 0.00601135317380197, 0.006011353364799999, 0.006011353364799999]","['ORNTAC', 'CS']","['ACODA', 'ACGS']",[],ORNTAC,ACODA,0.030056766891782823,1,4,0,-0.0,-2.157981137534959e-10,iNJ661,PSL,True,False,-4.27470694843214,0.0,0.0001271705184405,-0.0003391038626432
24,"['ORNTAC', 'CS', 'ACODA', 'ACGS']","[-0.006011353339999914, -0.006011353115026822, 0.006011353364799999, 0.006011353364799999]","[0.006011353339999914, 0.006011353115026822, 0.006011353364799999, 0.006011353364799999]","['ORNTAC', 'CS']","['ACODA', 'ACGS']",[],ORNTAC,ACGS,0.030056766658952225,1,4,0,-0.0,-2.745732616965535e-10,iNJ661,PSL,True,False,-4.27470694843214,0.0,0.0001271705184405,1.43460929393768e-05
25,"['IPDPS', 'IPDDI', 'DMPPS']","[0.0002351305005, 0.00023513054475188255, -0.00023513050050000018]","[0.0002351305005, 0.00023513054475188255, 0.00023513050050000018]",['DMPPS'],['IPDDI'],['IPDPS'],DMPPS,IPDDI,0.0007053915015000005,1,3,1,1.0,0.0002351305447518824,iNJ661,PSL,False,True,0.0,-0.0024750956799835,0.0,5.81200799154019e-05
26,"['THRt2r', 'PTPATi', 'SOTA', 'PHTHS2', 'PHTHS', 'PHTHDLS2', 'PHTHDLS', 'PREPTTA', 'PHDCAt', 'PREPTHS2', 'PREPTHS', 'PREPPACPH', 'PPNCL', 'SGSAD', 'PPDIMAT', 'PPDIMAS', 'PDIMAT', 'PDIMAS', 'SGDS', 'PPCDC', 'SERD_L', 'PNTK', 'PDH', 'PC', 'MOHMT', 'PANTS', 'SADH', 'MMSAD3', 'MCD', 'INSK', 'MALT', 'MALS', 'LEUt2r', 'ICL', 'EX_leu__L_e', 'EX_h2s_e', 'EX_cytd_e', 'EX_coa_e', 'EX_cit_e', 'EX_asn__L_e', 'EX_arg__L_e', 'HEX1', 'EX_ala__L_e', 'NTD4', 'H2St1', 'NTPP4', 'NTPP3', 'NDPK7', 'NTD7', 'MTI', 'DPR', 'DPCOAK', 'CYTK2', 'CYTDt2', 'AST', 'DCTPD2', 'COAt', 'CITabc', 'CITL_copy1', 'ASNt2r', 'ARGt5r', 'FACOALPREPH', 'FACOAL200', 'ARACHTA', 'APATr', 'EX_thr__L_e', 'EX_ppdima_e', 'ACONT', 'EX_phdca_e', 'EX_pdima_e', 'ADA', 'ACS', 'ALAt2r']","[-1.7910497263073921e-06, 3.521674650234657e-06, -2.6057684074281065e-06, -4.359372697586799e-06, 4.863912152357543e-06, -4.359372697586799e-06, 4.863912152357543e-06, -4.8639485612511635e-06, -5.116220563650131e-06, -4.359372697586799e-06, 4.863912152357543e-06, -4.359372697586799e-06, 3.521674650234657e-06, -2.6057684074281065e-06, -4.34430578802447e-06, -4.359372697586799e-06, 4.866754769019957e-06, 4.863912152357543e-06, -2.6057684074281065e-06, 3.521674650234657e-06, -1.7415407696748982e-06, 3.521674650234657e-06, -1.2898817658424377e-06, 1.8586599193071152e-06, 3.521674650234657e-06, 3.521674650234657e-06, -2.6057684074281065e-06, -3.521674650234657e-06, 4.633180076207832e-06, -1.0861549526453018e-06, 1.1987304052881158e-06, 1.8560066715818564e-06, -2.1314481273293495e-06, 1.8560066715818564e-06, 2.131504346140206e-06, -2.7161521967780135e-06, 4.120056126349914e-06, 3.5216639335971557e-06, 2.8413386633507898e-06, 1.030377149934935e-06, 3.859601843403393e-06, -5.057643483463714e-06, 1.1393420248397013e-06, 4.120056126349914e-06, -2.7161521967780135e-06, -2.0740322120727656e-06, 0.00033257664885, 0.00033264607191085815, -1.7269708071860138e-06, 1.1987285688519478e-06, 3.521674650234657e-06, 3.521674650234657e-06, 0.00033264607191085815, -4.12005465477705e-06, -2.6057684074281065e-06, -1.5070250126126249e-06, -3.521679900586605e-06, -2.841338663401964e-06, -4.529720172286034e-06, -1.0303920134902e-06, -3.859633579850197e-06, -4.8639485612511635e-06, 4.8639485612511635e-06, 4.8639485612511635e-06, -3.521679900586605e-06, 1.791055814400963e-06, -4.34430578802447e-06, 1.6883714124560356e-06, 5.116203765182024e-06, 4.866754769019957e-06, -1.3123460213544224e-06, -1.6004778444766998e-06, -1.139356754720211e-06]","[1.7910497263073921e-06, 3.521674650234657e-06, 2.6057684074281065e-06, 4.359372697586799e-06, 4.863912152357543e-06, 4.359372697586799e-06, 4.863912152357543e-06, 4.8639485612511635e-06, 5.116220563650131e-06, 4.359372697586799e-06, 4.863912152357543e-06, 4.359372697586799e-06, 3.521674650234657e-06, 2.6057684074281065e-06, 4.34430578802447e-06, 4.359372697586799e-06, 4.866754769019957e-06, 4.863912152357543e-06, 2.6057684074281065e-06, 3.521674650234657e-06, 1.7415407696748982e-06, 3.521674650234657e-06, 1.2898817658424377e-06, 1.8586599193071152e-06, 3.521674650234657e-06, 3.521674650234657e-06, 2.6057684074281065e-06, 3.521674650234657e-06, 4.633180076207832e-06, 1.0861549526453018e-06, 1.1987304052881158e-06, 1.8560066715818564e-06, 2.1314481273293495e-06, 1.8560066715818564e-06, 2.131504346140206e-06, 2.7161521967780135e-06, 4.120056126349914e-06, 3.5216639335971557e-06, 2.8413386633507898e-06, 1.030377149934935e-06, 3.859601843403393e-06, 5.057643483463714e-06, 1.1393420248397013e-06, 4.120056126349914e-06, 2.7161521967780135e-06, 2.0740322120727656e-06, 0.00033257664885, 0.00033264607191085815, 1.7269708071860138e-06, 1.1987285688519478e-06, 3.521674650234657e-06, 3.521674650234657e-06, 0.00033264607191085815, 4.12005465477705e-06, 2.6057684074281065e-06, 1.5070250126126249e-06, 3.521679900586605e-06, 2.841338663401964e-06, 4.529720172286034e-06, 1.0303920134902e-06, 3.859633579850197e-06, 4.8639485612511635e-06, 4.8639485612511635e-06, 4.8639485612511635e-06, 3.521679900586605e-06, 1.791055814400963e-06, 4.34430578802447e-06, 1.6883714124560356e-06, 5.116203765182024e-06, 4.866754769019957e-06, 1.3123460213544224e-06, 1.6004778444766998e-06, 1.139356754720211e-06]","['SOTA', 'SGSAD', 'PPDIMAT', 'SGDS', 'SERD_L', 'PDH', 'SADH', 'MMSAD3', 'INSK', 'EX_h2s_e', 'EX_cit_e', 'HEX1', 'H2St1', 'NTPP4', 'NTD7', 'CYTK2', 'AST', 'DCTPD2', 'CITabc', 'APATr', 'EX_ppdima_e', 'ADA', 'ACS']","['THRt2r', 'PTPATi', 'PHDCAt', 'PPNCL', 'PDIMAT', 'PPCDC', 'PNTK', 'PC', 'MOHMT', 'PANTS', 'MCD', 'MALT', 'MALS', 'LEUt2r', 'ICL', 'EX_leu__L_e', 'EX_cytd_e', 'EX_coa_e', 'EX_asn__L_e', 'EX_arg__L_e', 'EX_ala__L_e', 'NTD4', 'NTPP3', 'MTI', 'DPR', 'DPCOAK', 'CYTDt2', 'COAt', 'ASNt2r', 'ARGt5r', 'EX_thr__L_e', 'EX_phdca_e', 'EX_pdima_e', 'ALAt2r']","['PHTHS2', 'PHTHS', 'PHTHDLS2', 'PHTHDLS', 'PREPTTA', 'PREPTHS2', 'PREPTHS', 'PREPPACPH', 'PPDIMAS', 'PDIMAS', 'NDPK7', 'CITL_copy1', 'FACOALPREPH', 'FACOAL200', 'ARACHTA', 'ACONT']",CYTK2,NTPP3,0.0017235243480150212,1,73,16,1.0,-0.0009957252884686585,iNJ661,PSL,True,False,-0.0005420574452728,0.0,0.0,-0.0207920644897968
27,"['THRt2r', 'PTPATi', 'SOTA', 'PIabc', 'PHTHS2', 'PHTHS', 'PHTHDLS2', 'PHTHDLS', 'PREPTTA', 'PHDCAt', 'PREPTHS2', 'PREPTHS', 'PREPPACPH', 'PPNCL', 'SGSAD', 'PPDIMAT', 'PPDIMAS', 'PDIMAT', 'PDIMAS', 'SGDS', 'PPCDC', 'SERD_L', 'PNTK', 'PC', 'MOHMT', 'PANTS', 'SADH', 'MMSAD3', 'MCD', 'INSK', 'MALS', 'LEUt2r', 'EX_leu__L_e', 'EX_his__L_e', 'EX_h2s_e', 'EX_gly_e', 'EX_cytd_e', 'EX_coa_e', 'EX_cit_e', 'HISt2r', 'EX_asn__L_e', 'EX_arg__L_e', 'HEX1', 'EX_ala__L_e', 'NTD4', 'H2St1', 'NTPP4', 'NTPP3', 'NDPK7', 'DPR', 'DPCOAK', 'CYTK2', 'GLYt2r', 'CYTDt2', 'CYTDK2', 'AST', 'DCTPD2', 'COAt', 'CITabc', 'ASNt2r', 'ADNK3', 'ARGt5r', 'FACOALPREPH', 'FACOAL200', 'ARACHTA', 'APATr', 'EX_thr__L_e', 'EX_ppdima_e', 'EX_phdca_e', 'EX_pdima_e', 'ADA', 'ACS', 'ALAt2r']","[-1.4175893738865852e-06, 3.3827343194139936e-06, -2.629282127419169e-06, -1.3096723705530167e-06, -4.63334368147066e-06, 5.076590539527757e-06, -4.63334368147066e-06, 5.076590539527757e-06, -5.076639354228973e-06, -5.488749593496323e-06, -4.63334368147066e-06, 5.076590539527757e-06, -4.63334368147066e-06, 3.3827343194139936e-06, -2.629282127419169e-06, -4.6183834439681145e-06, -4.63334368147066e-06, 5.079413030777374e-06, 5.076590539527757e-06, -2.629282127419169e-06, 3.3827343194139936e-06, -1.2656990221460163e-06, 3.3827343194139936e-06, 2.435582527891226e-06, 3.3827343194139936e-06, 3.3827343194139936e-06, -2.629282127419169e-06, -3.434251993894577e-06, 2.718332494211495e-06, -1.1828602005554967e-06, 1.4782156289028237e-06, -2.116430550813675e-06, 2.1164135301978554e-06, 1.0981405757842441e-06, -3.076558558053402e-06, 1.1425761913264054e-06, 4.090726451048618e-06, 3.382654373602738e-06, 2.8954233627365156e-06, -1.098145730793476e-06, 1.2867791436411806e-06, 3.874238560803121e-06, -6.756410937946988e-06, 1.1937049080494935e-06, 1.7718647624259676e-06, -3.076558558053402e-06, -1.601777557355688e-06, 0.00033257664885, 0.0003325766883790493, 3.3827343194139936e-06, 3.3827343194139936e-06, 0.000332645489834249, -1.1426163837313652e-06, -4.0907179936766624e-06, -2.3188616886226504e-06, -2.629282127419169e-06, -1.427307913397062e-06, -3.382563591003418e-06, -2.895423362715699e-06, -1.2867385521531105e-06, 1.0700168343626137e-06, -3.874185495078564e-06, -5.076639354228973e-06, 5.076639354228973e-06, 5.076639354228973e-06, -3.434251993894577e-06, 1.4175936454193655e-06, -4.6183834439681145e-06, 5.488721366136095e-06, 5.079413030777374e-06, -1.4074498614182265e-06, -1.218391858836057e-06, -1.1937227100133896e-06]","[1.4175893738865852e-06, 3.3827343194139936e-06, 2.629282127419169e-06, 1.3096723705530167e-06, 4.63334368147066e-06, 5.076590539527757e-06, 4.63334368147066e-06, 5.076590539527757e-06, 5.076639354228973e-06, 5.488749593496323e-06, 4.63334368147066e-06, 5.076590539527757e-06, 4.63334368147066e-06, 3.3827343194139936e-06, 2.629282127419169e-06, 4.6183834439681145e-06, 4.63334368147066e-06, 5.079413030777374e-06, 5.076590539527757e-06, 2.629282127419169e-06, 3.3827343194139936e-06, 1.2656990221460163e-06, 3.3827343194139936e-06, 2.435582527891226e-06, 3.3827343194139936e-06, 3.3827343194139936e-06, 2.629282127419169e-06, 3.434251993894577e-06, 2.718332494211495e-06, 1.1828602005554967e-06, 1.4782156289028237e-06, 2.116430550813675e-06, 2.1164135301978554e-06, 1.0981405757842441e-06, 3.076558558053402e-06, 1.1425761913264054e-06, 4.090726451048618e-06, 3.382654373602738e-06, 2.8954233627365156e-06, 1.098145730793476e-06, 1.2867791436411806e-06, 3.874238560803121e-06, 6.756410937946988e-06, 1.1937049080494935e-06, 1.7718647624259676e-06, 3.076558558053402e-06, 1.601777557355688e-06, 0.00033257664885, 0.0003325766883790493, 3.3827343194139936e-06, 3.3827343194139936e-06, 0.000332645489834249, 1.1426163837313652e-06, 4.0907179936766624e-06, 2.3188616886226504e-06, 2.629282127419169e-06, 1.427307913397062e-06, 3.382563591003418e-06, 2.895423362715699e-06, 1.2867385521531105e-06, 1.0700168343626137e-06, 3.874185495078564e-06, 5.076639354228973e-06, 5.076639354228973e-06, 5.076639354228973e-06, 3.434251993894577e-06, 1.4175936454193655e-06, 4.6183834439681145e-06, 5.488721366136095e-06, 5.079413030777374e-06, 1.4074498614182265e-06, 1.218391858836057e-06, 1.1937227100133896e-06]","['SOTA', 'PIabc', 'SGSAD', 'PPDIMAT', 'SGDS', 'SERD_L', 'SADH', 'MMSAD3', 'INSK', 'EX_h2s_e', 'EX_cit_e', 'HEX1', 'H2St1', 'NTPP4', 'CYTK2', 'CYTDK2', 'AST', 'DCTPD2', 'CITabc', 'APATr', 'EX_ppdima_e', 'ADA', 'ACS']","['THRt2r', 'PTPATi', 'PHDCAt', 'PPNCL', 'PDIMAT', 'PPCDC', 'PNTK', 'PC', 'MOHMT', 'PANTS', 'MCD', 'MALS', 'LEUt2r', 'EX_leu__L_e', 'EX_his__L_e', 'EX_gly_e', 'EX_cytd_e', 'HISt2r', 'EX_asn__L_e', 'EX_arg__L_e', 'EX_ala__L_e', 'NTPP3', 'NDPK7', 'DPR', 'DPCOAK', 'GLYt2r', 'CYTDt2', 'ASNt2r', 'ADNK3', 'ARGt5r', 'EX_thr__L_e', 'EX_phdca_e', 'EX_pdima_e', 'ALAt2r']","['PHTHS2', 'PHTHS', 'PHTHDLS2', 'PHTHDLS', 'PREPTTA', 'PREPTHS2', 'PREPTHS', 'PREPPACPH', 'PPDIMAS', 'PDIMAS', 'EX_coa_e', 'NTD4', 'COAt', 'FACOALPREPH', 'FACOAL200', 'ARACHTA']",CYTK2,NDPK7,0.001719666040549112,1,73,16,3.0,-0.000987740042410341,iNJ661,PSL,True,False,-0.0005420574452728,0.0,0.0,0.0
28,"['THRt2r', 'PTPATi', 'SOTA', 'PIabc', 'PHTHS2', 'PHTHS', 'PHTHDLS2', 'PHTHDLS', 'PROabc', 'PHDCAt', 'PREPTHS2', 'PREPTHS', 'PREPPACPH', 'PHDCATA', 'PREPHACPH', 'PPNCL3', 'PPNCL2', 'SGSAD', 'PPDIMAT', 'PPDIMAS', 'PDIMAT', 'PDIMAS', 'SGDS', 'PPCDC', 'SERD_L', 'PNTK', 'PDH', 'PC', 'MOHMT', 'PANTS', 'SADH', 'P5CD', 'MMSAD3', 'RBK', 'TRPt2r', 'MCD', 'INSK', 'MALT', 'MALS', 'LYSt5r', 'LEUt2r', 'ILEt2r', 'EX_lys__L_e', 'HSST', 'EX_leu__L_e', 'GLUSy', 'EX_ile__L_e', 'GLNS', 'EX_his__L_e', 'EX_h2s_e', 'EX_gly_e', 'EX_cytd_e', 'EX_coa_e', 'G16MTM2', 'EX_cit_e', 'HISt2r', 'EX_asn__L_e', 'EX_arg__L_e', 'HEX1', 'EX_ala__L_e', 'EX_ala__D_e', 'NTD4', 'H2St1', 'NTPP8', 'NTPP2', 'NTD7', 'MTI', 'DPR', 'DPCOAK', 'GLYt2r', 'CYTDt2', 'CYTDK2', 'CTPS2', 'CTPS1', 'AST', 'DCPT2', 'DCPDPP2', 'COAt', 'DALAt2r', 'CITabc', 'ASNt2r', 'ASNN', 'ARI', 'FRD', 'ARGt5r', 'FAO3', 'FAO11', 'FAO10', 'FACOALPHDCA', 'FASm280', 'FACOAL200', 'ARACHTA', 'FASm260', 'FASm240', 'EX_trp__L_e', 'APATr', 'FAS200', 'EX_thr__L_e', 'EX_pro__L_e', 'EX_ppdima_e', 'EX_phdca_e', 'EX_pdima_e', 'ACGAMPM', 'ADA', 'ALAt2r', 'AGDC']","[-2.7916161343455315e-05, 7.33784310436806e-05, -4.9034189814221515e-05, -5.50784170627594e-06, -8.127534726936269e-05, 9.165907571095732e-05, -8.127534726936269e-05, 9.165907571095732e-05, -1.771319730451207e-05, -9.943847544491291e-05, -8.127534726936269e-05, 9.165907571095732e-05, -8.127534726936269e-05, -9.812472853809595e-05, 9.165907571095732e-05, 2.3920823320856127e-05, 4.94576077228262e-05, -4.9034189814221515e-05, -8.098074090425913e-05, -8.127534726936269e-05, 9.171465797610816e-05, 9.165907571095732e-05, -4.9034189814221515e-05, 7.33784310436806e-05, -3.229560396971051e-05, 7.337843104368103e-05, -1.3349741044832442e-05, 2.4393197799572885e-05, 7.337843104368103e-05, 7.337843104368103e-05, -4.9034189814221515e-05, 1.0390254665567158e-05, -7.337843104368103e-05, 4.422760241288562e-06, -4.097237251698971e-06, 8.459005039185286e-05, -2.190438875403211e-05, 7.67971810069568e-06, 3.969068122455788e-05, -1.762527972459793e-05, -4.1677732951939106e-05, -1.7861835658550262e-05, 1.7625278797960692e-05, -7.1033136919140816e-06, 4.1677740549335776e-05, -9.130748637359992e-06, 1.7861859721423484e-05, 0.012674955885281697, 8.269541625024763e-06, -6.0246357409138654e-05, 1.574783518859535e-05, 8.055619047178924e-05, 7.337885779231223e-05, -1.0806984008083598e-06, 5.307811066024293e-05, -8.269562385976315e-06, 2.545282262361899e-05, 7.355065150068361e-05, -0.00013480644507524175, 1.775938682967767e-05, 1.697152548880629e-05, 5.674310995688794e-05, -6.0246357409138654e-05, -5.9525747569053045e-06, 1.3557593539898199e-06, -1.559592821886134e-05, 7.679685950279236e-06, 7.337843104368103e-05, 7.33784310436806e-05, -1.5747849829494953e-05, -8.055614307522774e-05, -2.3813080514901303e-05, 0.012902623244071789, -0.012874516759294392, -4.9034189814221515e-05, -1.1459922925075462e-05, -1.1459922925075462e-05, -7.337890565395355e-05, -1.6971491277217865e-05, -5.3078110660249866e-05, -2.5452813133597374e-05, -9.372702908521042e-05, 1.1459924280643463e-05, 1.585640547149261e-05, -7.355061825364828e-05, -3.070769144478125e-06, 4.0646312874069186e-06, 2.290681557553728e-06, -9.812472853809595e-05, 2.0767456883189254e-05, 9.165913797914982e-05, 9.165913797914982e-05, 2.0767456883189254e-05, 2.0767456883189254e-05, 4.097206973976367e-06, -7.337843999266624e-05, 0.00010763872106562189, 2.7916141772500215e-05, 1.771319730451207e-05, -8.098074090425913e-05, 9.943853209123829e-05, 9.171465797610816e-05, -3.097287844866514e-05, -2.190438875403211e-05, -1.775939017534256e-05, 3.0972849786793655e-05]","[2.7916161343455315e-05, 7.33784310436806e-05, 4.9034189814221515e-05, 5.50784170627594e-06, 8.127534726936269e-05, 9.165907571095732e-05, 8.127534726936269e-05, 9.165907571095732e-05, 1.771319730451207e-05, 9.943847544491291e-05, 8.127534726936269e-05, 9.165907571095732e-05, 8.127534726936269e-05, 9.812472853809595e-05, 9.165907571095732e-05, 2.3920823320856127e-05, 4.94576077228262e-05, 4.9034189814221515e-05, 8.098074090425913e-05, 8.127534726936269e-05, 9.171465797610816e-05, 9.165907571095732e-05, 4.9034189814221515e-05, 7.33784310436806e-05, 3.229560396971051e-05, 7.337843104368103e-05, 1.3349741044832442e-05, 2.4393197799572885e-05, 7.337843104368103e-05, 7.337843104368103e-05, 4.9034189814221515e-05, 1.0390254665567158e-05, 7.337843104368103e-05, 4.422760241288562e-06, 4.097237251698971e-06, 8.459005039185286e-05, 2.190438875403211e-05, 7.67971810069568e-06, 3.969068122455788e-05, 1.762527972459793e-05, 4.1677732951939106e-05, 1.7861835658550262e-05, 1.7625278797960692e-05, 7.1033136919140816e-06, 4.1677740549335776e-05, 9.130748637359992e-06, 1.7861859721423484e-05, 0.012674955885281697, 8.269541625024763e-06, 6.0246357409138654e-05, 1.574783518859535e-05, 8.055619047178924e-05, 7.337885779231223e-05, 1.0806984008083598e-06, 5.307811066024293e-05, 8.269562385976315e-06, 2.545282262361899e-05, 7.355065150068361e-05, 0.00013480644507524175, 1.775938682967767e-05, 1.697152548880629e-05, 5.674310995688794e-05, 6.0246357409138654e-05, 5.9525747569053045e-06, 1.3557593539898199e-06, 1.559592821886134e-05, 7.679685950279236e-06, 7.337843104368103e-05, 7.33784310436806e-05, 1.5747849829494953e-05, 8.055614307522774e-05, 2.3813080514901303e-05, 0.012902623244071789, 0.012874516759294392, 4.9034189814221515e-05, 1.1459922925075462e-05, 1.1459922925075462e-05, 7.337890565395355e-05, 1.6971491277217865e-05, 5.3078110660249866e-05, 2.5452813133597374e-05, 9.372702908521042e-05, 1.1459924280643463e-05, 1.585640547149261e-05, 7.355061825364828e-05, 3.070769144478125e-06, 4.0646312874069186e-06, 2.290681557553728e-06, 9.812472853809595e-05, 2.0767456883189254e-05, 9.165913797914982e-05, 9.165913797914982e-05, 2.0767456883189254e-05, 2.0767456883189254e-05, 4.097206973976367e-06, 7.337843999266624e-05, 0.00010763872106562189, 2.7916141772500215e-05, 1.771319730451207e-05, 8.098074090425913e-05, 9.943853209123829e-05, 9.171465797610816e-05, 3.097287844866514e-05, 2.190438875403211e-05, 1.775939017534256e-05, 3.0972849786793655e-05]","['SOTA', 'PIabc', 'PROabc', 'SGSAD', 'PPDIMAT', 'SGDS', 'SERD_L', 'PDH', 'SADH', 'MMSAD3', 'INSK', 'HSST', 'GLUSy', 'EX_h2s_e', 'G16MTM2', 'EX_cit_e', 'HEX1', 'H2St1', 'NTPP8', 'NTD7', 'CYTDK2', 'CTPS1', 'AST', 'DCPT2', 'DCPDPP2', 'CITabc', 'ASNN', 'ARI', 'FAO3', 'APATr', 'EX_ppdima_e', 'ADA']","['THRt2r', 'PTPATi', 'PHDCAt', 'PREPHACPH', 'PPNCL3', 'PPNCL2', 'PDIMAT', 'PPCDC', 'PNTK', 'PC', 'MOHMT', 'PANTS', 'P5CD', 'RBK', 'TRPt2r', 'MCD', 'MALT', 'MALS', 'LYSt5r', 'LEUt2r', 'ILEt2r', 'EX_lys__L_e', 'EX_leu__L_e', 'EX_ile__L_e', 'EX_his__L_e', 'EX_gly_e', 'EX_cytd_e', 'HISt2r', 'EX_asn__L_e', 'EX_arg__L_e', 'EX_ala__L_e', 'EX_ala__D_e', 'NTPP2', 'MTI', 'DPR', 'DPCOAK', 'GLYt2r', 'CYTDt2', 'CTPS2', 'DALAt2r', 'ASNt2r', 'ARGt5r', 'FAO11', 'FAO10', 'EX_trp__L_e', 'EX_thr__L_e', 'EX_pro__L_e', 'EX_phdca_e', 'EX_pdima_e', 'ACGAMPM', 'ALAt2r', 'AGDC']","['PHTHS2', 'PHTHS', 'PHTHDLS2', 'PHTHDLS', 'PREPTHS2', 'PREPTHS', 'PREPPACPH', 'PHDCATA', 'PPDIMAS', 'PDIMAS', 'GLNS', 'EX_coa_e', 'NTD4', 'COAt', 'FRD', 'FACOALPHDCA', 'FASm280', 'FACOAL200', 'ARACHTA', 'FASm260', 'FASm240', 'FAS200']",CTPS1,CTPS2,0.046455448037819494,1,106,22,2.0,0.012866520179714305,iNJ661,PSL,False,False,0.0,0.0,0.0,0.0
29,"['DCPT2', 'DCPT', 'DCPE', 'DCPDPP2', 'DCPDPP', 'ARI']","[0.0028099342848499995, -0.0028099342848499995, -0.0028099343180656433, 0.0028099342848499995, -0.0028099342848499995, -0.0028099343180656433]","[0.0028099342848499995, 0.0028099342848499995, 0.0028099343180656433, 0.0028099342848499995, 0.0028099342848499995, 0.0028099343180656433]","['DCPT', 'DCPE', 'DCPDPP']","['DCPT2', 'DCPDPP2', 'ARI']",[],DCPT,DCPT2,0.016859605709099997,1,6,0,-2.0,-0.005619868636131287,iNJ661,PSL,False,False,0.0,0.0,-1.0,1.99671931592304
30,"['DCPT2', 'DCPT', 'DCPE', 'DCPDPP2', 'DCPDPP', 'ARI']","[0.0028099342848499995, -0.0028099342848499995, -0.0028099343180656433, 0.0028099342848499995, -0.0028099342848499995, -0.0028099343180656433]","[0.0028099342848499995, 0.0028099342848499995, 0.0028099343180656433, 0.0028099342848499995, 0.0028099342848499995, 0.0028099343180656433]","['DCPT', 'DCPE', 'DCPDPP']","['DCPT2', 'DCPDPP2', 'ARI']",[],DCPT,DCPDPP2,0.016859605709099997,1,6,0,-2.0,-0.005619868636131287,iNJ661,PSL,False,False,0.0,0.0,-1.0,0.0
31,"['DCPT2', 'DCPT', 'DCPE', 'DCPDPP2', 'DCPDPP', 'ARI']","[0.0028099342848499995, -0.0028099342848499995, -0.0028099343180656433, 0.0028099342848499995, -0.0028099342848499995, -0.0028099343180656433]","[0.0028099342848499995, 0.0028099342848499995, 0.0028099343180656433, 0.0028099342848499995, 0.0028099342848499995, 0.0028099343180656433]","['DCPT', 'DCPE', 'DCPDPP']","['DCPT2', 'DCPDPP2', 'ARI']",[],DCPT,ARI,0.016859605709099997,1,6,0,-2.0,-0.005619868636131287,iNJ661,PSL,False,True,0.0,-0.0029578706016764,-1.0,0.0003053143438593
32,"['DCPT2', 'DCPT', 'DCPE', 'DCPDPP2', 'DCPDPP', 'ARI']","[0.0028099342848499995, -0.0028099342848499995, -0.0028099343180656433, 0.0028099342848499995, -0.0028099342848499995, -0.0028099343180656433]","[0.0028099342848499995, 0.0028099342848499995, 0.0028099343180656433, 0.0028099342848499995, 0.0028099342848499995, 0.0028099343180656433]","['DCPT', 'DCPE', 'DCPDPP']","['DCPT2', 'DCPDPP2', 'ARI']",[],DCPE,DCPT2,0.016859605709099997,1,6,0,-2.0,-0.005619868636131287,iNJ661,PSL,False,False,0.0,0.0,0.0,1.99671931592304
33,"['DCPT2', 'DCPT', 'DCPE', 'DCPDPP2', 'DCPDPP', 'ARI']","[0.0028099342848499995, -0.0028099342848499995, -0.0028099343180656433, 0.0028099342848499995, -0.0028099342848499995, -0.0028099343180656433]","[0.0028099342848499995, 0.0028099342848499995, 0.0028099343180656433, 0.0028099342848499995, 0.0028099342848499995, 0.0028099343180656433]","['DCPT', 'DCPE', 'DCPDPP']","['DCPT2', 'DCPDPP2', 'ARI']",[],DCPE,DCPDPP2,0.016859605709099997,1,6,0,-2.0,-0.005619868636131287,iNJ661,PSL,False,False,0.0,0.0,0.0,0.0
34,"['DCPT2', 'DCPT', 'DCPE', 'DCPDPP2', 'DCPDPP', 'ARI']","[0.0028099342848499995, -0.0028099342848499995, -0.0028099343180656433, 0.0028099342848499995, -0.0028099342848499995, -0.0028099343180656433]","[0.0028099342848499995, 0.0028099342848499995, 0.0028099343180656433, 0.0028099342848499995, 0.0028099342848499995, 0.0028099343180656433]","['DCPT', 'DCPE', 'DCPDPP']","['DCPT2', 'DCPDPP2', 'ARI']",[],DCPE,ARI,0.016859605709099997,1,6,0,-2.0,-0.005619868636131287,iNJ661,PSL,False,True,0.0,-0.0029578706016764,0.0,0.0003053143438593
35,"['DCPT2', 'DCPT', 'DCPE', 'DCPDPP2', 'DCPDPP', 'ARI']","[0.0028099342848499995, -0.0028099342848499995, -0.0028099343180656433, 0.0028099342848499995, -0.0028099342848499995, -0.0028099343180656433]","[0.0028099342848499995, 0.0028099342848499995, 0.0028099343180656433, 0.0028099342848499995, 0.0028099342848499995, 0.0028099343180656433]","['DCPT', 'DCPE', 'DCPDPP']","['DCPT2', 'DCPDPP2', 'ARI']",[],DCPDPP,DCPT2,0.016859605709099997,1,6,0,-2.0,-0.005619868636131287,iNJ661,PSL,False,False,0.0,0.0,0.0,1.99671931592304
36,"['DCPT2', 'DCPT', 'DCPE', 'DCPDPP2', 'DCPDPP', 'ARI']","[0.0028099342848499995, -0.0028099342848499995, -0.0028099343180656433, 0.0028099342848499995, -0.0028099342848499995, -0.0028099343180656433]","[0.0028099342848499995, 0.0028099342848499995, 0.0028099343180656433, 0.0028099342848499995, 0.0028099342848499995, 0.0028099343180656433]","['DCPT', 'DCPE', 'DCPDPP']","['DCPT2', 'DCPDPP2', 'ARI']",[],DCPDPP,DCPDPP2,0.016859605709099997,1,6,0,-2.0,-0.005619868636131287,iNJ661,PSL,False,False,0.0,0.0,0.0,0.0
37,"['DCPT2', 'DCPT', 'DCPE', 'DCPDPP2', 'DCPDPP', 'ARI']","[0.0028099342848499995, -0.0028099342848499995, -0.0028099343180656433, 0.0028099342848499995, -0.0028099342848499995, -0.0028099343180656433]","[0.0028099342848499995, 0.0028099342848499995, 0.0028099343180656433, 0.0028099342848499995, 0.0028099342848499995, 0.0028099343180656433]","['DCPT', 'DCPE', 'DCPDPP']","['DCPT2', 'DCPDPP2', 'ARI']",[],DCPDPP,ARI,0.016859605709099997,1,6,0,-2.0,-0.005619868636131287,iNJ661,PSL,False,True,0.0,-0.0029578706016764,0.0,0.0003053143438593
38,"['PTPATi', 'SOTA', 'PHTHS', 'PHTHDLS', 'PREPTTA', 'PHDCAt', 'PREPTHS', 'PPNCL', 'SGSAD', 'PPDIMAT', 'PDIMAT', 'PDIMAS', 'SGDS', 'PPCDC', 'SERD_L', 'PNTK', 'MOHMT', 'PANTS', 'SADH', 'MMSAD3', 'MCD', 'URIK2', 'MALS', 'LEUt2r', 'GLYCL', 'EX_leu__L_e', 'EX_h2s_e', 'EX_cytd_e', 'EX_coa_e', 'EX_cit_e', 'EX_arg__L_e', 'HEX1', 'EX_ala__D_e', 'NTD4', 'H2St1', 'NTPP5', 'NTPP4', 'NDPK8', 'DPR', 'DPCOAK', 'CYTDt2', 'CYTD', 'AST', 'COAt', 'DALAt2r', 'CITabc', 'DADK', 'ARGt5r', 'FACOALPREPH', 'FACOAL200', 'ARACHTA', 'APATr', 'EX_ppdima_e', 'EX_phdca_e', 'EX_pdima_e', 'ACS']","[1.8313564900704175e-06, -1.8313564900691165e-06, 2.361554324591125e-06, 2.361554324591125e-06, -2.3616012185811996e-06, -2.413056790828705e-06, 2.361554324591125e-06, 1.8313564900704175e-06, -1.8313564900691165e-06, -2.0434006638176487e-06, 2.3630361064805484e-06, 2.361554324591125e-06, -1.8313564900691165e-06, 1.8313564900704175e-06, -1.0768554071505232e-06, 1.8313564900704175e-06, 1.8313564900704175e-06, 1.8313564900704175e-06, -1.8313564900691165e-06, -1.9350683643226674e-06, 3.5446561483798433e-06, -1.0524116431306907e-06, 1.3663852533119317e-06, -1.1110678315162659e-06, 2.1289535496113454e-06, 1.111097595077673e-06, -1.884340592256395e-06, 2.1474940196507947e-06, 1.8314767803923103e-06, 2.033726147265824e-06, 2.4849471420718833e-06, -2.6283701931584247e-06, 1.3107516976295155e-06, 1.095082376520104e-06, -1.884340592256395e-06, 0.00017431278299999997, -2.143038759409334e-06, 0.00017431273590773344, 1.8313564900704175e-06, 1.8313564900704175e-06, -2.1475134417414665e-06, -1.0524116431306907e-06, -1.8313564900691165e-06, -1.8314458429813385e-06, -1.310720108449459e-06, -2.0337261473213353e-06, 0.00017433171160519123, -2.4850014597177505e-06, -2.3616012185811996e-06, 2.3616012185811996e-06, 2.3616012185811996e-06, -1.9350554794073105e-06, -2.0434006638176487e-06, 2.4130049473221663e-06, 2.3630361064805484e-06, -1.4708702479360484e-06]","[1.8313564900704175e-06, 1.8313564900691165e-06, 2.361554324591125e-06, 2.361554324591125e-06, 2.3616012185811996e-06, 2.413056790828705e-06, 2.361554324591125e-06, 1.8313564900704175e-06, 1.8313564900691165e-06, 2.0434006638176487e-06, 2.3630361064805484e-06, 2.361554324591125e-06, 1.8313564900691165e-06, 1.8313564900704175e-06, 1.0768554071505232e-06, 1.8313564900704175e-06, 1.8313564900704175e-06, 1.8313564900704175e-06, 1.8313564900691165e-06, 1.9350683643226674e-06, 3.5446561483798433e-06, 1.0524116431306907e-06, 1.3663852533119317e-06, 1.1110678315162659e-06, 2.1289535496113454e-06, 1.111097595077673e-06, 1.884340592256395e-06, 2.1474940196507947e-06, 1.8314767803923103e-06, 2.033726147265824e-06, 2.4849471420718833e-06, 2.6283701931584247e-06, 1.3107516976295155e-06, 1.095082376520104e-06, 1.884340592256395e-06, 0.00017431278299999997, 2.143038759409334e-06, 0.00017431273590773344, 1.8313564900704175e-06, 1.8313564900704175e-06, 2.1475134417414665e-06, 1.0524116431306907e-06, 1.8313564900691165e-06, 1.8314458429813385e-06, 1.310720108449459e-06, 2.0337261473213353e-06, 0.00017433171160519123, 2.4850014597177505e-06, 2.3616012185811996e-06, 2.3616012185811996e-06, 2.3616012185811996e-06, 1.9350554794073105e-06, 2.0434006638176487e-06, 2.4130049473221663e-06, 2.3630361064805484e-06, 1.4708702479360484e-06]","['SOTA', 'SGSAD', 'PPDIMAT', 'SGDS', 'SERD_L', 'SADH', 'MMSAD3', 'URIK2', 'EX_h2s_e', 'EX_cit_e', 'HEX1', 'H2St1', 'NTPP4', 'CYTD', 'AST', 'CITabc', 'DADK', 'APATr', 'EX_ppdima_e', 'ACS']","['PTPATi', 'PHDCAt', 'PPNCL', 'PDIMAT', 'PPCDC', 'PNTK', 'MOHMT', 'PANTS', 'MCD', 'MALS', 'LEUt2r', 'GLYCL', 'EX_leu__L_e', 'EX_cytd_e', 'EX_arg__L_e', 'EX_ala__D_e', 'NTPP5', 'NDPK8', 'DPR', 'DPCOAK', 'CYTDt2', 'DALAt2r', 'ARGt5r', 'EX_phdca_e', 'EX_pdima_e']","['PHTHS', 'PHTHDLS', 'PREPTTA', 'PREPTHS', 'PDIMAS', 'EX_coa_e', 'NTD4', 'COAt', 'FACOALPREPH', 'FACOAL200', 'ARACHTA']",DADK,NTPP5,0.0008925989392365877,1,56,11,-4.0,-0.0005296090692793512,iNJ661,PSL,True,False,-0.0001835039583966,0.0,0.0021344152675622,0.0
39,"['PTPATi', 'SOTA', 'PHTHS', 'PHTHDLS', 'PREPTTA', 'PHDCAt', 'PREPTHS', 'PPNCL', 'SGSAD', 'PPDIMAT', 'PDIMAT', 'PDIMAS', 'SGDS', 'PPCDC', 'SERD_L', 'PNTK', 'MOHMT', 'PANTS', 'SADH', 'MMSAD3', 'MCD', 'URIK2', 'MALS', 'LEUt2r', 'GLYCL', 'EX_leu__L_e', 'EX_h2s_e', 'EX_cytd_e', 'EX_coa_e', 'EX_cit_e', 'EX_arg__L_e', 'HEX1', 'EX_ala__D_e', 'NTD4', 'H2St1', 'NTPP5', 'NTPP4', 'NDPK8', 'DPR', 'DPCOAK', 'CYTDt2', 'CYTD', 'AST', 'COAt', 'DALAt2r', 'CITabc', 'DADK', 'ARGt5r', 'FACOALPREPH', 'FACOAL200', 'ARACHTA', 'APATr', 'EX_ppdima_e', 'EX_phdca_e', 'EX_pdima_e', 'ACS']","[1.8313564900704175e-06, -1.8313564900691165e-06, 2.361554324591125e-06, 2.361554324591125e-06, -2.3616012185811996e-06, -2.413056790828705e-06, 2.361554324591125e-06, 1.8313564900704175e-06, -1.8313564900691165e-06, -2.0434006638176487e-06, 2.3630361064805484e-06, 2.361554324591125e-06, -1.8313564900691165e-06, 1.8313564900704175e-06, -1.0768554071505232e-06, 1.8313564900704175e-06, 1.8313564900704175e-06, 1.8313564900704175e-06, -1.8313564900691165e-06, -1.9350683643226674e-06, 3.5446561483798433e-06, -1.0524116431306907e-06, 1.3663852533119317e-06, -1.1110678315162659e-06, 2.1289535496113454e-06, 1.111097595077673e-06, -1.884340592256395e-06, 2.1474940196507947e-06, 1.8314767803923103e-06, 2.033726147265824e-06, 2.4849471420718833e-06, -2.6283701931584247e-06, 1.3107516976295155e-06, 1.095082376520104e-06, -1.884340592256395e-06, 0.00017431278299999997, -2.143038759409334e-06, 0.00017431273590773344, 1.8313564900704175e-06, 1.8313564900704175e-06, -2.1475134417414665e-06, -1.0524116431306907e-06, -1.8313564900691165e-06, -1.8314458429813385e-06, -1.310720108449459e-06, -2.0337261473213353e-06, 0.00017433171160519123, -2.4850014597177505e-06, -2.3616012185811996e-06, 2.3616012185811996e-06, 2.3616012185811996e-06, -1.9350554794073105e-06, -2.0434006638176487e-06, 2.4130049473221663e-06, 2.3630361064805484e-06, -1.4708702479360484e-06]","[1.8313564900704175e-06, 1.8313564900691165e-06, 2.361554324591125e-06, 2.361554324591125e-06, 2.3616012185811996e-06, 2.413056790828705e-06, 2.361554324591125e-06, 1.8313564900704175e-06, 1.8313564900691165e-06, 2.0434006638176487e-06, 2.3630361064805484e-06, 2.361554324591125e-06, 1.8313564900691165e-06, 1.8313564900704175e-06, 1.0768554071505232e-06, 1.8313564900704175e-06, 1.8313564900704175e-06, 1.8313564900704175e-06, 1.8313564900691165e-06, 1.9350683643226674e-06, 3.5446561483798433e-06, 1.0524116431306907e-06, 1.3663852533119317e-06, 1.1110678315162659e-06, 2.1289535496113454e-06, 1.111097595077673e-06, 1.884340592256395e-06, 2.1474940196507947e-06, 1.8314767803923103e-06, 2.033726147265824e-06, 2.4849471420718833e-06, 2.6283701931584247e-06, 1.3107516976295155e-06, 1.095082376520104e-06, 1.884340592256395e-06, 0.00017431278299999997, 2.143038759409334e-06, 0.00017431273590773344, 1.8313564900704175e-06, 1.8313564900704175e-06, 2.1475134417414665e-06, 1.0524116431306907e-06, 1.8313564900691165e-06, 1.8314458429813385e-06, 1.310720108449459e-06, 2.0337261473213353e-06, 0.00017433171160519123, 2.4850014597177505e-06, 2.3616012185811996e-06, 2.3616012185811996e-06, 2.3616012185811996e-06, 1.9350554794073105e-06, 2.0434006638176487e-06, 2.4130049473221663e-06, 2.3630361064805484e-06, 1.4708702479360484e-06]","['SOTA', 'SGSAD', 'PPDIMAT', 'SGDS', 'SERD_L', 'SADH', 'MMSAD3', 'URIK2', 'EX_h2s_e', 'EX_cit_e', 'HEX1', 'H2St1', 'NTPP4', 'CYTD', 'AST', 'CITabc', 'DADK', 'APATr', 'EX_ppdima_e', 'ACS']","['PTPATi', 'PHDCAt', 'PPNCL', 'PDIMAT', 'PPCDC', 'PNTK', 'MOHMT', 'PANTS', 'MCD', 'MALS', 'LEUt2r', 'GLYCL', 'EX_leu__L_e', 'EX_cytd_e', 'EX_arg__L_e', 'EX_ala__D_e', 'NTPP5', 'NDPK8', 'DPR', 'DPCOAK', 'CYTDt2', 'DALAt2r', 'ARGt5r', 'EX_phdca_e', 'EX_pdima_e']","['PHTHS', 'PHTHDLS', 'PREPTTA', 'PREPTHS', 'PDIMAS', 'EX_coa_e', 'NTD4', 'COAt', 'FACOALPREPH', 'FACOAL200', 'ARACHTA']",DADK,NDPK8,0.0008925989392365877,1,56,11,-4.0,-0.0005296090692793512,iNJ661,PSL,True,False,-0.0001835039583966,0.0,0.0021344152675622,0.0
40,"['PDE1', 'FUM', 'ASPTA', 'ARGSS', 'ARGSL', 'ARGDr', 'ADNCYC']","[-0.006011354736983776, 0.006011351244524121, -0.006011356133967638, 0.006011353364799999, 0.006011353339999914, 0.006011353339999914, -0.006011354736983776]","[0.006011354736983776, 0.006011351244524121, 0.006011356133967638, 0.006011353364799999, 0.006011353339999914, 0.006011353339999914, 0.006011354736983776]","['ARGSS', 'ARGSL']","['PDE1', 'ARGDr', 'ADNCYC']","['FUM', 'ASPTA']",ARGDr,ARGSS,0.05410217797581137,1,7,2,-1.0,-0.006011345681388759,iNJ661,PSL,True,False,-0.871721107512712,0.0,0.0041965220089368,0.0
41,"['PDE1', 'FUM', 'ASPTA', 'ARGSS', 'ARGSL', 'ARGDr', 'ADNCYC']","[-0.006011354736983776, 0.006011351244524121, -0.006011356133967638, 0.006011353364799999, 0.006011353339999914, 0.006011353339999914, -0.006011354736983776]","[0.006011354736983776, 0.006011351244524121, 0.006011356133967638, 0.006011353364799999, 0.006011353339999914, 0.006011353339999914, 0.006011354736983776]","['ARGSS', 'ARGSL']","['PDE1', 'ARGDr', 'ADNCYC']","['FUM', 'ASPTA']",ARGDr,ARGSL,0.05410217797581137,1,7,2,-1.0,-0.006011345681388759,iNJ661,PSL,True,False,-0.871721107512712,0.0,0.0041965220089368,0.0
42,"['PREPTTA', 'PREPHACPH', 'PDE1', 'FACOALPREPH', 'ADNCYC']","[1.3628625310957432e-05, 1.362858315e-05, -1.362895320149854e-05, 1.3628625310957432e-05, -1.362895320149854e-05]","[1.3628625310957432e-05, 1.362858315e-05, 1.362895320149854e-05, 1.3628625310957432e-05, 1.362895320149854e-05]",['PREPHACPH'],"['PREPTTA', 'PDE1', 'FACOALPREPH', 'ADNCYC']",[],FACOALPREPH,PREPHACPH,6.814304496395503e-05,1,5,0,-1.0,-1.3627927368917786e-05,iNJ661,PSL,True,False,-0.0829317768802866,0.0,0.0,0.0
43,"['DESAT18', 'FACOAL181', 'FACOAL180', 'FAS181']","[6.999001309999999e-05, -6.999005563557148e-05, 6.999005563557148e-05, -6.999001309999995e-05]","[6.999001309999999e-05, 6.999005563557148e-05, 6.999005563557148e-05, 6.999001309999995e-05]",['FACOAL181'],"['DESAT18', 'FACOAL180']",['FAS181'],FACOAL181,DESAT18,0.00034995006549999743,1,4,1,-0.0,-4.0657581468206416e-20,iNJ661,PSL,True,False,-0.38035234331619,0.0,0.0,0.0
44,"['DESAT18', 'FACOAL181', 'FACOAL180', 'FAS181']","[6.999001309999999e-05, -6.999001309999999e-05, 6.999001309999999e-05, -6.999012277482657e-05]","[6.999001309999999e-05, 6.999001309999999e-05, 6.999001309999999e-05, 6.999012277482657e-05]",['FACOAL181'],"['DESAT18', 'FACOAL180']",['FAS181'],FACOAL181,FACOAL180,0.00034995006549999743,1,4,1,-0.0,1.0967482658001421e-10,iNJ661,PSL,True,False,-0.38035234331619,0.0,0.0,0.0
45,"['DESAT18', 'FACOAL181', 'FACOAL180', 'FAS181', 'FAS180']","[0.0005616673590499999, -0.0005616673734039068, 0.0005616673734039068, -0.0005616673590499999, 0.000561667359050012]","[0.0005616673590499999, 0.0005616673734039068, 0.0005616673734039068, 0.0005616673590499999, 0.000561667359050012]",['FAS181'],"['DESAT18', 'FACOAL180']","['FACOAL181', 'FAS180']",FAS181,DESAT18,0.0028083367952500115,1,5,2,1.0,0.000561667359050012,iNJ661,PSL,False,False,0.0,0.0,0.0,0.0
46,"['DESAT18', 'FACOAL181', 'FACOAL180', 'FAS181', 'FAS180']","[0.0005616673590499999, -0.0005616673590499999, 0.0005616673590499999, -0.0005616673590499999, 0.0005616673590499981]","[0.0005616673590499999, 0.0005616673590499999, 0.0005616673590499999, 0.0005616673590499999, 0.0005616673590499981]",['FAS181'],"['DESAT18', 'FACOAL180']","['FACOAL181', 'FAS180']",FAS181,FACOAL180,0.0028083367952499976,1,5,2,1.0,0.0005616673590499981,iNJ661,PSL,False,False,0.0,0.0,0.0,0.0
47,"['DESAT16', 'FACOAL161', 'FACOAL160', 'FAS161']","[0.000546141757, -0.0005461417604237795, 0.0005461417604237795, -0.000546141757]","[0.000546141757, 0.0005461417604237795, 0.0005461417604237795, 0.000546141757]",['FAS161'],"['DESAT16', 'FACOAL161']",['FACOAL160'],FAS161,DESAT16,0.002730708785000001,1,4,1,0.0,0.0,iNJ661,PSL,False,False,0.0,0.0,0.0,0.00024750956275
48,"['DESAT16', 'FACOAL161', 'FACOAL160', 'FAS161']","[0.000546141757, -0.0005461417604237795, 0.0005461417604237795, -0.000546141757]","[0.000546141757, 0.0005461417604237795, 0.0005461417604237795, 0.000546141757]",['FAS161'],"['DESAT16', 'FACOAL161']",['FACOAL160'],FAS161,FACOAL161,0.002730708785000001,1,4,1,0.0,0.0,iNJ661,PSL,False,True,0.0,-0.419746160740033,0.0,0.0
49,"['PDH', 'MMSAD3', 'ASPTA', 'ASP1DC', 'APATr', 'ALATA_L']","[-0.02650804352015257, 0.0265080435207, -0.026508043985813856, 0.02650804421028096, 0.02650804352015257, 0.02650804352015257]","[0.02650804352015257, 0.0265080435207, 0.026508043985813856, 0.02650804421028096, 0.02650804352015257, 0.02650804352015257]","['PDH', 'ALATA_L']","['MMSAD3', 'APATr']","['ASPTA', 'ASP1DC']",ALATA_L,MMSAD3,0.21206434741973912,1,6,2,-2.0,-0.05301608726531967,iNJ661,PSL,True,False,-999999.0,0.0,0.0,0.0
50,"['PDH', 'MMSAD3', 'ME1', 'MDH', 'ASPTA', 'ASP1DC', 'APATr', 'ALATA_L']","[-0.02650804345719604, 0.026508043520700002, -0.02650804323957252, 0.02650804293807596, -0.026508043403737247, 0.026508043520700002, 0.02650804352015257, 0.02650804352015257]","[0.02650804345719604, 0.026508043520700002, 0.02650804323957252, 0.02650804293807596, 0.026508043403737247, 0.026508043520700002, 0.02650804352015257, 0.02650804352015257]","['PDH', 'ME1', 'ALATA_L']","['MMSAD3', 'ASP1DC', 'APATr']","['MDH', 'ASPTA']",ALATA_L,ASP1DC,0.2120643479449485,1,8,2,-2.0,-0.0530160869192753,iNJ661,PSL,True,False,-999999.0,0.0,0.0,0.0
51,"['PDH', 'MMSAD3', 'ASPTA', 'ASP1DC', 'APATr', 'ALATA_L']","[-0.02650804352015257, 0.0265080435207, -0.026508043985813856, 0.02650804421028096, 0.02650804352015257, 0.02650804352015257]","[0.02650804352015257, 0.0265080435207, 0.026508043985813856, 0.02650804421028096, 0.02650804352015257, 0.02650804352015257]","['PDH', 'ALATA_L']","['MMSAD3', 'APATr']","['ASPTA', 'ASP1DC']",ALATA_L,APATr,0.21206434741973912,1,6,2,-2.0,-0.05301608726531967,iNJ661,PSL,True,False,-999999.0,0.0,0.0,0.0
52,"['THRt2r', 'PTPATi', 'SOTA', 'PIabc', 'PHTHS2', 'PHTHS', 'PHTHDLS2', 'PHTHDLS', 'PROabc', 'PREPTTA', 'PHEt2r', 'PHDCAt', 'PREPTHS2', 'PREPTHS', 'PREPPACPH', 'PHDCATA', 'PPNCL3', 'PPNCL2', 'SGSAD', 'PPDIMAT', 'PPDIMAS', 'PDIMAT', 'PDIMAS', 'SGDS', 'PPCDC', 'SERD_L', 'PNTK', 'PDH', 'MOHMT', 'PANTS', 'SADH', 'P5CD', 'MMSAD3', 'UDCPDPS', 'RBK', 'TRPt2r', 'INSK', 'MALT', 'VALt2r', 'URIK2', 'MALS', 'LYSt5r', 'LPLIPAL2E160', 'LEUt2r', 'ILEt2r', 'GLYCL', 'EX_lys__L_e', 'HSST', 'EX_leu__L_e', 'EX_ile__L_e', 'EX_his__L_e', 'EX_h2s_e', 'EX_gly_e', 'EX_etha_e', 'EX_cytd_e', 'EX_coa_e', 'EX_cit_e', 'HISt2r', 'EX_asn__L_e', 'EX_arg__L_e', 'HEX1', 'EX_ala__L_e', 'EX_ala__D_e', 'HCO3E', 'NTD4', 'H2St1', 'NTPP2', 'NTD7', 'MTI', 'ETHAt', 'GPDDA2', 'DPR', 'DPCOAK', 'DMPPS', 'GLYt2r', 'CYTDt2', 'CYTDK2', 'CYTD', 'CS', 'AST', 'DCTPD2', 'COAt', 'DALAt2r', 'CITabc', 'ASNt2r', 'ASNN', 'FRD', 'ARGt5r', 'FAO3', 'FAO11', 'FAO10', 'FACOALPREPH', 'FACOALPHDCA', 'FASm280', 'FACOAL200', 'ARACHTA', 'FASm260', 'FASm240', 'EX_val__L_e', 'EX_trp__L_e', 'APATr', 'FAS200', 'EX_thr__L_e', 'EX_pro__L_e', 'EX_ppdima_e', 'EX_phe__L_e', 'EX_phdca_e', 'EX_pdima_e', 'ADA', 'ALAt2r', '2AGPEAT160', 'AIRCr', 'AIRC3', 'AIRC2']","[-4.232220817357302e-05, 0.00011118962173329314, -7.819821572083076e-05, -8.517361532947973e-06, -0.0001089616767354883, 0.0001282573869887007, -0.0001089616767354883, 0.0001282573869887007, -2.299433996205691e-05, -0.00012825732119381428, -5.10108657181263e-06, -0.00013139680959284306, -0.0001089616767354883, 0.0001282573869887007, -0.0001089616767354883, -0.00012940505985170603, 4.523394351623432e-05, 6.595567821705882e-05, -7.819821572083076e-05, -0.0001085150396157627, -0.0001089616767354883, 0.00012834165231951277, 0.0001282573869887007, -7.819821572083076e-05, 0.00011118962173329314, -6.020656214842995e-05, 0.00011118962173329314, -4.835096108479764e-05, 0.00011118962173329314, 0.00011118962173329314, -7.819821572083076e-05, 1.9611816350454357e-05, -0.00011118962173329314, -1.4538084546699837e-06, 6.705112751761782e-06, -6.211572326719761e-06, -1.7212161778468182e-05, 1.1642814205977889e-05, -4.881410859525204e-06, -9.024724330708965e-06, 7.982193910499591e-05, -2.6720808818936348e-05, 1.2534853788567324e-06, -6.318546365946531e-05, -2.7079368010163307e-05, 8.198211227575247e-05, 2.6720752465464112e-05, -1.0768985812098378e-05, 6.3185416883587e-05, 2.707942028379231e-05, 1.2537014438075266e-05, -9.128077983812984e-05, 4.303255495555561e-05, 1.2534853788567324e-06, 0.00012212731813345326, 0.00011118965007245378, 8.26564254892137e-05, -1.2536998838186264e-05, 2.27017844987654e-05, 0.0001153663258859159, -0.00020440959413259296, 2.6979500858791833e-05, 2.572963166972038e-05, 0.019416811992414296, 6.0736483675338966e-05, -9.128077983812984e-05, 2.9117162252505213e-06, -1.1201727665527406e-05, 1.1642812751233578e-05, -1.2534437701106071e-06, 1.2534853788567324e-06, 0.00011118962173329314, 0.00011118962173329314, -1.4538084546699837e-06, -4.303257446736097e-05, -0.0001221273560076952, -5.236611012740533e-05, -9.024724330708965e-06, 6.884834141240859e-05, -7.819821572083076e-05, -3.358637060924853e-05, -0.00011118967086076736, -2.5729648768901825e-05, -8.265642548915819e-05, -2.2701802663505077e-05, -7.978810087022701e-06, 3.992495015488288e-05, -0.0001153663033619523, -3.024657827815566e-06, 6.5949196269010635e-06, 3.040033857758988e-06, -0.00012825732119381428, -0.00012940505985170603, 3.859142050642475e-05, 0.00012825732119381428, 0.00012825732119381428, 3.859142050642475e-05, 3.859142050642475e-05, 4.881412257035783e-06, 6.211558671290977e-06, -0.00011118967086076736, 0.0001595902598051, 4.232218523431662e-05, 2.299433996205691e-05, -0.0001085150396157627, 5.101061990231068e-06, 0.00013139685806788366, 0.00012834165231951277, -1.7212161778468182e-05, -2.6979483664035797e-05, -1.2534853788567324e-06, -0.019642269588075578, -0.019632207229733467, 0.019632207259072956]","[4.232220817357302e-05, 0.00011118962173329314, 7.819821572083076e-05, 8.517361532947973e-06, 0.0001089616767354883, 0.0001282573869887007, 0.0001089616767354883, 0.0001282573869887007, 2.299433996205691e-05, 0.00012825732119381428, 5.10108657181263e-06, 0.00013139680959284306, 0.0001089616767354883, 0.0001282573869887007, 0.0001089616767354883, 0.00012940505985170603, 4.523394351623432e-05, 6.595567821705882e-05, 7.819821572083076e-05, 0.0001085150396157627, 0.0001089616767354883, 0.00012834165231951277, 0.0001282573869887007, 7.819821572083076e-05, 0.00011118962173329314, 6.020656214842995e-05, 0.00011118962173329314, 4.835096108479764e-05, 0.00011118962173329314, 0.00011118962173329314, 7.819821572083076e-05, 1.9611816350454357e-05, 0.00011118962173329314, 1.4538084546699837e-06, 6.705112751761782e-06, 6.211572326719761e-06, 1.7212161778468182e-05, 1.1642814205977889e-05, 4.881410859525204e-06, 9.024724330708965e-06, 7.982193910499591e-05, 2.6720808818936348e-05, 1.2534853788567324e-06, 6.318546365946531e-05, 2.7079368010163307e-05, 8.198211227575247e-05, 2.6720752465464112e-05, 1.0768985812098378e-05, 6.3185416883587e-05, 2.707942028379231e-05, 1.2537014438075266e-05, 9.128077983812984e-05, 4.303255495555561e-05, 1.2534853788567324e-06, 0.00012212731813345326, 0.00011118965007245378, 8.26564254892137e-05, 1.2536998838186264e-05, 2.27017844987654e-05, 0.0001153663258859159, 0.00020440959413259296, 2.6979500858791833e-05, 2.572963166972038e-05, 0.019416811992414296, 6.0736483675338966e-05, 9.128077983812984e-05, 2.9117162252505213e-06, 1.1201727665527406e-05, 1.1642812751233578e-05, 1.2534437701106071e-06, 1.2534853788567324e-06, 0.00011118962173329314, 0.00011118962173329314, 1.4538084546699837e-06, 4.303257446736097e-05, 0.0001221273560076952, 5.236611012740533e-05, 9.024724330708965e-06, 6.884834141240859e-05, 7.819821572083076e-05, 3.358637060924853e-05, 0.00011118967086076736, 2.5729648768901825e-05, 8.265642548915819e-05, 2.2701802663505077e-05, 7.978810087022701e-06, 3.992495015488288e-05, 0.0001153663033619523, 3.024657827815566e-06, 6.5949196269010635e-06, 3.040033857758988e-06, 0.00012825732119381428, 0.00012940505985170603, 3.859142050642475e-05, 0.00012825732119381428, 0.00012825732119381428, 3.859142050642475e-05, 3.859142050642475e-05, 4.881412257035783e-06, 6.211558671290977e-06, 0.00011118967086076736, 0.0001595902598051, 4.232218523431662e-05, 2.299433996205691e-05, 0.0001085150396157627, 5.101061990231068e-06, 0.00013139685806788366, 0.00012834165231951277, 1.7212161778468182e-05, 2.6979483664035797e-05, 1.2534853788567324e-06, 0.019642269588075578, 0.019632207229733467, 0.019632207259072956]","['SOTA', 'PIabc', 'PROabc', 'SGSAD', 'PPDIMAT', 'SGDS', 'SERD_L', 'PDH', 'SADH', 'MMSAD3', 'UDCPDPS', 'INSK', 'URIK2', 'HSST', 'EX_h2s_e', 'EX_cit_e', 'HEX1', 'H2St1', 'NTD7', 'DMPPS', 'CYTDK2', 'CYTD', 'AST', 'DCTPD2', 'CITabc', 'ASNN', 'FAO3', 'APATr', 'EX_ppdima_e', 'ADA', '2AGPEAT160', 'AIRCr']","['THRt2r', 'PTPATi', 'PHEt2r', 'PHDCAt', 'PPNCL3', 'PPNCL2', 'PDIMAT', 'PPCDC', 'PNTK', 'MOHMT', 'PANTS', 'P5CD', 'RBK', 'TRPt2r', 'MALT', 'VALt2r', 'MALS', 'LYSt5r', 'LPLIPAL2E160', 'LEUt2r', 'ILEt2r', 'GLYCL', 'EX_lys__L_e', 'EX_leu__L_e', 'EX_ile__L_e', 'EX_his__L_e', 'EX_gly_e', 'EX_etha_e', 'EX_cytd_e', 'HISt2r', 'EX_asn__L_e', 'EX_arg__L_e', 'EX_ala__L_e', 'EX_ala__D_e', 'NTPP2', 'MTI', 'ETHAt', 'GPDDA2', 'DPR', 'DPCOAK', 'GLYt2r', 'CYTDt2', 'CS', 'COAt', 'DALAt2r', 'ASNt2r', 'ARGt5r', 'FAO11', 'FAO10', 'EX_val__L_e', 'EX_trp__L_e', 'EX_thr__L_e', 'EX_pro__L_e', 'EX_phe__L_e', 'EX_phdca_e', 'EX_pdima_e', 'ALAt2r', 'AIRC3', 'AIRC2']","['PHTHS2', 'PHTHS', 'PHTHDLS2', 'PHTHDLS', 'PREPTTA', 'PREPTHS2', 'PREPTHS', 'PREPPACPH', 'PHDCATA', 'PPDIMAS', 'PDIMAS', 'EX_coa_e', 'HCO3E', 'NTD4', 'FRD', 'FACOALPREPH', 'FACOALPHDCA', 'FASm280', 'FACOAL200', 'ARACHTA', 'FASm260', 'FASm240', 'FAS200']",AIRCr,AIRC3,0.0906396141851109,1,114,23,2.0,0.00020851980307841356,iNJ661,PSL,True,True,-4.27399119571783,-4.27502333174925,0.0286035923861411,0.0298192269328707
53,"['THRt2r', 'PTPATi', 'SOTA', 'PIabc', 'PHTHS2', 'PHTHS', 'PHTHDLS2', 'PHTHDLS', 'PROabc', 'PREPTTA', 'PHEt2r', 'PHDCAt', 'PREPTHS2', 'PREPTHS', 'PREPPACPH', 'PHDCATA', 'PPNCL3', 'PPNCL2', 'SGSAD', 'PPDIMAT', 'PPDIMAS', 'PDIMAT', 'PDIMAS', 'SGDS', 'PPCDC', 'SERD_L', 'PNTK', 'PDH', 'MOHMT', 'PANTS', 'SADH', 'P5CD', 'MMSAD3', 'UDCPDPS', 'RBK', 'TRPt2r', 'INSK', 'MALT', 'VALt2r', 'URIK2', 'MALS', 'LYSt5r', 'LPLIPAL2E160', 'LEUt2r', 'ILEt2r', 'GLYCL', 'EX_lys__L_e', 'HSST', 'EX_leu__L_e', 'EX_ile__L_e', 'EX_his__L_e', 'EX_h2s_e', 'EX_gly_e', 'EX_etha_e', 'EX_cytd_e', 'EX_coa_e', 'EX_cit_e', 'HISt2r', 'EX_asn__L_e', 'EX_arg__L_e', 'HEX1', 'EX_ala__L_e', 'EX_ala__D_e', 'HCO3E', 'NTD4', 'H2St1', 'NTPP2', 'NTD7', 'MTI', 'ETHAt', 'GPDDA2', 'DPR', 'DPCOAK', 'DMPPS', 'GLYt2r', 'CYTDt2', 'CYTDK2', 'CYTD', 'CS', 'AST', 'DCTPD2', 'COAt', 'DALAt2r', 'CITabc', 'ASNt2r', 'ASNN', 'FRD', 'ARGt5r', 'FAO3', 'FAO11', 'FAO10', 'FACOALPREPH', 'FACOALPHDCA', 'FASm280', 'FACOAL200', 'ARACHTA', 'FASm260', 'FASm240', 'EX_val__L_e', 'EX_trp__L_e', 'APATr', 'FAS200', 'EX_thr__L_e', 'EX_pro__L_e', 'EX_ppdima_e', 'EX_phe__L_e', 'EX_phdca_e', 'EX_pdima_e', 'ADA', 'ALAt2r', '2AGPEAT160', 'AIRCr', 'AIRC3', 'AIRC2']","[-4.232220817357302e-05, 0.00011118962173329314, -7.819821572083076e-05, -8.517361532947973e-06, -0.0001089616767354883, 0.0001282573869887007, -0.0001089616767354883, 0.0001282573869887007, -2.299433996205691e-05, -0.00012825732119381428, -5.10108657181263e-06, -0.00013139680959284306, -0.0001089616767354883, 0.0001282573869887007, -0.0001089616767354883, -0.00012940505985170603, 4.523394351623432e-05, 6.595567821705882e-05, -7.819821572083076e-05, -0.0001085150396157627, -0.0001089616767354883, 0.00012834165231951277, 0.0001282573869887007, -7.819821572083076e-05, 0.00011118962173329314, -6.020656214842995e-05, 0.00011118962173329314, -4.835096108479764e-05, 0.00011118962173329314, 0.00011118962173329314, -7.819821572083076e-05, 1.9611816350454357e-05, -0.00011118962173329314, -1.4538084546699837e-06, 6.705112751761782e-06, -6.211572326719761e-06, -1.7212161778468182e-05, 1.1642814205977889e-05, -4.881410859525204e-06, -9.024724330708965e-06, 7.982193910499591e-05, -2.6720808818936348e-05, 1.2534853788567324e-06, -6.318546365946531e-05, -2.7079368010163307e-05, 8.198211227575247e-05, 2.6720752465464112e-05, -1.0768985812098378e-05, 6.3185416883587e-05, 2.707942028379231e-05, 1.2537014438075266e-05, -9.128077983812984e-05, 4.303255495555561e-05, 1.2534853788567324e-06, 0.00012212731813345326, 0.00011118965007245378, 8.26564254892137e-05, -1.2536998838186264e-05, 2.27017844987654e-05, 0.0001153663258859159, -0.00020440959413259296, 2.6979500858791833e-05, 2.572963166972038e-05, 0.019416811992414296, 6.0736483675338966e-05, -9.128077983812984e-05, 2.9117162252505213e-06, -1.1201727665527406e-05, 1.1642812751233578e-05, -1.2534437701106071e-06, 1.2534853788567324e-06, 0.00011118962173329314, 0.00011118962173329314, -1.4538084546699837e-06, -4.303257446736097e-05, -0.0001221273560076952, -5.236611012740533e-05, -9.024724330708965e-06, 6.884834141240859e-05, -7.819821572083076e-05, -3.358637060924853e-05, -0.00011118967086076736, -2.5729648768901825e-05, -8.265642548915819e-05, -2.2701802663505077e-05, -7.978810087022701e-06, 3.992495015488288e-05, -0.0001153663033619523, -3.024657827815566e-06, 6.5949196269010635e-06, 3.040033857758988e-06, -0.00012825732119381428, -0.00012940505985170603, 3.859142050642475e-05, 0.00012825732119381428, 0.00012825732119381428, 3.859142050642475e-05, 3.859142050642475e-05, 4.881412257035783e-06, 6.211558671290977e-06, -0.00011118967086076736, 0.0001595902598051, 4.232218523431662e-05, 2.299433996205691e-05, -0.0001085150396157627, 5.101061990231068e-06, 0.00013139685806788366, 0.00012834165231951277, -1.7212161778468182e-05, -2.6979483664035797e-05, -1.2534853788567324e-06, -0.019642269588075578, -0.019632207229733467, 0.019632207259072956]","[4.232220817357302e-05, 0.00011118962173329314, 7.819821572083076e-05, 8.517361532947973e-06, 0.0001089616767354883, 0.0001282573869887007, 0.0001089616767354883, 0.0001282573869887007, 2.299433996205691e-05, 0.00012825732119381428, 5.10108657181263e-06, 0.00013139680959284306, 0.0001089616767354883, 0.0001282573869887007, 0.0001089616767354883, 0.00012940505985170603, 4.523394351623432e-05, 6.595567821705882e-05, 7.819821572083076e-05, 0.0001085150396157627, 0.0001089616767354883, 0.00012834165231951277, 0.0001282573869887007, 7.819821572083076e-05, 0.00011118962173329314, 6.020656214842995e-05, 0.00011118962173329314, 4.835096108479764e-05, 0.00011118962173329314, 0.00011118962173329314, 7.819821572083076e-05, 1.9611816350454357e-05, 0.00011118962173329314, 1.4538084546699837e-06, 6.705112751761782e-06, 6.211572326719761e-06, 1.7212161778468182e-05, 1.1642814205977889e-05, 4.881410859525204e-06, 9.024724330708965e-06, 7.982193910499591e-05, 2.6720808818936348e-05, 1.2534853788567324e-06, 6.318546365946531e-05, 2.7079368010163307e-05, 8.198211227575247e-05, 2.6720752465464112e-05, 1.0768985812098378e-05, 6.3185416883587e-05, 2.707942028379231e-05, 1.2537014438075266e-05, 9.128077983812984e-05, 4.303255495555561e-05, 1.2534853788567324e-06, 0.00012212731813345326, 0.00011118965007245378, 8.26564254892137e-05, 1.2536998838186264e-05, 2.27017844987654e-05, 0.0001153663258859159, 0.00020440959413259296, 2.6979500858791833e-05, 2.572963166972038e-05, 0.019416811992414296, 6.0736483675338966e-05, 9.128077983812984e-05, 2.9117162252505213e-06, 1.1201727665527406e-05, 1.1642812751233578e-05, 1.2534437701106071e-06, 1.2534853788567324e-06, 0.00011118962173329314, 0.00011118962173329314, 1.4538084546699837e-06, 4.303257446736097e-05, 0.0001221273560076952, 5.236611012740533e-05, 9.024724330708965e-06, 6.884834141240859e-05, 7.819821572083076e-05, 3.358637060924853e-05, 0.00011118967086076736, 2.5729648768901825e-05, 8.265642548915819e-05, 2.2701802663505077e-05, 7.978810087022701e-06, 3.992495015488288e-05, 0.0001153663033619523, 3.024657827815566e-06, 6.5949196269010635e-06, 3.040033857758988e-06, 0.00012825732119381428, 0.00012940505985170603, 3.859142050642475e-05, 0.00012825732119381428, 0.00012825732119381428, 3.859142050642475e-05, 3.859142050642475e-05, 4.881412257035783e-06, 6.211558671290977e-06, 0.00011118967086076736, 0.0001595902598051, 4.232218523431662e-05, 2.299433996205691e-05, 0.0001085150396157627, 5.101061990231068e-06, 0.00013139685806788366, 0.00012834165231951277, 1.7212161778468182e-05, 2.6979483664035797e-05, 1.2534853788567324e-06, 0.019642269588075578, 0.019632207229733467, 0.019632207259072956]","['SOTA', 'PIabc', 'PROabc', 'SGSAD', 'PPDIMAT', 'SGDS', 'SERD_L', 'PDH', 'SADH', 'MMSAD3', 'UDCPDPS', 'INSK', 'URIK2', 'HSST', 'EX_h2s_e', 'EX_cit_e', 'HEX1', 'H2St1', 'NTD7', 'DMPPS', 'CYTDK2', 'CYTD', 'AST', 'DCTPD2', 'CITabc', 'ASNN', 'FAO3', 'APATr', 'EX_ppdima_e', 'ADA', '2AGPEAT160', 'AIRCr']","['THRt2r', 'PTPATi', 'PHEt2r', 'PHDCAt', 'PPNCL3', 'PPNCL2', 'PDIMAT', 'PPCDC', 'PNTK', 'MOHMT', 'PANTS', 'P5CD', 'RBK', 'TRPt2r', 'MALT', 'VALt2r', 'MALS', 'LYSt5r', 'LPLIPAL2E160', 'LEUt2r', 'ILEt2r', 'GLYCL', 'EX_lys__L_e', 'EX_leu__L_e', 'EX_ile__L_e', 'EX_his__L_e', 'EX_gly_e', 'EX_etha_e', 'EX_cytd_e', 'HISt2r', 'EX_asn__L_e', 'EX_arg__L_e', 'EX_ala__L_e', 'EX_ala__D_e', 'NTPP2', 'MTI', 'ETHAt', 'GPDDA2', 'DPR', 'DPCOAK', 'GLYt2r', 'CYTDt2', 'CS', 'COAt', 'DALAt2r', 'ASNt2r', 'ARGt5r', 'FAO11', 'FAO10', 'EX_val__L_e', 'EX_trp__L_e', 'EX_thr__L_e', 'EX_pro__L_e', 'EX_phe__L_e', 'EX_phdca_e', 'EX_pdima_e', 'ALAt2r', 'AIRC3', 'AIRC2']","['PHTHS2', 'PHTHS', 'PHTHDLS2', 'PHTHDLS', 'PREPTTA', 'PREPTHS2', 'PREPTHS', 'PREPPACPH', 'PHDCATA', 'PPDIMAS', 'PDIMAS', 'EX_coa_e', 'HCO3E', 'NTD4', 'FRD', 'FACOALPREPH', 'FACOALPHDCA', 'FASm280', 'FACOAL200', 'ARACHTA', 'FASm260', 'FASm240', 'FAS200']",AIRCr,AIRC2,0.0906396141851109,1,114,23,2.0,0.00020851980307841356,iNJ661,PSL,True,False,-4.27399119571783,0.0,0.0286035923861411,-0.0033894621650483
61,"['THRS', 'THRD_L', 'SHSL4r', 'HSST', 'HSK']","[0.012966323867699999, 0.01296632387675345, -0.012966326205059886, -0.012966326243989294, 0.012966323867699999]","[0.012966323867699999, 0.01296632387675345, 0.012966326205059886, 0.012966326243989294, 0.012966323867699999]",['HSST'],"['THRS', 'HSK']","['THRD_L', 'SHSL4r']",HSST,THRS,0.07779794323336034,1,5,2,1.0,0.012966319163104265,iNJ661,PSL,False,False,0.0,0.0,-0.656503233476542,0.0072053134154795
62,"['THRS', 'THRD_L', 'SHSL4r', 'HSST', 'HSK']","[0.0017417128957242754, 0.001741713029332459, -0.0017417129129171371, -0.00174171295795, 0.0017417128957242754]","[0.0017417128957242754, 0.001741713029332459, 0.0017417129129171371, 0.00174171295795, 0.0017417128957242754]",['HSST'],['SHSL4r'],"['THRS', 'THRD_L', 'HSK']",HSST,SHSL4r,0.010450277578215688,1,5,3,1.0,0.0017417129499138727,iNJ661,PSL,False,True,0.0,-999999.0,-0.656503233476542,0.0046102466294542
63,"['THRS', 'THRD_L', 'HSST', 'HSK']","[-0.012966323760338128, -0.012966323760338128, 0.012966323921786312, -0.01296632380537099]","[0.012966323760338128, 0.012966323760338128, 0.012966323921786312, 0.01296632380537099]",['HSST'],"['THRS', 'HSK']",['THRD_L'],HSK,HSST,0.07779794294492363,1,4,1,-2.0,-0.025932647404260933,iNJ661,PSL,False,False,0.0,0.0,0.0,-0.656503233476542
69,"['IPDPS', 'IPDDI', 'DMPPS']","[0.002586435505500002, 0.0025864355266094208, -0.002586435505500002]","[0.002586435505500002, 0.0025864355266094208, 0.002586435505500002]",['DMPPS'],['IPDPS'],['IPDDI'],DMPPS,IPDPS,0.007759306516500006,1,3,1,1.0,0.0025864355266094208,iNJ661,PSL,False,False,0.0,0.0,0.0,5.76471317063253e-05
72,"['DESAT18', 'FACOAL181', 'FACOAL180', 'FAS181']","[0.0004916773459499999, -0.0004916773177683353, 0.0004916773177683353, -0.0004916773459499999]","[0.0004916773459499999, 0.0004916773177683353, 0.0004916773177683353, 0.0004916773459499999]",['FAS181'],['FACOAL181'],"['DESAT18', 'FACOAL180']",FAS181,FACOAL181,0.0024583867297499986,1,4,2,0.0,0.0,iNJ661,PSL,False,True,0.0,-0.38035234331619,0.0,0.0
74,"['FTHFLi', 'AICART2', 'AICART']","[-0.021638246369548142, 0.021638246369548142, -0.021638246369548142]","[0.021638246369548142, 0.021638246369548142, 0.021638246369548142]",['AICART'],['AICART2'],['FTHFLi'],AICART,AICART2,0.06491473899242445,1,3,1,1.0,0.021638246369548142,iNJ661,PSL,True,True,-999998.998861145,-999998.998861145,0.0,0.0
0,"['GARFT', 'GART', 'EX_cytd_e', 'GHMT2r', 'EX_ala__D_e', '2AGPGAT161', '2AGPGAT181', 'ACOAD1f', 'ACOAD2f', 'ACOAD3f', 'ACOAD4f', 'ACOAD5f', 'ACOAD6f', 'ACOAD7f', 'ACSERtex', 'ACSERtpp', 'ADEt2rpp', 'ADEtex', 'ADNK1', '4PEPTtex', 'ADPT', 'AMPN', 'AGM4PApp', 'ANHGMtex', 'ARGabcpp', 'ARGtex', 'ASAD', 'ALAALAr', 'ALAR', 'ASNt2rpp', 'ASNtex', 'ASPabcpp', 'ASPK', 'ASPO5', 'ASPtex', 'CS', 'CDAPPA140', 'CDAPPA160', 'CYTD', 'CYTDtex', 'CHORM', 'DALAtex', 'DAPDC', 'DHORD5', 'FACOAE161', 'FACOAE181', 'DRPA', 'FACOAL140t2pp', 'FACOAL160t2pp', 'FACOAL181t2pp', 'DURIK1', 'DURIPP', 'FADRx', 'ECOAH1', 'FDH5pp', 'ECOAH2', 'ECOAH3', 'ECOAH4', 'ECOAH5', 'ECOAH6', 'ECOAH7', 'ECOAH8', 'EDA', 'EDD', 'GLUR', 'FORtex', 'GLYC3Pabcpp', 'GLYC3Ptex', 'HACD1i', 'HACD2i', 'HACD3i', 'GLYCL', 'HACD4i', 'HACD5i', 'HACD6i', 'HACD7i', 'HACD8i', 'GPDDA4', 'ILEtex', 'HSDy', 'HSK', 'ICL', 'ILEabcpp', 'KAS15', 'KAT1', 'LPLIPAL1E181pp', 'ACACT11', 'ACACT8', 'ACACT13', 'ACACT10', 'ACACT9', 'ACACT12', 'ACACT8r', 'LEUabcpp', 'LEUtex', 'LPLIPAL1E140pp', 'LPLIPAL1E160pp', 'LPLIPAL2G161', 'LPLIPAL1E161pp', 'LPLIPAL2G181', 'MALS', 'MDDCP3pp', 'MDDCP4pp', 'MDH', 'G3PD5', 'MPTG', 'MTHFC', 'MTHFD', 'G3PEtex', 'G3PGabcpp', 'NADPHQR2', 'MLTGY1pp', 'G3PGtex', 'NTD10', 'NTD2', 'NTD4', 'G6PDH2r', 'P5CD', 'P5CR', 'NTPP2', 'NTPP4', 'NTPP7', 'NTPP8', 'CTECOAI8', 'PAPPT3', 'PAPSR', 'PLIPA2E140pp', 'PLIPA2E160pp', 'PLIPA2E161pp', 'PLIPA2E181pp', 'PGL', 'PPA', 'PPCK', 'PPM2', 'PPND', 'PPPGO', 'PGP140abcpp', 'PPPGO3', 'PGP160abcpp', 'PUNP1', 'PYNP2r', 'PGPP140pp', 'RNTR3c', 'PGPP160pp', 'SERAT', 'SERD_L', 'SULR', 'SO4tex', 'SUCCt2_2pp', 'THRS', 'SULabcpp', 'TYRTA', 'UAAGDS', 'TRPS1', 'TRPt2rpp', 'TRPtex', 'UAGCVT', 'UAGPT3', 'UAMAGS', 'UAMAS', 'UAPGR', 'UDCPDP', 'UGMDDS', 'PIuabcpp', 'VALabcpp', 'VALtex', 'XTSNt2rpp', 'XTSNtex', 'ENOPH', 'EAR40y', 'EAR60y', 'EAR80y', 'EAR100y', 'EAR120y', 'EAR140y', 'EX_LalaDgluMdapDala_e', 'EX_acser_e', 'EX_ade_e', 'EX_anhgm_e', 'EX_arg__L_e', 'EX_asn__L_e', 'EX_asp__L_e', 'EX_for_e', 'EX_g3pe_e', 'EX_g3pg_e', 'EX_leu__L_e', 'EX_trp__L_e', 'EX_glyc3p_e', 'EX_ile__L_e', 'EX_so4_e', 'EX_val__L_e', 'EX_xtsn_e', 'PAPSSH']","[-0.12992229467192828, 0.1302193689167633, 0.0010578318735952053, -0.06600098022363454, 1.4853712240356972e-05, -8.169541732205789e-06, -6.040509644411433e-06, 0.00020418903091012908, 0.00020418903091012908, 0.00020418903091012908, 0.00020418903091012908, 0.00020418903091012908, 0.00020418903091012908, 0.0001229887374165628, -0.008716100165315765, 0.008716100165337082, -0.0007909577016107505, -0.0007909577016107505, -6.114778205613697e-05, -1.4853712286821974e-05, -0.0007435504284737584, 3.588822078709475e-06, 1.4853712240356972e-05, -1.4853712286821974e-05, -0.0006189046766815476, -0.000618904676684906, 0.0010018828905913324, 1.4853712286821974e-05, 2.970742445995711e-05, -0.0006436608637159225, -0.0006436608637159225, -0.0005993072660220866, -0.0010018828905913324, -6.758439069561245e-06, -0.0005993072660430698, 0.05882836313052242, 6.436608637488137e-06, 1.8567140300446323e-05, -0.0006830232012425275, -0.0010578318735952053, -0.0003218304318744064, -1.4853712286821974e-05, -1.4853712240356972e-05, 0.00027776441889461323, -1.6339083464411578e-05, -1.2081019288822867e-05, 6.114778205613697e-05, 2.8717176998023595e-05, 8.417103602868922e-05, 2.673668203264333e-05, -6.114778205613697e-05, 6.114778204846516e-05, -0.001348122922934907, -0.00020418903091012908, -0.00027776441889461323, -0.00020418903091012908, -0.00020418903091012908, -0.00020418903091012908, -0.00020418903091012908, -0.00020418903091012908, -0.0001754718539359601, -3.881770135194529e-05, 0.00045803897311859354, 0.00045803897311859354, -1.4853712286821974e-05, 0.0026316672687016762, -6.981244752985848e-05, -6.981244757753302e-05, 0.00020418903093079188, 0.00020418903093079188, 0.00020418903093079188, -0.06410638922729983, 0.00020418903093079188, 0.00020418903093079188, 0.00020418903093079188, 0.00017547185393276813, 3.88177013214662e-05, 1.304651058444729e-05, -0.0009654912955738837, 0.0010018828905913324, -0.0010018828906120797, 0.057815297045275243, -0.0009654912956232192, -8.961739718348766e-05, 0.00020418903093079188, 1.3368341016321448e-05, 0.00020418903093079188, 0.00020418903093079188, 0.00020418903093079188, 0.00020418903093079188, 0.00020418903093079188, 0.00017547185393276813, 3.88177013214662e-05, -0.001708176907641079, -0.0017081769076412456, 1.4358588499011797e-05, 4.2085518014344826e-05, 8.169541732205789e-06, 1.8072016559100824e-05, 6.040509644411433e-06, 0.057691516109938785, 7.426856120178486e-06, 7.426856120178486e-06, 0.05728205166394673, -6.7584390694985785e-06, 7.426856120178486e-06, -0.12992229467192828, -0.12992229467192828, -8.788446405105788e-05, -1.1635407921700399e-06, -0.05619819567397474, 7.426856120178486e-06, -1.1635407872745418e-06, 0.0006892370041398088, 0.0006218754191863905, 0.0003748086723063275, 0.0004580389730790557, 0.0008961739718348766, -0.0008961739718348766, 0.0006892370041398088, 0.00039475968325179125, 6.114778205613697e-05, 0.00033915976282148513, 3.88177013214662e-05, 1.4853712240356972e-05, -0.00018086622709996013, 1.4358588499011797e-05, 4.2085518014344826e-05, 1.8072016559100824e-05, 1.3368341016321448e-05, 0.00045803897311859354, -0.0015037848762033048, -0.000919472019002443, 6.114778204846516e-05, -0.0003218304318744064, 1.8154537182554196e-05, -6.436608637488137e-06, -1.8154537182554196e-05, -1.8567140300446323e-05, 6.114778204846516e-05, -6.114778204846516e-05, -6.436608637488137e-06, -6.28807151508452e-05, -1.8567140300446323e-05, 0.008716100165315765, 0.058099657337069344, -0.00018086622709996013, -0.00018086622708324285, -0.00027858935015893466, -0.0010018828906120797, -0.00018086622709996013, 0.00032183043185796123, 1.4853712240356972e-05, 0.00047254444864872416, -0.0006037522400674789, -0.0006037522400674789, 1.4853712240356972e-05, 1.4853712240356972e-05, 1.4853712240356972e-05, 1.4853712240356972e-05, 1.4853712240356972e-05, 1.4853712240356972e-05, 1.4853712240356972e-05, -0.001892999173719545, -0.0012379554148720152, -0.0012379554149219985, -0.0006892370041668983, -0.0006892370041668983, -1.732933094708328e-05, -8.961739718348766e-05, -8.961739718348766e-05, -8.961739718348766e-05, -8.961739718348419e-05, -8.961739718348419e-05, -5.000749787586328e-05, 1.4853712240356972e-05, 0.008716100165337082, 0.0007909577016615215, 1.4853712240356972e-05, 0.0006189046766815476, 0.0006436608637488128, 0.0005993072660220866, -0.0026316672686679254, 8.78844640887789e-05, 1.1635407921700399e-06, 0.001708176907641079, 0.0006037522401052126, 6.981244752985848e-05, 0.0009654912956232192, 0.00018086622708324285, 0.0012379554148720152, 0.0006892370041398088, -0.00018086622708324285]","[0.12992229467192828, 0.1302193689167633, 0.0010578318735952053, 0.06600098022363454, 1.4853712240356972e-05, 8.169541732205789e-06, 6.040509644411433e-06, 0.00020418903091012908, 0.00020418903091012908, 0.00020418903091012908, 0.00020418903091012908, 0.00020418903091012908, 0.00020418903091012908, 0.0001229887374165628, 0.008716100165315765, 0.008716100165337082, 0.0007909577016107505, 0.0007909577016107505, 6.114778205613697e-05, 1.4853712286821974e-05, 0.0007435504284737584, 3.588822078709475e-06, 1.4853712240356972e-05, 1.4853712286821974e-05, 0.0006189046766815476, 0.000618904676684906, 0.0010018828905913324, 1.4853712286821974e-05, 2.970742445995711e-05, 0.0006436608637159225, 0.0006436608637159225, 0.0005993072660220866, 0.0010018828905913324, 6.758439069561245e-06, 0.0005993072660430698, 0.05882836313052242, 6.436608637488137e-06, 1.8567140300446323e-05, 0.0006830232012425275, 0.0010578318735952053, 0.0003218304318744064, 1.4853712286821974e-05, 1.4853712240356972e-05, 0.00027776441889461323, 1.6339083464411578e-05, 1.2081019288822867e-05, 6.114778205613697e-05, 2.8717176998023595e-05, 8.417103602868922e-05, 2.673668203264333e-05, 6.114778205613697e-05, 6.114778204846516e-05, 0.001348122922934907, 0.00020418903091012908, 0.00027776441889461323, 0.00020418903091012908, 0.00020418903091012908, 0.00020418903091012908, 0.00020418903091012908, 0.00020418903091012908, 0.0001754718539359601, 3.881770135194529e-05, 0.00045803897311859354, 0.00045803897311859354, 1.4853712286821974e-05, 0.0026316672687016762, 6.981244752985848e-05, 6.981244757753302e-05, 0.00020418903093079188, 0.00020418903093079188, 0.00020418903093079188, 0.06410638922729983, 0.00020418903093079188, 0.00020418903093079188, 0.00020418903093079188, 0.00017547185393276813, 3.88177013214662e-05, 1.304651058444729e-05, 0.0009654912955738837, 0.0010018828905913324, 0.0010018828906120797, 0.057815297045275243, 0.0009654912956232192, 8.961739718348766e-05, 0.00020418903093079188, 1.3368341016321448e-05, 0.00020418903093079188, 0.00020418903093079188, 0.00020418903093079188, 0.00020418903093079188, 0.00020418903093079188, 0.00017547185393276813, 3.88177013214662e-05, 0.001708176907641079, 0.0017081769076412456, 1.4358588499011797e-05, 4.2085518014344826e-05, 8.169541732205789e-06, 1.8072016559100824e-05, 6.040509644411433e-06, 0.057691516109938785, 7.426856120178486e-06, 7.426856120178486e-06, 0.05728205166394673, 6.7584390694985785e-06, 7.426856120178486e-06, 0.12992229467192828, 0.12992229467192828, 8.788446405105788e-05, 1.1635407921700399e-06, 0.05619819567397474, 7.426856120178486e-06, 1.1635407872745418e-06, 0.0006892370041398088, 0.0006218754191863905, 0.0003748086723063275, 0.0004580389730790557, 0.0008961739718348766, 0.0008961739718348766, 0.0006892370041398088, 0.00039475968325179125, 6.114778205613697e-05, 0.00033915976282148513, 3.88177013214662e-05, 1.4853712240356972e-05, 0.00018086622709996013, 1.4358588499011797e-05, 4.2085518014344826e-05, 1.8072016559100824e-05, 1.3368341016321448e-05, 0.00045803897311859354, 0.0015037848762033048, 0.000919472019002443, 6.114778204846516e-05, 0.0003218304318744064, 1.8154537182554196e-05, 6.436608637488137e-06, 1.8154537182554196e-05, 1.8567140300446323e-05, 6.114778204846516e-05, 6.114778204846516e-05, 6.436608637488137e-06, 6.28807151508452e-05, 1.8567140300446323e-05, 0.008716100165315765, 0.058099657337069344, 0.00018086622709996013, 0.00018086622708324285, 0.00027858935015893466, 0.0010018828906120797, 0.00018086622709996013, 0.00032183043185796123, 1.4853712240356972e-05, 0.00047254444864872416, 0.0006037522400674789, 0.0006037522400674789, 1.4853712240356972e-05, 1.4853712240356972e-05, 1.4853712240356972e-05, 1.4853712240356972e-05, 1.4853712240356972e-05, 1.4853712240356972e-05, 1.4853712240356972e-05, 0.001892999173719545, 0.0012379554148720152, 0.0012379554149219985, 0.0006892370041668983, 0.0006892370041668983, 1.732933094708328e-05, 8.961739718348766e-05, 8.961739718348766e-05, 8.961739718348766e-05, 8.961739718348419e-05, 8.961739718348419e-05, 5.000749787586328e-05, 1.4853712240356972e-05, 0.008716100165337082, 0.0007909577016615215, 1.4853712240356972e-05, 0.0006189046766815476, 0.0006436608637488128, 0.0005993072660220866, 0.0026316672686679254, 8.78844640887789e-05, 1.1635407921700399e-06, 0.001708176907641079, 0.0006037522401052126, 6.981244752985848e-05, 0.0009654912956232192, 0.00018086622708324285, 0.0012379554148720152, 0.0006892370041398088, 0.00018086622708324285]","['GARFT', '2AGPGAT161', 'ADPT', 'ARGabcpp', 'ASPabcpp', 'ASPO5', 'CYTD', 'CHORM', 'DAPDC', 'FACOAE161', 'FACOAE181', 'DURIK1', 'FADRx', 'FDH5pp', 'FORtex', 'HSDy', 'HSK', 'ILEabcpp', 'KAS15', 'LEUabcpp', 'G3PD5', 'G3PGabcpp', 'NADPHQR2', 'P5CR', 'PAPSR', 'PPA', 'PPCK', 'PPND', 'PGP140abcpp', 'PPPGO3', 'PGP160abcpp', 'PGPP140pp', 'RNTR3c', 'PGPP160pp', 'SULR', 'SO4tex', 'SUCCt2_2pp', 'THRS', 'SULabcpp', 'TYRTA', 'PIuabcpp', 'VALabcpp', 'ENOPH', 'EAR40y', 'EAR60y', 'EAR80y', 'EAR100y', 'EAR120y', 'EAR140y', 'EX_for_e', 'EX_so4_e', 'PAPSSH']","['GART', 'EX_cytd_e', 'EX_ala__D_e', 'ACOAD1f', 'ACOAD2f', 'ACOAD3f', 'ACOAD4f', 'ACOAD5f', 'ACOAD6f', 'ACSERtex', 'ACSERtpp', 'ADEt2rpp', 'ADEtex', '4PEPTtex', 'AMPN', 'AGM4PApp', 'ANHGMtex', 'ARGtex', 'ALAALAr', 'ALAR', 'ASNtex', 'ASPtex', 'CS', 'CDAPPA140', 'CDAPPA160', 'CYTDtex', 'DALAtex', 'DHORD5', 'DRPA', 'FACOAL160t2pp', 'DURIPP', 'ECOAH1', 'ECOAH2', 'ECOAH3', 'ECOAH4', 'ECOAH5', 'ECOAH6', 'ECOAH7', 'ECOAH8', 'EDA', 'EDD', 'GLUR', 'GLYC3Ptex', 'HACD1i', 'HACD2i', 'HACD3i', 'HACD4i', 'HACD5i', 'HACD6i', 'HACD7i', 'HACD8i', 'ILEtex', 'ICL', 'KAT1', 'LPLIPAL1E181pp', 'ACACT11', 'ACACT8', 'ACACT13', 'ACACT10', 'ACACT9', 'ACACT12', 'ACACT8r', 'LEUtex', 'LPLIPAL1E140pp', 'LPLIPAL1E160pp', 'LPLIPAL2G161', 'LPLIPAL1E161pp', 'LPLIPAL2G181', 'MDDCP3pp', 'MDDCP4pp', 'MPTG', 'G3PEtex', 'MLTGY1pp', 'G3PGtex', 'NTD10', 'NTD2', 'G6PDH2r', 'P5CD', 'NTPP2', 'NTPP4', 'NTPP7', 'NTPP8', 'CTECOAI8', 'PAPPT3', 'PLIPA2E140pp', 'PLIPA2E160pp', 'PLIPA2E161pp', 'PLIPA2E181pp', 'PGL', 'PPM2', 'PPPGO', 'PYNP2r', 'SERAT', 'UAAGDS', 'TRPS1', 'TRPt2rpp', 'TRPtex', 'UAGCVT', 'UAGPT3', 'UAMAGS', 'UAMAS', 'UAPGR', 'UDCPDP', 'UGMDDS', 'VALtex', 'XTSNt2rpp', 'XTSNtex', 'EX_LalaDgluMdapDala_e', 'EX_acser_e', 'EX_ade_e', 'EX_anhgm_e', 'EX_arg__L_e', 'EX_asn__L_e', 'EX_asp__L_e', 'EX_g3pe_e', 'EX_g3pg_e', 'EX_leu__L_e', 'EX_trp__L_e', 'EX_glyc3p_e', 'EX_ile__L_e', 'EX_val__L_e', 'EX_xtsn_e']","['GHMT2r', '2AGPGAT181', 'ACOAD7f', 'ADNK1', 'ASAD', 'ASNt2rpp', 'ASPK', 'FACOAL140t2pp', 'FACOAL181t2pp', 'GLYC3Pabcpp', 'GLYCL', 'GPDDA4', 'MALS', 'MDH', 'MTHFC', 'MTHFD', 'NTD4', 'PUNP1', 'SERD_L']",GARFT,GART,1.5904615350026565,1,193,19,-19.0,0.14789643159365762,iPC815,PSL,True,False,-19.0585416634143,0.0,0.135515102408,0.0
1,"['GARFT', 'GART', 'GF6PTA', 'EX_cytd_e', 'GHMT2r', 'EX_ala__D_e', '2AGPGAT140', '2AGPGAT160', '2AGPGAT161', '2AGPGAT181', 'ACOAD1f', 'ACOAD2f', 'ACOAD3f', 'ACOAD4f', 'ACOAD5f', 'ACOAD6f', 'ACOAD7f', 'ACSERtex', 'ACSERtpp', 'ADEt2rpp', 'ADEtex', '4PEPTtex', 'ADPT', 'AMPN', 'AGM4PApp', 'ANHGMtex', 'ARGabcpp', 'ARGtex', 'ASAD', 'ALAALAr', 'ALAR', 'ASNNpp', 'ASNt2rpp', 'ASNtex', 'ASPabcpp', 'ASPK', 'ASPO5', 'AST', 'CYTD', 'CYTDtex', 'CHORM', 'DALAtex', 'DAPDC', 'FA120ACPHi', 'FACOAE120', 'FACOAE160', 'FACOAE161', 'FACOAE181', 'DRPA', 'FACOAL140t2pp', 'FACOAL160t2pp', 'FACOAL161t2pp', 'FACOAL181t2pp', 'DURIK1', 'DURIPP', 'FADRx', 'ECOAH1', 'ECOAH2', 'ECOAH3', 'ECOAH4', 'ECOAH5', 'ECOAH6', 'ECOAH7', 'ECOAH8', 'EDA', 'EDD', 'GLUR', 'FRD2', 'GLYC3Ptex', 'HACD1i', 'HACD2i', 'HACD3i', 'GLYCL', 'HACD4i', 'HACD5i', 'HACD6i', 'HACD7i', 'HACD8i', 'GMPR', 'CTECOAI7', 'GPDDA4', 'ILEtex', 'HSDy', 'HSK', 'ICL', 'ILEabcpp', 'KAT1', 'LPLIPAL1E181pp', 'ACACT11', 'G1PACT', 'ACACT8', 'ACACT13', 'ACACT10', 'ACACT9', 'ACACT12', 'ACACT8r', 'LEUabcpp', 'LEUtex', 'LPLIPAL2G140', 'LPLIPAL1E140pp', 'LPLIPAL1E160pp', 'LPLIPAL2G160', 'LPLIPAL2G161', 'LPLIPAL1E161pp', 'LPLIPAL2G181', 'MALS', 'MDDCP3pp', 'MDDCP4pp', 'G3PD5', 'MPTG', 'MTHFC', 'MTHFD', 'G3PEtex', 'G3PGabcpp', 'NADH10', 'NADH17pp', 'MLTGY1pp', 'NADPHQR3', 'G3PGtex', 'NH4tpp', 'NTD10', 'NTD2', 'NTD4', 'ORNabcpp', 'G6PDH2r', 'ORNtex', 'NTPP2', 'NTPP4', 'NTPP7', 'NTPP8', 'CTECOAI8', 'PAPPT3', 'PLIPA2E140pp', 'PLIPA2E160pp', 'PLIPA2E161pp', 'PLIPA2E181pp', 'PGL', 'PFL', 'PGAMT', 'PPA', 'PPM2', 'PPND', 'PPPGO', 'PPPGO3', 'PYNP2r', 'PROabcpp', 'PROtex', 'RNTR2c', 'RNTR3c', 'SADH', 'SERAT', 'SERD_L', 'SGDS', 'SGSAD', 'SOTA', 'THRS', 'TYRTA', 'UAAGDS', 'TRPS1', 'TRPt2rpp', 'TRPtex', 'UAGCVT', 'UAGDP', 'UAGPT3', 'UAMAGS', 'UAMAS', 'UAPGR', 'UDCPDP', 'UGMDDS', 'PIuabcpp', 'VALabcpp', 'VALtex', 'XTSNt2rpp', 'XTSNtex', 'ENOPH', 'EX_LalaDgluMdapDala_e', 'EX_acser_e', 'EX_ade_e', 'EX_anhgm_e', 'EX_arg__L_e', 'EX_asn__L_e', 'EX_g3pe_e', 'EX_g3pg_e', 'EX_leu__L_e', 'EX_trp__L_e', 'EX_glyc3p_e', 'EX_orn_e', 'EX_ile__L_e', 'EX_pro__L_e', 'EX_val__L_e', 'EX_xtsn_e']","[-0.11429640889878101, 0.11429640889873136, 0.00019567000627451845, 0.0007237376330522238, -0.05832863233229091, 0.0001109501520275374, -5.683231185787344e-06, -1.639393611284779e-05, -7.2133318896537265e-06, -5.3334938820460975e-06, 0.0002594176449974839, 0.0002594176449974839, 0.0002594176449974839, 0.0002594176449974839, 0.0002594176449974839, 0.00022444391470344272, 0.00014138130507035385, -0.0060118828372424105, 0.006011882837265947, -0.0006983794914958708, -0.0006983794914958708, -0.00011095015202045033, -0.00035582783281200444, 0.00030386196945057727, 0.0001109501520275374, -0.00011095015202045033, -0.0007345376398907033, -0.0007345376399143788, 0.0008846167926321868, 0.00011095015202045033, 0.00022190030404090066, -0.0003770962325900379, -0.0005683231186139892, -0.0009454193511828635, -0.0003770962325900379, -0.0008846167926321868, -5.967392739697486e-06, -0.00018807310279576883, -0.00039279870926384186, -0.0007237376330522238, -0.0002841615592893698, -0.00011095015202045033, -0.0001109501520275374, 3.497373037409908e-05, -3.497373037409908e-05, -3.278787222569558e-05, -1.4426663779307453e-05, -1.0666987764093062e-05, 5.399069630129816e-05, 2.5355954521204607e-05, 7.431917704491149e-05, 3.191352896634355e-05, 2.3607268002500542e-05, -5.399069626497999e-05, 5.399069630129816e-05, -0.0016629134449614703, -0.0002594176449974839, -0.0002594176449974839, -0.0002594176449974839, -0.0002594176449974839, -0.0002594176449974839, -0.00022444391470344272, -0.00018772149780943437, -3.4274255767741124e-05, 0.0003519231618892074, 0.0003519231618892074, -0.00011095015202045033, -0.053851101739183935, -1.7486865203864e-05, 0.00025941764504972686, 0.00025941764504972686, 0.00025941764504972686, -0.05639349211349898, 0.00025941764504972686, 0.00025941764504972686, 0.00022444391467562778, 0.00018772149778285168, 3.4274255766593605e-05, 0.0002623029778055508, 4.6340192745651e-05, 1.1519472441961294e-05, -0.0008524846779209838, 0.0008846167926321868, -0.000884616792654197, 0.0539426513532868, -0.0008524846778680956, 0.00025941764504972686, 1.1803634001250488e-05, 0.00025941764504972686, 0.00019567000627451845, 0.00025941764504972686, 0.00025941764504972686, 0.00025941764504972686, 0.00022444391467562778, 0.00018772149778285168, 3.4274255766593605e-05, -0.0015082421223820142, -0.0015082421223269193, 5.683231185787344e-06, 1.2677977260602304e-05, 3.7159588522455746e-05, 1.639393611284779e-05, 7.2133318896537265e-06, 1.5956764483171775e-05, 5.333493882046531e-06, 0.05383335844586773, 5.54750760137687e-05, 5.54750760137687e-05, -5.967392738837063e-06, 5.54750760137687e-05, -0.11455871187649791, -0.11455871187649791, -7.75979642639868e-05, -2.3104520628374208e-05, -0.00047809056099473723, -0.001152330011821412, 5.54750760137687e-05, -0.052220681166367786, -2.3104520664674055e-05, -0.00037709623256887426, 0.00034626178928494344, 0.0003388080129227977, 0.00033093892381910045, -0.0005049958473060112, 0.00035192316192933504, -0.0005049958473364313, 0.0006085647670904942, 0.0003485547545665213, 5.399069626497999e-05, 0.00011690770894378708, 3.4274255766593605e-05, 0.0001109501520275374, 1.2677977260602304e-05, 3.7159588522455746e-05, 1.5956764483171775e-05, 1.1803634001250488e-05, 0.0003519231618892074, 0.11442106838893354, -0.00019567000629194808, -0.00107443234201771, 5.399069630129816e-05, -0.0002841615592893698, 0.0003611231959389873, -0.0003611231959389873, -5.399069630129816e-05, -0.0002862848024074438, -0.0002862848024278719, -5.552079696884496e-05, -5.552079696884496e-05, -0.00018807310279576883, 0.0060118828372424105, 0.052864271259150164, -0.00018807310279576883, -0.00018807310279576883, -0.00018807310279576883, -0.000884616792654197, 0.0002841615593069946, 0.0001109501520275374, 0.0005891244729829912, -0.0007049749548286854, -0.0007049749548286854, 0.0001109501520275374, 0.00019567000627451845, 0.0001109501520275374, 0.0001109501520275374, 0.0001109501520275374, 0.0001109501520275374, 0.0001109501520275374, 0.0001109501520275374, -0.001671431732688689, -0.0010930580397097245, -0.0010930580397143785, -0.0003462617893319475, -0.0003462617893319475, -1.5301007038658184e-05, 0.0001109501520275374, 0.006011882837265947, 0.0006983794914889037, 0.0001109501520275374, 0.0007345376398907033, 0.0009454193511687775, 7.759796426748031e-05, 2.3104520628374208e-05, 0.0015082421223820142, 0.0007049749548471169, 1.7486865181307065e-05, 0.0005049958473060112, 0.0008524846778680956, 0.0002862848024074438, 0.0010930580397097245, 0.00034626178928494344]","[0.11429640889878101, 0.11429640889873136, 0.00019567000627451845, 0.0007237376330522238, 0.05832863233229091, 0.0001109501520275374, 5.683231185787344e-06, 1.639393611284779e-05, 7.2133318896537265e-06, 5.3334938820460975e-06, 0.0002594176449974839, 0.0002594176449974839, 0.0002594176449974839, 0.0002594176449974839, 0.0002594176449974839, 0.00022444391470344272, 0.00014138130507035385, 0.0060118828372424105, 0.006011882837265947, 0.0006983794914958708, 0.0006983794914958708, 0.00011095015202045033, 0.00035582783281200444, 0.00030386196945057727, 0.0001109501520275374, 0.00011095015202045033, 0.0007345376398907033, 0.0007345376399143788, 0.0008846167926321868, 0.00011095015202045033, 0.00022190030404090066, 0.0003770962325900379, 0.0005683231186139892, 0.0009454193511828635, 0.0003770962325900379, 0.0008846167926321868, 5.967392739697486e-06, 0.00018807310279576883, 0.00039279870926384186, 0.0007237376330522238, 0.0002841615592893698, 0.00011095015202045033, 0.0001109501520275374, 3.497373037409908e-05, 3.497373037409908e-05, 3.278787222569558e-05, 1.4426663779307453e-05, 1.0666987764093062e-05, 5.399069630129816e-05, 2.5355954521204607e-05, 7.431917704491149e-05, 3.191352896634355e-05, 2.3607268002500542e-05, 5.399069626497999e-05, 5.399069630129816e-05, 0.0016629134449614703, 0.0002594176449974839, 0.0002594176449974839, 0.0002594176449974839, 0.0002594176449974839, 0.0002594176449974839, 0.00022444391470344272, 0.00018772149780943437, 3.4274255767741124e-05, 0.0003519231618892074, 0.0003519231618892074, 0.00011095015202045033, 0.053851101739183935, 1.7486865203864e-05, 0.00025941764504972686, 0.00025941764504972686, 0.00025941764504972686, 0.05639349211349898, 0.00025941764504972686, 0.00025941764504972686, 0.00022444391467562778, 0.00018772149778285168, 3.4274255766593605e-05, 0.0002623029778055508, 4.6340192745651e-05, 1.1519472441961294e-05, 0.0008524846779209838, 0.0008846167926321868, 0.000884616792654197, 0.0539426513532868, 0.0008524846778680956, 0.00025941764504972686, 1.1803634001250488e-05, 0.00025941764504972686, 0.00019567000627451845, 0.00025941764504972686, 0.00025941764504972686, 0.00025941764504972686, 0.00022444391467562778, 0.00018772149778285168, 3.4274255766593605e-05, 0.0015082421223820142, 0.0015082421223269193, 5.683231185787344e-06, 1.2677977260602304e-05, 3.7159588522455746e-05, 1.639393611284779e-05, 7.2133318896537265e-06, 1.5956764483171775e-05, 5.333493882046531e-06, 0.05383335844586773, 5.54750760137687e-05, 5.54750760137687e-05, 5.967392738837063e-06, 5.54750760137687e-05, 0.11455871187649791, 0.11455871187649791, 7.75979642639868e-05, 2.3104520628374208e-05, 0.00047809056099473723, 0.001152330011821412, 5.54750760137687e-05, 0.052220681166367786, 2.3104520664674055e-05, 0.00037709623256887426, 0.00034626178928494344, 0.0003388080129227977, 0.00033093892381910045, 0.0005049958473060112, 0.00035192316192933504, 0.0005049958473364313, 0.0006085647670904942, 0.0003485547545665213, 5.399069626497999e-05, 0.00011690770894378708, 3.4274255766593605e-05, 0.0001109501520275374, 1.2677977260602304e-05, 3.7159588522455746e-05, 1.5956764483171775e-05, 1.1803634001250488e-05, 0.0003519231618892074, 0.11442106838893354, 0.00019567000629194808, 0.00107443234201771, 5.399069630129816e-05, 0.0002841615592893698, 0.0003611231959389873, 0.0003611231959389873, 5.399069630129816e-05, 0.0002862848024074438, 0.0002862848024278719, 5.552079696884496e-05, 5.552079696884496e-05, 0.00018807310279576883, 0.0060118828372424105, 0.052864271259150164, 0.00018807310279576883, 0.00018807310279576883, 0.00018807310279576883, 0.000884616792654197, 0.0002841615593069946, 0.0001109501520275374, 0.0005891244729829912, 0.0007049749548286854, 0.0007049749548286854, 0.0001109501520275374, 0.00019567000627451845, 0.0001109501520275374, 0.0001109501520275374, 0.0001109501520275374, 0.0001109501520275374, 0.0001109501520275374, 0.0001109501520275374, 0.001671431732688689, 0.0010930580397097245, 0.0010930580397143785, 0.0003462617893319475, 0.0003462617893319475, 1.5301007038658184e-05, 0.0001109501520275374, 0.006011882837265947, 0.0006983794914889037, 0.0001109501520275374, 0.0007345376398907033, 0.0009454193511687775, 7.759796426748031e-05, 2.3104520628374208e-05, 0.0015082421223820142, 0.0007049749548471169, 1.7486865181307065e-05, 0.0005049958473060112, 0.0008524846778680956, 0.0002862848024074438, 0.0010930580397097245, 0.00034626178928494344]","['GARFT', '2AGPGAT140', '2AGPGAT160', '2AGPGAT161', 'ADPT', 'ARGabcpp', 'ASNNpp', 'ASPabcpp', 'ASPO5', 'AST', 'CYTD', 'CHORM', 'DAPDC', 'FACOAE120', 'FACOAE160', 'FACOAE161', 'FACOAE181', 'DURIK1', 'FADRx', 'FRD2', 'HSDy', 'HSK', 'ILEabcpp', 'LEUabcpp', 'G3PD5', 'G3PGabcpp', 'NADH10', 'NADH17pp', 'NADPHQR3', 'NH4tpp', 'ORNabcpp', 'PPA', 'PPND', 'PPPGO3', 'PROabcpp', 'RNTR2c', 'RNTR3c', 'SADH', 'SGDS', 'SGSAD', 'SOTA', 'THRS', 'TYRTA', 'PIuabcpp', 'VALabcpp', 'ENOPH']","['EX_cytd_e', 'EX_ala__D_e', 'ACOAD1f', 'ACOAD2f', 'ACOAD3f', 'ACOAD4f', 'ACOAD5f', 'ACSERtex', 'ACSERtpp', 'ADEt2rpp', 'ADEtex', '4PEPTtex', 'AMPN', 'AGM4PApp', 'ANHGMtex', 'ARGtex', 'ALAALAr', 'ALAR', 'ASNtex', 'CYTDtex', 'DALAtex', 'FA120ACPHi', 'DRPA', 'DURIPP', 'ECOAH1', 'ECOAH2', 'ECOAH3', 'ECOAH4', 'ECOAH5', 'ECOAH6', 'ECOAH7', 'ECOAH8', 'EDA', 'EDD', 'GLUR', 'GLYC3Ptex', 'HACD1i', 'HACD2i', 'HACD3i', 'HACD4i', 'HACD5i', 'HACD6i', 'HACD7i', 'HACD8i', 'GMPR', 'ILEtex', 'ICL', 'KAT1', 'LPLIPAL1E181pp', 'ACACT11', 'ACACT8', 'ACACT13', 'ACACT10', 'ACACT9', 'ACACT12', 'ACACT8r', 'LEUtex', 'LPLIPAL2G140', 'LPLIPAL1E140pp', 'LPLIPAL1E160pp', 'LPLIPAL2G160', 'LPLIPAL2G161', 'LPLIPAL1E161pp', 'LPLIPAL2G181', 'MDDCP3pp', 'MDDCP4pp', 'MPTG', 'G3PEtex', 'MLTGY1pp', 'G3PGtex', 'NTD10', 'NTD2', 'G6PDH2r', 'ORNtex', 'NTPP2', 'NTPP4', 'NTPP7', 'NTPP8', 'CTECOAI8', 'PAPPT3', 'PLIPA2E140pp', 'PLIPA2E160pp', 'PLIPA2E161pp', 'PLIPA2E181pp', 'PGL', 'PFL', 'PPM2', 'PPPGO', 'PYNP2r', 'PROtex', 'SERAT', 'UAAGDS', 'TRPS1', 'TRPt2rpp', 'TRPtex', 'UAGCVT', 'UAGPT3', 'UAMAGS', 'UAMAS', 'UAPGR', 'UDCPDP', 'UGMDDS', 'VALtex', 'XTSNt2rpp', 'XTSNtex', 'EX_LalaDgluMdapDala_e', 'EX_acser_e', 'EX_ade_e', 'EX_anhgm_e', 'EX_arg__L_e', 'EX_asn__L_e', 'EX_g3pe_e', 'EX_g3pg_e', 'EX_leu__L_e', 'EX_trp__L_e', 'EX_glyc3p_e', 'EX_orn_e', 'EX_ile__L_e', 'EX_pro__L_e', 'EX_val__L_e', 'EX_xtsn_e']","['GART', 'GF6PTA', 'GHMT2r', '2AGPGAT181', 'ACOAD6f', 'ACOAD7f', 'ASAD', 'ASNt2rpp', 'ASPK', 'FACOAL140t2pp', 'FACOAL160t2pp', 'FACOAL161t2pp', 'FACOAL181t2pp', 'GLYCL', 'CTECOAI7', 'GPDDA4', 'G1PACT', 'MALS', 'MTHFC', 'MTHFD', 'NTD4', 'PGAMT', 'SERD_L', 'UAGDP']",GARFT,PFL,1.4070733902683086,1,191,24,-25.0,0.16996762057329368,iPC815,PSL,True,False,-19.0585416634143,0.0,0.135515102408,0.195655283038232
2,"['GALKr', 'DDPA', 'GART', 'DHAD1', 'DHAD2', 'GHMT2r', 'GLCP', 'AACPS1', 'AACPS3', 'AACPS5', 'AACPS7', 'AACPS9', 'ACALD', '3HAD100', '3HAD120', '3HAD140', '3HAD160', '3HAD161', '3HAD181', '3HAD40', 'ACHBS', '3HAD60', 'ACLS', '3HAD80', '3OAR100', '3OAR120', '3OAR140', 'ACOAD4f', '3OAR160', '3OAR161', 'ACOAD5f', 'ACOAD6f', '3OAR181', '3OAR40', 'ACOATA', '3OAR60', '3OAR80', '3OAS100', '3OAS120', '3OAS140', '3OAS160', '3OAS161', '3OAS181', '3OAS60', '3OAS80', 'ACS', 'ADCL', 'ADCS', 'ADMDC', 'ADPT', 'AMPN', 'ADSL1r', 'ADSL2r', 'ADSS', 'ANPRT', 'ANS', 'AGMHE', 'APRAUR', 'AGPAT141', 'AICART', 'AIRC2', 'AIRC3', 'ARGSL', 'ARGSS', 'AKGt2rpp', 'AKGtex', 'ASNS2', 'ALATA_L2', 'ASP1DC', 'ASPCT', 'ASPO5', 'ASPT', 'ASPTA', 'AST', 'ATPPRT', 'CAT', 'CYTD', 'CHORS', 'CLPNS140pp', 'CLPNS160pp', 'CLPNS161pp', 'CLPNS181pp', 'DB4PS', 'DCYTD', 'DHFR', 'DHFS', 'DHNPA2r', 'DHORD2', 'DHORTS', 'DHPPDA2', 'DHPS2', 'DHQS', 'FACOAE120', 'FLDR', 'FACOAE140', 'FACOAE160', 'FACOAE181', 'DNTPPA', 'DPCOAK', 'DPR', 'DRPA', 'FACOAE80', 'FACOAL140t2pp', 'FACOAL141t2pp', 'FACOAL160t2pp', 'FACOAL181t2pp', 'DURIPP', 'FADRx', 'ECOAH4', 'ECOAH5', 'ECOAH6', 'FMNAT', 'GLUDy', 'GLUN', 'GLUPRT', 'GUAPRT', 'GLYC3Pabcpp', 'GLYC3Ptex', 'GLYCL', 'GLYCLTDx', 'HACD4i', 'HACD5i', 'HACD6i', 'GLYCtex', 'GLYCtpp', 'GLYt2pp', 'GLYtex', 'GMHEPAT', 'GMHEPK', 'GMHEPPA', 'GMPR', 'HEX1', 'GPDDA4', 'HISTD', 'HISTP', 'GTPCI', 'GTPCII2', 'HPPK2', 'ILEtex', 'IMPC', 'IMPD', 'HSTPT', 'IPMD', 'IPPMIa', 'IPPMIb', 'IPPS', 'ICL', 'IG3PS', 'IGPDH', 'KARA1', 'IGPS', 'ILEt2rpp', 'KARA2', 'ILETA', 'KAS15', 'G1PACT', 'ACACT13', 'ACACT10', 'ACACT9', 'LPLIPAL1G140pp', 'LPLIPAL1G141pp', 'LPLIPAL1G160pp', 'LPLIPAL1G181pp', 'KDOCT2', 'KDOPP', 'KDOPS', 'LCTStex', 'LCTStpp', 'LEUTAi', 'LPADSS', 'G3PAT141', 'LYSt3pp', 'LYStex', 'MACPD', 'G3PD2', 'METabcpp', 'METAT', 'MOAT', 'MOAT2', 'MOHMT', 'MTAN', 'MTHFC', 'METtex', 'MTHFD', 'MTHFR2', 'G3PGabcpp', 'NADK', 'G3PGtex', 'NI2uabcpp', 'NAt3_1p5pp', 'NNATr', 'NNDPR', 'NI2abcpp', 'NTD1', 'NTD10', 'G6PDA', 'OMPDC', 'NTD3', 'NTD4', 'NTD6', 'ORNDC', 'NTD8', 'ORPT', 'NTP3', 'P5CD', 'NTPP1', 'NTPP2', 'NTPP3', 'NTPP5', 'NTPP7', 'NTPP8', 'PANTS', 'OAADC', 'OCBT', 'PE140abcpp', 'OMCDC', 'PE160abcpp', 'PE161abcpp', 'PE181abcpp', 'PLIPA2G140pp', 'PLIPA2G141pp', 'PLIPA2G160pp', 'PLIPA2G181pp', 'PNTK', 'PNTOt4pp', 'PGAMT', 'PGCD', 'PNTOtex', 'POX', 'PSD140', 'PGMT', 'PSD160', 'PSD161', 'PSD181', 'PPCDC', 'PSERT', 'PSP_L', 'PPM2', 'PPNCL2', 'PSSA140', 'PSSA160', 'PSSA161', 'PGP140abcpp', 'PSSA181', 'PGP141abcpp', 'PTPATi', 'PGP160abcpp', 'PGP161abcpp', 'PUNP2', 'PRAGSr', 'PRAIi', 'PUNP4', 'PYAM5PO', 'PRAIS', 'PRAMPC', 'PGP181abcpp', 'PRASCSi', 'PRATPP', 'PRFGS', 'PRMICI', 'QULNS', 'RBFK', 'RBFSa', 'RBFSb', 'PSCVT', 'PGPP140pp', 'PGPP141pp', 'RNTR3c', 'RPE', 'PGPP160pp', 'RPI', 'SADH', 'PGPP161pp', 'SERD_L', 'TALA', 'SGDS', 'SGSAD', 'CTECOAI6', 'TDSK', 'SHK3Dr', 'SHKK', 'PGPP181pp', 'SOTA', 'SPMS', 'THRA', 'THRD_L', 'PGSA140', 'THRt2pp', 'PGSA141', 'THRtex', 'PGSA160', 'TKT1', 'TKT2', 'TMDS', 'PGSA181', 'TYRt2rpp', 'TYRtex', 'U23GAAT', 'TRPS1', 'UAGAAT', 'UAGDP', 'PHEt2rpp', 'PHEtex', 'UDPG4E', 'UGLT', 'PMDPHT', 'UHGADA', 'NADS1', 'GALUi', 'DASYN141', 'UPPRT', 'DNMPPA', 'GCALDD', 'URIK2', 'USHD', 'VALTA', 'DHQTi', 'MTRK', 'MTRI', 'MDRPD', 'XTSNt2rpp', 'XTSNtex', 'ENOPH', 'ARD', 'UNK3', 'EAR40x', 'EAR100x', 'EAR120x', 'EAR160x', 'EAR181x', 'EAR60y', 'EAR80y', 'EAR140y', 'EAR161y', 'LPS_YPtetra', 'BIOMASS_37C', 'S7PI', 'A5PISO', 'LACZ', 'EX_akg_e', 'EX_g3pg_e', 'EX_lcts_e', 'EX_lys__L_e', 'EX_met__L_e', 'EX_glyc3p_e', 'EX_glyc_e', 'EX_gly_e', 'EX_tyr__L_e', 'EX_phe__L_e', 'EX_pnto__R_e', 'EX_ile__L_e', 'EX_xtsn_e', 'EX_thr__L_e', 'ORNCD', 'KOKDO_LIPAtetra']","[-0.014124737552292155, -0.015479282900000002, -0.021816902973950086, -0.17883129034780124, 0.3109963390802523, 0.5852942099511258, 0.023143782199999994, 0.002243476604000011, 0.007363930699999998, 0.0023564578239999995, 0.0019055328, 0.0039182518199999995, -0.32031750778678403, -0.013917488904000009, -0.013917488904000009, -0.00960740730400001, -0.007363930699999998, -0.005542484984, -0.0023564578239999995, -0.01783574072400001, 0.3109963390802523, -0.01783574072400001, -0.17883129034780124, -0.01783574072400001, -0.013917488904000009, -0.013917488904000009, -0.012011956104000009, 0.0039182518199999995, -0.007363930699999998, -0.005542484984, 0.0039182518199999995, 0.0002812996359999884, -0.0023564578239999995, -0.01783574072400001, -0.10861702959200004, -0.01783574072400001, -0.01783574072400001, -0.013917488904000009, -0.013917488904000009, -0.012011956104000009, -0.007363930699999998, -0.005542484984, -0.0023564578239999995, -0.01783574072400001, -0.01783574072400001, 0.0072980709831279925, -0.007514215000000008, -0.007514215000000008, -0.0010519900999999996, 0.06395834572508488, 0.06129831361508488, -0.04801568356328345, -0.021816902973950086, -0.04801568356328345, -0.007965067899999997, -0.007965067899999997, -0.0018034115999999998, -1.5028429999992474e-06, 0.002771242492000005, -0.03985101897395009, -0.021816902973950086, 0.021816902973950086, 0.04735458292978599, 0.04735458292978599, -0.00638149066161553, -0.00638149066161553, -0.039073917999999985, 0.13991468329999995, 7.02665219876053e-06, -0.04735458292978598, -0.0004102761389935911, 0.08261175202492649, 0.07478897799910178, 0.08492565792978599, -0.018034115999999996, 0.06995734164999998, 0.0015601013183250273, -0.015479282900000002, -0.00012924449799999995, -0.0003757107499999999, -0.00016531272999999993, -0.00012173028299999996, -3.0056859999984947e-06, 0.02119294170146095, -0.011226237210000007, -0.007514215000000008, -0.007514215000000008, -0.04735458292978598, 0.04735458292978598, -1.5028429999992474e-06, -0.007514215000000008, -0.015479282900000002, 0.0019055328, 0.017375720481460955, 0.002243476604000011, 0.007363930699999998, 0.0023564578239999995, -0.007514215000000008, -8.866773701265984e-06, 7.02665219876053e-06, 0.03243420734146095, 0.0039182518199999995, 0.0025247762399999993, 0.00554248498400001, 0.007363930699999998, 0.0023564578239999995, 0.02490496391146095, -0.008117803275999988, -0.0039182518199999995, -0.0039182518199999995, -0.0058237846199999995, -1.5028429999992474e-06, 0.16082602624866293, 0.11772396584790021, -0.021816902973950086, 0.0038172212199999987, -0.02756073762286064, -0.02756073762286064, -0.6363644394828771, 0.00751421500000049, 0.0039182518199999995, 0.0039182518199999995, 0.0058237846199999995, 0.07767990112090171, -0.07688790285990171, -1.0274825502797078, -1.0274825502797078, -0.0024045487999999997, -0.0024045487999999997, -0.0024045487999999997, 0.04184065196300001, -0.014124737552292155, -0.07688790285990171, -0.018034115999999996, -0.018034115999999996, -0.007514215000000008, -1.5028429999992474e-06, -0.007514215000000008, -0.3696072160802523, 0.03985101897395009, 0.05000531655233337, -0.018034115999999996, -0.10369616699999995, 0.10369616699999995, 0.10369616699999995, -0.10369616699999995, 0.00751421500000049, -0.018034115999999996, -0.018034115999999996, 0.17883129034780124, -0.007965067899999997, -0.3696072160802523, 0.3109963390802523, -0.3109963390802523, -0.01783574072400001, -0.0018034115999999998, 0.0039182518199999995, 0.0039182518199999995, 0.0058237846199999995, 0.0012623881199999997, 0.002771242492000005, 0.003681965349999999, 0.0011782289119999997, -0.0012022743999999998, -0.0012022743999999998, -0.0012022743999999998, -0.014124737552292155, -0.014124737552292155, -0.10369616699999995, -0.0006011371999999999, 0.002771242492000005, 0.03757107499999999, -0.03757107499999999, 0.10861702959200004, -0.11532621811676234, -0.021039801999999993, -0.0010519900999999996, -0.0006011371999999999, -0.0006011371999999999, 7.02665219876053e-06, -0.0010519900999999996, -0.03985101897395013, -0.021039801999999993, -0.03985101897395013, -0.007514214999999999, -0.07688790285990171, -7.965067899984269e-05, -0.08737474131390172, 3.617106727727335, -7.946712950013257e-06, -0.0004102761389935911, -0.0004102761389935911, 3.617106727727335, 0.0037120222099999984, 0.05000531655233337, 0.0018034115999999998, -0.04735458292978598, 0.02119294170146095, 0.0015601013183250273, 0.0037120222099999984, -0.006311940599999998, 0.0038172212199999987, 0.04735458292978598, 0.04495273924214073, 0.007048333670213985, 0.0038172212199999987, 0.03802343074300001, 0.02119294170146095, 0.0037120222099999984, 0.0037120222099999984, 0.023294066499999995, 7.02665219876053e-06, 0.07478897799910178, 0.04735458292978599, -0.0008716489399999998, -0.10369616699999995, -0.0025548330999999994, -0.0010970753899999998, -0.0008115352199999998, 0.0012623881199999997, 0.002771242492000005, 0.003681965349999999, 0.0011782289119999997, -8.866773701265984e-06, -1.5893425900026514e-05, 0.0018034115999999998, 0.07246979429997187, -1.5893425900026514e-05, 0.008500345383127992, -0.0008716489399999998, 0.01007103474770784, -0.0025548330999999994, -0.0010970753899999998, -0.0008115352199999998, -8.866773701265984e-06, 0.07246979429997187, 0.07246979429997187, 0.03243420734146095, -8.866773701265984e-06, -0.0008716489399999998, -0.0025548330999999994, -0.0010970753899999998, 0.0008716489399999999, -0.0008115352199999998, 0.002771242492000005, -8.866773701265984e-06, 0.0025548330999999994, 0.0010970753899999998, 0.0037120222099999984, -0.021816902973950086, -0.007965067899999997, 0.0038172212199999987, 0.13991468329999995, -0.021816902973950086, -0.018034115999999996, 0.0008115352199999999, -0.021816902973950086, -0.018034115999999996, -0.021816902973950086, -0.018034115999999996, -0.0004102761389935911, -1.5028429999992474e-06, -3.0056859999984947e-06, -1.5028429999992474e-06, -0.015479282900000002, 0.0008716489399999999, 0.002771242492000005, 0.017375720481513816, 0.04956394975817957, 0.0025548330999999994, 0.048358669672179555, 0.08492565792978599, 0.0010970753899999998, -0.4213764191011321, 0.01824460782908978, 0.08492565792978599, 0.08492565792978599, 0.00554248498400001, -0.0006011371999999999, -0.015479282900000002, -0.015479282900000002, 0.0008115352199999999, 0.08492565792978599, -0.0010519900999999996, -0.352751715128245, 0.3109963390802523, 0.0008716489399999999, 0.09886341004799264, 0.002771242492000005, -0.09886341004799264, 0.0025548330999999994, 0.015840059029089776, 0.03372389072908977, -0.0037120222099999984, 0.0008115352199999999, -0.019536958999999993, -0.019536958999999993, -0.0012022743999999998, -0.007965067899999997, -0.0012022743999999998, -0.0018034115999999998, -0.028554016999999994, -0.028554016999999994, 0.014124737552292155, -0.014124737552292155, -1.5028429999992474e-06, -0.0012022743999999998, -0.0004102761389935911, -0.0010519900999999996, 0.002771242492000005, 0.02490496391146095, -0.007514215000000008, -0.007514215000000008, 0.0015601013183250273, -0.0006011371999999999, 0.07514215000000002, -0.015479282900000002, -0.0010519900999999996, -0.0010519900999999996, -0.0010519900999999996, -0.05000531655233337, -0.05000531655233337, -0.0010519900999999996, -0.0010519900999999996, -0.0010519900999999996, -0.01783574072400001, -0.013917488904000009, -0.013917488904000009, -0.007363930699999998, -0.0023564578239999995, -0.01783574072400001, -0.01783574072400001, -0.00960740730400001, -0.005542484984, -0.0006011371999999999, -0.15028429999999995, -0.0024045487999999997, -0.0012022743999999998, -0.014124737552292155, 0.00638149066161553, 0.08737474131390172, 0.014124737552292155, 0.03757107499999999, 0.021039801999999993, 0.02756073762286064, -0.07767990112090171, 1.0274825502797078, 0.019536958999999993, 0.028554016999999994, 1.5893425900026514e-05, 0.3696072160802523, 0.05000531655233337, 0.09886341004799264, -0.041042642329785994, -0.0006011371999999999]","[0.014124737552292155, 0.015479282900000002, 0.021816902973950086, 0.17883129034780124, 0.3109963390802523, 0.5852942099511258, 0.023143782199999994, 0.002243476604000011, 0.007363930699999998, 0.0023564578239999995, 0.0019055328, 0.0039182518199999995, 0.32031750778678403, 0.013917488904000009, 0.013917488904000009, 0.00960740730400001, 0.007363930699999998, 0.005542484984, 0.0023564578239999995, 0.01783574072400001, 0.3109963390802523, 0.01783574072400001, 0.17883129034780124, 0.01783574072400001, 0.013917488904000009, 0.013917488904000009, 0.012011956104000009, 0.0039182518199999995, 0.007363930699999998, 0.005542484984, 0.0039182518199999995, 0.0002812996359999884, 0.0023564578239999995, 0.01783574072400001, 0.10861702959200004, 0.01783574072400001, 0.01783574072400001, 0.013917488904000009, 0.013917488904000009, 0.012011956104000009, 0.007363930699999998, 0.005542484984, 0.0023564578239999995, 0.01783574072400001, 0.01783574072400001, 0.0072980709831279925, 0.007514215000000008, 0.007514215000000008, 0.0010519900999999996, 0.06395834572508488, 0.06129831361508488, 0.04801568356328345, 0.021816902973950086, 0.04801568356328345, 0.007965067899999997, 0.007965067899999997, 0.0018034115999999998, 1.5028429999992474e-06, 0.002771242492000005, 0.03985101897395009, 0.021816902973950086, 0.021816902973950086, 0.04735458292978599, 0.04735458292978599, 0.00638149066161553, 0.00638149066161553, 0.039073917999999985, 0.13991468329999995, 7.02665219876053e-06, 0.04735458292978598, 0.0004102761389935911, 0.08261175202492649, 0.07478897799910178, 0.08492565792978599, 0.018034115999999996, 0.06995734164999998, 0.0015601013183250273, 0.015479282900000002, 0.00012924449799999995, 0.0003757107499999999, 0.00016531272999999993, 0.00012173028299999996, 3.0056859999984947e-06, 0.02119294170146095, 0.011226237210000007, 0.007514215000000008, 0.007514215000000008, 0.04735458292978598, 0.04735458292978598, 1.5028429999992474e-06, 0.007514215000000008, 0.015479282900000002, 0.0019055328, 0.017375720481460955, 0.002243476604000011, 0.007363930699999998, 0.0023564578239999995, 0.007514215000000008, 8.866773701265984e-06, 7.02665219876053e-06, 0.03243420734146095, 0.0039182518199999995, 0.0025247762399999993, 0.00554248498400001, 0.007363930699999998, 0.0023564578239999995, 0.02490496391146095, 0.008117803275999988, 0.0039182518199999995, 0.0039182518199999995, 0.0058237846199999995, 1.5028429999992474e-06, 0.16082602624866293, 0.11772396584790021, 0.021816902973950086, 0.0038172212199999987, 0.02756073762286064, 0.02756073762286064, 0.6363644394828771, 0.00751421500000049, 0.0039182518199999995, 0.0039182518199999995, 0.0058237846199999995, 0.07767990112090171, 0.07688790285990171, 1.0274825502797078, 1.0274825502797078, 0.0024045487999999997, 0.0024045487999999997, 0.0024045487999999997, 0.04184065196300001, 0.014124737552292155, 0.07688790285990171, 0.018034115999999996, 0.018034115999999996, 0.007514215000000008, 1.5028429999992474e-06, 0.007514215000000008, 0.3696072160802523, 0.03985101897395009, 0.05000531655233337, 0.018034115999999996, 0.10369616699999995, 0.10369616699999995, 0.10369616699999995, 0.10369616699999995, 0.00751421500000049, 0.018034115999999996, 0.018034115999999996, 0.17883129034780124, 0.007965067899999997, 0.3696072160802523, 0.3109963390802523, 0.3109963390802523, 0.01783574072400001, 0.0018034115999999998, 0.0039182518199999995, 0.0039182518199999995, 0.0058237846199999995, 0.0012623881199999997, 0.002771242492000005, 0.003681965349999999, 0.0011782289119999997, 0.0012022743999999998, 0.0012022743999999998, 0.0012022743999999998, 0.014124737552292155, 0.014124737552292155, 0.10369616699999995, 0.0006011371999999999, 0.002771242492000005, 0.03757107499999999, 0.03757107499999999, 0.10861702959200004, 0.11532621811676234, 0.021039801999999993, 0.0010519900999999996, 0.0006011371999999999, 0.0006011371999999999, 7.02665219876053e-06, 0.0010519900999999996, 0.03985101897395013, 0.021039801999999993, 0.03985101897395013, 0.007514214999999999, 0.07688790285990171, 7.965067899984269e-05, 0.08737474131390172, 3.617106727727335, 7.946712950013257e-06, 0.0004102761389935911, 0.0004102761389935911, 3.617106727727335, 0.0037120222099999984, 0.05000531655233337, 0.0018034115999999998, 0.04735458292978598, 0.02119294170146095, 0.0015601013183250273, 0.0037120222099999984, 0.006311940599999998, 0.0038172212199999987, 0.04735458292978598, 0.04495273924214073, 0.007048333670213985, 0.0038172212199999987, 0.03802343074300001, 0.02119294170146095, 0.0037120222099999984, 0.0037120222099999984, 0.023294066499999995, 7.02665219876053e-06, 0.07478897799910178, 0.04735458292978599, 0.0008716489399999998, 0.10369616699999995, 0.0025548330999999994, 0.0010970753899999998, 0.0008115352199999998, 0.0012623881199999997, 0.002771242492000005, 0.003681965349999999, 0.0011782289119999997, 8.866773701265984e-06, 1.5893425900026514e-05, 0.0018034115999999998, 0.07246979429997187, 1.5893425900026514e-05, 0.008500345383127992, 0.0008716489399999998, 0.01007103474770784, 0.0025548330999999994, 0.0010970753899999998, 0.0008115352199999998, 8.866773701265984e-06, 0.07246979429997187, 0.07246979429997187, 0.03243420734146095, 8.866773701265984e-06, 0.0008716489399999998, 0.0025548330999999994, 0.0010970753899999998, 0.0008716489399999999, 0.0008115352199999998, 0.002771242492000005, 8.866773701265984e-06, 0.0025548330999999994, 0.0010970753899999998, 0.0037120222099999984, 0.021816902973950086, 0.007965067899999997, 0.0038172212199999987, 0.13991468329999995, 0.021816902973950086, 0.018034115999999996, 0.0008115352199999999, 0.021816902973950086, 0.018034115999999996, 0.021816902973950086, 0.018034115999999996, 0.0004102761389935911, 1.5028429999992474e-06, 3.0056859999984947e-06, 1.5028429999992474e-06, 0.015479282900000002, 0.0008716489399999999, 0.002771242492000005, 0.017375720481513816, 0.04956394975817957, 0.0025548330999999994, 0.048358669672179555, 0.08492565792978599, 0.0010970753899999998, 0.4213764191011321, 0.01824460782908978, 0.08492565792978599, 0.08492565792978599, 0.00554248498400001, 0.0006011371999999999, 0.015479282900000002, 0.015479282900000002, 0.0008115352199999999, 0.08492565792978599, 0.0010519900999999996, 0.352751715128245, 0.3109963390802523, 0.0008716489399999999, 0.09886341004799264, 0.002771242492000005, 0.09886341004799264, 0.0025548330999999994, 0.015840059029089776, 0.03372389072908977, 0.0037120222099999984, 0.0008115352199999999, 0.019536958999999993, 0.019536958999999993, 0.0012022743999999998, 0.007965067899999997, 0.0012022743999999998, 0.0018034115999999998, 0.028554016999999994, 0.028554016999999994, 0.014124737552292155, 0.014124737552292155, 1.5028429999992474e-06, 0.0012022743999999998, 0.0004102761389935911, 0.0010519900999999996, 0.002771242492000005, 0.02490496391146095, 0.007514215000000008, 0.007514215000000008, 0.0015601013183250273, 0.0006011371999999999, 0.07514215000000002, 0.015479282900000002, 0.0010519900999999996, 0.0010519900999999996, 0.0010519900999999996, 0.05000531655233337, 0.05000531655233337, 0.0010519900999999996, 0.0010519900999999996, 0.0010519900999999996, 0.01783574072400001, 0.013917488904000009, 0.013917488904000009, 0.007363930699999998, 0.0023564578239999995, 0.01783574072400001, 0.01783574072400001, 0.00960740730400001, 0.005542484984, 0.0006011371999999999, 0.15028429999999995, 0.0024045487999999997, 0.0012022743999999998, 0.014124737552292155, 0.00638149066161553, 0.08737474131390172, 0.014124737552292155, 0.03757107499999999, 0.021039801999999993, 0.02756073762286064, 0.07767990112090171, 1.0274825502797078, 0.019536958999999993, 0.028554016999999994, 1.5893425900026514e-05, 0.3696072160802523, 0.05000531655233337, 0.09886341004799264, 0.041042642329785994, 0.0006011371999999999]","['GART', 'GHMT2r', '3HAD120', '3HAD140', '3HAD160', '3OAR120', '3OAR160', '3OAS120', '3OAS160', 'ASPO5', 'FADRx', 'GLYC3Pabcpp', 'GLYCtex', 'HEX1', 'GPDDA4', 'G3PGabcpp', 'NAt3_1p5pp', 'PNTOt4pp', 'PNTOtex', 'SERD_L', 'ENOPH', 'EAR100x', 'EAR120x', 'EAR160x', 'EAR60y', 'EAR80y', 'EAR140y', 'EAR161y', 'EX_glyc_e', 'EX_pnto__R_e']","['GALKr', 'GLCP', 'AACPS5', 'AACPS7', 'AACPS9', 'ACOAD4f', 'ACOAD5f', 'ACOATA', 'ACS', 'ADPT', 'AMPN', 'AKGt2rpp', 'AKGtex', 'ALATA_L2', 'ASP1DC', 'ASPT', 'AST', 'CAT', 'CYTD', 'DCYTD', 'FACOAE120', 'FACOAE181', 'DPR', 'DRPA', 'FACOAE80', 'FACOAL140t2pp', 'FACOAL160t2pp', 'FACOAL181t2pp', 'DURIPP', 'ECOAH4', 'ECOAH5', 'ECOAH6', 'GLUN', 'GUAPRT', 'GLYC3Ptex', 'GLYCLTDx', 'HACD4i', 'HACD5i', 'HACD6i', 'GMPR', 'ILEtex', 'ICL', 'ILEt2rpp', 'ACACT13', 'ACACT10', 'ACACT9', 'LPLIPAL1G140pp', 'LPLIPAL1G141pp', 'LPLIPAL1G160pp', 'LPLIPAL1G181pp', 'LCTStex', 'LCTStpp', 'LYSt3pp', 'MACPD', 'MOHMT', 'G3PGtex', 'NI2uabcpp', 'NI2abcpp', 'NTD1', 'NTD10', 'G6PDA', 'NTD3', 'NTD4', 'NTD6', 'NTD8', 'NTP3', 'P5CD', 'NTPP1', 'NTPP2', 'NTPP3', 'NTPP5', 'NTPP7', 'NTPP8', 'PANTS', 'OAADC', 'PLIPA2G140pp', 'PLIPA2G141pp', 'PLIPA2G160pp', 'PLIPA2G181pp', 'PGCD', 'POX', 'PSERT', 'PSP_L', 'PPM2', 'PGP140abcpp', 'PGP141abcpp', 'PGP160abcpp', 'PGP161abcpp', 'PUNP2', 'PUNP4', 'PYAM5PO', 'PGP181abcpp', 'PGPP140pp', 'PGPP141pp', 'RNTR3c', 'PGPP160pp', 'SADH', 'PGPP161pp', 'SGDS', 'SGSAD', 'PGPP181pp', 'SOTA', 'THRt2pp', 'PGSA141', 'THRtex', 'UDPG4E', 'UGLT', 'DASYN141', 'UPPRT', 'URIK2', 'XTSNt2rpp', 'XTSNtex', 'LACZ', 'EX_akg_e', 'EX_g3pg_e', 'EX_lcts_e', 'EX_glyc3p_e', 'EX_ile__L_e', 'EX_xtsn_e', 'EX_thr__L_e']","['DDPA', 'DHAD1', 'DHAD2', 'AACPS1', 'AACPS3', 'ACALD', '3HAD100', '3HAD161', '3HAD181', '3HAD40', 'ACHBS', '3HAD60', 'ACLS', '3HAD80', '3OAR100', '3OAR140', '3OAR161', 'ACOAD6f', '3OAR181', '3OAR40', '3OAR60', '3OAR80', '3OAS100', '3OAS140', '3OAS161', '3OAS181', '3OAS60', '3OAS80', 'ADCL', 'ADCS', 'ADMDC', 'ADSL1r', 'ADSL2r', 'ADSS', 'ANPRT', 'ANS', 'AGMHE', 'APRAUR', 'AGPAT141', 'AICART', 'AIRC2', 'AIRC3', 'ARGSL', 'ARGSS', 'ASNS2', 'ASPCT', 'ASPTA', 'ATPPRT', 'CHORS', 'CLPNS140pp', 'CLPNS160pp', 'CLPNS161pp', 'CLPNS181pp', 'DB4PS', 'DHFR', 'DHFS', 'DHNPA2r', 'DHORD2', 'DHORTS', 'DHPPDA2', 'DHPS2', 'DHQS', 'FLDR', 'FACOAE140', 'FACOAE160', 'DNTPPA', 'DPCOAK', 'FACOAL141t2pp', 'FMNAT', 'GLUDy', 'GLUPRT', 'GLYCL', 'GLYCtpp', 'GLYt2pp', 'GLYtex', 'GMHEPAT', 'GMHEPK', 'GMHEPPA', 'HISTD', 'HISTP', 'GTPCI', 'GTPCII2', 'HPPK2', 'IMPC', 'IMPD', 'HSTPT', 'IPMD', 'IPPMIa', 'IPPMIb', 'IPPS', 'IG3PS', 'IGPDH', 'KARA1', 'IGPS', 'KARA2', 'ILETA', 'KAS15', 'G1PACT', 'KDOCT2', 'KDOPP', 'KDOPS', 'LEUTAi', 'LPADSS', 'G3PAT141', 'LYStex', 'G3PD2', 'METabcpp', 'METAT', 'MOAT', 'MOAT2', 'MTAN', 'MTHFC', 'METtex', 'MTHFD', 'MTHFR2', 'NADK', 'NNATr', 'NNDPR', 'OMPDC', 'ORNDC', 'ORPT', 'OCBT', 'PE140abcpp', 'OMCDC', 'PE160abcpp', 'PE161abcpp', 'PE181abcpp', 'PNTK', 'PGAMT', 'PSD140', 'PGMT', 'PSD160', 'PSD161', 'PSD181', 'PPCDC', 'PPNCL2', 'PSSA140', 'PSSA160', 'PSSA161', 'PSSA181', 'PTPATi', 'PRAGSr', 'PRAIi', 'PRAIS', 'PRAMPC', 'PRASCSi', 'PRATPP', 'PRFGS', 'PRMICI', 'QULNS', 'RBFK', 'RBFSa', 'RBFSb', 'PSCVT', 'RPE', 'RPI', 'TALA', 'CTECOAI6', 'TDSK', 'SHK3Dr', 'SHKK', 'SPMS', 'THRA', 'THRD_L', 'PGSA140', 'PGSA160', 'TKT1', 'TKT2', 'TMDS', 'PGSA181', 'TYRt2rpp', 'TYRtex', 'U23GAAT', 'TRPS1', 'UAGAAT', 'UAGDP', 'PHEt2rpp', 'PHEtex', 'PMDPHT', 'UHGADA', 'NADS1', 'GALUi', 'DNMPPA', 'GCALDD', 'USHD', 'VALTA', 'DHQTi', 'MTRK', 'MTRI', 'MDRPD', 'ARD', 'UNK3', 'EAR40x', 'EAR181x', 'LPS_YPtetra', 'BIOMASS_37C', 'S7PI', 'A5PISO', 'EX_lys__L_e', 'EX_met__L_e', 'EX_gly_e', 'EX_tyr__L_e', 'EX_phe__L_e', 'ORNCD', 'KOKDO_LIPAtetra']",GHMT2r,PGCD,27.44153309741745,1,355,205,59.0,-6.017754364457938,iPC815,PSL,True,False,-19.0490041999496,0.0,0.0034027005745779,0.0
3,"['GALKr', 'DDPA', 'GART', 'DHAD1', 'DHAD2', 'GHMT2r', 'GLCP', 'AACPS1', 'AACPS3', 'AACPS5', 'AACPS7', 'AACPS9', 'ACALD', '3HAD100', '3HAD120', '3HAD140', '3HAD160', '3HAD161', '3HAD181', '3HAD40', 'ACHBS', '3HAD60', 'ACLS', '3HAD80', '3OAR100', '3OAR120', '3OAR140', 'ACOAD4f', '3OAR160', '3OAR161', 'ACOAD5f', 'ACOAD6f', '3OAR181', '3OAR40', 'ACOATA', '3OAR60', '3OAR80', '3OAS100', '3OAS120', '3OAS140', '3OAS160', '3OAS161', '3OAS181', '3OAS60', '3OAS80', 'ACS', 'ADCL', 'ADCS', 'ADMDC', 'ADPT', 'AMPN', 'ADSL1r', 'ADSL2r', 'ADSS', 'ANPRT', 'ANS', 'AGMHE', 'APRAUR', 'AGPAT141', 'AICART', 'AIRC2', 'AIRC3', 'ARGSL', 'ARGSS', 'AKGt2rpp', 'AKGtex', 'ASNS2', 'ALATA_L2', 'ASP1DC', 'ASPCT', 'ASPO5', 'ASPT', 'ASPTA', 'AST', 'ATPPRT', 'CAT', 'CYTD', 'CHORS', 'CLPNS140pp', 'CLPNS160pp', 'CLPNS161pp', 'CLPNS181pp', 'DB4PS', 'DCYTD', 'DHFR', 'DHFS', 'DHNPA2r', 'DHORD2', 'DHORTS', 'DHPPDA2', 'DHPS2', 'DHQS', 'FACOAE120', 'FLDR', 'FACOAE140', 'FACOAE160', 'FACOAE181', 'DNTPPA', 'DPCOAK', 'DPR', 'DRPA', 'FACOAE80', 'FACOAL140t2pp', 'FACOAL141t2pp', 'FACOAL160t2pp', 'FACOAL181t2pp', 'DURIPP', 'FADRx', 'ECOAH4', 'ECOAH5', 'ECOAH6', 'FMNAT', 'GLUDy', 'GLUN', 'GLUPRT', 'GUAPRT', 'GLYC3Pabcpp', 'GLYC3Ptex', 'GLYCL', 'GLYCLTDx', 'HACD4i', 'HACD5i', 'HACD6i', 'GLYCtex', 'GLYCtpp', 'GLYt2pp', 'GLYtex', 'GMHEPAT', 'GMHEPK', 'GMHEPPA', 'GMPR', 'HEX1', 'GPDDA4', 'HISTD', 'HISTP', 'GTPCI', 'GTPCII2', 'HPPK2', 'ILEtex', 'IMPC', 'IMPD', 'HSTPT', 'IPMD', 'IPPMIa', 'IPPMIb', 'IPPS', 'ICL', 'IG3PS', 'IGPDH', 'KARA1', 'IGPS', 'ILEt2rpp', 'KARA2', 'ILETA', 'KAS15', 'G1PACT', 'ACACT13', 'ACACT10', 'ACACT9', 'LPLIPAL1G140pp', 'LPLIPAL1G141pp', 'LPLIPAL1G160pp', 'LPLIPAL1G181pp', 'KDOCT2', 'KDOPP', 'KDOPS', 'LCTStex', 'LCTStpp', 'LEUTAi', 'LPADSS', 'G3PAT141', 'LYSt3pp', 'LYStex', 'MACPD', 'G3PD2', 'METabcpp', 'METAT', 'MOAT', 'MOAT2', 'MOHMT', 'MTAN', 'MTHFC', 'METtex', 'MTHFD', 'MTHFR2', 'G3PGabcpp', 'NADK', 'G3PGtex', 'NI2uabcpp', 'NAt3_1p5pp', 'NNATr', 'NNDPR', 'NI2abcpp', 'NTD1', 'NTD10', 'G6PDA', 'OMPDC', 'NTD3', 'NTD4', 'NTD6', 'ORNDC', 'NTD8', 'ORPT', 'NTP3', 'P5CD', 'NTPP1', 'NTPP2', 'NTPP3', 'NTPP5', 'NTPP7', 'NTPP8', 'PANTS', 'OAADC', 'OCBT', 'PE140abcpp', 'OMCDC', 'PE160abcpp', 'PE161abcpp', 'PE181abcpp', 'PLIPA2G140pp', 'PLIPA2G141pp', 'PLIPA2G160pp', 'PLIPA2G181pp', 'PNTK', 'PNTOt4pp', 'PGAMT', 'PGCD', 'PNTOtex', 'POX', 'PSD140', 'PGMT', 'PSD160', 'PSD161', 'PSD181', 'PPCDC', 'PSERT', 'PSP_L', 'PPM2', 'PPNCL2', 'PSSA140', 'PSSA160', 'PSSA161', 'PGP140abcpp', 'PSSA181', 'PGP141abcpp', 'PTPATi', 'PGP160abcpp', 'PGP161abcpp', 'PUNP2', 'PRAGSr', 'PRAIi', 'PUNP4', 'PYAM5PO', 'PRAIS', 'PRAMPC', 'PGP181abcpp', 'PRASCSi', 'PRATPP', 'PRFGS', 'PRMICI', 'QULNS', 'RBFK', 'RBFSa', 'RBFSb', 'PSCVT', 'PGPP140pp', 'PGPP141pp', 'RNTR3c', 'RPE', 'PGPP160pp', 'RPI', 'SADH', 'PGPP161pp', 'SERD_L', 'TALA', 'SGDS', 'SGSAD', 'CTECOAI6', 'TDSK', 'SHK3Dr', 'SHKK', 'PGPP181pp', 'SOTA', 'SPMS', 'THRA', 'THRD_L', 'PGSA140', 'THRt2pp', 'PGSA141', 'THRtex', 'PGSA160', 'TKT1', 'TKT2', 'TMDS', 'PGSA181', 'TYRt2rpp', 'TYRtex', 'U23GAAT', 'TRPS1', 'UAGAAT', 'UAGDP', 'PHEt2rpp', 'PHEtex', 'UDPG4E', 'UGLT', 'PMDPHT', 'UHGADA', 'NADS1', 'GALUi', 'DASYN141', 'UPPRT', 'DNMPPA', 'GCALDD', 'URIK2', 'USHD', 'VALTA', 'DHQTi', 'MTRK', 'MTRI', 'MDRPD', 'XTSNt2rpp', 'XTSNtex', 'ENOPH', 'ARD', 'UNK3', 'EAR40x', 'EAR100x', 'EAR120x', 'EAR160x', 'EAR181x', 'EAR60y', 'EAR80y', 'EAR140y', 'EAR161y', 'LPS_YPtetra', 'BIOMASS_37C', 'S7PI', 'A5PISO', 'LACZ', 'EX_akg_e', 'EX_g3pg_e', 'EX_lcts_e', 'EX_lys__L_e', 'EX_met__L_e', 'EX_glyc3p_e', 'EX_glyc_e', 'EX_gly_e', 'EX_tyr__L_e', 'EX_phe__L_e', 'EX_pnto__R_e', 'EX_ile__L_e', 'EX_xtsn_e', 'EX_thr__L_e', 'ORNCD', 'KOKDO_LIPAtetra']","[-0.014124737552292155, -0.015479282900000002, -0.021816902973950086, -0.17883129034780124, 0.3109963390802523, 0.5852942099511258, 0.023143782199999994, 0.002243476604000011, 0.007363930699999998, 0.0023564578239999995, 0.0019055328, 0.0039182518199999995, -0.32031750778678403, -0.013917488904000009, -0.013917488904000009, -0.00960740730400001, -0.007363930699999998, -0.005542484984, -0.0023564578239999995, -0.01783574072400001, 0.3109963390802523, -0.01783574072400001, -0.17883129034780124, -0.01783574072400001, -0.013917488904000009, -0.013917488904000009, -0.012011956104000009, 0.0039182518199999995, -0.007363930699999998, -0.005542484984, 0.0039182518199999995, 0.0002812996359999884, -0.0023564578239999995, -0.01783574072400001, -0.10861702959200004, -0.01783574072400001, -0.01783574072400001, -0.013917488904000009, -0.013917488904000009, -0.012011956104000009, -0.007363930699999998, -0.005542484984, -0.0023564578239999995, -0.01783574072400001, -0.01783574072400001, 0.0072980709831279925, -0.007514215000000008, -0.007514215000000008, -0.0010519900999999996, 0.06395834572508488, 0.06129831361508488, -0.04801568356328345, -0.021816902973950086, -0.04801568356328345, -0.007965067899999997, -0.007965067899999997, -0.0018034115999999998, -1.5028429999992474e-06, 0.002771242492000005, -0.03985101897395009, -0.021816902973950086, 0.021816902973950086, 0.04735458292978599, 0.04735458292978599, -0.00638149066161553, -0.00638149066161553, -0.039073917999999985, 0.13991468329999995, 7.02665219876053e-06, -0.04735458292978598, -0.0004102761389935911, 0.08261175202492649, 0.07478897799910178, 0.08492565792978599, -0.018034115999999996, 0.06995734164999998, 0.0015601013183250273, -0.015479282900000002, -0.00012924449799999995, -0.0003757107499999999, -0.00016531272999999993, -0.00012173028299999996, -3.0056859999984947e-06, 0.02119294170146095, -0.011226237210000007, -0.007514215000000008, -0.007514215000000008, -0.04735458292978598, 0.04735458292978598, -1.5028429999992474e-06, -0.007514215000000008, -0.015479282900000002, 0.0019055328, 0.017375720481460955, 0.002243476604000011, 0.007363930699999998, 0.0023564578239999995, -0.007514215000000008, -8.866773701265984e-06, 7.02665219876053e-06, 0.03243420734146095, 0.0039182518199999995, 0.0025247762399999993, 0.00554248498400001, 0.007363930699999998, 0.0023564578239999995, 0.02490496391146095, -0.008117803275999988, -0.0039182518199999995, -0.0039182518199999995, -0.0058237846199999995, -1.5028429999992474e-06, 0.16082602624866293, 0.11772396584790021, -0.021816902973950086, 0.0038172212199999987, -0.02756073762286064, -0.02756073762286064, -0.6363644394828771, 0.00751421500000049, 0.0039182518199999995, 0.0039182518199999995, 0.0058237846199999995, 0.07767990112090171, -0.07688790285990171, -1.0274825502797078, -1.0274825502797078, -0.0024045487999999997, -0.0024045487999999997, -0.0024045487999999997, 0.04184065196300001, -0.014124737552292155, -0.07688790285990171, -0.018034115999999996, -0.018034115999999996, -0.007514215000000008, -1.5028429999992474e-06, -0.007514215000000008, -0.3696072160802523, 0.03985101897395009, 0.05000531655233337, -0.018034115999999996, -0.10369616699999995, 0.10369616699999995, 0.10369616699999995, -0.10369616699999995, 0.00751421500000049, -0.018034115999999996, -0.018034115999999996, 0.17883129034780124, -0.007965067899999997, -0.3696072160802523, 0.3109963390802523, -0.3109963390802523, -0.01783574072400001, -0.0018034115999999998, 0.0039182518199999995, 0.0039182518199999995, 0.0058237846199999995, 0.0012623881199999997, 0.002771242492000005, 0.003681965349999999, 0.0011782289119999997, -0.0012022743999999998, -0.0012022743999999998, -0.0012022743999999998, -0.014124737552292155, -0.014124737552292155, -0.10369616699999995, -0.0006011371999999999, 0.002771242492000005, 0.03757107499999999, -0.03757107499999999, 0.10861702959200004, -0.11532621811676234, -0.021039801999999993, -0.0010519900999999996, -0.0006011371999999999, -0.0006011371999999999, 7.02665219876053e-06, -0.0010519900999999996, -0.03985101897395013, -0.021039801999999993, -0.03985101897395013, -0.007514214999999999, -0.07688790285990171, -7.965067899984269e-05, -0.08737474131390172, 3.617106727727335, -7.946712950013257e-06, -0.0004102761389935911, -0.0004102761389935911, 3.617106727727335, 0.0037120222099999984, 0.05000531655233337, 0.0018034115999999998, -0.04735458292978598, 0.02119294170146095, 0.0015601013183250273, 0.0037120222099999984, -0.006311940599999998, 0.0038172212199999987, 0.04735458292978598, 0.04495273924214073, 0.007048333670213985, 0.0038172212199999987, 0.03802343074300001, 0.02119294170146095, 0.0037120222099999984, 0.0037120222099999984, 0.023294066499999995, 7.02665219876053e-06, 0.07478897799910178, 0.04735458292978599, -0.0008716489399999998, -0.10369616699999995, -0.0025548330999999994, -0.0010970753899999998, -0.0008115352199999998, 0.0012623881199999997, 0.002771242492000005, 0.003681965349999999, 0.0011782289119999997, -8.866773701265984e-06, -1.5893425900026514e-05, 0.0018034115999999998, 0.07246979429997187, -1.5893425900026514e-05, 0.008500345383127992, -0.0008716489399999998, 0.01007103474770784, -0.0025548330999999994, -0.0010970753899999998, -0.0008115352199999998, -8.866773701265984e-06, 0.07246979429997187, 0.07246979429997187, 0.03243420734146095, -8.866773701265984e-06, -0.0008716489399999998, -0.0025548330999999994, -0.0010970753899999998, 0.0008716489399999999, -0.0008115352199999998, 0.002771242492000005, -8.866773701265984e-06, 0.0025548330999999994, 0.0010970753899999998, 0.0037120222099999984, -0.021816902973950086, -0.007965067899999997, 0.0038172212199999987, 0.13991468329999995, -0.021816902973950086, -0.018034115999999996, 0.0008115352199999999, -0.021816902973950086, -0.018034115999999996, -0.021816902973950086, -0.018034115999999996, -0.0004102761389935911, -1.5028429999992474e-06, -3.0056859999984947e-06, -1.5028429999992474e-06, -0.015479282900000002, 0.0008716489399999999, 0.002771242492000005, 0.017375720481513816, 0.04956394975817957, 0.0025548330999999994, 0.048358669672179555, 0.08492565792978599, 0.0010970753899999998, -0.4213764191011321, 0.01824460782908978, 0.08492565792978599, 0.08492565792978599, 0.00554248498400001, -0.0006011371999999999, -0.015479282900000002, -0.015479282900000002, 0.0008115352199999999, 0.08492565792978599, -0.0010519900999999996, -0.352751715128245, 0.3109963390802523, 0.0008716489399999999, 0.09886341004799264, 0.002771242492000005, -0.09886341004799264, 0.0025548330999999994, 0.015840059029089776, 0.03372389072908977, -0.0037120222099999984, 0.0008115352199999999, -0.019536958999999993, -0.019536958999999993, -0.0012022743999999998, -0.007965067899999997, -0.0012022743999999998, -0.0018034115999999998, -0.028554016999999994, -0.028554016999999994, 0.014124737552292155, -0.014124737552292155, -1.5028429999992474e-06, -0.0012022743999999998, -0.0004102761389935911, -0.0010519900999999996, 0.002771242492000005, 0.02490496391146095, -0.007514215000000008, -0.007514215000000008, 0.0015601013183250273, -0.0006011371999999999, 0.07514215000000002, -0.015479282900000002, -0.0010519900999999996, -0.0010519900999999996, -0.0010519900999999996, -0.05000531655233337, -0.05000531655233337, -0.0010519900999999996, -0.0010519900999999996, -0.0010519900999999996, -0.01783574072400001, -0.013917488904000009, -0.013917488904000009, -0.007363930699999998, -0.0023564578239999995, -0.01783574072400001, -0.01783574072400001, -0.00960740730400001, -0.005542484984, -0.0006011371999999999, -0.15028429999999995, -0.0024045487999999997, -0.0012022743999999998, -0.014124737552292155, 0.00638149066161553, 0.08737474131390172, 0.014124737552292155, 0.03757107499999999, 0.021039801999999993, 0.02756073762286064, -0.07767990112090171, 1.0274825502797078, 0.019536958999999993, 0.028554016999999994, 1.5893425900026514e-05, 0.3696072160802523, 0.05000531655233337, 0.09886341004799264, -0.041042642329785994, -0.0006011371999999999]","[0.014124737552292155, 0.015479282900000002, 0.021816902973950086, 0.17883129034780124, 0.3109963390802523, 0.5852942099511258, 0.023143782199999994, 0.002243476604000011, 0.007363930699999998, 0.0023564578239999995, 0.0019055328, 0.0039182518199999995, 0.32031750778678403, 0.013917488904000009, 0.013917488904000009, 0.00960740730400001, 0.007363930699999998, 0.005542484984, 0.0023564578239999995, 0.01783574072400001, 0.3109963390802523, 0.01783574072400001, 0.17883129034780124, 0.01783574072400001, 0.013917488904000009, 0.013917488904000009, 0.012011956104000009, 0.0039182518199999995, 0.007363930699999998, 0.005542484984, 0.0039182518199999995, 0.0002812996359999884, 0.0023564578239999995, 0.01783574072400001, 0.10861702959200004, 0.01783574072400001, 0.01783574072400001, 0.013917488904000009, 0.013917488904000009, 0.012011956104000009, 0.007363930699999998, 0.005542484984, 0.0023564578239999995, 0.01783574072400001, 0.01783574072400001, 0.0072980709831279925, 0.007514215000000008, 0.007514215000000008, 0.0010519900999999996, 0.06395834572508488, 0.06129831361508488, 0.04801568356328345, 0.021816902973950086, 0.04801568356328345, 0.007965067899999997, 0.007965067899999997, 0.0018034115999999998, 1.5028429999992474e-06, 0.002771242492000005, 0.03985101897395009, 0.021816902973950086, 0.021816902973950086, 0.04735458292978599, 0.04735458292978599, 0.00638149066161553, 0.00638149066161553, 0.039073917999999985, 0.13991468329999995, 7.02665219876053e-06, 0.04735458292978598, 0.0004102761389935911, 0.08261175202492649, 0.07478897799910178, 0.08492565792978599, 0.018034115999999996, 0.06995734164999998, 0.0015601013183250273, 0.015479282900000002, 0.00012924449799999995, 0.0003757107499999999, 0.00016531272999999993, 0.00012173028299999996, 3.0056859999984947e-06, 0.02119294170146095, 0.011226237210000007, 0.007514215000000008, 0.007514215000000008, 0.04735458292978598, 0.04735458292978598, 1.5028429999992474e-06, 0.007514215000000008, 0.015479282900000002, 0.0019055328, 0.017375720481460955, 0.002243476604000011, 0.007363930699999998, 0.0023564578239999995, 0.007514215000000008, 8.866773701265984e-06, 7.02665219876053e-06, 0.03243420734146095, 0.0039182518199999995, 0.0025247762399999993, 0.00554248498400001, 0.007363930699999998, 0.0023564578239999995, 0.02490496391146095, 0.008117803275999988, 0.0039182518199999995, 0.0039182518199999995, 0.0058237846199999995, 1.5028429999992474e-06, 0.16082602624866293, 0.11772396584790021, 0.021816902973950086, 0.0038172212199999987, 0.02756073762286064, 0.02756073762286064, 0.6363644394828771, 0.00751421500000049, 0.0039182518199999995, 0.0039182518199999995, 0.0058237846199999995, 0.07767990112090171, 0.07688790285990171, 1.0274825502797078, 1.0274825502797078, 0.0024045487999999997, 0.0024045487999999997, 0.0024045487999999997, 0.04184065196300001, 0.014124737552292155, 0.07688790285990171, 0.018034115999999996, 0.018034115999999996, 0.007514215000000008, 1.5028429999992474e-06, 0.007514215000000008, 0.3696072160802523, 0.03985101897395009, 0.05000531655233337, 0.018034115999999996, 0.10369616699999995, 0.10369616699999995, 0.10369616699999995, 0.10369616699999995, 0.00751421500000049, 0.018034115999999996, 0.018034115999999996, 0.17883129034780124, 0.007965067899999997, 0.3696072160802523, 0.3109963390802523, 0.3109963390802523, 0.01783574072400001, 0.0018034115999999998, 0.0039182518199999995, 0.0039182518199999995, 0.0058237846199999995, 0.0012623881199999997, 0.002771242492000005, 0.003681965349999999, 0.0011782289119999997, 0.0012022743999999998, 0.0012022743999999998, 0.0012022743999999998, 0.014124737552292155, 0.014124737552292155, 0.10369616699999995, 0.0006011371999999999, 0.002771242492000005, 0.03757107499999999, 0.03757107499999999, 0.10861702959200004, 0.11532621811676234, 0.021039801999999993, 0.0010519900999999996, 0.0006011371999999999, 0.0006011371999999999, 7.02665219876053e-06, 0.0010519900999999996, 0.03985101897395013, 0.021039801999999993, 0.03985101897395013, 0.007514214999999999, 0.07688790285990171, 7.965067899984269e-05, 0.08737474131390172, 3.617106727727335, 7.946712950013257e-06, 0.0004102761389935911, 0.0004102761389935911, 3.617106727727335, 0.0037120222099999984, 0.05000531655233337, 0.0018034115999999998, 0.04735458292978598, 0.02119294170146095, 0.0015601013183250273, 0.0037120222099999984, 0.006311940599999998, 0.0038172212199999987, 0.04735458292978598, 0.04495273924214073, 0.007048333670213985, 0.0038172212199999987, 0.03802343074300001, 0.02119294170146095, 0.0037120222099999984, 0.0037120222099999984, 0.023294066499999995, 7.02665219876053e-06, 0.07478897799910178, 0.04735458292978599, 0.0008716489399999998, 0.10369616699999995, 0.0025548330999999994, 0.0010970753899999998, 0.0008115352199999998, 0.0012623881199999997, 0.002771242492000005, 0.003681965349999999, 0.0011782289119999997, 8.866773701265984e-06, 1.5893425900026514e-05, 0.0018034115999999998, 0.07246979429997187, 1.5893425900026514e-05, 0.008500345383127992, 0.0008716489399999998, 0.01007103474770784, 0.0025548330999999994, 0.0010970753899999998, 0.0008115352199999998, 8.866773701265984e-06, 0.07246979429997187, 0.07246979429997187, 0.03243420734146095, 8.866773701265984e-06, 0.0008716489399999998, 0.0025548330999999994, 0.0010970753899999998, 0.0008716489399999999, 0.0008115352199999998, 0.002771242492000005, 8.866773701265984e-06, 0.0025548330999999994, 0.0010970753899999998, 0.0037120222099999984, 0.021816902973950086, 0.007965067899999997, 0.0038172212199999987, 0.13991468329999995, 0.021816902973950086, 0.018034115999999996, 0.0008115352199999999, 0.021816902973950086, 0.018034115999999996, 0.021816902973950086, 0.018034115999999996, 0.0004102761389935911, 1.5028429999992474e-06, 3.0056859999984947e-06, 1.5028429999992474e-06, 0.015479282900000002, 0.0008716489399999999, 0.002771242492000005, 0.017375720481513816, 0.04956394975817957, 0.0025548330999999994, 0.048358669672179555, 0.08492565792978599, 0.0010970753899999998, 0.4213764191011321, 0.01824460782908978, 0.08492565792978599, 0.08492565792978599, 0.00554248498400001, 0.0006011371999999999, 0.015479282900000002, 0.015479282900000002, 0.0008115352199999999, 0.08492565792978599, 0.0010519900999999996, 0.352751715128245, 0.3109963390802523, 0.0008716489399999999, 0.09886341004799264, 0.002771242492000005, 0.09886341004799264, 0.0025548330999999994, 0.015840059029089776, 0.03372389072908977, 0.0037120222099999984, 0.0008115352199999999, 0.019536958999999993, 0.019536958999999993, 0.0012022743999999998, 0.007965067899999997, 0.0012022743999999998, 0.0018034115999999998, 0.028554016999999994, 0.028554016999999994, 0.014124737552292155, 0.014124737552292155, 1.5028429999992474e-06, 0.0012022743999999998, 0.0004102761389935911, 0.0010519900999999996, 0.002771242492000005, 0.02490496391146095, 0.007514215000000008, 0.007514215000000008, 0.0015601013183250273, 0.0006011371999999999, 0.07514215000000002, 0.015479282900000002, 0.0010519900999999996, 0.0010519900999999996, 0.0010519900999999996, 0.05000531655233337, 0.05000531655233337, 0.0010519900999999996, 0.0010519900999999996, 0.0010519900999999996, 0.01783574072400001, 0.013917488904000009, 0.013917488904000009, 0.007363930699999998, 0.0023564578239999995, 0.01783574072400001, 0.01783574072400001, 0.00960740730400001, 0.005542484984, 0.0006011371999999999, 0.15028429999999995, 0.0024045487999999997, 0.0012022743999999998, 0.014124737552292155, 0.00638149066161553, 0.08737474131390172, 0.014124737552292155, 0.03757107499999999, 0.021039801999999993, 0.02756073762286064, 0.07767990112090171, 1.0274825502797078, 0.019536958999999993, 0.028554016999999994, 1.5893425900026514e-05, 0.3696072160802523, 0.05000531655233337, 0.09886341004799264, 0.041042642329785994, 0.0006011371999999999]","['GART', 'GHMT2r', '3HAD120', '3HAD140', '3HAD160', '3OAR120', '3OAR160', '3OAS120', '3OAS160', 'ASPO5', 'FADRx', 'GLYC3Pabcpp', 'GLYCtex', 'HEX1', 'GPDDA4', 'G3PGabcpp', 'NAt3_1p5pp', 'PNTOt4pp', 'PNTOtex', 'SERD_L', 'ENOPH', 'EAR100x', 'EAR120x', 'EAR160x', 'EAR60y', 'EAR80y', 'EAR140y', 'EAR161y', 'EX_glyc_e', 'EX_pnto__R_e']","['GALKr', 'GLCP', 'AACPS5', 'AACPS7', 'AACPS9', 'ACOAD4f', 'ACOAD5f', 'ACOATA', 'ACS', 'ADPT', 'AMPN', 'AKGt2rpp', 'AKGtex', 'ALATA_L2', 'ASP1DC', 'ASPT', 'AST', 'CAT', 'CYTD', 'DCYTD', 'FACOAE120', 'FACOAE181', 'DPR', 'DRPA', 'FACOAE80', 'FACOAL140t2pp', 'FACOAL160t2pp', 'FACOAL181t2pp', 'DURIPP', 'ECOAH4', 'ECOAH5', 'ECOAH6', 'GLUN', 'GUAPRT', 'GLYC3Ptex', 'GLYCLTDx', 'HACD4i', 'HACD5i', 'HACD6i', 'GMPR', 'ILEtex', 'ICL', 'ILEt2rpp', 'ACACT13', 'ACACT10', 'ACACT9', 'LPLIPAL1G140pp', 'LPLIPAL1G141pp', 'LPLIPAL1G160pp', 'LPLIPAL1G181pp', 'LCTStex', 'LCTStpp', 'LYSt3pp', 'MACPD', 'MOHMT', 'G3PGtex', 'NI2uabcpp', 'NI2abcpp', 'NTD1', 'NTD10', 'G6PDA', 'NTD3', 'NTD4', 'NTD6', 'NTD8', 'NTP3', 'P5CD', 'NTPP1', 'NTPP2', 'NTPP3', 'NTPP5', 'NTPP7', 'NTPP8', 'PANTS', 'OAADC', 'PLIPA2G140pp', 'PLIPA2G141pp', 'PLIPA2G160pp', 'PLIPA2G181pp', 'PGCD', 'POX', 'PSERT', 'PSP_L', 'PPM2', 'PGP140abcpp', 'PGP141abcpp', 'PGP160abcpp', 'PGP161abcpp', 'PUNP2', 'PUNP4', 'PYAM5PO', 'PGP181abcpp', 'PGPP140pp', 'PGPP141pp', 'RNTR3c', 'PGPP160pp', 'SADH', 'PGPP161pp', 'SGDS', 'SGSAD', 'PGPP181pp', 'SOTA', 'THRt2pp', 'PGSA141', 'THRtex', 'UDPG4E', 'UGLT', 'DASYN141', 'UPPRT', 'URIK2', 'XTSNt2rpp', 'XTSNtex', 'LACZ', 'EX_akg_e', 'EX_g3pg_e', 'EX_lcts_e', 'EX_glyc3p_e', 'EX_ile__L_e', 'EX_xtsn_e', 'EX_thr__L_e']","['DDPA', 'DHAD1', 'DHAD2', 'AACPS1', 'AACPS3', 'ACALD', '3HAD100', '3HAD161', '3HAD181', '3HAD40', 'ACHBS', '3HAD60', 'ACLS', '3HAD80', '3OAR100', '3OAR140', '3OAR161', 'ACOAD6f', '3OAR181', '3OAR40', '3OAR60', '3OAR80', '3OAS100', '3OAS140', '3OAS161', '3OAS181', '3OAS60', '3OAS80', 'ADCL', 'ADCS', 'ADMDC', 'ADSL1r', 'ADSL2r', 'ADSS', 'ANPRT', 'ANS', 'AGMHE', 'APRAUR', 'AGPAT141', 'AICART', 'AIRC2', 'AIRC3', 'ARGSL', 'ARGSS', 'ASNS2', 'ASPCT', 'ASPTA', 'ATPPRT', 'CHORS', 'CLPNS140pp', 'CLPNS160pp', 'CLPNS161pp', 'CLPNS181pp', 'DB4PS', 'DHFR', 'DHFS', 'DHNPA2r', 'DHORD2', 'DHORTS', 'DHPPDA2', 'DHPS2', 'DHQS', 'FLDR', 'FACOAE140', 'FACOAE160', 'DNTPPA', 'DPCOAK', 'FACOAL141t2pp', 'FMNAT', 'GLUDy', 'GLUPRT', 'GLYCL', 'GLYCtpp', 'GLYt2pp', 'GLYtex', 'GMHEPAT', 'GMHEPK', 'GMHEPPA', 'HISTD', 'HISTP', 'GTPCI', 'GTPCII2', 'HPPK2', 'IMPC', 'IMPD', 'HSTPT', 'IPMD', 'IPPMIa', 'IPPMIb', 'IPPS', 'IG3PS', 'IGPDH', 'KARA1', 'IGPS', 'KARA2', 'ILETA', 'KAS15', 'G1PACT', 'KDOCT2', 'KDOPP', 'KDOPS', 'LEUTAi', 'LPADSS', 'G3PAT141', 'LYStex', 'G3PD2', 'METabcpp', 'METAT', 'MOAT', 'MOAT2', 'MTAN', 'MTHFC', 'METtex', 'MTHFD', 'MTHFR2', 'NADK', 'NNATr', 'NNDPR', 'OMPDC', 'ORNDC', 'ORPT', 'OCBT', 'PE140abcpp', 'OMCDC', 'PE160abcpp', 'PE161abcpp', 'PE181abcpp', 'PNTK', 'PGAMT', 'PSD140', 'PGMT', 'PSD160', 'PSD161', 'PSD181', 'PPCDC', 'PPNCL2', 'PSSA140', 'PSSA160', 'PSSA161', 'PSSA181', 'PTPATi', 'PRAGSr', 'PRAIi', 'PRAIS', 'PRAMPC', 'PRASCSi', 'PRATPP', 'PRFGS', 'PRMICI', 'QULNS', 'RBFK', 'RBFSa', 'RBFSb', 'PSCVT', 'RPE', 'RPI', 'TALA', 'CTECOAI6', 'TDSK', 'SHK3Dr', 'SHKK', 'SPMS', 'THRA', 'THRD_L', 'PGSA140', 'PGSA160', 'TKT1', 'TKT2', 'TMDS', 'PGSA181', 'TYRt2rpp', 'TYRtex', 'U23GAAT', 'TRPS1', 'UAGAAT', 'UAGDP', 'PHEt2rpp', 'PHEtex', 'PMDPHT', 'UHGADA', 'NADS1', 'GALUi', 'DNMPPA', 'GCALDD', 'USHD', 'VALTA', 'DHQTi', 'MTRK', 'MTRI', 'MDRPD', 'ARD', 'UNK3', 'EAR40x', 'EAR181x', 'LPS_YPtetra', 'BIOMASS_37C', 'S7PI', 'A5PISO', 'EX_lys__L_e', 'EX_met__L_e', 'EX_gly_e', 'EX_tyr__L_e', 'EX_phe__L_e', 'ORNCD', 'KOKDO_LIPAtetra']",GHMT2r,PSERT,27.44153309741745,1,355,205,59.0,-6.017754364457938,iPC815,PSL,True,False,-19.0490041999496,0.0,0.0034027005745779,1.67299444915336e-05
4,"['GALKr', 'DDPA', 'GART', 'DHAD1', 'DHAD2', 'GHMT2r', 'GLCP', 'AACPS1', 'AACPS3', 'AACPS5', 'AACPS7', 'AACPS9', 'ACALD', '3HAD100', '3HAD120', '3HAD140', '3HAD160', '3HAD161', '3HAD181', '3HAD40', 'ACHBS', '3HAD60', 'ACLS', '3HAD80', '3OAR100', '3OAR120', '3OAR140', 'ACOAD4f', '3OAR160', '3OAR161', 'ACOAD5f', 'ACOAD6f', '3OAR181', '3OAR40', 'ACOATA', '3OAR60', '3OAR80', '3OAS100', '3OAS120', '3OAS140', '3OAS160', '3OAS161', '3OAS181', '3OAS60', '3OAS80', 'ACS', 'ADCL', 'ADCS', 'ADMDC', 'ADPT', 'AMPN', 'ADSL1r', 'ADSL2r', 'ADSS', 'ANPRT', 'ANS', 'AGMHE', 'APRAUR', 'AGPAT141', 'AICART', 'AIRC2', 'AIRC3', 'ARGSL', 'ARGSS', 'AKGt2rpp', 'AKGtex', 'ASNS2', 'ALATA_L2', 'ASP1DC', 'ASPCT', 'ASPO5', 'ASPT', 'ASPTA', 'AST', 'ATPPRT', 'CAT', 'CYTD', 'CHORS', 'CLPNS140pp', 'CLPNS160pp', 'CLPNS161pp', 'CLPNS181pp', 'DB4PS', 'DCYTD', 'DHFR', 'DHFS', 'DHNPA2r', 'DHORD2', 'DHORTS', 'DHPPDA2', 'DHPS2', 'DHQS', 'FACOAE120', 'FLDR', 'FACOAE140', 'FACOAE160', 'FACOAE181', 'DNTPPA', 'DPCOAK', 'DPR', 'DRPA', 'FACOAE80', 'FACOAL140t2pp', 'FACOAL141t2pp', 'FACOAL160t2pp', 'FACOAL181t2pp', 'DURIPP', 'FADRx', 'ECOAH4', 'ECOAH5', 'ECOAH6', 'FMNAT', 'GLUDy', 'GLUN', 'GLUPRT', 'GUAPRT', 'GLYC3Pabcpp', 'GLYC3Ptex', 'GLYCL', 'GLYCLTDx', 'HACD4i', 'HACD5i', 'HACD6i', 'GLYCtex', 'GLYCtpp', 'GLYt2pp', 'GLYtex', 'GMHEPAT', 'GMHEPK', 'GMHEPPA', 'GMPR', 'HEX1', 'GPDDA4', 'HISTD', 'HISTP', 'GTPCI', 'GTPCII2', 'HPPK2', 'ILEtex', 'IMPC', 'IMPD', 'HSTPT', 'IPMD', 'IPPMIa', 'IPPMIb', 'IPPS', 'ICL', 'IG3PS', 'IGPDH', 'KARA1', 'IGPS', 'ILEt2rpp', 'KARA2', 'ILETA', 'KAS15', 'G1PACT', 'ACACT13', 'ACACT10', 'ACACT9', 'LPLIPAL1G140pp', 'LPLIPAL1G141pp', 'LPLIPAL1G160pp', 'LPLIPAL1G181pp', 'KDOCT2', 'KDOPP', 'KDOPS', 'LCTStex', 'LCTStpp', 'LEUTAi', 'LPADSS', 'G3PAT141', 'LYSt3pp', 'LYStex', 'MACPD', 'G3PD2', 'METabcpp', 'METAT', 'MOAT', 'MOAT2', 'MOHMT', 'MTAN', 'MTHFC', 'METtex', 'MTHFD', 'MTHFR2', 'G3PGabcpp', 'NADK', 'G3PGtex', 'NI2uabcpp', 'NAt3_1p5pp', 'NNATr', 'NNDPR', 'NI2abcpp', 'NTD1', 'NTD10', 'G6PDA', 'OMPDC', 'NTD3', 'NTD4', 'NTD6', 'ORNDC', 'NTD8', 'ORPT', 'NTP3', 'P5CD', 'NTPP1', 'NTPP2', 'NTPP3', 'NTPP5', 'NTPP7', 'NTPP8', 'PANTS', 'OAADC', 'OCBT', 'PE140abcpp', 'OMCDC', 'PE160abcpp', 'PE161abcpp', 'PE181abcpp', 'PLIPA2G140pp', 'PLIPA2G141pp', 'PLIPA2G160pp', 'PLIPA2G181pp', 'PNTK', 'PNTOt4pp', 'PGAMT', 'PGCD', 'PNTOtex', 'POX', 'PSD140', 'PGMT', 'PSD160', 'PSD161', 'PSD181', 'PPCDC', 'PSERT', 'PSP_L', 'PPM2', 'PPNCL2', 'PSSA140', 'PSSA160', 'PSSA161', 'PGP140abcpp', 'PSSA181', 'PGP141abcpp', 'PTPATi', 'PGP160abcpp', 'PGP161abcpp', 'PUNP2', 'PRAGSr', 'PRAIi', 'PUNP4', 'PYAM5PO', 'PRAIS', 'PRAMPC', 'PGP181abcpp', 'PRASCSi', 'PRATPP', 'PRFGS', 'PRMICI', 'QULNS', 'RBFK', 'RBFSa', 'RBFSb', 'PSCVT', 'PGPP140pp', 'PGPP141pp', 'RNTR3c', 'RPE', 'PGPP160pp', 'RPI', 'SADH', 'PGPP161pp', 'SERD_L', 'TALA', 'SGDS', 'SGSAD', 'CTECOAI6', 'TDSK', 'SHK3Dr', 'SHKK', 'PGPP181pp', 'SOTA', 'SPMS', 'THRA', 'THRD_L', 'PGSA140', 'THRt2pp', 'PGSA141', 'THRtex', 'PGSA160', 'TKT1', 'TKT2', 'TMDS', 'PGSA181', 'TYRt2rpp', 'TYRtex', 'U23GAAT', 'TRPS1', 'UAGAAT', 'UAGDP', 'PHEt2rpp', 'PHEtex', 'UDPG4E', 'UGLT', 'PMDPHT', 'UHGADA', 'NADS1', 'GALUi', 'DASYN141', 'UPPRT', 'DNMPPA', 'GCALDD', 'URIK2', 'USHD', 'VALTA', 'DHQTi', 'MTRK', 'MTRI', 'MDRPD', 'XTSNt2rpp', 'XTSNtex', 'ENOPH', 'ARD', 'UNK3', 'EAR40x', 'EAR100x', 'EAR120x', 'EAR160x', 'EAR181x', 'EAR60y', 'EAR80y', 'EAR140y', 'EAR161y', 'LPS_YPtetra', 'BIOMASS_37C', 'S7PI', 'A5PISO', 'LACZ', 'EX_akg_e', 'EX_g3pg_e', 'EX_lcts_e', 'EX_lys__L_e', 'EX_met__L_e', 'EX_glyc3p_e', 'EX_glyc_e', 'EX_gly_e', 'EX_tyr__L_e', 'EX_phe__L_e', 'EX_pnto__R_e', 'EX_ile__L_e', 'EX_xtsn_e', 'EX_thr__L_e', 'ORNCD', 'KOKDO_LIPAtetra']","[-0.014124737552292155, -0.015479282900000002, -0.021816902973950086, -0.17883129034780124, 0.3109963390802523, 0.5852942099511258, 0.023143782199999994, 0.002243476604000011, 0.007363930699999998, 0.0023564578239999995, 0.0019055328, 0.0039182518199999995, -0.32031750778678403, -0.013917488904000009, -0.013917488904000009, -0.00960740730400001, -0.007363930699999998, -0.005542484984, -0.0023564578239999995, -0.01783574072400001, 0.3109963390802523, -0.01783574072400001, -0.17883129034780124, -0.01783574072400001, -0.013917488904000009, -0.013917488904000009, -0.012011956104000009, 0.0039182518199999995, -0.007363930699999998, -0.005542484984, 0.0039182518199999995, 0.0002812996359999884, -0.0023564578239999995, -0.01783574072400001, -0.10861702959200004, -0.01783574072400001, -0.01783574072400001, -0.013917488904000009, -0.013917488904000009, -0.012011956104000009, -0.007363930699999998, -0.005542484984, -0.0023564578239999995, -0.01783574072400001, -0.01783574072400001, 0.0072980709831279925, -0.007514215000000008, -0.007514215000000008, -0.0010519900999999996, 0.06395834572508488, 0.06129831361508488, -0.04801568356328345, -0.021816902973950086, -0.04801568356328345, -0.007965067899999997, -0.007965067899999997, -0.0018034115999999998, -1.5028429999992474e-06, 0.002771242492000005, -0.03985101897395009, -0.021816902973950086, 0.021816902973950086, 0.04735458292978599, 0.04735458292978599, -0.00638149066161553, -0.00638149066161553, -0.039073917999999985, 0.13991468329999995, 7.02665219876053e-06, -0.04735458292978598, -0.0004102761389935911, 0.08261175202492649, 0.07478897799910178, 0.08492565792978599, -0.018034115999999996, 0.06995734164999998, 0.0015601013183250273, -0.015479282900000002, -0.00012924449799999995, -0.0003757107499999999, -0.00016531272999999993, -0.00012173028299999996, -3.0056859999984947e-06, 0.02119294170146095, -0.011226237210000007, -0.007514215000000008, -0.007514215000000008, -0.04735458292978598, 0.04735458292978598, -1.5028429999992474e-06, -0.007514215000000008, -0.015479282900000002, 0.0019055328, 0.017375720481460955, 0.002243476604000011, 0.007363930699999998, 0.0023564578239999995, -0.007514215000000008, -8.866773701265984e-06, 7.02665219876053e-06, 0.03243420734146095, 0.0039182518199999995, 0.0025247762399999993, 0.00554248498400001, 0.007363930699999998, 0.0023564578239999995, 0.02490496391146095, -0.008117803275999988, -0.0039182518199999995, -0.0039182518199999995, -0.0058237846199999995, -1.5028429999992474e-06, 0.16082602624866293, 0.11772396584790021, -0.021816902973950086, 0.0038172212199999987, -0.02756073762286064, -0.02756073762286064, -0.6363644394828771, 0.00751421500000049, 0.0039182518199999995, 0.0039182518199999995, 0.0058237846199999995, 0.07767990112090171, -0.07688790285990171, -1.0274825502797078, -1.0274825502797078, -0.0024045487999999997, -0.0024045487999999997, -0.0024045487999999997, 0.04184065196300001, -0.014124737552292155, -0.07688790285990171, -0.018034115999999996, -0.018034115999999996, -0.007514215000000008, -1.5028429999992474e-06, -0.007514215000000008, -0.3696072160802523, 0.03985101897395009, 0.05000531655233337, -0.018034115999999996, -0.10369616699999995, 0.10369616699999995, 0.10369616699999995, -0.10369616699999995, 0.00751421500000049, -0.018034115999999996, -0.018034115999999996, 0.17883129034780124, -0.007965067899999997, -0.3696072160802523, 0.3109963390802523, -0.3109963390802523, -0.01783574072400001, -0.0018034115999999998, 0.0039182518199999995, 0.0039182518199999995, 0.0058237846199999995, 0.0012623881199999997, 0.002771242492000005, 0.003681965349999999, 0.0011782289119999997, -0.0012022743999999998, -0.0012022743999999998, -0.0012022743999999998, -0.014124737552292155, -0.014124737552292155, -0.10369616699999995, -0.0006011371999999999, 0.002771242492000005, 0.03757107499999999, -0.03757107499999999, 0.10861702959200004, -0.11532621811676234, -0.021039801999999993, -0.0010519900999999996, -0.0006011371999999999, -0.0006011371999999999, 7.02665219876053e-06, -0.0010519900999999996, -0.03985101897395013, -0.021039801999999993, -0.03985101897395013, -0.007514214999999999, -0.07688790285990171, -7.965067899984269e-05, -0.08737474131390172, 3.617106727727335, -7.946712950013257e-06, -0.0004102761389935911, -0.0004102761389935911, 3.617106727727335, 0.0037120222099999984, 0.05000531655233337, 0.0018034115999999998, -0.04735458292978598, 0.02119294170146095, 0.0015601013183250273, 0.0037120222099999984, -0.006311940599999998, 0.0038172212199999987, 0.04735458292978598, 0.04495273924214073, 0.007048333670213985, 0.0038172212199999987, 0.03802343074300001, 0.02119294170146095, 0.0037120222099999984, 0.0037120222099999984, 0.023294066499999995, 7.02665219876053e-06, 0.07478897799910178, 0.04735458292978599, -0.0008716489399999998, -0.10369616699999995, -0.0025548330999999994, -0.0010970753899999998, -0.0008115352199999998, 0.0012623881199999997, 0.002771242492000005, 0.003681965349999999, 0.0011782289119999997, -8.866773701265984e-06, -1.5893425900026514e-05, 0.0018034115999999998, 0.07246979429997187, -1.5893425900026514e-05, 0.008500345383127992, -0.0008716489399999998, 0.01007103474770784, -0.0025548330999999994, -0.0010970753899999998, -0.0008115352199999998, -8.866773701265984e-06, 0.07246979429997187, 0.07246979429997187, 0.03243420734146095, -8.866773701265984e-06, -0.0008716489399999998, -0.0025548330999999994, -0.0010970753899999998, 0.0008716489399999999, -0.0008115352199999998, 0.002771242492000005, -8.866773701265984e-06, 0.0025548330999999994, 0.0010970753899999998, 0.0037120222099999984, -0.021816902973950086, -0.007965067899999997, 0.0038172212199999987, 0.13991468329999995, -0.021816902973950086, -0.018034115999999996, 0.0008115352199999999, -0.021816902973950086, -0.018034115999999996, -0.021816902973950086, -0.018034115999999996, -0.0004102761389935911, -1.5028429999992474e-06, -3.0056859999984947e-06, -1.5028429999992474e-06, -0.015479282900000002, 0.0008716489399999999, 0.002771242492000005, 0.017375720481513816, 0.04956394975817957, 0.0025548330999999994, 0.048358669672179555, 0.08492565792978599, 0.0010970753899999998, -0.4213764191011321, 0.01824460782908978, 0.08492565792978599, 0.08492565792978599, 0.00554248498400001, -0.0006011371999999999, -0.015479282900000002, -0.015479282900000002, 0.0008115352199999999, 0.08492565792978599, -0.0010519900999999996, -0.352751715128245, 0.3109963390802523, 0.0008716489399999999, 0.09886341004799264, 0.002771242492000005, -0.09886341004799264, 0.0025548330999999994, 0.015840059029089776, 0.03372389072908977, -0.0037120222099999984, 0.0008115352199999999, -0.019536958999999993, -0.019536958999999993, -0.0012022743999999998, -0.007965067899999997, -0.0012022743999999998, -0.0018034115999999998, -0.028554016999999994, -0.028554016999999994, 0.014124737552292155, -0.014124737552292155, -1.5028429999992474e-06, -0.0012022743999999998, -0.0004102761389935911, -0.0010519900999999996, 0.002771242492000005, 0.02490496391146095, -0.007514215000000008, -0.007514215000000008, 0.0015601013183250273, -0.0006011371999999999, 0.07514215000000002, -0.015479282900000002, -0.0010519900999999996, -0.0010519900999999996, -0.0010519900999999996, -0.05000531655233337, -0.05000531655233337, -0.0010519900999999996, -0.0010519900999999996, -0.0010519900999999996, -0.01783574072400001, -0.013917488904000009, -0.013917488904000009, -0.007363930699999998, -0.0023564578239999995, -0.01783574072400001, -0.01783574072400001, -0.00960740730400001, -0.005542484984, -0.0006011371999999999, -0.15028429999999995, -0.0024045487999999997, -0.0012022743999999998, -0.014124737552292155, 0.00638149066161553, 0.08737474131390172, 0.014124737552292155, 0.03757107499999999, 0.021039801999999993, 0.02756073762286064, -0.07767990112090171, 1.0274825502797078, 0.019536958999999993, 0.028554016999999994, 1.5893425900026514e-05, 0.3696072160802523, 0.05000531655233337, 0.09886341004799264, -0.041042642329785994, -0.0006011371999999999]","[0.014124737552292155, 0.015479282900000002, 0.021816902973950086, 0.17883129034780124, 0.3109963390802523, 0.5852942099511258, 0.023143782199999994, 0.002243476604000011, 0.007363930699999998, 0.0023564578239999995, 0.0019055328, 0.0039182518199999995, 0.32031750778678403, 0.013917488904000009, 0.013917488904000009, 0.00960740730400001, 0.007363930699999998, 0.005542484984, 0.0023564578239999995, 0.01783574072400001, 0.3109963390802523, 0.01783574072400001, 0.17883129034780124, 0.01783574072400001, 0.013917488904000009, 0.013917488904000009, 0.012011956104000009, 0.0039182518199999995, 0.007363930699999998, 0.005542484984, 0.0039182518199999995, 0.0002812996359999884, 0.0023564578239999995, 0.01783574072400001, 0.10861702959200004, 0.01783574072400001, 0.01783574072400001, 0.013917488904000009, 0.013917488904000009, 0.012011956104000009, 0.007363930699999998, 0.005542484984, 0.0023564578239999995, 0.01783574072400001, 0.01783574072400001, 0.0072980709831279925, 0.007514215000000008, 0.007514215000000008, 0.0010519900999999996, 0.06395834572508488, 0.06129831361508488, 0.04801568356328345, 0.021816902973950086, 0.04801568356328345, 0.007965067899999997, 0.007965067899999997, 0.0018034115999999998, 1.5028429999992474e-06, 0.002771242492000005, 0.03985101897395009, 0.021816902973950086, 0.021816902973950086, 0.04735458292978599, 0.04735458292978599, 0.00638149066161553, 0.00638149066161553, 0.039073917999999985, 0.13991468329999995, 7.02665219876053e-06, 0.04735458292978598, 0.0004102761389935911, 0.08261175202492649, 0.07478897799910178, 0.08492565792978599, 0.018034115999999996, 0.06995734164999998, 0.0015601013183250273, 0.015479282900000002, 0.00012924449799999995, 0.0003757107499999999, 0.00016531272999999993, 0.00012173028299999996, 3.0056859999984947e-06, 0.02119294170146095, 0.011226237210000007, 0.007514215000000008, 0.007514215000000008, 0.04735458292978598, 0.04735458292978598, 1.5028429999992474e-06, 0.007514215000000008, 0.015479282900000002, 0.0019055328, 0.017375720481460955, 0.002243476604000011, 0.007363930699999998, 0.0023564578239999995, 0.007514215000000008, 8.866773701265984e-06, 7.02665219876053e-06, 0.03243420734146095, 0.0039182518199999995, 0.0025247762399999993, 0.00554248498400001, 0.007363930699999998, 0.0023564578239999995, 0.02490496391146095, 0.008117803275999988, 0.0039182518199999995, 0.0039182518199999995, 0.0058237846199999995, 1.5028429999992474e-06, 0.16082602624866293, 0.11772396584790021, 0.021816902973950086, 0.0038172212199999987, 0.02756073762286064, 0.02756073762286064, 0.6363644394828771, 0.00751421500000049, 0.0039182518199999995, 0.0039182518199999995, 0.0058237846199999995, 0.07767990112090171, 0.07688790285990171, 1.0274825502797078, 1.0274825502797078, 0.0024045487999999997, 0.0024045487999999997, 0.0024045487999999997, 0.04184065196300001, 0.014124737552292155, 0.07688790285990171, 0.018034115999999996, 0.018034115999999996, 0.007514215000000008, 1.5028429999992474e-06, 0.007514215000000008, 0.3696072160802523, 0.03985101897395009, 0.05000531655233337, 0.018034115999999996, 0.10369616699999995, 0.10369616699999995, 0.10369616699999995, 0.10369616699999995, 0.00751421500000049, 0.018034115999999996, 0.018034115999999996, 0.17883129034780124, 0.007965067899999997, 0.3696072160802523, 0.3109963390802523, 0.3109963390802523, 0.01783574072400001, 0.0018034115999999998, 0.0039182518199999995, 0.0039182518199999995, 0.0058237846199999995, 0.0012623881199999997, 0.002771242492000005, 0.003681965349999999, 0.0011782289119999997, 0.0012022743999999998, 0.0012022743999999998, 0.0012022743999999998, 0.014124737552292155, 0.014124737552292155, 0.10369616699999995, 0.0006011371999999999, 0.002771242492000005, 0.03757107499999999, 0.03757107499999999, 0.10861702959200004, 0.11532621811676234, 0.021039801999999993, 0.0010519900999999996, 0.0006011371999999999, 0.0006011371999999999, 7.02665219876053e-06, 0.0010519900999999996, 0.03985101897395013, 0.021039801999999993, 0.03985101897395013, 0.007514214999999999, 0.07688790285990171, 7.965067899984269e-05, 0.08737474131390172, 3.617106727727335, 7.946712950013257e-06, 0.0004102761389935911, 0.0004102761389935911, 3.617106727727335, 0.0037120222099999984, 0.05000531655233337, 0.0018034115999999998, 0.04735458292978598, 0.02119294170146095, 0.0015601013183250273, 0.0037120222099999984, 0.006311940599999998, 0.0038172212199999987, 0.04735458292978598, 0.04495273924214073, 0.007048333670213985, 0.0038172212199999987, 0.03802343074300001, 0.02119294170146095, 0.0037120222099999984, 0.0037120222099999984, 0.023294066499999995, 7.02665219876053e-06, 0.07478897799910178, 0.04735458292978599, 0.0008716489399999998, 0.10369616699999995, 0.0025548330999999994, 0.0010970753899999998, 0.0008115352199999998, 0.0012623881199999997, 0.002771242492000005, 0.003681965349999999, 0.0011782289119999997, 8.866773701265984e-06, 1.5893425900026514e-05, 0.0018034115999999998, 0.07246979429997187, 1.5893425900026514e-05, 0.008500345383127992, 0.0008716489399999998, 0.01007103474770784, 0.0025548330999999994, 0.0010970753899999998, 0.0008115352199999998, 8.866773701265984e-06, 0.07246979429997187, 0.07246979429997187, 0.03243420734146095, 8.866773701265984e-06, 0.0008716489399999998, 0.0025548330999999994, 0.0010970753899999998, 0.0008716489399999999, 0.0008115352199999998, 0.002771242492000005, 8.866773701265984e-06, 0.0025548330999999994, 0.0010970753899999998, 0.0037120222099999984, 0.021816902973950086, 0.007965067899999997, 0.0038172212199999987, 0.13991468329999995, 0.021816902973950086, 0.018034115999999996, 0.0008115352199999999, 0.021816902973950086, 0.018034115999999996, 0.021816902973950086, 0.018034115999999996, 0.0004102761389935911, 1.5028429999992474e-06, 3.0056859999984947e-06, 1.5028429999992474e-06, 0.015479282900000002, 0.0008716489399999999, 0.002771242492000005, 0.017375720481513816, 0.04956394975817957, 0.0025548330999999994, 0.048358669672179555, 0.08492565792978599, 0.0010970753899999998, 0.4213764191011321, 0.01824460782908978, 0.08492565792978599, 0.08492565792978599, 0.00554248498400001, 0.0006011371999999999, 0.015479282900000002, 0.015479282900000002, 0.0008115352199999999, 0.08492565792978599, 0.0010519900999999996, 0.352751715128245, 0.3109963390802523, 0.0008716489399999999, 0.09886341004799264, 0.002771242492000005, 0.09886341004799264, 0.0025548330999999994, 0.015840059029089776, 0.03372389072908977, 0.0037120222099999984, 0.0008115352199999999, 0.019536958999999993, 0.019536958999999993, 0.0012022743999999998, 0.007965067899999997, 0.0012022743999999998, 0.0018034115999999998, 0.028554016999999994, 0.028554016999999994, 0.014124737552292155, 0.014124737552292155, 1.5028429999992474e-06, 0.0012022743999999998, 0.0004102761389935911, 0.0010519900999999996, 0.002771242492000005, 0.02490496391146095, 0.007514215000000008, 0.007514215000000008, 0.0015601013183250273, 0.0006011371999999999, 0.07514215000000002, 0.015479282900000002, 0.0010519900999999996, 0.0010519900999999996, 0.0010519900999999996, 0.05000531655233337, 0.05000531655233337, 0.0010519900999999996, 0.0010519900999999996, 0.0010519900999999996, 0.01783574072400001, 0.013917488904000009, 0.013917488904000009, 0.007363930699999998, 0.0023564578239999995, 0.01783574072400001, 0.01783574072400001, 0.00960740730400001, 0.005542484984, 0.0006011371999999999, 0.15028429999999995, 0.0024045487999999997, 0.0012022743999999998, 0.014124737552292155, 0.00638149066161553, 0.08737474131390172, 0.014124737552292155, 0.03757107499999999, 0.021039801999999993, 0.02756073762286064, 0.07767990112090171, 1.0274825502797078, 0.019536958999999993, 0.028554016999999994, 1.5893425900026514e-05, 0.3696072160802523, 0.05000531655233337, 0.09886341004799264, 0.041042642329785994, 0.0006011371999999999]","['GART', 'GHMT2r', '3HAD120', '3HAD140', '3HAD160', '3OAR120', '3OAR160', '3OAS120', '3OAS160', 'ASPO5', 'FADRx', 'GLYC3Pabcpp', 'GLYCtex', 'HEX1', 'GPDDA4', 'G3PGabcpp', 'NAt3_1p5pp', 'PNTOt4pp', 'PNTOtex', 'SERD_L', 'ENOPH', 'EAR100x', 'EAR120x', 'EAR160x', 'EAR60y', 'EAR80y', 'EAR140y', 'EAR161y', 'EX_glyc_e', 'EX_pnto__R_e']","['GALKr', 'GLCP', 'AACPS5', 'AACPS7', 'AACPS9', 'ACOAD4f', 'ACOAD5f', 'ACOATA', 'ACS', 'ADPT', 'AMPN', 'AKGt2rpp', 'AKGtex', 'ALATA_L2', 'ASP1DC', 'ASPT', 'AST', 'CAT', 'CYTD', 'DCYTD', 'FACOAE120', 'FACOAE181', 'DPR', 'DRPA', 'FACOAE80', 'FACOAL140t2pp', 'FACOAL160t2pp', 'FACOAL181t2pp', 'DURIPP', 'ECOAH4', 'ECOAH5', 'ECOAH6', 'GLUN', 'GUAPRT', 'GLYC3Ptex', 'GLYCLTDx', 'HACD4i', 'HACD5i', 'HACD6i', 'GMPR', 'ILEtex', 'ICL', 'ILEt2rpp', 'ACACT13', 'ACACT10', 'ACACT9', 'LPLIPAL1G140pp', 'LPLIPAL1G141pp', 'LPLIPAL1G160pp', 'LPLIPAL1G181pp', 'LCTStex', 'LCTStpp', 'LYSt3pp', 'MACPD', 'MOHMT', 'G3PGtex', 'NI2uabcpp', 'NI2abcpp', 'NTD1', 'NTD10', 'G6PDA', 'NTD3', 'NTD4', 'NTD6', 'NTD8', 'NTP3', 'P5CD', 'NTPP1', 'NTPP2', 'NTPP3', 'NTPP5', 'NTPP7', 'NTPP8', 'PANTS', 'OAADC', 'PLIPA2G140pp', 'PLIPA2G141pp', 'PLIPA2G160pp', 'PLIPA2G181pp', 'PGCD', 'POX', 'PSERT', 'PSP_L', 'PPM2', 'PGP140abcpp', 'PGP141abcpp', 'PGP160abcpp', 'PGP161abcpp', 'PUNP2', 'PUNP4', 'PYAM5PO', 'PGP181abcpp', 'PGPP140pp', 'PGPP141pp', 'RNTR3c', 'PGPP160pp', 'SADH', 'PGPP161pp', 'SGDS', 'SGSAD', 'PGPP181pp', 'SOTA', 'THRt2pp', 'PGSA141', 'THRtex', 'UDPG4E', 'UGLT', 'DASYN141', 'UPPRT', 'URIK2', 'XTSNt2rpp', 'XTSNtex', 'LACZ', 'EX_akg_e', 'EX_g3pg_e', 'EX_lcts_e', 'EX_glyc3p_e', 'EX_ile__L_e', 'EX_xtsn_e', 'EX_thr__L_e']","['DDPA', 'DHAD1', 'DHAD2', 'AACPS1', 'AACPS3', 'ACALD', '3HAD100', '3HAD161', '3HAD181', '3HAD40', 'ACHBS', '3HAD60', 'ACLS', '3HAD80', '3OAR100', '3OAR140', '3OAR161', 'ACOAD6f', '3OAR181', '3OAR40', '3OAR60', '3OAR80', '3OAS100', '3OAS140', '3OAS161', '3OAS181', '3OAS60', '3OAS80', 'ADCL', 'ADCS', 'ADMDC', 'ADSL1r', 'ADSL2r', 'ADSS', 'ANPRT', 'ANS', 'AGMHE', 'APRAUR', 'AGPAT141', 'AICART', 'AIRC2', 'AIRC3', 'ARGSL', 'ARGSS', 'ASNS2', 'ASPCT', 'ASPTA', 'ATPPRT', 'CHORS', 'CLPNS140pp', 'CLPNS160pp', 'CLPNS161pp', 'CLPNS181pp', 'DB4PS', 'DHFR', 'DHFS', 'DHNPA2r', 'DHORD2', 'DHORTS', 'DHPPDA2', 'DHPS2', 'DHQS', 'FLDR', 'FACOAE140', 'FACOAE160', 'DNTPPA', 'DPCOAK', 'FACOAL141t2pp', 'FMNAT', 'GLUDy', 'GLUPRT', 'GLYCL', 'GLYCtpp', 'GLYt2pp', 'GLYtex', 'GMHEPAT', 'GMHEPK', 'GMHEPPA', 'HISTD', 'HISTP', 'GTPCI', 'GTPCII2', 'HPPK2', 'IMPC', 'IMPD', 'HSTPT', 'IPMD', 'IPPMIa', 'IPPMIb', 'IPPS', 'IG3PS', 'IGPDH', 'KARA1', 'IGPS', 'KARA2', 'ILETA', 'KAS15', 'G1PACT', 'KDOCT2', 'KDOPP', 'KDOPS', 'LEUTAi', 'LPADSS', 'G3PAT141', 'LYStex', 'G3PD2', 'METabcpp', 'METAT', 'MOAT', 'MOAT2', 'MTAN', 'MTHFC', 'METtex', 'MTHFD', 'MTHFR2', 'NADK', 'NNATr', 'NNDPR', 'OMPDC', 'ORNDC', 'ORPT', 'OCBT', 'PE140abcpp', 'OMCDC', 'PE160abcpp', 'PE161abcpp', 'PE181abcpp', 'PNTK', 'PGAMT', 'PSD140', 'PGMT', 'PSD160', 'PSD161', 'PSD181', 'PPCDC', 'PPNCL2', 'PSSA140', 'PSSA160', 'PSSA161', 'PSSA181', 'PTPATi', 'PRAGSr', 'PRAIi', 'PRAIS', 'PRAMPC', 'PRASCSi', 'PRATPP', 'PRFGS', 'PRMICI', 'QULNS', 'RBFK', 'RBFSa', 'RBFSb', 'PSCVT', 'RPE', 'RPI', 'TALA', 'CTECOAI6', 'TDSK', 'SHK3Dr', 'SHKK', 'SPMS', 'THRA', 'THRD_L', 'PGSA140', 'PGSA160', 'TKT1', 'TKT2', 'TMDS', 'PGSA181', 'TYRt2rpp', 'TYRtex', 'U23GAAT', 'TRPS1', 'UAGAAT', 'UAGDP', 'PHEt2rpp', 'PHEtex', 'PMDPHT', 'UHGADA', 'NADS1', 'GALUi', 'DNMPPA', 'GCALDD', 'USHD', 'VALTA', 'DHQTi', 'MTRK', 'MTRI', 'MDRPD', 'ARD', 'UNK3', 'EAR40x', 'EAR181x', 'LPS_YPtetra', 'BIOMASS_37C', 'S7PI', 'A5PISO', 'EX_lys__L_e', 'EX_met__L_e', 'EX_gly_e', 'EX_tyr__L_e', 'EX_phe__L_e', 'ORNCD', 'KOKDO_LIPAtetra']",GHMT2r,PSP_L,27.44153309741745,1,355,205,59.0,-6.017754364457938,iPC815,PSL,True,False,-19.0490041999496,0.0,0.0034027005745779,0.0
5,"['AACPS7', 'AACPS8', '3HAD120', '3OAR120', 'ACOAD5f', 'ACOATA', '3OAS120', 'FACOAE100', 'FACOAE120', 'FADRx', 'ECOAH5', 'HACD5i', 'ACACT10', 'MACPD', 'NADTRHD', 'EAR120x']","[0.0043100816, -0.004310081600000126, -0.004310081599999947, -0.004310081599999947, -0.004310081600000126, -0.004310081600000095, -0.004310081599999947, -0.004310081600000126, 0.0043100816, 0.004310081598668192, 0.004310081600000126, -0.004310081600000126, -0.004310081600000126, 0.004310081600000095, 0.004310081596016591, -0.004310081599999947]","[0.0043100816, 0.004310081600000126, 0.004310081599999947, 0.004310081599999947, 0.004310081600000126, 0.004310081600000095, 0.004310081599999947, 0.004310081600000126, 0.0043100816, 0.004310081598668192, 0.004310081600000126, 0.004310081600000126, 0.004310081600000126, 0.004310081600000095, 0.004310081596016591, 0.004310081599999947]","['AACPS7', 'FACOAE120', 'FADRx', 'MACPD', 'NADTRHD']","['AACPS8', '3HAD120', '3OAR120', 'ACOAD5f', '3OAS120', 'FACOAE100', 'ECOAH5', 'HACD5i', 'ACACT10', 'EAR120x']",['ACOATA'],3HAD120,AACPS7,0.06896130560054406,1,16,1,-4.0,-0.017240326405315507,iPC815,PSL,False,False,0.0,0.0,0.0,0.0
6,"['AACPS7', 'AACPS8', '3HAD120', '3OAR120', 'ACOAD5f', 'ACOATA', '3OAS120', 'FACOAE100', 'FACOAE120', 'FADRx', 'ECOAH5', 'HACD5i', 'ACACT10', 'MACPD', 'EAR120x']","[0.0043100816, -0.0043100816, -0.0043100816, -0.0043100816, -0.0043100816, -0.0043100816000559775, -0.0043100816, -0.0043100816, 0.0043100816, 0.004310081600000029, 0.0043100816, -0.0043100816, -0.0043100816, 0.004310081600055998, -0.0043100816]","[0.0043100816, 0.0043100816, 0.0043100816, 0.0043100816, 0.0043100816, 0.0043100816000559775, 0.0043100816, 0.0043100816, 0.0043100816, 0.004310081600000029, 0.0043100816, 0.0043100816, 0.0043100816, 0.004310081600055998, 0.0043100816]","['AACPS7', 'FACOAE120', 'FADRx', 'MACPD']","['AACPS8', '3HAD120', '3OAR120', 'ACOAD5f', '3OAS120', 'FACOAE100', 'ECOAH5', 'HACD5i', 'ACACT10', 'EAR120x']",['ACOATA'],3HAD120,FACOAE120,0.06896130560015366,1,15,1,-5.0,-0.02155040799999995,iPC815,PSL,False,False,0.0,0.0,0.0,0.0
7,"['AACPS2', 'AACPS7', '3HAD120', '3HAD121', '3HAD141', '3OAR120', '3OAR121', '3OAR141', 'ACOATA', '3OAS120', '3OAS121', '3OAS141', 'FACOAE120', 'FACOAE141', 'ECOAH6', 'HACD6i', 'ACACT9', 'MACPD', 'T2DECAI', 'CTECOAI6', 'EAR120x', 'EAR121x', 'EAR141x', 'EAR100y']","[-0.0043100815999999875, 0.0043100816, -0.0043100816, 0.004310081600000001, 0.004310081599999984, -0.0043100816, 0.004310081600000001, 0.004310081599999984, 0.004310081599919219, -0.0043100816, 0.004310081600000001, 0.004310081599999984, 0.0043100816, -0.0043100815999999875, -0.0043100816, 0.0043100816, 0.0043100816, -0.004310081599919219, 0.004310081600000001, 0.0043100816, -0.0043100816, 0.004310081600000001, 0.004310081599999984, -0.004310081600467086]","[0.0043100815999999875, 0.0043100816, 0.0043100816, 0.004310081600000001, 0.004310081599999984, 0.0043100816, 0.004310081600000001, 0.004310081599999984, 0.004310081599919219, 0.0043100816, 0.004310081600000001, 0.004310081599999984, 0.0043100816, 0.0043100815999999875, 0.0043100816, 0.0043100816, 0.0043100816, 0.004310081599919219, 0.004310081600000001, 0.0043100816, 0.0043100816, 0.004310081600000001, 0.004310081599999984, 0.004310081600467086]","['AACPS7', 'FACOAE120', 'ECOAH6', 'HACD6i', 'ACACT9']","['AACPS2', '3HAD120', '3OAR120', 'ACOATA', '3OAS120', 'FACOAE141', 'MACPD', 'EAR120x', 'EAR100y']","['3HAD121', '3HAD141', '3OAR121', '3OAR141', '3OAS121', '3OAS141', 'T2DECAI', 'CTECOAI6', 'EAR121x', 'EAR141x']",3HAD120,ECOAH6,0.10344195839983882,1,24,10,6.0,0.025860489599532882,iPC815,PSL,False,True,0.0,-0.0231950755833168,0.0,1.60016463612283
8,"['AACPS2', 'AACPS7', '3HAD120', '3HAD121', '3HAD141', '3OAR120', '3OAR121', '3OAR141', 'ACOATA', '3OAS120', '3OAS121', '3OAS141', 'FACOAE120', 'FACOAE141', 'ECOAH6', 'HACD6i', 'ACACT9', 'MACPD', 'T2DECAI', 'CTECOAI6', 'EAR120x', 'EAR121x', 'EAR141x', 'EAR100y']","[-0.0043100815999999875, 0.0043100816, -0.0043100816, 0.004310081600000001, 0.004310081599999984, -0.0043100816, 0.004310081600000001, 0.004310081599999984, 0.004310081599919219, -0.0043100816, 0.004310081600000001, 0.004310081599999984, 0.0043100816, -0.0043100815999999875, -0.0043100816, 0.0043100816, 0.0043100816, -0.004310081599919219, 0.004310081600000001, 0.0043100816, -0.0043100816, 0.004310081600000001, 0.004310081599999984, -0.004310081600467086]","[0.0043100815999999875, 0.0043100816, 0.0043100816, 0.004310081600000001, 0.004310081599999984, 0.0043100816, 0.004310081600000001, 0.004310081599999984, 0.004310081599919219, 0.0043100816, 0.004310081600000001, 0.004310081599999984, 0.0043100816, 0.0043100815999999875, 0.0043100816, 0.0043100816, 0.0043100816, 0.004310081599919219, 0.004310081600000001, 0.0043100816, 0.0043100816, 0.004310081600000001, 0.004310081599999984, 0.004310081600467086]","['AACPS7', 'FACOAE120', 'ECOAH6', 'HACD6i', 'ACACT9']","['AACPS2', '3HAD120', '3OAR120', 'ACOATA', '3OAS120', 'FACOAE141', 'MACPD', 'EAR120x', 'EAR100y']","['3HAD121', '3HAD141', '3OAR121', '3OAR141', '3OAS121', '3OAS141', 'T2DECAI', 'CTECOAI6', 'EAR121x', 'EAR141x']",3HAD120,HACD6i,0.10344195839983882,1,24,10,6.0,0.025860489599532882,iPC815,PSL,False,False,0.0,0.0,0.0,0.0
9,"['AACPS2', 'AACPS7', '3HAD120', '3HAD121', '3HAD141', '3OAR120', '3OAR121', '3OAR141', 'ACOATA', '3OAS120', '3OAS121', '3OAS141', 'FACOAE120', 'FACOAE141', 'ECOAH6', 'HACD6i', 'ACACT9', 'MACPD', 'T2DECAI', 'CTECOAI6', 'EAR120x', 'EAR121x', 'EAR141x', 'EAR100y']","[-0.0043100815999999875, 0.0043100816, -0.0043100816, 0.004310081600000001, 0.004310081599999984, -0.0043100816, 0.004310081600000001, 0.004310081599999984, 0.004310081599919219, -0.0043100816, 0.004310081600000001, 0.004310081599999984, 0.0043100816, -0.0043100815999999875, -0.0043100816, 0.0043100816, 0.0043100816, -0.004310081599919219, 0.004310081600000001, 0.0043100816, -0.0043100816, 0.004310081600000001, 0.004310081599999984, -0.004310081600467086]","[0.0043100815999999875, 0.0043100816, 0.0043100816, 0.004310081600000001, 0.004310081599999984, 0.0043100816, 0.004310081600000001, 0.004310081599999984, 0.004310081599919219, 0.0043100816, 0.004310081600000001, 0.004310081599999984, 0.0043100816, 0.0043100815999999875, 0.0043100816, 0.0043100816, 0.0043100816, 0.004310081599919219, 0.004310081600000001, 0.0043100816, 0.0043100816, 0.004310081600000001, 0.004310081599999984, 0.004310081600467086]","['AACPS7', 'FACOAE120', 'ECOAH6', 'HACD6i', 'ACACT9']","['AACPS2', '3HAD120', '3OAR120', 'ACOATA', '3OAS120', 'FACOAE141', 'MACPD', 'EAR120x', 'EAR100y']","['3HAD121', '3HAD141', '3OAR121', '3OAR141', '3OAS121', '3OAS141', 'T2DECAI', 'CTECOAI6', 'EAR121x', 'EAR141x']",3HAD120,ACACT9,0.10344195839983882,1,24,10,6.0,0.025860489599532882,iPC815,PSL,False,False,0.0,0.0,0.0,0.0
10,"['AACPS1', 'AACPS7', '3HAD140', '3OAR140', 'ACOAD6f', 'ACOATA', '3OAS140', 'FACOAE120', 'FACOAE140', 'FADRx', 'ECOAH6', 'HACD6i', 'ACACT9', 'MACPD', 'EAR140x']","[0.004525585679999999, -0.004525585680020006, -0.004525585680010247, -0.0045255856799713, -0.0045255856799713, -0.004525585683381905, -0.004525585680020006, -0.004525585680020006, 0.004525585679999999, 0.004525585671936977, 0.0045255856799713, -0.004525585680020006, -0.004525585680020006, 0.004525585683417377, -0.004525585680010247]","[0.004525585679999999, 0.004525585680020006, 0.004525585680010247, 0.0045255856799713, 0.0045255856799713, 0.004525585683381905, 0.004525585680020006, 0.004525585680020006, 0.004525585679999999, 0.004525585671936977, 0.0045255856799713, 0.004525585680020006, 0.004525585680020006, 0.004525585683417377, 0.004525585680010247]","['AACPS1', 'ACOAD6f', 'ACOATA', 'FACOAE140', 'FADRx', 'MACPD']","['AACPS7', '3HAD140', 'FACOAE120', 'ECOAH6', 'HACD6i', 'ACACT9', 'EAR140x']","['3OAR140', '3OAS140']",3HAD140,AACPS1,0.07240937087723937,1,15,2,-5.0,-0.022627928408119377,iPC815,PSL,False,False,0.0,0.0,0.0,0.0436679907070837
11,"['AACPS1', 'AACPS7', '3HAD140', '3OAR140', 'ACOAD6f', 'ACOATA', '3OAS140', 'FACOAE120', 'FACOAE140', 'FADRx', 'ECOAH6', 'HACD6i', 'ACACT9', 'MACPD', 'NADTRHD', 'EAR140x']","[0.004525585679999999, -0.004525585679997654, -0.004525585679998799, -0.0045255856799713, -0.0045255856799713, -0.004525585678720745, -0.004525585679997654, -0.004525585679997654, 0.004525585679999999, 0.004525585679817368, 0.0045255856799713, -0.004525585679997654, -0.004525585679997654, 0.00452558567873744, 0.004525585678826993, -0.004525585679998799]","[0.004525585679999999, 0.004525585679997654, 0.004525585679998799, 0.0045255856799713, 0.0045255856799713, 0.004525585678720745, 0.004525585679997654, 0.004525585679997654, 0.004525585679999999, 0.004525585679817368, 0.0045255856799713, 0.004525585679997654, 0.004525585679997654, 0.00452558567873744, 0.004525585678826993, 0.004525585679998799]","['AACPS1', 'ACOAD6f', 'FACOAE140', 'FADRx', 'MACPD', 'NADTRHD']","['AACPS7', '3HAD140', 'FACOAE120', 'ECOAH6', 'HACD6i', 'ACACT9', 'EAR140x']","['3OAR140', 'ACOATA', '3OAS140']",3HAD140,FACOAE140,0.07240937088013313,1,16,3,-4.0,-0.018102342721296114,iPC815,PSL,False,False,0.0,0.0,0.0,0.0
12,"['AACPS1', 'AACPS3', '3HAD160', '3OAR160', 'ACOAD7f', 'ACOATA', '3OAS160', 'FACOAE140', 'FACOAE160', 'FADRx', 'ECOAH7', 'HACD7i', 'ACACT12', 'MACPD', 'NADTRHD', 'EAR160x']","[-0.013199624901620868, 0.013199624899999998, -0.013199624899999998, -0.013199624899999998, -0.013199624899999998, -0.013199624900104942, -0.013199624899999998, -0.013199624899999998, 0.013199624899999998, 0.013199624899999998, 0.013199624899999998, -0.013199624899999998, -0.013199624899999998, 0.013199624900087456, 0.013199624900184281, -0.013199624899999998]","[0.013199624901620868, 0.013199624899999998, 0.013199624899999998, 0.013199624899999998, 0.013199624899999998, 0.013199624900104942, 0.013199624899999998, 0.013199624899999998, 0.013199624899999998, 0.013199624899999998, 0.013199624899999998, 0.013199624899999998, 0.013199624899999998, 0.013199624900087456, 0.013199624900184281, 0.013199624899999998]","['3HAD160', '3OAR160', '3OAS160', 'ECOAH7', 'HACD7i', 'ACACT12', 'EAR160x']","['AACPS3', 'ACOAD7f', 'ACOATA', 'FACOAE160', 'FADRx', 'MACPD', 'NADTRHD']","['AACPS1', 'FACOAE140']",3HAD160,AACPS3,0.21119399840057151,1,16,2,-4.0,-0.052798499601454066,iPC815,PSL,False,False,0.0,0.0,0.0,0.0
13,"['AACPS1', 'AACPS3', '3HAD160', '3OAR160', 'ACOAD7f', 'ACOATA', '3OAS160', 'FACOAE140', 'FACOAE160', 'FADRx', 'ECOAH7', 'HACD7i', 'ACACT12', 'MACPD', 'NADTRHD', 'EAR160x']","[-0.013199624899999998, 0.013199624899261478, -0.013199624899999998, -0.013199624899999998, -0.01319962489864819, -0.013199624902243044, -0.013199624899999998, -0.013199624899999998, 0.013199624899999998, 0.013199624900928771, 0.013199624899999998, -0.013199624899999998, -0.013199624899999998, 0.013199624902243044, 0.013199624903297399, -0.013199624899999998]","[0.013199624899999998, 0.013199624899261478, 0.013199624899999998, 0.013199624899999998, 0.01319962489864819, 0.013199624902243044, 0.013199624899999998, 0.013199624899999998, 0.013199624899999998, 0.013199624900928771, 0.013199624899999998, 0.013199624899999998, 0.013199624899999998, 0.013199624902243044, 0.013199624903297399, 0.013199624899999998]","['ACOAD7f', 'ACOATA', 'FACOAE160', 'FADRx', 'MACPD', 'NADTRHD']","['AACPS1', '3HAD160', '3OAR160', '3OAS160', 'FACOAE140', 'ECOAH7', 'HACD7i', 'ACACT12', 'EAR160x']",['AACPS3'],3HAD160,FACOAE160,0.2111939983999673,1,16,1,-4.0,-0.05279849959516053,iPC815,PSL,False,False,0.0,0.0,0.0,0.0
14,"['AACPS7', 'AACPS8', '3HAD120', '3OAR120', 'ACOAD5f', 'ACOATA', '3OAS120', 'FACOAE100', 'FACOAE120', 'FADRx', 'ECOAH5', 'HACD5i', 'ACACT10', 'MACPD', 'NADTRHD', 'EAR120x']","[0.0043100816, -0.004310081600000126, -0.004310081599999947, -0.004310081599999947, -0.004310081600000126, -0.004310081600000095, -0.004310081599999947, -0.004310081600000126, 0.0043100816, 0.004310081598668192, 0.004310081600000126, -0.004310081600000126, -0.004310081600000126, 0.004310081600000095, 0.004310081596016591, -0.004310081599999947]","[0.0043100816, 0.004310081600000126, 0.004310081599999947, 0.004310081599999947, 0.004310081600000126, 0.004310081600000095, 0.004310081599999947, 0.004310081600000126, 0.0043100816, 0.004310081598668192, 0.004310081600000126, 0.004310081600000126, 0.004310081600000126, 0.004310081600000095, 0.004310081596016591, 0.004310081599999947]","['AACPS7', 'FACOAE120', 'FADRx', 'MACPD', 'NADTRHD']","['AACPS8', '3HAD120', '3OAR120', 'ACOAD5f', '3OAS120', 'FACOAE100', 'ECOAH5', 'HACD5i', 'ACACT10', 'EAR120x']",['ACOATA'],3OAR120,AACPS7,0.06896130560054406,1,16,1,-4.0,-0.017240326405315507,iPC815,PSL,False,False,0.0,0.0,0.110587768673783,0.0
15,"['AACPS7', 'AACPS8', '3HAD120', '3OAR120', 'ACOAD5f', 'ACOATA', '3OAS120', 'FACOAE100', 'FACOAE120', 'FADRx', 'ECOAH5', 'HACD5i', 'ACACT10', 'MACPD', 'EAR120x']","[0.0043100816, -0.0043100816, -0.0043100816, -0.0043100816, -0.0043100816, -0.0043100816000559775, -0.0043100816, -0.0043100816, 0.0043100816, 0.004310081600000029, 0.0043100816, -0.0043100816, -0.0043100816, 0.004310081600055998, -0.0043100816]","[0.0043100816, 0.0043100816, 0.0043100816, 0.0043100816, 0.0043100816, 0.0043100816000559775, 0.0043100816, 0.0043100816, 0.0043100816, 0.004310081600000029, 0.0043100816, 0.0043100816, 0.0043100816, 0.004310081600055998, 0.0043100816]","['AACPS7', 'FACOAE120', 'FADRx', 'MACPD']","['AACPS8', '3HAD120', '3OAR120', 'ACOAD5f', '3OAS120', 'FACOAE100', 'ECOAH5', 'HACD5i', 'ACACT10', 'EAR120x']",['ACOATA'],3OAR120,FACOAE120,0.06896130560015366,1,15,1,-5.0,-0.02155040799999995,iPC815,PSL,False,False,0.0,0.0,0.110587768673783,0.0
16,"['AACPS2', 'AACPS7', '3HAD120', '3HAD121', '3HAD141', '3OAR120', '3OAR121', '3OAR141', 'ACOATA', '3OAS120', '3OAS121', '3OAS141', 'FACOAE120', 'FACOAE141', 'ECOAH6', 'HACD6i', 'ACACT9', 'MACPD', 'T2DECAI', 'CTECOAI6', 'EAR120x', 'EAR121x', 'EAR141x', 'EAR100y']","[-0.0043100815999999875, 0.0043100816, -0.0043100816, 0.004310081600000001, 0.004310081599999984, -0.0043100816, 0.004310081600000001, 0.004310081599999984, 0.004310081599919219, -0.0043100816, 0.004310081600000001, 0.004310081599999984, 0.0043100816, -0.0043100815999999875, -0.0043100816, 0.0043100816, 0.0043100816, -0.004310081599919219, 0.004310081600000001, 0.0043100816, -0.0043100816, 0.004310081600000001, 0.004310081599999984, -0.004310081600467086]","[0.0043100815999999875, 0.0043100816, 0.0043100816, 0.004310081600000001, 0.004310081599999984, 0.0043100816, 0.004310081600000001, 0.004310081599999984, 0.004310081599919219, 0.0043100816, 0.004310081600000001, 0.004310081599999984, 0.0043100816, 0.0043100815999999875, 0.0043100816, 0.0043100816, 0.0043100816, 0.004310081599919219, 0.004310081600000001, 0.0043100816, 0.0043100816, 0.004310081600000001, 0.004310081599999984, 0.004310081600467086]","['AACPS7', 'FACOAE120', 'ECOAH6', 'HACD6i', 'ACACT9']","['AACPS2', '3HAD120', '3OAR120', 'ACOATA', '3OAS120', 'FACOAE141', 'MACPD', 'EAR120x', 'EAR100y']","['3HAD121', '3HAD141', '3OAR121', '3OAR141', '3OAS121', '3OAS141', 'T2DECAI', 'CTECOAI6', 'EAR121x', 'EAR141x']",3OAR120,ECOAH6,0.10344195839983882,1,24,10,6.0,0.025860489599532882,iPC815,PSL,False,True,0.0,-0.0231950755833168,0.110587768673783,1.60016463612283
17,"['AACPS2', 'AACPS7', '3HAD120', '3HAD121', '3HAD141', '3OAR120', '3OAR121', '3OAR141', 'ACOATA', '3OAS120', '3OAS121', '3OAS141', 'FACOAE120', 'FACOAE141', 'ECOAH6', 'HACD6i', 'ACACT9', 'MACPD', 'T2DECAI', 'CTECOAI6', 'EAR120x', 'EAR121x', 'EAR141x', 'EAR100y']","[-0.0043100815999999875, 0.0043100816, -0.0043100816, 0.004310081600000001, 0.004310081599999984, -0.0043100816, 0.004310081600000001, 0.004310081599999984, 0.004310081599919219, -0.0043100816, 0.004310081600000001, 0.004310081599999984, 0.0043100816, -0.0043100815999999875, -0.0043100816, 0.0043100816, 0.0043100816, -0.004310081599919219, 0.004310081600000001, 0.0043100816, -0.0043100816, 0.004310081600000001, 0.004310081599999984, -0.004310081600467086]","[0.0043100815999999875, 0.0043100816, 0.0043100816, 0.004310081600000001, 0.004310081599999984, 0.0043100816, 0.004310081600000001, 0.004310081599999984, 0.004310081599919219, 0.0043100816, 0.004310081600000001, 0.004310081599999984, 0.0043100816, 0.0043100815999999875, 0.0043100816, 0.0043100816, 0.0043100816, 0.004310081599919219, 0.004310081600000001, 0.0043100816, 0.0043100816, 0.004310081600000001, 0.004310081599999984, 0.004310081600467086]","['AACPS7', 'FACOAE120', 'ECOAH6', 'HACD6i', 'ACACT9']","['AACPS2', '3HAD120', '3OAR120', 'ACOATA', '3OAS120', 'FACOAE141', 'MACPD', 'EAR120x', 'EAR100y']","['3HAD121', '3HAD141', '3OAR121', '3OAR141', '3OAS121', '3OAS141', 'T2DECAI', 'CTECOAI6', 'EAR121x', 'EAR141x']",3OAR120,HACD6i,0.10344195839983882,1,24,10,6.0,0.025860489599532882,iPC815,PSL,False,False,0.0,0.0,0.110587768673783,0.0
18,"['AACPS2', 'AACPS7', '3HAD120', '3HAD121', '3HAD141', '3OAR120', '3OAR121', '3OAR141', 'ACOATA', '3OAS120', '3OAS121', '3OAS141', 'FACOAE120', 'FACOAE141', 'ECOAH6', 'HACD6i', 'ACACT9', 'MACPD', 'T2DECAI', 'CTECOAI6', 'EAR120x', 'EAR121x', 'EAR141x', 'EAR100y']","[-0.0043100815999999875, 0.0043100816, -0.0043100816, 0.004310081600000001, 0.004310081599999984, -0.0043100816, 0.004310081600000001, 0.004310081599999984, 0.004310081599919219, -0.0043100816, 0.004310081600000001, 0.004310081599999984, 0.0043100816, -0.0043100815999999875, -0.0043100816, 0.0043100816, 0.0043100816, -0.004310081599919219, 0.004310081600000001, 0.0043100816, -0.0043100816, 0.004310081600000001, 0.004310081599999984, -0.004310081600467086]","[0.0043100815999999875, 0.0043100816, 0.0043100816, 0.004310081600000001, 0.004310081599999984, 0.0043100816, 0.004310081600000001, 0.004310081599999984, 0.004310081599919219, 0.0043100816, 0.004310081600000001, 0.004310081599999984, 0.0043100816, 0.0043100815999999875, 0.0043100816, 0.0043100816, 0.0043100816, 0.004310081599919219, 0.004310081600000001, 0.0043100816, 0.0043100816, 0.004310081600000001, 0.004310081599999984, 0.004310081600467086]","['AACPS7', 'FACOAE120', 'ECOAH6', 'HACD6i', 'ACACT9']","['AACPS2', '3HAD120', '3OAR120', 'ACOATA', '3OAS120', 'FACOAE141', 'MACPD', 'EAR120x', 'EAR100y']","['3HAD121', '3HAD141', '3OAR121', '3OAR141', '3OAS121', '3OAS141', 'T2DECAI', 'CTECOAI6', 'EAR121x', 'EAR141x']",3OAR120,ACACT9,0.10344195839983882,1,24,10,6.0,0.025860489599532882,iPC815,PSL,False,False,0.0,0.0,0.110587768673783,0.0
19,"['AACPS1', 'AACPS3', '3HAD160', '3OAR160', 'ACOAD7f', 'ACOATA', '3OAS160', 'FACOAE140', 'FACOAE160', 'FADRx', 'ECOAH7', 'HACD7i', 'ACACT12', 'MACPD', 'NADTRHD', 'EAR160x']","[-0.013199624901620868, 0.013199624899999998, -0.013199624899999998, -0.013199624899999998, -0.013199624899999998, -0.013199624900104942, -0.013199624899999998, -0.013199624899999998, 0.013199624899999998, 0.013199624899999998, 0.013199624899999998, -0.013199624899999998, -0.013199624899999998, 0.013199624900087456, 0.013199624900184281, -0.013199624899999998]","[0.013199624901620868, 0.013199624899999998, 0.013199624899999998, 0.013199624899999998, 0.013199624899999998, 0.013199624900104942, 0.013199624899999998, 0.013199624899999998, 0.013199624899999998, 0.013199624899999998, 0.013199624899999998, 0.013199624899999998, 0.013199624899999998, 0.013199624900087456, 0.013199624900184281, 0.013199624899999998]","['3HAD160', '3OAR160', '3OAS160', 'ECOAH7', 'HACD7i', 'ACACT12', 'EAR160x']","['AACPS3', 'ACOAD7f', 'ACOATA', 'FACOAE160', 'FADRx', 'MACPD', 'NADTRHD']","['AACPS1', 'FACOAE140']",3OAR160,AACPS3,0.21119399840057151,1,16,2,-4.0,-0.052798499601454066,iPC815,PSL,False,False,0.0,0.0,0.0,0.0
20,"['AACPS1', 'AACPS3', '3HAD160', '3OAR160', 'ACOAD7f', 'ACOATA', '3OAS160', 'FACOAE140', 'FACOAE160', 'FADRx', 'ECOAH7', 'HACD7i', 'ACACT12', 'MACPD', 'NADTRHD', 'EAR160x']","[-0.013199624899999998, 0.013199624899261478, -0.013199624899999998, -0.013199624899999998, -0.01319962489864819, -0.013199624902243044, -0.013199624899999998, -0.013199624899999998, 0.013199624899999998, 0.013199624900928771, 0.013199624899999998, -0.013199624899999998, -0.013199624899999998, 0.013199624902243044, 0.013199624903297399, -0.013199624899999998]","[0.013199624899999998, 0.013199624899261478, 0.013199624899999998, 0.013199624899999998, 0.01319962489864819, 0.013199624902243044, 0.013199624899999998, 0.013199624899999998, 0.013199624899999998, 0.013199624900928771, 0.013199624899999998, 0.013199624899999998, 0.013199624899999998, 0.013199624902243044, 0.013199624903297399, 0.013199624899999998]","['ACOAD7f', 'ACOATA', 'FACOAE160', 'FADRx', 'MACPD', 'NADTRHD']","['AACPS1', '3HAD160', '3OAR160', '3OAS160', 'FACOAE140', 'ECOAH7', 'HACD7i', 'ACACT12', 'EAR160x']",['AACPS3'],3OAR160,FACOAE160,0.2111939983999673,1,16,1,-4.0,-0.05279849959516053,iPC815,PSL,False,False,0.0,0.0,0.0,0.0
21,"['AACPS7', 'AACPS8', '3HAD120', '3OAR120', 'ACOAD5f', 'ACOATA', '3OAS120', 'FACOAE100', 'FACOAE120', 'FADRx', 'ECOAH5', 'HACD5i', 'ACACT10', 'MACPD', 'NADTRHD', 'EAR120x']","[0.0043100816, -0.004310081600000126, -0.004310081599999947, -0.004310081599999947, -0.004310081600000126, -0.004310081600000095, -0.004310081599999947, -0.004310081600000126, 0.0043100816, 0.004310081598668192, 0.004310081600000126, -0.004310081600000126, -0.004310081600000126, 0.004310081600000095, 0.004310081596016591, -0.004310081599999947]","[0.0043100816, 0.004310081600000126, 0.004310081599999947, 0.004310081599999947, 0.004310081600000126, 0.004310081600000095, 0.004310081599999947, 0.004310081600000126, 0.0043100816, 0.004310081598668192, 0.004310081600000126, 0.004310081600000126, 0.004310081600000126, 0.004310081600000095, 0.004310081596016591, 0.004310081599999947]","['AACPS7', 'FACOAE120', 'FADRx', 'MACPD', 'NADTRHD']","['AACPS8', '3HAD120', '3OAR120', 'ACOAD5f', '3OAS120', 'FACOAE100', 'ECOAH5', 'HACD5i', 'ACACT10', 'EAR120x']",['ACOATA'],3OAS120,AACPS7,0.06896130560054406,1,16,1,-4.0,-0.017240326405315507,iPC815,PSL,False,False,0.0,0.0,0.0104576330992029,0.0
22,"['AACPS7', 'AACPS8', '3HAD120', '3OAR120', 'ACOAD5f', 'ACOATA', '3OAS120', 'FACOAE100', 'FACOAE120', 'FADRx', 'ECOAH5', 'HACD5i', 'ACACT10', 'MACPD', 'EAR120x']","[0.0043100816, -0.0043100816, -0.0043100816, -0.0043100816, -0.0043100816, -0.0043100816000559775, -0.0043100816, -0.0043100816, 0.0043100816, 0.004310081600000029, 0.0043100816, -0.0043100816, -0.0043100816, 0.004310081600055998, -0.0043100816]","[0.0043100816, 0.0043100816, 0.0043100816, 0.0043100816, 0.0043100816, 0.0043100816000559775, 0.0043100816, 0.0043100816, 0.0043100816, 0.004310081600000029, 0.0043100816, 0.0043100816, 0.0043100816, 0.004310081600055998, 0.0043100816]","['AACPS7', 'FACOAE120', 'FADRx', 'MACPD']","['AACPS8', '3HAD120', '3OAR120', 'ACOAD5f', '3OAS120', 'FACOAE100', 'ECOAH5', 'HACD5i', 'ACACT10', 'EAR120x']",['ACOATA'],3OAS120,FACOAE120,0.06896130560015366,1,15,1,-5.0,-0.02155040799999995,iPC815,PSL,False,False,0.0,0.0,0.0104576330992029,0.0
23,"['AACPS2', 'AACPS7', '3HAD120', '3HAD121', '3HAD141', '3OAR120', '3OAR121', '3OAR141', 'ACOATA', '3OAS120', '3OAS121', '3OAS141', 'FACOAE120', 'FACOAE141', 'ECOAH6', 'HACD6i', 'ACACT9', 'MACPD', 'T2DECAI', 'CTECOAI6', 'EAR120x', 'EAR121x', 'EAR141x', 'EAR100y']","[-0.0043100815999999875, 0.0043100816, -0.0043100816, 0.004310081600000001, 0.004310081599999984, -0.0043100816, 0.004310081600000001, 0.004310081599999984, 0.004310081599919219, -0.0043100816, 0.004310081600000001, 0.004310081599999984, 0.0043100816, -0.0043100815999999875, -0.0043100816, 0.0043100816, 0.0043100816, -0.004310081599919219, 0.004310081600000001, 0.0043100816, -0.0043100816, 0.004310081600000001, 0.004310081599999984, -0.004310081600467086]","[0.0043100815999999875, 0.0043100816, 0.0043100816, 0.004310081600000001, 0.004310081599999984, 0.0043100816, 0.004310081600000001, 0.004310081599999984, 0.004310081599919219, 0.0043100816, 0.004310081600000001, 0.004310081599999984, 0.0043100816, 0.0043100815999999875, 0.0043100816, 0.0043100816, 0.0043100816, 0.004310081599919219, 0.004310081600000001, 0.0043100816, 0.0043100816, 0.004310081600000001, 0.004310081599999984, 0.004310081600467086]","['AACPS7', 'FACOAE120', 'ECOAH6', 'HACD6i', 'ACACT9']","['AACPS2', '3HAD120', '3OAR120', 'ACOATA', '3OAS120', 'FACOAE141', 'MACPD', 'EAR120x', 'EAR100y']","['3HAD121', '3HAD141', '3OAR121', '3OAR141', '3OAS121', '3OAS141', 'T2DECAI', 'CTECOAI6', 'EAR121x', 'EAR141x']",3OAS120,ECOAH6,0.10344195839983882,1,24,10,6.0,0.025860489599532882,iPC815,PSL,False,True,0.0,-0.0231950755833168,0.0104576330992029,1.60016463612283
24,"['AACPS2', 'AACPS7', '3HAD120', '3HAD121', '3HAD141', '3OAR120', '3OAR121', '3OAR141', 'ACOATA', '3OAS120', '3OAS121', '3OAS141', 'FACOAE120', 'FACOAE141', 'ECOAH6', 'HACD6i', 'ACACT9', 'MACPD', 'T2DECAI', 'CTECOAI6', 'EAR120x', 'EAR121x', 'EAR141x', 'EAR100y']","[-0.0043100815999999875, 0.0043100816, -0.0043100816, 0.004310081600000001, 0.004310081599999984, -0.0043100816, 0.004310081600000001, 0.004310081599999984, 0.004310081599919219, -0.0043100816, 0.004310081600000001, 0.004310081599999984, 0.0043100816, -0.0043100815999999875, -0.0043100816, 0.0043100816, 0.0043100816, -0.004310081599919219, 0.004310081600000001, 0.0043100816, -0.0043100816, 0.004310081600000001, 0.004310081599999984, -0.004310081600467086]","[0.0043100815999999875, 0.0043100816, 0.0043100816, 0.004310081600000001, 0.004310081599999984, 0.0043100816, 0.004310081600000001, 0.004310081599999984, 0.004310081599919219, 0.0043100816, 0.004310081600000001, 0.004310081599999984, 0.0043100816, 0.0043100815999999875, 0.0043100816, 0.0043100816, 0.0043100816, 0.004310081599919219, 0.004310081600000001, 0.0043100816, 0.0043100816, 0.004310081600000001, 0.004310081599999984, 0.004310081600467086]","['AACPS7', 'FACOAE120', 'ECOAH6', 'HACD6i', 'ACACT9']","['AACPS2', '3HAD120', '3OAR120', 'ACOATA', '3OAS120', 'FACOAE141', 'MACPD', 'EAR120x', 'EAR100y']","['3HAD121', '3HAD141', '3OAR121', '3OAR141', '3OAS121', '3OAS141', 'T2DECAI', 'CTECOAI6', 'EAR121x', 'EAR141x']",3OAS120,HACD6i,0.10344195839983882,1,24,10,6.0,0.025860489599532882,iPC815,PSL,False,False,0.0,0.0,0.0104576330992029,0.0
25,"['AACPS2', 'AACPS7', '3HAD120', '3HAD121', '3HAD141', '3OAR120', '3OAR121', '3OAR141', 'ACOATA', '3OAS120', '3OAS121', '3OAS141', 'FACOAE120', 'FACOAE141', 'ECOAH6', 'HACD6i', 'ACACT9', 'MACPD', 'T2DECAI', 'CTECOAI6', 'EAR120x', 'EAR121x', 'EAR141x', 'EAR100y']","[-0.0043100815999999875, 0.0043100816, -0.0043100816, 0.004310081600000001, 0.004310081599999984, -0.0043100816, 0.004310081600000001, 0.004310081599999984, 0.004310081599919219, -0.0043100816, 0.004310081600000001, 0.004310081599999984, 0.0043100816, -0.0043100815999999875, -0.0043100816, 0.0043100816, 0.0043100816, -0.004310081599919219, 0.004310081600000001, 0.0043100816, -0.0043100816, 0.004310081600000001, 0.004310081599999984, -0.004310081600467086]","[0.0043100815999999875, 0.0043100816, 0.0043100816, 0.004310081600000001, 0.004310081599999984, 0.0043100816, 0.004310081600000001, 0.004310081599999984, 0.004310081599919219, 0.0043100816, 0.004310081600000001, 0.004310081599999984, 0.0043100816, 0.0043100815999999875, 0.0043100816, 0.0043100816, 0.0043100816, 0.004310081599919219, 0.004310081600000001, 0.0043100816, 0.0043100816, 0.004310081600000001, 0.004310081599999984, 0.004310081600467086]","['AACPS7', 'FACOAE120', 'ECOAH6', 'HACD6i', 'ACACT9']","['AACPS2', '3HAD120', '3OAR120', 'ACOATA', '3OAS120', 'FACOAE141', 'MACPD', 'EAR120x', 'EAR100y']","['3HAD121', '3HAD141', '3OAR121', '3OAR141', '3OAS121', '3OAS141', 'T2DECAI', 'CTECOAI6', 'EAR121x', 'EAR141x']",3OAS120,ACACT9,0.10344195839983882,1,24,10,6.0,0.025860489599532882,iPC815,PSL,False,False,0.0,0.0,0.0104576330992029,0.0
26,"['AACPS1', 'AACPS3', '3HAD160', '3OAR160', 'ACOAD7f', 'ACOATA', '3OAS160', 'FACOAE140', 'FACOAE160', 'FADRx', 'ECOAH7', 'HACD7i', 'ACACT12', 'MACPD', 'NADTRHD', 'EAR160x']","[-0.013199624901620868, 0.013199624899999998, -0.013199624899999998, -0.013199624899999998, -0.013199624899999998, -0.013199624900104942, -0.013199624899999998, -0.013199624899999998, 0.013199624899999998, 0.013199624899999998, 0.013199624899999998, -0.013199624899999998, -0.013199624899999998, 0.013199624900087456, 0.013199624900184281, -0.013199624899999998]","[0.013199624901620868, 0.013199624899999998, 0.013199624899999998, 0.013199624899999998, 0.013199624899999998, 0.013199624900104942, 0.013199624899999998, 0.013199624899999998, 0.013199624899999998, 0.013199624899999998, 0.013199624899999998, 0.013199624899999998, 0.013199624899999998, 0.013199624900087456, 0.013199624900184281, 0.013199624899999998]","['3HAD160', '3OAR160', '3OAS160', 'ECOAH7', 'HACD7i', 'ACACT12', 'EAR160x']","['AACPS3', 'ACOAD7f', 'ACOATA', 'FACOAE160', 'FADRx', 'MACPD', 'NADTRHD']","['AACPS1', 'FACOAE140']",3OAS160,AACPS3,0.21119399840057151,1,16,2,-4.0,-0.052798499601454066,iPC815,PSL,False,False,0.0,0.0,0.0138943606795266,0.0
27,"['AACPS1', 'AACPS3', '3HAD160', '3OAR160', 'ACOAD7f', 'ACOATA', '3OAS160', 'FACOAE140', 'FACOAE160', 'FADRx', 'ECOAH7', 'HACD7i', 'ACACT12', 'MACPD', 'NADTRHD', 'EAR160x']","[-0.013199624899999998, 0.013199624899261478, -0.013199624899999998, -0.013199624899999998, -0.01319962489864819, -0.013199624902243044, -0.013199624899999998, -0.013199624899999998, 0.013199624899999998, 0.013199624900928771, 0.013199624899999998, -0.013199624899999998, -0.013199624899999998, 0.013199624902243044, 0.013199624903297399, -0.013199624899999998]","[0.013199624899999998, 0.013199624899261478, 0.013199624899999998, 0.013199624899999998, 0.01319962489864819, 0.013199624902243044, 0.013199624899999998, 0.013199624899999998, 0.013199624899999998, 0.013199624900928771, 0.013199624899999998, 0.013199624899999998, 0.013199624899999998, 0.013199624902243044, 0.013199624903297399, 0.013199624899999998]","['ACOAD7f', 'ACOATA', 'FACOAE160', 'FADRx', 'MACPD', 'NADTRHD']","['AACPS1', '3HAD160', '3OAR160', '3OAS160', 'FACOAE140', 'ECOAH7', 'HACD7i', 'ACACT12', 'EAR160x']",['AACPS3'],3OAS160,FACOAE160,0.2111939983999673,1,16,1,-4.0,-0.05279849959516053,iPC815,PSL,False,False,0.0,0.0,0.0138943606795266,0.0
28,"['ASNS1', 'ASNS2', 'GLUN']","[0.07003882599999998, -0.07003882599999998, -0.07003882600371747]","[0.07003882599999998, 0.07003882599999998, 0.07003882600371747]",['ASNS1'],"['ASNS2', 'GLUN']",[],ASNS2,ASNS1,0.2101164780000001,1,3,0,-1.0,-0.07003882600371747,iPC815,PSL,False,False,0.0,0.0,0.135515102408,0.16954210815378
29,"['GALKr', 'GALt2pp', 'GART', 'DHAD1', 'DHAD2', 'EX_cys__L_e', 'GHMT2r', 'GLCP', '2AGPGAT160', 'AACPS3', 'AACPS7', 'AACPS9', '3HAD100', '3HAD120', '3HAD140', '3HAD160', '3HAD40', 'ACHBS', '3HAD60', 'ACLS', '3HAD80', '3OAR100', 'ACOAD1f', '3OAR120', '3OAR140', 'ACOAD2f', 'ACOAD3f', 'ACOAD4f', '3OAR160', 'ACOAD5f', 'ACOAD6f', 'ACOAD7f', '3OAR40', 'ACOATA', '3OAR60', '3OAR80', '3OAS100', '3OAS120', '3OAS140', '3OAS160', '3OAS60', '3OAS80', 'ACS', 'ADCL', 'ADCS', 'ADMDC', 'AMPN', 'ADSL1r', 'ADSL2r', 'ADSS', 'ANPRT', 'ANS', 'AGMHE', 'AICART', 'AIRC2', 'AIRC3', 'ASNS2', 'ALATA_L2', 'ASPCT', 'ALCD2x', 'ASPO6', 'ASPT', 'AST', 'ATPPRT', 'CAT', 'CBPS', 'CYSabcpp', 'CYSDS', 'CYSS', 'CYStex', 'CYTD', 'CLPNS140pp', 'CLPNS160pp', 'CLPNS161pp', 'CLPNS181pp', 'DB4PS', 'DCTPD', 'DHFR', 'DHFS', 'DHNPA2r', 'DHORD2', 'DHORTS', 'DHPS2', 'ETOHt2rpp', 'ETOHtex', 'FACOAE120', 'DNTPPA', 'DPCOAK', 'DRPA', 'FACOAE80', 'FACOAL140t2pp', 'FACOAL160t2pp', 'FACOAL161t2pp', 'FACOAL181t2pp', 'DURIPP', 'DUTPDP', 'FADRx', 'FBP', 'ECOAH1', 'ECOAH2', 'ECOAH3', 'ECOAH4', 'ECOAH5', 'ECOAH6', 'ECOAH7', 'ECOAH8', 'EDA', 'EDD', 'GLUDy', 'GLUN', 'GLUPRT', 'GUAPRT', 'GLYAT', 'H2St1pp', 'GLYC3Pabcpp', 'GLYC3Ptex', 'H2Stex', 'HACD1i', 'HACD2i', 'HACD3i', 'GLYCL', 'HACD4i', 'HACD5i', 'HACD6i', 'HACD7i', 'GLYCLTDy', 'GLYCtex', 'GLYCtpp', 'GLYK', 'HACD8i', 'GMHEPAT', 'HCO3E', 'GMHEPK', 'GMHEPPA', 'GMPR', 'GND', 'CTECOAI7', 'HEX1', 'HISTD', 'HISTP', 'GTPCI', 'HPPK2', 'ILEtex', 'IMPC', 'HSTPT', 'INDOLEt2pp', 'INDOLEtex', 'IPMD', 'IPPMIa', 'IPPMIb', 'IPPS', 'ICL', 'IG3PS', 'IGPDH', 'KARA1', 'IGPS', 'ILEt2rpp', 'KARA2', 'ILETA', 'KAS15', 'KAT1', 'ACACT11', 'G1PACT', 'ACACT8', 'ACACT13', 'ACACT10', 'ACACT9', 'LPLIPAL1G140pp', 'LPLIPAL1G160pp', 'LPLIPAL1G161pp', 'LPLIPAL1G181pp', 'ACACT12', 'ACACT8r', 'KDOCT2', 'KDOPP', 'KDOPS', 'LACZpp', 'LCTStex', 'LCTStpp', 'LEUTAi', 'LPADSS', 'LPLIPAL2G160', 'LYSt3pp', 'LYStex', 'MACPD', 'G3PD2', 'ME1', 'METabcpp', 'METAT', 'MOAT', 'MOAT2', 'MTAN', 'MTHFC', 'METtex', 'MTHFD', 'MTHFR2', 'G3PGabcpp', 'NADK', 'NADPHQR2', 'G3PGtex', 'NAt3_1p5pp', 'NNATr', 'NNDPR', 'NDPK8', 'NTD1', 'G6PDA', 'OMPDC', 'NTD4', 'ORNDC', 'ORPT', 'NTP3', 'P5CD', 'P5CR', 'NTPP2', 'NTPP4', 'NTPP5', 'NTPP6', 'NTPP7', 'NTPP8', 'NTPTP1', 'OAADC', 'CTECOAI8', 'PAPSR', 'PAPSR2', 'PE140abcpp', 'OMCDC', 'PE160abcpp', 'PE161abcpp', 'PE181abcpp', 'PLIPA2G140pp', 'PFL', 'PG140abcpp', 'PLIPA2G160pp', 'PLIPA2G161pp', 'PG161abcpp', 'PLIPA2G181pp', 'PG181abcpp', 'PNTK', 'PNTOt4pp', 'PGAMT', 'PNTOtex', 'PPA2', 'PSD140', 'PGMT', 'PSD160', 'PSD161', 'PSD181', 'PPCDC', 'PPM2', 'PPNCL2', 'PSSA140', 'PSSA160', 'PSSA161', 'PSSA181', 'PTPATi', 'PRAGSr', 'PRAIi', 'PUNP4', 'PYAM5PO', 'PRAIS', 'PRAMPC', 'PRASCSi', 'PRATPP', 'PRFGS', 'PRMICI', 'QULNS', 'PGPP140', 'RBFSa', 'PRPPS', 'RNDR4b', 'PGPP160', 'RNDR1', 'RPI', 'SADH', 'PGPP161', 'SERAT', 'SERD_L', 'SULR', 'SGDS', 'SGSAD', 'PGPP181', 'TDSK', 'SO4tex', 'SOTA', 'SPMS', 'THRA', 'THRD', 'THRD_L', 'PGSA140', 'SUCCtex', 'PGSA160', 'SULabcpp', 'PGSA161', 'TMDS', 'PGSA181', 'TRDR', 'TYRt2rpp', 'TYRtex', 'U23GAAT', 'TRPS2', 'TRPS3', 'UAGAAT', 'UAGDP', 'PHEt2rpp', 'PHEtex', 'UDPG4E', 'UGLT', 'ZN2abcpp', 'ZNabcpp', 'UHGADA', 'NADS1', 'GALUi', 'UPPRT', 'URIDK2r', 'DNMPPA', 'GCALDD', 'URIK2', 'USHD', 'VALTA', 'MTRK', 'MTRI', 'MDRPD', 'ARD', 'UNK3', 'EAR40x', 'EAR60x', 'EAR80x', 'EAR100x', 'EAR120x', 'EAR140x', 'EAR160x', 'LPS_YPtetra', 'BIOMASS_37C', 'S7PI', 'A5PISO', 'LACZ', 'EX_etoh_e', 'EX_g3pg_e', 'EX_lcts_e', 'EX_lys__L_e', 'EX_met__L_e', 'EX_glyc3p_e', 'EX_glyc_e', 'EX_tyr__L_e', 'EX_h2s_e', 'EX_phe__L_e', 'EX_pnto__R_e', 'EX_ile__L_e', 'EX_indole_e', 'EX_so4_e', 'EX_succ_e', 'KOKDO_LIPAtetra', 'SUCCt3pp', 'PAPSSH']","[-0.008795704561862294, -0.005211565149042752, -0.0362646169004302, -0.090299396146783, -0.021067350577732638, 0.8399959130270656, -0.10312918019735662, 0.011685804207230737, -0.0012899913735254704, 0.002579982747050941, 0.0030959720719760274, 0.0009907859071380694, -0.006890064347050941, -0.006890064347050941, -0.0025799827470509417, -0.00257998274705094, -0.007880850254189008, -0.021067350577732638, -0.007880850254189008, -0.090299396146783, -0.007880850254189008, -0.006890064347089719, 0.0011248071699583306, -0.006890064347089719, -0.003794092275143157, 0.0011248071699583306, 0.0011248071699583306, 0.002115593077064659, -0.002579982747079157, 0.002115593077064659, 0.005211565149011221, 0.002328055020029751, -0.007880850254196048, -0.04379675447876252, -0.007880850254196048, -0.007880850254196048, -0.006890064347050941, -0.006890064347050941, -0.0037940922750749144, -0.00257998274705094, -0.007880850254189008, -0.007880850254189008, 0.013529734211394086, -0.0037940922750748906, -0.003794092275074889, -0.000531172918510488, 0.000531172918510488, -0.02424417375448229, -0.03626461690043925, -0.024244173754537877, 0.0037940922750748906, 0.0037940922750748906, -0.0009105821460179794, -0.04537043836069188, -0.0362646169004302, 0.03626461690043925, -0.01972927983038955, 0.07064599816189493, -0.023910369517477395, -0.039065528281867046, -0.0002071574380795721, 0.12545075049033114, 0.022157498886437504, -0.009105821460179797, 0.03521942036190768, -0.020723332006414463, -0.8399959130270656, -0.8203152723011657, 0.014136788975406081, -0.83999591302711, 0.009561112533144067, -6.525838705329079e-05, -0.00018970461371736747, -8.347003006292653e-05, -6.146429495856864e-05, -1.5176369100260962e-06, 0.0019273988757380562, -0.005668373858952691, -0.0037940922750748906, -0.0037940922750748906, -0.023910369517477395, 0.02391036951746628, -0.0037940922750748906, -0.039065528281867046, -0.039065528281867046, 0.0030959720719760274, -0.0037940922750748906, -4.477028884343859e-06, 0.004818497189345141, 0.0009907859071380694, 0.0012748150044251715, 0.001138227682522475, 0.0016086951246317644, 0.0011898273374634934, 0.002891098313625662, 0.0019273988757380562, -0.015145227832949058, 0.003249740324038068, -0.0011248071699583306, -0.0011248071699583306, -0.0011248071699583306, -0.002115593077064659, -0.002115593077064659, -0.005211565149011221, -0.003936750144589496, -0.0011898273374981727, 0.06262217593520507, 0.06262217593520507, 0.2374064921026502, 0.12284648555285918, -0.0362646169004302, 0.0019273988757380562, -0.015655420775715356, -0.7971332990482698, -0.05823074176885264, -0.05823074176885257, 0.7971332990482551, 0.0011248071699288102, 0.0011248071699288102, 0.0011248071699288102, 0.0520903679777619, 0.0021155930770668796, 0.0021155930770668796, 0.005211565149042906, 0.003936750144617734, 0.0037940922750748906, -0.003010942815649287, 0.003410840141555127, -0.003410840141461085, 0.0011898273374634934, -0.0012141095280239727, -0.05698794890690806, -0.0012141095280239727, -0.0012141095280239727, 0.02112626460607213, -0.06262217593520507, 0.0016086951246317648, -0.0035841394128679482, -0.009105821460179797, -0.009105821460179797, -0.0037940922750748906, -0.0037940922750748906, -0.00852656916788419, 0.04537043836069188, -0.009105821460179797, 0.0078158300866543, -0.007815830086656206, -0.052358473396033806, 0.05235847339599786, 0.05235847339599786, -0.052358473396033806, 0.0037940922750748906, -0.009105821460179797, -0.009105821460179797, 0.090299396146861, 0.0037940922750748906, -0.00852656916788419, -0.021067350577709476, 0.021067350577709476, -0.007880850254189008, 0.0011248071699288102, 0.0011248071699288102, -0.0009105821460179794, 0.0011248071699288102, 0.0021155930770668796, 0.0021155930770668796, 0.005211565149042906, 0.0006374075022125857, 0.0005691138412612373, 0.0008043475623158822, 0.0005949136687317467, 0.003936750144617734, 0.0011898273374634934, -0.0006070547640119864, -0.0006070547640119864, -0.0006070547640119864, -0.005211565149042752, -0.008795704561862294, -0.003584139412851073, -0.052358473396033806, -0.0003035273820059932, 0.0012899913735254704, 0.018970461375374573, -0.018970461375374725, 0.043796754478794775, -0.0643353874256718, 0.07334519655736926, -0.010623458370155398, -0.000531172918510488, -0.0003035273820059932, -0.0003035273820059932, -0.000531172918510488, -0.04537043836057819, -0.010623458370105254, -0.04537043836057819, -0.003794092275074915, -0.0012899913735254704, -4.0217378058926556e-05, 0.0064216172420292345, -0.0038957739481020326, -2.2385144404779567e-06, -0.00020715743812615983, -0.0002071574380795721, -0.0011154631273484483, 0.0028910983136070847, 0.0009105821460179794, -0.023910369517477395, 0.009561112533144067, -0.0031870375110629318, 0.02391036951746628, 0.01468306122137987, 0.02428219056047945, -0.02428219056047945, 0.019198865730334073, 0.010172644325988836, 0.0007588184565747724, 0.08200028399835446, 0.0018742815838870075, 0.011761686052732234, 0.0019273988757380562, 0.06859741597888958, 0.0011898273374634934, 0.03640818008228403, 0.0009105821460179794, -0.00044011470390869015, -0.052358473396033806, -0.0012899913735254713, -0.0005539374721609377, -0.0004097619657080908, 0.0006374075022125857, -0.03193707525142543, 0.00044011470390869015, 0.0005691138412612373, 0.0008043475623158822, 0.0005539374721609378, 0.0005949136687317467, 0.0004097619657080908, -4.477028884343859e-06, -4.477028884343859e-06, 0.0009105821460480001, -4.477028937799332e-06, 0.0019273988757380562, -0.00044011470390869015, 0.003421272563855382, -0.0012899913735254713, -0.0005539374721609377, -0.0004097619657080908, -4.477028884343859e-06, 0.004818497189376103, -4.477028884343859e-06, -0.00044011470390869015, -0.0012899913735254713, -0.0005539374721609377, -0.0004097619657080908, -4.477028884343859e-06, -0.03626461690043925, 0.0037940922750748906, 0.0019273988757504412, 0.07064599816189493, -0.0362646169004302, -0.009105821460179797, -0.0362646169004302, -0.009105821460179797, -0.0362646169004302, -0.009105821460252628, -0.0002071574380795721, 0.00044011470390869026, -1.5176369100260962e-06, -0.06087537585176506, -0.000910582146017979, 0.0012899913735254704, -0.0018742815838870075, 0.062013603534296635, 0.022157498886437504, 0.0005539374721609377, 0.014136788975406489, 0.1351664942095896, 0.03731876222830201, 0.022157498886437504, 0.022157498886437504, 0.0004097619657080908, -0.0003035273820059932, 0.037318762228323976, 0.022157498886437504, -0.000531172918510488, 0.03424703109249094, 0.01565542077574946, -0.021067350577732638, 0.00044011470390614704, -0.020431864568536184, 0.001289991373596422, 0.03731876222830201, 0.0005539374722047796, -0.0018742815838870075, 0.000409761965670441, 0.034533898498397025, -0.009864639915235784, -0.009864639915235784, -0.0006070547640119864, -0.004021737811579409, 0.0037940922750748906, -0.0006070547639183133, -0.0009105821460179794, -0.014417550645248411, -0.014417550645248411, 0.008795704561862294, -0.008795704561862294, 2.3083356562403288, 2.3083356562403288, -0.0006070547640119864, -0.0002071574380795721, -0.000531172918510488, 0.0028910983136070847, 0.0009105821460480001, -0.0037940922750748906, -0.0037940922750748906, 0.009561112533144067, -0.0003035273820059932, 0.03794092275074945, -0.000531172918510488, -0.0005311729186132652, -0.000531172918510488, -0.0005311729185648473, -0.0005311729185648473, -0.007880850254189008, -0.007880850254189008, -0.007880850254189008, -0.006890064347050941, -0.006890064347050941, -0.0025799827470509417, -0.00257998274705094, -0.0003035273820059932, -0.07588184550149829, -0.0012141095280640002, -0.0006070547639183133, -0.003584139412851073, 0.03906552828189769, 0.003895773948046922, 0.008795704561910617, 0.018970461375374503, 0.010623458370155436, 0.05823074176885264, 0.003010942815668189, 0.009864639915194706, -0.7971332990482698, 0.014417550645284827, 4.477028937799332e-06, 0.008526569167851689, 0.0078158300866543, -0.037318762228323976, 0.02043186456855877, -0.0003035273820059932, 0.02043186456855877, 0.037318762228323976]","[0.008795704561862294, 0.005211565149042752, 0.0362646169004302, 0.090299396146783, 0.021067350577732638, 0.8399959130270656, 0.10312918019735662, 0.011685804207230737, 0.0012899913735254704, 0.002579982747050941, 0.0030959720719760274, 0.0009907859071380694, 0.006890064347050941, 0.006890064347050941, 0.0025799827470509417, 0.00257998274705094, 0.007880850254189008, 0.021067350577732638, 0.007880850254189008, 0.090299396146783, 0.007880850254189008, 0.006890064347089719, 0.0011248071699583306, 0.006890064347089719, 0.003794092275143157, 0.0011248071699583306, 0.0011248071699583306, 0.002115593077064659, 0.002579982747079157, 0.002115593077064659, 0.005211565149011221, 0.002328055020029751, 0.007880850254196048, 0.04379675447876252, 0.007880850254196048, 0.007880850254196048, 0.006890064347050941, 0.006890064347050941, 0.0037940922750749144, 0.00257998274705094, 0.007880850254189008, 0.007880850254189008, 0.013529734211394086, 0.0037940922750748906, 0.003794092275074889, 0.000531172918510488, 0.000531172918510488, 0.02424417375448229, 0.03626461690043925, 0.024244173754537877, 0.0037940922750748906, 0.0037940922750748906, 0.0009105821460179794, 0.04537043836069188, 0.0362646169004302, 0.03626461690043925, 0.01972927983038955, 0.07064599816189493, 0.023910369517477395, 0.039065528281867046, 0.0002071574380795721, 0.12545075049033114, 0.022157498886437504, 0.009105821460179797, 0.03521942036190768, 0.020723332006414463, 0.8399959130270656, 0.8203152723011657, 0.014136788975406081, 0.83999591302711, 0.009561112533144067, 6.525838705329079e-05, 0.00018970461371736747, 8.347003006292653e-05, 6.146429495856864e-05, 1.5176369100260962e-06, 0.0019273988757380562, 0.005668373858952691, 0.0037940922750748906, 0.0037940922750748906, 0.023910369517477395, 0.02391036951746628, 0.0037940922750748906, 0.039065528281867046, 0.039065528281867046, 0.0030959720719760274, 0.0037940922750748906, 4.477028884343859e-06, 0.004818497189345141, 0.0009907859071380694, 0.0012748150044251715, 0.001138227682522475, 0.0016086951246317644, 0.0011898273374634934, 0.002891098313625662, 0.0019273988757380562, 0.015145227832949058, 0.003249740324038068, 0.0011248071699583306, 0.0011248071699583306, 0.0011248071699583306, 0.002115593077064659, 0.002115593077064659, 0.005211565149011221, 0.003936750144589496, 0.0011898273374981727, 0.06262217593520507, 0.06262217593520507, 0.2374064921026502, 0.12284648555285918, 0.0362646169004302, 0.0019273988757380562, 0.015655420775715356, 0.7971332990482698, 0.05823074176885264, 0.05823074176885257, 0.7971332990482551, 0.0011248071699288102, 0.0011248071699288102, 0.0011248071699288102, 0.0520903679777619, 0.0021155930770668796, 0.0021155930770668796, 0.005211565149042906, 0.003936750144617734, 0.0037940922750748906, 0.003010942815649287, 0.003410840141555127, 0.003410840141461085, 0.0011898273374634934, 0.0012141095280239727, 0.05698794890690806, 0.0012141095280239727, 0.0012141095280239727, 0.02112626460607213, 0.06262217593520507, 0.0016086951246317648, 0.0035841394128679482, 0.009105821460179797, 0.009105821460179797, 0.0037940922750748906, 0.0037940922750748906, 0.00852656916788419, 0.04537043836069188, 0.009105821460179797, 0.0078158300866543, 0.007815830086656206, 0.052358473396033806, 0.05235847339599786, 0.05235847339599786, 0.052358473396033806, 0.0037940922750748906, 0.009105821460179797, 0.009105821460179797, 0.090299396146861, 0.0037940922750748906, 0.00852656916788419, 0.021067350577709476, 0.021067350577709476, 0.007880850254189008, 0.0011248071699288102, 0.0011248071699288102, 0.0009105821460179794, 0.0011248071699288102, 0.0021155930770668796, 0.0021155930770668796, 0.005211565149042906, 0.0006374075022125857, 0.0005691138412612373, 0.0008043475623158822, 0.0005949136687317467, 0.003936750144617734, 0.0011898273374634934, 0.0006070547640119864, 0.0006070547640119864, 0.0006070547640119864, 0.005211565149042752, 0.008795704561862294, 0.003584139412851073, 0.052358473396033806, 0.0003035273820059932, 0.0012899913735254704, 0.018970461375374573, 0.018970461375374725, 0.043796754478794775, 0.0643353874256718, 0.07334519655736926, 0.010623458370155398, 0.000531172918510488, 0.0003035273820059932, 0.0003035273820059932, 0.000531172918510488, 0.04537043836057819, 0.010623458370105254, 0.04537043836057819, 0.003794092275074915, 0.0012899913735254704, 4.0217378058926556e-05, 0.0064216172420292345, 0.0038957739481020326, 2.2385144404779567e-06, 0.00020715743812615983, 0.0002071574380795721, 0.0011154631273484483, 0.0028910983136070847, 0.0009105821460179794, 0.023910369517477395, 0.009561112533144067, 0.0031870375110629318, 0.02391036951746628, 0.01468306122137987, 0.02428219056047945, 0.02428219056047945, 0.019198865730334073, 0.010172644325988836, 0.0007588184565747724, 0.08200028399835446, 0.0018742815838870075, 0.011761686052732234, 0.0019273988757380562, 0.06859741597888958, 0.0011898273374634934, 0.03640818008228403, 0.0009105821460179794, 0.00044011470390869015, 0.052358473396033806, 0.0012899913735254713, 0.0005539374721609377, 0.0004097619657080908, 0.0006374075022125857, 0.03193707525142543, 0.00044011470390869015, 0.0005691138412612373, 0.0008043475623158822, 0.0005539374721609378, 0.0005949136687317467, 0.0004097619657080908, 4.477028884343859e-06, 4.477028884343859e-06, 0.0009105821460480001, 4.477028937799332e-06, 0.0019273988757380562, 0.00044011470390869015, 0.003421272563855382, 0.0012899913735254713, 0.0005539374721609377, 0.0004097619657080908, 4.477028884343859e-06, 0.004818497189376103, 4.477028884343859e-06, 0.00044011470390869015, 0.0012899913735254713, 0.0005539374721609377, 0.0004097619657080908, 4.477028884343859e-06, 0.03626461690043925, 0.0037940922750748906, 0.0019273988757504412, 0.07064599816189493, 0.0362646169004302, 0.009105821460179797, 0.0362646169004302, 0.009105821460179797, 0.0362646169004302, 0.009105821460252628, 0.0002071574380795721, 0.00044011470390869026, 1.5176369100260962e-06, 0.06087537585176506, 0.000910582146017979, 0.0012899913735254704, 0.0018742815838870075, 0.062013603534296635, 0.022157498886437504, 0.0005539374721609377, 0.014136788975406489, 0.1351664942095896, 0.03731876222830201, 0.022157498886437504, 0.022157498886437504, 0.0004097619657080908, 0.0003035273820059932, 0.037318762228323976, 0.022157498886437504, 0.000531172918510488, 0.03424703109249094, 0.01565542077574946, 0.021067350577732638, 0.00044011470390614704, 0.020431864568536184, 0.001289991373596422, 0.03731876222830201, 0.0005539374722047796, 0.0018742815838870075, 0.000409761965670441, 0.034533898498397025, 0.009864639915235784, 0.009864639915235784, 0.0006070547640119864, 0.004021737811579409, 0.0037940922750748906, 0.0006070547639183133, 0.0009105821460179794, 0.014417550645248411, 0.014417550645248411, 0.008795704561862294, 0.008795704561862294, 2.3083356562403288, 2.3083356562403288, 0.0006070547640119864, 0.0002071574380795721, 0.000531172918510488, 0.0028910983136070847, 0.0009105821460480001, 0.0037940922750748906, 0.0037940922750748906, 0.009561112533144067, 0.0003035273820059932, 0.03794092275074945, 0.000531172918510488, 0.0005311729186132652, 0.000531172918510488, 0.0005311729185648473, 0.0005311729185648473, 0.007880850254189008, 0.007880850254189008, 0.007880850254189008, 0.006890064347050941, 0.006890064347050941, 0.0025799827470509417, 0.00257998274705094, 0.0003035273820059932, 0.07588184550149829, 0.0012141095280640002, 0.0006070547639183133, 0.003584139412851073, 0.03906552828189769, 0.003895773948046922, 0.008795704561910617, 0.018970461375374503, 0.010623458370155436, 0.05823074176885264, 0.003010942815668189, 0.009864639915194706, 0.7971332990482698, 0.014417550645284827, 4.477028937799332e-06, 0.008526569167851689, 0.0078158300866543, 0.037318762228323976, 0.02043186456855877, 0.0003035273820059932, 0.02043186456855877, 0.037318762228323976]","['GALt2pp', 'GART', 'EX_cys__L_e', '2AGPGAT160', '3HAD120', '3HAD140', '3OAR120', '3OAS120', 'ASPO6', 'CYSabcpp', 'CYSDS', 'CYStex', 'FADRx', 'GLYC3Pabcpp', 'GLYK', 'GND', 'HEX1', 'LACZpp', 'G3PGabcpp', 'NAt3_1p5pp', 'PFL', 'RNDR1', 'EAR100x', 'EAR120x', 'EAR140x']","['GALKr', 'GLCP', 'AACPS3', 'AACPS9', 'ACOAD1f', 'ACOAD2f', 'ACOAD3f', 'ACOAD4f', 'ACOAD5f', 'ACOAD7f', 'ACOATA', 'ACS', 'AMPN', 'ALATA_L2', 'ALCD2x', 'ASPT', 'AST', 'CYSS', 'CYTD', 'DCTPD', 'ETOHt2rpp', 'ETOHtex', 'DRPA', 'FACOAE80', 'FACOAL140t2pp', 'FACOAL161t2pp', 'FACOAL181t2pp', 'DURIPP', 'DUTPDP', 'FBP', 'ECOAH1', 'ECOAH2', 'ECOAH3', 'ECOAH4', 'ECOAH5', 'ECOAH6', 'ECOAH7', 'ECOAH8', 'EDA', 'EDD', 'GLUN', 'GUAPRT', 'GLYAT', 'GLYC3Ptex', 'HACD1i', 'HACD2i', 'HACD3i', 'HACD4i', 'HACD5i', 'HACD6i', 'HACD7i', 'GLYCLTDy', 'GLYCtex', 'HACD8i', 'GMPR', 'CTECOAI7', 'ILEtex', 'INDOLEt2pp', 'INDOLEtex', 'ICL', 'ILEt2rpp', 'KAT1', 'ACACT11', 'ACACT8', 'ACACT13', 'ACACT10', 'ACACT9', 'LPLIPAL1G140pp', 'LPLIPAL1G160pp', 'LPLIPAL1G161pp', 'LPLIPAL1G181pp', 'ACACT12', 'ACACT8r', 'LCTStex', 'LPLIPAL2G160', 'LYSt3pp', 'MACPD', 'ME1', 'NADPHQR2', 'G3PGtex', 'NTD1', 'G6PDA', 'NTD4', 'NTP3', 'P5CD', 'NTPP2', 'NTPP4', 'NTPP5', 'NTPP6', 'NTPP7', 'NTPP8', 'NTPTP1', 'OAADC', 'CTECOAI8', 'PAPSR', 'PAPSR2', 'PLIPA2G140pp', 'PG140abcpp', 'PLIPA2G160pp', 'PLIPA2G161pp', 'PLIPA2G181pp', 'PG181abcpp', 'PPA2', 'PPM2', 'PUNP4', 'PYAM5PO', 'PGPP140', 'PGPP160', 'SADH', 'SERAT', 'SULR', 'SGDS', 'SGSAD', 'PGPP181', 'SO4tex', 'SOTA', 'THRD', 'SUCCtex', 'SULabcpp', 'UDPG4E', 'UGLT', 'ZN2abcpp', 'ZNabcpp', 'UPPRT', 'URIK2', 'EX_etoh_e', 'EX_g3pg_e', 'EX_lcts_e', 'EX_glyc3p_e', 'EX_glyc_e', 'EX_ile__L_e', 'EX_indole_e', 'EX_so4_e', 'EX_succ_e', 'SUCCt3pp', 'PAPSSH']","['DHAD1', 'DHAD2', 'GHMT2r', 'AACPS7', '3HAD100', '3HAD160', '3HAD40', 'ACHBS', '3HAD60', 'ACLS', '3HAD80', '3OAR100', '3OAR140', '3OAR160', 'ACOAD6f', '3OAR40', '3OAR60', '3OAR80', '3OAS100', '3OAS140', '3OAS160', '3OAS60', '3OAS80', 'ADCL', 'ADCS', 'ADMDC', 'ADSL1r', 'ADSL2r', 'ADSS', 'ANPRT', 'ANS', 'AGMHE', 'AICART', 'AIRC2', 'AIRC3', 'ASNS2', 'ASPCT', 'ATPPRT', 'CAT', 'CBPS', 'CLPNS140pp', 'CLPNS160pp', 'CLPNS161pp', 'CLPNS181pp', 'DB4PS', 'DHFR', 'DHFS', 'DHNPA2r', 'DHORD2', 'DHORTS', 'DHPS2', 'FACOAE120', 'DNTPPA', 'DPCOAK', 'FACOAL160t2pp', 'GLUDy', 'GLUPRT', 'H2St1pp', 'H2Stex', 'GLYCL', 'GLYCtpp', 'GMHEPAT', 'HCO3E', 'GMHEPK', 'GMHEPPA', 'HISTD', 'HISTP', 'GTPCI', 'HPPK2', 'IMPC', 'HSTPT', 'IPMD', 'IPPMIa', 'IPPMIb', 'IPPS', 'IG3PS', 'IGPDH', 'KARA1', 'IGPS', 'KARA2', 'ILETA', 'KAS15', 'G1PACT', 'KDOCT2', 'KDOPP', 'KDOPS', 'LCTStpp', 'LEUTAi', 'LPADSS', 'LYStex', 'G3PD2', 'METabcpp', 'METAT', 'MOAT', 'MOAT2', 'MTAN', 'MTHFC', 'METtex', 'MTHFD', 'MTHFR2', 'NADK', 'NNATr', 'NNDPR', 'NDPK8', 'OMPDC', 'ORNDC', 'ORPT', 'P5CR', 'PE140abcpp', 'OMCDC', 'PE160abcpp', 'PE161abcpp', 'PE181abcpp', 'PG161abcpp', 'PNTK', 'PNTOt4pp', 'PGAMT', 'PNTOtex', 'PSD140', 'PGMT', 'PSD160', 'PSD161', 'PSD181', 'PPCDC', 'PPNCL2', 'PSSA140', 'PSSA160', 'PSSA161', 'PSSA181', 'PTPATi', 'PRAGSr', 'PRAIi', 'PRAIS', 'PRAMPC', 'PRASCSi', 'PRATPP', 'PRFGS', 'PRMICI', 'QULNS', 'RBFSa', 'PRPPS', 'RNDR4b', 'RPI', 'PGPP161', 'SERD_L', 'TDSK', 'SPMS', 'THRA', 'THRD_L', 'PGSA140', 'PGSA160', 'PGSA161', 'TMDS', 'PGSA181', 'TRDR', 'TYRt2rpp', 'TYRtex', 'U23GAAT', 'TRPS2', 'TRPS3', 'UAGAAT', 'UAGDP', 'PHEt2rpp', 'PHEtex', 'UHGADA', 'NADS1', 'GALUi', 'URIDK2r', 'DNMPPA', 'GCALDD', 'USHD', 'VALTA', 'MTRK', 'MTRI', 'MDRPD', 'ARD', 'UNK3', 'EAR40x', 'EAR60x', 'EAR80x', 'EAR160x', 'LPS_YPtetra', 'BIOMASS_37C', 'S7PI', 'A5PISO', 'LACZ', 'EX_lys__L_e', 'EX_met__L_e', 'EX_tyr__L_e', 'EX_h2s_e', 'EX_phe__L_e', 'EX_pnto__R_e', 'KOKDO_LIPAtetra']",CYSabcpp,CYSS,16.836289902235812,1,354,193,-46.0,2.3907009433037776,iPC815,PSL,False,False,0.0,0.0,0.0,0.0
30,"['GALKr', 'GALt2pp', 'DGK1', 'DHAD1', 'DHAD2', 'EX_cys__L_e', 'GHMT2r', 'GLCP', '2AGPGAT160', 'AACPS3', 'AACPS7', 'AACPS9', '3HAD100', '3HAD120', '3HAD140', '3HAD160', '3HAD40', 'ACHBS', '3HAD60', 'ACLS', '3HAD80', '3OAR100', 'ACOAD1f', '3OAR120', '3OAR140', 'ACOAD2f', 'ACOAD3f', 'ACOAD4f', '3OAR160', 'ACOAD5f', 'ACOAD6f', 'ACOAD7f', '3OAR40', 'ACOATA', '3OAR60', '3OAR80', '3OAS100', '3OAS120', '3OAS140', '3OAS160', '3OAS60', '3OAS80', 'ACS', 'ADCL', 'ADCS', 'ADMDC', 'ADPT', 'AMPN', 'ADSL1r', 'ADSL2r', 'ADSS', 'ANPRT', 'ANS', 'AGMHE', 'AICART', 'AIRC2', 'AIRC3', 'ASNS2', 'ALATA_L2', 'ASPCT', 'ALCD2x', 'ASPO6', 'AST', 'ATPPRT', 'CAT', 'CBPS', 'CYSabcpp', 'CYSDS', 'CYSS', 'CYStex', 'CYTBO3_4pp', 'CYTD', 'CLPNS140pp', 'CLPNS160pp', 'CLPNS161pp', 'CLPNS181pp', 'DB4PS', 'DCTPD', 'DHFR', 'DHFS', 'DHNPA2r', 'DHORD2', 'DHORTS', 'DHPS2', 'ETOHt2rpp', 'ETOHtex', 'FACOAE120', 'DNTPPA', 'DPCOAK', 'DRPA', 'FACOAE80', 'FACOAL160t2pp', 'FACOAL161t2pp', 'FACOAL181t2pp', 'DURIPP', 'DUTPDP', 'FADRx', 'FBP', 'ECOAH1', 'ECOAH2', 'ECOAH3', 'ECOAH4', 'ECOAH5', 'ECOAH6', 'ECOAH7', 'ECOAH8', 'EDA', 'EDD', 'GLUN', 'GLUPRT', 'GUAPRT', 'H2St1pp', 'GLYC3Pabcpp', 'GLYC3Ptex', 'H2Stex', 'HACD1i', 'HACD2i', 'HACD3i', 'GLYCL', 'HACD4i', 'HACD5i', 'HACD6i', 'HACD7i', 'GLYCLTDy', 'GLYK', 'HACD8i', 'GMHEPAT', 'HCO3E', 'GMHEPK', 'GMHEPPA', 'GMPR', 'GND', 'CTECOAI7', 'HEX1', 'HISTD', 'HISTP', 'GTPCI', 'HPPK2', 'ILEtex', 'IMPC', 'HSTPT', 'INDOLEt2pp', 'INDOLEtex', 'IPMD', 'IPPMIa', 'IPPMIb', 'IPPS', 'ICL', 'IG3PS', 'IGPDH', 'KARA1', 'IGPS', 'ILEt2rpp', 'KARA2', 'ILETA', 'KAS15', 'KAT1', 'ACACT11', 'G1PACT', 'ACACT8', 'ACACT13', 'ACACT10', 'ACACT9', 'LPLIPAL1G140pp', 'LPLIPAL1G160pp', 'LPLIPAL1G161pp', 'LPLIPAL1G181pp', 'ACACT12', 'ACACT8r', 'KDOCT2', 'KDOPP', 'KDOPS', 'LACZpp', 'LCTStex', 'LCTStpp', 'LEUTAi', 'LPADSS', 'LPLIPAL2G160', 'LYSt3pp', 'LYStex', 'MACPD', 'G3PD2', 'ME1', 'METabcpp', 'METAT', 'MOAT', 'MOAT2', 'MTAN', 'METtex', 'MTHFR2', 'G3PGabcpp', 'NADK', 'NADPHQR2', 'G3PGtex', 'NAt3_1p5pp', 'NNATr', 'NNDPR', 'NTD1', 'G6PDA', 'OMPDC', 'NTD4', 'NTD6', 'ORNDC', 'NTD8', 'ORPT', 'NTP3', 'P5CD', 'NTPP1', 'P5CR', 'NTPP2', 'NTPP4', 'NTPP5', 'NTPP6', 'NTPP7', 'NTPP8', 'OAADC', 'CTECOAI8', 'PAPSR', 'PDH', 'PE140abcpp', 'OMCDC', 'PE160abcpp', 'PE161abcpp', 'PE181abcpp', 'PLIPA2G140pp', 'PG140abcpp', 'PLIPA2G160pp', 'PLIPA2G161pp', 'PG161abcpp', 'PLIPA2G181pp', 'PG181abcpp', 'PNTK', 'PNTOt4pp', 'PGAMT', 'PNTOtex', 'PSD140', 'PGMT', 'PSD160', 'PSD161', 'PPC', 'PSD181', 'PPCDC', 'PPM2', 'PPNCL2', 'PSSA140', 'PSSA160', 'PSSA161', 'PSSA181', 'PTPATi', 'PUNP2', 'PRAGSr', 'PRAIi', 'PUNP4', 'PYAM5PO', 'PRAIS', 'PRAMPC', 'PRASCSi', 'PRATPP', 'PRFGS', 'PRMICI', 'QULNS', 'PGPP140', 'RBFSa', 'RNDR4', 'PGPP160', 'RPI', 'SADH', 'RNDR2', 'PGPP161', 'SERAT', 'SERD_L', 'SULR', 'SGDS', 'SGSAD', 'PGPP181', 'TDSK', 'SO4tex', 'SOTA', 'SPMS', 'THRD_L', 'SUCCtex', 'PGSA160', 'SULabcpp', 'PGSA161', 'TMDS', 'PGSA181', 'TPI', 'TRDR', 'TYRt2rpp', 'TYRtex', 'U23GAAT', 'TRPS2', 'TRPS3', 'UAGAAT', 'UAGDP', 'PHEt2rpp', 'PHEtex', 'UDPG4E', 'UGLT', 'ZN2abcpp', 'ZNabcpp', 'UHGADA', 'NADS1', 'GALUi', 'UPPRT', 'URIDK2r', 'DNMPPA', 'GCALDD', 'URIK2', 'USHD', 'VALTA', 'MTRK', 'MTRI', 'MDRPD', 'ARD', 'UNK3', 'EAR40x', 'EAR60x', 'EAR80x', 'EAR100x', 'EAR120x', 'EAR140x', 'EAR160x', 'LPS_YPtetra', 'BIOMASS_37C', 'S7PI', 'A5PISO', 'LACZ', 'EX_etoh_e', 'EX_g3pg_e', 'EX_lcts_e', 'EX_lys__L_e', 'EX_met__L_e', 'EX_glyc3p_e', 'EX_tyr__L_e', 'EX_h2s_e', 'EX_phe__L_e', 'EX_pnto__R_e', 'EX_ile__L_e', 'EX_indole_e', 'EX_so4_e', 'EX_succ_e', 'KOKDO_LIPAtetra', 'SUCCt3pp', 'PAPSSH']","[-0.008795704563567597, -0.005211565148932734, 0.0007588184537326015, -0.09029939614487023, -0.021067350588611575, 0.83999591303433, -0.10312918020349571, 0.01168580420698321, -0.001289991373498146, 0.0025799827469962927, 0.0030959720720017438, 0.0009907859068397779, -0.006890064346996336, -0.0068900643469962915, -0.002579982746996292, -0.002579982746996292, -0.007880850253836114, -0.021067350588611575, -0.007880850253836114, -0.09029939614487023, -0.007880850253836114, -0.0068900643469760325, 0.0011248071700720175, -0.0068900643469760325, -0.0037940922750294703, 0.0011248071700720175, 0.0011248071700720175, 0.0021155930769509723, -0.00257998274696547, 0.0021155930769509723, 0.0052115651488975345, 0.0023280550199160643, -0.007880850253854987, -0.04379675447751197, -0.007880850253854987, -0.007880850253854987, -0.006890064346996336, -0.0068900643469962915, -0.0037940922749945477, -0.002579982746996292, -0.007880850253836114, -0.007880850253836114, 0.013529734211524376, -0.003794092274994698, -0.003794092274994698, -0.0005311729184992368, 0.061634194306983456, 0.060291085641635385, -0.024244173756756027, -0.03626461690237193, -0.024244173756774436, 0.003794092274994698, 0.003794092274994698, -0.0009105821459986919, -0.04537043836239718, -0.03626461690241231, 0.03626461690237193, -0.019729279829971642, 0.07064599816039849, -0.023910369516914068, -0.03906552828811982, -0.00020715743824703536, 0.022157498885968165, -0.00910582145998692, 0.035219420361075726, -0.020723332005918638, -0.83999591303433, -0.8203152723083609, 0.014136788975523512, -0.8399959130343859, -0.012272553063290337, 0.009561112532884691, -6.525838705329079e-05, -0.00018970461371736747, -8.347003006292653e-05, -6.146429495856864e-05, -1.5176369100039471e-06, 0.0019273988756972303, -0.005668373858839004, -0.003794092274994698, -0.003794092274994698, -0.023910369516914068, 0.023910369516897845, -0.003794092274994698, -0.03906552828811982, -0.03906552828811982, 0.0030959720720017438, -0.003794092274994698, -4.477028953526943e-06, 0.005933960319339349, 0.0009907859068397779, 0.0011382276824983659, 0.00160869512459769, 0.0011898273374382905, 0.002891098313511975, 0.0019273988756972303, -0.015145227833003705, 0.0032497403276712106, -0.0011248071700720175, -0.0011248071700720175, -0.0011248071700720175, -0.0021155930769509723, -0.0021155930769509723, -0.0052115651488975345, -0.003936750144589496, -0.0011898273373844859, 0.06150671280654363, 0.06150671280654363, 0.12284648555570077, -0.03626461690241231, 0.0011685804219835026, -0.7971332990517005, -0.05823074177528466, -0.05823074177533272, 0.7971332990516657, 0.0011248071700909953, 0.0011248071700909953, 0.0011248071700909953, 0.05209036798228994, 0.002115593076930773, 0.002115593076930773, 0.005211565148932517, 0.003936750144534346, 0.003794092274994698, -0.003410840129223991, 0.0011898273374382905, -0.001214109527998256, -0.05698794890838599, -0.001214109527998256, -0.001214109527998256, 0.0211262646056248, -0.06150671280654363, 0.00160869512459769, -0.0035841394146425287, -0.00910582145998692, -0.00910582145998692, -0.003794092274994698, -0.003794092274994698, -0.00852656915640182, 0.04537043836239718, -0.00910582145998692, 0.007815830086488918, -0.007815830086542519, -0.05235847339492475, 0.05235847339497468, 0.05235847339497468, -0.05235847339492475, 0.003794092274994698, -0.00910582145998692, -0.00910582145998692, 0.09029939614492832, 0.003794092274994698, -0.00852656915640182, -0.021067350588623412, 0.021067350588623412, -0.007880850253836114, 0.0011248071700909953, 0.0011248071700909953, -0.0009105821459986919, 0.0011248071700909953, 0.002115593076930773, 0.002115593076930773, 0.005211565148932517, 0.0006374075021990843, 0.0005691138412491829, 0.0008043475622988446, 0.0005949136687191452, 0.003936750144534346, 0.0011898273374382905, -0.000607054763999128, -0.000607054763999128, -0.000607054763999128, -0.005211565148932734, -0.008795704563567597, -0.0035841394146700623, -0.05235847339492475, -0.000303527381999564, 0.0012899913734981464, 0.01897046137497274, -0.018970461375033665, 0.043796754477491796, -0.06433538741976008, 0.07334519655410396, -0.010623458369930373, -0.0005311729184992368, -0.000303527381999564, -0.000303527381999564, -0.0005311729184992368, -0.010623458369991567, -0.0037940922749945486, -0.001289991373498146, -4.021737806980674e-05, 0.006421617244612321, -0.0038957739479883458, -2.2385144767634717e-06, -0.0002071574383535335, -0.00020715743824703536, 0.0028910983135458515, 0.0009105821459986919, -0.023910369516914068, 0.009561112532884691, 0.0018742815838473066, -0.0031870375109954163, 0.0011685804219835026, 0.023910369516897845, 0.013924242770228863, 0.02428219055996511, 0.0019273988756972303, -0.02428219055996511, 0.019957684183641296, 0.010172644325842202, 0.0018742815838473066, 0.01925062656528098, 0.0018742815838473066, 0.011761686052483091, 0.0744160358903701, 0.0011898273374382905, 0.03731876223218389, -0.176843181699331, -0.00044011470389936774, -0.05235847339492475, -0.0012899913734981468, -0.0005539374721492043, -0.0004097619656994113, 0.0006374075021990843, 0.00044011470389936774, 0.0005691138412491829, 0.0008043475622988446, 0.0005539374721492044, 0.0005949136687191452, 0.0004097619656994113, -4.477028953526943e-06, -4.477028953526943e-06, 0.0009105821459343133, -4.477028937799332e-06, -0.00044011470389936774, 0.003421272561922706, -0.0012899913734981468, -0.0005539374721492043, 0.005818619912932258, -0.0004097619656994113, -4.477028953526943e-06, 0.005933960319339349, -4.477028953526943e-06, -0.00044011470389936774, -0.0012899913734981468, -0.0005539374721492043, -0.0004097619656994113, -4.477028953526943e-06, 0.001874281583809534, -0.03626461690237193, 0.003794092274994698, 0.0011685804220178397, 0.07064599816039849, -0.03626461690241231, -0.00910582145998692, -0.03626461690241231, -0.00910582145998692, -0.03626461690241231, -0.009105821460025254, -0.00020715743824703536, 0.00044011470389936774, -1.5176369100039471e-06, -0.0009105821459986863, 0.0012899913734981464, 0.06089814040569763, 0.022157498885968165, -0.0007588184537137277, 0.0005539374721492044, 0.014136788975520176, 0.1351664942146913, 0.03731876223218389, 0.022157498885968165, 0.022157498885968165, 0.0004097619656994113, -0.000303527381999564, 0.03731876223218933, 0.022157498885968165, -0.0005311729184992368, -0.021067350588611575, -0.020431864569900426, 0.001289991373596422, 0.03731876223218389, 0.0005539374722047796, -0.0018742815838473066, 0.000409761965670441, -0.06737797030916681, 0.03564936163247147, -0.00986463991500841, -0.00986463991500841, -0.000607054763999128, -0.00402173781149422, 0.003794092274994698, -0.0006070547639183133, -0.0009105821459986919, -0.014417550645021038, -0.014417550645021038, 0.008795704563567597, -0.008795704563567597, 2.30580575548222, 2.30580575548222, -0.000607054763999128, -0.00020715743824703536, -0.0005311729184992368, 0.0028910983135458515, 0.0009105821460480001, -0.003794092274994698, -0.003794092274994698, 0.009561112532884691, -0.000303527381999564, 0.03794092274995364, -0.0005311729184992368, -0.0005311729184995784, -0.0005311729184992368, -0.0005311729185535961, -0.0005311729185535961, -0.007880850253836114, -0.007880850253836114, -0.007880850253836114, -0.0068900643469962915, -0.0068900643469962915, -0.002579982746996292, -0.002579982746996292, -0.000303527381999564, -0.07588184549989097, -0.0012141095280640002, -0.0006070547639183133, -0.0035841394146700623, 0.03906552828808901, 0.0038957739479644027, 0.008795704563575263, 0.018970461374972714, 0.010623458369930283, 0.05823074177528466, 0.009864639914985762, -0.7971332990517005, 0.014417550644979293, 4.477028937799332e-06, 0.008526569156345906, 0.007815830086488918, -0.03731876223218933, 0.020431864569955833, -0.000303527381999564, 0.020431864569955833, 0.03731876223218933]","[0.008795704563567597, 0.005211565148932734, 0.0007588184537326015, 0.09029939614487023, 0.021067350588611575, 0.83999591303433, 0.10312918020349571, 0.01168580420698321, 0.001289991373498146, 0.0025799827469962927, 0.0030959720720017438, 0.0009907859068397779, 0.006890064346996336, 0.0068900643469962915, 0.002579982746996292, 0.002579982746996292, 0.007880850253836114, 0.021067350588611575, 0.007880850253836114, 0.09029939614487023, 0.007880850253836114, 0.0068900643469760325, 0.0011248071700720175, 0.0068900643469760325, 0.0037940922750294703, 0.0011248071700720175, 0.0011248071700720175, 0.0021155930769509723, 0.00257998274696547, 0.0021155930769509723, 0.0052115651488975345, 0.0023280550199160643, 0.007880850253854987, 0.04379675447751197, 0.007880850253854987, 0.007880850253854987, 0.006890064346996336, 0.0068900643469962915, 0.0037940922749945477, 0.002579982746996292, 0.007880850253836114, 0.007880850253836114, 0.013529734211524376, 0.003794092274994698, 0.003794092274994698, 0.0005311729184992368, 0.061634194306983456, 0.060291085641635385, 0.024244173756756027, 0.03626461690237193, 0.024244173756774436, 0.003794092274994698, 0.003794092274994698, 0.0009105821459986919, 0.04537043836239718, 0.03626461690241231, 0.03626461690237193, 0.019729279829971642, 0.07064599816039849, 0.023910369516914068, 0.03906552828811982, 0.00020715743824703536, 0.022157498885968165, 0.00910582145998692, 0.035219420361075726, 0.020723332005918638, 0.83999591303433, 0.8203152723083609, 0.014136788975523512, 0.8399959130343859, 0.012272553063290337, 0.009561112532884691, 6.525838705329079e-05, 0.00018970461371736747, 8.347003006292653e-05, 6.146429495856864e-05, 1.5176369100039471e-06, 0.0019273988756972303, 0.005668373858839004, 0.003794092274994698, 0.003794092274994698, 0.023910369516914068, 0.023910369516897845, 0.003794092274994698, 0.03906552828811982, 0.03906552828811982, 0.0030959720720017438, 0.003794092274994698, 4.477028953526943e-06, 0.005933960319339349, 0.0009907859068397779, 0.0011382276824983659, 0.00160869512459769, 0.0011898273374382905, 0.002891098313511975, 0.0019273988756972303, 0.015145227833003705, 0.0032497403276712106, 0.0011248071700720175, 0.0011248071700720175, 0.0011248071700720175, 0.0021155930769509723, 0.0021155930769509723, 0.0052115651488975345, 0.003936750144589496, 0.0011898273373844859, 0.06150671280654363, 0.06150671280654363, 0.12284648555570077, 0.03626461690241231, 0.0011685804219835026, 0.7971332990517005, 0.05823074177528466, 0.05823074177533272, 0.7971332990516657, 0.0011248071700909953, 0.0011248071700909953, 0.0011248071700909953, 0.05209036798228994, 0.002115593076930773, 0.002115593076930773, 0.005211565148932517, 0.003936750144534346, 0.003794092274994698, 0.003410840129223991, 0.0011898273374382905, 0.001214109527998256, 0.05698794890838599, 0.001214109527998256, 0.001214109527998256, 0.0211262646056248, 0.06150671280654363, 0.00160869512459769, 0.0035841394146425287, 0.00910582145998692, 0.00910582145998692, 0.003794092274994698, 0.003794092274994698, 0.00852656915640182, 0.04537043836239718, 0.00910582145998692, 0.007815830086488918, 0.007815830086542519, 0.05235847339492475, 0.05235847339497468, 0.05235847339497468, 0.05235847339492475, 0.003794092274994698, 0.00910582145998692, 0.00910582145998692, 0.09029939614492832, 0.003794092274994698, 0.00852656915640182, 0.021067350588623412, 0.021067350588623412, 0.007880850253836114, 0.0011248071700909953, 0.0011248071700909953, 0.0009105821459986919, 0.0011248071700909953, 0.002115593076930773, 0.002115593076930773, 0.005211565148932517, 0.0006374075021990843, 0.0005691138412491829, 0.0008043475622988446, 0.0005949136687191452, 0.003936750144534346, 0.0011898273374382905, 0.000607054763999128, 0.000607054763999128, 0.000607054763999128, 0.005211565148932734, 0.008795704563567597, 0.0035841394146700623, 0.05235847339492475, 0.000303527381999564, 0.0012899913734981464, 0.01897046137497274, 0.018970461375033665, 0.043796754477491796, 0.06433538741976008, 0.07334519655410396, 0.010623458369930373, 0.0005311729184992368, 0.000303527381999564, 0.000303527381999564, 0.0005311729184992368, 0.010623458369991567, 0.0037940922749945486, 0.001289991373498146, 4.021737806980674e-05, 0.006421617244612321, 0.0038957739479883458, 2.2385144767634717e-06, 0.0002071574383535335, 0.00020715743824703536, 0.0028910983135458515, 0.0009105821459986919, 0.023910369516914068, 0.009561112532884691, 0.0018742815838473066, 0.0031870375109954163, 0.0011685804219835026, 0.023910369516897845, 0.013924242770228863, 0.02428219055996511, 0.0019273988756972303, 0.02428219055996511, 0.019957684183641296, 0.010172644325842202, 0.0018742815838473066, 0.01925062656528098, 0.0018742815838473066, 0.011761686052483091, 0.0744160358903701, 0.0011898273374382905, 0.03731876223218389, 0.176843181699331, 0.00044011470389936774, 0.05235847339492475, 0.0012899913734981468, 0.0005539374721492043, 0.0004097619656994113, 0.0006374075021990843, 0.00044011470389936774, 0.0005691138412491829, 0.0008043475622988446, 0.0005539374721492044, 0.0005949136687191452, 0.0004097619656994113, 4.477028953526943e-06, 4.477028953526943e-06, 0.0009105821459343133, 4.477028937799332e-06, 0.00044011470389936774, 0.003421272561922706, 0.0012899913734981468, 0.0005539374721492043, 0.005818619912932258, 0.0004097619656994113, 4.477028953526943e-06, 0.005933960319339349, 4.477028953526943e-06, 0.00044011470389936774, 0.0012899913734981468, 0.0005539374721492043, 0.0004097619656994113, 4.477028953526943e-06, 0.001874281583809534, 0.03626461690237193, 0.003794092274994698, 0.0011685804220178397, 0.07064599816039849, 0.03626461690241231, 0.00910582145998692, 0.03626461690241231, 0.00910582145998692, 0.03626461690241231, 0.009105821460025254, 0.00020715743824703536, 0.00044011470389936774, 1.5176369100039471e-06, 0.0009105821459986863, 0.0012899913734981464, 0.06089814040569763, 0.022157498885968165, 0.0007588184537137277, 0.0005539374721492044, 0.014136788975520176, 0.1351664942146913, 0.03731876223218389, 0.022157498885968165, 0.022157498885968165, 0.0004097619656994113, 0.000303527381999564, 0.03731876223218933, 0.022157498885968165, 0.0005311729184992368, 0.021067350588611575, 0.020431864569900426, 0.001289991373596422, 0.03731876223218389, 0.0005539374722047796, 0.0018742815838473066, 0.000409761965670441, 0.06737797030916681, 0.03564936163247147, 0.00986463991500841, 0.00986463991500841, 0.000607054763999128, 0.00402173781149422, 0.003794092274994698, 0.0006070547639183133, 0.0009105821459986919, 0.014417550645021038, 0.014417550645021038, 0.008795704563567597, 0.008795704563567597, 2.30580575548222, 2.30580575548222, 0.000607054763999128, 0.00020715743824703536, 0.0005311729184992368, 0.0028910983135458515, 0.0009105821460480001, 0.003794092274994698, 0.003794092274994698, 0.009561112532884691, 0.000303527381999564, 0.03794092274995364, 0.0005311729184992368, 0.0005311729184995784, 0.0005311729184992368, 0.0005311729185535961, 0.0005311729185535961, 0.007880850253836114, 0.007880850253836114, 0.007880850253836114, 0.0068900643469962915, 0.0068900643469962915, 0.002579982746996292, 0.002579982746996292, 0.000303527381999564, 0.07588184549989097, 0.0012141095280640002, 0.0006070547639183133, 0.0035841394146700623, 0.03906552828808901, 0.0038957739479644027, 0.008795704563575263, 0.018970461374972714, 0.010623458369930283, 0.05823074177528466, 0.009864639914985762, 0.7971332990517005, 0.014417550644979293, 4.477028937799332e-06, 0.008526569156345906, 0.007815830086488918, 0.03731876223218933, 0.020431864569955833, 0.000303527381999564, 0.020431864569955833, 0.03731876223218933]","['GALt2pp', 'EX_cys__L_e', '2AGPGAT160', '3HAD120', '3HAD140', '3HAD160', '3OAR120', '3OAR160', '3OAS120', '3OAS160', 'ASPO6', 'CYSabcpp', 'CYSDS', 'CYStex', 'CYTBO3_4pp', 'FADRx', 'GLYC3Pabcpp', 'GLYK', 'GND', 'HEX1', 'KAS15', 'LACZpp', 'G3PGabcpp', 'NAt3_1p5pp', 'P5CR', 'PDH', 'RNDR2', 'NADS1', 'EAR100x', 'EAR120x', 'EAR140x', 'EAR160x']","['GALKr', 'DGK1', 'GLCP', 'AACPS7', 'AACPS9', 'ACOAD1f', 'ACOAD2f', 'ACOAD3f', 'ACOAD4f', 'ACOAD5f', 'ACS', 'ADPT', 'AMPN', 'ALATA_L2', 'ALCD2x', 'AST', 'CYSS', 'CYTD', 'DCTPD', 'ETOHt2rpp', 'ETOHtex', 'FACOAE120', 'DRPA', 'FACOAE80', 'FACOAL181t2pp', 'DURIPP', 'DUTPDP', 'FBP', 'ECOAH1', 'ECOAH2', 'ECOAH3', 'ECOAH4', 'ECOAH5', 'ECOAH6', 'ECOAH7', 'ECOAH8', 'EDA', 'EDD', 'GLUN', 'GUAPRT', 'GLYC3Ptex', 'HACD1i', 'HACD2i', 'HACD3i', 'GLYCL', 'HACD4i', 'HACD5i', 'HACD6i', 'HACD7i', 'GLYCLTDy', 'HACD8i', 'GMPR', 'ILEtex', 'INDOLEt2pp', 'INDOLEtex', 'ICL', 'ILEt2rpp', 'KAT1', 'ACACT11', 'ACACT8', 'ACACT13', 'ACACT10', 'ACACT9', 'LPLIPAL1G140pp', 'LPLIPAL1G160pp', 'LPLIPAL1G161pp', 'LPLIPAL1G181pp', 'ACACT12', 'ACACT8r', 'LCTStex', 'LPLIPAL2G160', 'LYSt3pp', 'MACPD', 'ME1', 'NADPHQR2', 'NTD1', 'G6PDA', 'NTD4', 'NTD6', 'NTD8', 'NTP3', 'P5CD', 'NTPP1', 'NTPP2', 'NTPP4', 'NTPP5', 'NTPP6', 'NTPP7', 'NTPP8', 'OAADC', 'CTECOAI8', 'PAPSR', 'PLIPA2G140pp', 'PG140abcpp', 'PLIPA2G160pp', 'PLIPA2G161pp', 'PLIPA2G181pp', 'PPC', 'PPM2', 'PUNP2', 'PUNP4', 'PYAM5PO', 'PGPP140', 'SADH', 'SERAT', 'SULR', 'SGDS', 'SGSAD', 'SO4tex', 'SOTA', 'SUCCtex', 'SULabcpp', 'UDPG4E', 'UGLT', 'ZN2abcpp', 'ZNabcpp', 'UPPRT', 'URIK2', 'EX_etoh_e', 'EX_lcts_e', 'EX_glyc3p_e', 'EX_ile__L_e', 'EX_indole_e', 'EX_so4_e', 'EX_succ_e', 'SUCCt3pp', 'PAPSSH']","['DHAD1', 'DHAD2', 'GHMT2r', 'AACPS3', '3HAD100', '3HAD40', 'ACHBS', '3HAD60', 'ACLS', '3HAD80', '3OAR100', '3OAR140', 'ACOAD6f', 'ACOAD7f', '3OAR40', 'ACOATA', '3OAR60', '3OAR80', '3OAS100', '3OAS140', '3OAS60', '3OAS80', 'ADCL', 'ADCS', 'ADMDC', 'ADSL1r', 'ADSL2r', 'ADSS', 'ANPRT', 'ANS', 'AGMHE', 'AICART', 'AIRC2', 'AIRC3', 'ASNS2', 'ASPCT', 'ATPPRT', 'CAT', 'CBPS', 'CLPNS140pp', 'CLPNS160pp', 'CLPNS161pp', 'CLPNS181pp', 'DB4PS', 'DHFR', 'DHFS', 'DHNPA2r', 'DHORD2', 'DHORTS', 'DHPS2', 'DNTPPA', 'DPCOAK', 'FACOAL160t2pp', 'FACOAL161t2pp', 'GLUPRT', 'H2St1pp', 'H2Stex', 'GMHEPAT', 'HCO3E', 'GMHEPK', 'GMHEPPA', 'CTECOAI7', 'HISTD', 'HISTP', 'GTPCI', 'HPPK2', 'IMPC', 'HSTPT', 'IPMD', 'IPPMIa', 'IPPMIb', 'IPPS', 'IG3PS', 'IGPDH', 'KARA1', 'IGPS', 'KARA2', 'ILETA', 'G1PACT', 'KDOCT2', 'KDOPP', 'KDOPS', 'LCTStpp', 'LEUTAi', 'LPADSS', 'LYStex', 'G3PD2', 'METabcpp', 'METAT', 'MOAT', 'MOAT2', 'MTAN', 'METtex', 'MTHFR2', 'NADK', 'G3PGtex', 'NNATr', 'NNDPR', 'OMPDC', 'ORNDC', 'ORPT', 'PE140abcpp', 'OMCDC', 'PE160abcpp', 'PE161abcpp', 'PE181abcpp', 'PG161abcpp', 'PG181abcpp', 'PNTK', 'PNTOt4pp', 'PGAMT', 'PNTOtex', 'PSD140', 'PGMT', 'PSD160', 'PSD161', 'PSD181', 'PPCDC', 'PPNCL2', 'PSSA140', 'PSSA160', 'PSSA161', 'PSSA181', 'PTPATi', 'PRAGSr', 'PRAIi', 'PRAIS', 'PRAMPC', 'PRASCSi', 'PRATPP', 'PRFGS', 'PRMICI', 'QULNS', 'RBFSa', 'RNDR4', 'PGPP160', 'RPI', 'PGPP161', 'SERD_L', 'PGPP181', 'TDSK', 'SPMS', 'THRD_L', 'PGSA160', 'PGSA161', 'TMDS', 'PGSA181', 'TPI', 'TRDR', 'TYRt2rpp', 'TYRtex', 'U23GAAT', 'TRPS2', 'TRPS3', 'UAGAAT', 'UAGDP', 'PHEt2rpp', 'PHEtex', 'UHGADA', 'GALUi', 'URIDK2r', 'DNMPPA', 'GCALDD', 'USHD', 'VALTA', 'MTRK', 'MTRI', 'MDRPD', 'ARD', 'UNK3', 'EAR40x', 'EAR60x', 'EAR80x', 'LPS_YPtetra', 'BIOMASS_37C', 'S7PI', 'A5PISO', 'LACZ', 'EX_g3pg_e', 'EX_lys__L_e', 'EX_met__L_e', 'EX_tyr__L_e', 'EX_h2s_e', 'EX_phe__L_e', 'EX_pnto__R_e', 'KOKDO_LIPAtetra']",CYSabcpp,SERAT,16.836280037676573,1,345,186,-45.0,2.023709806074185,iPC815,PSL,False,False,0.0,0.0,0.0,0.0
31,"['GALKr', 'GALt2pp', 'GART', 'DGK1', 'DHAD1', 'DHAD2', 'EX_cys__L_e', 'GHMT2r', 'GLCP', '2AGPGAT160', 'AACPS3', 'AACPS7', 'AACPS9', '3HAD100', '3HAD120', '3HAD140', '3HAD160', '3HAD40', 'ACHBS', '3HAD60', 'ACLS', '3HAD80', '3OAR100', 'ACOAD1f', '3OAR120', '3OAR140', 'ACOAD2f', 'ACOAD3f', 'ACOAD4f', '3OAR160', 'ACOAD5f', 'ACOAD6f', 'ACOAD7f', '3OAR40', 'ACOATA', '3OAR60', '3OAR80', '3OAS100', '3OAS120', '3OAS140', '3OAS160', '3OAS60', '3OAS80', 'ACS', 'ADCL', 'ADCS', 'ADMDC', 'AMPN', 'ADSL1r', 'ADSL2r', 'ADSS', 'ANPRT', 'ANS', 'AGMHE', 'AICART', 'AIRC2', 'AIRC3', 'ASNS2', 'ALATA_L2', 'ASPCT', 'ALCD2x', 'ASPO6', 'AST', 'ATPPRT', 'CAT', 'CBPS', 'CYSabcpp', 'CYSDS', 'CYSS', 'CYStex', 'CYTD', 'CLPNS140pp', 'CLPNS160pp', 'CLPNS161pp', 'CLPNS181pp', 'DB4PS', 'DCYTD', 'DHFR', 'DHFS', 'DHNPA2r', 'DHORD2', 'DHORD5', 'DHORTS', 'DHPS2', 'ETOHt2rpp', 'ETOHtex', 'FACOAE120', 'DNTPPA', 'DPCOAK', 'DRPA', 'FACOAE80', 'FACOAL140t2pp', 'FACOAL160t2pp', 'FACOAL181t2pp', 'DURIPP', 'FADRx', 'FBP', 'ECOAH1', 'ECOAH2', 'ECOAH3', 'ECOAH4', 'ECOAH5', 'ECOAH6', 'ECOAH7', 'ECOAH8', 'EDA', 'EDD', 'GLUN', 'GLUPRT', 'GLYAT', 'FRD2', 'H2St1pp', 'GLYC3Pabcpp', 'GLYC3Ptex', 'H2Stex', 'HACD1i', 'HACD2i', 'HACD3i', 'GLYCL', 'HACD4i', 'HACD5i', 'HACD6i', 'HACD7i', 'GLYCLTDy', 'GLYCtex', 'GLYCtpp', 'GLYK', 'HACD8i', 'GMHEPAT', 'HCO3E', 'GMHEPK', 'GMHEPPA', 'GMPR', 'GND', 'CTECOAI7', 'HEX1', 'HISTD', 'HISTP', 'GTPCI', 'HPPK2', 'ILEtex', 'IMPC', 'HSTPT', 'INDOLEt2pp', 'INDOLEtex', 'IPMD', 'IPPMIa', 'IPPMIb', 'IPPS', 'ICL', 'IG3PS', 'IGPDH', 'KARA1', 'IGPS', 'ILEt2rpp', 'KARA2', 'ILETA', 'KAS15', 'KAT1', 'ACACT11', 'G1PACT', 'ACACT8', 'ACACT13', 'ACACT10', 'ACACT9', 'LPLIPAL1G140pp', 'LPLIPAL1G160pp', 'LPLIPAL1G161pp', 'LPLIPAL1G181pp', 'ACACT12', 'ACACT8r', 'KDOCT2', 'KDOPP', 'KDOPS', 'LACZpp', 'LCTStex', 'LCTStpp', 'LEUTAi', 'LPADSS', 'LPLIPAL2G160', 'LYSt3pp', 'LYStex', 'MACPD', 'G3PD2', 'ME1', 'METabcpp', 'METAT', 'MOAT', 'MOAT2', 'MTAN', 'MTHFC', 'METtex', 'MTHFD', 'MTHFR2', 'G3PGabcpp', 'NADK', 'NADPHQR3', 'G3PGtex', 'NI2uabcpp', 'NAt3_1p5pp', 'NNATr', 'NNDPR', 'NDPK5', 'NDPK8', 'NI2abcpp', 'NTD1', 'G6PDA', 'OMPDC', 'NTD3', 'NTD4', 'ORNDC', 'ORPT', 'NTP3', 'P5CD', 'NTPP1', 'P5CR', 'NTPP2', 'NTPP3', 'NTPP4', 'NTPP6', 'NTPP7', 'NTPP8', 'OAADC', 'CTECOAI8', 'PAPSR', 'PAPSR2', 'PDH', 'PE140abcpp', 'OMCDC', 'PE160abcpp', 'PE161abcpp', 'PE181abcpp', 'PLIPA2G140pp', 'PFL', 'PG140abcpp', 'PLIPA2G160pp', 'PLIPA2G161pp', 'PG161abcpp', 'PLIPA2G181pp', 'PG181abcpp', 'PNTK', 'PNTOt4pp', 'PGAMT', 'PNTOtex', 'PSD140', 'PGMT', 'PSD160', 'PSD161', 'PPC', 'PSD181', 'PPCDC', 'PPM2', 'PPNCL2', 'PSSA140', 'PSSA160', 'PSSA161', 'PSSA181', 'PTPATi', 'PRAGSr', 'PRAIi', 'PYAM5PO', 'PRAIS', 'PRAMPC', 'PRASCSi', 'PRATPP', 'PRFGS', 'PRMICI', 'QULNS', 'PGPP140', 'RBFSa', 'PRPPS', 'RNDR4b', 'PGPP160', 'RPI', 'SADH', 'RNDR1b', 'RNDR2', 'PGPP161', 'SERAT', 'SERD_L', 'SULR', 'SGDS', 'SGSAD', 'PGPP181', 'TDSK', 'SO4tex', 'SOTA', 'SPMS', 'THRA', 'THRD', 'THRD_L', 'PGSA140', 'SUCCtex', 'PGSA160', 'SULabcpp', 'PGSA161', 'TMDS', 'PGSA181', 'TRDR', 'TYRt2rpp', 'TYRtex', 'U23GAAT', 'TRPS2', 'TRPS3', 'UAGAAT', 'UAGDP', 'PHEt2rpp', 'PHEtex', 'UDPG4E', 'UGLT', 'UHGADA', 'NADS1', 'GALUi', 'UPPRT', 'URIDK2r', 'DNMPPA', 'GCALDD', 'URIK2', 'USHD', 'VALTA', 'MTRK', 'MTRI', 'MDRPD', 'ARD', 'UNK3', 'EAR40x', 'EAR60x', 'EAR80x', 'EAR100x', 'EAR120x', 'EAR140x', 'EAR160x', 'LPS_YPtetra', 'BIOMASS_37C', 'S7PI', 'A5PISO', 'LACZ', 'EX_etoh_e', 'EX_g3pg_e', 'EX_lcts_e', 'EX_lys__L_e', 'EX_met__L_e', 'EX_glyc3p_e', 'EX_glyc_e', 'EX_tyr__L_e', 'EX_h2s_e', 'EX_phe__L_e', 'EX_pnto__R_e', 'EX_ile__L_e', 'EX_indole_e', 'EX_so4_e', 'EX_succ_e', 'KOKDO_LIPAtetra', 'SUCCt3pp', 'PAPSSH']","[-0.008795704562885476, -0.005211565148980746, -0.03626461690164387, 0.0007588184546420962, -0.090299396145706, -0.021067350584252256, 0.8399959130321273, -0.10312918020110828, 0.011685804207091359, -0.0012899913735100843, 0.0025799827470201694, 0.0030959720719905075, 0.0009907859069701042, -0.006890064347020195, -0.00689006434702017, -0.0025799827470201703, -0.0025799827470201703, -0.0078808502539903, -0.021067350584252256, -0.0078808502539903, -0.090299396145706, -0.0078808502539903, -0.0068900643469760325, 0.0011248071700720175, -0.0068900643469760325, -0.0037940922750294703, 0.0011248071700720175, 0.0011248071700720175, 0.0021155930769509723, -0.00257998274696547, 0.0021155930769509723, 0.0052115651488975345, 0.0023280550199160643, -0.007880850253968674, -0.0437967544780804, -0.007880850253968674, -0.007880850253968674, -0.006890064347020195, -0.00689006434702017, -0.0037940922750296624, -0.0025799827470201703, -0.0078808502539903, -0.0078808502539903, 0.013529734211467585, -0.003794092275029637, -0.003794092275029637, -0.0005311729185041526, 0.0005311729185041526, -0.024244173755846532, -0.036264616901689806, -0.024244173755894924, 0.003794092275029635, 0.003794092275029635, -0.0009105821460071192, -0.04537043836171506, -0.03626461690164387, 0.036264616901689806, -0.01972927983015424, 0.07064599816105233, -0.023910369517165776, -0.03906552828595977, -0.00020715743821635223, 0.02215749888617323, -0.00910582146007119, 0.03521942036141799, -0.02072333200614085, -0.8399959130321273, -0.8203152723062275, 0.01413678897547234, -0.8399959130321122, 0.009561112533030026, -6.525838705329079e-05, -0.00018970461371736747, -8.347003006292653e-05, -6.146429495856864e-05, -1.5176369100072514e-06, 0.0019273988756886365, -0.005668373858839004, -0.003794092275029637, -0.003794092275029637, -0.01227255306393863, -0.011637816453227146, 0.02391036951712522, -0.003794092275029637, -0.03906552828595977, -0.03906552828595977, 0.0030959720719905075, -0.003794092275029637, -4.477028884154347e-06, 0.002891098313546176, 0.0009907859069701042, 0.0012748150044099666, 0.0011382276825089, 0.001189827337449302, 0.002891098313511975, -0.015145227832979828, 0.0032497403262146674, -0.0011248071700720175, -0.0011248071700720175, -0.0011248071700720175, -0.0021155930769509723, -0.0021155930769509723, -0.005211565149011221, -0.003936750144589496, -0.0011898273374981727, 0.0645495748119238, 0.0645495748119238, 0.12284648555466005, -0.03626461690164387, -0.013728021902011278, -0.005216199210165561, -0.7971332990509643, -0.058230741773839446, -0.05823074177385479, 0.7971332990508699, 0.0011248071700201354, 0.0011248071700201354, 0.0011248071700201354, 0.05209036798052613, 0.0021155930769902395, 0.0021155930769902395, 0.0052115651489807475, 0.003936750144570781, 0.003794092275029637, -0.0030109428073501476, 0.003410840133255988, -0.0034108401331713455, 0.001189827337449302, -0.0012141095280094921, -0.05698794890770387, -0.0012141095280094921, -0.0012141095280094921, 0.021126264605820146, -0.0645495748119238, 0.001608695124612581, -0.003584139413932652, -0.00910582146007119, -0.00910582146007119, -0.003794092275029637, -0.003794092275029637, -0.008526569160949293, 0.04537043836171506, -0.00910582146007119, 0.007815830086561074, -0.007815830086542519, -0.05235847339540933, 0.05235847339542943, 0.05235847339542943, -0.05235847339540933, 0.003794092275029637, -0.00910582146007119, -0.00910582146007119, 0.09029939614572413, 0.003794092275029635, -0.008526569160949293, -0.021067350584189626, 0.021067350584189626, -0.0078808502539903, 0.0011248071700201354, 0.0011248071700201354, -0.0009105821460071192, 0.0011248071700201354, 0.0021155930769902395, 0.0021155930769902395, 0.0052115651489807475, 0.0006374075022049833, 0.0005691138412544493, 0.0008043475623062887, 0.000594913668724651, 0.003936750144570781, 0.001189827337449302, -0.0006070547640047461, -0.0006070547640047461, -0.0006070547640047461, -0.005211565148980746, -0.008795704562885476, -0.0035841394138742544, -0.05235847339540933, -0.00030352738200237304, 0.0012899913735100843, 0.01897046137514831, -0.01897046137514735, 0.04379675447806111, -0.06433538742226119, 0.07334519655584401, -0.010623458370028694, -0.0005311729185041526, -0.00030352738200237304, -0.00030352738200237304, -0.0005311729185041526, -0.04537043836171506, -0.010623458369991567, -0.04537043836171506, -0.003794092275029663, -0.0012899913735100843, -4.021737812272275e-05, 0.006421617243061585, -0.0038957739479883458, 2.3063900457069426, -2.2385144420771735e-06, -0.00020715743823984667, -0.00020715743821635223, -0.0011685804209946582, -0.001874281583809534, 2.3063900457069426, 0.0009636994378575394, 0.0009105821460071192, -0.023910369517165776, 0.0019273988756886365, 0.009561112533030026, -0.0031870375110249153, 0.02391036951712522, 0.012755662347176275, 0.024282190560189834, 0.0007588184546809262, -0.024282190560189834, 0.021126264605820146, 0.0019273988757150685, 0.010172644325867373, 0.08392768287697008, 0.001874281583864653, 0.011761686052591943, 0.07441603589105839, 0.001189827337449302, 0.034533898500863754, 0.0027848637298717666, -0.17380031969422838, -0.0004401147039034409, -0.05235847339540933, -0.0012899913735100852, -0.0005539374721543308, -0.0004097619657032036, 0.0006374075022049833, -0.03193707525269071, 0.000440114703903441, 0.0005691138412544493, 0.0008043475623062887, 0.0005539374721543309, 0.000594913668724651, 0.0004097619657032036, -4.477028884154347e-06, -4.477028884154347e-06, 0.0009105821459343133, -4.477028937799332e-06, -0.0004401147039034409, 0.0034212725627185137, -0.0012899913735100852, -0.0005539374721543308, 0.005818619912985934, -0.0004097619657032036, -4.477028884154347e-06, 0.002891098313511975, -4.477028884154347e-06, -0.0004401147039034409, -0.0012899913735100852, -0.0005539374721543308, -0.0004097619657032036, -4.477028884154347e-06, -0.036264616901689806, 0.003794092275029635, 0.07064599816105233, -0.03626461690164387, -0.00910582146007119, -0.03626461690164387, -0.00910582146007119, -0.03626461690164387, -0.009105821460138941, -0.00020715743821635223, 0.000440114703903441, -1.5176369100072514e-06, -0.06280277472853868, -0.0009105821460071136, 0.0012899913735100847, 0.06394100241095657, 0.02215749888617323, -0.001874281583864653, -0.0019273988757150685, 0.0005539374721543309, 0.014136788975520176, 0.13516649421277405, 0.03731876223073552, 0.02215749888617323, 0.02215749888617323, 0.0004097619657032036, -0.00030352738200237304, 0.0373187622307114, 0.02215749888617323, -0.0005311729185041526, 0.03617442997233411, 0.013728021902046014, -0.021067350584252256, 0.00044011470390614704, -0.02043186456899093, 0.001289991373596422, 0.03731876223073552, 0.0005539374722047796, -0.001874281583864653, 0.000409761965670441, 0.03260649962512225, -0.00986463991500841, -0.00986463991500841, -0.0006070547640047461, -0.00402173781153144, 0.0037940922750296334, -0.0006070547639183133, -0.0009105821460071192, -0.014417550645134725, -0.014417550645134725, 0.008795704562885476, -0.008795704562885476, -0.0006070547640047461, -0.00020715743821635223, -0.0005311729185041528, 0.002891098313546176, 0.0009105821460480001, -0.003794092275029637, -0.003794092275029637, 0.009561112533030026, -0.00030352738200237304, 0.0379409227502947, -0.0005311729185041526, -0.0005311729186132652, -0.0005311729185041526, -0.0005311729185585119, -0.0005311729185585119, -0.0078808502539903, -0.0078808502539903, -0.0078808502539903, -0.00689006434702017, -0.00689006434702017, -0.0025799827470201703, -0.0025799827470201703, -0.00030352738200237304, -0.07588184550059324, -0.0012141095280640002, -0.0006070547639183133, -0.0035841394138742544, 0.039065528285977855, 0.0038957739480004567, 0.008795704562913398, 0.01897046137514824, 0.010623458370028649, 0.058230741773839446, 0.0030109428073832193, 0.009864639915077023, -0.7971332990509643, 0.014417550645112964, 4.477028937799332e-06, 0.008526569160979103, 0.007815830086561074, -0.0373187622307114, 0.02043186456903609, -0.00030352738200237304, 0.02043186456903609, 0.0373187622307114]","[0.008795704562885476, 0.005211565148980746, 0.03626461690164387, 0.0007588184546420962, 0.090299396145706, 0.021067350584252256, 0.8399959130321273, 0.10312918020110828, 0.011685804207091359, 0.0012899913735100843, 0.0025799827470201694, 0.0030959720719905075, 0.0009907859069701042, 0.006890064347020195, 0.00689006434702017, 0.0025799827470201703, 0.0025799827470201703, 0.0078808502539903, 0.021067350584252256, 0.0078808502539903, 0.090299396145706, 0.0078808502539903, 0.0068900643469760325, 0.0011248071700720175, 0.0068900643469760325, 0.0037940922750294703, 0.0011248071700720175, 0.0011248071700720175, 0.0021155930769509723, 0.00257998274696547, 0.0021155930769509723, 0.0052115651488975345, 0.0023280550199160643, 0.007880850253968674, 0.0437967544780804, 0.007880850253968674, 0.007880850253968674, 0.006890064347020195, 0.00689006434702017, 0.0037940922750296624, 0.0025799827470201703, 0.0078808502539903, 0.0078808502539903, 0.013529734211467585, 0.003794092275029637, 0.003794092275029637, 0.0005311729185041526, 0.0005311729185041526, 0.024244173755846532, 0.036264616901689806, 0.024244173755894924, 0.003794092275029635, 0.003794092275029635, 0.0009105821460071192, 0.04537043836171506, 0.03626461690164387, 0.036264616901689806, 0.01972927983015424, 0.07064599816105233, 0.023910369517165776, 0.03906552828595977, 0.00020715743821635223, 0.02215749888617323, 0.00910582146007119, 0.03521942036141799, 0.02072333200614085, 0.8399959130321273, 0.8203152723062275, 0.01413678897547234, 0.8399959130321122, 0.009561112533030026, 6.525838705329079e-05, 0.00018970461371736747, 8.347003006292653e-05, 6.146429495856864e-05, 1.5176369100072514e-06, 0.0019273988756886365, 0.005668373858839004, 0.003794092275029637, 0.003794092275029637, 0.01227255306393863, 0.011637816453227146, 0.02391036951712522, 0.003794092275029637, 0.03906552828595977, 0.03906552828595977, 0.0030959720719905075, 0.003794092275029637, 4.477028884154347e-06, 0.002891098313546176, 0.0009907859069701042, 0.0012748150044099666, 0.0011382276825089, 0.001189827337449302, 0.002891098313511975, 0.015145227832979828, 0.0032497403262146674, 0.0011248071700720175, 0.0011248071700720175, 0.0011248071700720175, 0.0021155930769509723, 0.0021155930769509723, 0.005211565149011221, 0.003936750144589496, 0.0011898273374981727, 0.0645495748119238, 0.0645495748119238, 0.12284648555466005, 0.03626461690164387, 0.013728021902011278, 0.005216199210165561, 0.7971332990509643, 0.058230741773839446, 0.05823074177385479, 0.7971332990508699, 0.0011248071700201354, 0.0011248071700201354, 0.0011248071700201354, 0.05209036798052613, 0.0021155930769902395, 0.0021155930769902395, 0.0052115651489807475, 0.003936750144570781, 0.003794092275029637, 0.0030109428073501476, 0.003410840133255988, 0.0034108401331713455, 0.001189827337449302, 0.0012141095280094921, 0.05698794890770387, 0.0012141095280094921, 0.0012141095280094921, 0.021126264605820146, 0.0645495748119238, 0.001608695124612581, 0.003584139413932652, 0.00910582146007119, 0.00910582146007119, 0.003794092275029637, 0.003794092275029637, 0.008526569160949293, 0.04537043836171506, 0.00910582146007119, 0.007815830086561074, 0.007815830086542519, 0.05235847339540933, 0.05235847339542943, 0.05235847339542943, 0.05235847339540933, 0.003794092275029637, 0.00910582146007119, 0.00910582146007119, 0.09029939614572413, 0.003794092275029635, 0.008526569160949293, 0.021067350584189626, 0.021067350584189626, 0.0078808502539903, 0.0011248071700201354, 0.0011248071700201354, 0.0009105821460071192, 0.0011248071700201354, 0.0021155930769902395, 0.0021155930769902395, 0.0052115651489807475, 0.0006374075022049833, 0.0005691138412544493, 0.0008043475623062887, 0.000594913668724651, 0.003936750144570781, 0.001189827337449302, 0.0006070547640047461, 0.0006070547640047461, 0.0006070547640047461, 0.005211565148980746, 0.008795704562885476, 0.0035841394138742544, 0.05235847339540933, 0.00030352738200237304, 0.0012899913735100843, 0.01897046137514831, 0.01897046137514735, 0.04379675447806111, 0.06433538742226119, 0.07334519655584401, 0.010623458370028694, 0.0005311729185041526, 0.00030352738200237304, 0.00030352738200237304, 0.0005311729185041526, 0.04537043836171506, 0.010623458369991567, 0.04537043836171506, 0.003794092275029663, 0.0012899913735100843, 4.021737812272275e-05, 0.006421617243061585, 0.0038957739479883458, 2.3063900457069426, 2.2385144420771735e-06, 0.00020715743823984667, 0.00020715743821635223, 0.0011685804209946582, 0.001874281583809534, 2.3063900457069426, 0.0009636994378575394, 0.0009105821460071192, 0.023910369517165776, 0.0019273988756886365, 0.009561112533030026, 0.0031870375110249153, 0.02391036951712522, 0.012755662347176275, 0.024282190560189834, 0.0007588184546809262, 0.024282190560189834, 0.021126264605820146, 0.0019273988757150685, 0.010172644325867373, 0.08392768287697008, 0.001874281583864653, 0.011761686052591943, 0.07441603589105839, 0.001189827337449302, 0.034533898500863754, 0.0027848637298717666, 0.17380031969422838, 0.0004401147039034409, 0.05235847339540933, 0.0012899913735100852, 0.0005539374721543308, 0.0004097619657032036, 0.0006374075022049833, 0.03193707525269071, 0.000440114703903441, 0.0005691138412544493, 0.0008043475623062887, 0.0005539374721543309, 0.000594913668724651, 0.0004097619657032036, 4.477028884154347e-06, 4.477028884154347e-06, 0.0009105821459343133, 4.477028937799332e-06, 0.0004401147039034409, 0.0034212725627185137, 0.0012899913735100852, 0.0005539374721543308, 0.005818619912985934, 0.0004097619657032036, 4.477028884154347e-06, 0.002891098313511975, 4.477028884154347e-06, 0.0004401147039034409, 0.0012899913735100852, 0.0005539374721543308, 0.0004097619657032036, 4.477028884154347e-06, 0.036264616901689806, 0.003794092275029635, 0.07064599816105233, 0.03626461690164387, 0.00910582146007119, 0.03626461690164387, 0.00910582146007119, 0.03626461690164387, 0.009105821460138941, 0.00020715743821635223, 0.000440114703903441, 1.5176369100072514e-06, 0.06280277472853868, 0.0009105821460071136, 0.0012899913735100847, 0.06394100241095657, 0.02215749888617323, 0.001874281583864653, 0.0019273988757150685, 0.0005539374721543309, 0.014136788975520176, 0.13516649421277405, 0.03731876223073552, 0.02215749888617323, 0.02215749888617323, 0.0004097619657032036, 0.00030352738200237304, 0.0373187622307114, 0.02215749888617323, 0.0005311729185041526, 0.03617442997233411, 0.013728021902046014, 0.021067350584252256, 0.00044011470390614704, 0.02043186456899093, 0.001289991373596422, 0.03731876223073552, 0.0005539374722047796, 0.001874281583864653, 0.000409761965670441, 0.03260649962512225, 0.00986463991500841, 0.00986463991500841, 0.0006070547640047461, 0.00402173781153144, 0.0037940922750296334, 0.0006070547639183133, 0.0009105821460071192, 0.014417550645134725, 0.014417550645134725, 0.008795704562885476, 0.008795704562885476, 0.0006070547640047461, 0.00020715743821635223, 0.0005311729185041528, 0.002891098313546176, 0.0009105821460480001, 0.003794092275029637, 0.003794092275029637, 0.009561112533030026, 0.00030352738200237304, 0.0379409227502947, 0.0005311729185041526, 0.0005311729186132652, 0.0005311729185041526, 0.0005311729185585119, 0.0005311729185585119, 0.0078808502539903, 0.0078808502539903, 0.0078808502539903, 0.00689006434702017, 0.00689006434702017, 0.0025799827470201703, 0.0025799827470201703, 0.00030352738200237304, 0.07588184550059324, 0.0012141095280640002, 0.0006070547639183133, 0.0035841394138742544, 0.039065528285977855, 0.0038957739480004567, 0.008795704562913398, 0.01897046137514824, 0.010623458370028649, 0.058230741773839446, 0.0030109428073832193, 0.009864639915077023, 0.7971332990509643, 0.014417550645112964, 4.477028937799332e-06, 0.008526569160979103, 0.007815830086561074, 0.0373187622307114, 0.02043186456903609, 0.00030352738200237304, 0.02043186456903609, 0.0373187622307114]","['GALt2pp', 'EX_cys__L_e', '2AGPGAT160', '3HAD120', '3HAD140', '3HAD160', '3OAR120', '3OAR160', '3OAS120', '3OAS160', 'ASPO6', 'CYSabcpp', 'CYSDS', 'CYStex', 'DHORD5', 'FADRx', 'FRD2', 'GLYC3Pabcpp', 'GLYK', 'GND', 'HEX1', 'KAS15', 'LACZpp', 'G3PGabcpp', 'NAt3_1p5pp', 'NDPK8', 'P5CR', 'PFL', 'RNDR4b', 'RNDR1b', 'TRPS2', 'EAR100x', 'EAR120x', 'EAR140x', 'EAR160x']","['GALKr', 'DGK1', 'GLCP', 'AACPS7', 'AACPS9', 'ACOAD1f', 'ACOAD2f', 'ACOAD3f', 'ACOAD4f', 'ACOAD5f', 'ACS', 'AMPN', 'ALATA_L2', 'ALCD2x', 'AST', 'CYSS', 'CYTD', 'DCYTD', 'ETOHt2rpp', 'ETOHtex', 'FACOAE120', 'DRPA', 'FACOAE80', 'FACOAL140t2pp', 'FACOAL181t2pp', 'DURIPP', 'FBP', 'ECOAH1', 'ECOAH2', 'ECOAH3', 'ECOAH4', 'ECOAH5', 'ECOAH6', 'ECOAH7', 'ECOAH8', 'EDA', 'EDD', 'GLUN', 'GLYAT', 'GLYC3Ptex', 'HACD1i', 'HACD2i', 'HACD3i', 'HACD4i', 'HACD5i', 'HACD6i', 'HACD7i', 'GLYCLTDy', 'GLYCtex', 'HACD8i', 'GMPR', 'ILEtex', 'INDOLEt2pp', 'INDOLEtex', 'ICL', 'ILEt2rpp', 'KAT1', 'ACACT11', 'ACACT8', 'ACACT13', 'ACACT10', 'ACACT9', 'LPLIPAL1G140pp', 'LPLIPAL1G160pp', 'LPLIPAL1G161pp', 'LPLIPAL1G181pp', 'ACACT12', 'ACACT8r', 'LCTStex', 'LPLIPAL2G160', 'LYSt3pp', 'MACPD', 'ME1', 'NADPHQR3', 'G3PGtex', 'NI2uabcpp', 'NI2abcpp', 'NTD1', 'G6PDA', 'NTD3', 'NTD4', 'NTP3', 'P5CD', 'NTPP1', 'NTPP2', 'NTPP3', 'NTPP4', 'NTPP6', 'NTPP7', 'NTPP8', 'OAADC', 'CTECOAI8', 'PAPSR', 'PAPSR2', 'PLIPA2G140pp', 'PLIPA2G160pp', 'PLIPA2G161pp', 'PLIPA2G181pp', 'PG181abcpp', 'PPC', 'PPM2', 'PYAM5PO', 'SADH', 'SERAT', 'SULR', 'SGDS', 'SGSAD', 'PGPP181', 'SO4tex', 'SOTA', 'THRD', 'SUCCtex', 'SULabcpp', 'UDPG4E', 'UGLT', 'UPPRT', 'URIK2', 'EX_etoh_e', 'EX_g3pg_e', 'EX_lcts_e', 'EX_glyc3p_e', 'EX_glyc_e', 'EX_ile__L_e', 'EX_indole_e', 'EX_so4_e', 'EX_succ_e', 'SUCCt3pp', 'PAPSSH']","['GART', 'DHAD1', 'DHAD2', 'GHMT2r', 'AACPS3', '3HAD100', '3HAD40', 'ACHBS', '3HAD60', 'ACLS', '3HAD80', '3OAR100', '3OAR140', 'ACOAD6f', 'ACOAD7f', '3OAR40', 'ACOATA', '3OAR60', '3OAR80', '3OAS100', '3OAS140', '3OAS60', '3OAS80', 'ADCL', 'ADCS', 'ADMDC', 'ADSL1r', 'ADSL2r', 'ADSS', 'ANPRT', 'ANS', 'AGMHE', 'AICART', 'AIRC2', 'AIRC3', 'ASNS2', 'ASPCT', 'ATPPRT', 'CAT', 'CBPS', 'CLPNS140pp', 'CLPNS160pp', 'CLPNS161pp', 'CLPNS181pp', 'DB4PS', 'DHFR', 'DHFS', 'DHNPA2r', 'DHORD2', 'DHORTS', 'DHPS2', 'DNTPPA', 'DPCOAK', 'FACOAL160t2pp', 'GLUPRT', 'H2St1pp', 'H2Stex', 'GLYCL', 'GLYCtpp', 'GMHEPAT', 'HCO3E', 'GMHEPK', 'GMHEPPA', 'CTECOAI7', 'HISTD', 'HISTP', 'GTPCI', 'HPPK2', 'IMPC', 'HSTPT', 'IPMD', 'IPPMIa', 'IPPMIb', 'IPPS', 'IG3PS', 'IGPDH', 'KARA1', 'IGPS', 'KARA2', 'ILETA', 'G1PACT', 'KDOCT2', 'KDOPP', 'KDOPS', 'LCTStpp', 'LEUTAi', 'LPADSS', 'LYStex', 'G3PD2', 'METabcpp', 'METAT', 'MOAT', 'MOAT2', 'MTAN', 'MTHFC', 'METtex', 'MTHFD', 'MTHFR2', 'NADK', 'NNATr', 'NNDPR', 'NDPK5', 'OMPDC', 'ORNDC', 'ORPT', 'PDH', 'PE140abcpp', 'OMCDC', 'PE160abcpp', 'PE161abcpp', 'PE181abcpp', 'PG140abcpp', 'PG161abcpp', 'PNTK', 'PNTOt4pp', 'PGAMT', 'PNTOtex', 'PSD140', 'PGMT', 'PSD160', 'PSD161', 'PSD181', 'PPCDC', 'PPNCL2', 'PSSA140', 'PSSA160', 'PSSA161', 'PSSA181', 'PTPATi', 'PRAGSr', 'PRAIi', 'PRAIS', 'PRAMPC', 'PRASCSi', 'PRATPP', 'PRFGS', 'PRMICI', 'QULNS', 'PGPP140', 'RBFSa', 'PRPPS', 'PGPP160', 'RPI', 'RNDR2', 'PGPP161', 'SERD_L', 'TDSK', 'SPMS', 'THRA', 'THRD_L', 'PGSA140', 'PGSA160', 'PGSA161', 'TMDS', 'PGSA181', 'TRDR', 'TYRt2rpp', 'TYRtex', 'U23GAAT', 'TRPS3', 'UAGAAT', 'UAGDP', 'PHEt2rpp', 'PHEtex', 'UHGADA', 'NADS1', 'GALUi', 'URIDK2r', 'DNMPPA', 'GCALDD', 'USHD', 'VALTA', 'MTRK', 'MTRI', 'MDRPD', 'ARD', 'UNK3', 'EAR40x', 'EAR60x', 'EAR80x', 'LPS_YPtetra', 'BIOMASS_37C', 'S7PI', 'A5PISO', 'LACZ', 'EX_lys__L_e', 'EX_met__L_e', 'EX_tyr__L_e', 'EX_h2s_e', 'EX_phe__L_e', 'EX_pnto__R_e', 'KOKDO_LIPAtetra']",CYSabcpp,SULR,16.836284590568344,1,355,192,-55.0,1.844158930610738,iPC815,PSL,False,False,0.0,0.0,0.0,0.0
32,"['GALKr', 'GALt2pp', 'DHAD1', 'DHAD2', 'EX_cys__L_e', 'GHMT2r', 'GLCP', '2AGPGAT160', 'AACPS3', 'AACPS9', '3HAD100', '3HAD120', '3HAD140', '3HAD160', '3HAD40', 'ACHBS', '3HAD60', 'ACLS', '3HAD80', '3OAR100', 'ACOAD1f', '3OAR120', '3OAR140', 'ACOAD2f', 'ACOAD3f', 'ACOAD4f', '3OAR160', 'ACOAD5f', 'ACOAD6f', 'ACOAD7f', '3OAR40', 'ACOATA', '3OAR60', '3OAR80', '3OAS100', '3OAS120', '3OAS140', '3OAS160', '3OAS60', '3OAS80', 'ACS', 'ADCL', 'ADCS', 'ADMDC', 'ADSL1r', 'ADSL2r', 'ADSS', 'ANPRT', 'ANS', 'AGMHE', 'AICART', 'AIRC2', 'AIRC3', 'ASNS2', 'ALATA_L2', 'ASPCT', 'ALCD2x', 'ASPO6', 'AST', 'ATPPRT', 'CAT', 'CBPS', 'CYSabcpp', 'CYSDS', 'CYSS', 'CYStex', 'CYTD', 'CLPNS140pp', 'CLPNS160pp', 'CLPNS161pp', 'CLPNS181pp', 'DCYTD', 'DHFR', 'DHFS', 'DHNPA2r', 'DHORD2', 'DHORD5', 'DHORTS', 'DHPS2', 'ETOHt2rpp', 'ETOHtex', 'DNTPPA', 'DPCOAK', 'DRPA', 'FACOAE80', 'FACOAL140t2pp', 'FACOAL160t2pp', 'FACOAL161t2pp', 'FACOAL181t2pp', 'DURIPP', 'FADRx', 'FBP', 'ECOAH1', 'ECOAH2', 'ECOAH3', 'ECOAH4', 'ECOAH5', 'ECOAH6', 'ECOAH7', 'ECOAH8', 'GLUN', 'GLUPRT', 'H2St1pp', 'GLYC3Pabcpp', 'GLYC3Ptex', 'H2Stex', 'HACD1i', 'HACD2i', 'HACD3i', 'GLYCL', 'HACD4i', 'HACD5i', 'HACD6i', 'HACD7i', 'GLYCLTDy', 'GLYCtex', 'GLYCtpp', 'GLYK', 'HACD8i', 'GMHEPAT', 'HCO3E', 'GMHEPK', 'GMHEPPA', 'GMPR', 'GND', 'CTECOAI7', 'HEX1', 'HISTD', 'HISTP', 'GTPCI', 'HPPK2', 'ILEtex', 'IMPC', 'HSTPT', 'INDOLEt2pp', 'INDOLEtex', 'IPMD', 'IPPMIa', 'IPPMIb', 'IPPS', 'ICL', 'IG3PS', 'IGPDH', 'KARA1', 'IGPS', 'ILEt2rpp', 'KARA2', 'ILETA', 'KAS15', 'KAT1', 'ACACT11', 'G1PACT', 'ACACT8', 'ACACT13', 'ACACT10', 'ACACT9', 'LPLIPAL1G140pp', 'LPLIPAL1G160pp', 'LPLIPAL1G161pp', 'LPLIPAL1G181pp', 'ACACT12', 'ACACT8r', 'KDOCT2', 'KDOPP', 'KDOPS', 'LACZpp', 'LCTStex', 'LCTStpp', 'LEUTAi', 'LPADSS', 'LPLIPAL2G160', 'LYSt3pp', 'LYStex', 'MACPD', 'G3PD2', 'ME1', 'METabcpp', 'METAT', 'MOAT', 'MOAT2', 'MTAN', 'METtex', 'MTHFR2', 'G3PGabcpp', 'NADK', 'NADPHQR3', 'G3PGtex', 'NAt3_1p5pp', 'NNATr', 'NNDPR', 'NDPK5', 'NDPK8', 'NTD1', 'G6PDA', 'OMPDC', 'NTD3', 'NTD4', 'NTD6', 'ORNDC', 'ORPT', 'NTP3', 'P5CD', 'P5CR', 'NTPP2', 'NTPP3', 'NTPP4', 'NTPP5', 'NTPP6', 'NTPP7', 'NTPP8', 'OAADC', 'CTECOAI8', 'PAPSR', 'PDH', 'PE140abcpp', 'OMCDC', 'PE160abcpp', 'PE161abcpp', 'PE181abcpp', 'PLIPA2G140pp', 'PG140abcpp', 'PLIPA2G160pp', 'PLIPA2G161pp', 'PG161abcpp', 'PLIPA2G181pp', 'PG181abcpp', 'PNTK', 'PNTOt4pp', 'PGAMT', 'PNTOtex', 'PSD140', 'PGMT', 'PSD160', 'PSD161', 'PSD181', 'PPCDC', 'PPM2', 'PPNCL2', 'PSSA140', 'PSSA160', 'PSSA161', 'PSSA181', 'PTPATi', 'PUNP2', 'PRAGSr', 'PRAIi', 'PYAM5PO', 'PRAIS', 'PRAMPC', 'PRASCSi', 'PYK', 'PRATPP', 'PRFGS', 'PRMICI', 'QULNS', 'PGPP140', 'PRPPS', 'RNDR4', 'PGPP160', 'RNDR1', 'RPI', 'SADH', 'RNDR2', 'PGPP161', 'SERAT', 'SERD_L', 'SULR', 'SGDS', 'SGSAD', 'PGPP181', 'TDSK', 'SO4tex', 'SOTA', 'SPMS', 'THRD_L', 'PGSA140', 'SUCCtex', 'PGSA160', 'SULabcpp', 'PGSA161', 'TMDS', 'PGSA181', 'TPI', 'TRDR', 'TYRt2rpp', 'TYRtex', 'U23GAAT', 'TRPS2', 'TRPS3', 'UAGAAT', 'UAGDP', 'PHEt2rpp', 'PHEtex', 'UDPG4E', 'UGLT', 'ZN2abcpp', 'ZNabcpp', 'UHGADA', 'NADS1', 'GALUi', 'UPPRT', 'URIDK2r', 'DNMPPA', 'GCALDD', 'URIK2', 'USHD', 'VALTA', 'MTRK', 'MTRI', 'MDRPD', 'ARD', 'UNK3', 'EAR40x', 'EAR60x', 'EAR80x', 'EAR100x', 'EAR120x', 'EAR140x', 'EAR160x', 'LPS_YPtetra', 'BIOMASS_37C', 'S7PI', 'A5PISO', 'LACZ', 'EX_etoh_e', 'EX_g3pg_e', 'EX_lcts_e', 'EX_lys__L_e', 'EX_met__L_e', 'EX_glyc3p_e', 'EX_glyc_e', 'EX_tyr__L_e', 'EX_h2s_e', 'EX_phe__L_e', 'EX_pnto__R_e', 'EX_ile__L_e', 'EX_indole_e', 'EX_so4_e', 'EX_succ_e', 'KOKDO_LIPAtetra', 'SUCCt3pp', 'PAPSSH']","[-0.008794048121779061, -0.005211574767825498, -0.09029956280886117, -0.021068874391103262, 0.83999591303311, -0.10312935418546942, 0.011685825775264384, -0.0012899937544123014, 0.002579987508824603, 0.0009908118989528127, -0.006890069108824601, -0.006890069108824604, -0.0025799875088246046, -0.0025799875088246046, -0.007880881007777413, -0.021068874391103262, -0.007880881007777413, -0.09029956280886117, -0.007880881007777413, -0.006890069108824601, 0.0011247930377315286, -0.006890069108824604, -0.003794099277683242, 0.0011247930377315286, 0.0011247930377315286, 0.0021156049366843413, -0.0025799875088246046, 0.0021156049366843413, 0.005211574767825704, 0.0023280593167864377, -0.007880881007777413, -0.04379686802748929, -0.007880881007777413, -0.007880881007777413, -0.006890069108824601, -0.006890069108824604, -0.003794099277683242, -0.0025799875088246046, -0.007880881007777413, -0.007880881007777413, 0.013529722858905545, -0.003794099277683389, -0.003794099277683389, -0.0005311738988756538, -0.02424421850240388, -0.03626392501410454, -0.02424421850240388, 0.0037940992776833906, 0.0037940992776833906, -0.0009105838266439781, -0.04536976328054433, -0.03626392501410454, 0.03626392501410454, -0.019729316243952848, 0.07064612855046196, -0.02391041364785823, -0.039067574854925624, -0.00020715782080236967, 0.02215753978167013, -0.009105838266439781, 0.03521948536482979, -0.0207233702546043, -0.83999591303311, -0.8203152723071423, 0.014136778743334856, -0.83999591303311, 0.009561130179660218, -6.525850757615174e-05, -0.00018970496388416206, -8.347018410903128e-05, -6.14644082984685e-05, 0.0019274024330630862, -0.005668384320858907, -0.003794099277683389, -0.0037940992776833906, -0.017488172620763354, -0.006422241027094877, 0.02391041364785823, -0.003794099277683389, -0.039067574854925624, -0.039067574854925624, -0.0037940992776833906, -4.477037215358526e-06, 0.0034222775484702827, 0.0009908118989528127, 0.0012748173573015695, 0.0011382297833049727, 0.0016086980937376968, 0.0011898295334814646, 0.002891103649594629, -0.015145223071175395, 0.0032464009739157085, -0.0011247930377315286, -0.0011247930377315286, -0.0011247930377315286, -0.0021156049366843413, -0.0021156049366843413, -0.005211574767825704, -0.003936757410524134, -0.0011898295334814646, 0.12284519464874266, -0.03626392501410454, -0.7971329670242282, -0.058230090427841844, -0.058230090427841844, 0.7971329670242282, 0.0011247930377315286, 0.0011247930377315286, 0.0011247930377315286, 0.052091206584066185, 0.0021156049366843413, 0.0021156049366843413, 0.005211574767825704, 0.003936757410524134, 0.0037940992776833906, -0.0030161214266187647, 0.0034160194904865777, -0.0034160194904865777, 0.0011898295334814646, -0.0012141117688586373, -0.05698729526870888, -0.0012141117688586373, -0.0012141117688586373, 0.02112554477814045, -0.0640162435907885, 0.0016086980937376968, -0.0035824733539535636, -0.009105838266439781, -0.009105838266439781, -0.0037940992776833906, -0.0037940992776833906, -0.00852509997482602, 0.04536976328054433, -0.009105838266439781, 0.007815844512027622, -0.007815844512027622, -0.052358570032028706, 0.052358570032028706, 0.052358570032028706, -0.052358570032028706, 0.0037940992776833906, -0.009105838266439781, -0.009105838266439781, 0.09029956280886117, 0.0037940992776833906, -0.00852509997482602, -0.021068874391103262, 0.021068874391103262, -0.007880881007777413, 0.0011247930377315286, 0.0011247930377315286, -0.0009105838266439781, 0.0011247930377315286, 0.0021156049366843413, 0.0021156049366843413, 0.005211574767825704, 0.0006374086786507848, 0.0005691148916524863, 0.0008043490468688489, 0.0005949147667407323, 0.003936757410524134, 0.0011898295334814646, -0.0006070558844293186, -0.0006070558844293186, -0.0006070558844293186, -0.005211574767825498, -0.008794048121779061, -0.0035824733539535636, -0.052358570032028706, -0.0003035279422146593, 0.0012899937544123014, 0.018970496388416205, -0.018970496388416205, 0.04379686802748929, -0.06433992040548353, 0.07334507900817333, -0.010623477977458714, -0.0005311738988756538, -0.0003035279422146593, -0.0003035279422146593, -0.0005311738988756538, -0.010623477977458714, -0.0037940992776832414, -0.001289993754412301, -4.021745343019134e-05, 0.006422241027094877, -0.003895781138325153, -2.238518607679263e-06, -0.00020715782080236967, -0.00020715782080236967, -0.0019274024330630862, -0.0005842912884131352, 0.0009637012165315414, 0.0009105838266439781, -0.02391041364785823, 0.0019274024330630862, 0.009561130179660218, 0.0005311738988756538, -0.003187043393253923, 0.02391041364785823, 0.012755685889676599, 0.024282235377172744, -0.024282235377172744, 0.02112554477814045, 0.0019274024330630862, 0.010172663101310167, 0.0012899937547782292, 0.08339592517677374, 0.0018742850431755212, 0.011761707760818044, 0.06859754258647088, 0.0011898295334814646, 0.03731908402624895, -0.17432980718890434, -0.00044011551621125607, -0.052358570032028706, -0.0012899937544123023, -0.0005539384945417534, -0.00040976272198979015, 0.0006374086786507848, 0.0004401155162112562, 0.0005691148916524863, 0.0008043490468688489, 0.0005539384945417534, 0.0005949147667407323, 0.00040976272198979015, -4.477037215358526e-06, -4.477037215358526e-06, 0.0009105838266439781, -4.477037215358526e-06, -0.00044011551621125607, 0.003422951552360977, -0.0012899937544123023, -0.0005539384945417534, -0.00040976272198979015, -4.477037215358526e-06, 0.0034222775484702827, -4.477037215358526e-06, -0.00044011551621125607, -0.0012899937544123023, -0.0005539384945417534, -0.00040976272198979015, -4.477037215358526e-06, 0.0005311738988756538, -0.03626392501410454, 0.0037940992776833906, 0.07064612855046196, -0.03626392501410454, -0.009105838266439781, -0.03626392501410454, 0.0058186306522552125, -0.009105838266439781, -0.03626392501410454, -0.009105838266439781, -0.00020715782080236967, 0.00044011551621125607, -0.06280213182192984, -0.0009105838266439794, 0.0012899937544123014, -0.0013431111442455063, 0.06340918770635914, 0.02215753978167013, -0.0019274024330630862, 0.0005539384945417534, 0.014136778743334856, 0.13516676365153968, 0.03731908402624895, 0.02215753978167013, 0.02215753978167013, 0.00040976272198979015, -0.0003035279422146593, 0.03731908402624895, 0.02215753978167013, -0.0005311738988756538, -0.021068874391103262, 0.00044011551621125607, -0.020432155198759183, 0.0012899937544123023, 0.03731908402624895, 0.0005539384945417534, -0.0018742850431755212, 0.00040976272198979015, -0.06737916355859691, 0.033137986622296375, -0.009864658121976424, -0.009864658121976424, -0.0006070558844293186, -0.004021745234344235, 0.003794099277683387, -0.0006070558844293186, -0.0009105838266439781, -0.014417577255196316, -0.014417577255196316, 0.008794048121779061, -0.008794048121779061, 2.3093005948123237, 2.3093005948123237, -0.0006070558844293186, -0.00020715782080236967, -0.0005311738988756538, 0.002891103649594629, 0.0009105838266439794, -0.0037940992776833906, -0.0037940992776833906, 0.009561130179660218, -0.0003035279422146593, 0.03794099277683244, -0.0005311738988756538, -0.0005311738988756538, -0.0005311738988756538, -0.0005311738989300131, -0.0005311738989300131, -0.007880881007777413, -0.007880881007777413, -0.007880881007777413, -0.006890069108824604, -0.006890069108824604, -0.0025799875088246046, -0.0025799875088246046, -0.0003035279422146593, -0.07588198555366482, -0.0012141117688586373, -0.0006070558844293186, -0.0035824733539535636, 0.039067574854925624, 0.003895781138325153, 0.008794048121779061, 0.018970496388416205, 0.010623477977458714, 0.058230090427841844, 0.0030161214266187647, 0.009864658121976424, -0.7971329670242282, 0.014417577255196316, 4.477037215358526e-06, 0.00852509997482602, 0.007815844512027622, -0.03731908402624895, 0.020432155198759183, -0.0003035279422146593, 0.020432155198759183, 0.03731908402624895]","[0.008794048121779061, 0.005211574767825498, 0.09029956280886117, 0.021068874391103262, 0.83999591303311, 0.10312935418546942, 0.011685825775264384, 0.0012899937544123014, 0.002579987508824603, 0.0009908118989528127, 0.006890069108824601, 0.006890069108824604, 0.0025799875088246046, 0.0025799875088246046, 0.007880881007777413, 0.021068874391103262, 0.007880881007777413, 0.09029956280886117, 0.007880881007777413, 0.006890069108824601, 0.0011247930377315286, 0.006890069108824604, 0.003794099277683242, 0.0011247930377315286, 0.0011247930377315286, 0.0021156049366843413, 0.0025799875088246046, 0.0021156049366843413, 0.005211574767825704, 0.0023280593167864377, 0.007880881007777413, 0.04379686802748929, 0.007880881007777413, 0.007880881007777413, 0.006890069108824601, 0.006890069108824604, 0.003794099277683242, 0.0025799875088246046, 0.007880881007777413, 0.007880881007777413, 0.013529722858905545, 0.003794099277683389, 0.003794099277683389, 0.0005311738988756538, 0.02424421850240388, 0.03626392501410454, 0.02424421850240388, 0.0037940992776833906, 0.0037940992776833906, 0.0009105838266439781, 0.04536976328054433, 0.03626392501410454, 0.03626392501410454, 0.019729316243952848, 0.07064612855046196, 0.02391041364785823, 0.039067574854925624, 0.00020715782080236967, 0.02215753978167013, 0.009105838266439781, 0.03521948536482979, 0.0207233702546043, 0.83999591303311, 0.8203152723071423, 0.014136778743334856, 0.83999591303311, 0.009561130179660218, 6.525850757615174e-05, 0.00018970496388416206, 8.347018410903128e-05, 6.14644082984685e-05, 0.0019274024330630862, 0.005668384320858907, 0.003794099277683389, 0.0037940992776833906, 0.017488172620763354, 0.006422241027094877, 0.02391041364785823, 0.003794099277683389, 0.039067574854925624, 0.039067574854925624, 0.0037940992776833906, 4.477037215358526e-06, 0.0034222775484702827, 0.0009908118989528127, 0.0012748173573015695, 0.0011382297833049727, 0.0016086980937376968, 0.0011898295334814646, 0.002891103649594629, 0.015145223071175395, 0.0032464009739157085, 0.0011247930377315286, 0.0011247930377315286, 0.0011247930377315286, 0.0021156049366843413, 0.0021156049366843413, 0.005211574767825704, 0.003936757410524134, 0.0011898295334814646, 0.12284519464874266, 0.03626392501410454, 0.7971329670242282, 0.058230090427841844, 0.058230090427841844, 0.7971329670242282, 0.0011247930377315286, 0.0011247930377315286, 0.0011247930377315286, 0.052091206584066185, 0.0021156049366843413, 0.0021156049366843413, 0.005211574767825704, 0.003936757410524134, 0.0037940992776833906, 0.0030161214266187647, 0.0034160194904865777, 0.0034160194904865777, 0.0011898295334814646, 0.0012141117688586373, 0.05698729526870888, 0.0012141117688586373, 0.0012141117688586373, 0.02112554477814045, 0.0640162435907885, 0.0016086980937376968, 0.0035824733539535636, 0.009105838266439781, 0.009105838266439781, 0.0037940992776833906, 0.0037940992776833906, 0.00852509997482602, 0.04536976328054433, 0.009105838266439781, 0.007815844512027622, 0.007815844512027622, 0.052358570032028706, 0.052358570032028706, 0.052358570032028706, 0.052358570032028706, 0.0037940992776833906, 0.009105838266439781, 0.009105838266439781, 0.09029956280886117, 0.0037940992776833906, 0.00852509997482602, 0.021068874391103262, 0.021068874391103262, 0.007880881007777413, 0.0011247930377315286, 0.0011247930377315286, 0.0009105838266439781, 0.0011247930377315286, 0.0021156049366843413, 0.0021156049366843413, 0.005211574767825704, 0.0006374086786507848, 0.0005691148916524863, 0.0008043490468688489, 0.0005949147667407323, 0.003936757410524134, 0.0011898295334814646, 0.0006070558844293186, 0.0006070558844293186, 0.0006070558844293186, 0.005211574767825498, 0.008794048121779061, 0.0035824733539535636, 0.052358570032028706, 0.0003035279422146593, 0.0012899937544123014, 0.018970496388416205, 0.018970496388416205, 0.04379686802748929, 0.06433992040548353, 0.07334507900817333, 0.010623477977458714, 0.0005311738988756538, 0.0003035279422146593, 0.0003035279422146593, 0.0005311738988756538, 0.010623477977458714, 0.0037940992776832414, 0.001289993754412301, 4.021745343019134e-05, 0.006422241027094877, 0.003895781138325153, 2.238518607679263e-06, 0.00020715782080236967, 0.00020715782080236967, 0.0019274024330630862, 0.0005842912884131352, 0.0009637012165315414, 0.0009105838266439781, 0.02391041364785823, 0.0019274024330630862, 0.009561130179660218, 0.0005311738988756538, 0.003187043393253923, 0.02391041364785823, 0.012755685889676599, 0.024282235377172744, 0.024282235377172744, 0.02112554477814045, 0.0019274024330630862, 0.010172663101310167, 0.0012899937547782292, 0.08339592517677374, 0.0018742850431755212, 0.011761707760818044, 0.06859754258647088, 0.0011898295334814646, 0.03731908402624895, 0.17432980718890434, 0.00044011551621125607, 0.052358570032028706, 0.0012899937544123023, 0.0005539384945417534, 0.00040976272198979015, 0.0006374086786507848, 0.0004401155162112562, 0.0005691148916524863, 0.0008043490468688489, 0.0005539384945417534, 0.0005949147667407323, 0.00040976272198979015, 4.477037215358526e-06, 4.477037215358526e-06, 0.0009105838266439781, 4.477037215358526e-06, 0.00044011551621125607, 0.003422951552360977, 0.0012899937544123023, 0.0005539384945417534, 0.00040976272198979015, 4.477037215358526e-06, 0.0034222775484702827, 4.477037215358526e-06, 0.00044011551621125607, 0.0012899937544123023, 0.0005539384945417534, 0.00040976272198979015, 4.477037215358526e-06, 0.0005311738988756538, 0.03626392501410454, 0.0037940992776833906, 0.07064612855046196, 0.03626392501410454, 0.009105838266439781, 0.03626392501410454, 0.0058186306522552125, 0.009105838266439781, 0.03626392501410454, 0.009105838266439781, 0.00020715782080236967, 0.00044011551621125607, 0.06280213182192984, 0.0009105838266439794, 0.0012899937544123014, 0.0013431111442455063, 0.06340918770635914, 0.02215753978167013, 0.0019274024330630862, 0.0005539384945417534, 0.014136778743334856, 0.13516676365153968, 0.03731908402624895, 0.02215753978167013, 0.02215753978167013, 0.00040976272198979015, 0.0003035279422146593, 0.03731908402624895, 0.02215753978167013, 0.0005311738988756538, 0.021068874391103262, 0.00044011551621125607, 0.020432155198759183, 0.0012899937544123023, 0.03731908402624895, 0.0005539384945417534, 0.0018742850431755212, 0.00040976272198979015, 0.06737916355859691, 0.033137986622296375, 0.009864658121976424, 0.009864658121976424, 0.0006070558844293186, 0.004021745234344235, 0.003794099277683387, 0.0006070558844293186, 0.0009105838266439781, 0.014417577255196316, 0.014417577255196316, 0.008794048121779061, 0.008794048121779061, 2.3093005948123237, 2.3093005948123237, 0.0006070558844293186, 0.00020715782080236967, 0.0005311738988756538, 0.002891103649594629, 0.0009105838266439794, 0.0037940992776833906, 0.0037940992776833906, 0.009561130179660218, 0.0003035279422146593, 0.03794099277683244, 0.0005311738988756538, 0.0005311738988756538, 0.0005311738988756538, 0.0005311738989300131, 0.0005311738989300131, 0.007880881007777413, 0.007880881007777413, 0.007880881007777413, 0.006890069108824604, 0.006890069108824604, 0.0025799875088246046, 0.0025799875088246046, 0.0003035279422146593, 0.07588198555366482, 0.0012141117688586373, 0.0006070558844293186, 0.0035824733539535636, 0.039067574854925624, 0.003895781138325153, 0.008794048121779061, 0.018970496388416205, 0.010623477977458714, 0.058230090427841844, 0.0030161214266187647, 0.009864658121976424, 0.7971329670242282, 0.014417577255196316, 4.477037215358526e-06, 0.00852509997482602, 0.007815844512027622, 0.03731908402624895, 0.020432155198759183, 0.0003035279422146593, 0.020432155198759183, 0.03731908402624895]","['GALt2pp', 'EX_cys__L_e', '2AGPGAT160', '3HAD120', '3HAD140', '3HAD160', '3OAR120', '3OAR160', '3OAS120', '3OAS160', 'ASPO6', 'CYSabcpp', 'CYSDS', 'CYStex', 'DHORD5', 'FADRx', 'GLYC3Pabcpp', 'GLYK', 'GND', 'HEX1', 'KAS15', 'LACZpp', 'G3PGabcpp', 'NAt3_1p5pp', 'NDPK5', 'P5CR', 'PDH', 'RNDR1', 'RNDR2', 'TRPS2', 'EAR60x', 'EAR100x', 'EAR120x', 'EAR140x', 'EAR160x']","['GALKr', 'GLCP', 'AACPS9', 'ACOAD1f', 'ACOAD2f', 'ACOAD3f', 'ACOAD4f', 'ACOAD5f', 'ACS', 'ALATA_L2', 'ALCD2x', 'AST', 'CYSS', 'CYTD', 'DCYTD', 'ETOHt2rpp', 'ETOHtex', 'DRPA', 'FACOAE80', 'FACOAL140t2pp', 'FACOAL181t2pp', 'DURIPP', 'FBP', 'ECOAH1', 'ECOAH2', 'ECOAH3', 'ECOAH4', 'ECOAH5', 'ECOAH6', 'ECOAH7', 'ECOAH8', 'GLUN', 'GLYC3Ptex', 'HACD1i', 'HACD2i', 'HACD3i', 'GLYCL', 'HACD4i', 'HACD5i', 'HACD6i', 'HACD7i', 'GLYCLTDy', 'GLYCtex', 'HACD8i', 'GMPR', 'ILEtex', 'INDOLEt2pp', 'INDOLEtex', 'ICL', 'ILEt2rpp', 'KAT1', 'ACACT11', 'ACACT8', 'ACACT13', 'ACACT10', 'ACACT9', 'LPLIPAL1G140pp', 'LPLIPAL1G160pp', 'LPLIPAL1G181pp', 'ACACT12', 'ACACT8r', 'LCTStex', 'LPLIPAL2G160', 'LYSt3pp', 'MACPD', 'ME1', 'NADPHQR3', 'G3PGtex', 'NTD1', 'G6PDA', 'NTD3', 'NTD4', 'NTD6', 'NTP3', 'P5CD', 'NTPP2', 'NTPP3', 'NTPP4', 'NTPP5', 'NTPP6', 'NTPP7', 'NTPP8', 'OAADC', 'CTECOAI8', 'PAPSR', 'PLIPA2G140pp', 'PLIPA2G160pp', 'PLIPA2G181pp', 'PG181abcpp', 'PPM2', 'PUNP2', 'PYAM5PO', 'PYK', 'PGPP160', 'SADH', 'SERAT', 'SULR', 'SGDS', 'SGSAD', 'PGPP181', 'SO4tex', 'SOTA', 'SUCCtex', 'SULabcpp', 'UDPG4E', 'UGLT', 'ZN2abcpp', 'ZNabcpp', 'UPPRT', 'URIK2', 'EX_etoh_e', 'EX_g3pg_e', 'EX_lcts_e', 'EX_glyc3p_e', 'EX_glyc_e', 'EX_ile__L_e', 'EX_indole_e', 'EX_so4_e', 'EX_succ_e', 'SUCCt3pp', 'PAPSSH']","['DHAD1', 'DHAD2', 'GHMT2r', 'AACPS3', '3HAD100', '3HAD40', 'ACHBS', '3HAD60', 'ACLS', '3HAD80', '3OAR100', '3OAR140', 'ACOAD6f', 'ACOAD7f', '3OAR40', 'ACOATA', '3OAR60', '3OAR80', '3OAS100', '3OAS140', '3OAS60', '3OAS80', 'ADCL', 'ADCS', 'ADMDC', 'ADSL1r', 'ADSL2r', 'ADSS', 'ANPRT', 'ANS', 'AGMHE', 'AICART', 'AIRC2', 'AIRC3', 'ASNS2', 'ASPCT', 'ATPPRT', 'CAT', 'CBPS', 'CLPNS140pp', 'CLPNS160pp', 'CLPNS161pp', 'CLPNS181pp', 'DHFR', 'DHFS', 'DHNPA2r', 'DHORD2', 'DHORTS', 'DHPS2', 'DNTPPA', 'DPCOAK', 'FACOAL160t2pp', 'FACOAL161t2pp', 'GLUPRT', 'H2St1pp', 'H2Stex', 'GLYCtpp', 'GMHEPAT', 'HCO3E', 'GMHEPK', 'GMHEPPA', 'CTECOAI7', 'HISTD', 'HISTP', 'GTPCI', 'HPPK2', 'IMPC', 'HSTPT', 'IPMD', 'IPPMIa', 'IPPMIb', 'IPPS', 'IG3PS', 'IGPDH', 'KARA1', 'IGPS', 'KARA2', 'ILETA', 'G1PACT', 'LPLIPAL1G161pp', 'KDOCT2', 'KDOPP', 'KDOPS', 'LCTStpp', 'LEUTAi', 'LPADSS', 'LYStex', 'G3PD2', 'METabcpp', 'METAT', 'MOAT', 'MOAT2', 'MTAN', 'METtex', 'MTHFR2', 'NADK', 'NNATr', 'NNDPR', 'NDPK8', 'OMPDC', 'ORNDC', 'ORPT', 'PE140abcpp', 'OMCDC', 'PE160abcpp', 'PE161abcpp', 'PE181abcpp', 'PG140abcpp', 'PLIPA2G161pp', 'PG161abcpp', 'PNTK', 'PNTOt4pp', 'PGAMT', 'PNTOtex', 'PSD140', 'PGMT', 'PSD160', 'PSD161', 'PSD181', 'PPCDC', 'PPNCL2', 'PSSA140', 'PSSA160', 'PSSA161', 'PSSA181', 'PTPATi', 'PRAGSr', 'PRAIi', 'PRAIS', 'PRAMPC', 'PRASCSi', 'PRATPP', 'PRFGS', 'PRMICI', 'QULNS', 'PGPP140', 'PRPPS', 'RNDR4', 'RPI', 'PGPP161', 'SERD_L', 'TDSK', 'SPMS', 'THRD_L', 'PGSA140', 'PGSA160', 'PGSA161', 'TMDS', 'PGSA181', 'TPI', 'TRDR', 'TYRt2rpp', 'TYRtex', 'U23GAAT', 'TRPS3', 'UAGAAT', 'UAGDP', 'PHEt2rpp', 'PHEtex', 'UHGADA', 'NADS1', 'GALUi', 'URIDK2r', 'DNMPPA', 'GCALDD', 'USHD', 'VALTA', 'MTRK', 'MTRI', 'MDRPD', 'ARD', 'UNK3', 'EAR40x', 'EAR80x', 'LPS_YPtetra', 'BIOMASS_37C', 'S7PI', 'A5PISO', 'LACZ', 'EX_lys__L_e', 'EX_met__L_e', 'EX_tyr__L_e', 'EX_h2s_e', 'EX_phe__L_e', 'EX_pnto__R_e', 'KOKDO_LIPAtetra']",CYSabcpp,SO4tex,16.836282193588424,1,342,186,-54.0,1.7729867024859072,iPC815,PSL,False,False,0.0,0.0,0.0,0.0
33,"['GALKr', 'GALt2pp', 'DHAD1', 'DHAD2', 'EX_cys__L_e', 'GHMT2r', 'GLCP', '2AGPGAT160', 'AACPS3', 'AACPS9', '3HAD100', '3HAD120', '3HAD140', '3HAD160', '3HAD40', 'ACHBS', '3HAD60', 'ACLS', '3HAD80', '3OAR100', 'ACOAD1f', '3OAR120', '3OAR140', 'ACOAD2f', 'ACOAD3f', 'ACOAD4f', '3OAR160', 'ACOAD5f', 'ACOAD6f', 'ACOAD7f', '3OAR40', 'ACOATA', '3OAR60', '3OAR80', '3OAS100', '3OAS120', '3OAS140', '3OAS160', '3OAS60', '3OAS80', 'ACS', 'ADCL', 'ADCS', 'ADMDC', 'ADSL1r', 'ADSL2r', 'ADSS', 'ANPRT', 'ANS', 'AGMHE', 'AICART', 'AIRC2', 'AIRC3', 'ASNS2', 'ALATA_L2', 'ASPCT', 'ALCD2x', 'ASPO6', 'AST', 'ATPPRT', 'CAT', 'CBPS', 'CYSabcpp', 'CYSDS', 'CYSS', 'CYStex', 'CYTD', 'CLPNS140pp', 'CLPNS160pp', 'CLPNS161pp', 'CLPNS181pp', 'DCYTD', 'DHFR', 'DHFS', 'DHNPA2r', 'DHORD2', 'DHORD5', 'DHORTS', 'DHPS2', 'ETOHt2rpp', 'ETOHtex', 'DNTPPA', 'DPCOAK', 'DRPA', 'FACOAE80', 'FACOAL140t2pp', 'FACOAL160t2pp', 'FACOAL161t2pp', 'FACOAL181t2pp', 'DURIPP', 'FADRx', 'FBP', 'ECOAH1', 'ECOAH2', 'ECOAH3', 'ECOAH4', 'ECOAH5', 'ECOAH6', 'ECOAH7', 'ECOAH8', 'GLUN', 'GLUPRT', 'H2St1pp', 'GLYC3Pabcpp', 'GLYC3Ptex', 'H2Stex', 'HACD1i', 'HACD2i', 'HACD3i', 'GLYCL', 'HACD4i', 'HACD5i', 'HACD6i', 'HACD7i', 'GLYCLTDy', 'GLYCtex', 'GLYCtpp', 'GLYK', 'HACD8i', 'GMHEPAT', 'HCO3E', 'GMHEPK', 'GMHEPPA', 'GMPR', 'GND', 'CTECOAI7', 'HEX1', 'HISTD', 'HISTP', 'GTPCI', 'HPPK2', 'ILEtex', 'IMPC', 'HSTPT', 'INDOLEt2pp', 'INDOLEtex', 'IPMD', 'IPPMIa', 'IPPMIb', 'IPPS', 'ICL', 'IG3PS', 'IGPDH', 'KARA1', 'IGPS', 'ILEt2rpp', 'KARA2', 'ILETA', 'KAS15', 'KAT1', 'ACACT11', 'G1PACT', 'ACACT8', 'ACACT13', 'ACACT10', 'ACACT9', 'LPLIPAL1G140pp', 'LPLIPAL1G160pp', 'LPLIPAL1G161pp', 'LPLIPAL1G181pp', 'ACACT12', 'ACACT8r', 'KDOCT2', 'KDOPP', 'KDOPS', 'LACZpp', 'LCTStex', 'LCTStpp', 'LEUTAi', 'LPADSS', 'LPLIPAL2G160', 'LYSt3pp', 'LYStex', 'MACPD', 'G3PD2', 'ME1', 'METabcpp', 'METAT', 'MOAT', 'MOAT2', 'MTAN', 'METtex', 'MTHFR2', 'G3PGabcpp', 'NADK', 'NADPHQR3', 'G3PGtex', 'NAt3_1p5pp', 'NNATr', 'NNDPR', 'NDPK5', 'NDPK8', 'NTD1', 'G6PDA', 'OMPDC', 'NTD3', 'NTD4', 'NTD6', 'ORNDC', 'ORPT', 'NTP3', 'P5CD', 'P5CR', 'NTPP2', 'NTPP3', 'NTPP4', 'NTPP5', 'NTPP6', 'NTPP7', 'NTPP8', 'OAADC', 'CTECOAI8', 'PAPSR', 'PDH', 'PE140abcpp', 'OMCDC', 'PE160abcpp', 'PE161abcpp', 'PE181abcpp', 'PLIPA2G140pp', 'PG140abcpp', 'PLIPA2G160pp', 'PLIPA2G161pp', 'PG161abcpp', 'PLIPA2G181pp', 'PG181abcpp', 'PNTK', 'PNTOt4pp', 'PGAMT', 'PNTOtex', 'PSD140', 'PGMT', 'PSD160', 'PSD161', 'PSD181', 'PPCDC', 'PPM2', 'PPNCL2', 'PSSA140', 'PSSA160', 'PSSA161', 'PSSA181', 'PTPATi', 'PUNP2', 'PRAGSr', 'PRAIi', 'PYAM5PO', 'PRAIS', 'PRAMPC', 'PRASCSi', 'PYK', 'PRATPP', 'PRFGS', 'PRMICI', 'QULNS', 'PGPP140', 'PRPPS', 'RNDR4', 'PGPP160', 'RNDR1', 'RPI', 'SADH', 'RNDR2', 'PGPP161', 'SERAT', 'SERD_L', 'SULR', 'SGDS', 'SGSAD', 'PGPP181', 'TDSK', 'SO4tex', 'SOTA', 'SPMS', 'THRD_L', 'PGSA140', 'SUCCtex', 'PGSA160', 'SULabcpp', 'PGSA161', 'TMDS', 'PGSA181', 'TPI', 'TRDR', 'TYRt2rpp', 'TYRtex', 'U23GAAT', 'TRPS2', 'TRPS3', 'UAGAAT', 'UAGDP', 'PHEt2rpp', 'PHEtex', 'UDPG4E', 'UGLT', 'ZN2abcpp', 'ZNabcpp', 'UHGADA', 'NADS1', 'GALUi', 'UPPRT', 'URIDK2r', 'DNMPPA', 'GCALDD', 'URIK2', 'USHD', 'VALTA', 'MTRK', 'MTRI', 'MDRPD', 'ARD', 'UNK3', 'EAR40x', 'EAR60x', 'EAR80x', 'EAR100x', 'EAR120x', 'EAR140x', 'EAR160x', 'LPS_YPtetra', 'BIOMASS_37C', 'S7PI', 'A5PISO', 'LACZ', 'EX_etoh_e', 'EX_g3pg_e', 'EX_lcts_e', 'EX_lys__L_e', 'EX_met__L_e', 'EX_glyc3p_e', 'EX_glyc_e', 'EX_tyr__L_e', 'EX_h2s_e', 'EX_phe__L_e', 'EX_pnto__R_e', 'EX_ile__L_e', 'EX_indole_e', 'EX_so4_e', 'EX_succ_e', 'KOKDO_LIPAtetra', 'SUCCt3pp', 'PAPSSH']","[-0.008794048121779061, -0.005211574767825498, -0.09029956280886117, -0.021068874391103262, 0.83999591303311, -0.10312935418546942, 0.011685825775264384, -0.0012899937544123014, 0.002579987508824603, 0.0009908118989528127, -0.006890069108824601, -0.006890069108824604, -0.0025799875088246046, -0.0025799875088246046, -0.007880881007777413, -0.021068874391103262, -0.007880881007777413, -0.09029956280886117, -0.007880881007777413, -0.006890069108824601, 0.0011247930377315286, -0.006890069108824604, -0.003794099277683242, 0.0011247930377315286, 0.0011247930377315286, 0.0021156049366843413, -0.0025799875088246046, 0.0021156049366843413, 0.005211574767825704, 0.0023280593167864377, -0.007880881007777413, -0.04379686802748929, -0.007880881007777413, -0.007880881007777413, -0.006890069108824601, -0.006890069108824604, -0.003794099277683242, -0.0025799875088246046, -0.007880881007777413, -0.007880881007777413, 0.013529722858905545, -0.003794099277683389, -0.003794099277683389, -0.0005311738988756538, -0.02424421850240388, -0.03626392501410454, -0.02424421850240388, 0.0037940992776833906, 0.0037940992776833906, -0.0009105838266439781, -0.04536976328054433, -0.03626392501410454, 0.03626392501410454, -0.019729316243952848, 0.07064612855046196, -0.02391041364785823, -0.039067574854925624, -0.00020715782080236967, 0.02215753978167013, -0.009105838266439781, 0.03521948536482979, -0.0207233702546043, -0.83999591303311, -0.8203152723071423, 0.014136778743334856, -0.83999591303311, 0.009561130179660218, -6.525850757615174e-05, -0.00018970496388416206, -8.347018410903128e-05, -6.14644082984685e-05, 0.0019274024330630862, -0.005668384320858907, -0.003794099277683389, -0.0037940992776833906, -0.017488172620763354, -0.006422241027094877, 0.02391041364785823, -0.003794099277683389, -0.039067574854925624, -0.039067574854925624, -0.0037940992776833906, -4.477037215358526e-06, 0.0034222775484702827, 0.0009908118989528127, 0.0012748173573015695, 0.0011382297833049727, 0.0016086980937376968, 0.0011898295334814646, 0.002891103649594629, -0.015145223071175395, 0.0032464009739157085, -0.0011247930377315286, -0.0011247930377315286, -0.0011247930377315286, -0.0021156049366843413, -0.0021156049366843413, -0.005211574767825704, -0.003936757410524134, -0.0011898295334814646, 0.12284519464874266, -0.03626392501410454, -0.7971329670242282, -0.058230090427841844, -0.058230090427841844, 0.7971329670242282, 0.0011247930377315286, 0.0011247930377315286, 0.0011247930377315286, 0.052091206584066185, 0.0021156049366843413, 0.0021156049366843413, 0.005211574767825704, 0.003936757410524134, 0.0037940992776833906, -0.0030161214266187647, 0.0034160194904865777, -0.0034160194904865777, 0.0011898295334814646, -0.0012141117688586373, -0.05698729526870888, -0.0012141117688586373, -0.0012141117688586373, 0.02112554477814045, -0.0640162435907885, 0.0016086980937376968, -0.0035824733539535636, -0.009105838266439781, -0.009105838266439781, -0.0037940992776833906, -0.0037940992776833906, -0.00852509997482602, 0.04536976328054433, -0.009105838266439781, 0.007815844512027622, -0.007815844512027622, -0.052358570032028706, 0.052358570032028706, 0.052358570032028706, -0.052358570032028706, 0.0037940992776833906, -0.009105838266439781, -0.009105838266439781, 0.09029956280886117, 0.0037940992776833906, -0.00852509997482602, -0.021068874391103262, 0.021068874391103262, -0.007880881007777413, 0.0011247930377315286, 0.0011247930377315286, -0.0009105838266439781, 0.0011247930377315286, 0.0021156049366843413, 0.0021156049366843413, 0.005211574767825704, 0.0006374086786507848, 0.0005691148916524863, 0.0008043490468688489, 0.0005949147667407323, 0.003936757410524134, 0.0011898295334814646, -0.0006070558844293186, -0.0006070558844293186, -0.0006070558844293186, -0.005211574767825498, -0.008794048121779061, -0.0035824733539535636, -0.052358570032028706, -0.0003035279422146593, 0.0012899937544123014, 0.018970496388416205, -0.018970496388416205, 0.04379686802748929, -0.06433992040548353, 0.07334507900817333, -0.010623477977458714, -0.0005311738988756538, -0.0003035279422146593, -0.0003035279422146593, -0.0005311738988756538, -0.010623477977458714, -0.0037940992776832414, -0.001289993754412301, -4.021745343019134e-05, 0.006422241027094877, -0.003895781138325153, -2.238518607679263e-06, -0.00020715782080236967, -0.00020715782080236967, -0.0019274024330630862, -0.0005842912884131352, 0.0009637012165315414, 0.0009105838266439781, -0.02391041364785823, 0.0019274024330630862, 0.009561130179660218, 0.0005311738988756538, -0.003187043393253923, 0.02391041364785823, 0.012755685889676599, 0.024282235377172744, -0.024282235377172744, 0.02112554477814045, 0.0019274024330630862, 0.010172663101310167, 0.0012899937547782292, 0.08339592517677374, 0.0018742850431755212, 0.011761707760818044, 0.06859754258647088, 0.0011898295334814646, 0.03731908402624895, -0.17432980718890434, -0.00044011551621125607, -0.052358570032028706, -0.0012899937544123023, -0.0005539384945417534, -0.00040976272198979015, 0.0006374086786507848, 0.0004401155162112562, 0.0005691148916524863, 0.0008043490468688489, 0.0005539384945417534, 0.0005949147667407323, 0.00040976272198979015, -4.477037215358526e-06, -4.477037215358526e-06, 0.0009105838266439781, -4.477037215358526e-06, -0.00044011551621125607, 0.003422951552360977, -0.0012899937544123023, -0.0005539384945417534, -0.00040976272198979015, -4.477037215358526e-06, 0.0034222775484702827, -4.477037215358526e-06, -0.00044011551621125607, -0.0012899937544123023, -0.0005539384945417534, -0.00040976272198979015, -4.477037215358526e-06, 0.0005311738988756538, -0.03626392501410454, 0.0037940992776833906, 0.07064612855046196, -0.03626392501410454, -0.009105838266439781, -0.03626392501410454, 0.0058186306522552125, -0.009105838266439781, -0.03626392501410454, -0.009105838266439781, -0.00020715782080236967, 0.00044011551621125607, -0.06280213182192984, -0.0009105838266439794, 0.0012899937544123014, -0.0013431111442455063, 0.06340918770635914, 0.02215753978167013, -0.0019274024330630862, 0.0005539384945417534, 0.014136778743334856, 0.13516676365153968, 0.03731908402624895, 0.02215753978167013, 0.02215753978167013, 0.00040976272198979015, -0.0003035279422146593, 0.03731908402624895, 0.02215753978167013, -0.0005311738988756538, -0.021068874391103262, 0.00044011551621125607, -0.020432155198759183, 0.0012899937544123023, 0.03731908402624895, 0.0005539384945417534, -0.0018742850431755212, 0.00040976272198979015, -0.06737916355859691, 0.033137986622296375, -0.009864658121976424, -0.009864658121976424, -0.0006070558844293186, -0.004021745234344235, 0.003794099277683387, -0.0006070558844293186, -0.0009105838266439781, -0.014417577255196316, -0.014417577255196316, 0.008794048121779061, -0.008794048121779061, 2.3093005948123237, 2.3093005948123237, -0.0006070558844293186, -0.00020715782080236967, -0.0005311738988756538, 0.002891103649594629, 0.0009105838266439794, -0.0037940992776833906, -0.0037940992776833906, 0.009561130179660218, -0.0003035279422146593, 0.03794099277683244, -0.0005311738988756538, -0.0005311738988756538, -0.0005311738988756538, -0.0005311738989300131, -0.0005311738989300131, -0.007880881007777413, -0.007880881007777413, -0.007880881007777413, -0.006890069108824604, -0.006890069108824604, -0.0025799875088246046, -0.0025799875088246046, -0.0003035279422146593, -0.07588198555366482, -0.0012141117688586373, -0.0006070558844293186, -0.0035824733539535636, 0.039067574854925624, 0.003895781138325153, 0.008794048121779061, 0.018970496388416205, 0.010623477977458714, 0.058230090427841844, 0.0030161214266187647, 0.009864658121976424, -0.7971329670242282, 0.014417577255196316, 4.477037215358526e-06, 0.00852509997482602, 0.007815844512027622, -0.03731908402624895, 0.020432155198759183, -0.0003035279422146593, 0.020432155198759183, 0.03731908402624895]","[0.008794048121779061, 0.005211574767825498, 0.09029956280886117, 0.021068874391103262, 0.83999591303311, 0.10312935418546942, 0.011685825775264384, 0.0012899937544123014, 0.002579987508824603, 0.0009908118989528127, 0.006890069108824601, 0.006890069108824604, 0.0025799875088246046, 0.0025799875088246046, 0.007880881007777413, 0.021068874391103262, 0.007880881007777413, 0.09029956280886117, 0.007880881007777413, 0.006890069108824601, 0.0011247930377315286, 0.006890069108824604, 0.003794099277683242, 0.0011247930377315286, 0.0011247930377315286, 0.0021156049366843413, 0.0025799875088246046, 0.0021156049366843413, 0.005211574767825704, 0.0023280593167864377, 0.007880881007777413, 0.04379686802748929, 0.007880881007777413, 0.007880881007777413, 0.006890069108824601, 0.006890069108824604, 0.003794099277683242, 0.0025799875088246046, 0.007880881007777413, 0.007880881007777413, 0.013529722858905545, 0.003794099277683389, 0.003794099277683389, 0.0005311738988756538, 0.02424421850240388, 0.03626392501410454, 0.02424421850240388, 0.0037940992776833906, 0.0037940992776833906, 0.0009105838266439781, 0.04536976328054433, 0.03626392501410454, 0.03626392501410454, 0.019729316243952848, 0.07064612855046196, 0.02391041364785823, 0.039067574854925624, 0.00020715782080236967, 0.02215753978167013, 0.009105838266439781, 0.03521948536482979, 0.0207233702546043, 0.83999591303311, 0.8203152723071423, 0.014136778743334856, 0.83999591303311, 0.009561130179660218, 6.525850757615174e-05, 0.00018970496388416206, 8.347018410903128e-05, 6.14644082984685e-05, 0.0019274024330630862, 0.005668384320858907, 0.003794099277683389, 0.0037940992776833906, 0.017488172620763354, 0.006422241027094877, 0.02391041364785823, 0.003794099277683389, 0.039067574854925624, 0.039067574854925624, 0.0037940992776833906, 4.477037215358526e-06, 0.0034222775484702827, 0.0009908118989528127, 0.0012748173573015695, 0.0011382297833049727, 0.0016086980937376968, 0.0011898295334814646, 0.002891103649594629, 0.015145223071175395, 0.0032464009739157085, 0.0011247930377315286, 0.0011247930377315286, 0.0011247930377315286, 0.0021156049366843413, 0.0021156049366843413, 0.005211574767825704, 0.003936757410524134, 0.0011898295334814646, 0.12284519464874266, 0.03626392501410454, 0.7971329670242282, 0.058230090427841844, 0.058230090427841844, 0.7971329670242282, 0.0011247930377315286, 0.0011247930377315286, 0.0011247930377315286, 0.052091206584066185, 0.0021156049366843413, 0.0021156049366843413, 0.005211574767825704, 0.003936757410524134, 0.0037940992776833906, 0.0030161214266187647, 0.0034160194904865777, 0.0034160194904865777, 0.0011898295334814646, 0.0012141117688586373, 0.05698729526870888, 0.0012141117688586373, 0.0012141117688586373, 0.02112554477814045, 0.0640162435907885, 0.0016086980937376968, 0.0035824733539535636, 0.009105838266439781, 0.009105838266439781, 0.0037940992776833906, 0.0037940992776833906, 0.00852509997482602, 0.04536976328054433, 0.009105838266439781, 0.007815844512027622, 0.007815844512027622, 0.052358570032028706, 0.052358570032028706, 0.052358570032028706, 0.052358570032028706, 0.0037940992776833906, 0.009105838266439781, 0.009105838266439781, 0.09029956280886117, 0.0037940992776833906, 0.00852509997482602, 0.021068874391103262, 0.021068874391103262, 0.007880881007777413, 0.0011247930377315286, 0.0011247930377315286, 0.0009105838266439781, 0.0011247930377315286, 0.0021156049366843413, 0.0021156049366843413, 0.005211574767825704, 0.0006374086786507848, 0.0005691148916524863, 0.0008043490468688489, 0.0005949147667407323, 0.003936757410524134, 0.0011898295334814646, 0.0006070558844293186, 0.0006070558844293186, 0.0006070558844293186, 0.005211574767825498, 0.008794048121779061, 0.0035824733539535636, 0.052358570032028706, 0.0003035279422146593, 0.0012899937544123014, 0.018970496388416205, 0.018970496388416205, 0.04379686802748929, 0.06433992040548353, 0.07334507900817333, 0.010623477977458714, 0.0005311738988756538, 0.0003035279422146593, 0.0003035279422146593, 0.0005311738988756538, 0.010623477977458714, 0.0037940992776832414, 0.001289993754412301, 4.021745343019134e-05, 0.006422241027094877, 0.003895781138325153, 2.238518607679263e-06, 0.00020715782080236967, 0.00020715782080236967, 0.0019274024330630862, 0.0005842912884131352, 0.0009637012165315414, 0.0009105838266439781, 0.02391041364785823, 0.0019274024330630862, 0.009561130179660218, 0.0005311738988756538, 0.003187043393253923, 0.02391041364785823, 0.012755685889676599, 0.024282235377172744, 0.024282235377172744, 0.02112554477814045, 0.0019274024330630862, 0.010172663101310167, 0.0012899937547782292, 0.08339592517677374, 0.0018742850431755212, 0.011761707760818044, 0.06859754258647088, 0.0011898295334814646, 0.03731908402624895, 0.17432980718890434, 0.00044011551621125607, 0.052358570032028706, 0.0012899937544123023, 0.0005539384945417534, 0.00040976272198979015, 0.0006374086786507848, 0.0004401155162112562, 0.0005691148916524863, 0.0008043490468688489, 0.0005539384945417534, 0.0005949147667407323, 0.00040976272198979015, 4.477037215358526e-06, 4.477037215358526e-06, 0.0009105838266439781, 4.477037215358526e-06, 0.00044011551621125607, 0.003422951552360977, 0.0012899937544123023, 0.0005539384945417534, 0.00040976272198979015, 4.477037215358526e-06, 0.0034222775484702827, 4.477037215358526e-06, 0.00044011551621125607, 0.0012899937544123023, 0.0005539384945417534, 0.00040976272198979015, 4.477037215358526e-06, 0.0005311738988756538, 0.03626392501410454, 0.0037940992776833906, 0.07064612855046196, 0.03626392501410454, 0.009105838266439781, 0.03626392501410454, 0.0058186306522552125, 0.009105838266439781, 0.03626392501410454, 0.009105838266439781, 0.00020715782080236967, 0.00044011551621125607, 0.06280213182192984, 0.0009105838266439794, 0.0012899937544123014, 0.0013431111442455063, 0.06340918770635914, 0.02215753978167013, 0.0019274024330630862, 0.0005539384945417534, 0.014136778743334856, 0.13516676365153968, 0.03731908402624895, 0.02215753978167013, 0.02215753978167013, 0.00040976272198979015, 0.0003035279422146593, 0.03731908402624895, 0.02215753978167013, 0.0005311738988756538, 0.021068874391103262, 0.00044011551621125607, 0.020432155198759183, 0.0012899937544123023, 0.03731908402624895, 0.0005539384945417534, 0.0018742850431755212, 0.00040976272198979015, 0.06737916355859691, 0.033137986622296375, 0.009864658121976424, 0.009864658121976424, 0.0006070558844293186, 0.004021745234344235, 0.003794099277683387, 0.0006070558844293186, 0.0009105838266439781, 0.014417577255196316, 0.014417577255196316, 0.008794048121779061, 0.008794048121779061, 2.3093005948123237, 2.3093005948123237, 0.0006070558844293186, 0.00020715782080236967, 0.0005311738988756538, 0.002891103649594629, 0.0009105838266439794, 0.0037940992776833906, 0.0037940992776833906, 0.009561130179660218, 0.0003035279422146593, 0.03794099277683244, 0.0005311738988756538, 0.0005311738988756538, 0.0005311738988756538, 0.0005311738989300131, 0.0005311738989300131, 0.007880881007777413, 0.007880881007777413, 0.007880881007777413, 0.006890069108824604, 0.006890069108824604, 0.0025799875088246046, 0.0025799875088246046, 0.0003035279422146593, 0.07588198555366482, 0.0012141117688586373, 0.0006070558844293186, 0.0035824733539535636, 0.039067574854925624, 0.003895781138325153, 0.008794048121779061, 0.018970496388416205, 0.010623477977458714, 0.058230090427841844, 0.0030161214266187647, 0.009864658121976424, 0.7971329670242282, 0.014417577255196316, 4.477037215358526e-06, 0.00852509997482602, 0.007815844512027622, 0.03731908402624895, 0.020432155198759183, 0.0003035279422146593, 0.020432155198759183, 0.03731908402624895]","['GALt2pp', 'EX_cys__L_e', '2AGPGAT160', '3HAD120', '3HAD140', '3HAD160', '3OAR120', '3OAR160', '3OAS120', '3OAS160', 'ASPO6', 'CYSabcpp', 'CYSDS', 'CYStex', 'DHORD5', 'FADRx', 'GLYC3Pabcpp', 'GLYK', 'GND', 'HEX1', 'KAS15', 'LACZpp', 'G3PGabcpp', 'NAt3_1p5pp', 'NDPK5', 'P5CR', 'PDH', 'RNDR1', 'RNDR2', 'TRPS2', 'EAR60x', 'EAR100x', 'EAR120x', 'EAR140x', 'EAR160x']","['GALKr', 'GLCP', 'AACPS9', 'ACOAD1f', 'ACOAD2f', 'ACOAD3f', 'ACOAD4f', 'ACOAD5f', 'ACS', 'ALATA_L2', 'ALCD2x', 'AST', 'CYSS', 'CYTD', 'DCYTD', 'ETOHt2rpp', 'ETOHtex', 'DRPA', 'FACOAE80', 'FACOAL140t2pp', 'FACOAL181t2pp', 'DURIPP', 'FBP', 'ECOAH1', 'ECOAH2', 'ECOAH3', 'ECOAH4', 'ECOAH5', 'ECOAH6', 'ECOAH7', 'ECOAH8', 'GLUN', 'GLYC3Ptex', 'HACD1i', 'HACD2i', 'HACD3i', 'GLYCL', 'HACD4i', 'HACD5i', 'HACD6i', 'HACD7i', 'GLYCLTDy', 'GLYCtex', 'HACD8i', 'GMPR', 'ILEtex', 'INDOLEt2pp', 'INDOLEtex', 'ICL', 'ILEt2rpp', 'KAT1', 'ACACT11', 'ACACT8', 'ACACT13', 'ACACT10', 'ACACT9', 'LPLIPAL1G140pp', 'LPLIPAL1G160pp', 'LPLIPAL1G181pp', 'ACACT12', 'ACACT8r', 'LCTStex', 'LPLIPAL2G160', 'LYSt3pp', 'MACPD', 'ME1', 'NADPHQR3', 'G3PGtex', 'NTD1', 'G6PDA', 'NTD3', 'NTD4', 'NTD6', 'NTP3', 'P5CD', 'NTPP2', 'NTPP3', 'NTPP4', 'NTPP5', 'NTPP6', 'NTPP7', 'NTPP8', 'OAADC', 'CTECOAI8', 'PAPSR', 'PLIPA2G140pp', 'PLIPA2G160pp', 'PLIPA2G181pp', 'PG181abcpp', 'PPM2', 'PUNP2', 'PYAM5PO', 'PYK', 'PGPP160', 'SADH', 'SERAT', 'SULR', 'SGDS', 'SGSAD', 'PGPP181', 'SO4tex', 'SOTA', 'SUCCtex', 'SULabcpp', 'UDPG4E', 'UGLT', 'ZN2abcpp', 'ZNabcpp', 'UPPRT', 'URIK2', 'EX_etoh_e', 'EX_g3pg_e', 'EX_lcts_e', 'EX_glyc3p_e', 'EX_glyc_e', 'EX_ile__L_e', 'EX_indole_e', 'EX_so4_e', 'EX_succ_e', 'SUCCt3pp', 'PAPSSH']","['DHAD1', 'DHAD2', 'GHMT2r', 'AACPS3', '3HAD100', '3HAD40', 'ACHBS', '3HAD60', 'ACLS', '3HAD80', '3OAR100', '3OAR140', 'ACOAD6f', 'ACOAD7f', '3OAR40', 'ACOATA', '3OAR60', '3OAR80', '3OAS100', '3OAS140', '3OAS60', '3OAS80', 'ADCL', 'ADCS', 'ADMDC', 'ADSL1r', 'ADSL2r', 'ADSS', 'ANPRT', 'ANS', 'AGMHE', 'AICART', 'AIRC2', 'AIRC3', 'ASNS2', 'ASPCT', 'ATPPRT', 'CAT', 'CBPS', 'CLPNS140pp', 'CLPNS160pp', 'CLPNS161pp', 'CLPNS181pp', 'DHFR', 'DHFS', 'DHNPA2r', 'DHORD2', 'DHORTS', 'DHPS2', 'DNTPPA', 'DPCOAK', 'FACOAL160t2pp', 'FACOAL161t2pp', 'GLUPRT', 'H2St1pp', 'H2Stex', 'GLYCtpp', 'GMHEPAT', 'HCO3E', 'GMHEPK', 'GMHEPPA', 'CTECOAI7', 'HISTD', 'HISTP', 'GTPCI', 'HPPK2', 'IMPC', 'HSTPT', 'IPMD', 'IPPMIa', 'IPPMIb', 'IPPS', 'IG3PS', 'IGPDH', 'KARA1', 'IGPS', 'KARA2', 'ILETA', 'G1PACT', 'LPLIPAL1G161pp', 'KDOCT2', 'KDOPP', 'KDOPS', 'LCTStpp', 'LEUTAi', 'LPADSS', 'LYStex', 'G3PD2', 'METabcpp', 'METAT', 'MOAT', 'MOAT2', 'MTAN', 'METtex', 'MTHFR2', 'NADK', 'NNATr', 'NNDPR', 'NDPK8', 'OMPDC', 'ORNDC', 'ORPT', 'PE140abcpp', 'OMCDC', 'PE160abcpp', 'PE161abcpp', 'PE181abcpp', 'PG140abcpp', 'PLIPA2G161pp', 'PG161abcpp', 'PNTK', 'PNTOt4pp', 'PGAMT', 'PNTOtex', 'PSD140', 'PGMT', 'PSD160', 'PSD161', 'PSD181', 'PPCDC', 'PPNCL2', 'PSSA140', 'PSSA160', 'PSSA161', 'PSSA181', 'PTPATi', 'PRAGSr', 'PRAIi', 'PRAIS', 'PRAMPC', 'PRASCSi', 'PRATPP', 'PRFGS', 'PRMICI', 'QULNS', 'PGPP140', 'PRPPS', 'RNDR4', 'RPI', 'PGPP161', 'SERD_L', 'TDSK', 'SPMS', 'THRD_L', 'PGSA140', 'PGSA160', 'PGSA161', 'TMDS', 'PGSA181', 'TPI', 'TRDR', 'TYRt2rpp', 'TYRtex', 'U23GAAT', 'TRPS3', 'UAGAAT', 'UAGDP', 'PHEt2rpp', 'PHEtex', 'UHGADA', 'NADS1', 'GALUi', 'URIDK2r', 'DNMPPA', 'GCALDD', 'USHD', 'VALTA', 'MTRK', 'MTRI', 'MDRPD', 'ARD', 'UNK3', 'EAR40x', 'EAR80x', 'LPS_YPtetra', 'BIOMASS_37C', 'S7PI', 'A5PISO', 'LACZ', 'EX_lys__L_e', 'EX_met__L_e', 'EX_tyr__L_e', 'EX_h2s_e', 'EX_phe__L_e', 'EX_pnto__R_e', 'KOKDO_LIPAtetra']",CYSabcpp,SULabcpp,16.836282193588424,1,342,186,-54.0,1.7729867024859072,iPC815,PSL,False,False,0.0,0.0,0.0,0.0
34,"['GALKr', 'GALt2pp', 'GART', 'DHAD1', 'DHAD2', 'EX_cys__L_e', 'GHMT2r', 'GLCP', '2AGPGAT160', 'AACPS3', 'AACPS7', 'AACPS9', '3HAD100', '3HAD120', '3HAD140', '3HAD160', '3HAD40', 'ACHBS', '3HAD60', 'ACLS', '3HAD80', '3OAR100', 'ACOAD1f', '3OAR120', '3OAR140', 'ACOAD2f', 'ACOAD3f', 'ACOAD4f', '3OAR160', 'ACOAD5f', 'ACOAD6f', 'ACOAD7f', '3OAR40', 'ACOATA', '3OAR60', '3OAR80', '3OAS100', '3OAS120', '3OAS140', '3OAS160', '3OAS60', '3OAS80', 'ACS', 'ADCL', 'ADCS', 'ADMDC', 'AMPN', 'ADSL1r', 'ADSL2r', 'ADSS', 'ANPRT', 'ANS', 'AGMHE', 'AICART', 'AIRC2', 'AIRC3', 'ASNS2', 'ASPCT', 'ALCD2x', 'ASPO6', 'ASPT', 'AST', 'ATPPRT', 'CBPS', 'CYSabcpp', 'CYSDS', 'CYSS', 'CYStex', 'CYTBO3_4pp', 'CYTD', 'CLPNS140pp', 'CLPNS160pp', 'CLPNS161pp', 'CLPNS181pp', 'DB4PS', 'DCYTD', 'DHFR', 'DHFS', 'DHNPA2r', 'DHORD2', 'DHORD5', 'DHORTS', 'DHPS2', 'ETOHt2rpp', 'ETOHtex', 'FACOAE120', 'DNTPPA', 'DPCOAK', 'DRPA', 'FACOAE80', 'FACOAL140t2pp', 'FACOAL160t2pp', 'FACOAL181t2pp', 'DURIPP', 'FADRx', 'FBP', 'ECOAH1', 'ECOAH2', 'ECOAH3', 'ECOAH4', 'ECOAH5', 'ECOAH6', 'ECOAH7', 'ECOAH8', 'GLUN', 'GLUPRT', 'GLYAT', 'H2St1pp', 'GLYC3Pabcpp', 'GLYC3Ptex', 'H2Stex', 'HACD1i', 'HACD2i', 'HACD3i', 'GLYCL', 'HACD4i', 'HACD5i', 'HACD6i', 'HACD7i', 'GLYCLTDy', 'GLYCtex', 'GLYCtpp', 'GLYK', 'HACD8i', 'GMHEPAT', 'HCO3E', 'GMHEPK', 'GMHEPPA', 'GMPR', 'GND', 'CTECOAI7', 'HEX1', 'HISTD', 'HISTP', 'GTPCI', 'HPPK2', 'ILEtex', 'IMPC', 'HSTPT', 'INDOLEt2pp', 'INDOLEtex', 'IPMD', 'IPPMIa', 'IPPMIb', 'IPPS', 'ICL', 'IG3PS', 'IGPDH', 'KARA1', 'IGPS', 'ILEt2rpp', 'KARA2', 'ILETA', 'KAS15', 'KAT1', 'ACACT11', 'G1PACT', 'ACACT8', 'ACACT13', 'ACACT10', 'ACACT9', 'LPLIPAL1G140pp', 'LPLIPAL1G160pp', 'LPLIPAL1G161pp', 'LPLIPAL1G181pp', 'ACACT12', 'ACACT8r', 'KDOCT2', 'KDOPP', 'KDOPS', 'LACZpp', 'LCTStex', 'LCTStpp', 'LEUTAi', 'LPADSS', 'LPLIPAL2G160', 'LYSt3pp', 'LYStex', 'MACPD', 'G3PD2', 'ME1', 'METabcpp', 'METAT', 'MOAT', 'MOAT2', 'MTAN', 'MTHFC', 'METtex', 'MTHFD', 'MTHFR2', 'G3PGabcpp', 'NADK', 'NADPHQR3', 'G3PGtex', 'NI2uabcpp', 'NAt3_1p5pp', 'NNATr', 'NNDPR', 'NDPK5', 'NDPK8', 'NI2abcpp', 'NTD1', 'G6PDA', 'OMPDC', 'NTD3', 'NTD4', 'ORNDC', 'ORPT', 'NTP3', 'P5CD', 'P5CR', 'NTPP2', 'NTPP3', 'NTPP4', 'NTPP5', 'NTPP6', 'NTPP7', 'NTPP8', 'OAADC', 'CTECOAI8', 'PAPSR', 'PAPSR2', 'PDH', 'PE140abcpp', 'OMCDC', 'PE160abcpp', 'PE161abcpp', 'PE181abcpp', 'PLIPA2G140pp', 'PG140abcpp', 'PLIPA2G160pp', 'PLIPA2G161pp', 'PG161abcpp', 'PLIPA2G181pp', 'PG181abcpp', 'PNTK', 'PNTOt4pp', 'PGAMT', 'PNTOtex', 'PSD140', 'PGMT', 'PSD160', 'PSD161', 'PPC', 'PSD181', 'PPCDC', 'PPM2', 'PPNCL2', 'PSSA140', 'PSSA160', 'PSSA161', 'PSSA181', 'PTPATi', 'PRAGSr', 'PRAIi', 'PRAIS', 'PRAMPC', 'PRASCSi', 'PRATPP', 'PRFGS', 'PRMICI', 'QULNS', 'PGPP140', 'RBFSa', 'PRPPS', 'RNDR4b', 'PGPP160', 'RPI', 'SADH', 'RNDR1b', 'RNDR2', 'PGPP161', 'SERAT', 'SERD_L', 'SULR', 'SGDS', 'SGSAD', 'PGPP181', 'TDSK', 'SO4tex', 'SOTA', 'SPMS', 'THRA', 'THRD', 'THRD_L', 'PGSA140', 'SUCCtex', 'PGSA160', 'SULabcpp', 'PGSA161', 'TMDS', 'PGSA181', 'TPI', 'TRDR', 'TYRt2rpp', 'TYRtex', 'U23GAAT', 'TRPS2', 'TRPS3', 'UAGAAT', 'UAGDP', 'PHEt2rpp', 'PHEtex', 'UDPG4E', 'UGLT', 'UHGADA', 'NADS1', 'GALUi', 'UPPRT', 'URIDK2r', 'DNMPPA', 'GCALDD', 'URIK2', 'USHD', 'MTRK', 'MTRI', 'MDRPD', 'ENOPH', 'ARD', 'UNK3', 'EAR40x', 'EAR60x', 'EAR80x', 'EAR100x', 'EAR120x', 'EAR140x', 'EAR160x', 'LPS_YPtetra', 'BIOMASS_37C', 'S7PI', 'A5PISO', 'LACZ', 'EX_etoh_e', 'EX_g3pg_e', 'EX_lcts_e', 'EX_lys__L_e', 'EX_met__L_e', 'EX_glyc3p_e', 'EX_glyc_e', 'EX_tyr__L_e', 'EX_h2s_e', 'EX_phe__L_e', 'EX_pnto__R_e', 'EX_ile__L_e', 'EX_indole_e', 'EX_so4_e', 'EX_succ_e', 'KOKDO_LIPAtetra', 'SUCCt3pp', 'PAPSSH']","[-0.00879570456311285, -0.00521156514893617, -0.036264616901635946, -0.09029939614493776, -0.021067350585521935, 0.8399959130281003, -0.10312918020133566, 0.011685804206991945, -0.0012899913734991104, 0.0025799827469982217, 0.0030959720720008365, 0.0009907859068502996, -0.006890064346998251, -0.0068900643469982205, -0.002579982746998221, -0.002579982746998221, -0.007880850253848548, -0.021067350585521935, -0.007880850253848548, -0.09029939614493776, -0.007880850253848548, -0.0068900643469760325, 0.0011248071700720175, -0.0068900643469760325, -0.0037940922750294703, 0.0011248071700720175, 0.0011248071700720175, 0.0021155930769509723, -0.00257998274696547, 0.0021155930769509723, 0.0052115651488975345, 0.0023280550199160643, -0.007880850253854987, -0.04379675447751197, -0.007880850253854987, -0.007880850253854987, -0.006890064346998251, -0.0068900643469982205, -0.0037940922749973845, -0.002579982746998221, -0.007880850253848548, -0.007880850253848548, 0.013529734211519689, -0.0037940922749974907, -0.0037940922749974907, -0.0005311729184996339, 0.0005311729184996339, -0.02424417375596022, -0.036264616901689806, -0.02424417375598914, 0.0037940922749974907, 0.0037940922749974907, -0.0009105821459993728, -0.04537043836160137, -0.036264616901635946, 0.036264616901689806, -0.019729279829986394, -0.02391036951693195, -0.03906552828630083, -0.0002071574382140895, 0.125450750491743, 0.022157498885984735, -0.009105821459993727, -0.020723332005934153, -0.8399959130281003, -0.8203152723022005, 0.014136788975519279, -0.8399959130281331, -0.012272553063532143, 0.00956111253289186, -6.525838705329079e-05, -0.00018970461371736747, -8.347003006292653e-05, -6.146429495856864e-05, -1.51763690999434e-06, 0.001927398875698671, -0.005668373858839004, -0.0037940922749974907, -0.0037940922749974907, -0.01748875227293307, -0.006421617243999034, 0.023910369516897845, -0.0037940922749974907, -0.03906552828630083, -0.03906552828630083, 0.003095972072000836, -0.0037940922749974907, -4.477028884338306e-06, 0.002891098313548006, 0.0009907859068502996, 0.0012748150043991216, 0.001138227682499216, 0.00118982733743918, 0.002891098313511975, -0.015145227833001776, 0.0032497403266980723, -0.0011248071700720175, -0.0011248071700720175, -0.0011248071700720175, -0.0021155930769509723, -0.0021155930769509723, -0.0052115651488975345, -0.003936750144589496, -0.0011898273373844859, 0.12284648555418565, -0.036264616901635946, -0.0137280219026934, -0.7971332990468742, -0.05823074177363605, -0.058230741773627415, 0.7971332990468909, 0.0011248071700852753, 0.0011248071700852753, 0.0011248071700852753, 0.05209036798080702, 0.002115593076935575, 0.002115593076935575, 0.005211565148936411, 0.003936750144537289, 0.003794092274997489, -0.003010942806440653, 0.0034108401322328064, -0.0034108401321781296, 0.00118982733743918, -0.0012141095279991636, -0.05698794890747649, -0.0012141095279991636, -0.0012141095279991636, 0.021126264605640533, -0.06454957481169998, 0.001608695124598894, -0.0035841394141580274, -0.009105821459993727, -0.009105821459993727, -0.0037940922749974907, -0.0037940922749974907, -0.008526569159471364, 0.04537043836160137, -0.009105821459993727, 0.007815830086494719, -0.007815830086542519, -0.05235847339496391, 0.05235847339497468, 0.05235847339497468, -0.05235847339496391, 0.003794092274997489, -0.009105821459993727, -0.009105821459993727, 0.09029939614492832, 0.0037940922749974907, -0.008526569159471364, -0.02106735058544018, 0.02106735058544018, -0.007880850253848548, 0.0011248071700852753, 0.0011248071700852753, -0.0009105821459993728, 0.0011248071700852753, 0.002115593076935575, 0.002115593076935575, 0.005211565148936411, 0.0006374075021995608, 0.000569113841249608, 0.0008043475622994457, 0.00059491366871959, 0.003936750144537289, 0.00118982733743918, -0.0006070547639995818, -0.0006070547639995818, -0.0006070547639995818, -0.00521156514893617, -0.00879570456311285, -0.003584139414215315, -0.05235847339496391, -0.0003035273819997909, 0.0012899913734991104, 0.018970461374986924, -0.018970461375033665, 0.04379675447753772, -0.06433538742112432, 0.07334519655463723, -0.010623458369992678, -0.0005311729184996339, -0.0003035273819997909, -0.0003035273819997909, -0.0005311729184996339, -0.04537043836160137, -0.010623458369991567, -0.04537043836160137, -0.003794092274997385, -0.0012899913734991104, -4.0217378114642107e-05, 0.006421617243999034, -0.0038957739479883458, 2.306390045689548, -2.238514442169153e-06, -0.00020715743823984667, -0.0002071574382140895, -0.0019273988756367544, -0.0011154631295084982, 2.306390045689548, 0.0009636994378493338, 0.0009105821459993728, -0.02391036951693195, 0.001927398875698671, 0.00956111253289186, -0.0031870375109978033, 0.023910369516897845, 0.012755662347337784, 0.024282190559983263, -0.024282190559983263, 0.021126264605640533, 0.001927398875698671, 0.010172644325781053, 0.0007588184543010357, 0.08392768287686625, 0.0018742815838487083, 0.01176168605249189, 0.07441603589042423, 0.00118982733743918, 0.03453389850099743, 0.0027848637298480833, -0.1738003196932154, -0.0004401147038996967, -0.05235847339496391, -0.0012899913734991113, -0.0005539374721496185, -0.0004097619656997177, 0.0006374075021995608, 0.0004401147038996967, 0.000569113841249608, 0.0008043475622994457, 0.0005539374721496186, 0.00059491366871959, 0.0004097619656997177, -4.477028884338306e-06, -4.477028884338306e-06, 0.0009105821459343133, -4.477028937799332e-06, -0.0004401147038996967, 0.003421272562377453, -0.0012899913734991113, -0.0005539374721496185, 0.005818619912935752, -0.0004097619656997177, -4.477028884338306e-06, 0.002891098313511975, -4.477028884338306e-06, -0.0004401147038996967, -0.0012899913734991113, -0.0005539374721496185, -0.0004097619656997177, -4.477028884338306e-06, -0.036264616901689806, 0.0037940922749974907, -0.036264616901635946, -0.009105821459993727, -0.036264616901635946, -0.009105821459993727, -0.036264616901635946, -0.009105821460025254, -0.0002071574382140895, 0.0004401147038996968, -1.51763690999434e-06, -0.0628027747283113, -0.0009105821459993741, 0.0012899913734991109, 0.06394100241084288, 0.022157498885984735, -0.0018742815838487083, -0.001927398875698671, 0.0005539374721496186, 0.014136788975520176, 0.1351664942125348, 0.037318762230845515, 0.022157498885984735, 0.022157498885984735, 0.0004097619656997177, -0.0003035273819997909, 0.03731876223082509, 0.022157498885984735, -0.0005311729184996339, 0.03617442997267517, 0.013728021902749798, -0.021067350585521935, 0.00044011470390614704, -0.020431864569559366, 0.001289991373596422, 0.037318762230845515, 0.0005539374722047796, -0.0018742815838487083, 0.000409761965670441, -0.06737797030962156, 0.03260649962529876, -0.00986463991500841, -0.00986463991500841, -0.0006070547639995818, -0.004021737811497228, 0.0037940922749974907, -0.0006070547639183133, -0.0009105821459993728, -0.014417550645021038, -0.014417550645021038, 0.00879570456311285, -0.00879570456311285, -0.0006070547639995818, -0.0002071574382140895, -0.0005311729184996339, 0.002891098313548006, 0.0009105821460480001, -0.0037940922749974907, -0.0037940922749974907, 0.00956111253289186, -0.0003035273819997909, -0.0005311729184996339, -0.0005311729184995784, -0.0005311729184996339, -0.0005311729184996339, -0.0005311729184996339, -0.0005311729184996339, -0.007880850253848548, -0.007880850253848548, -0.007880850253848548, -0.0068900643469982205, -0.0068900643469982205, -0.002579982746998221, -0.002579982746998221, -0.0003035273819997909, -0.0758818454999477, -0.0012141095280640002, -0.0006070547639183133, -0.003584139414215315, 0.039065528286299445, 0.003895773947967315, 0.008795704563094198, 0.018970461374986924, 0.010623458369992678, 0.05823074177363605, 0.0030109428063934056, 0.00986463991499309, -0.7971332990468742, 0.014417550644990396, 4.477028937799332e-06, 0.008526569159457667, 0.007815830086494719, -0.03731876223082509, 0.020431864569584228, -0.0003035273819997909, 0.020431864569584228, 0.03731876223082509]","[0.00879570456311285, 0.00521156514893617, 0.036264616901635946, 0.09029939614493776, 0.021067350585521935, 0.8399959130281003, 0.10312918020133566, 0.011685804206991945, 0.0012899913734991104, 0.0025799827469982217, 0.0030959720720008365, 0.0009907859068502996, 0.006890064346998251, 0.0068900643469982205, 0.002579982746998221, 0.002579982746998221, 0.007880850253848548, 0.021067350585521935, 0.007880850253848548, 0.09029939614493776, 0.007880850253848548, 0.0068900643469760325, 0.0011248071700720175, 0.0068900643469760325, 0.0037940922750294703, 0.0011248071700720175, 0.0011248071700720175, 0.0021155930769509723, 0.00257998274696547, 0.0021155930769509723, 0.0052115651488975345, 0.0023280550199160643, 0.007880850253854987, 0.04379675447751197, 0.007880850253854987, 0.007880850253854987, 0.006890064346998251, 0.0068900643469982205, 0.0037940922749973845, 0.002579982746998221, 0.007880850253848548, 0.007880850253848548, 0.013529734211519689, 0.0037940922749974907, 0.0037940922749974907, 0.0005311729184996339, 0.0005311729184996339, 0.02424417375596022, 0.036264616901689806, 0.02424417375598914, 0.0037940922749974907, 0.0037940922749974907, 0.0009105821459993728, 0.04537043836160137, 0.036264616901635946, 0.036264616901689806, 0.019729279829986394, 0.02391036951693195, 0.03906552828630083, 0.0002071574382140895, 0.125450750491743, 0.022157498885984735, 0.009105821459993727, 0.020723332005934153, 0.8399959130281003, 0.8203152723022005, 0.014136788975519279, 0.8399959130281331, 0.012272553063532143, 0.00956111253289186, 6.525838705329079e-05, 0.00018970461371736747, 8.347003006292653e-05, 6.146429495856864e-05, 1.51763690999434e-06, 0.001927398875698671, 0.005668373858839004, 0.0037940922749974907, 0.0037940922749974907, 0.01748875227293307, 0.006421617243999034, 0.023910369516897845, 0.0037940922749974907, 0.03906552828630083, 0.03906552828630083, 0.003095972072000836, 0.0037940922749974907, 4.477028884338306e-06, 0.002891098313548006, 0.0009907859068502996, 0.0012748150043991216, 0.001138227682499216, 0.00118982733743918, 0.002891098313511975, 0.015145227833001776, 0.0032497403266980723, 0.0011248071700720175, 0.0011248071700720175, 0.0011248071700720175, 0.0021155930769509723, 0.0021155930769509723, 0.0052115651488975345, 0.003936750144589496, 0.0011898273373844859, 0.12284648555418565, 0.036264616901635946, 0.0137280219026934, 0.7971332990468742, 0.05823074177363605, 0.058230741773627415, 0.7971332990468909, 0.0011248071700852753, 0.0011248071700852753, 0.0011248071700852753, 0.05209036798080702, 0.002115593076935575, 0.002115593076935575, 0.005211565148936411, 0.003936750144537289, 0.003794092274997489, 0.003010942806440653, 0.0034108401322328064, 0.0034108401321781296, 0.00118982733743918, 0.0012141095279991636, 0.05698794890747649, 0.0012141095279991636, 0.0012141095279991636, 0.021126264605640533, 0.06454957481169998, 0.001608695124598894, 0.0035841394141580274, 0.009105821459993727, 0.009105821459993727, 0.0037940922749974907, 0.0037940922749974907, 0.008526569159471364, 0.04537043836160137, 0.009105821459993727, 0.007815830086494719, 0.007815830086542519, 0.05235847339496391, 0.05235847339497468, 0.05235847339497468, 0.05235847339496391, 0.003794092274997489, 0.009105821459993727, 0.009105821459993727, 0.09029939614492832, 0.0037940922749974907, 0.008526569159471364, 0.02106735058544018, 0.02106735058544018, 0.007880850253848548, 0.0011248071700852753, 0.0011248071700852753, 0.0009105821459993728, 0.0011248071700852753, 0.002115593076935575, 0.002115593076935575, 0.005211565148936411, 0.0006374075021995608, 0.000569113841249608, 0.0008043475622994457, 0.00059491366871959, 0.003936750144537289, 0.00118982733743918, 0.0006070547639995818, 0.0006070547639995818, 0.0006070547639995818, 0.00521156514893617, 0.00879570456311285, 0.003584139414215315, 0.05235847339496391, 0.0003035273819997909, 0.0012899913734991104, 0.018970461374986924, 0.018970461375033665, 0.04379675447753772, 0.06433538742112432, 0.07334519655463723, 0.010623458369992678, 0.0005311729184996339, 0.0003035273819997909, 0.0003035273819997909, 0.0005311729184996339, 0.04537043836160137, 0.010623458369991567, 0.04537043836160137, 0.003794092274997385, 0.0012899913734991104, 4.0217378114642107e-05, 0.006421617243999034, 0.0038957739479883458, 2.306390045689548, 2.238514442169153e-06, 0.00020715743823984667, 0.0002071574382140895, 0.0019273988756367544, 0.0011154631295084982, 2.306390045689548, 0.0009636994378493338, 0.0009105821459993728, 0.02391036951693195, 0.001927398875698671, 0.00956111253289186, 0.0031870375109978033, 0.023910369516897845, 0.012755662347337784, 0.024282190559983263, 0.024282190559983263, 0.021126264605640533, 0.001927398875698671, 0.010172644325781053, 0.0007588184543010357, 0.08392768287686625, 0.0018742815838487083, 0.01176168605249189, 0.07441603589042423, 0.00118982733743918, 0.03453389850099743, 0.0027848637298480833, 0.1738003196932154, 0.0004401147038996967, 0.05235847339496391, 0.0012899913734991113, 0.0005539374721496185, 0.0004097619656997177, 0.0006374075021995608, 0.0004401147038996967, 0.000569113841249608, 0.0008043475622994457, 0.0005539374721496186, 0.00059491366871959, 0.0004097619656997177, 4.477028884338306e-06, 4.477028884338306e-06, 0.0009105821459343133, 4.477028937799332e-06, 0.0004401147038996967, 0.003421272562377453, 0.0012899913734991113, 0.0005539374721496185, 0.005818619912935752, 0.0004097619656997177, 4.477028884338306e-06, 0.002891098313511975, 4.477028884338306e-06, 0.0004401147038996967, 0.0012899913734991113, 0.0005539374721496185, 0.0004097619656997177, 4.477028884338306e-06, 0.036264616901689806, 0.0037940922749974907, 0.036264616901635946, 0.009105821459993727, 0.036264616901635946, 0.009105821459993727, 0.036264616901635946, 0.009105821460025254, 0.0002071574382140895, 0.0004401147038996968, 1.51763690999434e-06, 0.0628027747283113, 0.0009105821459993741, 0.0012899913734991109, 0.06394100241084288, 0.022157498885984735, 0.0018742815838487083, 0.001927398875698671, 0.0005539374721496186, 0.014136788975520176, 0.1351664942125348, 0.037318762230845515, 0.022157498885984735, 0.022157498885984735, 0.0004097619656997177, 0.0003035273819997909, 0.03731876223082509, 0.022157498885984735, 0.0005311729184996339, 0.03617442997267517, 0.013728021902749798, 0.021067350585521935, 0.00044011470390614704, 0.020431864569559366, 0.001289991373596422, 0.037318762230845515, 0.0005539374722047796, 0.0018742815838487083, 0.000409761965670441, 0.06737797030962156, 0.03260649962529876, 0.00986463991500841, 0.00986463991500841, 0.0006070547639995818, 0.004021737811497228, 0.0037940922749974907, 0.0006070547639183133, 0.0009105821459993728, 0.014417550645021038, 0.014417550645021038, 0.00879570456311285, 0.00879570456311285, 0.0006070547639995818, 0.0002071574382140895, 0.0005311729184996339, 0.002891098313548006, 0.0009105821460480001, 0.0037940922749974907, 0.0037940922749974907, 0.00956111253289186, 0.0003035273819997909, 0.0005311729184996339, 0.0005311729184995784, 0.0005311729184996339, 0.0005311729184996339, 0.0005311729184996339, 0.0005311729184996339, 0.007880850253848548, 0.007880850253848548, 0.007880850253848548, 0.0068900643469982205, 0.0068900643469982205, 0.002579982746998221, 0.002579982746998221, 0.0003035273819997909, 0.0758818454999477, 0.0012141095280640002, 0.0006070547639183133, 0.003584139414215315, 0.039065528286299445, 0.003895773947967315, 0.008795704563094198, 0.018970461374986924, 0.010623458369992678, 0.05823074177363605, 0.0030109428063934056, 0.00986463991499309, 0.7971332990468742, 0.014417550644990396, 4.477028937799332e-06, 0.008526569159457667, 0.007815830086494719, 0.03731876223082509, 0.020431864569584228, 0.0003035273819997909, 0.020431864569584228, 0.03731876223082509]","['GALt2pp', 'GART', 'EX_cys__L_e', '2AGPGAT160', '3HAD120', '3HAD140', '3HAD160', '3OAR120', '3OAR160', '3OAS120', '3OAS160', 'ASPO6', 'CYSabcpp', 'CYSDS', 'CYStex', 'CYTBO3_4pp', 'DHORD5', 'FADRx', 'GLYC3Pabcpp', 'GLYK', 'GND', 'HEX1', 'KAS15', 'LACZpp', 'G3PGabcpp', 'NAt3_1p5pp', 'P5CR', 'PDH', 'RNDR4b', 'RNDR1b', 'ENOPH', 'EAR100x', 'EAR120x', 'EAR140x', 'EAR160x']","['GALKr', 'GLCP', 'AACPS9', 'ACOAD1f', 'ACOAD2f', 'ACOAD3f', 'ACOAD4f', 'ACOAD5f', 'ACS', 'AMPN', 'ALCD2x', 'ASPT', 'AST', 'CYSS', 'CYTD', 'DCYTD', 'ETOHt2rpp', 'ETOHtex', 'DRPA', 'FACOAE80', 'FACOAL140t2pp', 'FACOAL181t2pp', 'DURIPP', 'FBP', 'ECOAH1', 'ECOAH2', 'ECOAH3', 'ECOAH4', 'ECOAH5', 'ECOAH6', 'ECOAH7', 'ECOAH8', 'GLUN', 'GLYAT', 'GLYC3Ptex', 'HACD1i', 'HACD2i', 'HACD3i', 'HACD4i', 'HACD5i', 'HACD6i', 'HACD7i', 'GLYCLTDy', 'GLYCtex', 'HACD8i', 'GMPR', 'ILEtex', 'INDOLEt2pp', 'INDOLEtex', 'ICL', 'ILEt2rpp', 'KAT1', 'ACACT11', 'ACACT8', 'ACACT13', 'ACACT10', 'ACACT9', 'LPLIPAL1G140pp', 'LPLIPAL1G160pp', 'LPLIPAL1G161pp', 'LPLIPAL1G181pp', 'ACACT12', 'ACACT8r', 'LCTStex', 'LPLIPAL2G160', 'LYSt3pp', 'MACPD', 'ME1', 'NADPHQR3', 'G3PGtex', 'NI2uabcpp', 'NI2abcpp', 'NTD1', 'G6PDA', 'NTD3', 'NTD4', 'NTP3', 'P5CD', 'NTPP2', 'NTPP3', 'NTPP4', 'NTPP5', 'NTPP6', 'NTPP7', 'NTPP8', 'OAADC', 'CTECOAI8', 'PAPSR', 'PAPSR2', 'PLIPA2G140pp', 'PG140abcpp', 'PLIPA2G160pp', 'PLIPA2G161pp', 'PLIPA2G181pp', 'PG181abcpp', 'PPC', 'PPM2', 'PGPP140', 'SADH', 'SERAT', 'SULR', 'SGDS', 'SGSAD', 'PGPP181', 'SO4tex', 'SOTA', 'THRD', 'SUCCtex', 'SULabcpp', 'UDPG4E', 'UGLT', 'UPPRT', 'URIK2', 'EX_etoh_e', 'EX_g3pg_e', 'EX_lcts_e', 'EX_glyc3p_e', 'EX_glyc_e', 'EX_ile__L_e', 'EX_indole_e', 'EX_so4_e', 'EX_succ_e', 'SUCCt3pp', 'PAPSSH']","['DHAD1', 'DHAD2', 'GHMT2r', 'AACPS3', 'AACPS7', '3HAD100', '3HAD40', 'ACHBS', '3HAD60', 'ACLS', '3HAD80', '3OAR100', '3OAR140', 'ACOAD6f', 'ACOAD7f', '3OAR40', 'ACOATA', '3OAR60', '3OAR80', '3OAS100', '3OAS140', '3OAS60', '3OAS80', 'ADCL', 'ADCS', 'ADMDC', 'ADSL1r', 'ADSL2r', 'ADSS', 'ANPRT', 'ANS', 'AGMHE', 'AICART', 'AIRC2', 'AIRC3', 'ASNS2', 'ASPCT', 'ATPPRT', 'CBPS', 'CLPNS140pp', 'CLPNS160pp', 'CLPNS161pp', 'CLPNS181pp', 'DB4PS', 'DHFR', 'DHFS', 'DHNPA2r', 'DHORD2', 'DHORTS', 'DHPS2', 'FACOAE120', 'DNTPPA', 'DPCOAK', 'FACOAL160t2pp', 'GLUPRT', 'H2St1pp', 'H2Stex', 'GLYCL', 'GLYCtpp', 'GMHEPAT', 'HCO3E', 'GMHEPK', 'GMHEPPA', 'CTECOAI7', 'HISTD', 'HISTP', 'GTPCI', 'HPPK2', 'IMPC', 'HSTPT', 'IPMD', 'IPPMIa', 'IPPMIb', 'IPPS', 'IG3PS', 'IGPDH', 'KARA1', 'IGPS', 'KARA2', 'ILETA', 'G1PACT', 'KDOCT2', 'KDOPP', 'KDOPS', 'LCTStpp', 'LEUTAi', 'LPADSS', 'LYStex', 'G3PD2', 'METabcpp', 'METAT', 'MOAT', 'MOAT2', 'MTAN', 'MTHFC', 'METtex', 'MTHFD', 'MTHFR2', 'NADK', 'NNATr', 'NNDPR', 'NDPK5', 'NDPK8', 'OMPDC', 'ORNDC', 'ORPT', 'PE140abcpp', 'OMCDC', 'PE160abcpp', 'PE161abcpp', 'PE181abcpp', 'PG161abcpp', 'PNTK', 'PNTOt4pp', 'PGAMT', 'PNTOtex', 'PSD140', 'PGMT', 'PSD160', 'PSD161', 'PSD181', 'PPCDC', 'PPNCL2', 'PSSA140', 'PSSA160', 'PSSA161', 'PSSA181', 'PTPATi', 'PRAGSr', 'PRAIi', 'PRAIS', 'PRAMPC', 'PRASCSi', 'PRATPP', 'PRFGS', 'PRMICI', 'QULNS', 'RBFSa', 'PRPPS', 'PGPP160', 'RPI', 'RNDR2', 'PGPP161', 'SERD_L', 'TDSK', 'SPMS', 'THRA', 'THRD_L', 'PGSA140', 'PGSA160', 'PGSA161', 'TMDS', 'PGSA181', 'TPI', 'TRDR', 'TYRt2rpp', 'TYRtex', 'U23GAAT', 'TRPS2', 'TRPS3', 'UAGAAT', 'UAGDP', 'PHEt2rpp', 'PHEtex', 'UHGADA', 'NADS1', 'GALUi', 'URIDK2r', 'DNMPPA', 'GCALDD', 'USHD', 'MTRK', 'MTRI', 'MDRPD', 'ARD', 'UNK3', 'EAR40x', 'EAR60x', 'EAR80x', 'LPS_YPtetra', 'BIOMASS_37C', 'S7PI', 'A5PISO', 'LACZ', 'EX_lys__L_e', 'EX_met__L_e', 'EX_tyr__L_e', 'EX_h2s_e', 'EX_phe__L_e', 'EX_pnto__R_e', 'KOKDO_LIPAtetra']",CYSabcpp,PAPSSH,16.836289902209252,1,350,191,-62.0,1.582270951740695,iPC815,PSL,False,False,0.0,0.0,0.0,0.0
35,"['GALKr', 'GALt2pp', 'GART', 'DHAD1', 'DHAD2', 'EX_cys__L_e', 'GHMT2r', 'GLCP', '2AGPGAT160', 'AACPS3', 'AACPS7', 'AACPS9', '3HAD100', '3HAD120', '3HAD140', '3HAD160', '3HAD40', 'ACHBS', '3HAD60', 'ACLS', '3HAD80', '3OAR100', 'ACOAD1f', '3OAR120', '3OAR140', 'ACOAD2f', 'ACOAD3f', 'ACOAD4f', '3OAR160', 'ACOAD5f', 'ACOAD6f', 'ACOAD7f', '3OAR40', 'ACOATA', '3OAR60', '3OAR80', '3OAS100', '3OAS120', '3OAS140', '3OAS160', '3OAS60', '3OAS80', 'ACS', 'ADCL', 'ADCS', 'ADMDC', 'ADPT', 'ADSL1r', 'ADSL2r', 'ADSS', 'ANPRT', 'ANS', 'AGMHE', 'AICART', 'AIRC2', 'AIRC3', 'ASNS2', 'ALATA_L2', 'ASPCT', 'ALCD2x', 'ASPO6', 'ASPT', 'AST', 'ATPPRT', 'CS', 'CAT', 'CBPS', 'CYSabc2pp', 'CYSabcpp', 'CYSDS', 'CYSS', 'CYStex', 'CYTD', 'CLPNS140pp', 'CLPNS160pp', 'CLPNS161pp', 'CLPNS181pp', 'DB4PS', 'DCTPD', 'DHFR', 'DHFS', 'DHNPA2r', 'DHORD2', 'DHORTS', 'DHPS2', 'ETOHt2rpp', 'ETOHtex', 'FACOAE120', 'DNTPPA', 'DPCOAK', 'DRPA', 'FACOAE80', 'FACOAL140t2pp', 'FACOAL160t2pp', 'FACOAL161t2pp', 'FACOAL181t2pp', 'DURIPP', 'DUTPDP', 'FADRx', 'FBP', 'ECOAH1', 'ECOAH2', 'ECOAH3', 'ECOAH4', 'ECOAH5', 'ECOAH6', 'ECOAH7', 'ECOAH8', 'EDA', 'EDD', 'GLUDy', 'GLUN', 'GLUPRT', 'GUAPRT', 'H2St1pp', 'GLYC3Pabcpp', 'GLYC3Ptex', 'H2Stex', 'HACD1i', 'HACD2i', 'HACD3i', 'GLYCL', 'HACD4i', 'HACD5i', 'HACD6i', 'HACD7i', 'GLYCLTDy', 'GLYCtex', 'GLYCtpp', 'GLYK', 'HACD8i', 'GMHEPAT', 'HCO3E', 'GMHEPK', 'GMHEPPA', 'GMPR', 'GND', 'CTECOAI7', 'HEX1', 'HISTD', 'HISTP', 'GTPCI', 'HPPK2', 'ILEtex', 'IMPC', 'HSTPT', 'INDOLEt2pp', 'INDOLEtex', 'IPMD', 'IPPMIa', 'IPPMIb', 'IPPS', 'ICL', 'IG3PS', 'IGPDH', 'KARA1', 'IGPS', 'ILEt2rpp', 'KARA2', 'ILETA', 'KAS15', 'KAT1', 'ACACT11', 'G1PACT', 'ACACT8', 'ACACT13', 'ACACT10', 'ACACT9', 'LPLIPAL1G140pp', 'LPLIPAL1G160pp', 'LPLIPAL1G161pp', 'LPLIPAL1G181pp', 'ACACT12', 'ACACT8r', 'KDOCT2', 'KDOPP', 'KDOPS', 'LACZpp', 'LCTStex', 'LCTStpp', 'LEUTAi', 'LPADSS', 'LPLIPAL2G160', 'LYSt3pp', 'LYStex', 'MACPD', 'G3PD2', 'ME1', 'METabcpp', 'METAT', 'MOAT', 'MOAT2', 'MTAN', 'MTHFC', 'METtex', 'MTHFD', 'MTHFR2', 'G3PGabcpp', 'NADK', 'NADPHQR2', 'G3PGtex', 'NAt3_1p5pp', 'NNATr', 'NNDPR', 'NTD1', 'G6PDA', 'OMPDC', 'NTD4', 'NTD6', 'ORNDC', 'NTD8', 'ORPT', 'NTP3', 'P5CD', 'NTPP1', 'P5CR', 'NTPP2', 'NTPP4', 'NTPP5', 'NTPP6', 'NTPP7', 'NTPP8', 'OAADC', 'CTECOAI8', 'PAPSR', 'PE140abcpp', 'OMCDC', 'PE160abcpp', 'PE161abcpp', 'PE181abcpp', 'PLIPA2G140pp', 'PG140abcpp', 'PLIPA2G160pp', 'PLIPA2G161pp', 'PG161abcpp', 'PLIPA2G181pp', 'PG181abcpp', 'PNTK', 'PNTOt4pp', 'PGAMT', 'PNTOtex', 'PSD140', 'PGMT', 'PSD160', 'PSD161', 'PSD181', 'PPCDC', 'PPM2', 'PPNCL2', 'PSSA140', 'PSSA160', 'PSSA161', 'PSSA181', 'PTPATi', 'PUNP2', 'PRAGSr', 'PRAIi', 'PUNP4', 'PYAM5PO', 'PRAIS', 'PRAMPC', 'PRASCSi', 'PRATPP', 'PRFGS', 'PRMICI', 'QULNS', 'PGPP140', 'RBFSa', 'PRPPS', 'RNDR4', 'PGPP160', 'RNDR1', 'RPI', 'SADH', 'PGPP161', 'SERAT', 'SERD_L', 'SULR', 'SGDS', 'SGSAD', 'PGPP181', 'TDSK', 'SO4tex', 'SOTA', 'SPMS', 'THRD_L', 'PGSA140', 'SUCCtex', 'PGSA160', 'SULabcpp', 'PGSA161', 'TMDS', 'PGSA181', 'TRDR', 'TYRt2rpp', 'TYRtex', 'U23GAAT', 'TRPS2', 'TRPS3', 'UAGAAT', 'UAGDP', 'PHEt2rpp', 'PHEtex', 'UDPG4E', 'UGLT', 'UHGADA', 'NADS1', 'GALUi', 'UPPRT', 'URIDK2r', 'DNMPPA', 'GCALDD', 'URIK2', 'USHD', 'VALTA', 'MTRK', 'MTRI', 'MDRPD', 'ARD', 'UNK3', 'EAR40x', 'EAR60x', 'EAR80x', 'EAR100x', 'EAR120x', 'EAR140x', 'EAR160x', 'LPS_YPtetra', 'BIOMASS_37C', 'S7PI', 'A5PISO', 'LACZ', 'EX_etoh_e', 'EX_g3pg_e', 'EX_lcts_e', 'EX_lys__L_e', 'EX_met__L_e', 'EX_glyc3p_e', 'EX_glyc_e', 'EX_tyr__L_e', 'EX_h2s_e', 'EX_phe__L_e', 'EX_pnto__R_e', 'EX_ile__L_e', 'EX_indole_e', 'EX_so4_e', 'EX_succ_e', 'KOKDO_LIPAtetra', 'SUCCt3pp', 'PAPSSH']","[-0.008795704563937256, -0.005211565148950145, -0.03626461690257604, -0.09029939614517579, -0.021067350588802672, 0.8399959130381887, -0.10312918020397566, 0.011685804207022744, -0.0012899913735025105, 0.00257998274700502, 0.0030959720719976364, 0.0009907859068874099, -0.006890064347005023, -0.00689006434700502, -0.00257998274700502, -0.00257998274700502, -0.007880850253892433, -0.021067350588802672, -0.007880850253892433, -0.09029939614517579, -0.007880850253892433, -0.006890064347005023, 0.0011248071700650985, -0.00689006434700502, -0.0037940922750073834, 0.0011248071700650985, 0.0011248071700650985, 0.0021155930769525097, -0.00257998274700502, 0.0021155930769525097, 0.005211565148950146, 0.002328055019944533, -0.007880850253892433, -0.04379675447769972, -0.007880850253892433, -0.007880850253892433, -0.006890064347005023, -0.00689006434700502, -0.0037940922750073834, -0.00257998274700502, -0.007880850253892433, -0.007880850253892433, 0.013529734211276115, -0.0037940922750074896, -0.0037940922750074896, -0.0005311729185010338, 0.0005842902115270861, -0.024244173756897552, -0.03626461690257604, -0.024244173756897552, 0.0037940922750074896, 0.0037940922750074896, -0.0009105821460017724, -0.045370438362593773, -0.03626461690257604, 0.03626461690257604, -0.019729279830038388, 0.07064599816063749, -0.02391036951697524, -0.03906552828809877, -0.00020715743831566308, 0.12545075049384385, 0.022157498886043125, -0.009105821460017725, -0.06859741597766966, 0.035219420361160915, -0.020723332005969042, 2.3083356562201387, 1.46833974318195, -0.8203152723122205, 0.014136788975277296, -0.8399959130381887, 0.00956111253289732, -6.5258387130127e-05, -0.00018970461375036917, -8.347003005016243e-05, -6.14642948551196e-05, -1.517636909978592e-06, 0.0019273988757037511, -0.005668373858861136, -0.0037940922750074896, -0.0037940922750074896, -0.02391036951697524, 0.02391036951697524, -0.0037940922750074896, -0.03906552828809877, -0.03906552828809877, 0.0030959720719976364, -0.0037940922750074896, -4.477029180113517e-06, 0.005933960319225662, 0.0009907859068874099, 0.0012748150044024813, 0.0011382276825022157, 0.001608695124603132, 0.0011898273374423172, 0.0028910983135556254, 0.0019273988757037511, -0.015145227832994978, 0.003249740328346248, -0.0011248071700650985, -0.0011248071700650985, -0.0011248071700650985, -0.0021155930769525097, -0.0021155930769525097, -0.005211565148950146, -0.003936750144547665, -0.0011898273374423172, 0.06150671280708354, 0.06150671280708354, 0.2374064921097785, 0.12284648555617872, -0.03626461690257604, 0.0019273988757037511, -0.7971332990550201, -0.05823074177582218, -0.05823074177582218, 0.7971332990550201, 0.0011248071700650985, 0.0011248071700650985, 0.0011248071700650985, 0.05209036798252076, 0.0021155930769525097, 0.0021155930769525097, 0.005211565148950146, 0.003936750144547665, 0.003794092275007488, -0.003010942802190727, 0.0034108401279765053, -0.0034108401279765053, 0.0011898273374423172, -0.0012141095280023633, -0.05698794890854514, -0.0012141095280023633, -0.0012141095280023633, 0.021126264605696218, -0.06150671280708354, 0.001608695124603132, -0.0035841394149871107, -0.009105821460017725, -0.009105821460017725, -0.0037940922750074896, -0.0037940922750074896, -0.008526569156254923, 0.045370438362593773, -0.009105821460017725, 0.007815830086515317, -0.007815830086515317, -0.052358473395101884, 0.052358473395101884, 0.052358473395101884, -0.052358473395101884, 0.003794092275007266, -0.009105821460017725, -0.009105821460017725, 0.09029939614517579, 0.0037940922750074896, -0.008526569156254923, -0.021067350588802672, 0.021067350588802672, -0.007880850253892433, 0.0011248071700650985, 0.0011248071700650985, -0.0009105821460017724, 0.0011248071700650985, 0.0021155930769525097, 0.0021155930769525097, 0.005211565148950146, 0.0006374075022012407, 0.0005691138412511078, 0.0008043475623015655, 0.0005949136687211582, 0.003936750144547665, 0.0011898273374423172, -0.0006070547640011816, -0.0006070547640011816, -0.0006070547640011816, -0.005211565148950145, -0.008795704563937256, -0.0035841394149871107, -0.052358473395101884, -0.0003035273820005908, 0.0012899913735025105, 0.01897046137503692, -0.01897046137503692, 0.04379675447769972, -0.06433538741905392, 0.07334519655433719, -0.010623458369966313, -0.0005311729185010338, -0.0003035273820005908, -0.0003035273820005908, -0.0005311729185010338, -0.045370438362593773, -0.010623458369966313, -0.045370438362593773, -0.003794092275007384, -0.00128999137350251, -4.021737811440442e-05, 0.00642161724466872, -0.0038957739479775822, -2.238514582586504e-06, -0.00020715743831566308, -0.00020715743831566308, 0.0028910983135556254, 0.0009105821460017724, -0.02391036951697524, 0.00956111253289732, 0.00111546313002812, -0.003187037511006203, 0.0019273988757037511, 0.02391036951697524, 0.014683061223919672, 0.024282190560047254, 0.0019273988757037511, -0.02428219056004724, 0.019198865729992465, 0.010172644326103628, 0.001874281583853647, 0.08030053066200506, 0.001874281583853647, 0.01176168605252289, 0.0685974159776701, 0.0011898273374423172, 0.03731876223247764, -0.00044011470390085657, -0.052358473395101884, -0.001289991373502511, -0.0005539374721510782, -0.00040976196570079756, 0.0006374075022012407, 0.00044011470390085657, 0.0005691138412511078, 0.0008043475623015655, 0.0005539374721510783, 0.0005949136687211582, 0.00040976196570079756, -4.477029180113517e-06, -4.477029180113517e-06, 0.0009105821460017724, -4.477029180113517e-06, -0.00044011470390085657, 0.0034212725615865164, -0.001289991373502511, -0.0005539374721510782, -0.00040976196570079756, -4.477029180113517e-06, 0.005933960319225662, -4.477029180113517e-06, -0.00044011470390085657, -0.001289991373502511, -0.0005539374721510782, -0.00040976196570079756, -4.477029180113517e-06, 0.00111546313002812, -0.03626461690257604, 0.0037940922750074896, 0.0019273988757037511, 0.07064599816063749, -0.03626461690257604, -0.009105821460017725, -0.03626461690257604, -0.009105821460017725, -0.03626461690257604, -0.009105821460017725, -0.00020715743831566308, 0.0004401147039008567, -1.517636909978592e-06, -0.060291085642171255, -0.0009105821460017732, 0.001289991373502511, -0.0007588184538255272, 0.060898140406172446, 0.022157498886043125, 0.0005539374721510782, 0.014136788975277296, 0.13516649421553828, 0.03731876223247764, 0.022157498886043125, 0.022157498886043125, 0.00040976196570079756, -0.0003035273820005908, 0.03731876223247764, 0.022157498886043125, -0.0005311729185010338, -0.021067350588802672, 0.00044011470390085657, -0.020431864570089817, 0.001289991373502511, 0.03731876223247764, 0.0005539374721510782, -0.001874281583853647, 0.00040976196570079756, 0.03564936163265034, -0.009864639915019194, -0.009864639915019194, -0.0006070547640011816, -0.004021737811507827, 0.0037940922750074896, -0.0006070547640011816, -0.0009105821460017724, -0.01441755064502806, -0.01441755064502806, 0.008795704563937256, -0.008795704563937256, -0.0006070547640011816, -0.00020715743831566308, -0.0005311729185010338, 0.0028910983135556254, 0.0009105821460017732, -0.0037940922750074896, -0.0037940922750074896, 0.00956111253289732, -0.0003035273820005908, 0.03794092275007388, -0.0005311729185010338, -0.0005311729185010338, -0.0005311729185010338, -0.0005311729185553931, -0.0005311729185553931, -0.007880850253892433, -0.007880850253892433, -0.007880850253892433, -0.00689006434700502, -0.00689006434700502, -0.00257998274700502, -0.00257998274700502, -0.0003035273820005908, -0.07588184550014768, -0.0012141095280023633, -0.0006070547640011816, -0.0035841394149871107, 0.03906552828809877, 0.0038957739479775822, 0.008795704563937256, 0.01897046137503692, 0.010623458369966313, 0.05823074177582218, 0.003010942802190727, 0.009864639915019194, -0.7971332990550201, 0.01441755064502806, 4.477029180113517e-06, 0.008526569156254923, 0.007815830086515317, -0.03731876223247764, 0.020431864570089817, -0.0003035273820005908, 0.020431864570089817, 0.03731876223247764]","[0.008795704563937256, 0.005211565148950145, 0.03626461690257604, 0.09029939614517579, 0.021067350588802672, 0.8399959130381887, 0.10312918020397566, 0.011685804207022744, 0.0012899913735025105, 0.00257998274700502, 0.0030959720719976364, 0.0009907859068874099, 0.006890064347005023, 0.00689006434700502, 0.00257998274700502, 0.00257998274700502, 0.007880850253892433, 0.021067350588802672, 0.007880850253892433, 0.09029939614517579, 0.007880850253892433, 0.006890064347005023, 0.0011248071700650985, 0.00689006434700502, 0.0037940922750073834, 0.0011248071700650985, 0.0011248071700650985, 0.0021155930769525097, 0.00257998274700502, 0.0021155930769525097, 0.005211565148950146, 0.002328055019944533, 0.007880850253892433, 0.04379675447769972, 0.007880850253892433, 0.007880850253892433, 0.006890064347005023, 0.00689006434700502, 0.0037940922750073834, 0.00257998274700502, 0.007880850253892433, 0.007880850253892433, 0.013529734211276115, 0.0037940922750074896, 0.0037940922750074896, 0.0005311729185010338, 0.0005842902115270861, 0.024244173756897552, 0.03626461690257604, 0.024244173756897552, 0.0037940922750074896, 0.0037940922750074896, 0.0009105821460017724, 0.045370438362593773, 0.03626461690257604, 0.03626461690257604, 0.019729279830038388, 0.07064599816063749, 0.02391036951697524, 0.03906552828809877, 0.00020715743831566308, 0.12545075049384385, 0.022157498886043125, 0.009105821460017725, 0.06859741597766966, 0.035219420361160915, 0.020723332005969042, 2.3083356562201387, 1.46833974318195, 0.8203152723122205, 0.014136788975277296, 0.8399959130381887, 0.00956111253289732, 6.5258387130127e-05, 0.00018970461375036917, 8.347003005016243e-05, 6.14642948551196e-05, 1.517636909978592e-06, 0.0019273988757037511, 0.005668373858861136, 0.0037940922750074896, 0.0037940922750074896, 0.02391036951697524, 0.02391036951697524, 0.0037940922750074896, 0.03906552828809877, 0.03906552828809877, 0.0030959720719976364, 0.0037940922750074896, 4.477029180113517e-06, 0.005933960319225662, 0.0009907859068874099, 0.0012748150044024813, 0.0011382276825022157, 0.001608695124603132, 0.0011898273374423172, 0.0028910983135556254, 0.0019273988757037511, 0.015145227832994978, 0.003249740328346248, 0.0011248071700650985, 0.0011248071700650985, 0.0011248071700650985, 0.0021155930769525097, 0.0021155930769525097, 0.005211565148950146, 0.003936750144547665, 0.0011898273374423172, 0.06150671280708354, 0.06150671280708354, 0.2374064921097785, 0.12284648555617872, 0.03626461690257604, 0.0019273988757037511, 0.7971332990550201, 0.05823074177582218, 0.05823074177582218, 0.7971332990550201, 0.0011248071700650985, 0.0011248071700650985, 0.0011248071700650985, 0.05209036798252076, 0.0021155930769525097, 0.0021155930769525097, 0.005211565148950146, 0.003936750144547665, 0.003794092275007488, 0.003010942802190727, 0.0034108401279765053, 0.0034108401279765053, 0.0011898273374423172, 0.0012141095280023633, 0.05698794890854514, 0.0012141095280023633, 0.0012141095280023633, 0.021126264605696218, 0.06150671280708354, 0.001608695124603132, 0.0035841394149871107, 0.009105821460017725, 0.009105821460017725, 0.0037940922750074896, 0.0037940922750074896, 0.008526569156254923, 0.045370438362593773, 0.009105821460017725, 0.007815830086515317, 0.007815830086515317, 0.052358473395101884, 0.052358473395101884, 0.052358473395101884, 0.052358473395101884, 0.003794092275007266, 0.009105821460017725, 0.009105821460017725, 0.09029939614517579, 0.0037940922750074896, 0.008526569156254923, 0.021067350588802672, 0.021067350588802672, 0.007880850253892433, 0.0011248071700650985, 0.0011248071700650985, 0.0009105821460017724, 0.0011248071700650985, 0.0021155930769525097, 0.0021155930769525097, 0.005211565148950146, 0.0006374075022012407, 0.0005691138412511078, 0.0008043475623015655, 0.0005949136687211582, 0.003936750144547665, 0.0011898273374423172, 0.0006070547640011816, 0.0006070547640011816, 0.0006070547640011816, 0.005211565148950145, 0.008795704563937256, 0.0035841394149871107, 0.052358473395101884, 0.0003035273820005908, 0.0012899913735025105, 0.01897046137503692, 0.01897046137503692, 0.04379675447769972, 0.06433538741905392, 0.07334519655433719, 0.010623458369966313, 0.0005311729185010338, 0.0003035273820005908, 0.0003035273820005908, 0.0005311729185010338, 0.045370438362593773, 0.010623458369966313, 0.045370438362593773, 0.003794092275007384, 0.00128999137350251, 4.021737811440442e-05, 0.00642161724466872, 0.0038957739479775822, 2.238514582586504e-06, 0.00020715743831566308, 0.00020715743831566308, 0.0028910983135556254, 0.0009105821460017724, 0.02391036951697524, 0.00956111253289732, 0.00111546313002812, 0.003187037511006203, 0.0019273988757037511, 0.02391036951697524, 0.014683061223919672, 0.024282190560047254, 0.0019273988757037511, 0.02428219056004724, 0.019198865729992465, 0.010172644326103628, 0.001874281583853647, 0.08030053066200506, 0.001874281583853647, 0.01176168605252289, 0.0685974159776701, 0.0011898273374423172, 0.03731876223247764, 0.00044011470390085657, 0.052358473395101884, 0.001289991373502511, 0.0005539374721510782, 0.00040976196570079756, 0.0006374075022012407, 0.00044011470390085657, 0.0005691138412511078, 0.0008043475623015655, 0.0005539374721510783, 0.0005949136687211582, 0.00040976196570079756, 4.477029180113517e-06, 4.477029180113517e-06, 0.0009105821460017724, 4.477029180113517e-06, 0.00044011470390085657, 0.0034212725615865164, 0.001289991373502511, 0.0005539374721510782, 0.00040976196570079756, 4.477029180113517e-06, 0.005933960319225662, 4.477029180113517e-06, 0.00044011470390085657, 0.001289991373502511, 0.0005539374721510782, 0.00040976196570079756, 4.477029180113517e-06, 0.00111546313002812, 0.03626461690257604, 0.0037940922750074896, 0.0019273988757037511, 0.07064599816063749, 0.03626461690257604, 0.009105821460017725, 0.03626461690257604, 0.009105821460017725, 0.03626461690257604, 0.009105821460017725, 0.00020715743831566308, 0.0004401147039008567, 1.517636909978592e-06, 0.060291085642171255, 0.0009105821460017732, 0.001289991373502511, 0.0007588184538255272, 0.060898140406172446, 0.022157498886043125, 0.0005539374721510782, 0.014136788975277296, 0.13516649421553828, 0.03731876223247764, 0.022157498886043125, 0.022157498886043125, 0.00040976196570079756, 0.0003035273820005908, 0.03731876223247764, 0.022157498886043125, 0.0005311729185010338, 0.021067350588802672, 0.00044011470390085657, 0.020431864570089817, 0.001289991373502511, 0.03731876223247764, 0.0005539374721510782, 0.001874281583853647, 0.00040976196570079756, 0.03564936163265034, 0.009864639915019194, 0.009864639915019194, 0.0006070547640011816, 0.004021737811507827, 0.0037940922750074896, 0.0006070547640011816, 0.0009105821460017724, 0.01441755064502806, 0.01441755064502806, 0.008795704563937256, 0.008795704563937256, 0.0006070547640011816, 0.00020715743831566308, 0.0005311729185010338, 0.0028910983135556254, 0.0009105821460017732, 0.0037940922750074896, 0.0037940922750074896, 0.00956111253289732, 0.0003035273820005908, 0.03794092275007388, 0.0005311729185010338, 0.0005311729185010338, 0.0005311729185010338, 0.0005311729185553931, 0.0005311729185553931, 0.007880850253892433, 0.007880850253892433, 0.007880850253892433, 0.00689006434700502, 0.00689006434700502, 0.00257998274700502, 0.00257998274700502, 0.0003035273820005908, 0.07588184550014768, 0.0012141095280023633, 0.0006070547640011816, 0.0035841394149871107, 0.03906552828809877, 0.0038957739479775822, 0.008795704563937256, 0.01897046137503692, 0.010623458369966313, 0.05823074177582218, 0.003010942802190727, 0.009864639915019194, 0.7971332990550201, 0.01441755064502806, 4.477029180113517e-06, 0.008526569156254923, 0.007815830086515317, 0.03731876223247764, 0.020431864570089817, 0.0003035273820005908, 0.020431864570089817, 0.03731876223247764]","['GALt2pp', 'GART', 'EX_cys__L_e', '2AGPGAT160', '3HAD120', '3HAD140', '3HAD160', '3OAR120', '3OAR160', '3OAS120', '3OAS160', 'ASPO6', 'CS', 'CYSDS', 'CYStex', 'FADRx', 'GLYC3Pabcpp', 'GLYK', 'GND', 'HEX1', 'LACZpp', 'G3PGabcpp', 'NAt3_1p5pp', 'RNDR1', 'EAR40x', 'EAR60x', 'EAR100x', 'EAR120x', 'EAR140x', 'EAR160x']","['GALKr', 'GLCP', 'AACPS7', 'AACPS9', 'ACOAD1f', 'ACOAD2f', 'ACOAD3f', 'ACOAD4f', 'ACOAD5f', 'ACOATA', 'ACS', 'ADPT', 'ALATA_L2', 'ALCD2x', 'ASPT', 'AST', 'CYSabc2pp', 'CYSS', 'CYTD', 'DCTPD', 'ETOHt2rpp', 'ETOHtex', 'FACOAE120', 'DRPA', 'FACOAE80', 'FACOAL140t2pp', 'FACOAL181t2pp', 'DURIPP', 'DUTPDP', 'FBP', 'ECOAH1', 'ECOAH2', 'ECOAH3', 'ECOAH4', 'ECOAH5', 'ECOAH6', 'ECOAH7', 'ECOAH8', 'EDA', 'EDD', 'GLUN', 'GUAPRT', 'GLYC3Ptex', 'HACD1i', 'HACD2i', 'HACD3i', 'HACD4i', 'HACD5i', 'HACD6i', 'HACD7i', 'GLYCLTDy', 'GLYCtex', 'HACD8i', 'GMPR', 'ILEtex', 'INDOLEt2pp', 'INDOLEtex', 'ICL', 'ILEt2rpp', 'KAT1', 'ACACT11', 'ACACT8', 'ACACT13', 'ACACT10', 'ACACT9', 'LPLIPAL1G140pp', 'LPLIPAL1G160pp', 'LPLIPAL1G161pp', 'LPLIPAL1G181pp', 'ACACT12', 'ACACT8r', 'LCTStex', 'LPLIPAL2G160', 'LYSt3pp', 'MACPD', 'ME1', 'NADPHQR2', 'G3PGtex', 'NTD1', 'G6PDA', 'NTD4', 'NTD6', 'NTD8', 'NTP3', 'P5CD', 'NTPP1', 'NTPP2', 'NTPP4', 'NTPP5', 'NTPP6', 'NTPP7', 'NTPP8', 'OAADC', 'CTECOAI8', 'PAPSR', 'PLIPA2G140pp', 'PLIPA2G160pp', 'PLIPA2G161pp', 'PLIPA2G181pp', 'PPM2', 'PUNP2', 'PUNP4', 'PYAM5PO', 'SADH', 'SERAT', 'SULR', 'SGDS', 'SGSAD', 'SO4tex', 'SOTA', 'SUCCtex', 'SULabcpp', 'UDPG4E', 'UGLT', 'UPPRT', 'URIK2', 'EX_etoh_e', 'EX_g3pg_e', 'EX_lcts_e', 'EX_glyc3p_e', 'EX_glyc_e', 'EX_ile__L_e', 'EX_indole_e', 'EX_so4_e', 'EX_succ_e', 'SUCCt3pp', 'PAPSSH']","['DHAD1', 'DHAD2', 'GHMT2r', 'AACPS3', '3HAD100', '3HAD40', 'ACHBS', '3HAD60', 'ACLS', '3HAD80', '3OAR100', '3OAR140', 'ACOAD6f', 'ACOAD7f', '3OAR40', '3OAR60', '3OAR80', '3OAS100', '3OAS140', '3OAS60', '3OAS80', 'ADCL', 'ADCS', 'ADMDC', 'ADSL1r', 'ADSL2r', 'ADSS', 'ANPRT', 'ANS', 'AGMHE', 'AICART', 'AIRC2', 'AIRC3', 'ASNS2', 'ASPCT', 'ATPPRT', 'CAT', 'CBPS', 'CYSabcpp', 'CLPNS140pp', 'CLPNS160pp', 'CLPNS161pp', 'CLPNS181pp', 'DB4PS', 'DHFR', 'DHFS', 'DHNPA2r', 'DHORD2', 'DHORTS', 'DHPS2', 'DNTPPA', 'DPCOAK', 'FACOAL160t2pp', 'FACOAL161t2pp', 'GLUDy', 'GLUPRT', 'H2St1pp', 'H2Stex', 'GLYCL', 'GLYCtpp', 'GMHEPAT', 'HCO3E', 'GMHEPK', 'GMHEPPA', 'CTECOAI7', 'HISTD', 'HISTP', 'GTPCI', 'HPPK2', 'IMPC', 'HSTPT', 'IPMD', 'IPPMIa', 'IPPMIb', 'IPPS', 'IG3PS', 'IGPDH', 'KARA1', 'IGPS', 'KARA2', 'ILETA', 'KAS15', 'G1PACT', 'KDOCT2', 'KDOPP', 'KDOPS', 'LCTStpp', 'LEUTAi', 'LPADSS', 'LYStex', 'G3PD2', 'METabcpp', 'METAT', 'MOAT', 'MOAT2', 'MTAN', 'MTHFC', 'METtex', 'MTHFD', 'MTHFR2', 'NADK', 'NNATr', 'NNDPR', 'OMPDC', 'ORNDC', 'ORPT', 'P5CR', 'PE140abcpp', 'OMCDC', 'PE160abcpp', 'PE161abcpp', 'PE181abcpp', 'PG140abcpp', 'PG161abcpp', 'PG181abcpp', 'PNTK', 'PNTOt4pp', 'PGAMT', 'PNTOtex', 'PSD140', 'PGMT', 'PSD160', 'PSD161', 'PSD181', 'PPCDC', 'PPNCL2', 'PSSA140', 'PSSA160', 'PSSA161', 'PSSA181', 'PTPATi', 'PRAGSr', 'PRAIi', 'PRAIS', 'PRAMPC', 'PRASCSi', 'PRATPP', 'PRFGS', 'PRMICI', 'QULNS', 'PGPP140', 'RBFSa', 'PRPPS', 'RNDR4', 'PGPP160', 'RPI', 'PGPP161', 'SERD_L', 'PGPP181', 'TDSK', 'SPMS', 'THRD_L', 'PGSA140', 'PGSA160', 'PGSA161', 'TMDS', 'PGSA181', 'TRDR', 'TYRt2rpp', 'TYRtex', 'U23GAAT', 'TRPS2', 'TRPS3', 'UAGAAT', 'UAGDP', 'PHEt2rpp', 'PHEtex', 'UHGADA', 'NADS1', 'GALUi', 'URIDK2r', 'DNMPPA', 'GCALDD', 'USHD', 'VALTA', 'MTRK', 'MTRI', 'MDRPD', 'ARD', 'UNK3', 'EAR80x', 'LPS_YPtetra', 'BIOMASS_37C', 'S7PI', 'A5PISO', 'LACZ', 'EX_lys__L_e', 'EX_met__L_e', 'EX_tyr__L_e', 'EX_h2s_e', 'EX_phe__L_e', 'EX_pnto__R_e', 'KOKDO_LIPAtetra']",CYStex,CYSS,15.156298076312652,1,350,193,44.0,-2.3254240043360963,iPC815,PSL,True,False,-2.04000651009893,0.0,0.0,0.0
36,"['GALKr', 'GALt2pp', 'GART', 'DGK1', 'DHAD1', 'DHAD2', 'EX_cys__L_e', 'GHMT2r', 'GLCP', '2AGPGAT160', 'AACPS3', 'AACPS9', '3HAD100', '3HAD120', '3HAD140', '3HAD160', '3HAD40', 'ACHBS', '3HAD60', 'ACLS', '3HAD80', '3OAR100', 'ACOAD1f', '3OAR120', '3OAR140', 'ACOAD2f', 'ACOAD3f', 'ACOAD4f', '3OAR160', 'ACOAD5f', 'ACOAD6f', 'ACOAD7f', '3OAR40', 'ACOATA', '3OAR60', '3OAR80', '3OAS100', '3OAS120', '3OAS140', '3OAS160', '3OAS60', '3OAS80', 'ACS', 'ADCL', 'ADCS', 'ADMDC', 'ADPT', 'ADSL1r', 'ADSL2r', 'ADSS', 'ANPRT', 'ANS', 'AGMHE', 'AICART', 'AIRC2', 'AIRC3', 'ASNS2', 'ALATA_L2', 'ASPCT', 'ALCD2x', 'ASPO6', 'ASPT', 'AST', 'ATPPRT', 'CS', 'CAT', 'CBPS', 'CYSabc2pp', 'CYSabcpp', 'CYSDS', 'CYSS', 'CYStex', 'CYTD', 'CLPNS140pp', 'CLPNS160pp', 'CLPNS161pp', 'CLPNS181pp', 'DB4PS', 'DCYTD', 'DHFR', 'DHFS', 'DHNPA2r', 'DHORD2', 'DHORTS', 'DHPS2', 'ETOHt2rpp', 'ETOHtex', 'DNTPPA', 'DPCOAK', 'DRPA', 'FACOAE80', 'FACOAL140t2pp', 'FACOAL160t2pp', 'FACOAL161t2pp', 'FACOAL181t2pp', 'DURIPP', 'FADRx', 'FBP', 'ECOAH1', 'ECOAH2', 'ECOAH3', 'ECOAH4', 'ECOAH5', 'ECOAH6', 'ECOAH7', 'ECOAH8', 'EDA', 'EDD', 'GLUDy', 'GLUN', 'GLUPRT', 'GUAPRT', 'H2St1pp', 'GLYC3Pabcpp', 'GLYC3Ptex', 'H2Stex', 'HACD1i', 'HACD2i', 'HACD3i', 'GLYCL', 'HACD4i', 'HACD5i', 'HACD6i', 'HACD7i', 'GLYCLTDy', 'GLYCtex', 'GLYCtpp', 'GLYK', 'HACD8i', 'GMHEPAT', 'HCO3E', 'GMHEPK', 'GMHEPPA', 'GMPR', 'GND', 'CTECOAI7', 'HEX7', 'HISTD', 'HISTP', 'GTPCI', 'HPPK2', 'ILEtex', 'IMPC', 'HSTPT', 'INDOLEt2pp', 'INDOLEtex', 'IPMD', 'IPPMIa', 'IPPMIb', 'IPPS', 'ICL', 'IG3PS', 'IGPDH', 'KARA1', 'IGPS', 'ILEt2rpp', 'KARA2', 'ILETA', 'KAS15', 'KAT1', 'ACACT11', 'G1PACT', 'ACACT8', 'ACACT13', 'ACACT10', 'ACACT9', 'LPLIPAL1G140pp', 'LPLIPAL1G160pp', 'LPLIPAL1G161pp', 'LPLIPAL1G181pp', 'ACACT12', 'ACACT8r', 'KDOCT2', 'KDOPP', 'KDOPS', 'LACZpp', 'LCTStex', 'LCTStpp', 'LEUTAi', 'LPADSS', 'LPLIPAL2G160', 'LYSt3pp', 'LYStex', 'MACPD', 'G3PD2', 'ME1', 'METabcpp', 'METAT', 'MOAT', 'MOAT2', 'MTAN', 'MTHFC', 'METtex', 'MTHFD', 'MTHFR2', 'G3PGabcpp', 'NADK', 'NADPHQR2', 'G3PGtex', 'NAt3_1p5pp', 'NNATr', 'NNDPR', 'NTD1', 'G6PDA', 'OMPDC', 'NTD3', 'NTD4', 'NTD6', 'ORNDC', 'NTD8', 'ORPT', 'NTP3', 'P5CD', 'NTPP1', 'P5CR', 'NTPP2', 'NTPP3', 'NTPP4', 'NTPP5', 'NTPP6', 'NTPP7', 'NTPP8', 'OAADC', 'CTECOAI8', 'PAPSR', 'PE140abcpp', 'OMCDC', 'PE160abcpp', 'PE161abcpp', 'PE181abcpp', 'PLIPA2G140pp', 'PG140abcpp', 'PLIPA2G160pp', 'PLIPA2G161pp', 'PG161abcpp', 'PLIPA2G181pp', 'PG181abcpp', 'PNTK', 'PNTOt4pp', 'PGAMT', 'PNTOtex', 'PSD140', 'PGMT', 'PSD160', 'PSD161', 'PPC', 'PSD181', 'PPCDC', 'PPM2', 'PPNCL2', 'PSSA140', 'PSSA160', 'PSSA161', 'PSSA181', 'PTPATi', 'PUNP2', 'PRAGSr', 'PRAIi', 'PUNP4', 'PYAM5PO', 'PRAIS', 'PRAMPC', 'PRASCSi', 'PRATPP', 'PRFGS', 'PRMICI', 'QULNS', 'PGPP140', 'RBFSa', 'PRPPS', 'RNDR4', 'PGPP160', 'RPI', 'SADH', 'RNDR2', 'PGPP161', 'SERAT', 'SERD_L', 'SULR', 'SGDS', 'SGSAD', 'PGPP181', 'TDSK', 'SO4tex', 'SOTA', 'SPMS', 'THRD_L', 'PGSA140', 'SUCCtex', 'PGSA160', 'SULabcpp', 'PGSA161', 'TMDS', 'PGSA181', 'TRDR', 'TYRt2rpp', 'TYRtex', 'U23GAAT', 'TRPS2', 'TRPS3', 'UAGAAT', 'UAGDP', 'PHEt2rpp', 'XYLI2', 'PHEtex', 'UDPG4E', 'UGLT', 'UHGADA', 'NADS1', 'GALUi', 'UPPRT', 'URIDK2r', 'DNMPPA', 'GCALDD', 'URIK2', 'USHD', 'VALTA', 'MTRK', 'MTRI', 'MDRPD', 'ENOPH', 'ARD', 'UNK3', 'EAR40x', 'EAR60x', 'EAR80x', 'EAR100x', 'EAR120x', 'EAR140x', 'EAR160x', 'LPS_YPtetra', 'BIOMASS_37C', 'S7PI', 'A5PISO', 'LACZ', 'EX_etoh_e', 'EX_g3pg_e', 'EX_lcts_e', 'EX_lys__L_e', 'EX_met__L_e', 'EX_glyc3p_e', 'EX_glyc_e', 'EX_tyr__L_e', 'EX_h2s_e', 'EX_phe__L_e', 'EX_pnto__R_e', 'EX_ile__L_e', 'EX_indole_e', 'EX_so4_e', 'EX_succ_e', 'KOKDO_LIPAtetra', 'SUCCt3pp', 'PAPSSH']","[-0.008795704562658102, -0.005211565148995234, -0.0362646169010708, 0.000758818455437904, -0.0902993961459613, -0.02106735058130972, 0.8399959130282273, -0.10312918019917561, 0.011685804207124402, -0.001289991373513732, 0.002579982747027464, 0.0009907859070099369, -0.0068900643470274706, -0.006890064347027469, -0.002579982747027464, -0.002579982747027464, -0.007880850254037407, -0.02106735058130972, -0.007880850254037407, -0.0902993961459613, -0.007880850254037407, -0.0068900643469760325, 0.0011248071699583306, -0.0068900643469760325, -0.0037940922750294703, 0.0011248071699583306, 0.0011248071699583306, 0.002115593077064659, -0.002579982747079157, 0.002115593077064659, 0.005211565149011221, 0.0023280550199160643, -0.007880850253968674, -0.043796754478307776, -0.007880850253968674, -0.007880850253968674, -0.0068900643470274706, -0.006890064347027469, -0.0037940922750403887, -0.002579982747027464, -0.007880850254037407, -0.007880850254037407, 0.013529734211449936, -0.003794092275040316, -0.003794092275040316, -0.0005311729185056545, 0.0013431086653642975, -0.024244173755278098, -0.03626461690112137, -0.024244173755287944, 0.003794092275040314, 0.003794092275040314, -0.0009105821460096935, -0.045370438361146626, -0.0362646169010708, 0.03626461690112137, -0.01972927983021002, 0.07064599816125205, -0.023910369517259812, -0.03906552828391341, -0.00020715743820155785, 0.12545075049125465, 0.02215749888623588, -0.009105821460096936, -0.06859741597826652, 0.03521942036152525, -0.020723332006225892, 2.305805755498425, 1.4658098424701977, -0.8203152723022591, 0.014136788975456399, -0.8399959130282468, 0.00956111253305706, -6.525838705329079e-05, -0.00018970461371736747, -8.347003006292653e-05, -6.146429495856864e-05, -1.5176369100230274e-06, 0.001927398875720518, -0.005668373858839004, -0.003794092275040316, -0.003794092275040316, -0.023910369517259812, 0.023910369517238905, -0.003794092275040316, -0.03906552828391341, -0.03906552828391341, -0.003794092275040316, -4.477028952821755e-06, 0.005933960317634046, 0.0009907859070099369, 0.0012748150044135718, 0.0011382276825121183, 0.001608695124617126, 0.0011898273374526661, 0.002891098313625662, -0.015145227832972534, 0.003249740325604926, -0.0011248071699583306, -0.0011248071699583306, -0.0011248071699583306, -0.002115593077064659, -0.002115593077064659, -0.005211565149011221, -0.003936750144589496, -0.0011898273374981727, 0.06150671280733147, 0.06150671280733147, 0.23740649210401443, 0.12284648555368255, -0.0362646169010708, 0.001168580420239232, -0.7971332990480844, -0.05823074177250463, -0.058230741772490546, 0.7971332990481415, 0.0011248071699984776, 0.0011248071699984776, 0.0011248071699984776, 0.05209036797915645, 0.0021155930770084146, 0.0021155930770084146, 0.005211565148995486, 0.00393675014458191, 0.003794092275040316, -0.0030109428093965107, 0.003410840135188664, -0.0034108401351741723, 0.0011898273374526661, -0.0012141095280129247, -0.056987948907362806, -0.0012141095280129247, -0.0012141095280129247, 0.021126264605879803, -0.06150671280733147, 0.001608695124617126, -0.003584139413633558, -0.009105821460096936, -0.009105821460096936, -0.003794092275040316, -0.003794092275040316, -0.008526569164018838, 0.045370438361146626, -0.009105821460096936, 0.007815830086583127, -0.007815830086542519, -0.05235847339555735, 0.052358473395543115, 0.052358473395543115, -0.05235847339555735, 0.0037940922750401285, -0.009105821460096936, -0.009105821460096936, 0.0902993961459515, 0.003794092275040314, -0.008526569164018838, -0.021067350581233768, 0.021067350581233768, -0.007880850254037406, 0.0011248071699984776, 0.0011248071699984776, -0.0009105821460096935, 0.0011248071699984776, 0.0021155930770084146, 0.0021155930770084146, 0.005211565148995486, 0.0006374075022067859, 0.0005691138412560585, 0.000804347562308563, 0.0005949136687263331, 0.00393675014458191, 0.0011898273374526661, -0.0006070547640064624, -0.0006070547640064624, -0.0006070547640064624, -0.005211565148995234, -0.008795704562658102, -0.0035841394136468807, -0.05235847339555735, -0.0003035273820032312, 0.001289991373513732, 0.018970461375201947, -0.01897046137526104, 0.043796754478235, -0.06433538742294331, 0.07334519655632923, -0.010623458370113088, -0.0005311729185056545, -0.0003035273820032312, -0.0003035273820032312, -0.0005311729185056545, -0.045370438361146626, -0.010623458370105254, -0.045370438361146626, -0.0037940922750403904, -0.001289991373513732, -4.021737811260584e-05, 0.006421617242711619, -0.0038957739479883458, -2.238514468899666e-06, -0.00020715743823984667, -0.00020715743820155785, 0.0009636994378602569, 0.0009105821460096935, -0.023910369517259812, 0.001927398875720518, 0.00956111253305706, 0.0018742815838699517, -0.003187037511033927, 0.001168580420239232, 0.023910369517238905, 0.013924242766745608, 0.024282190560258494, 0.001927398875720518, -0.024282190560258488, 0.019957684185640572, 0.001927398875720518, 0.010172644326078475, 0.0018742815838699517, 0.07954171220622963, 0.0018742815838699517, 0.011761686052625203, 0.07441603589126844, 0.0011898273374526661, 0.037318762229631076, -0.0004401147039046853, -0.05235847339555735, -0.0012899913735137328, -0.0005539374721558971, -0.0004097619657043622, 0.0006374075022067859, 0.00044011470390468575, 0.0005691138412560585, 0.000804347562308563, 0.0005539374721558972, 0.0005949136687263331, 0.0004097619657043622, -4.477028952821755e-06, -4.477028952821755e-06, 0.0009105821459343133, -4.477028937799332e-06, -0.0004401147039046853, 0.0034212725629458873, -0.0012899913735137328, -0.0005539374721558971, 0.005818619913001921, -0.0004097619657043622, -4.477028952821755e-06, 0.005933960317634046, -4.477028952821755e-06, -0.0004401147039046853, -0.0012899913735137328, -0.0005539374721558971, -0.0004097619657043622, -4.477028952821755e-06, 0.0018742815839232208, -0.03626461690112137, 0.003794092275040314, 0.0011685804201988503, 0.07064599816125205, -0.0362646169010708, -0.009105821460096936, -0.0362646169010708, -0.009105821460096936, -0.0362646169010708, -0.009105821460138941, -0.00020715743820155785, 0.00044011470390468543, -1.5176369100230274e-06, -0.06029108564246144, -0.0009105821460096948, 0.001289991373513732, 0.06089814040637975, 0.02215749888623588, -0.000758818455481286, 0.0005539374721558972, 0.014136788975406489, 0.13516649421100269, 0.037318762229631076, 0.02215749888623588, 0.02215749888623588, 0.0004097619657043622, -0.0003035273820032312, 0.03731876222957453, 0.02215749888623588, -0.0005311729185056545, -0.02106735058130972, 0.00044011470390614704, -0.020431864568877245, 0.001289991373596422, 0.037318762229631076, 0.0005539374722047796, -0.0018742815838699517, 0.000409761965670441, 0.0356493616281401, -0.009864639915122098, -0.009864639915122098, -0.0006070547640064624, -0.004021737811542813, 0.003794092275040314, -0.0006070547639183133, -0.0009105821460096935, -0.014417550645134725, -0.0035841394136468807, -0.014417550645134725, 0.008795704562658102, -0.008795704562658102, -0.0006070547640064624, -0.00020715743820155785, -0.0005311729185056545, 0.002891098313580775, 0.0009105821460480001, -0.003794092275040316, -0.003794092275040316, 0.00956111253305706, -0.0003035273820032312, 0.03794092275040839, -0.0005311729185056545, -0.0005311729186132652, -0.0005311729185056545, -0.0005311729185056545, -0.0005311729185056545, -0.0005311729185056545, -0.007880850254037407, -0.007880850254037407, -0.007880850254037407, -0.006890064347027469, -0.006890064347027469, -0.002579982747027464, -0.002579982747027464, -0.0003035273820032312, -0.07588184550080779, -0.0012141095280640002, -0.0006070547639183133, -0.0035841394136468807, 0.03906552828392293, 0.0038957739480114722, 0.008795704562628792, 0.018970461375201864, 0.010623458370113248, 0.05823074177250463, 0.003010942809384915, 0.009864639915105, -0.7971332990480844, 0.01441755064515382, 4.477028937799332e-06, 0.008526569164005321, 0.007815830086583127, -0.03731876222957453, 0.020431864568868908, -0.0003035273820032312, 0.020431864568868908, 0.03731876222957453]","[0.008795704562658102, 0.005211565148995234, 0.0362646169010708, 0.000758818455437904, 0.0902993961459613, 0.02106735058130972, 0.8399959130282273, 0.10312918019917561, 0.011685804207124402, 0.001289991373513732, 0.002579982747027464, 0.0009907859070099369, 0.0068900643470274706, 0.006890064347027469, 0.002579982747027464, 0.002579982747027464, 0.007880850254037407, 0.02106735058130972, 0.007880850254037407, 0.0902993961459613, 0.007880850254037407, 0.0068900643469760325, 0.0011248071699583306, 0.0068900643469760325, 0.0037940922750294703, 0.0011248071699583306, 0.0011248071699583306, 0.002115593077064659, 0.002579982747079157, 0.002115593077064659, 0.005211565149011221, 0.0023280550199160643, 0.007880850253968674, 0.043796754478307776, 0.007880850253968674, 0.007880850253968674, 0.0068900643470274706, 0.006890064347027469, 0.0037940922750403887, 0.002579982747027464, 0.007880850254037407, 0.007880850254037407, 0.013529734211449936, 0.003794092275040316, 0.003794092275040316, 0.0005311729185056545, 0.0013431086653642975, 0.024244173755278098, 0.03626461690112137, 0.024244173755287944, 0.003794092275040314, 0.003794092275040314, 0.0009105821460096935, 0.045370438361146626, 0.0362646169010708, 0.03626461690112137, 0.01972927983021002, 0.07064599816125205, 0.023910369517259812, 0.03906552828391341, 0.00020715743820155785, 0.12545075049125465, 0.02215749888623588, 0.009105821460096936, 0.06859741597826652, 0.03521942036152525, 0.020723332006225892, 2.305805755498425, 1.4658098424701977, 0.8203152723022591, 0.014136788975456399, 0.8399959130282468, 0.00956111253305706, 6.525838705329079e-05, 0.00018970461371736747, 8.347003006292653e-05, 6.146429495856864e-05, 1.5176369100230274e-06, 0.001927398875720518, 0.005668373858839004, 0.003794092275040316, 0.003794092275040316, 0.023910369517259812, 0.023910369517238905, 0.003794092275040316, 0.03906552828391341, 0.03906552828391341, 0.003794092275040316, 4.477028952821755e-06, 0.005933960317634046, 0.0009907859070099369, 0.0012748150044135718, 0.0011382276825121183, 0.001608695124617126, 0.0011898273374526661, 0.002891098313625662, 0.015145227832972534, 0.003249740325604926, 0.0011248071699583306, 0.0011248071699583306, 0.0011248071699583306, 0.002115593077064659, 0.002115593077064659, 0.005211565149011221, 0.003936750144589496, 0.0011898273374981727, 0.06150671280733147, 0.06150671280733147, 0.23740649210401443, 0.12284648555368255, 0.0362646169010708, 0.001168580420239232, 0.7971332990480844, 0.05823074177250463, 0.058230741772490546, 0.7971332990481415, 0.0011248071699984776, 0.0011248071699984776, 0.0011248071699984776, 0.05209036797915645, 0.0021155930770084146, 0.0021155930770084146, 0.005211565148995486, 0.00393675014458191, 0.003794092275040316, 0.0030109428093965107, 0.003410840135188664, 0.0034108401351741723, 0.0011898273374526661, 0.0012141095280129247, 0.056987948907362806, 0.0012141095280129247, 0.0012141095280129247, 0.021126264605879803, 0.06150671280733147, 0.001608695124617126, 0.003584139413633558, 0.009105821460096936, 0.009105821460096936, 0.003794092275040316, 0.003794092275040316, 0.008526569164018838, 0.045370438361146626, 0.009105821460096936, 0.007815830086583127, 0.007815830086542519, 0.05235847339555735, 0.052358473395543115, 0.052358473395543115, 0.05235847339555735, 0.0037940922750401285, 0.009105821460096936, 0.009105821460096936, 0.0902993961459515, 0.003794092275040314, 0.008526569164018838, 0.021067350581233768, 0.021067350581233768, 0.007880850254037406, 0.0011248071699984776, 0.0011248071699984776, 0.0009105821460096935, 0.0011248071699984776, 0.0021155930770084146, 0.0021155930770084146, 0.005211565148995486, 0.0006374075022067859, 0.0005691138412560585, 0.000804347562308563, 0.0005949136687263331, 0.00393675014458191, 0.0011898273374526661, 0.0006070547640064624, 0.0006070547640064624, 0.0006070547640064624, 0.005211565148995234, 0.008795704562658102, 0.0035841394136468807, 0.05235847339555735, 0.0003035273820032312, 0.001289991373513732, 0.018970461375201947, 0.01897046137526104, 0.043796754478235, 0.06433538742294331, 0.07334519655632923, 0.010623458370113088, 0.0005311729185056545, 0.0003035273820032312, 0.0003035273820032312, 0.0005311729185056545, 0.045370438361146626, 0.010623458370105254, 0.045370438361146626, 0.0037940922750403904, 0.001289991373513732, 4.021737811260584e-05, 0.006421617242711619, 0.0038957739479883458, 2.238514468899666e-06, 0.00020715743823984667, 0.00020715743820155785, 0.0009636994378602569, 0.0009105821460096935, 0.023910369517259812, 0.001927398875720518, 0.00956111253305706, 0.0018742815838699517, 0.003187037511033927, 0.001168580420239232, 0.023910369517238905, 0.013924242766745608, 0.024282190560258494, 0.001927398875720518, 0.024282190560258488, 0.019957684185640572, 0.001927398875720518, 0.010172644326078475, 0.0018742815838699517, 0.07954171220622963, 0.0018742815838699517, 0.011761686052625203, 0.07441603589126844, 0.0011898273374526661, 0.037318762229631076, 0.0004401147039046853, 0.05235847339555735, 0.0012899913735137328, 0.0005539374721558971, 0.0004097619657043622, 0.0006374075022067859, 0.00044011470390468575, 0.0005691138412560585, 0.000804347562308563, 0.0005539374721558972, 0.0005949136687263331, 0.0004097619657043622, 4.477028952821755e-06, 4.477028952821755e-06, 0.0009105821459343133, 4.477028937799332e-06, 0.0004401147039046853, 0.0034212725629458873, 0.0012899913735137328, 0.0005539374721558971, 0.005818619913001921, 0.0004097619657043622, 4.477028952821755e-06, 0.005933960317634046, 4.477028952821755e-06, 0.0004401147039046853, 0.0012899913735137328, 0.0005539374721558971, 0.0004097619657043622, 4.477028952821755e-06, 0.0018742815839232208, 0.03626461690112137, 0.003794092275040314, 0.0011685804201988503, 0.07064599816125205, 0.0362646169010708, 0.009105821460096936, 0.0362646169010708, 0.009105821460096936, 0.0362646169010708, 0.009105821460138941, 0.00020715743820155785, 0.00044011470390468543, 1.5176369100230274e-06, 0.06029108564246144, 0.0009105821460096948, 0.001289991373513732, 0.06089814040637975, 0.02215749888623588, 0.000758818455481286, 0.0005539374721558972, 0.014136788975406489, 0.13516649421100269, 0.037318762229631076, 0.02215749888623588, 0.02215749888623588, 0.0004097619657043622, 0.0003035273820032312, 0.03731876222957453, 0.02215749888623588, 0.0005311729185056545, 0.02106735058130972, 0.00044011470390614704, 0.020431864568877245, 0.001289991373596422, 0.037318762229631076, 0.0005539374722047796, 0.0018742815838699517, 0.000409761965670441, 0.0356493616281401, 0.009864639915122098, 0.009864639915122098, 0.0006070547640064624, 0.004021737811542813, 0.003794092275040314, 0.0006070547639183133, 0.0009105821460096935, 0.014417550645134725, 0.0035841394136468807, 0.014417550645134725, 0.008795704562658102, 0.008795704562658102, 0.0006070547640064624, 0.00020715743820155785, 0.0005311729185056545, 0.002891098313580775, 0.0009105821460480001, 0.003794092275040316, 0.003794092275040316, 0.00956111253305706, 0.0003035273820032312, 0.03794092275040839, 0.0005311729185056545, 0.0005311729186132652, 0.0005311729185056545, 0.0005311729185056545, 0.0005311729185056545, 0.0005311729185056545, 0.007880850254037407, 0.007880850254037407, 0.007880850254037407, 0.006890064347027469, 0.006890064347027469, 0.002579982747027464, 0.002579982747027464, 0.0003035273820032312, 0.07588184550080779, 0.0012141095280640002, 0.0006070547639183133, 0.0035841394136468807, 0.03906552828392293, 0.0038957739480114722, 0.008795704562628792, 0.018970461375201864, 0.010623458370113248, 0.05823074177250463, 0.003010942809384915, 0.009864639915105, 0.7971332990480844, 0.01441755064515382, 4.477028937799332e-06, 0.008526569164005321, 0.007815830086583127, 0.03731876222957453, 0.020431864568868908, 0.0003035273820032312, 0.020431864568868908, 0.03731876222957453]","['GALt2pp', 'GART', 'EX_cys__L_e', '2AGPGAT160', '3HAD120', '3HAD140', '3OAR120', '3OAS120', 'ASPO6', 'CS', 'CYSDS', 'CYStex', 'FADRx', 'GLYC3Pabcpp', 'GLYK', 'GND', 'HEX7', 'KAS15', 'LACZpp', 'G3PGabcpp', 'NAt3_1p5pp', 'RNDR2', 'TRPS2', 'XYLI2', 'ENOPH', 'EAR60x', 'EAR80x', 'EAR100x', 'EAR120x', 'EAR140x']","['GALKr', 'DGK1', 'GLCP', 'AACPS3', 'AACPS9', 'ACOAD1f', 'ACOAD2f', 'ACOAD3f', 'ACOAD4f', 'ACOAD5f', 'ACOAD7f', 'ACS', 'ADPT', 'ALATA_L2', 'ALCD2x', 'ASPT', 'AST', 'CYSabc2pp', 'CYSS', 'CYTD', 'DCYTD', 'ETOHt2rpp', 'ETOHtex', 'DRPA', 'FACOAE80', 'FACOAL140t2pp', 'FACOAL161t2pp', 'FACOAL181t2pp', 'DURIPP', 'FBP', 'ECOAH1', 'ECOAH2', 'ECOAH3', 'ECOAH4', 'ECOAH5', 'ECOAH6', 'ECOAH7', 'ECOAH8', 'EDA', 'EDD', 'GLUN', 'GUAPRT', 'GLYC3Ptex', 'HACD1i', 'HACD2i', 'HACD3i', 'HACD4i', 'HACD5i', 'HACD6i', 'HACD7i', 'GLYCLTDy', 'GLYCtex', 'HACD8i', 'GMPR', 'CTECOAI7', 'ILEtex', 'INDOLEt2pp', 'INDOLEtex', 'ICL', 'ILEt2rpp', 'KAT1', 'ACACT11', 'ACACT8', 'ACACT13', 'ACACT10', 'ACACT9', 'LPLIPAL1G140pp', 'LPLIPAL1G160pp', 'LPLIPAL1G161pp', 'LPLIPAL1G181pp', 'ACACT12', 'ACACT8r', 'LCTStex', 'LPLIPAL2G160', 'LYSt3pp', 'MACPD', 'ME1', 'NADPHQR2', 'G3PGtex', 'NTD1', 'G6PDA', 'NTD3', 'NTD4', 'NTD6', 'NTD8', 'NTP3', 'P5CD', 'NTPP1', 'NTPP2', 'NTPP3', 'NTPP4', 'NTPP5', 'NTPP6', 'NTPP7', 'NTPP8', 'OAADC', 'CTECOAI8', 'PAPSR', 'PLIPA2G140pp', 'PLIPA2G160pp', 'PLIPA2G161pp', 'PLIPA2G181pp', 'PPC', 'PPM2', 'PUNP2', 'PUNP4', 'PYAM5PO', 'SADH', 'SERAT', 'SULR', 'SGDS', 'SGSAD', 'SO4tex', 'SOTA', 'SUCCtex', 'SULabcpp', 'UDPG4E', 'UGLT', 'UPPRT', 'URIK2', 'EX_etoh_e', 'EX_g3pg_e', 'EX_lcts_e', 'EX_glyc3p_e', 'EX_glyc_e', 'EX_ile__L_e', 'EX_indole_e', 'EX_so4_e', 'EX_succ_e', 'SUCCt3pp', 'PAPSSH']","['DHAD1', 'DHAD2', 'GHMT2r', '3HAD100', '3HAD160', '3HAD40', 'ACHBS', '3HAD60', 'ACLS', '3HAD80', '3OAR100', '3OAR140', '3OAR160', 'ACOAD6f', '3OAR40', 'ACOATA', '3OAR60', '3OAR80', '3OAS100', '3OAS140', '3OAS160', '3OAS60', '3OAS80', 'ADCL', 'ADCS', 'ADMDC', 'ADSL1r', 'ADSL2r', 'ADSS', 'ANPRT', 'ANS', 'AGMHE', 'AICART', 'AIRC2', 'AIRC3', 'ASNS2', 'ASPCT', 'ATPPRT', 'CAT', 'CBPS', 'CYSabcpp', 'CLPNS140pp', 'CLPNS160pp', 'CLPNS161pp', 'CLPNS181pp', 'DB4PS', 'DHFR', 'DHFS', 'DHNPA2r', 'DHORD2', 'DHORTS', 'DHPS2', 'DNTPPA', 'DPCOAK', 'FACOAL160t2pp', 'GLUDy', 'GLUPRT', 'H2St1pp', 'H2Stex', 'GLYCL', 'GLYCtpp', 'GMHEPAT', 'HCO3E', 'GMHEPK', 'GMHEPPA', 'HISTD', 'HISTP', 'GTPCI', 'HPPK2', 'IMPC', 'HSTPT', 'IPMD', 'IPPMIa', 'IPPMIb', 'IPPS', 'IG3PS', 'IGPDH', 'KARA1', 'IGPS', 'KARA2', 'ILETA', 'G1PACT', 'KDOCT2', 'KDOPP', 'KDOPS', 'LCTStpp', 'LEUTAi', 'LPADSS', 'LYStex', 'G3PD2', 'METabcpp', 'METAT', 'MOAT', 'MOAT2', 'MTAN', 'MTHFC', 'METtex', 'MTHFD', 'MTHFR2', 'NADK', 'NNATr', 'NNDPR', 'OMPDC', 'ORNDC', 'ORPT', 'P5CR', 'PE140abcpp', 'OMCDC', 'PE160abcpp', 'PE161abcpp', 'PE181abcpp', 'PG140abcpp', 'PG161abcpp', 'PG181abcpp', 'PNTK', 'PNTOt4pp', 'PGAMT', 'PNTOtex', 'PSD140', 'PGMT', 'PSD160', 'PSD161', 'PSD181', 'PPCDC', 'PPNCL2', 'PSSA140', 'PSSA160', 'PSSA161', 'PSSA181', 'PTPATi', 'PRAGSr', 'PRAIi', 'PRAIS', 'PRAMPC', 'PRASCSi', 'PRATPP', 'PRFGS', 'PRMICI', 'QULNS', 'PGPP140', 'RBFSa', 'PRPPS', 'RNDR4', 'PGPP160', 'RPI', 'PGPP161', 'SERD_L', 'PGPP181', 'TDSK', 'SPMS', 'THRD_L', 'PGSA140', 'PGSA160', 'PGSA161', 'TMDS', 'PGSA181', 'TRDR', 'TYRt2rpp', 'TYRtex', 'U23GAAT', 'TRPS3', 'UAGAAT', 'UAGDP', 'PHEt2rpp', 'PHEtex', 'UHGADA', 'NADS1', 'GALUi', 'URIDK2r', 'DNMPPA', 'GCALDD', 'USHD', 'VALTA', 'MTRK', 'MTRI', 'MDRPD', 'ARD', 'UNK3', 'EAR40x', 'EAR160x', 'LPS_YPtetra', 'BIOMASS_37C', 'S7PI', 'A5PISO', 'LACZ', 'EX_lys__L_e', 'EX_met__L_e', 'EX_tyr__L_e', 'EX_h2s_e', 'EX_phe__L_e', 'EX_pnto__R_e', 'KOKDO_LIPAtetra']",CYStex,SERAT,15.1562980761782,1,353,192,45.0,-2.3216941862716505,iPC815,PSL,True,False,-2.04000651009893,0.0,0.0,0.0
37,"['GALKr', 'GALt2pp', 'GART', 'DGK1', 'DHAD1', 'DHAD2', 'EX_cys__L_e', 'GHMT2r', '2AGPGAT160', 'AACPS3', 'AACPS7', 'AACPS9', 'ACALD', '3HAD100', '3HAD120', '3HAD140', '3HAD160', '3HAD40', 'ACHBS', '3HAD60', 'ACLS', '3HAD80', '3OAR100', 'ACOAD1f', '3OAR120', '3OAR140', 'ACOAD2f', 'ACOAD3f', 'ACOAD4f', '3OAR160', 'ACOAD5f', 'ACOAD6f', 'ACOAD7f', '3OAR40', 'ACOATA', '3OAR60', '3OAR80', '3OAS100', '3OAS120', '3OAS140', '3OAS160', '3OAS60', '3OAS80', 'ACS', 'ADCL', 'ADCS', 'ADMDC', 'ADPT', 'AMPN', 'ADSL1r', 'ADSL2r', 'ADSS', 'ANPRT', 'ANS', 'AGMHE', 'AICART', 'AIRC2', 'AIRC3', 'ASNS2', 'ALATA_L2', 'ASPCT', 'ALCD2x', 'ASPO6', 'AST', 'ATPPRT', 'CAT', 'CBPS', 'CYSabc2pp', 'CYSabcpp', 'CYSDS', 'CYSS', 'CYStex', 'CYTD', 'CLPNS140pp', 'CLPNS160pp', 'CLPNS161pp', 'CLPNS181pp', 'DB4PS', 'DCTPD', 'DHFR', 'DHFS', 'DHNPA2r', 'DHORD2', 'DHORD5', 'DHORTS', 'DHPS2', 'ETOHt2rpp', 'ETOHtex', 'FACOAE120', 'DNTPPA', 'DPCOAK', 'DRPA', 'FACOAE80', 'FACOAL140t2pp', 'FACOAL160t2pp', 'FACOAL161t2pp', 'FACOAL181t2pp', 'DURIPP', 'DUTPDP', 'FADRx', 'FBP', 'ECOAH1', 'ECOAH2', 'ECOAH3', 'ECOAH4', 'ECOAH5', 'ECOAH6', 'ECOAH7', 'ECOAH8', 'EDA', 'EDD', 'GLUN', 'GLUPRT', 'H2St1pp', 'GLYC3Pabcpp', 'GLYC3Ptex', 'H2Stex', 'HACD1i', 'HACD2i', 'HACD3i', 'GLYCL', 'HACD4i', 'HACD5i', 'HACD6i', 'HACD7i', 'GLYCLTDy', 'GLYCtex', 'GLYCtpp', 'GLYK', 'HACD8i', 'GMHEPAT', 'HCO3E', 'GMHEPK', 'GMHEPPA', 'GMPR', 'GND', 'CTECOAI7', 'HEX7', 'HISTD', 'HISTP', 'GTPCI', 'HPPK2', 'ILEtex', 'IMPC', 'HSTPT', 'INDOLEt2pp', 'INDOLEtex', 'IPMD', 'IPPMIa', 'IPPMIb', 'IPPS', 'ICL', 'IG3PS', 'IGPDH', 'KARA1', 'IGPS', 'ILEt2rpp', 'KARA2', 'ILETA', 'KAS15', 'KAT1', 'ACACT11', 'G1PACT', 'ACACT8', 'ACACT13', 'ACACT10', 'ACACT9', 'LPLIPAL1G140pp', 'LPLIPAL1G160pp', 'LPLIPAL1G161pp', 'LPLIPAL1G181pp', 'ACACT12', 'ACACT8r', 'KDOCT2', 'KDOPP', 'KDOPS', 'LACZpp', 'LCTStex', 'LCTStpp', 'LEUTAi', 'LPADSS', 'LPLIPAL2G160', 'LYSt3pp', 'LYStex', 'MACPD', 'G3PD2', 'ME1', 'METabcpp', 'METAT', 'MOAT', 'MOAT2', 'MTAN', 'MTHFC', 'METtex', 'MTHFD', 'MTHFR2', 'G3PGabcpp', 'NADK', 'NADPHQR3', 'G3PGtex', 'NAt3_1p5pp', 'NNATr', 'NNDPR', 'NDPK5', 'NDPK8', 'NTD1', 'G6PDA', 'OMPDC', 'NTD4', 'ORNDC', 'ORPT', 'NTP3', 'P5CD', 'NTPP1', 'P5CR', 'NTPP2', 'NTPP4', 'NTPP6', 'NTPP7', 'NTPP8', 'CTECOAI8', 'PAPSR', 'PDH', 'PE140abcpp', 'OMCDC', 'PE160abcpp', 'PE161abcpp', 'PE181abcpp', 'PLIPA2G140pp', 'PG140abcpp', 'PLIPA2G160pp', 'PLIPA2G161pp', 'PG161abcpp', 'PLIPA2G181pp', 'PG181abcpp', 'PNTK', 'PNTOt4pp', 'PGAMT', 'PNTOtex', 'PSD140', 'PGMT', 'PSD160', 'PSD161', 'PPC', 'PSD181', 'PPCDC', 'PPM2', 'PPNCL2', 'PSSA140', 'PSSA160', 'PSSA161', 'PSSA181', 'PTPATi', 'PRAGSr', 'PRAIi', 'PYAM5PO', 'PRAIS', 'PRAMPC', 'PRASCSi', 'PRATPP', 'PRFGS', 'PRMICI', 'QULNS', 'PGPP140', 'RBFSa', 'RNDR4', 'PGPP160', 'RNDR1', 'RPI', 'SADH', 'RNDR2', 'PGPP161', 'SERAT', 'SERD_L', 'SULR', 'SGDS', 'SGSAD', 'PGPP181', 'TDSK', 'SO4tex', 'SOTA', 'SPMS', 'THRA', 'THRD_L', 'PGSA140', 'SUCCtex', 'PGSA160', 'SULabcpp', 'PGSA161', 'TMDS', 'PGSA181', 'TRDR', 'TYRt2rpp', 'TYRtex', 'U23GAAT', 'TRPS2', 'TRPS3', 'UAGAAT', 'UAGDP', 'PHEt2rpp', 'XYLI2', 'PHEtex', 'UDPG4E', 'UGLT', 'UHGADA', 'NADS1', 'GALUi', 'UPPRT', 'URIDK2r', 'DNMPPA', 'GCALDD', 'URIK2', 'USHD', 'VALTA', 'MTRK', 'MTRI', 'MDRPD', 'ARD', 'UNK3', 'EAR40x', 'EAR60x', 'EAR80x', 'EAR100x', 'EAR120x', 'EAR140x', 'EAR160x', 'LPS_YPtetra', 'BIOMASS_37C', 'S7PI', 'A5PISO', 'LACZ', 'EX_etoh_e', 'EX_g3pg_e', 'EX_lcts_e', 'EX_lys__L_e', 'EX_met__L_e', 'EX_glyc3p_e', 'EX_glyc_e', 'EX_tyr__L_e', 'EX_h2s_e', 'EX_phe__L_e', 'EX_pnto__R_e', 'EX_ile__L_e', 'EX_indole_e', 'EX_so4_e', 'EX_succ_e', 'KOKDO_LIPAtetra', 'SUCCt3pp', 'PAPSSH']","[-0.008795704561862294, -0.005211565149086179, -0.036264616900342425, 0.0007588184566884593, -0.09029939614753346, -0.021067350576255153, 0.8399959130307069, -0.10312918019690187, -0.001289991373536191, 0.002579982747072381, 0.0030959720719659365, 0.0009907859072551053, 0.01372802189871436, -0.006890064347072396, -0.006890064347072382, -0.002579982747072382, -0.002579982747072382, -0.007880850254327505, -0.021067350576255153, -0.007880850254327505, -0.09029939614753346, -0.007880850254327505, -0.006890064347089719, 0.0011248071698446438, -0.006890064347089719, -0.003794092275143157, 0.0011248071698446438, 0.0011248071698446438, 0.002115593077064659, -0.002579982747079157, 0.002115593077064659, 0.005211565149011221, 0.002328055020029751, -0.007880850254309735, -0.04379675447933096, -0.007880850254309735, -0.007880850254309735, -0.006890064347072396, -0.006890064347072382, -0.003794092275106445, -0.002579982747072382, -0.007880850254327505, -0.007880850254327505, 0.013529734211342912, -0.0037940922751063724, -0.0037940922751063724, -0.0005311729185149025, 0.06280277472776812, 0.06333394764628301, -0.024244173754254916, -0.036264616900325564, -0.024244173754350264, 0.0037940922751063724, 0.0037940922751063724, -0.0009105821460255472, -0.04537043836057819, -0.036264616900342425, 0.036264616900325564, -0.019729279830553517, 0.07064599816248204, -0.02391036951767611, -0.03906552828198073, -0.00020715743823154916, 0.02215749888662165, -0.009105821460255473, 0.03521942036212525, -0.020723332006586687, 2.306390045738783, 1.466394132708076, -0.8203152723048067, 0.014136788975359924, -0.8399959130307479, 0.009561112533223531, -6.525838705329079e-05, -0.0001897046138310543, -8.347003006292653e-05, -6.146429495856864e-05, -1.5176369100379648e-06, 0.0019273988757540746, -0.005668373858952691, -0.0037940922751063724, -0.003794092275106374, -0.01748875227727198, -0.006421617240404132, 0.023910369517693653, -0.0037940922751063724, -0.03906552828198073, -0.03906552828198073, 0.0030959720719659365, -0.003794092275106374, -4.477028884798829e-06, 0.0028910983136311115, 0.0009907859072551053, 0.0012748150044357663, 0.0011382276825319354, 0.0016086951246451313, 0.0011898273374733818, 0.002891098313625662, 0.0019273988757540746, -0.015145227832927616, 0.003249740323909978, -0.0011248071698446438, -0.0011248071698446438, -0.0011248071698446438, -0.002115593077064659, -0.002115593077064659, -0.005211565149124908, -0.003936750144703183, -0.0011898273374981727, 0.06454957481122695, 0.06454957481122695, 0.12284648555310185, -0.036264616900342425, -0.7971332990517968, -0.058230741770416726, -0.05823074177044418, 0.7971332990517794, 0.001124807169865176, 0.001124807169865176, 0.001124807169865176, 0.05209036797736866, 0.0021155930771202813, 0.0021155930771202813, 0.005211565149086218, 0.003936750144650449, 0.003794092275106374, -0.003010942814853479, 0.0034108401406456323, -0.0034108401406163363, 0.0011898273374733818, -0.0012141095280340632, -0.05698794890690806, -0.0012141095280340632, -0.0012141095280340632, 0.02112626460624764, -0.06454957481122695, 0.0016086951246451313, -0.0035841394128199866, -0.009105821460255473, -0.009105821460255473, -0.003794092275106374, -0.003794092275106374, -0.008526569169589493, 0.04537043836057819, -0.009105821460255473, 0.007815830086719204, -0.007815830086769893, -0.05235847339646896, 0.05235847339645261, 0.05235847339645261, -0.05235847339646896, 0.003794092275106374, -0.009105821460255473, -0.009105821460255473, 0.09029939614754312, 0.0037940922751063724, -0.008526569169589493, -0.021067350576231547, 0.021067350576231547, -0.007880850254327505, 0.001124807169865176, 0.001124807169865176, -0.0009105821460255472, 0.001124807169865176, 0.0021155930771202813, 0.0021155930771202813, 0.005211565149086218, 0.0006374075022178832, 0.0005691138412659675, 0.0008043475623225669, 0.0005949136687366909, 0.003936750144650449, 0.0011898273374733818, -0.0006070547640170316, -0.0006070547640170316, -0.0006070547640170316, -0.005211565149086179, -0.008795704561862294, -0.003584139412737386, -0.05235847339646896, -0.0003035273820085158, 0.001289991373536191, 0.01897046137553223, -0.018970461375488412, 0.043796754479306116, -0.06433538742635392, 0.07334519655916111, -0.010623458370243689, -0.0005311729185149025, -0.0003035273820085158, -0.0003035273820085158, -0.0005311729185149025, -0.04537043836069188, -0.010623458370218941, -0.04537043836069188, -0.003794092275106447, -0.0012899913735361901, -4.021737812247479e-05, 0.006421617240404132, -0.0038957739481020326, -2.2385144423994145e-06, -0.00020715743823984667, -0.00020715743823154916, -0.001168580419061982, -0.0018742815839232208, 0.0028910983136311115, 0.0009105821460255472, -0.02391036951767611, 0.009561112533223531, -0.003187037511089414, 0.023910369517693653, 0.012755662345372655, 0.024282190560681254, 0.0007588184566884593, -0.02428219056068126, 0.02112626460624764, 0.010172644326169386, 0.021124908147116095, 0.0018742815839025845, 0.011761686052829984, 0.0011898273374733818, 0.03731876222836984, -0.17380031969619095, -0.0004401147039123478, -0.05235847339646896, -0.0012899913735361919, -0.0005539374721655413, -0.00040976196571149625, 0.0006374075022178832, 0.0004401147039123479, 0.0005691138412659675, 0.0008043475623225669, 0.0005539374721655419, 0.0005949136687366909, 0.00040976196571149625, -4.477028884798829e-06, -4.477028884798829e-06, 0.0009105821460480001, -4.477028937799332e-06, -0.0004401147039123478, 0.003421272563969069, -0.0012899913735361919, -0.0005539374721655413, 0.005818619913103701, -0.00040976196571149625, -4.477028884798829e-06, 0.002891098313625662, -4.477028884798829e-06, -0.0004401147039123478, -0.0012899913735361919, -0.0005539374721655413, -0.00040976196571149625, -4.477028884798829e-06, -0.036264616900325564, 0.0037940922751063724, 0.07064599816248204, -0.036264616900342425, -0.009105821460255473, -0.036264616900342425, -0.009105821460255473, -0.036264616900342425, -0.009105821460252628, -0.00020715743823154916, 0.0004401147039123479, -1.5176369100379648e-06, -0.0009105821460255476, 0.0012899913735361919, -0.0018742815839025845, 0.06394100241027445, 0.02215749888662165, -0.0019273988757540746, 0.0005539374721655419, 0.014136788975406489, 0.13516649420966087, 0.03731876222836984, 0.02215749888662165, 0.02215749888662165, 0.00040976196571149625, -0.0003035273820085158, 0.037318762228323976, 0.02215749888662165, -0.0005311729185149025, 0.04990245186706943, -0.021067350576255153, 0.00044011470390614704, -0.020431864567740377, 0.001289991373596422, 0.03731876222836984, 0.0005539374720910928, -0.0018742815839025845, 0.000409761965670441, 0.032606499622687635, -0.009864639915235784, -0.009864639915235784, -0.0006070547640170316, -0.004021737811612832, 0.0037940922751063724, -0.0006070547639183133, -0.0009105821460255472, -0.014417550645362098, -0.003584139412851073, -0.014417550645362098, 0.008795704561862294, -0.008795704561862294, -0.0006070547640170316, -0.00020715743823154916, -0.0005311729185149025, 0.0028910983136311115, 0.0009105821460480001, -0.003794092275106374, -0.003794092275106374, 0.009561112533223531, -0.0003035273820085158, 0.03794092275109051, -0.0005311729185149025, -0.0005311729186132652, -0.0005311729185149025, -0.0005311729185692618, -0.0005311729185692618, -0.007880850254327505, -0.007880850254327505, -0.007880850254327505, -0.006890064347072382, -0.006890064347072382, -0.002579982747072382, -0.002579982747072382, -0.0003035273820085158, -0.07588184550212893, -0.0012141095280640002, -0.0006070547639183133, -0.003584139412737386, 0.03906552828196434, 0.0038957739480792986, 0.008795704561906165, 0.018970461375532155, 0.01062345837024381, 0.058230741770416726, 0.003010942814820117, 0.00986463991527664, -0.7971332990517968, 0.01441755064540473, 4.477028937799332e-06, 0.00852656916957513, 0.007815830086719204, -0.037318762228323976, 0.020431864567687606, -0.0003035273820085158, 0.020431864567687606, 0.037318762228323976]","[0.008795704561862294, 0.005211565149086179, 0.036264616900342425, 0.0007588184566884593, 0.09029939614753346, 0.021067350576255153, 0.8399959130307069, 0.10312918019690187, 0.001289991373536191, 0.002579982747072381, 0.0030959720719659365, 0.0009907859072551053, 0.01372802189871436, 0.006890064347072396, 0.006890064347072382, 0.002579982747072382, 0.002579982747072382, 0.007880850254327505, 0.021067350576255153, 0.007880850254327505, 0.09029939614753346, 0.007880850254327505, 0.006890064347089719, 0.0011248071698446438, 0.006890064347089719, 0.003794092275143157, 0.0011248071698446438, 0.0011248071698446438, 0.002115593077064659, 0.002579982747079157, 0.002115593077064659, 0.005211565149011221, 0.002328055020029751, 0.007880850254309735, 0.04379675447933096, 0.007880850254309735, 0.007880850254309735, 0.006890064347072396, 0.006890064347072382, 0.003794092275106445, 0.002579982747072382, 0.007880850254327505, 0.007880850254327505, 0.013529734211342912, 0.0037940922751063724, 0.0037940922751063724, 0.0005311729185149025, 0.06280277472776812, 0.06333394764628301, 0.024244173754254916, 0.036264616900325564, 0.024244173754350264, 0.0037940922751063724, 0.0037940922751063724, 0.0009105821460255472, 0.04537043836057819, 0.036264616900342425, 0.036264616900325564, 0.019729279830553517, 0.07064599816248204, 0.02391036951767611, 0.03906552828198073, 0.00020715743823154916, 0.02215749888662165, 0.009105821460255473, 0.03521942036212525, 0.020723332006586687, 2.306390045738783, 1.466394132708076, 0.8203152723048067, 0.014136788975359924, 0.8399959130307479, 0.009561112533223531, 6.525838705329079e-05, 0.0001897046138310543, 8.347003006292653e-05, 6.146429495856864e-05, 1.5176369100379648e-06, 0.0019273988757540746, 0.005668373858952691, 0.0037940922751063724, 0.003794092275106374, 0.01748875227727198, 0.006421617240404132, 0.023910369517693653, 0.0037940922751063724, 0.03906552828198073, 0.03906552828198073, 0.0030959720719659365, 0.003794092275106374, 4.477028884798829e-06, 0.0028910983136311115, 0.0009907859072551053, 0.0012748150044357663, 0.0011382276825319354, 0.0016086951246451313, 0.0011898273374733818, 0.002891098313625662, 0.0019273988757540746, 0.015145227832927616, 0.003249740323909978, 0.0011248071698446438, 0.0011248071698446438, 0.0011248071698446438, 0.002115593077064659, 0.002115593077064659, 0.005211565149124908, 0.003936750144703183, 0.0011898273374981727, 0.06454957481122695, 0.06454957481122695, 0.12284648555310185, 0.036264616900342425, 0.7971332990517968, 0.058230741770416726, 0.05823074177044418, 0.7971332990517794, 0.001124807169865176, 0.001124807169865176, 0.001124807169865176, 0.05209036797736866, 0.0021155930771202813, 0.0021155930771202813, 0.005211565149086218, 0.003936750144650449, 0.003794092275106374, 0.003010942814853479, 0.0034108401406456323, 0.0034108401406163363, 0.0011898273374733818, 0.0012141095280340632, 0.05698794890690806, 0.0012141095280340632, 0.0012141095280340632, 0.02112626460624764, 0.06454957481122695, 0.0016086951246451313, 0.0035841394128199866, 0.009105821460255473, 0.009105821460255473, 0.003794092275106374, 0.003794092275106374, 0.008526569169589493, 0.04537043836057819, 0.009105821460255473, 0.007815830086719204, 0.007815830086769893, 0.05235847339646896, 0.05235847339645261, 0.05235847339645261, 0.05235847339646896, 0.003794092275106374, 0.009105821460255473, 0.009105821460255473, 0.09029939614754312, 0.0037940922751063724, 0.008526569169589493, 0.021067350576231547, 0.021067350576231547, 0.007880850254327505, 0.001124807169865176, 0.001124807169865176, 0.0009105821460255472, 0.001124807169865176, 0.0021155930771202813, 0.0021155930771202813, 0.005211565149086218, 0.0006374075022178832, 0.0005691138412659675, 0.0008043475623225669, 0.0005949136687366909, 0.003936750144650449, 0.0011898273374733818, 0.0006070547640170316, 0.0006070547640170316, 0.0006070547640170316, 0.005211565149086179, 0.008795704561862294, 0.003584139412737386, 0.05235847339646896, 0.0003035273820085158, 0.001289991373536191, 0.01897046137553223, 0.018970461375488412, 0.043796754479306116, 0.06433538742635392, 0.07334519655916111, 0.010623458370243689, 0.0005311729185149025, 0.0003035273820085158, 0.0003035273820085158, 0.0005311729185149025, 0.04537043836069188, 0.010623458370218941, 0.04537043836069188, 0.003794092275106447, 0.0012899913735361901, 4.021737812247479e-05, 0.006421617240404132, 0.0038957739481020326, 2.2385144423994145e-06, 0.00020715743823984667, 0.00020715743823154916, 0.001168580419061982, 0.0018742815839232208, 0.0028910983136311115, 0.0009105821460255472, 0.02391036951767611, 0.009561112533223531, 0.003187037511089414, 0.023910369517693653, 0.012755662345372655, 0.024282190560681254, 0.0007588184566884593, 0.02428219056068126, 0.02112626460624764, 0.010172644326169386, 0.021124908147116095, 0.0018742815839025845, 0.011761686052829984, 0.0011898273374733818, 0.03731876222836984, 0.17380031969619095, 0.0004401147039123478, 0.05235847339646896, 0.0012899913735361919, 0.0005539374721655413, 0.00040976196571149625, 0.0006374075022178832, 0.0004401147039123479, 0.0005691138412659675, 0.0008043475623225669, 0.0005539374721655419, 0.0005949136687366909, 0.00040976196571149625, 4.477028884798829e-06, 4.477028884798829e-06, 0.0009105821460480001, 4.477028937799332e-06, 0.0004401147039123478, 0.003421272563969069, 0.0012899913735361919, 0.0005539374721655413, 0.005818619913103701, 0.00040976196571149625, 4.477028884798829e-06, 0.002891098313625662, 4.477028884798829e-06, 0.0004401147039123478, 0.0012899913735361919, 0.0005539374721655413, 0.00040976196571149625, 4.477028884798829e-06, 0.036264616900325564, 0.0037940922751063724, 0.07064599816248204, 0.036264616900342425, 0.009105821460255473, 0.036264616900342425, 0.009105821460255473, 0.036264616900342425, 0.009105821460252628, 0.00020715743823154916, 0.0004401147039123479, 1.5176369100379648e-06, 0.0009105821460255476, 0.0012899913735361919, 0.0018742815839025845, 0.06394100241027445, 0.02215749888662165, 0.0019273988757540746, 0.0005539374721655419, 0.014136788975406489, 0.13516649420966087, 0.03731876222836984, 0.02215749888662165, 0.02215749888662165, 0.00040976196571149625, 0.0003035273820085158, 0.037318762228323976, 0.02215749888662165, 0.0005311729185149025, 0.04990245186706943, 0.021067350576255153, 0.00044011470390614704, 0.020431864567740377, 0.001289991373596422, 0.03731876222836984, 0.0005539374720910928, 0.0018742815839025845, 0.000409761965670441, 0.032606499622687635, 0.009864639915235784, 0.009864639915235784, 0.0006070547640170316, 0.004021737811612832, 0.0037940922751063724, 0.0006070547639183133, 0.0009105821460255472, 0.014417550645362098, 0.003584139412851073, 0.014417550645362098, 0.008795704561862294, 0.008795704561862294, 0.0006070547640170316, 0.00020715743823154916, 0.0005311729185149025, 0.0028910983136311115, 0.0009105821460480001, 0.003794092275106374, 0.003794092275106374, 0.009561112533223531, 0.0003035273820085158, 0.03794092275109051, 0.0005311729185149025, 0.0005311729186132652, 0.0005311729185149025, 0.0005311729185692618, 0.0005311729185692618, 0.007880850254327505, 0.007880850254327505, 0.007880850254327505, 0.006890064347072382, 0.006890064347072382, 0.002579982747072382, 0.002579982747072382, 0.0003035273820085158, 0.07588184550212893, 0.0012141095280640002, 0.0006070547639183133, 0.003584139412737386, 0.03906552828196434, 0.0038957739480792986, 0.008795704561906165, 0.018970461375532155, 0.01062345837024381, 0.058230741770416726, 0.003010942814820117, 0.00986463991527664, 0.7971332990517968, 0.01441755064540473, 4.477028937799332e-06, 0.00852656916957513, 0.007815830086719204, 0.037318762228323976, 0.020431864567687606, 0.0003035273820085158, 0.020431864567687606, 0.037318762228323976]","['GALt2pp', 'GART', 'EX_cys__L_e', '2AGPGAT160', '3HAD120', '3HAD140', '3HAD160', '3OAR120', '3OAR160', '3OAS120', '3OAS160', 'ASPO6', 'CYSDS', 'CYStex', 'DHORD5', 'FADRx', 'GLYC3Pabcpp', 'GLYK', 'GND', 'HEX7', 'KAS15', 'LACZpp', 'G3PGabcpp', 'NAt3_1p5pp', 'NDPK8', 'PDH', 'RNDR1', 'RNDR2', 'XYLI2', 'EAR100x', 'EAR120x', 'EAR140x', 'EAR160x']","['GALKr', 'DGK1', 'AACPS7', 'AACPS9', 'ACOAD1f', 'ACOAD2f', 'ACOAD3f', 'ACOAD4f', 'ACOAD5f', 'ACS', 'ADPT', 'AMPN', 'ALATA_L2', 'ALCD2x', 'AST', 'CYSabc2pp', 'CYSS', 'CYTD', 'DCTPD', 'ETOHt2rpp', 'ETOHtex', 'FACOAE120', 'DRPA', 'FACOAE80', 'FACOAL140t2pp', 'FACOAL181t2pp', 'DURIPP', 'DUTPDP', 'FBP', 'ECOAH1', 'ECOAH2', 'ECOAH3', 'ECOAH4', 'ECOAH5', 'ECOAH6', 'ECOAH7', 'ECOAH8', 'EDA', 'EDD', 'GLUN', 'GLYC3Ptex', 'HACD1i', 'HACD2i', 'HACD3i', 'HACD4i', 'HACD5i', 'HACD6i', 'HACD7i', 'GLYCLTDy', 'GLYCtex', 'HACD8i', 'GMPR', 'ILEtex', 'INDOLEt2pp', 'INDOLEtex', 'ICL', 'ILEt2rpp', 'KAT1', 'ACACT11', 'ACACT8', 'ACACT13', 'ACACT10', 'ACACT9', 'LPLIPAL1G140pp', 'LPLIPAL1G160pp', 'LPLIPAL1G181pp', 'ACACT12', 'ACACT8r', 'LCTStex', 'LPLIPAL2G160', 'LYSt3pp', 'MACPD', 'ME1', 'NADPHQR3', 'G3PGtex', 'NTD1', 'G6PDA', 'NTD4', 'NTP3', 'P5CD', 'NTPP1', 'NTPP2', 'NTPP4', 'NTPP6', 'NTPP7', 'NTPP8', 'CTECOAI8', 'PAPSR', 'PLIPA2G140pp', 'PLIPA2G160pp', 'PLIPA2G181pp', 'PPC', 'PPM2', 'PYAM5PO', 'SADH', 'SERAT', 'SULR', 'SGDS', 'SGSAD', 'SO4tex', 'SOTA', 'SUCCtex', 'SULabcpp', 'UDPG4E', 'UGLT', 'UPPRT', 'URIK2', 'EX_etoh_e', 'EX_g3pg_e', 'EX_lcts_e', 'EX_glyc3p_e', 'EX_glyc_e', 'EX_ile__L_e', 'EX_indole_e', 'EX_so4_e', 'EX_succ_e', 'SUCCt3pp', 'PAPSSH']","['DHAD1', 'DHAD2', 'GHMT2r', 'AACPS3', 'ACALD', '3HAD100', '3HAD40', 'ACHBS', '3HAD60', 'ACLS', '3HAD80', '3OAR100', '3OAR140', 'ACOAD6f', 'ACOAD7f', '3OAR40', 'ACOATA', '3OAR60', '3OAR80', '3OAS100', '3OAS140', '3OAS60', '3OAS80', 'ADCL', 'ADCS', 'ADMDC', 'ADSL1r', 'ADSL2r', 'ADSS', 'ANPRT', 'ANS', 'AGMHE', 'AICART', 'AIRC2', 'AIRC3', 'ASNS2', 'ASPCT', 'ATPPRT', 'CAT', 'CBPS', 'CYSabcpp', 'CLPNS140pp', 'CLPNS160pp', 'CLPNS161pp', 'CLPNS181pp', 'DB4PS', 'DHFR', 'DHFS', 'DHNPA2r', 'DHORD2', 'DHORTS', 'DHPS2', 'DNTPPA', 'DPCOAK', 'FACOAL160t2pp', 'FACOAL161t2pp', 'GLUPRT', 'H2St1pp', 'H2Stex', 'GLYCL', 'GLYCtpp', 'GMHEPAT', 'HCO3E', 'GMHEPK', 'GMHEPPA', 'CTECOAI7', 'HISTD', 'HISTP', 'GTPCI', 'HPPK2', 'IMPC', 'HSTPT', 'IPMD', 'IPPMIa', 'IPPMIb', 'IPPS', 'IG3PS', 'IGPDH', 'KARA1', 'IGPS', 'KARA2', 'ILETA', 'G1PACT', 'LPLIPAL1G161pp', 'KDOCT2', 'KDOPP', 'KDOPS', 'LCTStpp', 'LEUTAi', 'LPADSS', 'LYStex', 'G3PD2', 'METabcpp', 'METAT', 'MOAT', 'MOAT2', 'MTAN', 'MTHFC', 'METtex', 'MTHFD', 'MTHFR2', 'NADK', 'NNATr', 'NNDPR', 'NDPK5', 'OMPDC', 'ORNDC', 'ORPT', 'P5CR', 'PE140abcpp', 'OMCDC', 'PE160abcpp', 'PE161abcpp', 'PE181abcpp', 'PG140abcpp', 'PLIPA2G161pp', 'PG161abcpp', 'PG181abcpp', 'PNTK', 'PNTOt4pp', 'PGAMT', 'PNTOtex', 'PSD140', 'PGMT', 'PSD160', 'PSD161', 'PSD181', 'PPCDC', 'PPNCL2', 'PSSA140', 'PSSA160', 'PSSA161', 'PSSA181', 'PTPATi', 'PRAGSr', 'PRAIi', 'PRAIS', 'PRAMPC', 'PRASCSi', 'PRATPP', 'PRFGS', 'PRMICI', 'QULNS', 'PGPP140', 'RBFSa', 'RNDR4', 'PGPP160', 'RPI', 'PGPP161', 'SERD_L', 'PGPP181', 'TDSK', 'SPMS', 'THRA', 'THRD_L', 'PGSA140', 'PGSA160', 'PGSA161', 'TMDS', 'PGSA181', 'TRDR', 'TYRt2rpp', 'TYRtex', 'U23GAAT', 'TRPS2', 'TRPS3', 'UAGAAT', 'UAGDP', 'PHEt2rpp', 'PHEtex', 'UHGADA', 'NADS1', 'GALUi', 'URIDK2r', 'DNMPPA', 'GCALDD', 'USHD', 'VALTA', 'MTRK', 'MTRI', 'MDRPD', 'ARD', 'UNK3', 'EAR40x', 'EAR60x', 'EAR80x', 'LPS_YPtetra', 'BIOMASS_37C', 'S7PI', 'A5PISO', 'LACZ', 'EX_lys__L_e', 'EX_met__L_e', 'EX_tyr__L_e', 'EX_h2s_e', 'EX_phe__L_e', 'EX_pnto__R_e', 'KOKDO_LIPAtetra']",CYStex,SULR,15.156298076252755,1,349,198,53.0,-1.9462965140205553,iPC815,PSL,True,False,-2.04000651009893,0.0,0.0,0.0
38,"['GALKr', 'GART', 'DGK1', 'DHAD1', 'DHAD2', 'EX_cys__L_e', 'GHMT2r', 'GLCP', '2AGPGAT160', 'AACPS3', 'AACPS7', 'AACPS9', '3HAD100', '3HAD120', '3HAD140', '3HAD160', '3HAD40', 'ACHBS', '3HAD60', 'ACLS', '3HAD80', '3OAR100', 'ACOAD1f', '3OAR120', '3OAR140', 'ACOAD2f', 'ACOAD3f', 'ACOAD4f', '3OAR160', 'ACOAD5f', 'ACOAD6f', 'ACOAD7f', '3OAR40', 'ACOATA', '3OAR60', '3OAR80', '3OAS100', '3OAS120', '3OAS140', '3OAS160', '3OAS60', '3OAS80', 'ACS', 'ADCL', 'ADCS', 'ADMDC', 'ADPT', 'AMPN', 'ADSL1r', 'ADSL2r', 'ADSS', 'ANPRT', 'ANS', 'AGMHE', 'AICART', 'AIRC2', 'AIRC3', 'ASNS2', 'ALATA_L2', 'ASPCT', 'ALCD2x', 'ASPO6', 'AST', 'ATPPRT', 'CS', 'CAT', 'CBPS', 'CYSabc2pp', 'CYSabcpp', 'CYSDS', 'CYSS', 'CYStex', 'CYTD', 'CLPNS140pp', 'CLPNS160pp', 'CLPNS161pp', 'CLPNS181pp', 'DB4PS', 'DCTPD', 'DHFR', 'DHFS', 'DHNPA2r', 'DHORD2', 'DHORTS', 'DHPS2', 'ETOHt2rpp', 'ETOHtex', 'FACOAE120', 'DNTPPA', 'DPCOAK', 'DRPA', 'FACOAE80', 'FACOAL140t2pp', 'FACOAL160t2pp', 'FACOAL181t2pp', 'DURIPP', 'DUTPDP', 'FADRx', 'FBP', 'ECOAH1', 'ECOAH2', 'ECOAH3', 'ECOAH4', 'ECOAH5', 'ECOAH6', 'ECOAH7', 'ECOAH8', 'EDA', 'EDD', 'GLUN', 'GLUPRT', 'H2St1pp', 'GLYC3Pabcpp', 'GLYC3Ptex', 'H2Stex', 'HACD1i', 'HACD2i', 'HACD3i', 'GLYCL', 'HACD4i', 'HACD5i', 'HACD6i', 'HACD7i', 'GLYCLTDy', 'GLYCtex', 'GLYCtpp', 'GLYK', 'HACD8i', 'GMHEPAT', 'HCO3E', 'GMHEPK', 'GMHEPPA', 'GMPR', 'GND', 'CTECOAI7', 'HEX1', 'HEX7', 'HISTD', 'HISTP', 'GTPCI', 'HPPK2', 'ILEtex', 'IMPC', 'HSTPT', 'INDOLEt2pp', 'INDOLEtex', 'IPMD', 'IPPMIa', 'IPPMIb', 'IPPS', 'ICL', 'IG3PS', 'IGPDH', 'KARA1', 'IGPS', 'ILEt2rpp', 'KARA2', 'ILETA', 'KAS15', 'KAT1', 'ACACT11', 'G1PACT', 'ACACT8', 'ACACT13', 'ACACT10', 'ACACT9', 'LPLIPAL1G140pp', 'LPLIPAL1G160pp', 'LPLIPAL1G161pp', 'LPLIPAL1G181pp', 'ACACT12', 'ACACT8r', 'KDOCT2', 'KDOPP', 'KDOPS', 'LCTStex', 'LCTStpp', 'LEUTAi', 'LPADSS', 'LPLIPAL2G160', 'LYSt3pp', 'LYStex', 'MACPD', 'G3PD2', 'ME1', 'METabcpp', 'METAT', 'MOAT', 'MOAT2', 'MTAN', 'MTHFC', 'METtex', 'MTHFD', 'MTHFR2', 'G3PGabcpp', 'NADK', 'NADPHQR2', 'G3PGtex', 'NAt3_1p5pp', 'NNATr', 'NNDPR', 'NDPK8', 'NTD1', 'G6PDA', 'OMPDC', 'NTD4', 'ORNDC', 'ORPT', 'NTP3', 'P5CD', 'NTPP1', 'P5CR', 'NTPP2', 'NTPP4', 'NTPP6', 'NTPP7', 'NTPP8', 'CTECOAI8', 'PAPSR', 'PAPSR2', 'PDH', 'PE140abcpp', 'OMCDC', 'PE160abcpp', 'PE161abcpp', 'PE181abcpp', 'PLIPA2G140pp', 'PG140abcpp', 'PLIPA2G160pp', 'PLIPA2G161pp', 'PG161abcpp', 'PLIPA2G181pp', 'PG181abcpp', 'PNTK', 'PNTOt4pp', 'PGAMT', 'PNTOtex', 'PPA', 'PSD140', 'PGMT', 'PSD160', 'PSD161', 'PSD181', 'PPCDC', 'PPM2', 'PPNCL2', 'PSSA140', 'PSSA160', 'PSSA161', 'PSSA181', 'PTPATi', 'PRAGSr', 'PRAIi', 'PYAM5PO', 'PRAIS', 'PRAMPC', 'PRASCSi', 'PRATPP', 'PRFGS', 'PRMICI', 'QULNS', 'PGPP140', 'RBFSa', 'RNDR4b', 'PGPP160', 'RNDR1', 'RPI', 'SADH', 'RNDR2b', 'PGPP161', 'SERAT', 'SERD_L', 'SULR', 'SGDS', 'SGSAD', 'PGPP181', 'TDSK', 'SO4tex', 'SOTA', 'SPMS', 'THRD_L', 'PGSA140', 'SUCCtex', 'PGSA160', 'SULabcpp', 'PGSA161', 'TMDS', 'PGSA181', 'TRDR', 'TYRt2rpp', 'TYRtex', 'U23GAAT', 'TRPS2', 'TRPS3', 'UAGAAT', 'UAGDP', 'PHEt2rpp', 'XYLI2', 'PHEtex', 'UDPG4E', 'UGLT', 'UHGADA', 'NADS1', 'GALUi', 'UPPRT', 'URIDK2r', 'DNMPPA', 'GCALDD', 'URIK2', 'USHD', 'VALTA', 'MTRK', 'MTRI', 'MDRPD', 'ENOPH', 'ARD', 'UNK3', 'EAR40x', 'EAR60x', 'EAR80x', 'EAR100x', 'EAR120x', 'EAR140x', 'EAR160x', 'LPS_YPtetra', 'BIOMASS_37C', 'S7PI', 'A5PISO', 'LACZ', 'EX_etoh_e', 'EX_g3pg_e', 'EX_lcts_e', 'EX_lys__L_e', 'EX_met__L_e', 'EX_glyc3p_e', 'EX_glyc_e', 'EX_tyr__L_e', 'EX_h2s_e', 'EX_phe__L_e', 'EX_pnto__R_e', 'EX_ile__L_e', 'EX_indole_e', 'EX_so4_e', 'EX_succ_e', 'KOKDO_LIPAtetra', 'SUCCt3pp', 'PAPSSH']","[-0.008795704562544415, -0.03626461690071063, 0.0019273988757504412, -0.0902993961461789, -0.021067350579800123, 0.8399959130266197, -0.10312918019826611, 0.01168580420715256, -0.0012899913735168402, 0.0025799827470336795, 0.003095972071984149, 0.0009907859070438715, -0.006890064347033677, -0.00689006434703368, -0.0025799827470336803, -0.0025799827470336803, -0.007880850254077549, -0.021067350579800123, -0.007880850254077549, -0.0902993961461789, -0.007880850254077549, -0.0068900643469760325, 0.0011248071699583306, -0.006890064347089719, -0.003794092275143157, 0.0011248071699583306, 0.0011248071699583306, 0.002115593077064659, -0.002579982747079157, 0.002115593077064659, 0.005211565149011221, 0.0023280550199160643, -0.007880850254082361, -0.043796754478307776, -0.007880850254082361, -0.007880850254082361, -0.006890064347033677, -0.00689006434703368, -0.003794092275049531, -0.0025799827470336803, -0.007880850254077549, -0.007880850254077549, 0.013529734211321514, -0.003794092275049508, -0.003794092275049508, -0.0005311729185069345, 0.06280277472777478, 0.06333394764628171, -0.02424417375482335, -0.036264616900666624, -0.02424417375489874, 0.003794092275049508, 0.003794092275049508, -0.000910582146011888, -0.04537043836091925, -0.03626461690071063, 0.036264616900666624, -0.01972927983025756, 0.07064599816142231, -0.02391036951726456, -0.03906552828391341, -0.00020715743831795086, 0.02215749888628927, -0.00910582146011888, -0.06859741597843172, 0.03521942036155218, -0.02072333200622295, 2.3081307752470557, 1.468134862220436, -0.8203152723006808, 0.01413678897532944, -0.8399959130266552, 0.009561112533027234, -6.525838705329079e-05, -0.00018970461371736747, -8.347003006292653e-05, -6.146429495856864e-05, -1.5176369100205701e-06, 0.001927398875725162, -0.005668373858839004, -0.003794092275049508, -0.003794092275049508, -0.02391036951726456, 0.023910369517238905, -0.003794092275049508, -0.03906552828391341, -0.03906552828391341, 0.003095972071984149, -0.003794092275049508, -4.477029037123561e-06, 0.002891098313587742, 0.0009907859070438715, 0.0012748150044166432, 0.0011382276825148614, 0.0011898273374555336, 0.002891098313625662, 0.001927398875725162, -0.015145227832966318, 0.0032497403253705258, -0.0011248071699583306, -0.0011248071699583306, -0.0011248071699583306, -0.002115593077064659, -0.002115593077064659, -0.005211565149011221, -0.003936750144589496, -0.0011898273374981727, 0.06454957481120775, 0.06454957481120775, 0.12284648555303063, -0.03626461690071063, -0.7971332990465062, -0.05823074177073996, -0.058230741770785244, 0.7971332990465498, 0.0011248071699800262, 0.0011248071699800262, 0.0011248071699800262, 0.05209036797850353, 0.0021155930770238984, 0.0021155930770238984, 0.005211565149008047, 0.003936750144591404, 0.003794092275049508, -0.0030109428115565606, 0.003410840137462401, -0.003410840137388479, 0.0011898273374555336, -0.0012141095280158508, -0.05698794890690806, -0.0012141095280158508, -0.0012141095280158508, 0.021126264605930777, -0.06454957481120775, 0.0016086951246210082, -0.0034212725631306284, -0.005374431999398244, -0.00910582146011888, -0.00910582146011888, -0.003794092275049508, -0.003794092275049508, -0.008526569165610454, 0.04537043836091925, -0.00910582146011888, 0.007815830086602011, -0.007815830086656206, -0.05235847339568353, 0.0523584733956568, 0.0523584733956568, -0.05235847339568353, 0.003794092275049508, -0.00910582146011888, -0.00910582146011888, 0.09029939614617888, 0.003794092275049508, -0.008526569165610454, -0.02106735057975584, 0.02106735057975584, -0.007880850254077549, 0.0011248071699800262, 0.0011248071699800262, -0.000910582146011888, 0.0011248071699800262, 0.0021155930770238984, 0.0021155930770238984, 0.005211565149008047, 0.0006374075022083216, 0.0005691138412574305, 0.0008043475623105028, 0.0005949136687277668, 0.003936750144591404, 0.0011898273374555336, -0.0006070547640079254, -0.0006070547640079254, -0.0006070547640079254, -0.008795704562544415, -0.008795704562544415, -0.05235847339568353, -0.0003035273820039627, 0.0012899913735168402, 0.01897046137524766, -0.01897046137526104, 0.04379675447838324, -0.06433538742339806, 0.07334519655751137, -0.01062345837013869, -0.0005311729185069345, -0.0003035273820039627, -0.0003035273820039627, -0.0005311729185069345, -0.045370438360805565, -0.010623458370105254, -0.045370438360805565, -0.0037940922750495324, -0.0012899913735168393, -4.02173778555337e-05, 0.0064216172410300615, -0.0038957739479883458, -2.2385145185617804e-06, -0.00020715743823984667, -0.00020715743831795086, -0.0018742815839232208, 0.002891098313587742, 0.000910582146011888, -0.02391036951726456, 0.009561112533027234, -0.0031870375110416016, 0.023910369517238905, 0.012755662346146328, 0.024282190560317003, 0.001927398875725162, -0.024282190560316996, 0.021126264605930777, 0.010172644326073595, 0.021124908147612587, 0.001874281583874469, 0.011761686052653549, 0.0011898273374555336, 0.03448078120776702, 0.0028379810217370512, -0.17380031969378365, -0.0004401147039057459, -0.05235847339568353, -0.001289991373516841, -0.0005539374721572319, -0.0004097619657053495, 0.0006374075022083216, 0.000440114703905746, 0.0005691138412574305, 0.0008043475623105028, 0.0005539374721572335, 0.0005949136687277668, 0.0004097619657053495, -4.477029037123561e-06, -4.477029037123561e-06, 0.0009105821460480001, -4.47702905148617e-06, 0.0011685804195429306, -0.0004401147039057459, 0.003421272563173261, -0.001289991373516841, -0.0005539374721572319, -0.0004097619657053495, -4.477029037123561e-06, 0.002891098313625662, -4.477029037123561e-06, -0.0004401147039057459, -0.001289991373516841, -0.0005539374721572319, -0.0004097619657053495, -4.477029037123561e-06, -0.036264616900666624, 0.003794092275049508, 0.07064599816142231, -0.03626461690071063, -0.00910582146011888, -0.03626461690071063, -0.00910582146011888, -0.03626461690071063, -0.009105821460138941, -0.00020715743831795086, 0.000440114703905746, -1.5176369100205701e-06, -0.0009105821460118893, 0.0012899913735168406, -0.001874281583874469, 0.06394100241027445, 0.02215749888628927, -0.001927398875725162, 0.0005539374721572335, 0.014136788975292802, 0.13516649421028049, 0.03731876222950407, 0.02215749888628927, 0.02215749888628927, 0.0004097619657053495, -0.0003035273820039627, 0.037318762229460845, 0.02215749888628927, -0.0005311729185069345, -0.021067350579800123, 0.00044011470390614704, -0.02043186456796775, 0.001289991373596422, 0.03731876222950407, 0.0005539374722047796, -0.001874281583874469, 0.000409761965670441, 0.032606499623892546, -0.009864639915122098, -0.009864639915122098, -0.0006070547640079254, -0.004021737811552503, 0.003794092275049508, -0.0006070547639183133, -0.000910582146011888, -0.014417550645134725, -0.005374431999371154, -0.014417550645134725, 0.008795704562544415, -0.008795704562544415, -0.0006070547640079254, -0.00020715743831795086, -0.0005311729185069345, 0.002891098313587742, 0.0009105821460480001, -0.003794092275049508, -0.003794092275049508, 0.009561112533027234, -0.0003035273820039627, 0.03794092275052208, -0.0005311729185069345, -0.0005311729186132652, -0.0005311729185069345, -0.0005311729185069345, -0.0005311729185069345, -0.0005311729185069345, -0.007880850254077549, -0.007880850254077549, -0.007880850254077549, -0.00689006434703368, -0.00689006434703368, -0.0025799827470336803, -0.0025799827470336803, -0.0003035273820039627, -0.07588184550099064, -0.0012141095280640002, -0.0006070547639183133, -0.008795704562544415, 0.03906552828391674, 0.0038957739480208605, 0.008795704562528872, 0.018970461375247605, 0.010623458370138783, 0.05823074177073996, 0.003010942811598258, 0.009864639915128759, -0.7971332990465062, 0.01441755064518846, 4.47702905148617e-06, 0.008526569165586223, 0.007815830086602011, -0.037318762229460845, 0.020431864567986013, -0.0003035273820039627, 0.020431864567986013, 0.037318762229460845]","[0.008795704562544415, 0.03626461690071063, 0.0019273988757504412, 0.0902993961461789, 0.021067350579800123, 0.8399959130266197, 0.10312918019826611, 0.01168580420715256, 0.0012899913735168402, 0.0025799827470336795, 0.003095972071984149, 0.0009907859070438715, 0.006890064347033677, 0.00689006434703368, 0.0025799827470336803, 0.0025799827470336803, 0.007880850254077549, 0.021067350579800123, 0.007880850254077549, 0.0902993961461789, 0.007880850254077549, 0.0068900643469760325, 0.0011248071699583306, 0.006890064347089719, 0.003794092275143157, 0.0011248071699583306, 0.0011248071699583306, 0.002115593077064659, 0.002579982747079157, 0.002115593077064659, 0.005211565149011221, 0.0023280550199160643, 0.007880850254082361, 0.043796754478307776, 0.007880850254082361, 0.007880850254082361, 0.006890064347033677, 0.00689006434703368, 0.003794092275049531, 0.0025799827470336803, 0.007880850254077549, 0.007880850254077549, 0.013529734211321514, 0.003794092275049508, 0.003794092275049508, 0.0005311729185069345, 0.06280277472777478, 0.06333394764628171, 0.02424417375482335, 0.036264616900666624, 0.02424417375489874, 0.003794092275049508, 0.003794092275049508, 0.000910582146011888, 0.04537043836091925, 0.03626461690071063, 0.036264616900666624, 0.01972927983025756, 0.07064599816142231, 0.02391036951726456, 0.03906552828391341, 0.00020715743831795086, 0.02215749888628927, 0.00910582146011888, 0.06859741597843172, 0.03521942036155218, 0.02072333200622295, 2.3081307752470557, 1.468134862220436, 0.8203152723006808, 0.01413678897532944, 0.8399959130266552, 0.009561112533027234, 6.525838705329079e-05, 0.00018970461371736747, 8.347003006292653e-05, 6.146429495856864e-05, 1.5176369100205701e-06, 0.001927398875725162, 0.005668373858839004, 0.003794092275049508, 0.003794092275049508, 0.02391036951726456, 0.023910369517238905, 0.003794092275049508, 0.03906552828391341, 0.03906552828391341, 0.003095972071984149, 0.003794092275049508, 4.477029037123561e-06, 0.002891098313587742, 0.0009907859070438715, 0.0012748150044166432, 0.0011382276825148614, 0.0011898273374555336, 0.002891098313625662, 0.001927398875725162, 0.015145227832966318, 0.0032497403253705258, 0.0011248071699583306, 0.0011248071699583306, 0.0011248071699583306, 0.002115593077064659, 0.002115593077064659, 0.005211565149011221, 0.003936750144589496, 0.0011898273374981727, 0.06454957481120775, 0.06454957481120775, 0.12284648555303063, 0.03626461690071063, 0.7971332990465062, 0.05823074177073996, 0.058230741770785244, 0.7971332990465498, 0.0011248071699800262, 0.0011248071699800262, 0.0011248071699800262, 0.05209036797850353, 0.0021155930770238984, 0.0021155930770238984, 0.005211565149008047, 0.003936750144591404, 0.003794092275049508, 0.0030109428115565606, 0.003410840137462401, 0.003410840137388479, 0.0011898273374555336, 0.0012141095280158508, 0.05698794890690806, 0.0012141095280158508, 0.0012141095280158508, 0.021126264605930777, 0.06454957481120775, 0.0016086951246210082, 0.0034212725631306284, 0.005374431999398244, 0.00910582146011888, 0.00910582146011888, 0.003794092275049508, 0.003794092275049508, 0.008526569165610454, 0.04537043836091925, 0.00910582146011888, 0.007815830086602011, 0.007815830086656206, 0.05235847339568353, 0.0523584733956568, 0.0523584733956568, 0.05235847339568353, 0.003794092275049508, 0.00910582146011888, 0.00910582146011888, 0.09029939614617888, 0.003794092275049508, 0.008526569165610454, 0.02106735057975584, 0.02106735057975584, 0.007880850254077549, 0.0011248071699800262, 0.0011248071699800262, 0.000910582146011888, 0.0011248071699800262, 0.0021155930770238984, 0.0021155930770238984, 0.005211565149008047, 0.0006374075022083216, 0.0005691138412574305, 0.0008043475623105028, 0.0005949136687277668, 0.003936750144591404, 0.0011898273374555336, 0.0006070547640079254, 0.0006070547640079254, 0.0006070547640079254, 0.008795704562544415, 0.008795704562544415, 0.05235847339568353, 0.0003035273820039627, 0.0012899913735168402, 0.01897046137524766, 0.01897046137526104, 0.04379675447838324, 0.06433538742339806, 0.07334519655751137, 0.01062345837013869, 0.0005311729185069345, 0.0003035273820039627, 0.0003035273820039627, 0.0005311729185069345, 0.045370438360805565, 0.010623458370105254, 0.045370438360805565, 0.0037940922750495324, 0.0012899913735168393, 4.02173778555337e-05, 0.0064216172410300615, 0.0038957739479883458, 2.2385145185617804e-06, 0.00020715743823984667, 0.00020715743831795086, 0.0018742815839232208, 0.002891098313587742, 0.000910582146011888, 0.02391036951726456, 0.009561112533027234, 0.0031870375110416016, 0.023910369517238905, 0.012755662346146328, 0.024282190560317003, 0.001927398875725162, 0.024282190560316996, 0.021126264605930777, 0.010172644326073595, 0.021124908147612587, 0.001874281583874469, 0.011761686052653549, 0.0011898273374555336, 0.03448078120776702, 0.0028379810217370512, 0.17380031969378365, 0.0004401147039057459, 0.05235847339568353, 0.001289991373516841, 0.0005539374721572319, 0.0004097619657053495, 0.0006374075022083216, 0.000440114703905746, 0.0005691138412574305, 0.0008043475623105028, 0.0005539374721572335, 0.0005949136687277668, 0.0004097619657053495, 4.477029037123561e-06, 4.477029037123561e-06, 0.0009105821460480001, 4.47702905148617e-06, 0.0011685804195429306, 0.0004401147039057459, 0.003421272563173261, 0.001289991373516841, 0.0005539374721572319, 0.0004097619657053495, 4.477029037123561e-06, 0.002891098313625662, 4.477029037123561e-06, 0.0004401147039057459, 0.001289991373516841, 0.0005539374721572319, 0.0004097619657053495, 4.477029037123561e-06, 0.036264616900666624, 0.003794092275049508, 0.07064599816142231, 0.03626461690071063, 0.00910582146011888, 0.03626461690071063, 0.00910582146011888, 0.03626461690071063, 0.009105821460138941, 0.00020715743831795086, 0.000440114703905746, 1.5176369100205701e-06, 0.0009105821460118893, 0.0012899913735168406, 0.001874281583874469, 0.06394100241027445, 0.02215749888628927, 0.001927398875725162, 0.0005539374721572335, 0.014136788975292802, 0.13516649421028049, 0.03731876222950407, 0.02215749888628927, 0.02215749888628927, 0.0004097619657053495, 0.0003035273820039627, 0.037318762229460845, 0.02215749888628927, 0.0005311729185069345, 0.021067350579800123, 0.00044011470390614704, 0.02043186456796775, 0.001289991373596422, 0.03731876222950407, 0.0005539374722047796, 0.001874281583874469, 0.000409761965670441, 0.032606499623892546, 0.009864639915122098, 0.009864639915122098, 0.0006070547640079254, 0.004021737811552503, 0.003794092275049508, 0.0006070547639183133, 0.000910582146011888, 0.014417550645134725, 0.005374431999371154, 0.014417550645134725, 0.008795704562544415, 0.008795704562544415, 0.0006070547640079254, 0.00020715743831795086, 0.0005311729185069345, 0.002891098313587742, 0.0009105821460480001, 0.003794092275049508, 0.003794092275049508, 0.009561112533027234, 0.0003035273820039627, 0.03794092275052208, 0.0005311729185069345, 0.0005311729186132652, 0.0005311729185069345, 0.0005311729185069345, 0.0005311729185069345, 0.0005311729185069345, 0.007880850254077549, 0.007880850254077549, 0.007880850254077549, 0.00689006434703368, 0.00689006434703368, 0.0025799827470336803, 0.0025799827470336803, 0.0003035273820039627, 0.07588184550099064, 0.0012141095280640002, 0.0006070547639183133, 0.008795704562544415, 0.03906552828391674, 0.0038957739480208605, 0.008795704562528872, 0.018970461375247605, 0.010623458370138783, 0.05823074177073996, 0.003010942811598258, 0.009864639915128759, 0.7971332990465062, 0.01441755064518846, 4.47702905148617e-06, 0.008526569165586223, 0.007815830086602011, 0.037318762229460845, 0.020431864567986013, 0.0003035273820039627, 0.020431864567986013, 0.037318762229460845]","['GART', 'EX_cys__L_e', '2AGPGAT160', '3HAD120', '3HAD140', '3HAD160', '3OAR120', '3OAR160', '3OAS120', '3OAS160', 'ASPO6', 'CS', 'CYSDS', 'CYStex', 'FADRx', 'GLYC3Pabcpp', 'GLYK', 'GND', 'HEX1', 'HEX7', 'KAS15', 'G3PGabcpp', 'NAt3_1p5pp', 'PDH', 'RNDR4b', 'RNDR2b', 'TRPS2', 'XYLI2', 'ENOPH', 'EAR100x', 'EAR120x', 'EAR140x', 'EAR160x']","['GALKr', 'DGK1', 'GLCP', 'AACPS7', 'AACPS9', 'ACOAD1f', 'ACOAD2f', 'ACOAD3f', 'ACOAD4f', 'ACOAD5f', 'ACS', 'ADPT', 'AMPN', 'ALATA_L2', 'ALCD2x', 'AST', 'CYSabc2pp', 'CYSS', 'CYTD', 'DCTPD', 'ETOHt2rpp', 'ETOHtex', 'FACOAE120', 'DRPA', 'FACOAE80', 'FACOAL140t2pp', 'FACOAL181t2pp', 'DURIPP', 'DUTPDP', 'FBP', 'ECOAH1', 'ECOAH2', 'ECOAH3', 'ECOAH4', 'ECOAH5', 'ECOAH6', 'ECOAH7', 'ECOAH8', 'EDA', 'EDD', 'GLUN', 'GLYC3Ptex', 'HACD1i', 'HACD2i', 'HACD3i', 'HACD4i', 'HACD5i', 'HACD6i', 'HACD7i', 'GLYCLTDy', 'GLYCtex', 'HACD8i', 'GMPR', 'ILEtex', 'INDOLEt2pp', 'INDOLEtex', 'ICL', 'ILEt2rpp', 'KAT1', 'ACACT11', 'ACACT8', 'ACACT13', 'ACACT10', 'ACACT9', 'LPLIPAL1G140pp', 'LPLIPAL1G160pp', 'LPLIPAL1G181pp', 'ACACT12', 'ACACT8r', 'LCTStex', 'LCTStpp', 'LPLIPAL2G160', 'LYSt3pp', 'MACPD', 'ME1', 'NADPHQR2', 'G3PGtex', 'NTD1', 'G6PDA', 'NTD4', 'NTP3', 'P5CD', 'NTPP1', 'NTPP2', 'NTPP4', 'NTPP6', 'NTPP7', 'NTPP8', 'CTECOAI8', 'PAPSR', 'PAPSR2', 'PLIPA2G140pp', 'PLIPA2G160pp', 'PLIPA2G181pp', 'PPA', 'PPM2', 'PYAM5PO', 'SADH', 'SERAT', 'SULR', 'SGDS', 'SGSAD', 'SO4tex', 'SOTA', 'SUCCtex', 'SULabcpp', 'UDPG4E', 'UGLT', 'UPPRT', 'URIK2', 'LACZ', 'EX_etoh_e', 'EX_g3pg_e', 'EX_lcts_e', 'EX_glyc3p_e', 'EX_glyc_e', 'EX_ile__L_e', 'EX_indole_e', 'EX_so4_e', 'EX_succ_e', 'SUCCt3pp', 'PAPSSH']","['DHAD1', 'DHAD2', 'GHMT2r', 'AACPS3', '3HAD100', '3HAD40', 'ACHBS', '3HAD60', 'ACLS', '3HAD80', '3OAR100', '3OAR140', 'ACOAD6f', 'ACOAD7f', '3OAR40', 'ACOATA', '3OAR60', '3OAR80', '3OAS100', '3OAS140', '3OAS60', '3OAS80', 'ADCL', 'ADCS', 'ADMDC', 'ADSL1r', 'ADSL2r', 'ADSS', 'ANPRT', 'ANS', 'AGMHE', 'AICART', 'AIRC2', 'AIRC3', 'ASNS2', 'ASPCT', 'ATPPRT', 'CAT', 'CBPS', 'CYSabcpp', 'CLPNS140pp', 'CLPNS160pp', 'CLPNS161pp', 'CLPNS181pp', 'DB4PS', 'DHFR', 'DHFS', 'DHNPA2r', 'DHORD2', 'DHORTS', 'DHPS2', 'DNTPPA', 'DPCOAK', 'FACOAL160t2pp', 'GLUPRT', 'H2St1pp', 'H2Stex', 'GLYCL', 'GLYCtpp', 'GMHEPAT', 'HCO3E', 'GMHEPK', 'GMHEPPA', 'CTECOAI7', 'HISTD', 'HISTP', 'GTPCI', 'HPPK2', 'IMPC', 'HSTPT', 'IPMD', 'IPPMIa', 'IPPMIb', 'IPPS', 'IG3PS', 'IGPDH', 'KARA1', 'IGPS', 'KARA2', 'ILETA', 'G1PACT', 'LPLIPAL1G161pp', 'KDOCT2', 'KDOPP', 'KDOPS', 'LEUTAi', 'LPADSS', 'LYStex', 'G3PD2', 'METabcpp', 'METAT', 'MOAT', 'MOAT2', 'MTAN', 'MTHFC', 'METtex', 'MTHFD', 'MTHFR2', 'NADK', 'NNATr', 'NNDPR', 'NDPK8', 'OMPDC', 'ORNDC', 'ORPT', 'P5CR', 'PE140abcpp', 'OMCDC', 'PE160abcpp', 'PE161abcpp', 'PE181abcpp', 'PG140abcpp', 'PLIPA2G161pp', 'PG161abcpp', 'PG181abcpp', 'PNTK', 'PNTOt4pp', 'PGAMT', 'PNTOtex', 'PSD140', 'PGMT', 'PSD160', 'PSD161', 'PSD181', 'PPCDC', 'PPNCL2', 'PSSA140', 'PSSA160', 'PSSA161', 'PSSA181', 'PTPATi', 'PRAGSr', 'PRAIi', 'PRAIS', 'PRAMPC', 'PRASCSi', 'PRATPP', 'PRFGS', 'PRMICI', 'QULNS', 'PGPP140', 'RBFSa', 'PGPP160', 'RNDR1', 'RPI', 'PGPP161', 'SERD_L', 'PGPP181', 'TDSK', 'SPMS', 'THRD_L', 'PGSA140', 'PGSA160', 'PGSA161', 'TMDS', 'PGSA181', 'TRDR', 'TYRt2rpp', 'TYRtex', 'U23GAAT', 'TRPS3', 'UAGAAT', 'UAGDP', 'PHEt2rpp', 'PHEtex', 'UHGADA', 'NADS1', 'GALUi', 'URIDK2r', 'DNMPPA', 'GCALDD', 'USHD', 'VALTA', 'MTRK', 'MTRI', 'MDRPD', 'ARD', 'UNK3', 'EAR40x', 'EAR60x', 'EAR80x', 'LPS_YPtetra', 'BIOMASS_37C', 'S7PI', 'A5PISO', 'EX_lys__L_e', 'EX_met__L_e', 'EX_tyr__L_e', 'EX_h2s_e', 'EX_phe__L_e', 'EX_pnto__R_e', 'KOKDO_LIPAtetra']",CYStex,SO4tex,15.156298076155279,1,347,192,53.0,-1.8189498634963819,iPC815,PSL,True,False,-2.04000651009893,0.0,0.0,0.0
39,"['GALKr', 'GART', 'DGK1', 'DHAD1', 'DHAD2', 'EX_cys__L_e', 'GHMT2r', 'GLCP', '2AGPGAT160', 'AACPS3', 'AACPS7', 'AACPS9', '3HAD100', '3HAD120', '3HAD140', '3HAD160', '3HAD40', 'ACHBS', '3HAD60', 'ACLS', '3HAD80', '3OAR100', 'ACOAD1f', '3OAR120', '3OAR140', 'ACOAD2f', 'ACOAD3f', 'ACOAD4f', '3OAR160', 'ACOAD5f', 'ACOAD6f', 'ACOAD7f', '3OAR40', 'ACOATA', '3OAR60', '3OAR80', '3OAS100', '3OAS120', '3OAS140', '3OAS160', '3OAS60', '3OAS80', 'ACS', 'ADCL', 'ADCS', 'ADMDC', 'ADPT', 'AMPN', 'ADSL1r', 'ADSL2r', 'ADSS', 'ANPRT', 'ANS', 'AGMHE', 'AICART', 'AIRC2', 'AIRC3', 'ASNS2', 'ALATA_L2', 'ASPCT', 'ALCD2x', 'ASPO6', 'AST', 'ATPPRT', 'CS', 'CAT', 'CBPS', 'CYSabc2pp', 'CYSabcpp', 'CYSDS', 'CYSS', 'CYStex', 'CYTD', 'CLPNS140pp', 'CLPNS160pp', 'CLPNS161pp', 'CLPNS181pp', 'DB4PS', 'DCTPD', 'DHFR', 'DHFS', 'DHNPA2r', 'DHORD2', 'DHORTS', 'DHPS2', 'ETOHt2rpp', 'ETOHtex', 'FACOAE120', 'DNTPPA', 'DPCOAK', 'DRPA', 'FACOAE80', 'FACOAL140t2pp', 'FACOAL160t2pp', 'FACOAL181t2pp', 'DURIPP', 'DUTPDP', 'FADRx', 'FBP', 'ECOAH1', 'ECOAH2', 'ECOAH3', 'ECOAH4', 'ECOAH5', 'ECOAH6', 'ECOAH7', 'ECOAH8', 'EDA', 'EDD', 'GLUN', 'GLUPRT', 'H2St1pp', 'GLYC3Pabcpp', 'GLYC3Ptex', 'H2Stex', 'HACD1i', 'HACD2i', 'HACD3i', 'GLYCL', 'HACD4i', 'HACD5i', 'HACD6i', 'HACD7i', 'GLYCLTDy', 'GLYCtex', 'GLYCtpp', 'GLYK', 'HACD8i', 'GMHEPAT', 'HCO3E', 'GMHEPK', 'GMHEPPA', 'GMPR', 'GND', 'CTECOAI7', 'HEX1', 'HEX7', 'HISTD', 'HISTP', 'GTPCI', 'HPPK2', 'ILEtex', 'IMPC', 'HSTPT', 'INDOLEt2pp', 'INDOLEtex', 'IPMD', 'IPPMIa', 'IPPMIb', 'IPPS', 'ICL', 'IG3PS', 'IGPDH', 'KARA1', 'IGPS', 'ILEt2rpp', 'KARA2', 'ILETA', 'KAS15', 'KAT1', 'ACACT11', 'G1PACT', 'ACACT8', 'ACACT13', 'ACACT10', 'ACACT9', 'LPLIPAL1G140pp', 'LPLIPAL1G160pp', 'LPLIPAL1G161pp', 'LPLIPAL1G181pp', 'ACACT12', 'ACACT8r', 'KDOCT2', 'KDOPP', 'KDOPS', 'LCTStex', 'LCTStpp', 'LEUTAi', 'LPADSS', 'LPLIPAL2G160', 'LYSt3pp', 'LYStex', 'MACPD', 'G3PD2', 'ME1', 'METabcpp', 'METAT', 'MOAT', 'MOAT2', 'MTAN', 'MTHFC', 'METtex', 'MTHFD', 'MTHFR2', 'G3PGabcpp', 'NADK', 'NADPHQR2', 'G3PGtex', 'NAt3_1p5pp', 'NNATr', 'NNDPR', 'NDPK8', 'NTD1', 'G6PDA', 'OMPDC', 'NTD4', 'ORNDC', 'ORPT', 'NTP3', 'P5CD', 'NTPP1', 'P5CR', 'NTPP2', 'NTPP4', 'NTPP6', 'NTPP7', 'NTPP8', 'CTECOAI8', 'PAPSR', 'PAPSR2', 'PDH', 'PE140abcpp', 'OMCDC', 'PE160abcpp', 'PE161abcpp', 'PE181abcpp', 'PLIPA2G140pp', 'PG140abcpp', 'PLIPA2G160pp', 'PLIPA2G161pp', 'PG161abcpp', 'PLIPA2G181pp', 'PG181abcpp', 'PNTK', 'PNTOt4pp', 'PGAMT', 'PNTOtex', 'PPA', 'PSD140', 'PGMT', 'PSD160', 'PSD161', 'PSD181', 'PPCDC', 'PPM2', 'PPNCL2', 'PSSA140', 'PSSA160', 'PSSA161', 'PSSA181', 'PTPATi', 'PRAGSr', 'PRAIi', 'PYAM5PO', 'PRAIS', 'PRAMPC', 'PRASCSi', 'PRATPP', 'PRFGS', 'PRMICI', 'QULNS', 'PGPP140', 'RBFSa', 'RNDR4b', 'PGPP160', 'RNDR1', 'RPI', 'SADH', 'RNDR2b', 'PGPP161', 'SERAT', 'SERD_L', 'SULR', 'SGDS', 'SGSAD', 'PGPP181', 'TDSK', 'SO4tex', 'SOTA', 'SPMS', 'THRD_L', 'PGSA140', 'SUCCtex', 'PGSA160', 'SULabcpp', 'PGSA161', 'TMDS', 'PGSA181', 'TRDR', 'TYRt2rpp', 'TYRtex', 'U23GAAT', 'TRPS2', 'TRPS3', 'UAGAAT', 'UAGDP', 'PHEt2rpp', 'XYLI2', 'PHEtex', 'UDPG4E', 'UGLT', 'UHGADA', 'NADS1', 'GALUi', 'UPPRT', 'URIDK2r', 'DNMPPA', 'GCALDD', 'URIK2', 'USHD', 'VALTA', 'MTRK', 'MTRI', 'MDRPD', 'ENOPH', 'ARD', 'UNK3', 'EAR40x', 'EAR60x', 'EAR80x', 'EAR100x', 'EAR120x', 'EAR140x', 'EAR160x', 'LPS_YPtetra', 'BIOMASS_37C', 'S7PI', 'A5PISO', 'LACZ', 'EX_etoh_e', 'EX_g3pg_e', 'EX_lcts_e', 'EX_lys__L_e', 'EX_met__L_e', 'EX_glyc3p_e', 'EX_glyc_e', 'EX_tyr__L_e', 'EX_h2s_e', 'EX_phe__L_e', 'EX_pnto__R_e', 'EX_ile__L_e', 'EX_indole_e', 'EX_so4_e', 'EX_succ_e', 'KOKDO_LIPAtetra', 'SUCCt3pp', 'PAPSSH']","[-0.008795704562544415, -0.03626461690071063, 0.0019273988757504412, -0.0902993961461789, -0.021067350579800123, 0.8399959130266197, -0.10312918019826611, 0.01168580420715256, -0.0012899913735168402, 0.0025799827470336795, 0.003095972071984149, 0.0009907859070438715, -0.006890064347033677, -0.00689006434703368, -0.0025799827470336803, -0.0025799827470336803, -0.007880850254077549, -0.021067350579800123, -0.007880850254077549, -0.0902993961461789, -0.007880850254077549, -0.0068900643469760325, 0.0011248071699583306, -0.006890064347089719, -0.003794092275143157, 0.0011248071699583306, 0.0011248071699583306, 0.002115593077064659, -0.002579982747079157, 0.002115593077064659, 0.005211565149011221, 0.0023280550199160643, -0.007880850254082361, -0.043796754478307776, -0.007880850254082361, -0.007880850254082361, -0.006890064347033677, -0.00689006434703368, -0.003794092275049531, -0.0025799827470336803, -0.007880850254077549, -0.007880850254077549, 0.013529734211321514, -0.003794092275049508, -0.003794092275049508, -0.0005311729185069345, 0.06280277472777478, 0.06333394764628171, -0.02424417375482335, -0.036264616900666624, -0.02424417375489874, 0.003794092275049508, 0.003794092275049508, -0.000910582146011888, -0.04537043836091925, -0.03626461690071063, 0.036264616900666624, -0.01972927983025756, 0.07064599816142231, -0.02391036951726456, -0.03906552828391341, -0.00020715743831795086, 0.02215749888628927, -0.00910582146011888, -0.06859741597843172, 0.03521942036155218, -0.02072333200622295, 2.3081307752470557, 1.468134862220436, -0.8203152723006808, 0.01413678897532944, -0.8399959130266552, 0.009561112533027234, -6.525838705329079e-05, -0.00018970461371736747, -8.347003006292653e-05, -6.146429495856864e-05, -1.5176369100205701e-06, 0.001927398875725162, -0.005668373858839004, -0.003794092275049508, -0.003794092275049508, -0.02391036951726456, 0.023910369517238905, -0.003794092275049508, -0.03906552828391341, -0.03906552828391341, 0.003095972071984149, -0.003794092275049508, -4.477029037123561e-06, 0.002891098313587742, 0.0009907859070438715, 0.0012748150044166432, 0.0011382276825148614, 0.0011898273374555336, 0.002891098313625662, 0.001927398875725162, -0.015145227832966318, 0.0032497403253705258, -0.0011248071699583306, -0.0011248071699583306, -0.0011248071699583306, -0.002115593077064659, -0.002115593077064659, -0.005211565149011221, -0.003936750144589496, -0.0011898273374981727, 0.06454957481120775, 0.06454957481120775, 0.12284648555303063, -0.03626461690071063, -0.7971332990465062, -0.05823074177073996, -0.058230741770785244, 0.7971332990465498, 0.0011248071699800262, 0.0011248071699800262, 0.0011248071699800262, 0.05209036797850353, 0.0021155930770238984, 0.0021155930770238984, 0.005211565149008047, 0.003936750144591404, 0.003794092275049508, -0.0030109428115565606, 0.003410840137462401, -0.003410840137388479, 0.0011898273374555336, -0.0012141095280158508, -0.05698794890690806, -0.0012141095280158508, -0.0012141095280158508, 0.021126264605930777, -0.06454957481120775, 0.0016086951246210082, -0.0034212725631306284, -0.005374431999398244, -0.00910582146011888, -0.00910582146011888, -0.003794092275049508, -0.003794092275049508, -0.008526569165610454, 0.04537043836091925, -0.00910582146011888, 0.007815830086602011, -0.007815830086656206, -0.05235847339568353, 0.0523584733956568, 0.0523584733956568, -0.05235847339568353, 0.003794092275049508, -0.00910582146011888, -0.00910582146011888, 0.09029939614617888, 0.003794092275049508, -0.008526569165610454, -0.02106735057975584, 0.02106735057975584, -0.007880850254077549, 0.0011248071699800262, 0.0011248071699800262, -0.000910582146011888, 0.0011248071699800262, 0.0021155930770238984, 0.0021155930770238984, 0.005211565149008047, 0.0006374075022083216, 0.0005691138412574305, 0.0008043475623105028, 0.0005949136687277668, 0.003936750144591404, 0.0011898273374555336, -0.0006070547640079254, -0.0006070547640079254, -0.0006070547640079254, -0.008795704562544415, -0.008795704562544415, -0.05235847339568353, -0.0003035273820039627, 0.0012899913735168402, 0.01897046137524766, -0.01897046137526104, 0.04379675447838324, -0.06433538742339806, 0.07334519655751137, -0.01062345837013869, -0.0005311729185069345, -0.0003035273820039627, -0.0003035273820039627, -0.0005311729185069345, -0.045370438360805565, -0.010623458370105254, -0.045370438360805565, -0.0037940922750495324, -0.0012899913735168393, -4.02173778555337e-05, 0.0064216172410300615, -0.0038957739479883458, -2.2385145185617804e-06, -0.00020715743823984667, -0.00020715743831795086, -0.0018742815839232208, 0.002891098313587742, 0.000910582146011888, -0.02391036951726456, 0.009561112533027234, -0.0031870375110416016, 0.023910369517238905, 0.012755662346146328, 0.024282190560317003, 0.001927398875725162, -0.024282190560316996, 0.021126264605930777, 0.010172644326073595, 0.021124908147612587, 0.001874281583874469, 0.011761686052653549, 0.0011898273374555336, 0.03448078120776702, 0.0028379810217370512, -0.17380031969378365, -0.0004401147039057459, -0.05235847339568353, -0.001289991373516841, -0.0005539374721572319, -0.0004097619657053495, 0.0006374075022083216, 0.000440114703905746, 0.0005691138412574305, 0.0008043475623105028, 0.0005539374721572335, 0.0005949136687277668, 0.0004097619657053495, -4.477029037123561e-06, -4.477029037123561e-06, 0.0009105821460480001, -4.47702905148617e-06, 0.0011685804195429306, -0.0004401147039057459, 0.003421272563173261, -0.001289991373516841, -0.0005539374721572319, -0.0004097619657053495, -4.477029037123561e-06, 0.002891098313625662, -4.477029037123561e-06, -0.0004401147039057459, -0.001289991373516841, -0.0005539374721572319, -0.0004097619657053495, -4.477029037123561e-06, -0.036264616900666624, 0.003794092275049508, 0.07064599816142231, -0.03626461690071063, -0.00910582146011888, -0.03626461690071063, -0.00910582146011888, -0.03626461690071063, -0.009105821460138941, -0.00020715743831795086, 0.000440114703905746, -1.5176369100205701e-06, -0.0009105821460118893, 0.0012899913735168406, -0.001874281583874469, 0.06394100241027445, 0.02215749888628927, -0.001927398875725162, 0.0005539374721572335, 0.014136788975292802, 0.13516649421028049, 0.03731876222950407, 0.02215749888628927, 0.02215749888628927, 0.0004097619657053495, -0.0003035273820039627, 0.037318762229460845, 0.02215749888628927, -0.0005311729185069345, -0.021067350579800123, 0.00044011470390614704, -0.02043186456796775, 0.001289991373596422, 0.03731876222950407, 0.0005539374722047796, -0.001874281583874469, 0.000409761965670441, 0.032606499623892546, -0.009864639915122098, -0.009864639915122098, -0.0006070547640079254, -0.004021737811552503, 0.003794092275049508, -0.0006070547639183133, -0.000910582146011888, -0.014417550645134725, -0.005374431999371154, -0.014417550645134725, 0.008795704562544415, -0.008795704562544415, -0.0006070547640079254, -0.00020715743831795086, -0.0005311729185069345, 0.002891098313587742, 0.0009105821460480001, -0.003794092275049508, -0.003794092275049508, 0.009561112533027234, -0.0003035273820039627, 0.03794092275052208, -0.0005311729185069345, -0.0005311729186132652, -0.0005311729185069345, -0.0005311729185069345, -0.0005311729185069345, -0.0005311729185069345, -0.007880850254077549, -0.007880850254077549, -0.007880850254077549, -0.00689006434703368, -0.00689006434703368, -0.0025799827470336803, -0.0025799827470336803, -0.0003035273820039627, -0.07588184550099064, -0.0012141095280640002, -0.0006070547639183133, -0.008795704562544415, 0.03906552828391674, 0.0038957739480208605, 0.008795704562528872, 0.018970461375247605, 0.010623458370138783, 0.05823074177073996, 0.003010942811598258, 0.009864639915128759, -0.7971332990465062, 0.01441755064518846, 4.47702905148617e-06, 0.008526569165586223, 0.007815830086602011, -0.037318762229460845, 0.020431864567986013, -0.0003035273820039627, 0.020431864567986013, 0.037318762229460845]","[0.008795704562544415, 0.03626461690071063, 0.0019273988757504412, 0.0902993961461789, 0.021067350579800123, 0.8399959130266197, 0.10312918019826611, 0.01168580420715256, 0.0012899913735168402, 0.0025799827470336795, 0.003095972071984149, 0.0009907859070438715, 0.006890064347033677, 0.00689006434703368, 0.0025799827470336803, 0.0025799827470336803, 0.007880850254077549, 0.021067350579800123, 0.007880850254077549, 0.0902993961461789, 0.007880850254077549, 0.0068900643469760325, 0.0011248071699583306, 0.006890064347089719, 0.003794092275143157, 0.0011248071699583306, 0.0011248071699583306, 0.002115593077064659, 0.002579982747079157, 0.002115593077064659, 0.005211565149011221, 0.0023280550199160643, 0.007880850254082361, 0.043796754478307776, 0.007880850254082361, 0.007880850254082361, 0.006890064347033677, 0.00689006434703368, 0.003794092275049531, 0.0025799827470336803, 0.007880850254077549, 0.007880850254077549, 0.013529734211321514, 0.003794092275049508, 0.003794092275049508, 0.0005311729185069345, 0.06280277472777478, 0.06333394764628171, 0.02424417375482335, 0.036264616900666624, 0.02424417375489874, 0.003794092275049508, 0.003794092275049508, 0.000910582146011888, 0.04537043836091925, 0.03626461690071063, 0.036264616900666624, 0.01972927983025756, 0.07064599816142231, 0.02391036951726456, 0.03906552828391341, 0.00020715743831795086, 0.02215749888628927, 0.00910582146011888, 0.06859741597843172, 0.03521942036155218, 0.02072333200622295, 2.3081307752470557, 1.468134862220436, 0.8203152723006808, 0.01413678897532944, 0.8399959130266552, 0.009561112533027234, 6.525838705329079e-05, 0.00018970461371736747, 8.347003006292653e-05, 6.146429495856864e-05, 1.5176369100205701e-06, 0.001927398875725162, 0.005668373858839004, 0.003794092275049508, 0.003794092275049508, 0.02391036951726456, 0.023910369517238905, 0.003794092275049508, 0.03906552828391341, 0.03906552828391341, 0.003095972071984149, 0.003794092275049508, 4.477029037123561e-06, 0.002891098313587742, 0.0009907859070438715, 0.0012748150044166432, 0.0011382276825148614, 0.0011898273374555336, 0.002891098313625662, 0.001927398875725162, 0.015145227832966318, 0.0032497403253705258, 0.0011248071699583306, 0.0011248071699583306, 0.0011248071699583306, 0.002115593077064659, 0.002115593077064659, 0.005211565149011221, 0.003936750144589496, 0.0011898273374981727, 0.06454957481120775, 0.06454957481120775, 0.12284648555303063, 0.03626461690071063, 0.7971332990465062, 0.05823074177073996, 0.058230741770785244, 0.7971332990465498, 0.0011248071699800262, 0.0011248071699800262, 0.0011248071699800262, 0.05209036797850353, 0.0021155930770238984, 0.0021155930770238984, 0.005211565149008047, 0.003936750144591404, 0.003794092275049508, 0.0030109428115565606, 0.003410840137462401, 0.003410840137388479, 0.0011898273374555336, 0.0012141095280158508, 0.05698794890690806, 0.0012141095280158508, 0.0012141095280158508, 0.021126264605930777, 0.06454957481120775, 0.0016086951246210082, 0.0034212725631306284, 0.005374431999398244, 0.00910582146011888, 0.00910582146011888, 0.003794092275049508, 0.003794092275049508, 0.008526569165610454, 0.04537043836091925, 0.00910582146011888, 0.007815830086602011, 0.007815830086656206, 0.05235847339568353, 0.0523584733956568, 0.0523584733956568, 0.05235847339568353, 0.003794092275049508, 0.00910582146011888, 0.00910582146011888, 0.09029939614617888, 0.003794092275049508, 0.008526569165610454, 0.02106735057975584, 0.02106735057975584, 0.007880850254077549, 0.0011248071699800262, 0.0011248071699800262, 0.000910582146011888, 0.0011248071699800262, 0.0021155930770238984, 0.0021155930770238984, 0.005211565149008047, 0.0006374075022083216, 0.0005691138412574305, 0.0008043475623105028, 0.0005949136687277668, 0.003936750144591404, 0.0011898273374555336, 0.0006070547640079254, 0.0006070547640079254, 0.0006070547640079254, 0.008795704562544415, 0.008795704562544415, 0.05235847339568353, 0.0003035273820039627, 0.0012899913735168402, 0.01897046137524766, 0.01897046137526104, 0.04379675447838324, 0.06433538742339806, 0.07334519655751137, 0.01062345837013869, 0.0005311729185069345, 0.0003035273820039627, 0.0003035273820039627, 0.0005311729185069345, 0.045370438360805565, 0.010623458370105254, 0.045370438360805565, 0.0037940922750495324, 0.0012899913735168393, 4.02173778555337e-05, 0.0064216172410300615, 0.0038957739479883458, 2.2385145185617804e-06, 0.00020715743823984667, 0.00020715743831795086, 0.0018742815839232208, 0.002891098313587742, 0.000910582146011888, 0.02391036951726456, 0.009561112533027234, 0.0031870375110416016, 0.023910369517238905, 0.012755662346146328, 0.024282190560317003, 0.001927398875725162, 0.024282190560316996, 0.021126264605930777, 0.010172644326073595, 0.021124908147612587, 0.001874281583874469, 0.011761686052653549, 0.0011898273374555336, 0.03448078120776702, 0.0028379810217370512, 0.17380031969378365, 0.0004401147039057459, 0.05235847339568353, 0.001289991373516841, 0.0005539374721572319, 0.0004097619657053495, 0.0006374075022083216, 0.000440114703905746, 0.0005691138412574305, 0.0008043475623105028, 0.0005539374721572335, 0.0005949136687277668, 0.0004097619657053495, 4.477029037123561e-06, 4.477029037123561e-06, 0.0009105821460480001, 4.47702905148617e-06, 0.0011685804195429306, 0.0004401147039057459, 0.003421272563173261, 0.001289991373516841, 0.0005539374721572319, 0.0004097619657053495, 4.477029037123561e-06, 0.002891098313625662, 4.477029037123561e-06, 0.0004401147039057459, 0.001289991373516841, 0.0005539374721572319, 0.0004097619657053495, 4.477029037123561e-06, 0.036264616900666624, 0.003794092275049508, 0.07064599816142231, 0.03626461690071063, 0.00910582146011888, 0.03626461690071063, 0.00910582146011888, 0.03626461690071063, 0.009105821460138941, 0.00020715743831795086, 0.000440114703905746, 1.5176369100205701e-06, 0.0009105821460118893, 0.0012899913735168406, 0.001874281583874469, 0.06394100241027445, 0.02215749888628927, 0.001927398875725162, 0.0005539374721572335, 0.014136788975292802, 0.13516649421028049, 0.03731876222950407, 0.02215749888628927, 0.02215749888628927, 0.0004097619657053495, 0.0003035273820039627, 0.037318762229460845, 0.02215749888628927, 0.0005311729185069345, 0.021067350579800123, 0.00044011470390614704, 0.02043186456796775, 0.001289991373596422, 0.03731876222950407, 0.0005539374722047796, 0.001874281583874469, 0.000409761965670441, 0.032606499623892546, 0.009864639915122098, 0.009864639915122098, 0.0006070547640079254, 0.004021737811552503, 0.003794092275049508, 0.0006070547639183133, 0.000910582146011888, 0.014417550645134725, 0.005374431999371154, 0.014417550645134725, 0.008795704562544415, 0.008795704562544415, 0.0006070547640079254, 0.00020715743831795086, 0.0005311729185069345, 0.002891098313587742, 0.0009105821460480001, 0.003794092275049508, 0.003794092275049508, 0.009561112533027234, 0.0003035273820039627, 0.03794092275052208, 0.0005311729185069345, 0.0005311729186132652, 0.0005311729185069345, 0.0005311729185069345, 0.0005311729185069345, 0.0005311729185069345, 0.007880850254077549, 0.007880850254077549, 0.007880850254077549, 0.00689006434703368, 0.00689006434703368, 0.0025799827470336803, 0.0025799827470336803, 0.0003035273820039627, 0.07588184550099064, 0.0012141095280640002, 0.0006070547639183133, 0.008795704562544415, 0.03906552828391674, 0.0038957739480208605, 0.008795704562528872, 0.018970461375247605, 0.010623458370138783, 0.05823074177073996, 0.003010942811598258, 0.009864639915128759, 0.7971332990465062, 0.01441755064518846, 4.47702905148617e-06, 0.008526569165586223, 0.007815830086602011, 0.037318762229460845, 0.020431864567986013, 0.0003035273820039627, 0.020431864567986013, 0.037318762229460845]","['GART', 'EX_cys__L_e', '2AGPGAT160', '3HAD120', '3HAD140', '3HAD160', '3OAR120', '3OAR160', '3OAS120', '3OAS160', 'ASPO6', 'CS', 'CYSDS', 'CYStex', 'FADRx', 'GLYC3Pabcpp', 'GLYK', 'GND', 'HEX1', 'HEX7', 'KAS15', 'G3PGabcpp', 'NAt3_1p5pp', 'PDH', 'RNDR4b', 'RNDR2b', 'TRPS2', 'XYLI2', 'ENOPH', 'EAR100x', 'EAR120x', 'EAR140x', 'EAR160x']","['GALKr', 'DGK1', 'GLCP', 'AACPS7', 'AACPS9', 'ACOAD1f', 'ACOAD2f', 'ACOAD3f', 'ACOAD4f', 'ACOAD5f', 'ACS', 'ADPT', 'AMPN', 'ALATA_L2', 'ALCD2x', 'AST', 'CYSabc2pp', 'CYSS', 'CYTD', 'DCTPD', 'ETOHt2rpp', 'ETOHtex', 'FACOAE120', 'DRPA', 'FACOAE80', 'FACOAL140t2pp', 'FACOAL181t2pp', 'DURIPP', 'DUTPDP', 'FBP', 'ECOAH1', 'ECOAH2', 'ECOAH3', 'ECOAH4', 'ECOAH5', 'ECOAH6', 'ECOAH7', 'ECOAH8', 'EDA', 'EDD', 'GLUN', 'GLYC3Ptex', 'HACD1i', 'HACD2i', 'HACD3i', 'HACD4i', 'HACD5i', 'HACD6i', 'HACD7i', 'GLYCLTDy', 'GLYCtex', 'HACD8i', 'GMPR', 'ILEtex', 'INDOLEt2pp', 'INDOLEtex', 'ICL', 'ILEt2rpp', 'KAT1', 'ACACT11', 'ACACT8', 'ACACT13', 'ACACT10', 'ACACT9', 'LPLIPAL1G140pp', 'LPLIPAL1G160pp', 'LPLIPAL1G181pp', 'ACACT12', 'ACACT8r', 'LCTStex', 'LCTStpp', 'LPLIPAL2G160', 'LYSt3pp', 'MACPD', 'ME1', 'NADPHQR2', 'G3PGtex', 'NTD1', 'G6PDA', 'NTD4', 'NTP3', 'P5CD', 'NTPP1', 'NTPP2', 'NTPP4', 'NTPP6', 'NTPP7', 'NTPP8', 'CTECOAI8', 'PAPSR', 'PAPSR2', 'PLIPA2G140pp', 'PLIPA2G160pp', 'PLIPA2G181pp', 'PPA', 'PPM2', 'PYAM5PO', 'SADH', 'SERAT', 'SULR', 'SGDS', 'SGSAD', 'SO4tex', 'SOTA', 'SUCCtex', 'SULabcpp', 'UDPG4E', 'UGLT', 'UPPRT', 'URIK2', 'LACZ', 'EX_etoh_e', 'EX_g3pg_e', 'EX_lcts_e', 'EX_glyc3p_e', 'EX_glyc_e', 'EX_ile__L_e', 'EX_indole_e', 'EX_so4_e', 'EX_succ_e', 'SUCCt3pp', 'PAPSSH']","['DHAD1', 'DHAD2', 'GHMT2r', 'AACPS3', '3HAD100', '3HAD40', 'ACHBS', '3HAD60', 'ACLS', '3HAD80', '3OAR100', '3OAR140', 'ACOAD6f', 'ACOAD7f', '3OAR40', 'ACOATA', '3OAR60', '3OAR80', '3OAS100', '3OAS140', '3OAS60', '3OAS80', 'ADCL', 'ADCS', 'ADMDC', 'ADSL1r', 'ADSL2r', 'ADSS', 'ANPRT', 'ANS', 'AGMHE', 'AICART', 'AIRC2', 'AIRC3', 'ASNS2', 'ASPCT', 'ATPPRT', 'CAT', 'CBPS', 'CYSabcpp', 'CLPNS140pp', 'CLPNS160pp', 'CLPNS161pp', 'CLPNS181pp', 'DB4PS', 'DHFR', 'DHFS', 'DHNPA2r', 'DHORD2', 'DHORTS', 'DHPS2', 'DNTPPA', 'DPCOAK', 'FACOAL160t2pp', 'GLUPRT', 'H2St1pp', 'H2Stex', 'GLYCL', 'GLYCtpp', 'GMHEPAT', 'HCO3E', 'GMHEPK', 'GMHEPPA', 'CTECOAI7', 'HISTD', 'HISTP', 'GTPCI', 'HPPK2', 'IMPC', 'HSTPT', 'IPMD', 'IPPMIa', 'IPPMIb', 'IPPS', 'IG3PS', 'IGPDH', 'KARA1', 'IGPS', 'KARA2', 'ILETA', 'G1PACT', 'LPLIPAL1G161pp', 'KDOCT2', 'KDOPP', 'KDOPS', 'LEUTAi', 'LPADSS', 'LYStex', 'G3PD2', 'METabcpp', 'METAT', 'MOAT', 'MOAT2', 'MTAN', 'MTHFC', 'METtex', 'MTHFD', 'MTHFR2', 'NADK', 'NNATr', 'NNDPR', 'NDPK8', 'OMPDC', 'ORNDC', 'ORPT', 'P5CR', 'PE140abcpp', 'OMCDC', 'PE160abcpp', 'PE161abcpp', 'PE181abcpp', 'PG140abcpp', 'PLIPA2G161pp', 'PG161abcpp', 'PG181abcpp', 'PNTK', 'PNTOt4pp', 'PGAMT', 'PNTOtex', 'PSD140', 'PGMT', 'PSD160', 'PSD161', 'PSD181', 'PPCDC', 'PPNCL2', 'PSSA140', 'PSSA160', 'PSSA161', 'PSSA181', 'PTPATi', 'PRAGSr', 'PRAIi', 'PRAIS', 'PRAMPC', 'PRASCSi', 'PRATPP', 'PRFGS', 'PRMICI', 'QULNS', 'PGPP140', 'RBFSa', 'PGPP160', 'RNDR1', 'RPI', 'PGPP161', 'SERD_L', 'PGPP181', 'TDSK', 'SPMS', 'THRD_L', 'PGSA140', 'PGSA160', 'PGSA161', 'TMDS', 'PGSA181', 'TRDR', 'TYRt2rpp', 'TYRtex', 'U23GAAT', 'TRPS3', 'UAGAAT', 'UAGDP', 'PHEt2rpp', 'PHEtex', 'UHGADA', 'NADS1', 'GALUi', 'URIDK2r', 'DNMPPA', 'GCALDD', 'USHD', 'VALTA', 'MTRK', 'MTRI', 'MDRPD', 'ARD', 'UNK3', 'EAR40x', 'EAR60x', 'EAR80x', 'LPS_YPtetra', 'BIOMASS_37C', 'S7PI', 'A5PISO', 'EX_lys__L_e', 'EX_met__L_e', 'EX_tyr__L_e', 'EX_h2s_e', 'EX_phe__L_e', 'EX_pnto__R_e', 'KOKDO_LIPAtetra']",CYStex,SULabcpp,15.156298076155279,1,347,192,53.0,-1.8189498634963819,iPC815,PSL,True,False,-2.04000651009893,0.0,0.0,0.0
40,"['GALKr', 'GALt2pp', 'GART', 'DGK1', 'DHAD1', 'DHAD2', 'EX_cys__L_e', 'GHMT2r', 'GLCP', '2AGPGAT160', 'AACPS3', 'AACPS7', 'AACPS9', 'ACALD', '3HAD100', '3HAD120', '3HAD140', '3HAD160', '3HAD40', 'ACHBS', '3HAD60', 'ACLS', '3HAD80', '3OAR100', 'ACOAD1f', '3OAR120', '3OAR140', 'ACOAD2f', 'ACOAD3f', 'ACOAD4f', '3OAR160', 'ACOAD5f', 'ACOAD6f', 'ACOAD7f', '3OAR40', 'ACOATA', '3OAR60', '3OAR80', '3OAS100', '3OAS120', '3OAS140', '3OAS160', '3OAS60', '3OAS80', 'ACS', 'ADCL', 'ADCS', 'ADMDC', 'ADPT', 'AMPN', 'ADSL1r', 'ADSL2r', 'ADSS', 'ANPRT', 'ANS', 'AGMHE', 'AICART', 'AIRC2', 'AIRC3', 'ASNS2', 'ALATA_L2', 'ASPCT', 'ALCD2x', 'ASPO6', 'ASPT', 'AST', 'ATPPRT', 'CS', 'CAT', 'CBPS', 'CYSabc2pp', 'CYSabcpp', 'CYSDS', 'CYSS', 'CYStex', 'CYTD', 'CLPNS140pp', 'CLPNS160pp', 'CLPNS161pp', 'CLPNS181pp', 'DB4PS', 'DCTPD', 'DHFR', 'DHFS', 'DHNPA2r', 'DHORD2', 'DHORD5', 'DHORTS', 'DHPS2', 'ETOHt2rpp', 'ETOHtex', 'FACOAE120', 'DNTPPA', 'DPCOAK', 'DRPA', 'FACOAE80', 'FACOAL140t2pp', 'FACOAL160t2pp', 'FACOAL161t2pp', 'FACOAL181t2pp', 'DURIPP', 'DUTPDP', 'FADRx', 'FBP', 'ECOAH1', 'ECOAH2', 'ECOAH3', 'ECOAH4', 'ECOAH5', 'ECOAH6', 'ECOAH7', 'ECOAH8', 'EDA', 'EDD', 'GLUDy', 'GLUN', 'GLUPRT', 'FRD2', 'H2St1pp', 'GLYC3Pabcpp', 'GLYC3Ptex', 'H2Stex', 'HACD1i', 'HACD2i', 'HACD3i', 'GLYCL', 'HACD4i', 'HACD5i', 'HACD6i', 'HACD7i', 'GLYCLTDy', 'GLYCtex', 'GLYCtpp', 'GLYK', 'HACD8i', 'GMHEPAT', 'HCO3E', 'GMHEPK', 'GMHEPPA', 'GMPR', 'GND', 'CTECOAI7', 'HEX7', 'HISTD', 'HISTP', 'GTPCI', 'HPPK2', 'ILEtex', 'IMPC', 'HSTPT', 'INDOLEt2pp', 'INDOLEtex', 'IPMD', 'IPPMIa', 'IPPMIb', 'IPPS', 'ICL', 'IG3PS', 'IGPDH', 'KARA1', 'IGPS', 'ILEt2rpp', 'KARA2', 'ILETA', 'KAS15', 'KAT1', 'ACACT11', 'G1PACT', 'ACACT8', 'ACACT13', 'ACACT10', 'ACACT9', 'LPLIPAL1G140pp', 'LPLIPAL1G160pp', 'LPLIPAL1G161pp', 'LPLIPAL1G181pp', 'ACACT12', 'ACACT8r', 'KDOCT2', 'KDOPP', 'KDOPS', 'LACZpp', 'LCTStex', 'LCTStpp', 'LEUTAi', 'LPADSS', 'LPLIPAL2G160', 'LYSt3pp', 'LYStex', 'MACPD', 'G3PD2', 'ME1', 'METabcpp', 'METAT', 'MOAT', 'MOAT2', 'MTAN', 'MTHFC', 'METtex', 'MTHFD', 'MTHFR2', 'G3PGabcpp', 'NADK', 'NADPHQR3', 'G3PGtex', 'NAt3_1p5pp', 'NNATr', 'NNDPR', 'NDPK8', 'NTD1', 'G6PDA', 'OMPDC', 'NTD4', 'ORNDC', 'ORPT', 'NTP3', 'P5CD', 'NTPP1', 'P5CR', 'NTPP2', 'NTPP4', 'NTPP6', 'NTPP7', 'NTPP8', 'CTECOAI8', 'PAPSR', 'PAPSR2', 'PDH', 'PE140abcpp', 'OMCDC', 'PE160abcpp', 'PE161abcpp', 'PE181abcpp', 'PLIPA2G140pp', 'PG140abcpp', 'PLIPA2G160pp', 'PLIPA2G161pp', 'PG161abcpp', 'PLIPA2G181pp', 'PG181abcpp', 'PNTK', 'PNTOt4pp', 'PGAMT', 'PNTOtex', 'PPA', 'PSD140', 'PGMT', 'PSD160', 'PSD161', 'PSD181', 'PPCDC', 'PPM2', 'PPNCL2', 'PSSA140', 'PSSA160', 'PSSA161', 'PSSA181', 'PTPATi', 'PRAGSr', 'PRAIi', 'PYAM5PO', 'PRAIS', 'PRAMPC', 'PRASCSi', 'PRATPP', 'PRFGS', 'PRMICI', 'QULNS', 'PGPP140', 'RBFSa', 'RNDR4', 'PGPP160', 'RNDR1', 'RPI', 'SADH', 'RNDR2b', 'PGPP161', 'SERAT', 'SERD_L', 'SULR', 'SGDS', 'SGSAD', 'PGPP181', 'TDSK', 'SO4tex', 'SOTA', 'SPMS', 'THRA', 'THRD_L', 'PGSA140', 'SUCCtex', 'PGSA160', 'SULabcpp', 'PGSA161', 'TMDS', 'PGSA181', 'TRDR', 'TYRt2rpp', 'TYRtex', 'U23GAAT', 'TRPS2', 'TRPS3', 'UAGAAT', 'UAGDP', 'PHEt2rpp', 'XYLI2', 'PHEtex', 'UDPG4E', 'UGLT', 'UHGADA', 'NADS1', 'GALUi', 'UPPRT', 'URIDK2r', 'DNMPPA', 'GCALDD', 'URIK2', 'USHD', 'VALTA', 'MTRK', 'MTRI', 'MDRPD', 'ARD', 'UNK3', 'EAR40x', 'EAR60x', 'EAR80x', 'EAR100x', 'EAR120x', 'EAR140x', 'EAR160x', 'LPS_YPtetra', 'BIOMASS_37C', 'S7PI', 'A5PISO', 'LACZ', 'EX_etoh_e', 'EX_g3pg_e', 'EX_lcts_e', 'EX_lys__L_e', 'EX_met__L_e', 'EX_glyc3p_e', 'EX_glyc_e', 'EX_tyr__L_e', 'EX_h2s_e', 'EX_phe__L_e', 'EX_pnto__R_e', 'EX_ile__L_e', 'EX_indole_e', 'EX_so4_e', 'EX_succ_e', 'KOKDO_LIPAtetra', 'SUCCt3pp', 'PAPSSH']","[-0.008795704562430728, -0.003421272563222999, -0.036264616900904184, 0.0019273988757504412, -0.09029939614617716, -0.02106735058054067, 0.8399959130280488, -0.10312918019883455, 0.011685804207152335, -0.0012899913735168159, 0.002579982747033631, 0.0030959720719841727, 0.00099078590704358, 0.013728021900760723, -0.006890064347033632, -0.006890064347033632, -0.0025799827470336326, -0.002579982747033631, -0.007880850254077212, -0.02106735058054067, -0.007880850254077212, -0.09029939614617716, -0.007880850254077212, -0.0068900643469760325, 0.0011248071699583306, -0.006890064347089719, -0.003794092275143157, 0.0011248071699583306, 0.0011248071699583306, 0.002115593077064659, -0.002579982747079157, 0.002115593077064659, 0.005211565149011221, 0.002328055020029751, -0.007880850254082361, -0.043796754478307776, -0.007880850254082361, -0.007880850254082361, -0.006890064347033632, -0.006890064347033632, -0.0037940922750494595, -0.002579982747033631, -0.007880850254077212, -0.007880850254077212, 0.013529734211435326, -0.003794092275049515, -0.003794092275049515, -0.0005311729185069243, 0.06280277472786977, 0.06333394764637669, -0.024244173755050724, -0.036264616900894, -0.02424417375509244, 0.003794092275049515, 0.003794092275049515, -0.0009105821460118702, -0.04537043836103294, -0.036264616900904184, 0.036264616900894, -0.019729279830257178, 0.07064599816142092, -0.02391036951731696, -0.039065528283686035, -0.00020715743822023736, 0.12545075049106597, 0.02215749888628884, -0.009105821460118704, -0.06859741597842994, 0.03521942036160034, -0.020723332006275408, 2.3081307752480713, 1.4681348622200225, -0.8203152723021491, 0.01413678897544324, -0.8399959130280195, 0.009561112533079917, -6.525838705329079e-05, -0.00018970461371736747, -8.347003006292653e-05, -6.146429495856864e-05, -1.5176369100222752e-06, 0.0019273988757251247, -0.005668373858839004, -0.003794092275049515, -0.003794092275049515, -0.012272553064296761, -0.0116378164530202, 0.023910369517238905, -0.003794092275049515, -0.039065528283686035, -0.039065528283686035, 0.0030959720719841727, -0.003794092275049515, -4.4770288842422944e-06, 0.0028910983135876857, 0.00099078590704358, 0.0012748150044166184, 0.001138227682514838, 0.001608695124620971, 0.0011898273374555102, 0.002891098313625662, 0.0019273988757251247, -0.015145227832966367, 0.0032497403251854455, -0.0011248071699583306, -0.0011248071699583306, -0.0011248071699583306, -0.002115593077064659, -0.002115593077064659, -0.005211565149011221, -0.003936750144589496, -0.0011898273374981727, 0.0645495748113027, 0.0645495748113027, 0.23740649210390075, 0.12284648555346961, -0.036264616900904184, -0.005216199210515762, -0.7971332990482054, -0.058230741771073985, -0.058230741771126304, 0.7971332990482551, 0.0011248071699801836, 0.0011248071699801836, 0.0011248071699801836, 0.052090367978887, 0.002115593077023765, 0.002115593077023765, 0.0052115651490079375, 0.003936750144591319, 0.003794092275049517, -0.0030109428116702475, 0.003410840137462401, -0.003410840137422106, 0.0011898273374555102, -0.001214109528015827, -0.05698794890713543, -0.001214109528015827, -0.001214109528015827, 0.02112626460593045, -0.0645495748113027, 0.00160869512462097, -0.005374431999213201, -0.009105821460118704, -0.009105821460118704, -0.003794092275049515, -0.003794092275049515, -0.008526569164814646, 0.04537043836103294, -0.009105821460118704, 0.00781583008660194, -0.007815830086656206, -0.05235847339568253, 0.0523584733956568, 0.0523584733956568, -0.05235847339568253, 0.003794092275049517, -0.009105821460118704, -0.009105821460118704, 0.09029939614617888, 0.003794092275049515, -0.008526569164814646, -0.021067350580551647, 0.021067350580551647, -0.007880850254077212, 0.0011248071699801836, 0.0011248071699801836, -0.0009105821460118702, 0.0011248071699801836, 0.002115593077023765, 0.002115593077023765, 0.0052115651490079375, 0.0006374075022083092, 0.0005691138412574194, 0.0008043475623104855, 0.0005949136687277551, 0.003936750144591319, 0.0011898273374555102, -0.0006070547640079135, -0.0006070547640079135, -0.0006070547640079135, -0.003421272563222999, -0.008795704562430728, -0.005374431999257467, -0.05235847339568253, -0.00030352738200395673, 0.0012899913735168154, 0.018970461375247293, -0.01897046137526104, 0.043796754478382015, -0.06433538742385281, 0.07334519655662011, -0.010623458370084122, -0.0005311729185069243, -0.00030352738200395673, -0.00030352738200395673, -0.0005311729185069243, -0.04537043836103294, -0.010623458370105254, -0.04537043836103294, -0.0037940922750494595, -0.0012899913735168154, -4.0217378116658153e-05, 0.006421617242504438, -0.0038957739479883458, -2.2385144404779567e-06, -0.00020715743823984667, -0.00020715743822023736, -0.0018742815839232208, 0.0028910983135876857, 0.0009105821460118702, -0.023910369517316975, 0.009561112533079917, -0.003187037511041546, 0.023910369517238905, 0.012755662346340249, 0.02428219056031653, 0.0019273988757251247, -0.024282190560316524, 0.02112626460593045, 0.010172644325920514, 0.0211249081477749, 0.0018742815838744325, 0.011761686052653321, 0.0011898273374555102, 0.03539136335366182, 0.0019273988757251247, -0.1738003196948028, -0.0004401147039057372, -0.05235847339568253, -0.0012899913735168163, -0.0005539374721572211, -0.00040976196570534167, 0.0006374075022083092, 0.0004401147039057373, 0.0005691138412574194, 0.0008043475623104855, 0.0005539374721572209, 0.0005949136687277551, 0.00040976196570534167, -4.4770288842422944e-06, -4.4770288842422944e-06, 0.0009105821460480001, -4.477028937799332e-06, 0.001168580420167195, -0.0004401147039057372, 0.003421272563173261, -0.0012899913735168163, -0.0005539374721572211, -0.00040976196570534167, -4.4770288842422944e-06, 0.002891098313625662, -4.4770288842422944e-06, -0.0004401147039057372, -0.0012899913735168163, -0.0005539374721572211, -0.00040976196570534167, -4.4770288842422944e-06, -0.036264616900894, 0.003794092275049515, 0.07064599816142092, -0.036264616900904184, -0.009105821460118704, -0.036264616900904184, -0.009105821460118704, -0.036264616900904184, -0.009105821460138941, -0.00020715743822023736, 0.0004401147039057373, -1.5176369100222752e-06, -0.0009105821460118711, 0.0012899913735168159, -0.0018742815838744325, 0.06394100241038814, 0.02215749888628884, -0.0019273988757251247, 0.0005539374721572209, 0.014136788975406489, 0.13516649421074234, 0.03731876222938694, 0.02215749888628884, 0.02215749888628884, 0.00040976196570534167, -0.00030352738200395673, 0.03731876222934716, 0.02215749888628884, -0.0005311729185069243, 0.049902451870821096, -0.02106735058054067, 0.00044011470390614704, -0.020431864568877245, 0.001289991373596422, 0.03731876222938694, 0.0005539374722047796, -0.0018742815838744325, 0.000409761965670441, 0.03260649962377551, -0.009864639915122098, -0.009864639915122098, -0.0006070547640079135, -0.004021737811552425, 0.003794092275049515, -0.0006070547639183133, -0.0009105821460118702, -0.014417550645134725, -0.005374431999257467, -0.014417550645134725, 0.008795704562430728, -0.008795704562430728, -0.0006070547640079135, -0.00020715743822023736, -0.0005311729185069243, 0.0028910983135876857, 0.0009105821460480001, -0.003794092275049515, -0.003794092275049515, 0.009561112533079917, -0.00030352738200395673, 0.03794092275052208, -0.0005311729185069243, -0.0005311729186132652, -0.0005311729185069243, -0.0005311729185612836, -0.0005311729185612836, -0.007880850254077212, -0.007880850254077212, -0.007880850254077212, -0.006890064347033632, -0.006890064347033632, -0.0025799827470336326, -0.002579982747033631, -0.00030352738200395673, -0.07588184550098917, -0.0012141095280640002, -0.0006070547639183133, -0.005374431999257467, 0.039065528283647066, 0.003895773948020784, 0.008795704562436195, 0.01897046137524727, 0.01062345837008416, 0.058230741771073985, 0.0030109428116318927, 0.009864639915128537, -0.7971332990482054, 0.014417550645188015, 4.477028937799332e-06, 0.008526569164845108, 0.00781583008660194, -0.03731876222934716, 0.0204318645688231, -0.00030352738200395673, 0.0204318645688231, 0.03731876222934716]","[0.008795704562430728, 0.003421272563222999, 0.036264616900904184, 0.0019273988757504412, 0.09029939614617716, 0.02106735058054067, 0.8399959130280488, 0.10312918019883455, 0.011685804207152335, 0.0012899913735168159, 0.002579982747033631, 0.0030959720719841727, 0.00099078590704358, 0.013728021900760723, 0.006890064347033632, 0.006890064347033632, 0.0025799827470336326, 0.002579982747033631, 0.007880850254077212, 0.02106735058054067, 0.007880850254077212, 0.09029939614617716, 0.007880850254077212, 0.0068900643469760325, 0.0011248071699583306, 0.006890064347089719, 0.003794092275143157, 0.0011248071699583306, 0.0011248071699583306, 0.002115593077064659, 0.002579982747079157, 0.002115593077064659, 0.005211565149011221, 0.002328055020029751, 0.007880850254082361, 0.043796754478307776, 0.007880850254082361, 0.007880850254082361, 0.006890064347033632, 0.006890064347033632, 0.0037940922750494595, 0.002579982747033631, 0.007880850254077212, 0.007880850254077212, 0.013529734211435326, 0.003794092275049515, 0.003794092275049515, 0.0005311729185069243, 0.06280277472786977, 0.06333394764637669, 0.024244173755050724, 0.036264616900894, 0.02424417375509244, 0.003794092275049515, 0.003794092275049515, 0.0009105821460118702, 0.04537043836103294, 0.036264616900904184, 0.036264616900894, 0.019729279830257178, 0.07064599816142092, 0.02391036951731696, 0.039065528283686035, 0.00020715743822023736, 0.12545075049106597, 0.02215749888628884, 0.009105821460118704, 0.06859741597842994, 0.03521942036160034, 0.020723332006275408, 2.3081307752480713, 1.4681348622200225, 0.8203152723021491, 0.01413678897544324, 0.8399959130280195, 0.009561112533079917, 6.525838705329079e-05, 0.00018970461371736747, 8.347003006292653e-05, 6.146429495856864e-05, 1.5176369100222752e-06, 0.0019273988757251247, 0.005668373858839004, 0.003794092275049515, 0.003794092275049515, 0.012272553064296761, 0.0116378164530202, 0.023910369517238905, 0.003794092275049515, 0.039065528283686035, 0.039065528283686035, 0.0030959720719841727, 0.003794092275049515, 4.4770288842422944e-06, 0.0028910983135876857, 0.00099078590704358, 0.0012748150044166184, 0.001138227682514838, 0.001608695124620971, 0.0011898273374555102, 0.002891098313625662, 0.0019273988757251247, 0.015145227832966367, 0.0032497403251854455, 0.0011248071699583306, 0.0011248071699583306, 0.0011248071699583306, 0.002115593077064659, 0.002115593077064659, 0.005211565149011221, 0.003936750144589496, 0.0011898273374981727, 0.0645495748113027, 0.0645495748113027, 0.23740649210390075, 0.12284648555346961, 0.036264616900904184, 0.005216199210515762, 0.7971332990482054, 0.058230741771073985, 0.058230741771126304, 0.7971332990482551, 0.0011248071699801836, 0.0011248071699801836, 0.0011248071699801836, 0.052090367978887, 0.002115593077023765, 0.002115593077023765, 0.0052115651490079375, 0.003936750144591319, 0.003794092275049517, 0.0030109428116702475, 0.003410840137462401, 0.003410840137422106, 0.0011898273374555102, 0.001214109528015827, 0.05698794890713543, 0.001214109528015827, 0.001214109528015827, 0.02112626460593045, 0.0645495748113027, 0.00160869512462097, 0.005374431999213201, 0.009105821460118704, 0.009105821460118704, 0.003794092275049515, 0.003794092275049515, 0.008526569164814646, 0.04537043836103294, 0.009105821460118704, 0.00781583008660194, 0.007815830086656206, 0.05235847339568253, 0.0523584733956568, 0.0523584733956568, 0.05235847339568253, 0.003794092275049517, 0.009105821460118704, 0.009105821460118704, 0.09029939614617888, 0.003794092275049515, 0.008526569164814646, 0.021067350580551647, 0.021067350580551647, 0.007880850254077212, 0.0011248071699801836, 0.0011248071699801836, 0.0009105821460118702, 0.0011248071699801836, 0.002115593077023765, 0.002115593077023765, 0.0052115651490079375, 0.0006374075022083092, 0.0005691138412574194, 0.0008043475623104855, 0.0005949136687277551, 0.003936750144591319, 0.0011898273374555102, 0.0006070547640079135, 0.0006070547640079135, 0.0006070547640079135, 0.003421272563222999, 0.008795704562430728, 0.005374431999257467, 0.05235847339568253, 0.00030352738200395673, 0.0012899913735168154, 0.018970461375247293, 0.01897046137526104, 0.043796754478382015, 0.06433538742385281, 0.07334519655662011, 0.010623458370084122, 0.0005311729185069243, 0.00030352738200395673, 0.00030352738200395673, 0.0005311729185069243, 0.04537043836103294, 0.010623458370105254, 0.04537043836103294, 0.0037940922750494595, 0.0012899913735168154, 4.0217378116658153e-05, 0.006421617242504438, 0.0038957739479883458, 2.2385144404779567e-06, 0.00020715743823984667, 0.00020715743822023736, 0.0018742815839232208, 0.0028910983135876857, 0.0009105821460118702, 0.023910369517316975, 0.009561112533079917, 0.003187037511041546, 0.023910369517238905, 0.012755662346340249, 0.02428219056031653, 0.0019273988757251247, 0.024282190560316524, 0.02112626460593045, 0.010172644325920514, 0.0211249081477749, 0.0018742815838744325, 0.011761686052653321, 0.0011898273374555102, 0.03539136335366182, 0.0019273988757251247, 0.1738003196948028, 0.0004401147039057372, 0.05235847339568253, 0.0012899913735168163, 0.0005539374721572211, 0.00040976196570534167, 0.0006374075022083092, 0.0004401147039057373, 0.0005691138412574194, 0.0008043475623104855, 0.0005539374721572209, 0.0005949136687277551, 0.00040976196570534167, 4.4770288842422944e-06, 4.4770288842422944e-06, 0.0009105821460480001, 4.477028937799332e-06, 0.001168580420167195, 0.0004401147039057372, 0.003421272563173261, 0.0012899913735168163, 0.0005539374721572211, 0.00040976196570534167, 4.4770288842422944e-06, 0.002891098313625662, 4.4770288842422944e-06, 0.0004401147039057372, 0.0012899913735168163, 0.0005539374721572211, 0.00040976196570534167, 4.4770288842422944e-06, 0.036264616900894, 0.003794092275049515, 0.07064599816142092, 0.036264616900904184, 0.009105821460118704, 0.036264616900904184, 0.009105821460118704, 0.036264616900904184, 0.009105821460138941, 0.00020715743822023736, 0.0004401147039057373, 1.5176369100222752e-06, 0.0009105821460118711, 0.0012899913735168159, 0.0018742815838744325, 0.06394100241038814, 0.02215749888628884, 0.0019273988757251247, 0.0005539374721572209, 0.014136788975406489, 0.13516649421074234, 0.03731876222938694, 0.02215749888628884, 0.02215749888628884, 0.00040976196570534167, 0.00030352738200395673, 0.03731876222934716, 0.02215749888628884, 0.0005311729185069243, 0.049902451870821096, 0.02106735058054067, 0.00044011470390614704, 0.020431864568877245, 0.001289991373596422, 0.03731876222938694, 0.0005539374722047796, 0.0018742815838744325, 0.000409761965670441, 0.03260649962377551, 0.009864639915122098, 0.009864639915122098, 0.0006070547640079135, 0.004021737811552425, 0.003794092275049515, 0.0006070547639183133, 0.0009105821460118702, 0.014417550645134725, 0.005374431999257467, 0.014417550645134725, 0.008795704562430728, 0.008795704562430728, 0.0006070547640079135, 0.00020715743822023736, 0.0005311729185069243, 0.0028910983135876857, 0.0009105821460480001, 0.003794092275049515, 0.003794092275049515, 0.009561112533079917, 0.00030352738200395673, 0.03794092275052208, 0.0005311729185069243, 0.0005311729186132652, 0.0005311729185069243, 0.0005311729185612836, 0.0005311729185612836, 0.007880850254077212, 0.007880850254077212, 0.007880850254077212, 0.006890064347033632, 0.006890064347033632, 0.0025799827470336326, 0.002579982747033631, 0.00030352738200395673, 0.07588184550098917, 0.0012141095280640002, 0.0006070547639183133, 0.005374431999257467, 0.039065528283647066, 0.003895773948020784, 0.008795704562436195, 0.01897046137524727, 0.01062345837008416, 0.058230741771073985, 0.0030109428116318927, 0.009864639915128537, 0.7971332990482054, 0.014417550645188015, 4.477028937799332e-06, 0.008526569164845108, 0.00781583008660194, 0.03731876222934716, 0.0204318645688231, 0.00030352738200395673, 0.0204318645688231, 0.03731876222934716]","['GALt2pp', 'GART', 'EX_cys__L_e', '2AGPGAT160', '3HAD120', '3HAD140', '3OAR120', '3OAS120', 'ASPO6', 'CS', 'CYSDS', 'CYStex', 'DHORD5', 'FADRx', 'GLYC3Pabcpp', 'GLYK', 'GND', 'HEX7', 'KAS15', 'LACZpp', 'G3PGabcpp', 'NAt3_1p5pp', 'NDPK8', 'PDH', 'RNDR1', 'RNDR2b', 'TRPS2', 'XYLI2', 'EAR100x', 'EAR120x', 'EAR140x']","['GALKr', 'DGK1', 'GLCP', 'AACPS7', 'AACPS9', 'ACOAD1f', 'ACOAD2f', 'ACOAD3f', 'ACOAD4f', 'ACOAD5f', 'ACS', 'ADPT', 'AMPN', 'ALATA_L2', 'ALCD2x', 'ASPT', 'AST', 'CYSabc2pp', 'CYSS', 'CYTD', 'DCTPD', 'ETOHt2rpp', 'ETOHtex', 'FACOAE120', 'DRPA', 'FACOAE80', 'FACOAL140t2pp', 'FACOAL181t2pp', 'DURIPP', 'DUTPDP', 'FBP', 'ECOAH1', 'ECOAH2', 'ECOAH3', 'ECOAH4', 'ECOAH5', 'ECOAH6', 'ECOAH7', 'ECOAH8', 'EDA', 'EDD', 'GLUN', 'GLYC3Ptex', 'HACD1i', 'HACD2i', 'HACD3i', 'HACD4i', 'HACD5i', 'HACD6i', 'HACD7i', 'GLYCLTDy', 'GLYCtex', 'HACD8i', 'GMPR', 'ILEtex', 'INDOLEt2pp', 'INDOLEtex', 'ICL', 'ILEt2rpp', 'KAT1', 'ACACT11', 'ACACT8', 'ACACT13', 'ACACT10', 'ACACT9', 'LPLIPAL1G140pp', 'LPLIPAL1G160pp', 'LPLIPAL1G181pp', 'ACACT12', 'ACACT8r', 'LCTStex', 'LPLIPAL2G160', 'LYSt3pp', 'MACPD', 'ME1', 'NADPHQR3', 'G3PGtex', 'NTD1', 'G6PDA', 'NTD4', 'NTP3', 'P5CD', 'NTPP1', 'NTPP2', 'NTPP4', 'NTPP6', 'NTPP7', 'NTPP8', 'CTECOAI8', 'PAPSR', 'PAPSR2', 'PLIPA2G140pp', 'PLIPA2G160pp', 'PLIPA2G181pp', 'PPA', 'PPM2', 'PYAM5PO', 'SADH', 'SERAT', 'SULR', 'SGDS', 'SGSAD', 'SO4tex', 'SOTA', 'SUCCtex', 'SULabcpp', 'UDPG4E', 'UGLT', 'UPPRT', 'URIK2', 'EX_etoh_e', 'EX_g3pg_e', 'EX_lcts_e', 'EX_glyc3p_e', 'EX_glyc_e', 'EX_ile__L_e', 'EX_indole_e', 'EX_so4_e', 'EX_succ_e', 'SUCCt3pp', 'PAPSSH']","['DHAD1', 'DHAD2', 'GHMT2r', 'AACPS3', 'ACALD', '3HAD100', '3HAD160', '3HAD40', 'ACHBS', '3HAD60', 'ACLS', '3HAD80', '3OAR100', '3OAR140', '3OAR160', 'ACOAD6f', 'ACOAD7f', '3OAR40', 'ACOATA', '3OAR60', '3OAR80', '3OAS100', '3OAS140', '3OAS160', '3OAS60', '3OAS80', 'ADCL', 'ADCS', 'ADMDC', 'ADSL1r', 'ADSL2r', 'ADSS', 'ANPRT', 'ANS', 'AGMHE', 'AICART', 'AIRC2', 'AIRC3', 'ASNS2', 'ASPCT', 'ATPPRT', 'CAT', 'CBPS', 'CYSabcpp', 'CLPNS140pp', 'CLPNS160pp', 'CLPNS161pp', 'CLPNS181pp', 'DB4PS', 'DHFR', 'DHFS', 'DHNPA2r', 'DHORD2', 'DHORTS', 'DHPS2', 'DNTPPA', 'DPCOAK', 'FACOAL160t2pp', 'FACOAL161t2pp', 'GLUDy', 'GLUPRT', 'FRD2', 'H2St1pp', 'H2Stex', 'GLYCL', 'GLYCtpp', 'GMHEPAT', 'HCO3E', 'GMHEPK', 'GMHEPPA', 'CTECOAI7', 'HISTD', 'HISTP', 'GTPCI', 'HPPK2', 'IMPC', 'HSTPT', 'IPMD', 'IPPMIa', 'IPPMIb', 'IPPS', 'IG3PS', 'IGPDH', 'KARA1', 'IGPS', 'KARA2', 'ILETA', 'G1PACT', 'LPLIPAL1G161pp', 'KDOCT2', 'KDOPP', 'KDOPS', 'LCTStpp', 'LEUTAi', 'LPADSS', 'LYStex', 'G3PD2', 'METabcpp', 'METAT', 'MOAT', 'MOAT2', 'MTAN', 'MTHFC', 'METtex', 'MTHFD', 'MTHFR2', 'NADK', 'NNATr', 'NNDPR', 'OMPDC', 'ORNDC', 'ORPT', 'P5CR', 'PE140abcpp', 'OMCDC', 'PE160abcpp', 'PE161abcpp', 'PE181abcpp', 'PG140abcpp', 'PLIPA2G161pp', 'PG161abcpp', 'PG181abcpp', 'PNTK', 'PNTOt4pp', 'PGAMT', 'PNTOtex', 'PSD140', 'PGMT', 'PSD160', 'PSD161', 'PSD181', 'PPCDC', 'PPNCL2', 'PSSA140', 'PSSA160', 'PSSA161', 'PSSA181', 'PTPATi', 'PRAGSr', 'PRAIi', 'PRAIS', 'PRAMPC', 'PRASCSi', 'PRATPP', 'PRFGS', 'PRMICI', 'QULNS', 'PGPP140', 'RBFSa', 'RNDR4', 'PGPP160', 'RPI', 'PGPP161', 'SERD_L', 'PGPP181', 'TDSK', 'SPMS', 'THRA', 'THRD_L', 'PGSA140', 'PGSA160', 'PGSA161', 'TMDS', 'PGSA181', 'TRDR', 'TYRt2rpp', 'TYRtex', 'U23GAAT', 'TRPS3', 'UAGAAT', 'UAGDP', 'PHEt2rpp', 'PHEtex', 'UHGADA', 'NADS1', 'GALUi', 'URIDK2r', 'DNMPPA', 'GCALDD', 'USHD', 'VALTA', 'MTRK', 'MTRI', 'MDRPD', 'ARD', 'UNK3', 'EAR40x', 'EAR60x', 'EAR80x', 'EAR160x', 'LPS_YPtetra', 'BIOMASS_37C', 'S7PI', 'A5PISO', 'LACZ', 'EX_lys__L_e', 'EX_met__L_e', 'EX_tyr__L_e', 'EX_h2s_e', 'EX_phe__L_e', 'EX_pnto__R_e', 'KOKDO_LIPAtetra']",CYStex,PAPSSH,15.156292764453609,1,354,202,50.0,-2.245782521255358,iPC815,PSL,True,False,-2.04000651009893,0.0,0.0,0.0
41,"['GAPD', 'GARFT', 'DDPA', 'DHAD1', 'DHAD2', 'GF6PTA', 'GHMT2r', 'GK1', 'GLCP', 'ACCOAC', '3HAD100', '3HAD120', '3HAD121', '3HAD140', '3HAD141', '3HAD160', '3HAD161', '3HAD181', '3HAD40', 'ACHBS', '3HAD60', 'ACLS', '3HAD80', '3OAR100', '3OAR120', '3OAR121', '3OAR140', '3OAR141', '3OAR160', '3OAR161', '3OAR181', '3OAR40', '3OAR60', '3OAR80', '3OAS100', '3OAS120', '3OAS121', '3OAS140', '3OAS141', '3OAS160', '3OAS161', '3OAS181', '3OAS60', '3OAS80', 'ACONTa', 'ACONTb', 'ACS', 'ACt4pp', 'ACtex', 'ADCL', 'ADCS', 'ADMDC', 'ADPT', 'ADSL1r', 'ADSL2r', 'ADSS', 'ANPRT', 'ANS', 'AGMHE', 'APRAUR', 'AGPAT140', 'AGPAT160', 'AGPAT161', 'AGPAT181', 'AICART', 'AIRC2', 'AIRC3', 'ARGSL', 'ARGSS', 'AKGDH', 'ASNS2', 'ASPCT', 'ASPO3', 'ASPTA', 'ATPPRT', 'ATPS4rpp', 'CTPS2', 'CBPS', 'CYTBO3_4pp', 'CHORS', 'CITt7pp', 'CITtex', 'CLPNS140pp', 'CLPNS160pp', 'CLPNS161pp', 'CLPNS181pp', 'DB4PS', 'CO2tex', 'CO2tpp', 'DHFR', 'DHFS', 'DHNPA2r', 'DHORD2', 'DHORTS', 'DHPPDA2', 'DHPS2', 'DHQS', 'ENO', 'FLDR', 'DNTPPA', 'DPCOAK', 'DTMPK', 'FBA', 'FDH4pp', 'FMNAT', 'GLNS', 'GLU5K', 'GLUDy', 'GLUPRT', 'FORtex', 'GLYAT', 'H2Otex', 'H2Otpp', 'GLYCL', 'GLYCtpp', 'GLYK', 'GLYt2pp', 'GLYtex', 'GMHEPAT', 'HCO3E', 'GMHEPK', 'GMHEPPA', 'GMPS2', 'HISTD', 'HISTP', 'GTPCI', 'GTPCII2', 'HPPK2', 'IMPC', 'IMPD', 'HSTPT', 'Htex', 'ICDHyr', 'IPMD', 'IPPMIa', 'IPPMIb', 'IPPS', 'ICL', 'IG3PS', 'IGPDH', 'FUM', 'KARA1', 'IGPS', 'KARA2', 'ILETA', 'FUMt2_2pp', 'KAS15', 'FUMtex', 'G1PACT', 'KDOCT2', 'KDOPP', 'KDOPS', 'LEUTAi', 'G3PAT140', 'LPADSS', 'G3PAT160', 'LYSabcpp', 'LYStex', 'G3PAT161', 'MALS', 'G3PAT181', 'MCOATA', 'G3PD2', 'MDH', 'ME2', 'METabcpp', 'METAT', 'MOAT', 'MOAT2', 'MTAN', 'MTHFC', 'METtex', 'MTHFD', 'MTHFR2', 'NADH16pp', 'NADK', 'NNATr', 'NNDPR', 'NDPK2', 'NDPK4', 'NDPK7', 'G5SD', 'NTD10', 'OMPDC', 'ORNDC', 'ORPT', 'P5CR', 'O2tex', 'O2tpp', 'OCBT', 'PGK', 'PE140abcpp', 'OMCDC', 'PE160abcpp', 'PE161abcpp', 'PE181abcpp', 'PFK', 'PG140abcpp', 'PG160abcpp', 'PG161abcpp', 'PG181abcpp', 'PNTK', 'PNTOt4pp', 'PGAMT', 'PGCD', 'PNTOtex', 'PGM', 'PSD140', 'PGMT', 'PSD160', 'PSD161', 'PPC', 'PSD181', 'PPCDC', 'PSERT', 'PSP_L', 'PPM', 'PPNCL2', 'PSSA140', 'PSSA160', 'PSSA161', 'PSSA181', 'PTPATi', 'PRAGSr', 'PRAIi', 'PUNP7', 'PRAIS', 'PRAMPC', 'PRASCSi', 'PYK', 'PRATPP', 'PRFGS', 'PRMICI', 'QULNS', 'RBFK', 'PGPP140', 'RBFSa', 'RBFSb', 'PRPPS', 'PSCVT', 'RNDR4', 'RNTR1c', 'PGPP160', 'RNTR2c', 'RPE', 'RPI', 'RNDR3', 'PGPP161', 'SERD_L', 'T2DECAI', 'TALA', 'PGPP181', 'TDSK', 'SHK3Dr', 'SHKK', 'THD2pp', 'SPMS', 'THRD', 'THRD_L', 'PGSA140', 'SUCFUMtpp', 'SUCOAS', 'PGSA160', 'TKT1', 'TKT2', 'PGSA161', 'TMDS', 'PGSA181', 'TPI', 'TRDR', 'TYRt2rpp', 'TYRtex', 'U23GAAT', 'TRPS1', 'UAGAAT', 'UAGDP', 'PHEt2rpp', 'PHEtex', 'PMDPHT', 'UHGADA', 'NADS1', 'UMPK', 'GALUi', 'PIt2rpp', 'DASYN140', 'DASYN161', 'DASYN160', 'DASYN181', 'URIDK2r', 'DNMPPA', 'GCALDD', 'PItex', 'GLYCTO2', 'USHD', 'VALTA', 'DHQTi', 'MTRK', 'MTRI', 'MDRPD', 'VPAMTr', 'XANtex', 'XANtpp', 'ENOPH', 'ARD', 'UNK3', 'EAR40x', 'EAR60x', 'EAR80x', 'EAR100x', 'EAR120x', 'EAR121x', 'EAR140x', 'EAR141x', 'EAR160x', 'EAR161x', 'EAR181x', 'LPS_YPtetra', 'BIOMASS_37C', 'S7PI', 'A5PISO', 'EX_ac_e', 'EX_for_e', 'EX_cit_e', 'EX_co2_e', 'EX_fum_e', 'EX_lys__L_e', 'EX_met__L_e', 'EX_gly_e', 'EX_tyr__L_e', 'EX_h2o_e', 'EX_o2_e', 'EX_phe__L_e', 'EX_pi_e', 'EX_h_e', 'EX_pnto__R_e', 'EX_xan_e', 'G5SADs', 'ORNCD', 'KOKDO_LIPAtetra', 'ACt2rpp', 'SUCCt3pp']","[0.4634943845338739, -0.02170200150794699, -0.02198053475, -0.2539498675, -0.08322726749999998, -0.0025608389999999997, 0.8031915529122671, -0.05941415860093002, 0.03286410049999999, -0.17363342032999995, -0.025326697709999995, -0.01745638585, -0.007870311859999996, -0.014041933849999999, -0.007870311859999998, -0.01045675925, -0.007870311859999998, -0.0033461629599999994, -0.025326697709999995, -0.08322726749999998, -0.025326697709999995, -0.2539498675, -0.025326697709999995, -0.02532669770994289, -0.017456385849982325, -0.007870311859999996, -0.017456385849982325, -0.007870311859999998, -0.010456759250018877, -0.007870311859999998, -0.0033461629599999994, -0.02532669770994289, -0.02532669770994289, -0.02532669770994289, -0.025326697709999995, -0.01745638585, -0.007870311859999996, -0.01745638585, -0.007870311859999998, -0.01045675925, -0.007870311859999998, -0.0033461629599999994, -0.025326697709999995, -0.025326697709999995, -0.31966900441705093, -0.31966900441705093, 0.5217876022234356, 1.2590791675148871e-05, 0.5539115564321264, -0.010670162500000004, -0.010670162500000004, -0.0014938227499999997, -0.0014938227499999997, -0.06818212497182685, -0.02170200150794699, -0.06818212497190942, -0.011310372249999997, -0.011310372249999997, -0.0025608389999999997, -2.6938009999999998e-06, -0.0017925872999999997, -0.005228379625, -0.0022620744499999997, -0.0016730814799999997, -0.047310391507949134, -0.02170200150793615, 0.02170200150794699, -0.0533508124999571, -0.05335081249999999, -1.1419154867046553, -0.055484844999999984, -0.06724336407491309, -0.0005825908725007878, 0.33483477892730207, -0.025608389999999998, -10.255450037613628, -0.032309252049913084, -0.12059417657491306, -5.96311156092214, -0.02198053475, -0.3196690044170425, -0.31966900441705093, -0.00018352679489908041, -0.0005335081250450457, -0.0002347435749925353, -0.0001728566325027714, -5.3876019999999995e-06, 8.486352109226686, 4.469520728237285, -0.015941222774927155, -0.010670162500000004, -0.010670162500000004, -0.06724336407491309, 0.06724336407489773, -2.6938009999999998e-06, -0.010670162500000004, -0.02198053475, 0.2806287203439979, -0.010691502824999997, -0.010670162500000004, -1.2590791675148871e-05, -0.005271060275049422, 0.1887575745815866, -4.016831380989352, -2.1340325e-06, -0.36349023149169835, -0.13060278899999997, 0.9799737247374196, -0.02170200150793615, -4.016831380989288, -0.1643205025000043, 5.674399414318145, 5.674399414318145, -0.8881451687031656, 0.0011246351275531197, -0.0011246351274999998, -2.071556183123395, -2.071556183123448, -0.0034144519999999997, -0.3159295984128221, -0.0034144519999999997, -0.0034144519999999997, -0.059414158600999994, -0.025608389999999998, -0.025608389999999998, -0.010670162500000004, -2.6938009999999998e-06, -0.010670162500000004, 0.047310391507949134, 0.02087173346397328, -0.025608389999999998, -8.139735159030124, -1.4078159362046563, -0.14724824249999996, 0.14724824250004076, 0.14724824250004076, -0.14724824249999996, 1.088146931787613, -0.025608389999999998, -0.025608389999999998, -2.00379137980849, 0.25394986750006865, -0.011310372249999997, -0.08322726749997855, 0.08322726749997855, -0.3196690044170425, -0.025326697709999995, -1.8059349131212912, -0.0025608389999999997, -0.0017072259999999998, -0.0017072259999999998, -0.0017072259999999998, -0.14724824249999996, -0.0017925872999999997, -0.0008536129999999999, -0.005228379625, -0.05335081249999999, -0.0533508124999571, -0.0022620744499999997, 1.0774767692876128, -0.0016730814799999997, -0.17363342033002027, 0.013211795207439536, -0.4948641291708782, -0.43145048135003594, -0.029876454999999996, -0.0014938227499999997, -0.0008536129999999999, -0.0008536129999999999, -0.0014938227499999997, -0.06901239301578244, -0.029876454999907764, -0.06901239301578244, -0.0106701625, -1.8131625347780815, -0.00011310372249995204, -0.0005825908724546025, -0.0005825908725007878, -0.06538675579986375, -0.005271060275049422, -0.00542044254996199, -0.13060278899999997, 0.08028589206497327, -0.06724336407491309, -0.008962936499999997, 0.06724336407489773, -0.13060278899999997, -2.983903216211047, -2.983903216211047, -0.0533508124999571, -0.4634943845338739, -0.0012377388499999998, -0.14724824249999996, -0.00362785525, -0.0015578437249999999, -0.00115237755, 0.18875757458154863, -0.0005548484499999999, -0.0016005243749999999, -0.0007042307249999998, -0.0005207039299999999, -1.2590791675148871e-05, -1.2590791675148871e-05, 0.0025608390000115833, 0.18286566418992067, -1.2590791698130488e-05, -0.2806287203439979, -0.0012377388499999998, 0.0343579232500133, -0.00362785525, -0.0015578437249999999, 0.1600293502435436, -0.00115237755, -1.2590791675148871e-05, 0.18286566418992067, 0.18286566418992067, 0.08028589206503511, -1.2590791675148871e-05, -0.0012377388499999998, -0.00362785525, -0.0015578437249999999, -0.00115237755, -1.2590791675148871e-05, -0.02170200150794699, -0.011310372249999997, 0.08028589206492143, -0.02170200150793615, -0.025608389999999998, -0.02170200150793615, 0.16626766560040807, -0.025608389999999998, -0.02170200150793615, -0.025608390000002146, -0.0005825908725007878, -2.6938009999999998e-06, -0.0005548484499999999, -5.3876019999999995e-06, -2.6938009999999998e-06, -0.12794054145535938, -0.021980534750014158, -0.005271060274999999, -0.005271060274999999, -0.0016005243749999999, -0.005420442549999999, 0.14842436033154627, 0.14671174672957932, -0.005420442549999999, -0.0007042307249999998, -0.49047001109737254, -0.007870311859960566, 0.06492913879071693, -0.0005207039299999999, -0.0008536129999999999, -0.021980534750014158, -0.02198053475, 0.08368433901972472, -0.0014938227499999997, 0.1643205025, -0.08322726749999998, -0.0005548484500650375, -1.4862659087042402, 1.1419148464949558, -0.0016005243749077636, 0.06151468679070149, 0.08690967354073109, -0.0007042307249776059, -0.005271060274999999, -0.0005207039300785254, 0.20255196066159442, -0.010691502824999997, -0.027742422499954955, -0.027742422499954955, -0.0017072259999999998, -0.011310372249999997, -0.0017072259998940353, -0.0025608389999999997, -0.04054661750001287, -0.04054661750001287, -2.6938009999999998e-06, -0.0017072259999999998, -0.0005825908725007878, -0.06809697707490159, -0.0014938227499999997, -0.17471956243150544, -0.0017925872999999997, -0.0022620744499999997, -0.005228379625, -0.0016730814799999997, 0.005271060275049422, -0.010670162500000004, -0.010670162500000004, -0.17471956243150544, -0.010670162500000004, -0.0008536129999999999, 0.3053800507499318, -0.02198053475, -0.0014938227499999997, -0.0014938227500351786, -0.0014938227499999997, 0.1986784257499039, -0.08028589206492143, -0.08028589206492143, -0.0014938227499999997, -0.0014938227499999997, -0.0014938227499999997, -0.025326697709999995, -0.025326697709999995, -0.025326697709999995, -0.01745638585, -0.01745638585, -0.007870311859999996, -0.014041933849999999, -0.007870311859999998, -0.01045675925, -0.007870311859999998, -0.0033461629599999994, -0.0008536129999999999, -0.21340324999999996, -0.0034144520000154444, -0.0017072259998940353, -0.5539115564321131, 4.016831380989352, 0.31966900441704205, -8.486352109226647, 1.805934913121314, 0.053350812499999956, 0.029876455000000135, 2.071556183123395, 0.027742422499999808, -5.674399414318145, 2.98390321621107, 0.04054661749999999, 0.17471956243150544, 8.139735159030124, 1.2590791698130488e-05, 0.08028589206497327, -0.1306027890000223, 0.0623137489999408, -0.0008536129999999999, 0.5538989656404283, 1.805934913121314]","[0.4634943845338739, 0.02170200150794699, 0.02198053475, 0.2539498675, 0.08322726749999998, 0.0025608389999999997, 0.8031915529122671, 0.05941415860093002, 0.03286410049999999, 0.17363342032999995, 0.025326697709999995, 0.01745638585, 0.007870311859999996, 0.014041933849999999, 0.007870311859999998, 0.01045675925, 0.007870311859999998, 0.0033461629599999994, 0.025326697709999995, 0.08322726749999998, 0.025326697709999995, 0.2539498675, 0.025326697709999995, 0.02532669770994289, 0.017456385849982325, 0.007870311859999996, 0.017456385849982325, 0.007870311859999998, 0.010456759250018877, 0.007870311859999998, 0.0033461629599999994, 0.02532669770994289, 0.02532669770994289, 0.02532669770994289, 0.025326697709999995, 0.01745638585, 0.007870311859999996, 0.01745638585, 0.007870311859999998, 0.01045675925, 0.007870311859999998, 0.0033461629599999994, 0.025326697709999995, 0.025326697709999995, 0.31966900441705093, 0.31966900441705093, 0.5217876022234356, 1.2590791675148871e-05, 0.5539115564321264, 0.010670162500000004, 0.010670162500000004, 0.0014938227499999997, 0.0014938227499999997, 0.06818212497182685, 0.02170200150794699, 0.06818212497190942, 0.011310372249999997, 0.011310372249999997, 0.0025608389999999997, 2.6938009999999998e-06, 0.0017925872999999997, 0.005228379625, 0.0022620744499999997, 0.0016730814799999997, 0.047310391507949134, 0.02170200150793615, 0.02170200150794699, 0.0533508124999571, 0.05335081249999999, 1.1419154867046553, 0.055484844999999984, 0.06724336407491309, 0.0005825908725007878, 0.33483477892730207, 0.025608389999999998, 10.255450037613628, 0.032309252049913084, 0.12059417657491306, 5.96311156092214, 0.02198053475, 0.3196690044170425, 0.31966900441705093, 0.00018352679489908041, 0.0005335081250450457, 0.0002347435749925353, 0.0001728566325027714, 5.3876019999999995e-06, 8.486352109226686, 4.469520728237285, 0.015941222774927155, 0.010670162500000004, 0.010670162500000004, 0.06724336407491309, 0.06724336407489773, 2.6938009999999998e-06, 0.010670162500000004, 0.02198053475, 0.2806287203439979, 0.010691502824999997, 0.010670162500000004, 1.2590791675148871e-05, 0.005271060275049422, 0.1887575745815866, 4.016831380989352, 2.1340325e-06, 0.36349023149169835, 0.13060278899999997, 0.9799737247374196, 0.02170200150793615, 4.016831380989288, 0.1643205025000043, 5.674399414318145, 5.674399414318145, 0.8881451687031656, 0.0011246351275531197, 0.0011246351274999998, 2.071556183123395, 2.071556183123448, 0.0034144519999999997, 0.3159295984128221, 0.0034144519999999997, 0.0034144519999999997, 0.059414158600999994, 0.025608389999999998, 0.025608389999999998, 0.010670162500000004, 2.6938009999999998e-06, 0.010670162500000004, 0.047310391507949134, 0.02087173346397328, 0.025608389999999998, 8.139735159030124, 1.4078159362046563, 0.14724824249999996, 0.14724824250004076, 0.14724824250004076, 0.14724824249999996, 1.088146931787613, 0.025608389999999998, 0.025608389999999998, 2.00379137980849, 0.25394986750006865, 0.011310372249999997, 0.08322726749997855, 0.08322726749997855, 0.3196690044170425, 0.025326697709999995, 1.8059349131212912, 0.0025608389999999997, 0.0017072259999999998, 0.0017072259999999998, 0.0017072259999999998, 0.14724824249999996, 0.0017925872999999997, 0.0008536129999999999, 0.005228379625, 0.05335081249999999, 0.0533508124999571, 0.0022620744499999997, 1.0774767692876128, 0.0016730814799999997, 0.17363342033002027, 0.013211795207439536, 0.4948641291708782, 0.43145048135003594, 0.029876454999999996, 0.0014938227499999997, 0.0008536129999999999, 0.0008536129999999999, 0.0014938227499999997, 0.06901239301578244, 0.029876454999907764, 0.06901239301578244, 0.0106701625, 1.8131625347780815, 0.00011310372249995204, 0.0005825908724546025, 0.0005825908725007878, 0.06538675579986375, 0.005271060275049422, 0.00542044254996199, 0.13060278899999997, 0.08028589206497327, 0.06724336407491309, 0.008962936499999997, 0.06724336407489773, 0.13060278899999997, 2.983903216211047, 2.983903216211047, 0.0533508124999571, 0.4634943845338739, 0.0012377388499999998, 0.14724824249999996, 0.00362785525, 0.0015578437249999999, 0.00115237755, 0.18875757458154863, 0.0005548484499999999, 0.0016005243749999999, 0.0007042307249999998, 0.0005207039299999999, 1.2590791675148871e-05, 1.2590791675148871e-05, 0.0025608390000115833, 0.18286566418992067, 1.2590791698130488e-05, 0.2806287203439979, 0.0012377388499999998, 0.0343579232500133, 0.00362785525, 0.0015578437249999999, 0.1600293502435436, 0.00115237755, 1.2590791675148871e-05, 0.18286566418992067, 0.18286566418992067, 0.08028589206503511, 1.2590791675148871e-05, 0.0012377388499999998, 0.00362785525, 0.0015578437249999999, 0.00115237755, 1.2590791675148871e-05, 0.02170200150794699, 0.011310372249999997, 0.08028589206492143, 0.02170200150793615, 0.025608389999999998, 0.02170200150793615, 0.16626766560040807, 0.025608389999999998, 0.02170200150793615, 0.025608390000002146, 0.0005825908725007878, 2.6938009999999998e-06, 0.0005548484499999999, 5.3876019999999995e-06, 2.6938009999999998e-06, 0.12794054145535938, 0.021980534750014158, 0.005271060274999999, 0.005271060274999999, 0.0016005243749999999, 0.005420442549999999, 0.14842436033154627, 0.14671174672957932, 0.005420442549999999, 0.0007042307249999998, 0.49047001109737254, 0.007870311859960566, 0.06492913879071693, 0.0005207039299999999, 0.0008536129999999999, 0.021980534750014158, 0.02198053475, 0.08368433901972472, 0.0014938227499999997, 0.1643205025, 0.08322726749999998, 0.0005548484500650375, 1.4862659087042402, 1.1419148464949558, 0.0016005243749077636, 0.06151468679070149, 0.08690967354073109, 0.0007042307249776059, 0.005271060274999999, 0.0005207039300785254, 0.20255196066159442, 0.010691502824999997, 0.027742422499954955, 0.027742422499954955, 0.0017072259999999998, 0.011310372249999997, 0.0017072259998940353, 0.0025608389999999997, 0.04054661750001287, 0.04054661750001287, 2.6938009999999998e-06, 0.0017072259999999998, 0.0005825908725007878, 0.06809697707490159, 0.0014938227499999997, 0.17471956243150544, 0.0017925872999999997, 0.0022620744499999997, 0.005228379625, 0.0016730814799999997, 0.005271060275049422, 0.010670162500000004, 0.010670162500000004, 0.17471956243150544, 0.010670162500000004, 0.0008536129999999999, 0.3053800507499318, 0.02198053475, 0.0014938227499999997, 0.0014938227500351786, 0.0014938227499999997, 0.1986784257499039, 0.08028589206492143, 0.08028589206492143, 0.0014938227499999997, 0.0014938227499999997, 0.0014938227499999997, 0.025326697709999995, 0.025326697709999995, 0.025326697709999995, 0.01745638585, 0.01745638585, 0.007870311859999996, 0.014041933849999999, 0.007870311859999998, 0.01045675925, 0.007870311859999998, 0.0033461629599999994, 0.0008536129999999999, 0.21340324999999996, 0.0034144520000154444, 0.0017072259998940353, 0.5539115564321131, 4.016831380989352, 0.31966900441704205, 8.486352109226647, 1.805934913121314, 0.053350812499999956, 0.029876455000000135, 2.071556183123395, 0.027742422499999808, 5.674399414318145, 2.98390321621107, 0.04054661749999999, 0.17471956243150544, 8.139735159030124, 1.2590791698130488e-05, 0.08028589206497327, 0.1306027890000223, 0.0623137489999408, 0.0008536129999999999, 0.5538989656404283, 1.805934913121314]","['GLCP', 'ACS', 'ACt4pp', 'GLYAT', 'Htex', 'FUMtex', 'NTD10', 'PGCD', 'PPC', 'PSERT', 'PSP_L', 'PUNP7', 'THRD', 'XANtex', 'XANtpp', 'EX_fum_e', 'EX_h_e', 'EX_xan_e', 'SUCCt3pp']","['ADPT', 'APRAUR', 'AKGDH', 'CITt7pp', 'CITtex', 'DB4PS', 'CO2tex', 'CO2tpp', 'DHPPDA2', 'FDH4pp', 'GTPCII2', 'FUMt2_2pp', 'ME2', 'RBFK', 'RBFSa', 'RBFSb', 'RNDR3', 'SERD_L', 'TRPS1', 'PMDPHT', 'ENOPH', 'EX_cit_e', 'EX_co2_e']","['GAPD', 'GARFT', 'DDPA', 'DHAD1', 'DHAD2', 'GF6PTA', 'GHMT2r', 'GK1', 'ACCOAC', '3HAD100', '3HAD120', '3HAD121', '3HAD140', '3HAD141', '3HAD160', '3HAD161', '3HAD181', '3HAD40', 'ACHBS', '3HAD60', 'ACLS', '3HAD80', '3OAR100', '3OAR120', '3OAR121', '3OAR140', '3OAR141', '3OAR160', '3OAR161', '3OAR181', '3OAR40', '3OAR60', '3OAR80', '3OAS100', '3OAS120', '3OAS121', '3OAS140', '3OAS141', '3OAS160', '3OAS161', '3OAS181', '3OAS60', '3OAS80', 'ACONTa', 'ACONTb', 'ACtex', 'ADCL', 'ADCS', 'ADMDC', 'ADSL1r', 'ADSL2r', 'ADSS', 'ANPRT', 'ANS', 'AGMHE', 'AGPAT140', 'AGPAT160', 'AGPAT161', 'AGPAT181', 'AICART', 'AIRC2', 'AIRC3', 'ARGSL', 'ARGSS', 'ASNS2', 'ASPCT', 'ASPO3', 'ASPTA', 'ATPPRT', 'ATPS4rpp', 'CTPS2', 'CBPS', 'CYTBO3_4pp', 'CHORS', 'CLPNS140pp', 'CLPNS160pp', 'CLPNS161pp', 'CLPNS181pp', 'DHFR', 'DHFS', 'DHNPA2r', 'DHORD2', 'DHORTS', 'DHPS2', 'DHQS', 'ENO', 'FLDR', 'DNTPPA', 'DPCOAK', 'DTMPK', 'FBA', 'FMNAT', 'GLNS', 'GLU5K', 'GLUDy', 'GLUPRT', 'FORtex', 'H2Otex', 'H2Otpp', 'GLYCL', 'GLYCtpp', 'GLYK', 'GLYt2pp', 'GLYtex', 'GMHEPAT', 'HCO3E', 'GMHEPK', 'GMHEPPA', 'GMPS2', 'HISTD', 'HISTP', 'GTPCI', 'HPPK2', 'IMPC', 'IMPD', 'HSTPT', 'ICDHyr', 'IPMD', 'IPPMIa', 'IPPMIb', 'IPPS', 'ICL', 'IG3PS', 'IGPDH', 'FUM', 'KARA1', 'IGPS', 'KARA2', 'ILETA', 'KAS15', 'G1PACT', 'KDOCT2', 'KDOPP', 'KDOPS', 'LEUTAi', 'G3PAT140', 'LPADSS', 'G3PAT160', 'LYSabcpp', 'LYStex', 'G3PAT161', 'MALS', 'G3PAT181', 'MCOATA', 'G3PD2', 'MDH', 'METabcpp', 'METAT', 'MOAT', 'MOAT2', 'MTAN', 'MTHFC', 'METtex', 'MTHFD', 'MTHFR2', 'NADH16pp', 'NADK', 'NNATr', 'NNDPR', 'NDPK2', 'NDPK4', 'NDPK7', 'G5SD', 'OMPDC', 'ORNDC', 'ORPT', 'P5CR', 'O2tex', 'O2tpp', 'OCBT', 'PGK', 'PE140abcpp', 'OMCDC', 'PE160abcpp', 'PE161abcpp', 'PE181abcpp', 'PFK', 'PG140abcpp', 'PG160abcpp', 'PG161abcpp', 'PG181abcpp', 'PNTK', 'PNTOt4pp', 'PGAMT', 'PNTOtex', 'PGM', 'PSD140', 'PGMT', 'PSD160', 'PSD161', 'PSD181', 'PPCDC', 'PPM', 'PPNCL2', 'PSSA140', 'PSSA160', 'PSSA161', 'PSSA181', 'PTPATi', 'PRAGSr', 'PRAIi', 'PRAIS', 'PRAMPC', 'PRASCSi', 'PYK', 'PRATPP', 'PRFGS', 'PRMICI', 'QULNS', 'PGPP140', 'PRPPS', 'PSCVT', 'RNDR4', 'RNTR1c', 'PGPP160', 'RNTR2c', 'RPE', 'RPI', 'PGPP161', 'T2DECAI', 'TALA', 'PGPP181', 'TDSK', 'SHK3Dr', 'SHKK', 'THD2pp', 'SPMS', 'THRD_L', 'PGSA140', 'SUCFUMtpp', 'SUCOAS', 'PGSA160', 'TKT1', 'TKT2', 'PGSA161', 'TMDS', 'PGSA181', 'TPI', 'TRDR', 'TYRt2rpp', 'TYRtex', 'U23GAAT', 'UAGAAT', 'UAGDP', 'PHEt2rpp', 'PHEtex', 'UHGADA', 'NADS1', 'UMPK', 'GALUi', 'PIt2rpp', 'DASYN140', 'DASYN161', 'DASYN160', 'DASYN181', 'URIDK2r', 'DNMPPA', 'GCALDD', 'PItex', 'GLYCTO2', 'USHD', 'VALTA', 'DHQTi', 'MTRK', 'MTRI', 'MDRPD', 'VPAMTr', 'ARD', 'UNK3', 'EAR40x', 'EAR60x', 'EAR80x', 'EAR100x', 'EAR120x', 'EAR121x', 'EAR140x', 'EAR141x', 'EAR160x', 'EAR161x', 'EAR181x', 'LPS_YPtetra', 'BIOMASS_37C', 'S7PI', 'A5PISO', 'EX_ac_e', 'EX_for_e', 'EX_lys__L_e', 'EX_met__L_e', 'EX_gly_e', 'EX_tyr__L_e', 'EX_h2o_e', 'EX_o2_e', 'EX_phe__L_e', 'EX_pi_e', 'EX_pnto__R_e', 'G5SADs', 'ORNCD', 'KOKDO_LIPAtetra', 'ACt2rpp']",CO2tex,Htex,136.6073899564664,1,341,299,209.0,20.997491497464843,iPC815,PSL,True,True,-62.438161494358,-10.0222592753643,0.0,0.0
42,"['ASPO3', 'ASPO4', 'DHORD2', 'DHORD5', 'FRD2']","[0.0007354076730985413, -0.0007354076730481107, -0.08488166950999998, 0.08488166950999998, 0.08414626183694907]","[0.0007354076730985413, 0.0007354076730481107, 0.08488166950999998, 0.08488166950999998, 0.08414626183694907]","['ASPO4', 'DHORD2']","['ASPO3', 'DHORD5', 'FRD2']",[],DHORD2,DHORD5,0.33952667804004477,1,5,0,1.0,0.0841462618369995,iPC815,PSL,False,False,0.0,0.0,-8.28424674754113,-8.27071377492966
43,"['FLDR', 'NDPK8', 'RNTR1c', 'RNDR1', 'TRDR']","[-0.006653688469999998, 0.006653688470009911, -0.006653688469999998, 0.00665368847, 0.006653688470000002]","[0.006653688469999998, 0.006653688470009911, 0.006653688469999998, 0.00665368847, 0.006653688470000002]","['FLDR', 'RNTR1c']","['NDPK8', 'RNDR1']",['TRDR'],FLDR,NDPK8,0.033268442349999996,1,5,1,1.0,0.006653688470009918,iPC815,PSL,False,True,0.0,-29.298948057959,0.0,0.0
44,"['ACGK', 'ACGS', 'ACS', 'AGPR', 'GLU5K', 'NACODA', 'G5SD', 'NTPP6']","[0.16486062119999997, 0.16486062119999997, 0.16486062119974987, -0.16486062119997769, -0.16486062119999997, 0.16486062119999997, -0.16486062119999997, -0.1648606211998631]","[0.16486062119999997, 0.16486062119999997, 0.16486062119974987, 0.16486062119997769, 0.16486062119999997, 0.16486062119999997, 0.16486062119999997, 0.1648606211998631]","['GLU5K', 'G5SD', 'NTPP6']","['ACGK', 'ACGS', 'ACS', 'AGPR', 'NACODA']",[],GLU5K,ACGK,1.3188849696001128,1,8,0,0.0,-9.098277686803158e-14,iPC815,PSL,False,False,0.0,0.0,0.0,-0.218339953535418
45,"['ACGK', 'ACGS', 'ACS', 'AGPR', 'GLU5K', 'NACODA', 'G5SD', 'NTPP6']","[0.16486062119999997, 0.16486062119999997, 0.16486062119974987, -0.16486062119997769, -0.16486062119999997, 0.16486062119999997, -0.16486062119999997, -0.1648606211998631]","[0.16486062119999997, 0.16486062119999997, 0.16486062119974987, 0.16486062119997769, 0.16486062119999997, 0.16486062119999997, 0.16486062119999997, 0.1648606211998631]","['GLU5K', 'G5SD', 'NTPP6']","['ACGK', 'ACGS', 'ACS', 'AGPR', 'NACODA']",[],GLU5K,ACGS,1.3188849696001128,1,8,0,0.0,-9.098277686803158e-14,iPC815,PSL,False,False,0.0,0.0,0.0,0.0
46,"['ACGK', 'ACGS', 'ACS', 'AGPR', 'GLU5K', 'NACODA', 'G5SD', 'NTPP6']","[0.16486062119999997, 0.16486062119999997, 0.16486062119974987, -0.16486062119997769, -0.16486062119999997, 0.16486062119999997, -0.16486062119999997, -0.1648606211998631]","[0.16486062119999997, 0.16486062119999997, 0.16486062119974987, 0.16486062119997769, 0.16486062119999997, 0.16486062119999997, 0.16486062119999997, 0.1648606211998631]","['GLU5K', 'G5SD', 'NTPP6']","['ACGK', 'ACGS', 'ACS', 'AGPR', 'NACODA']",[],GLU5K,AGPR,1.3188849696001128,1,8,0,0.0,-9.098277686803158e-14,iPC815,PSL,False,True,0.0,-34.6922978299667,0.0,0.0
47,"['GLUDy', 'GLUN', 'GLUSy']","[1.5692031949629381, -1.5692031949628773, 1.5692031949625753]","[1.5692031949629381, 1.5692031949628773, 1.5692031949625753]",['GLUSy'],"['GLUDy', 'GLUN']",[],GLUDy,GLUSy,4.707609584889849,1,3,0,-1.0,-1.5692031949626362,iPC815,PSL,True,False,-173.518064471857,0.0,0.0,0.0
48,"['GARFT', 'GART', 'EX_cytd_e', 'EX_ala__D_e', 'GLCP', 'ACOAD1f', 'ACOAD2f', 'ACOAD3f', 'ACOAD4f', 'ACOAD5f', 'ACOAD6f', 'ACOAD7f', 'ACSERtex', 'ACSERtpp', '4PEPTtex', 'AMPN', 'AGM4PApp', 'ANHGMtex', 'ASAD', 'ALAALAr', 'ALAR', 'ASPK', 'AST', 'CS', 'CYTDt2pp_copy2', 'CYTDtex', 'CHORM', 'DALAtex', 'DAPDC', 'FACOAE141', 'FACOAL140t2pp', 'FACOAL160t2pp', 'FACOAL181t2pp', 'FADRx', 'FDH4pp', 'ECOAH1', 'ECOAH2', 'ECOAH3', 'ECOAH4', 'ECOAH5', 'ECOAH6', 'ECOAH7', 'ECOAH8', 'GLUR', 'FORtex', 'FORtppi', 'GLYC3Ptex', 'HACD1i', 'HACD2i', 'HACD3i', 'HACD4i', 'HACD5i', 'HACD6i', 'HACD7i', 'HACD8i', 'GPDDA4', 'ILEtex', 'HSDy', 'HSK', 'ICL', 'ILEabcpp', 'KAT1', 'LPLIPAL1E181pp', 'ACACT11', 'ACACT8', 'ACACT13', 'ACACT10', 'ACACT9', 'LPLIPAL1G160pp', 'ACACT12', 'ACACT8r', 'LEUabcpp', 'LEUtex', 'LPLIPAL1E160pp', 'LPLIPAL1E161pp', 'MTHFC', 'MTHFD', 'G3PEtex', 'NADPHQR2', 'G3PGtex', 'NTD10', 'NTD2', 'NTD4', 'P5CD', 'NTPP2', 'NTPP4', 'NTPP7', 'NTPP8', 'OAADC', 'CTECOAI8', 'PAPPT3', 'PAPSR', 'PLIPA2E160pp', 'PLIPA2E161pp', 'PLIPA2E181pp', 'PLIPA2G160pp', 'POX', 'PPA', 'PPND', 'PPPGO', 'PPPGO3', 'RNTR3c', 'SADH', 'SERAT', 'SULR', 'SGDS', 'SGSAD', 'CTECOAI6', 'SO4tex', 'SOTA', 'SUCCt2_2pp', 'THRS', 'SULabcpp', 'TRDR', 'TYRTA', 'UAAGDS', 'TRPt2rpp', 'TRPtex', 'UAGCVT', 'UAGPT3', 'UAMAGS', 'UAMAS', 'UAPGR', 'UDCPDP', 'UGMDDS', 'URItex', 'GLYCTO2', 'PIuabcpp', 'VALabcpp', 'VALtex', 'XTSNt2rpp', 'XTSNtex', 'ENOPH', 'EAR40y', 'EAR60y', 'EAR80y', 'EAR100y', 'EAR120y', 'EAR161y', 'EAR181y', 'EX_LalaDgluMdapDala_e', 'EX_acser_e', 'EX_anhgm_e', 'EX_for_e', 'EX_g3pe_e', 'EX_g3pg_e', 'EX_leu__L_e', 'EX_trp__L_e', 'EX_glyc3p_e', 'EX_ile__L_e', 'EX_uri_e', 'EX_so4_e', 'EX_val__L_e', 'EX_xtsn_e', 'SUCCt3pp', 'PAPSSH']","[-0.015338048103103574, 0.015362747102999952, 3.116190501026468e-05, 1.2349499950293878e-06, 3.169704987242283e-05, 2.0742700371556566e-05, 2.0742700371556566e-05, 2.0742700371556566e-05, 2.0742700371556566e-05, 2.0742700371556566e-05, 1.915578968691989e-05, 1.230833493082173e-05, -0.0012981783363557042, 0.001298178336369171, -1.2349499911579187e-06, 2.18277402219756e-06, 1.2349499950293878e-06, -1.2349499911579187e-06, 7.82134997052708e-05, 1.2349499911579187e-06, 2.4698999823158374e-06, -7.82134997052708e-05, 5.145624979289998e-05, 0.0023017548036840677, -3.1161904985310684e-05, -3.1161904985310684e-05, 1.0471346801165663e-05, -1.2349499911579187e-06, -1.2349499950293878e-06, -1.5869107436133727e-06, 3.0664494459868214e-06, 1.0085424959407896e-05, 2.2229099910530715e-06, -0.00013517762645589077, -0.004251776344215266, -2.0742700371556566e-05, -2.0742700371556566e-05, -2.0742700371556566e-05, -2.0742700371556566e-05, -2.0742700371556566e-05, -2.0742700371556566e-05, -1.6089340192593227e-05, -2.2229099840842537e-06, -1.2349499911579187e-06, 0.011123270860707635, -0.015374485302702766, -2.2314859506877838e-06, 2.074270037483993e-05, 2.074270037483993e-05, 2.074270037483993e-05, 2.074270037483993e-05, 2.074270037483993e-05, 2.074270037483993e-05, 1.608934018524147e-05, 2.2229099910530715e-06, 1.0846977456344283e-06, -8.027174965263839e-05, 7.82134997052708e-05, -7.821349969013014e-05, 1.0291249958587628e-05, -8.027174967692452e-05, 2.074270037483993e-05, 1.1114549955265358e-06, 2.074270037483993e-05, 2.074270037483993e-05, 2.074270037483993e-05, 2.074270037483993e-05, 2.074270037483993e-05, 1.5436874937868432e-06, 1.608934018524147e-05, 2.2229099910530715e-06, -0.0001420192494284156, -0.000142019249437908, 3.499024985916671e-06, 1.5025224939526315e-06, -0.015338048103103574, -0.015338048103103574, -6.915376957294939e-06, -0.0007892877177240604, -2.078832494589733e-06, 0.00012306461896527399, 3.369355236437733e-05, 3.116190501026468e-05, 7.450864970011406e-05, 5.7303738019418016e-05, 3.241517336974503e-05, 5.083877479539027e-06, 2.9432974881539453e-05, -0.00015951085124243924, 2.2229099910530715e-06, 1.2349499950293878e-06, -0.0029624682020989368, 3.499024985916671e-06, 1.5025224939526315e-06, 1.1114549955265358e-06, 1.5436874937868432e-06, 0.003152301622992404, -0.00017266652288304936, 1.0471346801165663e-05, 1.5093833271538164e-06, -1.5093833271538164e-06, -5.227954978958768e-06, 5.145624979289998e-05, 0.0012981783363557042, -0.0029624682020989368, 5.145624979289998e-05, 5.145624979289998e-05, 1.5869107436133727e-06, -0.002962468202099444, 5.145624979289998e-05, -0.0004927162163905763, -7.821349969013014e-05, -0.0029624682020989368, -0.002967552079578476, -1.0471346854501462e-05, 1.2349499950293878e-06, -1.072862812634412e-05, -1.072862812634412e-05, 1.2349499950293878e-06, 1.2349499950293878e-06, 1.2349499950293878e-06, 1.2349499950293878e-06, 1.2349499950293878e-06, 1.2349499950293878e-06, 1.2349499950293878e-06, -3.369355238191929e-05, -1.0291249958587628e-05, -0.00015699754629847464, -0.00010292464322278677, -0.00010292464321537409, -0.0001230646189469553, -0.0001230646189469553, -1.440774994201097e-06, -3.684610526855092e-06, -3.684610526855092e-06, -3.684610526855092e-06, -3.6846105268412144e-06, -3.6846105268412144e-06, -1.5869107436138064e-06, -1.0044259959572383e-06, 1.2349499950293878e-06, 0.001298178336369171, 1.2349499950293878e-06, -0.01112327086067292, 6.9153769304954125e-06, 2.078832491632861e-06, 0.0001420192494284156, 1.0728628113517574e-05, 2.231485970373385e-06, 8.027174967692452e-05, 3.369355238191929e-05, 0.002962468202099444, 0.00010292464322278677, 0.00012306461896527399, 0.00015985706485910356, -0.002962468202099444]","[0.015338048103103574, 0.015362747102999952, 3.116190501026468e-05, 1.2349499950293878e-06, 3.169704987242283e-05, 2.0742700371556566e-05, 2.0742700371556566e-05, 2.0742700371556566e-05, 2.0742700371556566e-05, 2.0742700371556566e-05, 1.915578968691989e-05, 1.230833493082173e-05, 0.0012981783363557042, 0.001298178336369171, 1.2349499911579187e-06, 2.18277402219756e-06, 1.2349499950293878e-06, 1.2349499911579187e-06, 7.82134997052708e-05, 1.2349499911579187e-06, 2.4698999823158374e-06, 7.82134997052708e-05, 5.145624979289998e-05, 0.0023017548036840677, 3.1161904985310684e-05, 3.1161904985310684e-05, 1.0471346801165663e-05, 1.2349499911579187e-06, 1.2349499950293878e-06, 1.5869107436133727e-06, 3.0664494459868214e-06, 1.0085424959407896e-05, 2.2229099910530715e-06, 0.00013517762645589077, 0.004251776344215266, 2.0742700371556566e-05, 2.0742700371556566e-05, 2.0742700371556566e-05, 2.0742700371556566e-05, 2.0742700371556566e-05, 2.0742700371556566e-05, 1.6089340192593227e-05, 2.2229099840842537e-06, 1.2349499911579187e-06, 0.011123270860707635, 0.015374485302702766, 2.2314859506877838e-06, 2.074270037483993e-05, 2.074270037483993e-05, 2.074270037483993e-05, 2.074270037483993e-05, 2.074270037483993e-05, 2.074270037483993e-05, 1.608934018524147e-05, 2.2229099910530715e-06, 1.0846977456344283e-06, 8.027174965263839e-05, 7.82134997052708e-05, 7.821349969013014e-05, 1.0291249958587628e-05, 8.027174967692452e-05, 2.074270037483993e-05, 1.1114549955265358e-06, 2.074270037483993e-05, 2.074270037483993e-05, 2.074270037483993e-05, 2.074270037483993e-05, 2.074270037483993e-05, 1.5436874937868432e-06, 1.608934018524147e-05, 2.2229099910530715e-06, 0.0001420192494284156, 0.000142019249437908, 3.499024985916671e-06, 1.5025224939526315e-06, 0.015338048103103574, 0.015338048103103574, 6.915376957294939e-06, 0.0007892877177240604, 2.078832494589733e-06, 0.00012306461896527399, 3.369355236437733e-05, 3.116190501026468e-05, 7.450864970011406e-05, 5.7303738019418016e-05, 3.241517336974503e-05, 5.083877479539027e-06, 2.9432974881539453e-05, 0.00015951085124243924, 2.2229099910530715e-06, 1.2349499950293878e-06, 0.0029624682020989368, 3.499024985916671e-06, 1.5025224939526315e-06, 1.1114549955265358e-06, 1.5436874937868432e-06, 0.003152301622992404, 0.00017266652288304936, 1.0471346801165663e-05, 1.5093833271538164e-06, 1.5093833271538164e-06, 5.227954978958768e-06, 5.145624979289998e-05, 0.0012981783363557042, 0.0029624682020989368, 5.145624979289998e-05, 5.145624979289998e-05, 1.5869107436133727e-06, 0.002962468202099444, 5.145624979289998e-05, 0.0004927162163905763, 7.821349969013014e-05, 0.0029624682020989368, 0.002967552079578476, 1.0471346854501462e-05, 1.2349499950293878e-06, 1.072862812634412e-05, 1.072862812634412e-05, 1.2349499950293878e-06, 1.2349499950293878e-06, 1.2349499950293878e-06, 1.2349499950293878e-06, 1.2349499950293878e-06, 1.2349499950293878e-06, 1.2349499950293878e-06, 3.369355238191929e-05, 1.0291249958587628e-05, 0.00015699754629847464, 0.00010292464322278677, 0.00010292464321537409, 0.0001230646189469553, 0.0001230646189469553, 1.440774994201097e-06, 3.684610526855092e-06, 3.684610526855092e-06, 3.684610526855092e-06, 3.6846105268412144e-06, 3.6846105268412144e-06, 1.5869107436138064e-06, 1.0044259959572383e-06, 1.2349499950293878e-06, 0.001298178336369171, 1.2349499950293878e-06, 0.01112327086067292, 6.9153769304954125e-06, 2.078832491632861e-06, 0.0001420192494284156, 1.0728628113517574e-05, 2.231485970373385e-06, 8.027174967692452e-05, 3.369355238191929e-05, 0.002962468202099444, 0.00010292464322278677, 0.00012306461896527399, 0.00015985706485910356, 0.002962468202099444]","['DAPDC', 'FACOAE141', 'FADRx', 'FDH4pp', 'FORtex', 'FORtppi', 'HSDy', 'HSK', 'ILEabcpp', 'LEUabcpp', 'NADPHQR2', 'OAADC', 'PAPSR', 'PPA', 'PPPGO3', 'RNTR3c', 'SULR', 'SO4tex', 'SUCCt2_2pp', 'THRS', 'SULabcpp', 'GLYCTO2', 'PIuabcpp', 'VALabcpp', 'ENOPH', 'EAR40y', 'EAR60y', 'EAR80y', 'EAR100y', 'EAR120y', 'EAR161y', 'EAR181y', 'EX_for_e', 'EX_so4_e', 'PAPSSH']","['GART', 'EX_cytd_e', 'EX_ala__D_e', 'GLCP', 'ACOAD1f', 'ACOAD2f', 'ACOAD3f', 'ACOAD4f', 'ACOAD5f', 'ACSERtex', 'ACSERtpp', '4PEPTtex', 'AMPN', 'AGM4PApp', 'ANHGMtex', 'ALAALAr', 'ALAR', 'AST', 'CS', 'CYTDt2pp_copy2', 'CYTDtex', 'CHORM', 'DALAtex', 'FACOAL140t2pp', 'FACOAL160t2pp', 'FACOAL181t2pp', 'ECOAH1', 'ECOAH2', 'ECOAH3', 'ECOAH4', 'ECOAH5', 'ECOAH6', 'ECOAH7', 'ECOAH8', 'GLUR', 'GLYC3Ptex', 'HACD1i', 'HACD2i', 'HACD3i', 'HACD4i', 'HACD5i', 'HACD6i', 'HACD7i', 'HACD8i', 'GPDDA4', 'ILEtex', 'ICL', 'KAT1', 'LPLIPAL1E181pp', 'ACACT11', 'ACACT8', 'ACACT13', 'ACACT10', 'ACACT9', 'LPLIPAL1G160pp', 'ACACT12', 'ACACT8r', 'LEUtex', 'LPLIPAL1E160pp', 'LPLIPAL1E161pp', 'G3PEtex', 'G3PGtex', 'NTD10', 'NTD2', 'NTD4', 'P5CD', 'NTPP2', 'NTPP4', 'NTPP7', 'NTPP8', 'CTECOAI8', 'PAPPT3', 'PLIPA2E160pp', 'PLIPA2E161pp', 'PLIPA2E181pp', 'PLIPA2G160pp', 'POX', 'PPND', 'PPPGO', 'SADH', 'SERAT', 'SGDS', 'SGSAD', 'SOTA', 'TYRTA', 'UAAGDS', 'TRPt2rpp', 'TRPtex', 'UAGCVT', 'UAGPT3', 'UAMAGS', 'UAMAS', 'UAPGR', 'UDCPDP', 'UGMDDS', 'URItex', 'VALtex', 'XTSNt2rpp', 'XTSNtex', 'EX_LalaDgluMdapDala_e', 'EX_acser_e', 'EX_anhgm_e', 'EX_g3pe_e', 'EX_g3pg_e', 'EX_leu__L_e', 'EX_trp__L_e', 'EX_glyc3p_e', 'EX_ile__L_e', 'EX_uri_e', 'EX_val__L_e', 'EX_xtsn_e', 'SUCCt3pp']","['GARFT', 'ACOAD6f', 'ACOAD7f', 'ASAD', 'ASPK', 'MTHFC', 'MTHFD', 'CTECOAI6', 'TRDR']",FORtppi,GART,0.21023877014353182,1,156,9,28.0,-0.05837341426091742,iPC815,PSL,False,False,0.0,0.0,0.0,0.0
49,"['ALCD19', 'FDH4pp', 'GLYALDtex', 'GLYALDtpp', 'GLYCtex', 'GLYCtpp', 'GLYK', 'GPDDA4', 'G3PGabcpp', 'NADH5', 'G3PGtex', 'EX_g3pg_e', 'EX_glyald_e', 'EX_glyc_e']","[0.00047321104204911535, 0.0004732110409986223, 0.00047321104204911535, 0.00047321104204911535, -0.0014196331270568407, 0.0014196331270568407, -0.00047321104242330144, 0.00047321104256120176, 0.0004732110425610457, -0.00015773701480270574, 0.0004732110425038627, -0.0004732110424913912, -0.00047321104201596294, 0.0014196331269999997]","[0.00047321104204911535, 0.0004732110409986223, 0.00047321104204911535, 0.00047321104204911535, 0.0014196331270568407, 0.0014196331270568407, 0.00047321104242330144, 0.00047321104256120176, 0.0004732110425610457, 0.00015773701480270574, 0.0004732110425038627, 0.0004732110424913912, 0.00047321104201596294, 0.0014196331269999997]","['FDH4pp', 'GLYCtex', 'GPDDA4', 'G3PGabcpp', 'EX_glyc_e']","['ALCD19', 'GLYALDtex', 'GLYALDtpp', 'GLYCtpp', 'NADH5', 'G3PGtex', 'EX_g3pg_e', 'EX_glyald_e']",['GLYK'],GLYCtpp,GLYCtex,0.015615964374758129,1,14,1,-4.0,-0.0031547402800387167,iPC815,PSL,True,True,-0.0022011463334415,-9.01428786164574,0.0,0.0
50,"['ACOATA', 'KAS14', 'KAS15']","[0.03197003026798484, 0.031970030268000015, -0.031970030268000015]","[0.03197003026798484, 0.031970030268000015, 0.031970030268000015]",['KAS15'],"['ACOATA', 'KAS14']",[],KAS15,KAS14,0.09591009080400004,1,3,0,1.0,0.031970030267984846,iPC815,PSL,False,False,0.0,0.0,0.0,0.0
51,"['GART', 'DHAD1', 'EX_cytd_e', 'AACPS1', '2AGPGAT160', 'AACPS3', 'ACLS', 'ACOATA', 'ACSERtex', 'ACSERtpp', 'ADPT', 'ASAD', 'AKGt2rpp', 'AKGtex', 'ASNS2', 'ASNt2rpp', 'ASNtex', 'ASPK', 'ASPO5', 'ASPT', 'AST', 'CYSabc2pp', 'CDAPPA140', 'CDAPPA160', 'CDAPPA161', 'CYSS', 'CDAPPA181', 'CYTDt2pp_copy1', 'CYTDtex', 'DAPDC', 'DAPE', 'DCTPD', 'DHDPRy', 'DHDPS', 'FACOAE140', 'DRPA', 'FACOAL161t2pp', 'FACOAL181t2pp', 'DURIK1', 'DURIPP', 'DUTPDP', 'ECOAH7', 'ECOAH8', 'EDA', 'EDD', 'GUAPRT', 'GLYC3Pabcpp', 'GLYC3Ptex', 'HACD7i', 'HACD8i', 'GND', 'CTECOAI7', 'GPDDA4', 'INDOLEt2pp', 'INDOLEtex', 'KARA1', 'LPLIPAL1G161pp', 'LPLIPAL1G181pp', 'ACACT12', 'ACACT8r', 'LPLIPAL2G160', 'LYSabcpp', 'LYStex', 'MACPD', 'G3PD5', 'ME1', 'G3PGabcpp', 'NADPHQR2', 'G3PGtex', 'NTD10', 'G6PDA', 'NTD2', 'NTD4', 'NTD6', 'ORNabcpp', 'ORNtex', 'P5CD', 'P5CR', 'NTPP2', 'NTPP4', 'NTPP5', 'NTPP6', 'NTPP7', 'NTPP8', 'NTPTP1', 'OAADC', 'CTECOAI8', 'PAPSR', 'PDH', 'PLIPA2G161pp', 'PLIPA2G181pp', 'PPA', 'PPCK', 'PPK2', 'PPM2', 'PPPGO', 'PPPGO3', 'PUNP2', 'PUNP4', 'RNTR3c', 'SADH', 'SDPDS', 'SULR', 'SGDS', 'SGSAD', 'THDPS', 'SO4tex', 'SOTA', 'SULabcpp', 'TRDR', 'UPPRT', 'URItex', 'VALabcpp', 'VALt2rpp', 'VALTA', 'VALtex', 'XTSNt2rpp', 'XTSNtex', 'ENOPH', 'EAR40y', 'EAR60y', 'EAR80y', 'EAR100y', 'EAR120y', 'EAR121y', 'EAR140y', 'EAR141y', 'EAR160y', 'EAR161y', 'EAR181y', 'EX_acser_e', 'EX_akg_e', 'EX_asn__L_e', 'EX_g3pg_e', 'EX_lys__L_e', 'EX_glyc3p_e', 'EX_orn_e', 'EX_indole_e', 'EX_uri_e', 'EX_so4_e', 'EX_val__L_e', 'EX_xtsn_e', 'ORNCD', 'SDPTA', 'PAPSSH']","[-0.00011113317696453962, -0.04505280127520783, 0.0002854230478988029, 1.2861282973281821e-05, -1.4615094287820114e-05, 3.873974325891566e-05, -0.04505280127520783, -0.0015628076216671616, 1.5589433928653307e-05, -1.5589433907008728e-05, 3.449162251925597e-05, -0.066857855190392, -0.009500579396899411, -0.009500579396899411, -0.00804670307675319, 0.007540046474787232, 0.007540046474787232, 0.066857855190392, -5.319894313266069e-06, -0.045740018465512094, 0.00048716980959401246, -0.0035432251966922568, 1.636890560235884e-05, 3.3127547052392084e-05, 1.4225358440145275e-05, 1.5589433907008728e-05, 1.052286788723062e-05, -0.0002854230478988029, -0.0002854230478988029, 0.06685785519040598, 0.066857855190392, 9.606988638046973e-06, 0.06685785519040598, 0.06685785519040598, 1.2861282973281821e-05, 0.00015536819566857457, 1.2861282973281821e-05, 9.509554683274565e-06, -5.773936582593488e-05, 5.773936584319017e-05, 9.606988638046973e-06, -1.2861282925769046e-05, -9.5095547294477e-06, 3.121784139932873e-05, 3.121784139932873e-05, 4.949645265475179e-05, -0.0003633312439811909, -0.0003633312439887959, 1.2861282973281821e-05, 9.509554683274999e-06, -3.121784139932873e-05, 1.2861282973281821e-05, 1.026953958624139e-05, 0.00020071396155279218, -0.0002007139615898268, 0.04505280127523292, 6.430641486640911e-06, 4.754777341637283e-06, 1.2861282973281821e-05, 9.509554683274999e-06, 1.4615094287820114e-05, -0.06734502499999999, -0.06734502500000872, 0.0015628076216249523, -0.0002737504593930441, -0.025644565204640764, -4.345554701578724e-06, -0.020395998060079634, -1.5530973541899584e-05, 0.0009311763743111434, 2.3384150860512876e-05, 0.0003286057799602026, 0.0002854230478988029, 4.8132377187887904e-05, 0.027895687255759194, 0.02789568725575009, 0.028601109140051345, -0.028601109140051345, 0.0004930353341015877, 0.00030101248177372185, 4.8132377187887904e-05, 0.0092186777446841, 4.8132377187887904e-05, 0.0002786611310877721, 4.949645265475179e-05, -0.01143586049142764, 9.509554683274999e-06, -0.0036854787810936818, -0.004937688169654564, 6.430641486640911e-06, 4.754777341637283e-06, -4.287094331133917e-05, -0.00038388980995973654, -4.949645267515734e-05, 0.00015536819569206273, 1.4290314414862337e-05, -1.4290314414862337e-05, 4.813237717371521e-05, 4.949645267515734e-05, -3.988946401670482e-05, 0.00048716980959401246, 0.06685785519040598, -0.0036854787810936818, 0.00048716980959401246, 0.00048716980959401246, 0.06685785519040598, -0.0036854787811080314, 0.00048716980959401246, -0.0036854787810936818, -0.0036854787810936818, 5.773936582593488e-05, -0.0003286057799414266, 0.025543991474972966, 0.01718988150662426, 0.045522432971665694, 0.0427338729815574, -0.0009311763743653501, -0.0009311763743653501, -1.3640754668632366e-05, -0.00023115427993354587, -0.00023115427993354587, -0.00023115427993354587, -0.0001817727993557068, -0.0001817727993557068, -4.94964526547674e-05, -0.00015059393154168849, -4.949645265475179e-05, -0.00010499483736368942, -4.949645265475179e-05, -2.104573577446124e-05, -1.5589433907008728e-05, 0.009500579396909271, -0.007540046474775422, 1.5530973529856917e-05, 0.06734502499999995, 0.0003633312439811909, -0.027895687255759194, 0.00020071396155279218, 0.0003286057799414266, 0.0036854787811080314, -0.0427338729815403, 0.0009311763743111434, 0.027977531783790255, -0.066857855190392, -0.0036854787811080314]","[0.00011113317696453962, 0.04505280127520783, 0.0002854230478988029, 1.2861282973281821e-05, 1.4615094287820114e-05, 3.873974325891566e-05, 0.04505280127520783, 0.0015628076216671616, 1.5589433928653307e-05, 1.5589433907008728e-05, 3.449162251925597e-05, 0.066857855190392, 0.009500579396899411, 0.009500579396899411, 0.00804670307675319, 0.007540046474787232, 0.007540046474787232, 0.066857855190392, 5.319894313266069e-06, 0.045740018465512094, 0.00048716980959401246, 0.0035432251966922568, 1.636890560235884e-05, 3.3127547052392084e-05, 1.4225358440145275e-05, 1.5589433907008728e-05, 1.052286788723062e-05, 0.0002854230478988029, 0.0002854230478988029, 0.06685785519040598, 0.066857855190392, 9.606988638046973e-06, 0.06685785519040598, 0.06685785519040598, 1.2861282973281821e-05, 0.00015536819566857457, 1.2861282973281821e-05, 9.509554683274565e-06, 5.773936582593488e-05, 5.773936584319017e-05, 9.606988638046973e-06, 1.2861282925769046e-05, 9.5095547294477e-06, 3.121784139932873e-05, 3.121784139932873e-05, 4.949645265475179e-05, 0.0003633312439811909, 0.0003633312439887959, 1.2861282973281821e-05, 9.509554683274999e-06, 3.121784139932873e-05, 1.2861282973281821e-05, 1.026953958624139e-05, 0.00020071396155279218, 0.0002007139615898268, 0.04505280127523292, 6.430641486640911e-06, 4.754777341637283e-06, 1.2861282973281821e-05, 9.509554683274999e-06, 1.4615094287820114e-05, 0.06734502499999999, 0.06734502500000872, 0.0015628076216249523, 0.0002737504593930441, 0.025644565204640764, 4.345554701578724e-06, 0.020395998060079634, 1.5530973541899584e-05, 0.0009311763743111434, 2.3384150860512876e-05, 0.0003286057799602026, 0.0002854230478988029, 4.8132377187887904e-05, 0.027895687255759194, 0.02789568725575009, 0.028601109140051345, 0.028601109140051345, 0.0004930353341015877, 0.00030101248177372185, 4.8132377187887904e-05, 0.0092186777446841, 4.8132377187887904e-05, 0.0002786611310877721, 4.949645265475179e-05, 0.01143586049142764, 9.509554683274999e-06, 0.0036854787810936818, 0.004937688169654564, 6.430641486640911e-06, 4.754777341637283e-06, 4.287094331133917e-05, 0.00038388980995973654, 4.949645267515734e-05, 0.00015536819569206273, 1.4290314414862337e-05, 1.4290314414862337e-05, 4.813237717371521e-05, 4.949645267515734e-05, 3.988946401670482e-05, 0.00048716980959401246, 0.06685785519040598, 0.0036854787810936818, 0.00048716980959401246, 0.00048716980959401246, 0.06685785519040598, 0.0036854787811080314, 0.00048716980959401246, 0.0036854787810936818, 0.0036854787810936818, 5.773936582593488e-05, 0.0003286057799414266, 0.025543991474972966, 0.01718988150662426, 0.045522432971665694, 0.0427338729815574, 0.0009311763743653501, 0.0009311763743653501, 1.3640754668632366e-05, 0.00023115427993354587, 0.00023115427993354587, 0.00023115427993354587, 0.0001817727993557068, 0.0001817727993557068, 4.94964526547674e-05, 0.00015059393154168849, 4.949645265475179e-05, 0.00010499483736368942, 4.949645265475179e-05, 2.104573577446124e-05, 1.5589433907008728e-05, 0.009500579396909271, 0.007540046474775422, 1.5530973529856917e-05, 0.06734502499999995, 0.0003633312439811909, 0.027895687255759194, 0.00020071396155279218, 0.0003286057799414266, 0.0036854787811080314, 0.0427338729815403, 0.0009311763743111434, 0.027977531783790255, 0.066857855190392, 0.0036854787811080314]","['GART', '2AGPGAT160', 'ACSERtex', 'ACSERtpp', 'ASNt2rpp', 'ASNtex', 'ASPO5', 'ASPT', 'CYSabc2pp', 'CYTDt2pp_copy1', 'DURIK1', 'GLYC3Pabcpp', 'GND', 'LYSabcpp', 'LYStex', 'G3PD5', 'ME1', 'G3PGabcpp', 'NADPHQR2', 'ORNtex', 'OAADC', 'PAPSR', 'PDH', 'PPA', 'PPCK', 'PPPGO3', 'RNTR3c', 'SULR', 'SO4tex', 'SULabcpp', 'VALtex', 'ENOPH', 'EAR40y', 'EAR60y', 'EAR80y', 'EAR100y', 'EAR120y', 'EAR121y', 'EAR140y', 'EAR141y', 'EAR160y', 'EAR161y', 'EAR181y', 'EX_acser_e', 'EX_asn__L_e', 'EX_lys__L_e', 'EX_orn_e', 'EX_so4_e', 'EX_val__L_e', 'PAPSSH']","['EX_cytd_e', 'AACPS1', 'ACOATA', 'ADPT', 'ASAD', 'AKGt2rpp', 'AKGtex', 'ASPK', 'AST', 'CDAPPA140', 'CDAPPA160', 'CDAPPA161', 'CYSS', 'CDAPPA181', 'CYTDtex', 'DAPDC', 'DAPE', 'DCTPD', 'DHDPRy', 'DHDPS', 'FACOAE140', 'DRPA', 'FACOAL161t2pp', 'DURIPP', 'DUTPDP', 'ECOAH7', 'ECOAH8', 'EDA', 'EDD', 'GUAPRT', 'GLYC3Ptex', 'HACD7i', 'HACD8i', 'CTECOAI7', 'INDOLEt2pp', 'INDOLEtex', 'LPLIPAL1G161pp', 'ACACT12', 'ACACT8r', 'LPLIPAL2G160', 'MACPD', 'G3PGtex', 'NTD10', 'G6PDA', 'NTD2', 'NTD4', 'NTD6', 'ORNabcpp', 'P5CD', 'NTPP2', 'NTPP4', 'NTPP5', 'NTPP6', 'NTPP7', 'NTPP8', 'NTPTP1', 'CTECOAI8', 'PLIPA2G161pp', 'PPK2', 'PPM2', 'PPPGO', 'PUNP2', 'PUNP4', 'SADH', 'SDPDS', 'SGDS', 'SGSAD', 'THDPS', 'SOTA', 'UPPRT', 'URItex', 'VALabcpp', 'XTSNt2rpp', 'XTSNtex', 'EX_akg_e', 'EX_g3pg_e', 'EX_glyc3p_e', 'EX_indole_e', 'EX_uri_e', 'EX_xtsn_e', 'SDPTA']","['DHAD1', 'AACPS3', 'ACLS', 'ASNS2', 'FACOAL181t2pp', 'GPDDA4', 'KARA1', 'LPLIPAL1G181pp', 'P5CR', 'PLIPA2G181pp', 'TRDR', 'VALt2rpp', 'VALTA', 'ORNCD']",LYSabcpp,ASAD,1.7347328822471553,1,145,14,19.0,0.23743200669751102,iPC815,PSL,False,True,0.0,-21.5170547262412,0.0,0.0
52,"['GART', 'DHAD1', 'EX_cytd_e', 'AACPS1', '2AGPGAT160', 'AACPS3', 'ACLS', 'ACOATA', 'ACSERtex', 'ACSERtpp', 'ADPT', 'ASAD', 'AKGt2rpp', 'AKGtex', 'ASNS2', 'ASNt2rpp', 'ASNtex', 'ASPK', 'ASPO5', 'ASPT', 'AST', 'CYSabc2pp', 'CDAPPA140', 'CDAPPA160', 'CDAPPA161', 'CYSS', 'CDAPPA181', 'CYTDt2pp_copy1', 'CYTDtex', 'DAPDC', 'DAPE', 'DCTPD', 'DHDPRy', 'DHDPS', 'FACOAE140', 'DRPA', 'FACOAL161t2pp', 'FACOAL181t2pp', 'DURIK1', 'DURIPP', 'DUTPDP', 'ECOAH7', 'ECOAH8', 'EDA', 'EDD', 'GUAPRT', 'GLYC3Pabcpp', 'GLYC3Ptex', 'HACD7i', 'HACD8i', 'GND', 'CTECOAI7', 'GPDDA4', 'INDOLEt2pp', 'INDOLEtex', 'KARA1', 'LPLIPAL1G161pp', 'LPLIPAL1G181pp', 'ACACT12', 'ACACT8r', 'LPLIPAL2G160', 'LYSabcpp', 'LYStex', 'MACPD', 'G3PD5', 'ME1', 'G3PGabcpp', 'NADPHQR2', 'G3PGtex', 'NTD10', 'G6PDA', 'NTD2', 'NTD4', 'NTD6', 'ORNabcpp', 'ORNtex', 'P5CD', 'P5CR', 'NTPP2', 'NTPP4', 'NTPP5', 'NTPP6', 'NTPP7', 'NTPP8', 'NTPTP1', 'OAADC', 'CTECOAI8', 'PAPSR', 'PDH', 'PLIPA2G161pp', 'PLIPA2G181pp', 'PPA', 'PPCK', 'PPK2', 'PPM2', 'PPPGO', 'PPPGO3', 'PUNP2', 'PUNP4', 'RNTR3c', 'SADH', 'SDPDS', 'SULR', 'SGDS', 'SGSAD', 'THDPS', 'SO4tex', 'SOTA', 'SULabcpp', 'TRDR', 'UPPRT', 'URItex', 'VALabcpp', 'VALt2rpp', 'VALTA', 'VALtex', 'XTSNt2rpp', 'XTSNtex', 'ENOPH', 'EAR40y', 'EAR60y', 'EAR80y', 'EAR100y', 'EAR120y', 'EAR121y', 'EAR140y', 'EAR141y', 'EAR160y', 'EAR161y', 'EAR181y', 'EX_acser_e', 'EX_akg_e', 'EX_asn__L_e', 'EX_g3pg_e', 'EX_lys__L_e', 'EX_glyc3p_e', 'EX_orn_e', 'EX_indole_e', 'EX_uri_e', 'EX_so4_e', 'EX_val__L_e', 'EX_xtsn_e', 'ORNCD', 'SDPTA', 'PAPSSH']","[-0.00011113317696453962, -0.04505280127520783, 0.0002854230478988029, 1.2861282973281821e-05, -1.4615094287820114e-05, 3.873974325891566e-05, -0.04505280127520783, -0.0015628076216671616, 1.5589433928653307e-05, -1.5589433907008728e-05, 3.449162251925597e-05, -0.066857855190392, -0.009500579396899411, -0.009500579396899411, -0.00804670307675319, 0.007540046474787232, 0.007540046474787232, 0.066857855190392, -5.319894313266069e-06, -0.045740018465512094, 0.00048716980959401246, -0.0035432251966922568, 1.636890560235884e-05, 3.3127547052392084e-05, 1.4225358440145275e-05, 1.5589433907008728e-05, 1.052286788723062e-05, -0.0002854230478988029, -0.0002854230478988029, 0.06685785519040598, 0.066857855190392, 9.606988638046973e-06, 0.06685785519040598, 0.06685785519040598, 1.2861282973281821e-05, 0.00015536819566857457, 1.2861282973281821e-05, 9.509554683274565e-06, -5.773936582593488e-05, 5.773936584319017e-05, 9.606988638046973e-06, -1.2861282925769046e-05, -9.5095547294477e-06, 3.121784139932873e-05, 3.121784139932873e-05, 4.949645265475179e-05, -0.0003633312439811909, -0.0003633312439887959, 1.2861282973281821e-05, 9.509554683274999e-06, -3.121784139932873e-05, 1.2861282973281821e-05, 1.026953958624139e-05, 0.00020071396155279218, -0.0002007139615898268, 0.04505280127523292, 6.430641486640911e-06, 4.754777341637283e-06, 1.2861282973281821e-05, 9.509554683274999e-06, 1.4615094287820114e-05, -0.06734502499999999, -0.06734502500000872, 0.0015628076216249523, -0.0002737504593930441, -0.025644565204640764, -4.345554701578724e-06, -0.020395998060079634, -1.5530973541899584e-05, 0.0009311763743111434, 2.3384150860512876e-05, 0.0003286057799602026, 0.0002854230478988029, 4.8132377187887904e-05, 0.027895687255759194, 0.02789568725575009, 0.028601109140051345, -0.028601109140051345, 0.0004930353341015877, 0.00030101248177372185, 4.8132377187887904e-05, 0.0092186777446841, 4.8132377187887904e-05, 0.0002786611310877721, 4.949645265475179e-05, -0.01143586049142764, 9.509554683274999e-06, -0.0036854787810936818, -0.004937688169654564, 6.430641486640911e-06, 4.754777341637283e-06, -4.287094331133917e-05, -0.00038388980995973654, -4.949645267515734e-05, 0.00015536819569206273, 1.4290314414862337e-05, -1.4290314414862337e-05, 4.813237717371521e-05, 4.949645267515734e-05, -3.988946401670482e-05, 0.00048716980959401246, 0.06685785519040598, -0.0036854787810936818, 0.00048716980959401246, 0.00048716980959401246, 0.06685785519040598, -0.0036854787811080314, 0.00048716980959401246, -0.0036854787810936818, -0.0036854787810936818, 5.773936582593488e-05, -0.0003286057799414266, 0.025543991474972966, 0.01718988150662426, 0.045522432971665694, 0.0427338729815574, -0.0009311763743653501, -0.0009311763743653501, -1.3640754668632366e-05, -0.00023115427993354587, -0.00023115427993354587, -0.00023115427993354587, -0.0001817727993557068, -0.0001817727993557068, -4.94964526547674e-05, -0.00015059393154168849, -4.949645265475179e-05, -0.00010499483736368942, -4.949645265475179e-05, -2.104573577446124e-05, -1.5589433907008728e-05, 0.009500579396909271, -0.007540046474775422, 1.5530973529856917e-05, 0.06734502499999995, 0.0003633312439811909, -0.027895687255759194, 0.00020071396155279218, 0.0003286057799414266, 0.0036854787811080314, -0.0427338729815403, 0.0009311763743111434, 0.027977531783790255, -0.066857855190392, -0.0036854787811080314]","[0.00011113317696453962, 0.04505280127520783, 0.0002854230478988029, 1.2861282973281821e-05, 1.4615094287820114e-05, 3.873974325891566e-05, 0.04505280127520783, 0.0015628076216671616, 1.5589433928653307e-05, 1.5589433907008728e-05, 3.449162251925597e-05, 0.066857855190392, 0.009500579396899411, 0.009500579396899411, 0.00804670307675319, 0.007540046474787232, 0.007540046474787232, 0.066857855190392, 5.319894313266069e-06, 0.045740018465512094, 0.00048716980959401246, 0.0035432251966922568, 1.636890560235884e-05, 3.3127547052392084e-05, 1.4225358440145275e-05, 1.5589433907008728e-05, 1.052286788723062e-05, 0.0002854230478988029, 0.0002854230478988029, 0.06685785519040598, 0.066857855190392, 9.606988638046973e-06, 0.06685785519040598, 0.06685785519040598, 1.2861282973281821e-05, 0.00015536819566857457, 1.2861282973281821e-05, 9.509554683274565e-06, 5.773936582593488e-05, 5.773936584319017e-05, 9.606988638046973e-06, 1.2861282925769046e-05, 9.5095547294477e-06, 3.121784139932873e-05, 3.121784139932873e-05, 4.949645265475179e-05, 0.0003633312439811909, 0.0003633312439887959, 1.2861282973281821e-05, 9.509554683274999e-06, 3.121784139932873e-05, 1.2861282973281821e-05, 1.026953958624139e-05, 0.00020071396155279218, 0.0002007139615898268, 0.04505280127523292, 6.430641486640911e-06, 4.754777341637283e-06, 1.2861282973281821e-05, 9.509554683274999e-06, 1.4615094287820114e-05, 0.06734502499999999, 0.06734502500000872, 0.0015628076216249523, 0.0002737504593930441, 0.025644565204640764, 4.345554701578724e-06, 0.020395998060079634, 1.5530973541899584e-05, 0.0009311763743111434, 2.3384150860512876e-05, 0.0003286057799602026, 0.0002854230478988029, 4.8132377187887904e-05, 0.027895687255759194, 0.02789568725575009, 0.028601109140051345, 0.028601109140051345, 0.0004930353341015877, 0.00030101248177372185, 4.8132377187887904e-05, 0.0092186777446841, 4.8132377187887904e-05, 0.0002786611310877721, 4.949645265475179e-05, 0.01143586049142764, 9.509554683274999e-06, 0.0036854787810936818, 0.004937688169654564, 6.430641486640911e-06, 4.754777341637283e-06, 4.287094331133917e-05, 0.00038388980995973654, 4.949645267515734e-05, 0.00015536819569206273, 1.4290314414862337e-05, 1.4290314414862337e-05, 4.813237717371521e-05, 4.949645267515734e-05, 3.988946401670482e-05, 0.00048716980959401246, 0.06685785519040598, 0.0036854787810936818, 0.00048716980959401246, 0.00048716980959401246, 0.06685785519040598, 0.0036854787811080314, 0.00048716980959401246, 0.0036854787810936818, 0.0036854787810936818, 5.773936582593488e-05, 0.0003286057799414266, 0.025543991474972966, 0.01718988150662426, 0.045522432971665694, 0.0427338729815574, 0.0009311763743653501, 0.0009311763743653501, 1.3640754668632366e-05, 0.00023115427993354587, 0.00023115427993354587, 0.00023115427993354587, 0.0001817727993557068, 0.0001817727993557068, 4.94964526547674e-05, 0.00015059393154168849, 4.949645265475179e-05, 0.00010499483736368942, 4.949645265475179e-05, 2.104573577446124e-05, 1.5589433907008728e-05, 0.009500579396909271, 0.007540046474775422, 1.5530973529856917e-05, 0.06734502499999995, 0.0003633312439811909, 0.027895687255759194, 0.00020071396155279218, 0.0003286057799414266, 0.0036854787811080314, 0.0427338729815403, 0.0009311763743111434, 0.027977531783790255, 0.066857855190392, 0.0036854787811080314]","['GART', '2AGPGAT160', 'ACSERtex', 'ACSERtpp', 'ASNt2rpp', 'ASNtex', 'ASPO5', 'ASPT', 'CYSabc2pp', 'CYTDt2pp_copy1', 'DURIK1', 'GLYC3Pabcpp', 'GND', 'LYSabcpp', 'LYStex', 'G3PD5', 'ME1', 'G3PGabcpp', 'NADPHQR2', 'ORNtex', 'OAADC', 'PAPSR', 'PDH', 'PPA', 'PPCK', 'PPPGO3', 'RNTR3c', 'SULR', 'SO4tex', 'SULabcpp', 'VALtex', 'ENOPH', 'EAR40y', 'EAR60y', 'EAR80y', 'EAR100y', 'EAR120y', 'EAR121y', 'EAR140y', 'EAR141y', 'EAR160y', 'EAR161y', 'EAR181y', 'EX_acser_e', 'EX_asn__L_e', 'EX_lys__L_e', 'EX_orn_e', 'EX_so4_e', 'EX_val__L_e', 'PAPSSH']","['EX_cytd_e', 'AACPS1', 'ACOATA', 'ADPT', 'ASAD', 'AKGt2rpp', 'AKGtex', 'ASPK', 'AST', 'CDAPPA140', 'CDAPPA160', 'CDAPPA161', 'CYSS', 'CDAPPA181', 'CYTDtex', 'DAPDC', 'DAPE', 'DCTPD', 'DHDPRy', 'DHDPS', 'FACOAE140', 'DRPA', 'FACOAL161t2pp', 'DURIPP', 'DUTPDP', 'ECOAH7', 'ECOAH8', 'EDA', 'EDD', 'GUAPRT', 'GLYC3Ptex', 'HACD7i', 'HACD8i', 'CTECOAI7', 'INDOLEt2pp', 'INDOLEtex', 'LPLIPAL1G161pp', 'ACACT12', 'ACACT8r', 'LPLIPAL2G160', 'MACPD', 'G3PGtex', 'NTD10', 'G6PDA', 'NTD2', 'NTD4', 'NTD6', 'ORNabcpp', 'P5CD', 'NTPP2', 'NTPP4', 'NTPP5', 'NTPP6', 'NTPP7', 'NTPP8', 'NTPTP1', 'CTECOAI8', 'PLIPA2G161pp', 'PPK2', 'PPM2', 'PPPGO', 'PUNP2', 'PUNP4', 'SADH', 'SDPDS', 'SGDS', 'SGSAD', 'THDPS', 'SOTA', 'UPPRT', 'URItex', 'VALabcpp', 'XTSNt2rpp', 'XTSNtex', 'EX_akg_e', 'EX_g3pg_e', 'EX_glyc3p_e', 'EX_indole_e', 'EX_uri_e', 'EX_xtsn_e', 'SDPTA']","['DHAD1', 'AACPS3', 'ACLS', 'ASNS2', 'FACOAL181t2pp', 'GPDDA4', 'KARA1', 'LPLIPAL1G181pp', 'P5CR', 'PLIPA2G181pp', 'TRDR', 'VALt2rpp', 'VALTA', 'ORNCD']",LYSabcpp,ASPK,1.7347328822471553,1,145,14,19.0,0.23743200669751102,iPC815,PSL,False,False,0.0,0.0,0.0,0.0
53,"['DHAD1', 'EX_ala__D_e', 'GLCP', 'ACLS', 'ACOAD1f', 'ACOAD2f', 'ACOAD3f', 'ACOAD4f', 'ACOAD5f', 'ACOAD6f', 'ACOAD7f', 'ACOATA', 'ACSERtex', 'ACSERtpp', '4PEPTtex', 'ADPT', 'AGM4PApp', 'ANHGMtex', 'AGMtex', 'ARGabcpp', 'ARGAGMt7pp', 'ALAALAr', 'ASNNpp', 'ALATA_D2', 'ASNtex', 'ASPt2_3pp', 'AST', 'CPPPGO', 'CDAPPA140', 'CDAPPA160', 'CDAPPA161', 'CYSS', 'CDAPPA181', 'CYTBO3_4pp', 'CYTD', 'CHORM', 'DALAtex', 'DAPDC', 'DAPE', 'DCTPD', 'DHDPRy', 'DHDPS', 'FA120ACPHi', 'FACOAE120', 'DRPA', 'FACOAL140t2pp', 'FACOAL160t2pp', 'FACOAL161t2pp', 'FACOAL181t2pp', 'DURIPP', 'DUTPDP', 'FADRx', 'FCLT', 'FDH4pp', 'ECOAH1', 'ECOAH2', 'ECOAH3', 'ECOAH4', 'ECOAH5', 'ECOAH6', 'ECOAH7', 'ECOAH8', 'EDA', 'EDD', 'FE2t3pp', 'FE2tex', 'GLUCYS', 'GLUR', 'GLUSy', 'FORtex', 'GUAPRT', 'GLUTRR', 'GLUTRS', 'GLYC3Pabcpp', 'GLYC3Ptex', 'HACD1i', 'HACD2i', 'HACD3i', 'HACD4i', 'HACD5i', 'HACD6i', 'HACD7i', 'GLYCLTDy', 'HACD8i', 'GMPR', 'CTECOAI7', 'HMBS', 'HOMt2pp', 'GTHRDabc2pp', 'GTHRDtex', 'GTHS', 'HOMtex', 'HSDy', 'HSK', 'INDOLEt2pp', 'INDOLEtex', 'ICL', 'KARA1', 'KAT1', 'ACACT11', 'ACACT8', 'ACACT13', 'ACACT10', 'ACACT9', 'LPLIPAL1G160pp', 'ACACT12', 'ACACT8r', 'G1SAT', 'LPLIPAL1A140pp', 'LPLIPAL1A160pp', 'LPLIPAL1A161pp', 'LPLIPAL1A181pp', 'LYSabcpp', 'LYStex', 'MACPD', 'MDDCP3pp', 'MDDCP4pp', 'MPTG', 'NADPHQR2', 'MLTGY1pp', 'NADPHQR3', 'G3PGtex', 'NH4tpp', 'NTD1', 'NTD10', 'G6PDA', 'NTD4', 'NTD6', 'NTP3', 'P5CD', 'P5CR', 'NTPP2', 'PA140abcpp', 'PA160abcpp', 'PA161abcpp', 'PA181abcpp', 'NTPP4', 'NTPP5', 'NTPP6', 'NTPP7', 'NTPP8', 'NTPTP1', 'CTECOAI8', 'PAPPT3', 'PAPSR', 'PDH', 'PLIPA2A160pp', 'PLIPA2A161pp', 'PLIPA2A181pp', 'PLIPA2G160pp', 'PPA2', 'PPBNGS', 'PPC', 'PPM2', 'PPND', 'PPPGO', 'PPPGO3', 'PUNP2', 'PUNP4', 'SADH', 'SDPDS', 'SERAT', 'SULR', 'SGDS', 'SGSAD', 'THDPS', 'THIORDXi', 'SO4tex', 'SOTA', 'THRS', 'SULabcpp', 'TYRTA', 'PHEMEabcpp', 'UAAGDS', 'TRPS2', 'UAGCVT', 'PHEMEtiex', 'UAGPT3', 'UAMAGS', 'UAMAS', 'UAPGR', 'UDCPDP', 'UGMDDS', 'UPP3S', 'UPPDC1', 'UPPRT', 'URItex', 'PIuabcpp', 'VALt2rpp', 'VALtex', 'XTSNt2rpp', 'XTSNtex', 'ENOPH', 'ARGDC', 'EX_LalaDgluMdapDala_e', 'EX_acser_e', 'EX_agm_e', 'EX_anhgm_e', 'EX_fe2_e', 'EX_asn__L_e', 'EX_for_e', 'PLIPA2A140pp', 'EX_g3pg_e', 'EX_lys__L_e', 'EX_glyc3p_e', 'EX_gthrd_e', 'EX_pheme_e', 'EX_hom__L_e', 'EX_indole_e', 'EX_uri_e', 'EX_so4_e', 'EX_val__L_e', 'EX_xtsn_e', 'SDPTA', 'SUCCt3pp', 'PAPSSH']","[-0.026475931944256348, -4.0645734781194156e-05, 4.4411191156876195e-05, -0.026475931944256348, 3.422545557896228e-05, 3.422545557896228e-05, 3.422545557896228e-05, 3.422545557896228e-05, 3.422545557896228e-05, 2.961130599032913e-05, 1.86527003052106e-05, -4.614149702319992e-06, 0.00590799182293722, -0.005907991822949654, 4.0645734770805575e-05, 5.104403139459014e-06, -4.0645734781194156e-05, 4.0645734770805575e-05, 0.0070136443971478, 0.007013644397201424, -0.0070136443971478, -4.0645734770805575e-05, 5.242996299759106e-05, 8.129146956238831e-05, 5.242996303422842e-05, 5.242996299759106e-05, 0.007085740486741807, -0.0014928228393768293, 2.422428608557254e-06, 4.902534088745657e-06, 3.056874196512467e-06, 2.3070748653001606e-06, 1.5572755340722416e-06, -0.003798730847954346, 3.633642904977974e-05, -3.748996656099263e-05, 4.0645734770805575e-05, 0.0672729289104596, 0.06723228317571284, 7.324962697302477e-06, 0.0672322831756784, 0.0672322831756784, 4.614149730572566e-06, -4.614149730572566e-06, 2.8896112687783193e-05, 4.844857217114508e-06, 1.4130833549914207e-05, 6.113748393024934e-06, 4.5218667359733095e-06, 1.4448056390392594e-05, 7.324962697302477e-06, -0.00021939128431493204, -0.0014928228393768293, -0.004196837737850033, -3.422545557896228e-05, -3.422545557896228e-05, -3.422545557896228e-05, -3.422545557896228e-05, -3.422545557896228e-05, -2.961130587664229e-05, -2.476644863236288e-05, -4.521866685536224e-06, 9.283092489198452e-05, 9.283092489198452e-05, 0.0014928228393768293, -0.0014928228393955578, -6.022239670064284e-05, 4.0645734770805575e-05, 0.00018142259971939967, -0.004196837737822534, 7.324962697302477e-06, -0.011942582715014635, -0.011942582715014635, -0.00014555623709495156, -0.00015749534952647082, 3.4225455626602126e-05, 3.4225455626602126e-05, 3.4225455626602126e-05, 3.4225455626602126e-05, 3.4225455626602126e-05, 2.961130589602956e-05, 2.476644867891245e-05, 1.4419217908087298e-05, 4.5218667359733095e-06, 8.02862053121689e-05, 6.113748393024934e-06, -0.0014928228393768293, -0.06521820265900714, -6.022239670064284e-05, 6.0222396655262855e-05, -6.022239670064284e-05, 0.06521820265902534, 0.0654691547274524, -0.00025095206845407447, 1.5284370982561468e-05, -1.5284370988410956e-05, 1.4419217908087298e-05, 0.026475931944332842, 3.4225455626602126e-05, 3.4225455626602126e-05, 3.4225455626602126e-05, 3.4225455626602126e-05, 3.4225455626602126e-05, 2.961130589602956e-05, 2.1628826862118804e-06, 2.476644867891245e-05, 4.5218667359733095e-06, -0.011942582715050776, 2.422428608557254e-06, 4.902534088745657e-06, 3.056874196512467e-06, 1.5572755340722416e-06, -0.06734502499999999, -0.06734502500000872, 4.614149730600321e-06, -2.0322867390597078e-05, -2.0322867390597078e-05, -2.0322867390597078e-05, 0.0003981068898939455, -2.0322867390597078e-05, 5.4533482128332755e-05, -2.866540512513893e-06, 5.242996303422842e-05, 1.4448056343891597e-05, 0.00013703130615629056, 8.475208186032489e-05, 3.633642904977974e-05, 7.123093646589987e-06, 9.135122382351868e-05, 0.00010439513765449215, -0.00010439513765453379, 7.296124261486642e-05, 2.422428608557254e-06, 4.902534088745657e-06, 3.056874196512467e-06, 1.5572755340722416e-06, 3.866051872700074e-05, 7.123093646589987e-06, 0.012150608194277393, 7.123093646589987e-06, 0.00012599104507741505, 7.324962697302477e-06, 4.5218667359733095e-06, -4.0645734781194156e-05, -8.129146956238831e-05, -0.007589707414482935, 4.902534088745657e-06, 3.056874196512467e-06, 1.5572755340722416e-06, 2.1628826862118804e-06, 7.324962697302477e-06, -0.005971291357507317, 0.0002825672918393658, 2.889611266709835e-05, -3.748996656099263e-05, -0.0014884006575006659, -4.4221818760921865e-06, 7.123093610061915e-06, 7.324962666643842e-06, 0.007085740486741807, 0.0672322831756784, -0.00590568474808606, -8.129146956238831e-05, 0.007085740486741807, 0.007085740486741807, 0.0672322831756784, 8.129146956238831e-05, -8.129146954161115e-05, 0.007085740486741807, -0.00025095206845407447, -8.129146956238831e-05, 3.74899665303019e-05, -0.0014928228393768293, -4.0645734781194156e-05, -1.5284370982561468e-05, -4.0645734781194156e-05, -0.0014928228393768293, -4.0645734781194156e-05, -4.0645734781194156e-05, -4.0645734781194156e-05, -4.0645734781194156e-05, -4.0645734781194156e-05, -4.0645734781194156e-05, -0.0014928228393768293, -0.0014928228393768293, 1.4448056343891597e-05, -3.633642904787848e-05, -7.413121600460815e-05, 0.026132737543321127, 0.026132737543321127, -0.00013703130616704584, -0.00013703130616704584, -2.018690507130756e-06, -0.0070136443971478, -4.0645734781194156e-05, -0.005907991822949654, -0.007013644397201424, -4.0645734781194156e-05, 0.0014928228393955578, -5.242996299759106e-05, 0.004196837737850068, 2.422428608557254e-06, 2.8665405201259682e-06, 0.06734502499999995, 0.00015749534952283917, -6.022239670064284e-05, -0.0014928228393768293, -0.06521820265900714, 1.5284370982561468e-05, 3.633642904787848e-05, 8.129146954161115e-05, -0.026132737543328233, 0.00013703130615629056, -0.06723228317571284, 0.01828703639103816, -8.129146954161115e-05]","[0.026475931944256348, 4.0645734781194156e-05, 4.4411191156876195e-05, 0.026475931944256348, 3.422545557896228e-05, 3.422545557896228e-05, 3.422545557896228e-05, 3.422545557896228e-05, 3.422545557896228e-05, 2.961130599032913e-05, 1.86527003052106e-05, 4.614149702319992e-06, 0.00590799182293722, 0.005907991822949654, 4.0645734770805575e-05, 5.104403139459014e-06, 4.0645734781194156e-05, 4.0645734770805575e-05, 0.0070136443971478, 0.007013644397201424, 0.0070136443971478, 4.0645734770805575e-05, 5.242996299759106e-05, 8.129146956238831e-05, 5.242996303422842e-05, 5.242996299759106e-05, 0.007085740486741807, 0.0014928228393768293, 2.422428608557254e-06, 4.902534088745657e-06, 3.056874196512467e-06, 2.3070748653001606e-06, 1.5572755340722416e-06, 0.003798730847954346, 3.633642904977974e-05, 3.748996656099263e-05, 4.0645734770805575e-05, 0.0672729289104596, 0.06723228317571284, 7.324962697302477e-06, 0.0672322831756784, 0.0672322831756784, 4.614149730572566e-06, 4.614149730572566e-06, 2.8896112687783193e-05, 4.844857217114508e-06, 1.4130833549914207e-05, 6.113748393024934e-06, 4.5218667359733095e-06, 1.4448056390392594e-05, 7.324962697302477e-06, 0.00021939128431493204, 0.0014928228393768293, 0.004196837737850033, 3.422545557896228e-05, 3.422545557896228e-05, 3.422545557896228e-05, 3.422545557896228e-05, 3.422545557896228e-05, 2.961130587664229e-05, 2.476644863236288e-05, 4.521866685536224e-06, 9.283092489198452e-05, 9.283092489198452e-05, 0.0014928228393768293, 0.0014928228393955578, 6.022239670064284e-05, 4.0645734770805575e-05, 0.00018142259971939967, 0.004196837737822534, 7.324962697302477e-06, 0.011942582715014635, 0.011942582715014635, 0.00014555623709495156, 0.00015749534952647082, 3.4225455626602126e-05, 3.4225455626602126e-05, 3.4225455626602126e-05, 3.4225455626602126e-05, 3.4225455626602126e-05, 2.961130589602956e-05, 2.476644867891245e-05, 1.4419217908087298e-05, 4.5218667359733095e-06, 8.02862053121689e-05, 6.113748393024934e-06, 0.0014928228393768293, 0.06521820265900714, 6.022239670064284e-05, 6.0222396655262855e-05, 6.022239670064284e-05, 0.06521820265902534, 0.0654691547274524, 0.00025095206845407447, 1.5284370982561468e-05, 1.5284370988410956e-05, 1.4419217908087298e-05, 0.026475931944332842, 3.4225455626602126e-05, 3.4225455626602126e-05, 3.4225455626602126e-05, 3.4225455626602126e-05, 3.4225455626602126e-05, 2.961130589602956e-05, 2.1628826862118804e-06, 2.476644867891245e-05, 4.5218667359733095e-06, 0.011942582715050776, 2.422428608557254e-06, 4.902534088745657e-06, 3.056874196512467e-06, 1.5572755340722416e-06, 0.06734502499999999, 0.06734502500000872, 4.614149730600321e-06, 2.0322867390597078e-05, 2.0322867390597078e-05, 2.0322867390597078e-05, 0.0003981068898939455, 2.0322867390597078e-05, 5.4533482128332755e-05, 2.866540512513893e-06, 5.242996303422842e-05, 1.4448056343891597e-05, 0.00013703130615629056, 8.475208186032489e-05, 3.633642904977974e-05, 7.123093646589987e-06, 9.135122382351868e-05, 0.00010439513765449215, 0.00010439513765453379, 7.296124261486642e-05, 2.422428608557254e-06, 4.902534088745657e-06, 3.056874196512467e-06, 1.5572755340722416e-06, 3.866051872700074e-05, 7.123093646589987e-06, 0.012150608194277393, 7.123093646589987e-06, 0.00012599104507741505, 7.324962697302477e-06, 4.5218667359733095e-06, 4.0645734781194156e-05, 8.129146956238831e-05, 0.007589707414482935, 4.902534088745657e-06, 3.056874196512467e-06, 1.5572755340722416e-06, 2.1628826862118804e-06, 7.324962697302477e-06, 0.005971291357507317, 0.0002825672918393658, 2.889611266709835e-05, 3.748996656099263e-05, 0.0014884006575006659, 4.4221818760921865e-06, 7.123093610061915e-06, 7.324962666643842e-06, 0.007085740486741807, 0.0672322831756784, 0.00590568474808606, 8.129146956238831e-05, 0.007085740486741807, 0.007085740486741807, 0.0672322831756784, 8.129146956238831e-05, 8.129146954161115e-05, 0.007085740486741807, 0.00025095206845407447, 8.129146956238831e-05, 3.74899665303019e-05, 0.0014928228393768293, 4.0645734781194156e-05, 1.5284370982561468e-05, 4.0645734781194156e-05, 0.0014928228393768293, 4.0645734781194156e-05, 4.0645734781194156e-05, 4.0645734781194156e-05, 4.0645734781194156e-05, 4.0645734781194156e-05, 4.0645734781194156e-05, 0.0014928228393768293, 0.0014928228393768293, 1.4448056343891597e-05, 3.633642904787848e-05, 7.413121600460815e-05, 0.026132737543321127, 0.026132737543321127, 0.00013703130616704584, 0.00013703130616704584, 2.018690507130756e-06, 0.0070136443971478, 4.0645734781194156e-05, 0.005907991822949654, 0.007013644397201424, 4.0645734781194156e-05, 0.0014928228393955578, 5.242996299759106e-05, 0.004196837737850068, 2.422428608557254e-06, 2.8665405201259682e-06, 0.06734502499999995, 0.00015749534952283917, 6.022239670064284e-05, 0.0014928228393768293, 0.06521820265900714, 1.5284370982561468e-05, 3.633642904787848e-05, 8.129146954161115e-05, 0.026132737543328233, 0.00013703130615629056, 0.06723228317571284, 0.01828703639103816, 8.129146954161115e-05]","['EX_ala__D_e', 'ACSERtex', 'ACSERtpp', '4PEPTtex', 'AGM4PApp', 'ANHGMtex', 'AGMtex', 'ARGAGMt7pp', 'ALAALAr', 'ASNtex', 'CPPPGO', 'CYTBO3_4pp', 'CHORM', 'DALAtex', 'FACOAE120', 'FADRx', 'FCLT', 'FDH4pp', 'FE2tex', 'GLUCYS', 'GLUR', 'GLUTRR', 'GLUTRS', 'GLYC3Pabcpp', 'HMBS', 'HOMt2pp', 'GTHRDabc2pp', 'GTHRDtex', 'GTHS', 'HOMtex', 'HSDy', 'HSK', 'G1SAT', 'LYSabcpp', 'LYStex', 'MDDCP3pp', 'MDDCP4pp', 'MPTG', 'MLTGY1pp', 'P5CR', 'PAPPT3', 'PAPSR', 'PDH', 'PPBNGS', 'PPND', 'PPPGO', 'PPPGO3', 'SULR', 'SO4tex', 'THRS', 'SULabcpp', 'TYRTA', 'PHEMEabcpp', 'UAAGDS', 'TRPS2', 'UAGCVT', 'PHEMEtiex', 'UAGPT3', 'UAMAGS', 'UAMAS', 'UAPGR', 'UDCPDP', 'UGMDDS', 'UPP3S', 'UPPDC1', 'PIuabcpp', 'VALt2rpp', 'VALtex', 'ENOPH', 'ARGDC', 'EX_LalaDgluMdapDala_e', 'EX_acser_e', 'EX_agm_e', 'EX_anhgm_e', 'EX_fe2_e', 'EX_asn__L_e', 'EX_lys__L_e', 'EX_gthrd_e', 'EX_pheme_e', 'EX_hom__L_e', 'EX_so4_e', 'EX_val__L_e', 'PAPSSH']","['GLCP', 'ACOAD1f', 'ACOAD2f', 'ACOAD3f', 'ACOAD4f', 'ACOAD5f', 'ACOAD7f', 'ACOATA', 'ADPT', 'ARGabcpp', 'ASNNpp', 'ALATA_D2', 'ASPt2_3pp', 'AST', 'CDAPPA140', 'CDAPPA160', 'CDAPPA161', 'CYSS', 'CDAPPA181', 'CYTD', 'DAPDC', 'DCTPD', 'FA120ACPHi', 'DRPA', 'FACOAL140t2pp', 'FACOAL160t2pp', 'FACOAL161t2pp', 'FACOAL181t2pp', 'DURIPP', 'DUTPDP', 'ECOAH1', 'ECOAH2', 'ECOAH3', 'ECOAH4', 'ECOAH5', 'ECOAH6', 'ECOAH7', 'ECOAH8', 'EDA', 'EDD', 'FE2t3pp', 'GLUSy', 'FORtex', 'GUAPRT', 'GLYC3Ptex', 'HACD1i', 'HACD2i', 'HACD3i', 'HACD4i', 'HACD5i', 'HACD6i', 'HACD7i', 'GLYCLTDy', 'HACD8i', 'GMPR', 'CTECOAI7', 'INDOLEt2pp', 'INDOLEtex', 'ICL', 'KAT1', 'ACACT11', 'ACACT8', 'ACACT13', 'ACACT10', 'ACACT9', 'LPLIPAL1G160pp', 'ACACT12', 'ACACT8r', 'LPLIPAL1A140pp', 'LPLIPAL1A160pp', 'LPLIPAL1A161pp', 'LPLIPAL1A181pp', 'MACPD', 'NADPHQR2', 'NADPHQR3', 'G3PGtex', 'NH4tpp', 'NTD1', 'NTD10', 'G6PDA', 'NTD4', 'NTD6', 'NTP3', 'P5CD', 'NTPP2', 'PA140abcpp', 'PA160abcpp', 'PA161abcpp', 'PA181abcpp', 'NTPP4', 'NTPP5', 'NTPP6', 'NTPP7', 'NTPP8', 'NTPTP1', 'CTECOAI8', 'PLIPA2A160pp', 'PLIPA2A161pp', 'PLIPA2A181pp', 'PLIPA2G160pp', 'PPA2', 'PPC', 'PPM2', 'PUNP2', 'PUNP4', 'SADH', 'SGDS', 'SGSAD', 'THIORDXi', 'SOTA', 'UPPRT', 'URItex', 'XTSNt2rpp', 'XTSNtex', 'EX_for_e', 'PLIPA2A140pp', 'EX_g3pg_e', 'EX_glyc3p_e', 'EX_indole_e', 'EX_uri_e', 'EX_xtsn_e', 'SUCCt3pp']","['DHAD1', 'ACLS', 'ACOAD6f', 'DAPE', 'DHDPRy', 'DHDPS', 'KARA1', 'SDPDS', 'SERAT', 'THDPS', 'SDPTA']",LYSabcpp,DAPDC,1.576089021192756,1,216,11,42.0,0.24728767578381322,iPC815,PSL,False,False,0.0,0.0,0.0,0.0
54,"['DHAD1', 'ACLS', 'ACOAD1f', 'ACOAD2f', 'ACOAD3f', 'ACOAD4f', 'ACOAD5f', 'ACOAD6f', 'ACOAD7f', 'ACOATA', 'ACSERtex', 'ACSERtpp', 'ADPT', 'AGMtex', 'ARGabcpp', 'ARGAGMt7pp', 'ALATA_L2', 'AST', 'CPPPGO', 'CDAPPA140', 'CDAPPA160', 'CDAPPA161', 'CYSS', 'CDAPPA181', 'CHORM', 'DAPDC', 'DAPE', 'DCYTD', 'DHDPRy', 'DHDPS', 'DHORD5', 'FA120ACPHi', 'FACOAE120', 'DRPA', 'FACOAL140t2pp', 'FACOAL160t2pp', 'FACOAL181t2pp', 'DURIPP', 'FADRx', 'FCLT', 'ECOAH1', 'ECOAH2', 'ECOAH3', 'ECOAH4', 'ECOAH5', 'ECOAH6', 'ECOAH7', 'ECOAH8', 'EDA', 'EDD', 'FE2t3pp', 'FE2tex', 'GLUCYS', 'GLUSy', 'FORtex', 'GUAPRT', 'GLUTRR', 'GLUTRS', 'GLYC3Pabcpp', 'GLYC3Ptex', 'HACD1i', 'HACD2i', 'HACD3i', 'HACD4i', 'HACD5i', 'HACD6i', 'HACD7i', 'GLYCLTDy', 'HACD8i', 'GMPR', 'GND', 'GPDDA4', 'HMBS', 'HOMt2pp', 'GTHRDabc2pp', 'GTHRDtex', 'GTHS', 'HOMtex', 'HSDy', 'HSK', 'INDOLEt2pp', 'INDOLEtex', 'ICL', 'KARA1', 'KAT1', 'ACACT11', 'ACACT8', 'ACACT13', 'ACACT10', 'ACACT9', 'LPLIPAL1G160pp', 'ACACT12', 'ACACT8r', 'G1SAT', 'LPLIPAL1A140pp', 'LPLIPAL1A160pp', 'LPLIPAL1A181pp', 'LYSabcpp', 'LYStex', 'MACPD', 'NADPHQR2', 'NADPHQR3', 'G3PGtex', 'NTD1', 'NTD10', 'G6PDA', 'NTD3', 'NTD6', 'NTD8', 'NTP3', 'P5CD', 'NTPP1', 'P5CR', 'NTPP2', 'PA140abcpp', 'PA160abcpp', 'PA181abcpp', 'NTPP3', 'NTPP4', 'NTPP5', 'NTPP6', 'NTPP7', 'NTPP8', 'CTECOAI8', 'PAPSR', 'PDH', 'PLIPA2A160pp', 'PLIPA2A181pp', 'PLIPA2G160pp', 'PPBNGS', 'PPC', 'PPM2', 'PPND', 'PPPGO', 'PPPGO3', 'PUNP2', 'PUNP4', 'PYAM5PO', 'SADH', 'SDPDS', 'SERAT', 'SULR', 'SGDS', 'SGSAD', 'THDPS', 'THIORDXi', 'SO4tex', 'SOTA', 'THRS', 'SULabcpp', 'TYRTA', 'PHEMEabcpp', 'PHEMEtiex', 'UPP3S', 'UPPDC1', 'UPPRT', 'PIuabcpp', 'VALt2rpp', 'VALTA', 'VALtex', 'XTSNt2rpp', 'XTSNtex', 'ENOPH', 'ARGDC', 'EX_acser_e', 'EX_agm_e', 'EX_fe2_e', 'EX_for_e', 'PLIPA2A140pp', 'EX_g3pg_e', 'EX_lys__L_e', 'EX_glyc3p_e', 'EX_gthrd_e', 'EX_pheme_e', 'EX_hom__L_e', 'EX_indole_e', 'EX_so4_e', 'EX_val__L_e', 'EX_xtsn_e', 'SDPTA', 'PAPSSH']","[-0.026442759058626975, -0.026442759058626975, 3.458682215295994e-05, 3.458682215295994e-05, 3.458682215295994e-05, 3.458682215295994e-05, 3.458682215295994e-05, 2.992395434375794e-05, 1.8849643197427213e-05, -4.662867809201998e-06, 0.005925367063582598, -0.0059253670635413536, 5.15829753958922e-06, 0.007070679020557691, 0.007070679020549989, -0.007070679020557691, 9.295335213233002e-05, 0.007143536330431202, -0.0015033341111435317, 2.448005612009068e-06, 4.954297071921472e-06, 2.1274334485316126e-06, 2.331433916206733e-06, 2.2848052378750434e-06, -3.7885801138226594e-05, 0.06727216769011878, 0.06727216769013467, 7.402302683930974e-06, 0.06727216769011878, 0.06727216769011878, -9.182935326260133e-05, 4.662867832397853e-06, -4.662867832397853e-06, 2.92012098003884e-05, 4.896011224018136e-06, 1.4280032736718046e-05, 4.569610475750087e-06, 1.4600604913539428e-05, -0.00022170770826100003, -0.0015033341111435317, -3.458682215295994e-05, -3.458682215295994e-05, -3.458682215295994e-05, -3.458682215295994e-05, -3.458682215295994e-05, -2.992395434375794e-05, -2.50279431384115e-05, -4.5696104962189565e-06, 0.00013132675811339256, 0.00013132675811339256, 0.0015033341111435317, -0.0015033341111347909, -7.166182332151458e-05, 0.0002567783027501991, -0.004064527857622124, 7.402302683930974e-06, -0.012026672889148254, -0.012026672889148254, -0.00018717042899475287, -0.00019946582858665352, 3.458682214682162e-05, 3.458682214682162e-05, 3.458682214682162e-05, 3.458682214682162e-05, 3.458682214682162e-05, 2.9923954314424055e-05, 2.5027943090394356e-05, 1.4571461976253808e-05, 4.569610475750087e-06, 8.113390028374051e-05, -0.00013132675811339256, 1.5358320922958819e-06, -0.0015033341111435317, -0.06525839181263188, -7.166182332151458e-05, 7.166182331275195e-05, -7.166182332151458e-05, 0.06525839181267656, 0.06551199353691572, -0.0002536017242345534, 1.544574969481599e-05, -1.5445749681930465e-05, 1.4571461976253808e-05, 0.026442759058681986, 3.458682214682162e-05, 3.458682214682162e-05, 3.458682214682162e-05, 3.458682214682162e-05, 3.458682214682162e-05, 2.9923954314424055e-05, 2.1857192964366834e-06, 2.5027943090394356e-05, 4.569610475750087e-06, -0.012026672889192014, 2.448005612009068e-06, 4.954297071921472e-06, 2.2848052378750434e-06, -0.06734502499999999, -0.06734502500000872, 4.662867832400455e-06, 0.0001818387470740035, 9.182935326260133e-05, -1.611603693163488e-06, 7.198302216264094e-06, 0.00013927082790488043, 3.4971508742986067e-06, 7.402302683930974e-06, 7.198302216264094e-06, 7.402302683930974e-06, 9.019414384084379e-05, 0.00010549738470799763, 7.402302683930974e-06, -0.00010549738470799763, 7.373159759980954e-05, 2.448005612009068e-06, 4.954297071921472e-06, 2.2848052378750434e-06, 7.402302683930974e-06, 1.7745126749653742e-06, 7.198302216264094e-06, 0.012277951339696468, 7.198302216264094e-06, 8.189161619479024e-05, 4.569610475750087e-06, -9.295335213233002e-05, -0.00765901882459966, 4.954297071921472e-06, 2.2848052378750434e-06, 2.1857192964366834e-06, -0.006013336444574127, 0.0001623260864149212, 2.9201209827078856e-05, -3.7885801138226594e-05, -0.0014991304386503164, -4.203672493215344e-06, 7.198302228061948e-06, 7.40230268547748e-06, 9.295335213233002e-05, 0.007143536330431202, 0.06727216769011878, -0.005923035629621154, -9.295335213233002e-05, 0.007143536330431202, 0.007143536330431202, 0.06727216769011878, 9.295335213233002e-05, -9.295335212300415e-05, 0.007143536330431202, -0.0002536017242345534, -9.295335213233002e-05, 3.7885801134507346e-05, -0.0015033341111435317, -0.0015033341111435317, -0.0015033341111435317, -0.0015033341111435317, 1.46006049001942e-05, -3.770132632917875e-05, 0.02609594106922941, 0.02642002295885959, 0.02609594106922941, -0.00013927082795817114, -0.00013927082795817114, -2.0400046766740065e-06, -0.007070679020557691, -0.0059253670635413536, -0.007070679020549989, 0.0015033341111347909, 0.00406452785759015, 2.448005612009068e-06, 1.611603694575553e-06, 0.06734502499999995, 0.00019946582861030593, -7.166182332151458e-05, -0.0015033341111435317, -0.06525839181263188, 1.544574969481599e-05, 9.295335212300415e-05, -0.026095941069266826, 0.00013927082790488043, -0.06727216769013467, -9.295335212300415e-05]","[0.026442759058626975, 0.026442759058626975, 3.458682215295994e-05, 3.458682215295994e-05, 3.458682215295994e-05, 3.458682215295994e-05, 3.458682215295994e-05, 2.992395434375794e-05, 1.8849643197427213e-05, 4.662867809201998e-06, 0.005925367063582598, 0.0059253670635413536, 5.15829753958922e-06, 0.007070679020557691, 0.007070679020549989, 0.007070679020557691, 9.295335213233002e-05, 0.007143536330431202, 0.0015033341111435317, 2.448005612009068e-06, 4.954297071921472e-06, 2.1274334485316126e-06, 2.331433916206733e-06, 2.2848052378750434e-06, 3.7885801138226594e-05, 0.06727216769011878, 0.06727216769013467, 7.402302683930974e-06, 0.06727216769011878, 0.06727216769011878, 9.182935326260133e-05, 4.662867832397853e-06, 4.662867832397853e-06, 2.92012098003884e-05, 4.896011224018136e-06, 1.4280032736718046e-05, 4.569610475750087e-06, 1.4600604913539428e-05, 0.00022170770826100003, 0.0015033341111435317, 3.458682215295994e-05, 3.458682215295994e-05, 3.458682215295994e-05, 3.458682215295994e-05, 3.458682215295994e-05, 2.992395434375794e-05, 2.50279431384115e-05, 4.5696104962189565e-06, 0.00013132675811339256, 0.00013132675811339256, 0.0015033341111435317, 0.0015033341111347909, 7.166182332151458e-05, 0.0002567783027501991, 0.004064527857622124, 7.402302683930974e-06, 0.012026672889148254, 0.012026672889148254, 0.00018717042899475287, 0.00019946582858665352, 3.458682214682162e-05, 3.458682214682162e-05, 3.458682214682162e-05, 3.458682214682162e-05, 3.458682214682162e-05, 2.9923954314424055e-05, 2.5027943090394356e-05, 1.4571461976253808e-05, 4.569610475750087e-06, 8.113390028374051e-05, 0.00013132675811339256, 1.5358320922958819e-06, 0.0015033341111435317, 0.06525839181263188, 7.166182332151458e-05, 7.166182331275195e-05, 7.166182332151458e-05, 0.06525839181267656, 0.06551199353691572, 0.0002536017242345534, 1.544574969481599e-05, 1.5445749681930465e-05, 1.4571461976253808e-05, 0.026442759058681986, 3.458682214682162e-05, 3.458682214682162e-05, 3.458682214682162e-05, 3.458682214682162e-05, 3.458682214682162e-05, 2.9923954314424055e-05, 2.1857192964366834e-06, 2.5027943090394356e-05, 4.569610475750087e-06, 0.012026672889192014, 2.448005612009068e-06, 4.954297071921472e-06, 2.2848052378750434e-06, 0.06734502499999999, 0.06734502500000872, 4.662867832400455e-06, 0.0001818387470740035, 9.182935326260133e-05, 1.611603693163488e-06, 7.198302216264094e-06, 0.00013927082790488043, 3.4971508742986067e-06, 7.402302683930974e-06, 7.198302216264094e-06, 7.402302683930974e-06, 9.019414384084379e-05, 0.00010549738470799763, 7.402302683930974e-06, 0.00010549738470799763, 7.373159759980954e-05, 2.448005612009068e-06, 4.954297071921472e-06, 2.2848052378750434e-06, 7.402302683930974e-06, 1.7745126749653742e-06, 7.198302216264094e-06, 0.012277951339696468, 7.198302216264094e-06, 8.189161619479024e-05, 4.569610475750087e-06, 9.295335213233002e-05, 0.00765901882459966, 4.954297071921472e-06, 2.2848052378750434e-06, 2.1857192964366834e-06, 0.006013336444574127, 0.0001623260864149212, 2.9201209827078856e-05, 3.7885801138226594e-05, 0.0014991304386503164, 4.203672493215344e-06, 7.198302228061948e-06, 7.40230268547748e-06, 9.295335213233002e-05, 0.007143536330431202, 0.06727216769011878, 0.005923035629621154, 9.295335213233002e-05, 0.007143536330431202, 0.007143536330431202, 0.06727216769011878, 9.295335213233002e-05, 9.295335212300415e-05, 0.007143536330431202, 0.0002536017242345534, 9.295335213233002e-05, 3.7885801134507346e-05, 0.0015033341111435317, 0.0015033341111435317, 0.0015033341111435317, 0.0015033341111435317, 1.46006049001942e-05, 3.770132632917875e-05, 0.02609594106922941, 0.02642002295885959, 0.02609594106922941, 0.00013927082795817114, 0.00013927082795817114, 2.0400046766740065e-06, 0.007070679020557691, 0.0059253670635413536, 0.007070679020549989, 0.0015033341111347909, 0.00406452785759015, 2.448005612009068e-06, 1.611603694575553e-06, 0.06734502499999995, 0.00019946582861030593, 7.166182332151458e-05, 0.0015033341111435317, 0.06525839181263188, 1.544574969481599e-05, 9.295335212300415e-05, 0.026095941069266826, 0.00013927082790488043, 0.06727216769013467, 9.295335212300415e-05]","['ACSERtex', 'ACSERtpp', 'AGMtex', 'ARGAGMt7pp', 'CPPPGO', 'CHORM', 'DHORD5', 'FACOAE120', 'FADRx', 'FCLT', 'FE2tex', 'GLUCYS', 'GLUTRR', 'GLUTRS', 'GLYC3Pabcpp', 'GND', 'HMBS', 'HOMt2pp', 'GTHRDabc2pp', 'GTHRDtex', 'GTHS', 'HOMtex', 'HSDy', 'HSK', 'G1SAT', 'LYSabcpp', 'LYStex', 'P5CR', 'PAPSR', 'PDH', 'PPBNGS', 'PPND', 'PPPGO', 'PPPGO3', 'SULR', 'SO4tex', 'THRS', 'SULabcpp', 'TYRTA', 'PHEMEabcpp', 'PHEMEtiex', 'UPP3S', 'UPPDC1', 'PIuabcpp', 'VALt2rpp', 'VALtex', 'ENOPH', 'ARGDC', 'EX_acser_e', 'EX_agm_e', 'EX_fe2_e', 'EX_lys__L_e', 'EX_gthrd_e', 'EX_pheme_e', 'EX_hom__L_e', 'EX_so4_e', 'EX_val__L_e', 'PAPSSH']","['ACOAD1f', 'ACOAD2f', 'ACOAD3f', 'ACOAD4f', 'ACOAD5f', 'ACOAD6f', 'ACOATA', 'ADPT', 'ARGabcpp', 'ALATA_L2', 'AST', 'CDAPPA140', 'CDAPPA160', 'CDAPPA161', 'CYSS', 'CDAPPA181', 'DAPDC', 'DAPE', 'DCYTD', 'DHDPRy', 'DHDPS', 'FA120ACPHi', 'DRPA', 'FACOAL140t2pp', 'FACOAL181t2pp', 'DURIPP', 'ECOAH1', 'ECOAH2', 'ECOAH3', 'ECOAH4', 'ECOAH5', 'ECOAH6', 'ECOAH7', 'ECOAH8', 'EDA', 'EDD', 'FE2t3pp', 'GLUSy', 'FORtex', 'GUAPRT', 'GLYC3Ptex', 'HACD1i', 'HACD2i', 'HACD3i', 'HACD4i', 'HACD5i', 'HACD6i', 'HACD7i', 'GLYCLTDy', 'HACD8i', 'GMPR', 'GPDDA4', 'INDOLEt2pp', 'INDOLEtex', 'ICL', 'KAT1', 'ACACT11', 'ACACT8', 'ACACT13', 'ACACT10', 'ACACT9', 'LPLIPAL1G160pp', 'ACACT12', 'ACACT8r', 'LPLIPAL1A140pp', 'LPLIPAL1A160pp', 'MACPD', 'NADPHQR2', 'NADPHQR3', 'G3PGtex', 'NTD1', 'NTD10', 'G6PDA', 'NTD3', 'NTD6', 'NTD8', 'NTP3', 'P5CD', 'NTPP1', 'NTPP2', 'PA140abcpp', 'PA160abcpp', 'NTPP3', 'NTPP4', 'NTPP5', 'NTPP6', 'NTPP7', 'NTPP8', 'CTECOAI8', 'PLIPA2A160pp', 'PLIPA2G160pp', 'PPC', 'PPM2', 'PUNP2', 'PUNP4', 'PYAM5PO', 'SADH', 'SDPDS', 'SGDS', 'SGSAD', 'THDPS', 'THIORDXi', 'SOTA', 'UPPRT', 'XTSNt2rpp', 'XTSNtex', 'EX_for_e', 'PLIPA2A140pp', 'EX_g3pg_e', 'EX_glyc3p_e', 'EX_indole_e', 'EX_xtsn_e', 'SDPTA']","['DHAD1', 'ACLS', 'ACOAD7f', 'FACOAL160t2pp', 'KARA1', 'LPLIPAL1A181pp', 'PA181abcpp', 'PLIPA2A181pp', 'SERAT', 'VALTA']",LYSabcpp,DAPE,1.576119071974233,1,181,10,49.0,0.26315972126448267,iPC815,PSL,False,False,0.0,0.0,0.0,0.0
55,"['DHAD1', 'ACLS', 'ACOAD1f', 'ACOAD2f', 'ACOAD3f', 'ACOAD4f', 'ACOAD5f', 'ACOAD6f', 'ACOAD7f', 'ACOATA', 'ACSERtex', 'ACSERtpp', 'ADPT', 'AGMtex', 'ARGabcpp', 'ARGAGMt7pp', 'ALATA_L2', 'AST', 'CPPPGO', 'CDAPPA140', 'CDAPPA160', 'CDAPPA161', 'CYSS', 'CDAPPA181', 'CHORM', 'DAPDC', 'DAPE', 'DCYTD', 'DHDPRy', 'DHDPS', 'DHORD5', 'FA120ACPHi', 'FACOAE120', 'DRPA', 'FACOAL140t2pp', 'FACOAL160t2pp', 'FACOAL181t2pp', 'DURIPP', 'FADRx', 'FCLT', 'ECOAH1', 'ECOAH2', 'ECOAH3', 'ECOAH4', 'ECOAH5', 'ECOAH6', 'ECOAH7', 'ECOAH8', 'EDA', 'EDD', 'FE2t3pp', 'FE2tex', 'GLUCYS', 'GLUSy', 'FORtex', 'GUAPRT', 'GLUTRR', 'GLUTRS', 'GLYC3Pabcpp', 'GLYC3Ptex', 'HACD1i', 'HACD2i', 'HACD3i', 'HACD4i', 'HACD5i', 'HACD6i', 'HACD7i', 'GLYCLTDy', 'HACD8i', 'GMPR', 'GND', 'GPDDA4', 'HMBS', 'HOMt2pp', 'GTHRDabc2pp', 'GTHRDtex', 'GTHS', 'HOMtex', 'HSDy', 'HSK', 'INDOLEt2pp', 'INDOLEtex', 'ICL', 'KARA1', 'KAT1', 'ACACT11', 'ACACT8', 'ACACT13', 'ACACT10', 'ACACT9', 'LPLIPAL1G160pp', 'ACACT12', 'ACACT8r', 'G1SAT', 'LPLIPAL1A140pp', 'LPLIPAL1A160pp', 'LPLIPAL1A181pp', 'LYSabcpp', 'LYStex', 'MACPD', 'NADPHQR2', 'NADPHQR3', 'G3PGtex', 'NTD1', 'NTD10', 'G6PDA', 'NTD3', 'NTD6', 'NTD8', 'NTP3', 'P5CD', 'NTPP1', 'P5CR', 'NTPP2', 'PA140abcpp', 'PA160abcpp', 'PA181abcpp', 'NTPP3', 'NTPP4', 'NTPP5', 'NTPP6', 'NTPP7', 'NTPP8', 'CTECOAI8', 'PAPSR', 'PDH', 'PLIPA2A160pp', 'PLIPA2A181pp', 'PLIPA2G160pp', 'PPBNGS', 'PPC', 'PPM2', 'PPND', 'PPPGO', 'PPPGO3', 'PUNP2', 'PUNP4', 'PYAM5PO', 'SADH', 'SDPDS', 'SERAT', 'SULR', 'SGDS', 'SGSAD', 'THDPS', 'THIORDXi', 'SO4tex', 'SOTA', 'THRS', 'SULabcpp', 'TYRTA', 'PHEMEabcpp', 'PHEMEtiex', 'UPP3S', 'UPPDC1', 'UPPRT', 'PIuabcpp', 'VALt2rpp', 'VALTA', 'VALtex', 'XTSNt2rpp', 'XTSNtex', 'ENOPH', 'ARGDC', 'EX_acser_e', 'EX_agm_e', 'EX_fe2_e', 'EX_for_e', 'PLIPA2A140pp', 'EX_g3pg_e', 'EX_lys__L_e', 'EX_glyc3p_e', 'EX_gthrd_e', 'EX_pheme_e', 'EX_hom__L_e', 'EX_indole_e', 'EX_so4_e', 'EX_val__L_e', 'EX_xtsn_e', 'SDPTA', 'PAPSSH']","[-0.026442759058626975, -0.026442759058626975, 3.458682215295994e-05, 3.458682215295994e-05, 3.458682215295994e-05, 3.458682215295994e-05, 3.458682215295994e-05, 2.992395434375794e-05, 1.8849643197427213e-05, -4.662867809201998e-06, 0.005925367063582598, -0.0059253670635413536, 5.15829753958922e-06, 0.007070679020557691, 0.007070679020549989, -0.007070679020557691, 9.295335213233002e-05, 0.007143536330431202, -0.0015033341111435317, 2.448005612009068e-06, 4.954297071921472e-06, 2.1274334485316126e-06, 2.331433916206733e-06, 2.2848052378750434e-06, -3.7885801138226594e-05, 0.06727216769011878, 0.06727216769013467, 7.402302683930974e-06, 0.06727216769011878, 0.06727216769011878, -9.182935326260133e-05, 4.662867832397853e-06, -4.662867832397853e-06, 2.92012098003884e-05, 4.896011224018136e-06, 1.4280032736718046e-05, 4.569610475750087e-06, 1.4600604913539428e-05, -0.00022170770826100003, -0.0015033341111435317, -3.458682215295994e-05, -3.458682215295994e-05, -3.458682215295994e-05, -3.458682215295994e-05, -3.458682215295994e-05, -2.992395434375794e-05, -2.50279431384115e-05, -4.5696104962189565e-06, 0.00013132675811339256, 0.00013132675811339256, 0.0015033341111435317, -0.0015033341111347909, -7.166182332151458e-05, 0.0002567783027501991, -0.004064527857622124, 7.402302683930974e-06, -0.012026672889148254, -0.012026672889148254, -0.00018717042899475287, -0.00019946582858665352, 3.458682214682162e-05, 3.458682214682162e-05, 3.458682214682162e-05, 3.458682214682162e-05, 3.458682214682162e-05, 2.9923954314424055e-05, 2.5027943090394356e-05, 1.4571461976253808e-05, 4.569610475750087e-06, 8.113390028374051e-05, -0.00013132675811339256, 1.5358320922958819e-06, -0.0015033341111435317, -0.06525839181263188, -7.166182332151458e-05, 7.166182331275195e-05, -7.166182332151458e-05, 0.06525839181267656, 0.06551199353691572, -0.0002536017242345534, 1.544574969481599e-05, -1.5445749681930465e-05, 1.4571461976253808e-05, 0.026442759058681986, 3.458682214682162e-05, 3.458682214682162e-05, 3.458682214682162e-05, 3.458682214682162e-05, 3.458682214682162e-05, 2.9923954314424055e-05, 2.1857192964366834e-06, 2.5027943090394356e-05, 4.569610475750087e-06, -0.012026672889192014, 2.448005612009068e-06, 4.954297071921472e-06, 2.2848052378750434e-06, -0.06734502499999999, -0.06734502500000872, 4.662867832400455e-06, 0.0001818387470740035, 9.182935326260133e-05, -1.611603693163488e-06, 7.198302216264094e-06, 0.00013927082790488043, 3.4971508742986067e-06, 7.402302683930974e-06, 7.198302216264094e-06, 7.402302683930974e-06, 9.019414384084379e-05, 0.00010549738470799763, 7.402302683930974e-06, -0.00010549738470799763, 7.373159759980954e-05, 2.448005612009068e-06, 4.954297071921472e-06, 2.2848052378750434e-06, 7.402302683930974e-06, 1.7745126749653742e-06, 7.198302216264094e-06, 0.012277951339696468, 7.198302216264094e-06, 8.189161619479024e-05, 4.569610475750087e-06, -9.295335213233002e-05, -0.00765901882459966, 4.954297071921472e-06, 2.2848052378750434e-06, 2.1857192964366834e-06, -0.006013336444574127, 0.0001623260864149212, 2.9201209827078856e-05, -3.7885801138226594e-05, -0.0014991304386503164, -4.203672493215344e-06, 7.198302228061948e-06, 7.40230268547748e-06, 9.295335213233002e-05, 0.007143536330431202, 0.06727216769011878, -0.005923035629621154, -9.295335213233002e-05, 0.007143536330431202, 0.007143536330431202, 0.06727216769011878, 9.295335213233002e-05, -9.295335212300415e-05, 0.007143536330431202, -0.0002536017242345534, -9.295335213233002e-05, 3.7885801134507346e-05, -0.0015033341111435317, -0.0015033341111435317, -0.0015033341111435317, -0.0015033341111435317, 1.46006049001942e-05, -3.770132632917875e-05, 0.02609594106922941, 0.02642002295885959, 0.02609594106922941, -0.00013927082795817114, -0.00013927082795817114, -2.0400046766740065e-06, -0.007070679020557691, -0.0059253670635413536, -0.007070679020549989, 0.0015033341111347909, 0.00406452785759015, 2.448005612009068e-06, 1.611603694575553e-06, 0.06734502499999995, 0.00019946582861030593, -7.166182332151458e-05, -0.0015033341111435317, -0.06525839181263188, 1.544574969481599e-05, 9.295335212300415e-05, -0.026095941069266826, 0.00013927082790488043, -0.06727216769013467, -9.295335212300415e-05]","[0.026442759058626975, 0.026442759058626975, 3.458682215295994e-05, 3.458682215295994e-05, 3.458682215295994e-05, 3.458682215295994e-05, 3.458682215295994e-05, 2.992395434375794e-05, 1.8849643197427213e-05, 4.662867809201998e-06, 0.005925367063582598, 0.0059253670635413536, 5.15829753958922e-06, 0.007070679020557691, 0.007070679020549989, 0.007070679020557691, 9.295335213233002e-05, 0.007143536330431202, 0.0015033341111435317, 2.448005612009068e-06, 4.954297071921472e-06, 2.1274334485316126e-06, 2.331433916206733e-06, 2.2848052378750434e-06, 3.7885801138226594e-05, 0.06727216769011878, 0.06727216769013467, 7.402302683930974e-06, 0.06727216769011878, 0.06727216769011878, 9.182935326260133e-05, 4.662867832397853e-06, 4.662867832397853e-06, 2.92012098003884e-05, 4.896011224018136e-06, 1.4280032736718046e-05, 4.569610475750087e-06, 1.4600604913539428e-05, 0.00022170770826100003, 0.0015033341111435317, 3.458682215295994e-05, 3.458682215295994e-05, 3.458682215295994e-05, 3.458682215295994e-05, 3.458682215295994e-05, 2.992395434375794e-05, 2.50279431384115e-05, 4.5696104962189565e-06, 0.00013132675811339256, 0.00013132675811339256, 0.0015033341111435317, 0.0015033341111347909, 7.166182332151458e-05, 0.0002567783027501991, 0.004064527857622124, 7.402302683930974e-06, 0.012026672889148254, 0.012026672889148254, 0.00018717042899475287, 0.00019946582858665352, 3.458682214682162e-05, 3.458682214682162e-05, 3.458682214682162e-05, 3.458682214682162e-05, 3.458682214682162e-05, 2.9923954314424055e-05, 2.5027943090394356e-05, 1.4571461976253808e-05, 4.569610475750087e-06, 8.113390028374051e-05, 0.00013132675811339256, 1.5358320922958819e-06, 0.0015033341111435317, 0.06525839181263188, 7.166182332151458e-05, 7.166182331275195e-05, 7.166182332151458e-05, 0.06525839181267656, 0.06551199353691572, 0.0002536017242345534, 1.544574969481599e-05, 1.5445749681930465e-05, 1.4571461976253808e-05, 0.026442759058681986, 3.458682214682162e-05, 3.458682214682162e-05, 3.458682214682162e-05, 3.458682214682162e-05, 3.458682214682162e-05, 2.9923954314424055e-05, 2.1857192964366834e-06, 2.5027943090394356e-05, 4.569610475750087e-06, 0.012026672889192014, 2.448005612009068e-06, 4.954297071921472e-06, 2.2848052378750434e-06, 0.06734502499999999, 0.06734502500000872, 4.662867832400455e-06, 0.0001818387470740035, 9.182935326260133e-05, 1.611603693163488e-06, 7.198302216264094e-06, 0.00013927082790488043, 3.4971508742986067e-06, 7.402302683930974e-06, 7.198302216264094e-06, 7.402302683930974e-06, 9.019414384084379e-05, 0.00010549738470799763, 7.402302683930974e-06, 0.00010549738470799763, 7.373159759980954e-05, 2.448005612009068e-06, 4.954297071921472e-06, 2.2848052378750434e-06, 7.402302683930974e-06, 1.7745126749653742e-06, 7.198302216264094e-06, 0.012277951339696468, 7.198302216264094e-06, 8.189161619479024e-05, 4.569610475750087e-06, 9.295335213233002e-05, 0.00765901882459966, 4.954297071921472e-06, 2.2848052378750434e-06, 2.1857192964366834e-06, 0.006013336444574127, 0.0001623260864149212, 2.9201209827078856e-05, 3.7885801138226594e-05, 0.0014991304386503164, 4.203672493215344e-06, 7.198302228061948e-06, 7.40230268547748e-06, 9.295335213233002e-05, 0.007143536330431202, 0.06727216769011878, 0.005923035629621154, 9.295335213233002e-05, 0.007143536330431202, 0.007143536330431202, 0.06727216769011878, 9.295335213233002e-05, 9.295335212300415e-05, 0.007143536330431202, 0.0002536017242345534, 9.295335213233002e-05, 3.7885801134507346e-05, 0.0015033341111435317, 0.0015033341111435317, 0.0015033341111435317, 0.0015033341111435317, 1.46006049001942e-05, 3.770132632917875e-05, 0.02609594106922941, 0.02642002295885959, 0.02609594106922941, 0.00013927082795817114, 0.00013927082795817114, 2.0400046766740065e-06, 0.007070679020557691, 0.0059253670635413536, 0.007070679020549989, 0.0015033341111347909, 0.00406452785759015, 2.448005612009068e-06, 1.611603694575553e-06, 0.06734502499999995, 0.00019946582861030593, 7.166182332151458e-05, 0.0015033341111435317, 0.06525839181263188, 1.544574969481599e-05, 9.295335212300415e-05, 0.026095941069266826, 0.00013927082790488043, 0.06727216769013467, 9.295335212300415e-05]","['ACSERtex', 'ACSERtpp', 'AGMtex', 'ARGAGMt7pp', 'CPPPGO', 'CHORM', 'DHORD5', 'FACOAE120', 'FADRx', 'FCLT', 'FE2tex', 'GLUCYS', 'GLUTRR', 'GLUTRS', 'GLYC3Pabcpp', 'GND', 'HMBS', 'HOMt2pp', 'GTHRDabc2pp', 'GTHRDtex', 'GTHS', 'HOMtex', 'HSDy', 'HSK', 'G1SAT', 'LYSabcpp', 'LYStex', 'P5CR', 'PAPSR', 'PDH', 'PPBNGS', 'PPND', 'PPPGO', 'PPPGO3', 'SULR', 'SO4tex', 'THRS', 'SULabcpp', 'TYRTA', 'PHEMEabcpp', 'PHEMEtiex', 'UPP3S', 'UPPDC1', 'PIuabcpp', 'VALt2rpp', 'VALtex', 'ENOPH', 'ARGDC', 'EX_acser_e', 'EX_agm_e', 'EX_fe2_e', 'EX_lys__L_e', 'EX_gthrd_e', 'EX_pheme_e', 'EX_hom__L_e', 'EX_so4_e', 'EX_val__L_e', 'PAPSSH']","['ACOAD1f', 'ACOAD2f', 'ACOAD3f', 'ACOAD4f', 'ACOAD5f', 'ACOAD6f', 'ACOATA', 'ADPT', 'ARGabcpp', 'ALATA_L2', 'AST', 'CDAPPA140', 'CDAPPA160', 'CDAPPA161', 'CYSS', 'CDAPPA181', 'DAPDC', 'DAPE', 'DCYTD', 'DHDPRy', 'DHDPS', 'FA120ACPHi', 'DRPA', 'FACOAL140t2pp', 'FACOAL181t2pp', 'DURIPP', 'ECOAH1', 'ECOAH2', 'ECOAH3', 'ECOAH4', 'ECOAH5', 'ECOAH6', 'ECOAH7', 'ECOAH8', 'EDA', 'EDD', 'FE2t3pp', 'GLUSy', 'FORtex', 'GUAPRT', 'GLYC3Ptex', 'HACD1i', 'HACD2i', 'HACD3i', 'HACD4i', 'HACD5i', 'HACD6i', 'HACD7i', 'GLYCLTDy', 'HACD8i', 'GMPR', 'GPDDA4', 'INDOLEt2pp', 'INDOLEtex', 'ICL', 'KAT1', 'ACACT11', 'ACACT8', 'ACACT13', 'ACACT10', 'ACACT9', 'LPLIPAL1G160pp', 'ACACT12', 'ACACT8r', 'LPLIPAL1A140pp', 'LPLIPAL1A160pp', 'MACPD', 'NADPHQR2', 'NADPHQR3', 'G3PGtex', 'NTD1', 'NTD10', 'G6PDA', 'NTD3', 'NTD6', 'NTD8', 'NTP3', 'P5CD', 'NTPP1', 'NTPP2', 'PA140abcpp', 'PA160abcpp', 'NTPP3', 'NTPP4', 'NTPP5', 'NTPP6', 'NTPP7', 'NTPP8', 'CTECOAI8', 'PLIPA2A160pp', 'PLIPA2G160pp', 'PPC', 'PPM2', 'PUNP2', 'PUNP4', 'PYAM5PO', 'SADH', 'SDPDS', 'SGDS', 'SGSAD', 'THDPS', 'THIORDXi', 'SOTA', 'UPPRT', 'XTSNt2rpp', 'XTSNtex', 'EX_for_e', 'PLIPA2A140pp', 'EX_g3pg_e', 'EX_glyc3p_e', 'EX_indole_e', 'EX_xtsn_e', 'SDPTA']","['DHAD1', 'ACLS', 'ACOAD7f', 'FACOAL160t2pp', 'KARA1', 'LPLIPAL1A181pp', 'PA181abcpp', 'PLIPA2A181pp', 'SERAT', 'VALTA']",LYSabcpp,DHDPRy,1.576119071974233,1,181,10,49.0,0.26315972126448267,iPC815,PSL,False,False,0.0,0.0,0.0,0.0
56,"['DHAD1', 'ACLS', 'ACOAD1f', 'ACOAD2f', 'ACOAD3f', 'ACOAD4f', 'ACOAD5f', 'ACOAD6f', 'ACOAD7f', 'ACOATA', 'ACSERtex', 'ACSERtpp', 'ADPT', 'AGMtex', 'ARGabcpp', 'ARGAGMt7pp', 'ALATA_L2', 'AST', 'CPPPGO', 'CDAPPA140', 'CDAPPA160', 'CDAPPA161', 'CYSS', 'CDAPPA181', 'CHORM', 'DAPDC', 'DAPE', 'DCYTD', 'DHDPRy', 'DHDPS', 'DHORD5', 'FA120ACPHi', 'FACOAE120', 'DRPA', 'FACOAL140t2pp', 'FACOAL160t2pp', 'FACOAL181t2pp', 'DURIPP', 'FADRx', 'FCLT', 'ECOAH1', 'ECOAH2', 'ECOAH3', 'ECOAH4', 'ECOAH5', 'ECOAH6', 'ECOAH7', 'ECOAH8', 'EDA', 'EDD', 'FE2t3pp', 'FE2tex', 'GLUCYS', 'GLUSy', 'FORtex', 'GUAPRT', 'GLUTRR', 'GLUTRS', 'GLYC3Pabcpp', 'GLYC3Ptex', 'HACD1i', 'HACD2i', 'HACD3i', 'HACD4i', 'HACD5i', 'HACD6i', 'HACD7i', 'GLYCLTDy', 'HACD8i', 'GMPR', 'GND', 'GPDDA4', 'HMBS', 'HOMt2pp', 'GTHRDabc2pp', 'GTHRDtex', 'GTHS', 'HOMtex', 'HSDy', 'HSK', 'INDOLEt2pp', 'INDOLEtex', 'ICL', 'KARA1', 'KAT1', 'ACACT11', 'ACACT8', 'ACACT13', 'ACACT10', 'ACACT9', 'LPLIPAL1G160pp', 'ACACT12', 'ACACT8r', 'G1SAT', 'LPLIPAL1A140pp', 'LPLIPAL1A160pp', 'LPLIPAL1A181pp', 'LYSabcpp', 'LYStex', 'MACPD', 'NADPHQR2', 'NADPHQR3', 'G3PGtex', 'NTD1', 'NTD10', 'G6PDA', 'NTD3', 'NTD6', 'NTD8', 'NTP3', 'P5CD', 'NTPP1', 'P5CR', 'NTPP2', 'PA140abcpp', 'PA160abcpp', 'PA181abcpp', 'NTPP3', 'NTPP4', 'NTPP5', 'NTPP6', 'NTPP7', 'NTPP8', 'CTECOAI8', 'PAPSR', 'PDH', 'PLIPA2A160pp', 'PLIPA2A181pp', 'PLIPA2G160pp', 'PPBNGS', 'PPC', 'PPM2', 'PPND', 'PPPGO', 'PPPGO3', 'PUNP2', 'PUNP4', 'PYAM5PO', 'SADH', 'SDPDS', 'SERAT', 'SULR', 'SGDS', 'SGSAD', 'THDPS', 'THIORDXi', 'SO4tex', 'SOTA', 'THRS', 'SULabcpp', 'TYRTA', 'PHEMEabcpp', 'PHEMEtiex', 'UPP3S', 'UPPDC1', 'UPPRT', 'PIuabcpp', 'VALt2rpp', 'VALTA', 'VALtex', 'XTSNt2rpp', 'XTSNtex', 'ENOPH', 'ARGDC', 'EX_acser_e', 'EX_agm_e', 'EX_fe2_e', 'EX_for_e', 'PLIPA2A140pp', 'EX_g3pg_e', 'EX_lys__L_e', 'EX_glyc3p_e', 'EX_gthrd_e', 'EX_pheme_e', 'EX_hom__L_e', 'EX_indole_e', 'EX_so4_e', 'EX_val__L_e', 'EX_xtsn_e', 'SDPTA', 'PAPSSH']","[-0.026442759058626975, -0.026442759058626975, 3.458682215295994e-05, 3.458682215295994e-05, 3.458682215295994e-05, 3.458682215295994e-05, 3.458682215295994e-05, 2.992395434375794e-05, 1.8849643197427213e-05, -4.662867809201998e-06, 0.005925367063582598, -0.0059253670635413536, 5.15829753958922e-06, 0.007070679020557691, 0.007070679020549989, -0.007070679020557691, 9.295335213233002e-05, 0.007143536330431202, -0.0015033341111435317, 2.448005612009068e-06, 4.954297071921472e-06, 2.1274334485316126e-06, 2.331433916206733e-06, 2.2848052378750434e-06, -3.7885801138226594e-05, 0.06727216769011878, 0.06727216769013467, 7.402302683930974e-06, 0.06727216769011878, 0.06727216769011878, -9.182935326260133e-05, 4.662867832397853e-06, -4.662867832397853e-06, 2.92012098003884e-05, 4.896011224018136e-06, 1.4280032736718046e-05, 4.569610475750087e-06, 1.4600604913539428e-05, -0.00022170770826100003, -0.0015033341111435317, -3.458682215295994e-05, -3.458682215295994e-05, -3.458682215295994e-05, -3.458682215295994e-05, -3.458682215295994e-05, -2.992395434375794e-05, -2.50279431384115e-05, -4.5696104962189565e-06, 0.00013132675811339256, 0.00013132675811339256, 0.0015033341111435317, -0.0015033341111347909, -7.166182332151458e-05, 0.0002567783027501991, -0.004064527857622124, 7.402302683930974e-06, -0.012026672889148254, -0.012026672889148254, -0.00018717042899475287, -0.00019946582858665352, 3.458682214682162e-05, 3.458682214682162e-05, 3.458682214682162e-05, 3.458682214682162e-05, 3.458682214682162e-05, 2.9923954314424055e-05, 2.5027943090394356e-05, 1.4571461976253808e-05, 4.569610475750087e-06, 8.113390028374051e-05, -0.00013132675811339256, 1.5358320922958819e-06, -0.0015033341111435317, -0.06525839181263188, -7.166182332151458e-05, 7.166182331275195e-05, -7.166182332151458e-05, 0.06525839181267656, 0.06551199353691572, -0.0002536017242345534, 1.544574969481599e-05, -1.5445749681930465e-05, 1.4571461976253808e-05, 0.026442759058681986, 3.458682214682162e-05, 3.458682214682162e-05, 3.458682214682162e-05, 3.458682214682162e-05, 3.458682214682162e-05, 2.9923954314424055e-05, 2.1857192964366834e-06, 2.5027943090394356e-05, 4.569610475750087e-06, -0.012026672889192014, 2.448005612009068e-06, 4.954297071921472e-06, 2.2848052378750434e-06, -0.06734502499999999, -0.06734502500000872, 4.662867832400455e-06, 0.0001818387470740035, 9.182935326260133e-05, -1.611603693163488e-06, 7.198302216264094e-06, 0.00013927082790488043, 3.4971508742986067e-06, 7.402302683930974e-06, 7.198302216264094e-06, 7.402302683930974e-06, 9.019414384084379e-05, 0.00010549738470799763, 7.402302683930974e-06, -0.00010549738470799763, 7.373159759980954e-05, 2.448005612009068e-06, 4.954297071921472e-06, 2.2848052378750434e-06, 7.402302683930974e-06, 1.7745126749653742e-06, 7.198302216264094e-06, 0.012277951339696468, 7.198302216264094e-06, 8.189161619479024e-05, 4.569610475750087e-06, -9.295335213233002e-05, -0.00765901882459966, 4.954297071921472e-06, 2.2848052378750434e-06, 2.1857192964366834e-06, -0.006013336444574127, 0.0001623260864149212, 2.9201209827078856e-05, -3.7885801138226594e-05, -0.0014991304386503164, -4.203672493215344e-06, 7.198302228061948e-06, 7.40230268547748e-06, 9.295335213233002e-05, 0.007143536330431202, 0.06727216769011878, -0.005923035629621154, -9.295335213233002e-05, 0.007143536330431202, 0.007143536330431202, 0.06727216769011878, 9.295335213233002e-05, -9.295335212300415e-05, 0.007143536330431202, -0.0002536017242345534, -9.295335213233002e-05, 3.7885801134507346e-05, -0.0015033341111435317, -0.0015033341111435317, -0.0015033341111435317, -0.0015033341111435317, 1.46006049001942e-05, -3.770132632917875e-05, 0.02609594106922941, 0.02642002295885959, 0.02609594106922941, -0.00013927082795817114, -0.00013927082795817114, -2.0400046766740065e-06, -0.007070679020557691, -0.0059253670635413536, -0.007070679020549989, 0.0015033341111347909, 0.00406452785759015, 2.448005612009068e-06, 1.611603694575553e-06, 0.06734502499999995, 0.00019946582861030593, -7.166182332151458e-05, -0.0015033341111435317, -0.06525839181263188, 1.544574969481599e-05, 9.295335212300415e-05, -0.026095941069266826, 0.00013927082790488043, -0.06727216769013467, -9.295335212300415e-05]","[0.026442759058626975, 0.026442759058626975, 3.458682215295994e-05, 3.458682215295994e-05, 3.458682215295994e-05, 3.458682215295994e-05, 3.458682215295994e-05, 2.992395434375794e-05, 1.8849643197427213e-05, 4.662867809201998e-06, 0.005925367063582598, 0.0059253670635413536, 5.15829753958922e-06, 0.007070679020557691, 0.007070679020549989, 0.007070679020557691, 9.295335213233002e-05, 0.007143536330431202, 0.0015033341111435317, 2.448005612009068e-06, 4.954297071921472e-06, 2.1274334485316126e-06, 2.331433916206733e-06, 2.2848052378750434e-06, 3.7885801138226594e-05, 0.06727216769011878, 0.06727216769013467, 7.402302683930974e-06, 0.06727216769011878, 0.06727216769011878, 9.182935326260133e-05, 4.662867832397853e-06, 4.662867832397853e-06, 2.92012098003884e-05, 4.896011224018136e-06, 1.4280032736718046e-05, 4.569610475750087e-06, 1.4600604913539428e-05, 0.00022170770826100003, 0.0015033341111435317, 3.458682215295994e-05, 3.458682215295994e-05, 3.458682215295994e-05, 3.458682215295994e-05, 3.458682215295994e-05, 2.992395434375794e-05, 2.50279431384115e-05, 4.5696104962189565e-06, 0.00013132675811339256, 0.00013132675811339256, 0.0015033341111435317, 0.0015033341111347909, 7.166182332151458e-05, 0.0002567783027501991, 0.004064527857622124, 7.402302683930974e-06, 0.012026672889148254, 0.012026672889148254, 0.00018717042899475287, 0.00019946582858665352, 3.458682214682162e-05, 3.458682214682162e-05, 3.458682214682162e-05, 3.458682214682162e-05, 3.458682214682162e-05, 2.9923954314424055e-05, 2.5027943090394356e-05, 1.4571461976253808e-05, 4.569610475750087e-06, 8.113390028374051e-05, 0.00013132675811339256, 1.5358320922958819e-06, 0.0015033341111435317, 0.06525839181263188, 7.166182332151458e-05, 7.166182331275195e-05, 7.166182332151458e-05, 0.06525839181267656, 0.06551199353691572, 0.0002536017242345534, 1.544574969481599e-05, 1.5445749681930465e-05, 1.4571461976253808e-05, 0.026442759058681986, 3.458682214682162e-05, 3.458682214682162e-05, 3.458682214682162e-05, 3.458682214682162e-05, 3.458682214682162e-05, 2.9923954314424055e-05, 2.1857192964366834e-06, 2.5027943090394356e-05, 4.569610475750087e-06, 0.012026672889192014, 2.448005612009068e-06, 4.954297071921472e-06, 2.2848052378750434e-06, 0.06734502499999999, 0.06734502500000872, 4.662867832400455e-06, 0.0001818387470740035, 9.182935326260133e-05, 1.611603693163488e-06, 7.198302216264094e-06, 0.00013927082790488043, 3.4971508742986067e-06, 7.402302683930974e-06, 7.198302216264094e-06, 7.402302683930974e-06, 9.019414384084379e-05, 0.00010549738470799763, 7.402302683930974e-06, 0.00010549738470799763, 7.373159759980954e-05, 2.448005612009068e-06, 4.954297071921472e-06, 2.2848052378750434e-06, 7.402302683930974e-06, 1.7745126749653742e-06, 7.198302216264094e-06, 0.012277951339696468, 7.198302216264094e-06, 8.189161619479024e-05, 4.569610475750087e-06, 9.295335213233002e-05, 0.00765901882459966, 4.954297071921472e-06, 2.2848052378750434e-06, 2.1857192964366834e-06, 0.006013336444574127, 0.0001623260864149212, 2.9201209827078856e-05, 3.7885801138226594e-05, 0.0014991304386503164, 4.203672493215344e-06, 7.198302228061948e-06, 7.40230268547748e-06, 9.295335213233002e-05, 0.007143536330431202, 0.06727216769011878, 0.005923035629621154, 9.295335213233002e-05, 0.007143536330431202, 0.007143536330431202, 0.06727216769011878, 9.295335213233002e-05, 9.295335212300415e-05, 0.007143536330431202, 0.0002536017242345534, 9.295335213233002e-05, 3.7885801134507346e-05, 0.0015033341111435317, 0.0015033341111435317, 0.0015033341111435317, 0.0015033341111435317, 1.46006049001942e-05, 3.770132632917875e-05, 0.02609594106922941, 0.02642002295885959, 0.02609594106922941, 0.00013927082795817114, 0.00013927082795817114, 2.0400046766740065e-06, 0.007070679020557691, 0.0059253670635413536, 0.007070679020549989, 0.0015033341111347909, 0.00406452785759015, 2.448005612009068e-06, 1.611603694575553e-06, 0.06734502499999995, 0.00019946582861030593, 7.166182332151458e-05, 0.0015033341111435317, 0.06525839181263188, 1.544574969481599e-05, 9.295335212300415e-05, 0.026095941069266826, 0.00013927082790488043, 0.06727216769013467, 9.295335212300415e-05]","['ACSERtex', 'ACSERtpp', 'AGMtex', 'ARGAGMt7pp', 'CPPPGO', 'CHORM', 'DHORD5', 'FACOAE120', 'FADRx', 'FCLT', 'FE2tex', 'GLUCYS', 'GLUTRR', 'GLUTRS', 'GLYC3Pabcpp', 'GND', 'HMBS', 'HOMt2pp', 'GTHRDabc2pp', 'GTHRDtex', 'GTHS', 'HOMtex', 'HSDy', 'HSK', 'G1SAT', 'LYSabcpp', 'LYStex', 'P5CR', 'PAPSR', 'PDH', 'PPBNGS', 'PPND', 'PPPGO', 'PPPGO3', 'SULR', 'SO4tex', 'THRS', 'SULabcpp', 'TYRTA', 'PHEMEabcpp', 'PHEMEtiex', 'UPP3S', 'UPPDC1', 'PIuabcpp', 'VALt2rpp', 'VALtex', 'ENOPH', 'ARGDC', 'EX_acser_e', 'EX_agm_e', 'EX_fe2_e', 'EX_lys__L_e', 'EX_gthrd_e', 'EX_pheme_e', 'EX_hom__L_e', 'EX_so4_e', 'EX_val__L_e', 'PAPSSH']","['ACOAD1f', 'ACOAD2f', 'ACOAD3f', 'ACOAD4f', 'ACOAD5f', 'ACOAD6f', 'ACOATA', 'ADPT', 'ARGabcpp', 'ALATA_L2', 'AST', 'CDAPPA140', 'CDAPPA160', 'CDAPPA161', 'CYSS', 'CDAPPA181', 'DAPDC', 'DAPE', 'DCYTD', 'DHDPRy', 'DHDPS', 'FA120ACPHi', 'DRPA', 'FACOAL140t2pp', 'FACOAL181t2pp', 'DURIPP', 'ECOAH1', 'ECOAH2', 'ECOAH3', 'ECOAH4', 'ECOAH5', 'ECOAH6', 'ECOAH7', 'ECOAH8', 'EDA', 'EDD', 'FE2t3pp', 'GLUSy', 'FORtex', 'GUAPRT', 'GLYC3Ptex', 'HACD1i', 'HACD2i', 'HACD3i', 'HACD4i', 'HACD5i', 'HACD6i', 'HACD7i', 'GLYCLTDy', 'HACD8i', 'GMPR', 'GPDDA4', 'INDOLEt2pp', 'INDOLEtex', 'ICL', 'KAT1', 'ACACT11', 'ACACT8', 'ACACT13', 'ACACT10', 'ACACT9', 'LPLIPAL1G160pp', 'ACACT12', 'ACACT8r', 'LPLIPAL1A140pp', 'LPLIPAL1A160pp', 'MACPD', 'NADPHQR2', 'NADPHQR3', 'G3PGtex', 'NTD1', 'NTD10', 'G6PDA', 'NTD3', 'NTD6', 'NTD8', 'NTP3', 'P5CD', 'NTPP1', 'NTPP2', 'PA140abcpp', 'PA160abcpp', 'NTPP3', 'NTPP4', 'NTPP5', 'NTPP6', 'NTPP7', 'NTPP8', 'CTECOAI8', 'PLIPA2A160pp', 'PLIPA2G160pp', 'PPC', 'PPM2', 'PUNP2', 'PUNP4', 'PYAM5PO', 'SADH', 'SDPDS', 'SGDS', 'SGSAD', 'THDPS', 'THIORDXi', 'SOTA', 'UPPRT', 'XTSNt2rpp', 'XTSNtex', 'EX_for_e', 'PLIPA2A140pp', 'EX_g3pg_e', 'EX_glyc3p_e', 'EX_indole_e', 'EX_xtsn_e', 'SDPTA']","['DHAD1', 'ACLS', 'ACOAD7f', 'FACOAL160t2pp', 'KARA1', 'LPLIPAL1A181pp', 'PA181abcpp', 'PLIPA2A181pp', 'SERAT', 'VALTA']",LYSabcpp,DHDPS,1.576119071974233,1,181,10,49.0,0.26315972126448267,iPC815,PSL,False,False,0.0,0.0,0.0,0.0
57,"['DHAD1', 'ACLS', 'ACOAD1f', 'ACOAD2f', 'ACOAD3f', 'ACOAD4f', 'ACOAD5f', 'ACOAD6f', 'ACOAD7f', 'ACOATA', 'ACSERtex', 'ACSERtpp', 'ADPT', 'AGMtex', 'ARGabcpp', 'ARGAGMt7pp', 'ALATA_L2', 'AST', 'CPPPGO', 'CDAPPA140', 'CDAPPA160', 'CDAPPA161', 'CYSS', 'CDAPPA181', 'CHORM', 'DAPDC', 'DAPE', 'DCYTD', 'DHDPRy', 'DHDPS', 'DHORD5', 'FA120ACPHi', 'FACOAE120', 'DRPA', 'FACOAL140t2pp', 'FACOAL160t2pp', 'FACOAL181t2pp', 'DURIPP', 'FADRx', 'FCLT', 'ECOAH1', 'ECOAH2', 'ECOAH3', 'ECOAH4', 'ECOAH5', 'ECOAH6', 'ECOAH7', 'ECOAH8', 'EDA', 'EDD', 'FE2t3pp', 'FE2tex', 'GLUCYS', 'GLUSy', 'FORtex', 'GUAPRT', 'GLUTRR', 'GLUTRS', 'GLYC3Pabcpp', 'GLYC3Ptex', 'HACD1i', 'HACD2i', 'HACD3i', 'HACD4i', 'HACD5i', 'HACD6i', 'HACD7i', 'GLYCLTDy', 'HACD8i', 'GMPR', 'GND', 'GPDDA4', 'HMBS', 'HOMt2pp', 'GTHRDabc2pp', 'GTHRDtex', 'GTHS', 'HOMtex', 'HSDy', 'HSK', 'INDOLEt2pp', 'INDOLEtex', 'ICL', 'KARA1', 'KAT1', 'ACACT11', 'ACACT8', 'ACACT13', 'ACACT10', 'ACACT9', 'LPLIPAL1G160pp', 'ACACT12', 'ACACT8r', 'G1SAT', 'LPLIPAL1A140pp', 'LPLIPAL1A160pp', 'LPLIPAL1A181pp', 'LYSabcpp', 'LYStex', 'MACPD', 'NADPHQR2', 'NADPHQR3', 'G3PGtex', 'NTD1', 'NTD10', 'G6PDA', 'NTD3', 'NTD6', 'NTD8', 'NTP3', 'P5CD', 'NTPP1', 'P5CR', 'NTPP2', 'PA140abcpp', 'PA160abcpp', 'PA181abcpp', 'NTPP3', 'NTPP4', 'NTPP5', 'NTPP6', 'NTPP7', 'NTPP8', 'CTECOAI8', 'PAPSR', 'PDH', 'PLIPA2A160pp', 'PLIPA2A181pp', 'PLIPA2G160pp', 'PPBNGS', 'PPC', 'PPM2', 'PPND', 'PPPGO', 'PPPGO3', 'PUNP2', 'PUNP4', 'PYAM5PO', 'SADH', 'SDPDS', 'SERAT', 'SULR', 'SGDS', 'SGSAD', 'THDPS', 'THIORDXi', 'SO4tex', 'SOTA', 'THRS', 'SULabcpp', 'TYRTA', 'PHEMEabcpp', 'PHEMEtiex', 'UPP3S', 'UPPDC1', 'UPPRT', 'PIuabcpp', 'VALt2rpp', 'VALTA', 'VALtex', 'XTSNt2rpp', 'XTSNtex', 'ENOPH', 'ARGDC', 'EX_acser_e', 'EX_agm_e', 'EX_fe2_e', 'EX_for_e', 'PLIPA2A140pp', 'EX_g3pg_e', 'EX_lys__L_e', 'EX_glyc3p_e', 'EX_gthrd_e', 'EX_pheme_e', 'EX_hom__L_e', 'EX_indole_e', 'EX_so4_e', 'EX_val__L_e', 'EX_xtsn_e', 'SDPTA', 'PAPSSH']","[-0.026442759058626975, -0.026442759058626975, 3.458682215295994e-05, 3.458682215295994e-05, 3.458682215295994e-05, 3.458682215295994e-05, 3.458682215295994e-05, 2.992395434375794e-05, 1.8849643197427213e-05, -4.662867809201998e-06, 0.005925367063582598, -0.0059253670635413536, 5.15829753958922e-06, 0.007070679020557691, 0.007070679020549989, -0.007070679020557691, 9.295335213233002e-05, 0.007143536330431202, -0.0015033341111435317, 2.448005612009068e-06, 4.954297071921472e-06, 2.1274334485316126e-06, 2.331433916206733e-06, 2.2848052378750434e-06, -3.7885801138226594e-05, 0.06727216769011878, 0.06727216769013467, 7.402302683930974e-06, 0.06727216769011878, 0.06727216769011878, -9.182935326260133e-05, 4.662867832397853e-06, -4.662867832397853e-06, 2.92012098003884e-05, 4.896011224018136e-06, 1.4280032736718046e-05, 4.569610475750087e-06, 1.4600604913539428e-05, -0.00022170770826100003, -0.0015033341111435317, -3.458682215295994e-05, -3.458682215295994e-05, -3.458682215295994e-05, -3.458682215295994e-05, -3.458682215295994e-05, -2.992395434375794e-05, -2.50279431384115e-05, -4.5696104962189565e-06, 0.00013132675811339256, 0.00013132675811339256, 0.0015033341111435317, -0.0015033341111347909, -7.166182332151458e-05, 0.0002567783027501991, -0.004064527857622124, 7.402302683930974e-06, -0.012026672889148254, -0.012026672889148254, -0.00018717042899475287, -0.00019946582858665352, 3.458682214682162e-05, 3.458682214682162e-05, 3.458682214682162e-05, 3.458682214682162e-05, 3.458682214682162e-05, 2.9923954314424055e-05, 2.5027943090394356e-05, 1.4571461976253808e-05, 4.569610475750087e-06, 8.113390028374051e-05, -0.00013132675811339256, 1.5358320922958819e-06, -0.0015033341111435317, -0.06525839181263188, -7.166182332151458e-05, 7.166182331275195e-05, -7.166182332151458e-05, 0.06525839181267656, 0.06551199353691572, -0.0002536017242345534, 1.544574969481599e-05, -1.5445749681930465e-05, 1.4571461976253808e-05, 0.026442759058681986, 3.458682214682162e-05, 3.458682214682162e-05, 3.458682214682162e-05, 3.458682214682162e-05, 3.458682214682162e-05, 2.9923954314424055e-05, 2.1857192964366834e-06, 2.5027943090394356e-05, 4.569610475750087e-06, -0.012026672889192014, 2.448005612009068e-06, 4.954297071921472e-06, 2.2848052378750434e-06, -0.06734502499999999, -0.06734502500000872, 4.662867832400455e-06, 0.0001818387470740035, 9.182935326260133e-05, -1.611603693163488e-06, 7.198302216264094e-06, 0.00013927082790488043, 3.4971508742986067e-06, 7.402302683930974e-06, 7.198302216264094e-06, 7.402302683930974e-06, 9.019414384084379e-05, 0.00010549738470799763, 7.402302683930974e-06, -0.00010549738470799763, 7.373159759980954e-05, 2.448005612009068e-06, 4.954297071921472e-06, 2.2848052378750434e-06, 7.402302683930974e-06, 1.7745126749653742e-06, 7.198302216264094e-06, 0.012277951339696468, 7.198302216264094e-06, 8.189161619479024e-05, 4.569610475750087e-06, -9.295335213233002e-05, -0.00765901882459966, 4.954297071921472e-06, 2.2848052378750434e-06, 2.1857192964366834e-06, -0.006013336444574127, 0.0001623260864149212, 2.9201209827078856e-05, -3.7885801138226594e-05, -0.0014991304386503164, -4.203672493215344e-06, 7.198302228061948e-06, 7.40230268547748e-06, 9.295335213233002e-05, 0.007143536330431202, 0.06727216769011878, -0.005923035629621154, -9.295335213233002e-05, 0.007143536330431202, 0.007143536330431202, 0.06727216769011878, 9.295335213233002e-05, -9.295335212300415e-05, 0.007143536330431202, -0.0002536017242345534, -9.295335213233002e-05, 3.7885801134507346e-05, -0.0015033341111435317, -0.0015033341111435317, -0.0015033341111435317, -0.0015033341111435317, 1.46006049001942e-05, -3.770132632917875e-05, 0.02609594106922941, 0.02642002295885959, 0.02609594106922941, -0.00013927082795817114, -0.00013927082795817114, -2.0400046766740065e-06, -0.007070679020557691, -0.0059253670635413536, -0.007070679020549989, 0.0015033341111347909, 0.00406452785759015, 2.448005612009068e-06, 1.611603694575553e-06, 0.06734502499999995, 0.00019946582861030593, -7.166182332151458e-05, -0.0015033341111435317, -0.06525839181263188, 1.544574969481599e-05, 9.295335212300415e-05, -0.026095941069266826, 0.00013927082790488043, -0.06727216769013467, -9.295335212300415e-05]","[0.026442759058626975, 0.026442759058626975, 3.458682215295994e-05, 3.458682215295994e-05, 3.458682215295994e-05, 3.458682215295994e-05, 3.458682215295994e-05, 2.992395434375794e-05, 1.8849643197427213e-05, 4.662867809201998e-06, 0.005925367063582598, 0.0059253670635413536, 5.15829753958922e-06, 0.007070679020557691, 0.007070679020549989, 0.007070679020557691, 9.295335213233002e-05, 0.007143536330431202, 0.0015033341111435317, 2.448005612009068e-06, 4.954297071921472e-06, 2.1274334485316126e-06, 2.331433916206733e-06, 2.2848052378750434e-06, 3.7885801138226594e-05, 0.06727216769011878, 0.06727216769013467, 7.402302683930974e-06, 0.06727216769011878, 0.06727216769011878, 9.182935326260133e-05, 4.662867832397853e-06, 4.662867832397853e-06, 2.92012098003884e-05, 4.896011224018136e-06, 1.4280032736718046e-05, 4.569610475750087e-06, 1.4600604913539428e-05, 0.00022170770826100003, 0.0015033341111435317, 3.458682215295994e-05, 3.458682215295994e-05, 3.458682215295994e-05, 3.458682215295994e-05, 3.458682215295994e-05, 2.992395434375794e-05, 2.50279431384115e-05, 4.5696104962189565e-06, 0.00013132675811339256, 0.00013132675811339256, 0.0015033341111435317, 0.0015033341111347909, 7.166182332151458e-05, 0.0002567783027501991, 0.004064527857622124, 7.402302683930974e-06, 0.012026672889148254, 0.012026672889148254, 0.00018717042899475287, 0.00019946582858665352, 3.458682214682162e-05, 3.458682214682162e-05, 3.458682214682162e-05, 3.458682214682162e-05, 3.458682214682162e-05, 2.9923954314424055e-05, 2.5027943090394356e-05, 1.4571461976253808e-05, 4.569610475750087e-06, 8.113390028374051e-05, 0.00013132675811339256, 1.5358320922958819e-06, 0.0015033341111435317, 0.06525839181263188, 7.166182332151458e-05, 7.166182331275195e-05, 7.166182332151458e-05, 0.06525839181267656, 0.06551199353691572, 0.0002536017242345534, 1.544574969481599e-05, 1.5445749681930465e-05, 1.4571461976253808e-05, 0.026442759058681986, 3.458682214682162e-05, 3.458682214682162e-05, 3.458682214682162e-05, 3.458682214682162e-05, 3.458682214682162e-05, 2.9923954314424055e-05, 2.1857192964366834e-06, 2.5027943090394356e-05, 4.569610475750087e-06, 0.012026672889192014, 2.448005612009068e-06, 4.954297071921472e-06, 2.2848052378750434e-06, 0.06734502499999999, 0.06734502500000872, 4.662867832400455e-06, 0.0001818387470740035, 9.182935326260133e-05, 1.611603693163488e-06, 7.198302216264094e-06, 0.00013927082790488043, 3.4971508742986067e-06, 7.402302683930974e-06, 7.198302216264094e-06, 7.402302683930974e-06, 9.019414384084379e-05, 0.00010549738470799763, 7.402302683930974e-06, 0.00010549738470799763, 7.373159759980954e-05, 2.448005612009068e-06, 4.954297071921472e-06, 2.2848052378750434e-06, 7.402302683930974e-06, 1.7745126749653742e-06, 7.198302216264094e-06, 0.012277951339696468, 7.198302216264094e-06, 8.189161619479024e-05, 4.569610475750087e-06, 9.295335213233002e-05, 0.00765901882459966, 4.954297071921472e-06, 2.2848052378750434e-06, 2.1857192964366834e-06, 0.006013336444574127, 0.0001623260864149212, 2.9201209827078856e-05, 3.7885801138226594e-05, 0.0014991304386503164, 4.203672493215344e-06, 7.198302228061948e-06, 7.40230268547748e-06, 9.295335213233002e-05, 0.007143536330431202, 0.06727216769011878, 0.005923035629621154, 9.295335213233002e-05, 0.007143536330431202, 0.007143536330431202, 0.06727216769011878, 9.295335213233002e-05, 9.295335212300415e-05, 0.007143536330431202, 0.0002536017242345534, 9.295335213233002e-05, 3.7885801134507346e-05, 0.0015033341111435317, 0.0015033341111435317, 0.0015033341111435317, 0.0015033341111435317, 1.46006049001942e-05, 3.770132632917875e-05, 0.02609594106922941, 0.02642002295885959, 0.02609594106922941, 0.00013927082795817114, 0.00013927082795817114, 2.0400046766740065e-06, 0.007070679020557691, 0.0059253670635413536, 0.007070679020549989, 0.0015033341111347909, 0.00406452785759015, 2.448005612009068e-06, 1.611603694575553e-06, 0.06734502499999995, 0.00019946582861030593, 7.166182332151458e-05, 0.0015033341111435317, 0.06525839181263188, 1.544574969481599e-05, 9.295335212300415e-05, 0.026095941069266826, 0.00013927082790488043, 0.06727216769013467, 9.295335212300415e-05]","['ACSERtex', 'ACSERtpp', 'AGMtex', 'ARGAGMt7pp', 'CPPPGO', 'CHORM', 'DHORD5', 'FACOAE120', 'FADRx', 'FCLT', 'FE2tex', 'GLUCYS', 'GLUTRR', 'GLUTRS', 'GLYC3Pabcpp', 'GND', 'HMBS', 'HOMt2pp', 'GTHRDabc2pp', 'GTHRDtex', 'GTHS', 'HOMtex', 'HSDy', 'HSK', 'G1SAT', 'LYSabcpp', 'LYStex', 'P5CR', 'PAPSR', 'PDH', 'PPBNGS', 'PPND', 'PPPGO', 'PPPGO3', 'SULR', 'SO4tex', 'THRS', 'SULabcpp', 'TYRTA', 'PHEMEabcpp', 'PHEMEtiex', 'UPP3S', 'UPPDC1', 'PIuabcpp', 'VALt2rpp', 'VALtex', 'ENOPH', 'ARGDC', 'EX_acser_e', 'EX_agm_e', 'EX_fe2_e', 'EX_lys__L_e', 'EX_gthrd_e', 'EX_pheme_e', 'EX_hom__L_e', 'EX_so4_e', 'EX_val__L_e', 'PAPSSH']","['ACOAD1f', 'ACOAD2f', 'ACOAD3f', 'ACOAD4f', 'ACOAD5f', 'ACOAD6f', 'ACOATA', 'ADPT', 'ARGabcpp', 'ALATA_L2', 'AST', 'CDAPPA140', 'CDAPPA160', 'CDAPPA161', 'CYSS', 'CDAPPA181', 'DAPDC', 'DAPE', 'DCYTD', 'DHDPRy', 'DHDPS', 'FA120ACPHi', 'DRPA', 'FACOAL140t2pp', 'FACOAL181t2pp', 'DURIPP', 'ECOAH1', 'ECOAH2', 'ECOAH3', 'ECOAH4', 'ECOAH5', 'ECOAH6', 'ECOAH7', 'ECOAH8', 'EDA', 'EDD', 'FE2t3pp', 'GLUSy', 'FORtex', 'GUAPRT', 'GLYC3Ptex', 'HACD1i', 'HACD2i', 'HACD3i', 'HACD4i', 'HACD5i', 'HACD6i', 'HACD7i', 'GLYCLTDy', 'HACD8i', 'GMPR', 'GPDDA4', 'INDOLEt2pp', 'INDOLEtex', 'ICL', 'KAT1', 'ACACT11', 'ACACT8', 'ACACT13', 'ACACT10', 'ACACT9', 'LPLIPAL1G160pp', 'ACACT12', 'ACACT8r', 'LPLIPAL1A140pp', 'LPLIPAL1A160pp', 'MACPD', 'NADPHQR2', 'NADPHQR3', 'G3PGtex', 'NTD1', 'NTD10', 'G6PDA', 'NTD3', 'NTD6', 'NTD8', 'NTP3', 'P5CD', 'NTPP1', 'NTPP2', 'PA140abcpp', 'PA160abcpp', 'NTPP3', 'NTPP4', 'NTPP5', 'NTPP6', 'NTPP7', 'NTPP8', 'CTECOAI8', 'PLIPA2A160pp', 'PLIPA2G160pp', 'PPC', 'PPM2', 'PUNP2', 'PUNP4', 'PYAM5PO', 'SADH', 'SDPDS', 'SGDS', 'SGSAD', 'THDPS', 'THIORDXi', 'SOTA', 'UPPRT', 'XTSNt2rpp', 'XTSNtex', 'EX_for_e', 'PLIPA2A140pp', 'EX_g3pg_e', 'EX_glyc3p_e', 'EX_indole_e', 'EX_xtsn_e', 'SDPTA']","['DHAD1', 'ACLS', 'ACOAD7f', 'FACOAL160t2pp', 'KARA1', 'LPLIPAL1A181pp', 'PA181abcpp', 'PLIPA2A181pp', 'SERAT', 'VALTA']",LYSabcpp,SDPDS,1.576119071974233,1,181,10,49.0,0.26315972126448267,iPC815,PSL,False,False,0.0,0.0,0.0,0.0
58,"['DHAD1', 'ACLS', 'ACOAD1f', 'ACOAD2f', 'ACOAD3f', 'ACOAD4f', 'ACOAD5f', 'ACOAD6f', 'ACOAD7f', 'ACOATA', 'ACSERtex', 'ACSERtpp', 'ADPT', 'AGMtex', 'ARGabcpp', 'ARGAGMt7pp', 'ALATA_L2', 'AST', 'CPPPGO', 'CDAPPA140', 'CDAPPA160', 'CDAPPA161', 'CYSS', 'CDAPPA181', 'CHORM', 'DAPDC', 'DAPE', 'DCYTD', 'DHDPRy', 'DHDPS', 'DHORD5', 'FA120ACPHi', 'FACOAE120', 'DRPA', 'FACOAL140t2pp', 'FACOAL160t2pp', 'FACOAL181t2pp', 'DURIPP', 'FADRx', 'FCLT', 'ECOAH1', 'ECOAH2', 'ECOAH3', 'ECOAH4', 'ECOAH5', 'ECOAH6', 'ECOAH7', 'ECOAH8', 'EDA', 'EDD', 'FE2t3pp', 'FE2tex', 'GLUCYS', 'GLUSy', 'FORtex', 'GUAPRT', 'GLUTRR', 'GLUTRS', 'GLYC3Pabcpp', 'GLYC3Ptex', 'HACD1i', 'HACD2i', 'HACD3i', 'HACD4i', 'HACD5i', 'HACD6i', 'HACD7i', 'GLYCLTDy', 'HACD8i', 'GMPR', 'GND', 'GPDDA4', 'HMBS', 'HOMt2pp', 'GTHRDabc2pp', 'GTHRDtex', 'GTHS', 'HOMtex', 'HSDy', 'HSK', 'INDOLEt2pp', 'INDOLEtex', 'ICL', 'KARA1', 'KAT1', 'ACACT11', 'ACACT8', 'ACACT13', 'ACACT10', 'ACACT9', 'LPLIPAL1G160pp', 'ACACT12', 'ACACT8r', 'G1SAT', 'LPLIPAL1A140pp', 'LPLIPAL1A160pp', 'LPLIPAL1A181pp', 'LYSabcpp', 'LYStex', 'MACPD', 'NADPHQR2', 'NADPHQR3', 'G3PGtex', 'NTD1', 'NTD10', 'G6PDA', 'NTD3', 'NTD6', 'NTD8', 'NTP3', 'P5CD', 'NTPP1', 'P5CR', 'NTPP2', 'PA140abcpp', 'PA160abcpp', 'PA181abcpp', 'NTPP3', 'NTPP4', 'NTPP5', 'NTPP6', 'NTPP7', 'NTPP8', 'CTECOAI8', 'PAPSR', 'PDH', 'PLIPA2A160pp', 'PLIPA2A181pp', 'PLIPA2G160pp', 'PPBNGS', 'PPC', 'PPM2', 'PPND', 'PPPGO', 'PPPGO3', 'PUNP2', 'PUNP4', 'PYAM5PO', 'SADH', 'SDPDS', 'SERAT', 'SULR', 'SGDS', 'SGSAD', 'THDPS', 'THIORDXi', 'SO4tex', 'SOTA', 'THRS', 'SULabcpp', 'TYRTA', 'PHEMEabcpp', 'PHEMEtiex', 'UPP3S', 'UPPDC1', 'UPPRT', 'PIuabcpp', 'VALt2rpp', 'VALTA', 'VALtex', 'XTSNt2rpp', 'XTSNtex', 'ENOPH', 'ARGDC', 'EX_acser_e', 'EX_agm_e', 'EX_fe2_e', 'EX_for_e', 'PLIPA2A140pp', 'EX_g3pg_e', 'EX_lys__L_e', 'EX_glyc3p_e', 'EX_gthrd_e', 'EX_pheme_e', 'EX_hom__L_e', 'EX_indole_e', 'EX_so4_e', 'EX_val__L_e', 'EX_xtsn_e', 'SDPTA', 'PAPSSH']","[-0.026442759058626975, -0.026442759058626975, 3.458682215295994e-05, 3.458682215295994e-05, 3.458682215295994e-05, 3.458682215295994e-05, 3.458682215295994e-05, 2.992395434375794e-05, 1.8849643197427213e-05, -4.662867809201998e-06, 0.005925367063582598, -0.0059253670635413536, 5.15829753958922e-06, 0.007070679020557691, 0.007070679020549989, -0.007070679020557691, 9.295335213233002e-05, 0.007143536330431202, -0.0015033341111435317, 2.448005612009068e-06, 4.954297071921472e-06, 2.1274334485316126e-06, 2.331433916206733e-06, 2.2848052378750434e-06, -3.7885801138226594e-05, 0.06727216769011878, 0.06727216769013467, 7.402302683930974e-06, 0.06727216769011878, 0.06727216769011878, -9.182935326260133e-05, 4.662867832397853e-06, -4.662867832397853e-06, 2.92012098003884e-05, 4.896011224018136e-06, 1.4280032736718046e-05, 4.569610475750087e-06, 1.4600604913539428e-05, -0.00022170770826100003, -0.0015033341111435317, -3.458682215295994e-05, -3.458682215295994e-05, -3.458682215295994e-05, -3.458682215295994e-05, -3.458682215295994e-05, -2.992395434375794e-05, -2.50279431384115e-05, -4.5696104962189565e-06, 0.00013132675811339256, 0.00013132675811339256, 0.0015033341111435317, -0.0015033341111347909, -7.166182332151458e-05, 0.0002567783027501991, -0.004064527857622124, 7.402302683930974e-06, -0.012026672889148254, -0.012026672889148254, -0.00018717042899475287, -0.00019946582858665352, 3.458682214682162e-05, 3.458682214682162e-05, 3.458682214682162e-05, 3.458682214682162e-05, 3.458682214682162e-05, 2.9923954314424055e-05, 2.5027943090394356e-05, 1.4571461976253808e-05, 4.569610475750087e-06, 8.113390028374051e-05, -0.00013132675811339256, 1.5358320922958819e-06, -0.0015033341111435317, -0.06525839181263188, -7.166182332151458e-05, 7.166182331275195e-05, -7.166182332151458e-05, 0.06525839181267656, 0.06551199353691572, -0.0002536017242345534, 1.544574969481599e-05, -1.5445749681930465e-05, 1.4571461976253808e-05, 0.026442759058681986, 3.458682214682162e-05, 3.458682214682162e-05, 3.458682214682162e-05, 3.458682214682162e-05, 3.458682214682162e-05, 2.9923954314424055e-05, 2.1857192964366834e-06, 2.5027943090394356e-05, 4.569610475750087e-06, -0.012026672889192014, 2.448005612009068e-06, 4.954297071921472e-06, 2.2848052378750434e-06, -0.06734502499999999, -0.06734502500000872, 4.662867832400455e-06, 0.0001818387470740035, 9.182935326260133e-05, -1.611603693163488e-06, 7.198302216264094e-06, 0.00013927082790488043, 3.4971508742986067e-06, 7.402302683930974e-06, 7.198302216264094e-06, 7.402302683930974e-06, 9.019414384084379e-05, 0.00010549738470799763, 7.402302683930974e-06, -0.00010549738470799763, 7.373159759980954e-05, 2.448005612009068e-06, 4.954297071921472e-06, 2.2848052378750434e-06, 7.402302683930974e-06, 1.7745126749653742e-06, 7.198302216264094e-06, 0.012277951339696468, 7.198302216264094e-06, 8.189161619479024e-05, 4.569610475750087e-06, -9.295335213233002e-05, -0.00765901882459966, 4.954297071921472e-06, 2.2848052378750434e-06, 2.1857192964366834e-06, -0.006013336444574127, 0.0001623260864149212, 2.9201209827078856e-05, -3.7885801138226594e-05, -0.0014991304386503164, -4.203672493215344e-06, 7.198302228061948e-06, 7.40230268547748e-06, 9.295335213233002e-05, 0.007143536330431202, 0.06727216769011878, -0.005923035629621154, -9.295335213233002e-05, 0.007143536330431202, 0.007143536330431202, 0.06727216769011878, 9.295335213233002e-05, -9.295335212300415e-05, 0.007143536330431202, -0.0002536017242345534, -9.295335213233002e-05, 3.7885801134507346e-05, -0.0015033341111435317, -0.0015033341111435317, -0.0015033341111435317, -0.0015033341111435317, 1.46006049001942e-05, -3.770132632917875e-05, 0.02609594106922941, 0.02642002295885959, 0.02609594106922941, -0.00013927082795817114, -0.00013927082795817114, -2.0400046766740065e-06, -0.007070679020557691, -0.0059253670635413536, -0.007070679020549989, 0.0015033341111347909, 0.00406452785759015, 2.448005612009068e-06, 1.611603694575553e-06, 0.06734502499999995, 0.00019946582861030593, -7.166182332151458e-05, -0.0015033341111435317, -0.06525839181263188, 1.544574969481599e-05, 9.295335212300415e-05, -0.026095941069266826, 0.00013927082790488043, -0.06727216769013467, -9.295335212300415e-05]","[0.026442759058626975, 0.026442759058626975, 3.458682215295994e-05, 3.458682215295994e-05, 3.458682215295994e-05, 3.458682215295994e-05, 3.458682215295994e-05, 2.992395434375794e-05, 1.8849643197427213e-05, 4.662867809201998e-06, 0.005925367063582598, 0.0059253670635413536, 5.15829753958922e-06, 0.007070679020557691, 0.007070679020549989, 0.007070679020557691, 9.295335213233002e-05, 0.007143536330431202, 0.0015033341111435317, 2.448005612009068e-06, 4.954297071921472e-06, 2.1274334485316126e-06, 2.331433916206733e-06, 2.2848052378750434e-06, 3.7885801138226594e-05, 0.06727216769011878, 0.06727216769013467, 7.402302683930974e-06, 0.06727216769011878, 0.06727216769011878, 9.182935326260133e-05, 4.662867832397853e-06, 4.662867832397853e-06, 2.92012098003884e-05, 4.896011224018136e-06, 1.4280032736718046e-05, 4.569610475750087e-06, 1.4600604913539428e-05, 0.00022170770826100003, 0.0015033341111435317, 3.458682215295994e-05, 3.458682215295994e-05, 3.458682215295994e-05, 3.458682215295994e-05, 3.458682215295994e-05, 2.992395434375794e-05, 2.50279431384115e-05, 4.5696104962189565e-06, 0.00013132675811339256, 0.00013132675811339256, 0.0015033341111435317, 0.0015033341111347909, 7.166182332151458e-05, 0.0002567783027501991, 0.004064527857622124, 7.402302683930974e-06, 0.012026672889148254, 0.012026672889148254, 0.00018717042899475287, 0.00019946582858665352, 3.458682214682162e-05, 3.458682214682162e-05, 3.458682214682162e-05, 3.458682214682162e-05, 3.458682214682162e-05, 2.9923954314424055e-05, 2.5027943090394356e-05, 1.4571461976253808e-05, 4.569610475750087e-06, 8.113390028374051e-05, 0.00013132675811339256, 1.5358320922958819e-06, 0.0015033341111435317, 0.06525839181263188, 7.166182332151458e-05, 7.166182331275195e-05, 7.166182332151458e-05, 0.06525839181267656, 0.06551199353691572, 0.0002536017242345534, 1.544574969481599e-05, 1.5445749681930465e-05, 1.4571461976253808e-05, 0.026442759058681986, 3.458682214682162e-05, 3.458682214682162e-05, 3.458682214682162e-05, 3.458682214682162e-05, 3.458682214682162e-05, 2.9923954314424055e-05, 2.1857192964366834e-06, 2.5027943090394356e-05, 4.569610475750087e-06, 0.012026672889192014, 2.448005612009068e-06, 4.954297071921472e-06, 2.2848052378750434e-06, 0.06734502499999999, 0.06734502500000872, 4.662867832400455e-06, 0.0001818387470740035, 9.182935326260133e-05, 1.611603693163488e-06, 7.198302216264094e-06, 0.00013927082790488043, 3.4971508742986067e-06, 7.402302683930974e-06, 7.198302216264094e-06, 7.402302683930974e-06, 9.019414384084379e-05, 0.00010549738470799763, 7.402302683930974e-06, 0.00010549738470799763, 7.373159759980954e-05, 2.448005612009068e-06, 4.954297071921472e-06, 2.2848052378750434e-06, 7.402302683930974e-06, 1.7745126749653742e-06, 7.198302216264094e-06, 0.012277951339696468, 7.198302216264094e-06, 8.189161619479024e-05, 4.569610475750087e-06, 9.295335213233002e-05, 0.00765901882459966, 4.954297071921472e-06, 2.2848052378750434e-06, 2.1857192964366834e-06, 0.006013336444574127, 0.0001623260864149212, 2.9201209827078856e-05, 3.7885801138226594e-05, 0.0014991304386503164, 4.203672493215344e-06, 7.198302228061948e-06, 7.40230268547748e-06, 9.295335213233002e-05, 0.007143536330431202, 0.06727216769011878, 0.005923035629621154, 9.295335213233002e-05, 0.007143536330431202, 0.007143536330431202, 0.06727216769011878, 9.295335213233002e-05, 9.295335212300415e-05, 0.007143536330431202, 0.0002536017242345534, 9.295335213233002e-05, 3.7885801134507346e-05, 0.0015033341111435317, 0.0015033341111435317, 0.0015033341111435317, 0.0015033341111435317, 1.46006049001942e-05, 3.770132632917875e-05, 0.02609594106922941, 0.02642002295885959, 0.02609594106922941, 0.00013927082795817114, 0.00013927082795817114, 2.0400046766740065e-06, 0.007070679020557691, 0.0059253670635413536, 0.007070679020549989, 0.0015033341111347909, 0.00406452785759015, 2.448005612009068e-06, 1.611603694575553e-06, 0.06734502499999995, 0.00019946582861030593, 7.166182332151458e-05, 0.0015033341111435317, 0.06525839181263188, 1.544574969481599e-05, 9.295335212300415e-05, 0.026095941069266826, 0.00013927082790488043, 0.06727216769013467, 9.295335212300415e-05]","['ACSERtex', 'ACSERtpp', 'AGMtex', 'ARGAGMt7pp', 'CPPPGO', 'CHORM', 'DHORD5', 'FACOAE120', 'FADRx', 'FCLT', 'FE2tex', 'GLUCYS', 'GLUTRR', 'GLUTRS', 'GLYC3Pabcpp', 'GND', 'HMBS', 'HOMt2pp', 'GTHRDabc2pp', 'GTHRDtex', 'GTHS', 'HOMtex', 'HSDy', 'HSK', 'G1SAT', 'LYSabcpp', 'LYStex', 'P5CR', 'PAPSR', 'PDH', 'PPBNGS', 'PPND', 'PPPGO', 'PPPGO3', 'SULR', 'SO4tex', 'THRS', 'SULabcpp', 'TYRTA', 'PHEMEabcpp', 'PHEMEtiex', 'UPP3S', 'UPPDC1', 'PIuabcpp', 'VALt2rpp', 'VALtex', 'ENOPH', 'ARGDC', 'EX_acser_e', 'EX_agm_e', 'EX_fe2_e', 'EX_lys__L_e', 'EX_gthrd_e', 'EX_pheme_e', 'EX_hom__L_e', 'EX_so4_e', 'EX_val__L_e', 'PAPSSH']","['ACOAD1f', 'ACOAD2f', 'ACOAD3f', 'ACOAD4f', 'ACOAD5f', 'ACOAD6f', 'ACOATA', 'ADPT', 'ARGabcpp', 'ALATA_L2', 'AST', 'CDAPPA140', 'CDAPPA160', 'CDAPPA161', 'CYSS', 'CDAPPA181', 'DAPDC', 'DAPE', 'DCYTD', 'DHDPRy', 'DHDPS', 'FA120ACPHi', 'DRPA', 'FACOAL140t2pp', 'FACOAL181t2pp', 'DURIPP', 'ECOAH1', 'ECOAH2', 'ECOAH3', 'ECOAH4', 'ECOAH5', 'ECOAH6', 'ECOAH7', 'ECOAH8', 'EDA', 'EDD', 'FE2t3pp', 'GLUSy', 'FORtex', 'GUAPRT', 'GLYC3Ptex', 'HACD1i', 'HACD2i', 'HACD3i', 'HACD4i', 'HACD5i', 'HACD6i', 'HACD7i', 'GLYCLTDy', 'HACD8i', 'GMPR', 'GPDDA4', 'INDOLEt2pp', 'INDOLEtex', 'ICL', 'KAT1', 'ACACT11', 'ACACT8', 'ACACT13', 'ACACT10', 'ACACT9', 'LPLIPAL1G160pp', 'ACACT12', 'ACACT8r', 'LPLIPAL1A140pp', 'LPLIPAL1A160pp', 'MACPD', 'NADPHQR2', 'NADPHQR3', 'G3PGtex', 'NTD1', 'NTD10', 'G6PDA', 'NTD3', 'NTD6', 'NTD8', 'NTP3', 'P5CD', 'NTPP1', 'NTPP2', 'PA140abcpp', 'PA160abcpp', 'NTPP3', 'NTPP4', 'NTPP5', 'NTPP6', 'NTPP7', 'NTPP8', 'CTECOAI8', 'PLIPA2A160pp', 'PLIPA2G160pp', 'PPC', 'PPM2', 'PUNP2', 'PUNP4', 'PYAM5PO', 'SADH', 'SDPDS', 'SGDS', 'SGSAD', 'THDPS', 'THIORDXi', 'SOTA', 'UPPRT', 'XTSNt2rpp', 'XTSNtex', 'EX_for_e', 'PLIPA2A140pp', 'EX_g3pg_e', 'EX_glyc3p_e', 'EX_indole_e', 'EX_xtsn_e', 'SDPTA']","['DHAD1', 'ACLS', 'ACOAD7f', 'FACOAL160t2pp', 'KARA1', 'LPLIPAL1A181pp', 'PA181abcpp', 'PLIPA2A181pp', 'SERAT', 'VALTA']",LYSabcpp,THDPS,1.576119071974233,1,181,10,49.0,0.26315972126448267,iPC815,PSL,False,False,0.0,0.0,0.0,0.0
59,"['DHAD1', 'ACLS', 'ACOAD1f', 'ACOAD2f', 'ACOAD3f', 'ACOAD4f', 'ACOAD5f', 'ACOAD6f', 'ACOAD7f', 'ACOATA', 'ACSERtex', 'ACSERtpp', 'ADPT', 'AGMtex', 'ARGabcpp', 'ARGAGMt7pp', 'ALATA_L2', 'AST', 'CPPPGO', 'CDAPPA140', 'CDAPPA160', 'CDAPPA161', 'CYSS', 'CDAPPA181', 'CHORM', 'DAPDC', 'DAPE', 'DCYTD', 'DHDPRy', 'DHDPS', 'DHORD5', 'FA120ACPHi', 'FACOAE120', 'DRPA', 'FACOAL140t2pp', 'FACOAL160t2pp', 'FACOAL181t2pp', 'DURIPP', 'FADRx', 'FCLT', 'ECOAH1', 'ECOAH2', 'ECOAH3', 'ECOAH4', 'ECOAH5', 'ECOAH6', 'ECOAH7', 'ECOAH8', 'EDA', 'EDD', 'FE2t3pp', 'FE2tex', 'GLUCYS', 'GLUSy', 'FORtex', 'GUAPRT', 'GLUTRR', 'GLUTRS', 'GLYC3Pabcpp', 'GLYC3Ptex', 'HACD1i', 'HACD2i', 'HACD3i', 'HACD4i', 'HACD5i', 'HACD6i', 'HACD7i', 'GLYCLTDy', 'HACD8i', 'GMPR', 'GND', 'GPDDA4', 'HMBS', 'HOMt2pp', 'GTHRDabc2pp', 'GTHRDtex', 'GTHS', 'HOMtex', 'HSDy', 'HSK', 'INDOLEt2pp', 'INDOLEtex', 'ICL', 'KARA1', 'KAT1', 'ACACT11', 'ACACT8', 'ACACT13', 'ACACT10', 'ACACT9', 'LPLIPAL1G160pp', 'ACACT12', 'ACACT8r', 'G1SAT', 'LPLIPAL1A140pp', 'LPLIPAL1A160pp', 'LPLIPAL1A181pp', 'LYSabcpp', 'LYStex', 'MACPD', 'NADPHQR2', 'NADPHQR3', 'G3PGtex', 'NTD1', 'NTD10', 'G6PDA', 'NTD3', 'NTD6', 'NTD8', 'NTP3', 'P5CD', 'NTPP1', 'P5CR', 'NTPP2', 'PA140abcpp', 'PA160abcpp', 'PA181abcpp', 'NTPP3', 'NTPP4', 'NTPP5', 'NTPP6', 'NTPP7', 'NTPP8', 'CTECOAI8', 'PAPSR', 'PDH', 'PLIPA2A160pp', 'PLIPA2A181pp', 'PLIPA2G160pp', 'PPBNGS', 'PPC', 'PPM2', 'PPND', 'PPPGO', 'PPPGO3', 'PUNP2', 'PUNP4', 'PYAM5PO', 'SADH', 'SDPDS', 'SERAT', 'SULR', 'SGDS', 'SGSAD', 'THDPS', 'THIORDXi', 'SO4tex', 'SOTA', 'THRS', 'SULabcpp', 'TYRTA', 'PHEMEabcpp', 'PHEMEtiex', 'UPP3S', 'UPPDC1', 'UPPRT', 'PIuabcpp', 'VALt2rpp', 'VALTA', 'VALtex', 'XTSNt2rpp', 'XTSNtex', 'ENOPH', 'ARGDC', 'EX_acser_e', 'EX_agm_e', 'EX_fe2_e', 'EX_for_e', 'PLIPA2A140pp', 'EX_g3pg_e', 'EX_lys__L_e', 'EX_glyc3p_e', 'EX_gthrd_e', 'EX_pheme_e', 'EX_hom__L_e', 'EX_indole_e', 'EX_so4_e', 'EX_val__L_e', 'EX_xtsn_e', 'SDPTA', 'PAPSSH']","[-0.026442759058626975, -0.026442759058626975, 3.458682215295994e-05, 3.458682215295994e-05, 3.458682215295994e-05, 3.458682215295994e-05, 3.458682215295994e-05, 2.992395434375794e-05, 1.8849643197427213e-05, -4.662867809201998e-06, 0.005925367063582598, -0.0059253670635413536, 5.15829753958922e-06, 0.007070679020557691, 0.007070679020549989, -0.007070679020557691, 9.295335213233002e-05, 0.007143536330431202, -0.0015033341111435317, 2.448005612009068e-06, 4.954297071921472e-06, 2.1274334485316126e-06, 2.331433916206733e-06, 2.2848052378750434e-06, -3.7885801138226594e-05, 0.06727216769011878, 0.06727216769013467, 7.402302683930974e-06, 0.06727216769011878, 0.06727216769011878, -9.182935326260133e-05, 4.662867832397853e-06, -4.662867832397853e-06, 2.92012098003884e-05, 4.896011224018136e-06, 1.4280032736718046e-05, 4.569610475750087e-06, 1.4600604913539428e-05, -0.00022170770826100003, -0.0015033341111435317, -3.458682215295994e-05, -3.458682215295994e-05, -3.458682215295994e-05, -3.458682215295994e-05, -3.458682215295994e-05, -2.992395434375794e-05, -2.50279431384115e-05, -4.5696104962189565e-06, 0.00013132675811339256, 0.00013132675811339256, 0.0015033341111435317, -0.0015033341111347909, -7.166182332151458e-05, 0.0002567783027501991, -0.004064527857622124, 7.402302683930974e-06, -0.012026672889148254, -0.012026672889148254, -0.00018717042899475287, -0.00019946582858665352, 3.458682214682162e-05, 3.458682214682162e-05, 3.458682214682162e-05, 3.458682214682162e-05, 3.458682214682162e-05, 2.9923954314424055e-05, 2.5027943090394356e-05, 1.4571461976253808e-05, 4.569610475750087e-06, 8.113390028374051e-05, -0.00013132675811339256, 1.5358320922958819e-06, -0.0015033341111435317, -0.06525839181263188, -7.166182332151458e-05, 7.166182331275195e-05, -7.166182332151458e-05, 0.06525839181267656, 0.06551199353691572, -0.0002536017242345534, 1.544574969481599e-05, -1.5445749681930465e-05, 1.4571461976253808e-05, 0.026442759058681986, 3.458682214682162e-05, 3.458682214682162e-05, 3.458682214682162e-05, 3.458682214682162e-05, 3.458682214682162e-05, 2.9923954314424055e-05, 2.1857192964366834e-06, 2.5027943090394356e-05, 4.569610475750087e-06, -0.012026672889192014, 2.448005612009068e-06, 4.954297071921472e-06, 2.2848052378750434e-06, -0.06734502499999999, -0.06734502500000872, 4.662867832400455e-06, 0.0001818387470740035, 9.182935326260133e-05, -1.611603693163488e-06, 7.198302216264094e-06, 0.00013927082790488043, 3.4971508742986067e-06, 7.402302683930974e-06, 7.198302216264094e-06, 7.402302683930974e-06, 9.019414384084379e-05, 0.00010549738470799763, 7.402302683930974e-06, -0.00010549738470799763, 7.373159759980954e-05, 2.448005612009068e-06, 4.954297071921472e-06, 2.2848052378750434e-06, 7.402302683930974e-06, 1.7745126749653742e-06, 7.198302216264094e-06, 0.012277951339696468, 7.198302216264094e-06, 8.189161619479024e-05, 4.569610475750087e-06, -9.295335213233002e-05, -0.00765901882459966, 4.954297071921472e-06, 2.2848052378750434e-06, 2.1857192964366834e-06, -0.006013336444574127, 0.0001623260864149212, 2.9201209827078856e-05, -3.7885801138226594e-05, -0.0014991304386503164, -4.203672493215344e-06, 7.198302228061948e-06, 7.40230268547748e-06, 9.295335213233002e-05, 0.007143536330431202, 0.06727216769011878, -0.005923035629621154, -9.295335213233002e-05, 0.007143536330431202, 0.007143536330431202, 0.06727216769011878, 9.295335213233002e-05, -9.295335212300415e-05, 0.007143536330431202, -0.0002536017242345534, -9.295335213233002e-05, 3.7885801134507346e-05, -0.0015033341111435317, -0.0015033341111435317, -0.0015033341111435317, -0.0015033341111435317, 1.46006049001942e-05, -3.770132632917875e-05, 0.02609594106922941, 0.02642002295885959, 0.02609594106922941, -0.00013927082795817114, -0.00013927082795817114, -2.0400046766740065e-06, -0.007070679020557691, -0.0059253670635413536, -0.007070679020549989, 0.0015033341111347909, 0.00406452785759015, 2.448005612009068e-06, 1.611603694575553e-06, 0.06734502499999995, 0.00019946582861030593, -7.166182332151458e-05, -0.0015033341111435317, -0.06525839181263188, 1.544574969481599e-05, 9.295335212300415e-05, -0.026095941069266826, 0.00013927082790488043, -0.06727216769013467, -9.295335212300415e-05]","[0.026442759058626975, 0.026442759058626975, 3.458682215295994e-05, 3.458682215295994e-05, 3.458682215295994e-05, 3.458682215295994e-05, 3.458682215295994e-05, 2.992395434375794e-05, 1.8849643197427213e-05, 4.662867809201998e-06, 0.005925367063582598, 0.0059253670635413536, 5.15829753958922e-06, 0.007070679020557691, 0.007070679020549989, 0.007070679020557691, 9.295335213233002e-05, 0.007143536330431202, 0.0015033341111435317, 2.448005612009068e-06, 4.954297071921472e-06, 2.1274334485316126e-06, 2.331433916206733e-06, 2.2848052378750434e-06, 3.7885801138226594e-05, 0.06727216769011878, 0.06727216769013467, 7.402302683930974e-06, 0.06727216769011878, 0.06727216769011878, 9.182935326260133e-05, 4.662867832397853e-06, 4.662867832397853e-06, 2.92012098003884e-05, 4.896011224018136e-06, 1.4280032736718046e-05, 4.569610475750087e-06, 1.4600604913539428e-05, 0.00022170770826100003, 0.0015033341111435317, 3.458682215295994e-05, 3.458682215295994e-05, 3.458682215295994e-05, 3.458682215295994e-05, 3.458682215295994e-05, 2.992395434375794e-05, 2.50279431384115e-05, 4.5696104962189565e-06, 0.00013132675811339256, 0.00013132675811339256, 0.0015033341111435317, 0.0015033341111347909, 7.166182332151458e-05, 0.0002567783027501991, 0.004064527857622124, 7.402302683930974e-06, 0.012026672889148254, 0.012026672889148254, 0.00018717042899475287, 0.00019946582858665352, 3.458682214682162e-05, 3.458682214682162e-05, 3.458682214682162e-05, 3.458682214682162e-05, 3.458682214682162e-05, 2.9923954314424055e-05, 2.5027943090394356e-05, 1.4571461976253808e-05, 4.569610475750087e-06, 8.113390028374051e-05, 0.00013132675811339256, 1.5358320922958819e-06, 0.0015033341111435317, 0.06525839181263188, 7.166182332151458e-05, 7.166182331275195e-05, 7.166182332151458e-05, 0.06525839181267656, 0.06551199353691572, 0.0002536017242345534, 1.544574969481599e-05, 1.5445749681930465e-05, 1.4571461976253808e-05, 0.026442759058681986, 3.458682214682162e-05, 3.458682214682162e-05, 3.458682214682162e-05, 3.458682214682162e-05, 3.458682214682162e-05, 2.9923954314424055e-05, 2.1857192964366834e-06, 2.5027943090394356e-05, 4.569610475750087e-06, 0.012026672889192014, 2.448005612009068e-06, 4.954297071921472e-06, 2.2848052378750434e-06, 0.06734502499999999, 0.06734502500000872, 4.662867832400455e-06, 0.0001818387470740035, 9.182935326260133e-05, 1.611603693163488e-06, 7.198302216264094e-06, 0.00013927082790488043, 3.4971508742986067e-06, 7.402302683930974e-06, 7.198302216264094e-06, 7.402302683930974e-06, 9.019414384084379e-05, 0.00010549738470799763, 7.402302683930974e-06, 0.00010549738470799763, 7.373159759980954e-05, 2.448005612009068e-06, 4.954297071921472e-06, 2.2848052378750434e-06, 7.402302683930974e-06, 1.7745126749653742e-06, 7.198302216264094e-06, 0.012277951339696468, 7.198302216264094e-06, 8.189161619479024e-05, 4.569610475750087e-06, 9.295335213233002e-05, 0.00765901882459966, 4.954297071921472e-06, 2.2848052378750434e-06, 2.1857192964366834e-06, 0.006013336444574127, 0.0001623260864149212, 2.9201209827078856e-05, 3.7885801138226594e-05, 0.0014991304386503164, 4.203672493215344e-06, 7.198302228061948e-06, 7.40230268547748e-06, 9.295335213233002e-05, 0.007143536330431202, 0.06727216769011878, 0.005923035629621154, 9.295335213233002e-05, 0.007143536330431202, 0.007143536330431202, 0.06727216769011878, 9.295335213233002e-05, 9.295335212300415e-05, 0.007143536330431202, 0.0002536017242345534, 9.295335213233002e-05, 3.7885801134507346e-05, 0.0015033341111435317, 0.0015033341111435317, 0.0015033341111435317, 0.0015033341111435317, 1.46006049001942e-05, 3.770132632917875e-05, 0.02609594106922941, 0.02642002295885959, 0.02609594106922941, 0.00013927082795817114, 0.00013927082795817114, 2.0400046766740065e-06, 0.007070679020557691, 0.0059253670635413536, 0.007070679020549989, 0.0015033341111347909, 0.00406452785759015, 2.448005612009068e-06, 1.611603694575553e-06, 0.06734502499999995, 0.00019946582861030593, 7.166182332151458e-05, 0.0015033341111435317, 0.06525839181263188, 1.544574969481599e-05, 9.295335212300415e-05, 0.026095941069266826, 0.00013927082790488043, 0.06727216769013467, 9.295335212300415e-05]","['ACSERtex', 'ACSERtpp', 'AGMtex', 'ARGAGMt7pp', 'CPPPGO', 'CHORM', 'DHORD5', 'FACOAE120', 'FADRx', 'FCLT', 'FE2tex', 'GLUCYS', 'GLUTRR', 'GLUTRS', 'GLYC3Pabcpp', 'GND', 'HMBS', 'HOMt2pp', 'GTHRDabc2pp', 'GTHRDtex', 'GTHS', 'HOMtex', 'HSDy', 'HSK', 'G1SAT', 'LYSabcpp', 'LYStex', 'P5CR', 'PAPSR', 'PDH', 'PPBNGS', 'PPND', 'PPPGO', 'PPPGO3', 'SULR', 'SO4tex', 'THRS', 'SULabcpp', 'TYRTA', 'PHEMEabcpp', 'PHEMEtiex', 'UPP3S', 'UPPDC1', 'PIuabcpp', 'VALt2rpp', 'VALtex', 'ENOPH', 'ARGDC', 'EX_acser_e', 'EX_agm_e', 'EX_fe2_e', 'EX_lys__L_e', 'EX_gthrd_e', 'EX_pheme_e', 'EX_hom__L_e', 'EX_so4_e', 'EX_val__L_e', 'PAPSSH']","['ACOAD1f', 'ACOAD2f', 'ACOAD3f', 'ACOAD4f', 'ACOAD5f', 'ACOAD6f', 'ACOATA', 'ADPT', 'ARGabcpp', 'ALATA_L2', 'AST', 'CDAPPA140', 'CDAPPA160', 'CDAPPA161', 'CYSS', 'CDAPPA181', 'DAPDC', 'DAPE', 'DCYTD', 'DHDPRy', 'DHDPS', 'FA120ACPHi', 'DRPA', 'FACOAL140t2pp', 'FACOAL181t2pp', 'DURIPP', 'ECOAH1', 'ECOAH2', 'ECOAH3', 'ECOAH4', 'ECOAH5', 'ECOAH6', 'ECOAH7', 'ECOAH8', 'EDA', 'EDD', 'FE2t3pp', 'GLUSy', 'FORtex', 'GUAPRT', 'GLYC3Ptex', 'HACD1i', 'HACD2i', 'HACD3i', 'HACD4i', 'HACD5i', 'HACD6i', 'HACD7i', 'GLYCLTDy', 'HACD8i', 'GMPR', 'GPDDA4', 'INDOLEt2pp', 'INDOLEtex', 'ICL', 'KAT1', 'ACACT11', 'ACACT8', 'ACACT13', 'ACACT10', 'ACACT9', 'LPLIPAL1G160pp', 'ACACT12', 'ACACT8r', 'LPLIPAL1A140pp', 'LPLIPAL1A160pp', 'MACPD', 'NADPHQR2', 'NADPHQR3', 'G3PGtex', 'NTD1', 'NTD10', 'G6PDA', 'NTD3', 'NTD6', 'NTD8', 'NTP3', 'P5CD', 'NTPP1', 'NTPP2', 'PA140abcpp', 'PA160abcpp', 'NTPP3', 'NTPP4', 'NTPP5', 'NTPP6', 'NTPP7', 'NTPP8', 'CTECOAI8', 'PLIPA2A160pp', 'PLIPA2G160pp', 'PPC', 'PPM2', 'PUNP2', 'PUNP4', 'PYAM5PO', 'SADH', 'SDPDS', 'SGDS', 'SGSAD', 'THDPS', 'THIORDXi', 'SOTA', 'UPPRT', 'XTSNt2rpp', 'XTSNtex', 'EX_for_e', 'PLIPA2A140pp', 'EX_g3pg_e', 'EX_glyc3p_e', 'EX_indole_e', 'EX_xtsn_e', 'SDPTA']","['DHAD1', 'ACLS', 'ACOAD7f', 'FACOAL160t2pp', 'KARA1', 'LPLIPAL1A181pp', 'PA181abcpp', 'PLIPA2A181pp', 'SERAT', 'VALTA']",LYSabcpp,SDPTA,1.576119071974233,1,181,10,49.0,0.26315972126448267,iPC815,PSL,False,True,0.0,-1.52000325504461,0.0,0.0
60,"['GART', 'DHAD1', 'EX_cytd_e', 'GLCP', 'AACPS1', '2AGPGAT160', 'AACPS3', 'ACLS', 'ACSERtex', 'ACSERtpp', 'ADPT', 'ASAD', 'AKGt2rpp', 'AKGtex', 'ASNS2', 'ASNt2rpp', 'ASNtex', 'ASPK', 'ASPO5', 'ASPT', 'AST', 'CYSabc2pp', 'CDAPPA140', 'CDAPPA160', 'CDAPPA161', 'CYSS', 'CDAPPA181', 'CYTDtex', 'DAPDC', 'DAPE', 'DCTPD', 'DHDPRy', 'DHDPS', 'FACOAE140', 'FACOAE160', 'DRPA', 'FACOAL161t2pp', 'DURIK1', 'DURIPP', 'DUTPDP', 'ECOAH7', 'ECOAH8', 'EDA', 'EDD', 'GUAPRT', 'GLYC3Pabcpp', 'GLYC3Ptex', 'HACD7i', 'HACD8i', 'GND', 'CTECOAI7', 'GPDDA4', 'INDOLEt2pp', 'INDOLEtex', 'KARA1', 'KAS15', 'LPLIPAL1G161pp', 'LPLIPAL1G181pp', 'ACACT12', 'ACACT8r', 'LPLIPAL2G160', 'LYSabcpp', 'LYStex', 'MACPD', 'G3PD5', 'ME1', 'G3PGabcpp', 'NADPHQR2', 'G3PGtex', 'NTD10', 'G6PDA', 'NTD2', 'NTD4', 'NTD6', 'ORNabcpp', 'ORNtex', 'P5CD', 'P5CR', 'NTPP2', 'NTPP4', 'NTPP5', 'NTPP6', 'NTPP7', 'NTPP8', 'NTPTP1', 'OAADC', 'CTECOAI8', 'PAPSR', 'PDH', 'PLIPA2G161pp', 'PG160abcpp', 'PLIPA2G181pp', 'PPA', 'PPCK', 'PPK2', 'PPM2', 'PPPGO', 'PPPGO3', 'PUNP2', 'PUNP4', 'RNTR3c', 'SADH', 'SDPDS', 'SULR', 'SGDS', 'SGSAD', 'THDPS', 'SO4tex', 'SOTA', 'SULabcpp', 'TRDR', 'TRPS2', 'TRPS3', 'UPPRT', 'URItex', 'VALabcpp', 'VALt2rpp', 'VALTA', 'VALtex', 'XTSNt2rpp', 'XTSNtex', 'EAR40y', 'EAR60y', 'EAR80y', 'EAR100y', 'EAR120y', 'EAR121y', 'EAR140y', 'EAR141y', 'EAR161y', 'EAR181y', 'EX_acser_e', 'EX_akg_e', 'EX_asn__L_e', 'EX_g3pg_e', 'EX_lys__L_e', 'EX_glyc3p_e', 'EX_orn_e', 'EX_indole_e', 'EX_uri_e', 'EX_so4_e', 'EX_val__L_e', 'EX_xtsn_e', 'ORNCD', 'SDPTA', 'PAPSSH']","[-0.00011113286670272338, -0.04505270860116983, 0.00028542225084038364, 0.0003000957647524907, 1.2861247060820882e-05, -1.4615053478205745e-05, 3.873963508623131e-05, -0.04505270860116978, 1.558939038659446e-05, -1.5589390376752506e-05, 3.449152621847699e-05, -0.0668578565507687, -0.009500601585386903, -0.009500601585386903, -0.008046633840984474, 0.007539978653767321, 0.007539978653767321, 0.0668578565507687, -5.319879460508048e-06, -0.04573978941632881, 0.00048716844927350345, -0.0035426696760608722, 1.6368859895590174e-05, 3.312745455059853e-05, 1.4225318718786911e-05, 1.5589390376752506e-05, 1.0522838504308093e-05, -0.00028542225084038364, 0.06685785655072647, 0.0668578565507687, 9.606961803860191e-06, 0.06685785655072647, 0.06685785655072647, 1.2861247060820882e-05, 9.509528129820252e-06, 0.00015536776183640646, 1.2861247060820882e-05, -5.7739204592082876e-05, 5.773920463525428e-05, 9.606961803860191e-06, -1.2861247114415164e-05, -9.509528126727673e-06, 3.121775422965881e-05, 3.121775422965881e-05, 4.949631444618914e-05, -0.0003633302294568664, -0.0003633302294474561, 1.2861247060820882e-05, 9.50952812981895e-06, -3.121775422965881e-05, 1.2861247060820882e-05, 1.0269510910685536e-05, 0.00020071340110073242, -0.00020071340111371683, 0.04505270860113342, -0.00023126860623912115, 6.430623530410441e-06, 4.754764064909692e-06, 1.2861247060820882e-05, 9.50952812981895e-06, 1.4615053478205745e-05, -0.06734502499999999, -0.06734502500000872, 0.001563148173076942, -0.0002737496950049184, -0.025644179862673366, -4.345542567520209e-06, -0.020396268484628166, -1.5530930113527575e-05, 0.0009312887451148194, 2.3384085565129192e-05, 0.00032860486237495934, 0.0002854222508956719, 4.8132242798135105e-05, 0.027895985456031808, 0.027895985455984373, 0.02860140537057987, -0.02860140537057987, 0.000493033957402805, 0.00030112661299274, 4.8132242798135105e-05, 0.009218720206878972, 4.8132242788222895e-05, 0.00027866035298444725, 4.949631444618914e-05, -0.011436049731937903, 9.50952812981895e-06, -0.003685037834984995, -0.004938134269210082, 6.430623530410441e-06, -1.4615053478205745e-05, 4.754764064909692e-06, -4.287082432782863e-05, -0.00038388873802741585, -4.9496314431962674e-05, 0.00015536776186308998, 1.4290274547655002e-05, -1.4290274547655002e-05, 4.8132242795873026e-05, 4.9496314431962674e-05, -3.988935264232895e-05, 0.00048716844927350345, 0.06685785655072647, -0.003685037834984995, 0.00048716844927350345, 0.00048716844927350345, 0.06685785655072647, -0.003685037834998184, 0.00048716844927350345, -0.003685037834984995, -0.0036850378349849965, -0.00010327971124598524, 9.743368985474718e-05, 5.7739204592082876e-05, -0.00032860486237495934, 0.02554305201718554, 0.017190734765449633, 0.045522338986188515, 0.04273378678260542, -0.0009312887451642382, -0.0009312887451642382, -0.00023126860623912115, -0.00023126860623912115, -0.00023126860623912115, -0.00018177229179293722, -0.00018177229179293722, -4.94963144461822e-05, -0.00015059351103943047, -4.949631444618567e-05, -4.949631444618654e-05, -2.104567700861315e-05, -1.5589390376752506e-05, 0.009500601585432374, -0.007539978653740023, 1.5530930162840342e-05, 0.06734502499999995, 0.0003633302294568664, -0.027895985456031808, 0.00020071340110073242, 0.00032860486237495934, 0.003685037834998184, -0.04273378678262785, 0.0009312887451148194, 0.027977829755400307, -0.0668578565507687, -0.003685037834998184]","[0.00011113286670272338, 0.04505270860116983, 0.00028542225084038364, 0.0003000957647524907, 1.2861247060820882e-05, 1.4615053478205745e-05, 3.873963508623131e-05, 0.04505270860116978, 1.558939038659446e-05, 1.5589390376752506e-05, 3.449152621847699e-05, 0.0668578565507687, 0.009500601585386903, 0.009500601585386903, 0.008046633840984474, 0.007539978653767321, 0.007539978653767321, 0.0668578565507687, 5.319879460508048e-06, 0.04573978941632881, 0.00048716844927350345, 0.0035426696760608722, 1.6368859895590174e-05, 3.312745455059853e-05, 1.4225318718786911e-05, 1.5589390376752506e-05, 1.0522838504308093e-05, 0.00028542225084038364, 0.06685785655072647, 0.0668578565507687, 9.606961803860191e-06, 0.06685785655072647, 0.06685785655072647, 1.2861247060820882e-05, 9.509528129820252e-06, 0.00015536776183640646, 1.2861247060820882e-05, 5.7739204592082876e-05, 5.773920463525428e-05, 9.606961803860191e-06, 1.2861247114415164e-05, 9.509528126727673e-06, 3.121775422965881e-05, 3.121775422965881e-05, 4.949631444618914e-05, 0.0003633302294568664, 0.0003633302294474561, 1.2861247060820882e-05, 9.50952812981895e-06, 3.121775422965881e-05, 1.2861247060820882e-05, 1.0269510910685536e-05, 0.00020071340110073242, 0.00020071340111371683, 0.04505270860113342, 0.00023126860623912115, 6.430623530410441e-06, 4.754764064909692e-06, 1.2861247060820882e-05, 9.50952812981895e-06, 1.4615053478205745e-05, 0.06734502499999999, 0.06734502500000872, 0.001563148173076942, 0.0002737496950049184, 0.025644179862673366, 4.345542567520209e-06, 0.020396268484628166, 1.5530930113527575e-05, 0.0009312887451148194, 2.3384085565129192e-05, 0.00032860486237495934, 0.0002854222508956719, 4.8132242798135105e-05, 0.027895985456031808, 0.027895985455984373, 0.02860140537057987, 0.02860140537057987, 0.000493033957402805, 0.00030112661299274, 4.8132242798135105e-05, 0.009218720206878972, 4.8132242788222895e-05, 0.00027866035298444725, 4.949631444618914e-05, 0.011436049731937903, 9.50952812981895e-06, 0.003685037834984995, 0.004938134269210082, 6.430623530410441e-06, 1.4615053478205745e-05, 4.754764064909692e-06, 4.287082432782863e-05, 0.00038388873802741585, 4.9496314431962674e-05, 0.00015536776186308998, 1.4290274547655002e-05, 1.4290274547655002e-05, 4.8132242795873026e-05, 4.9496314431962674e-05, 3.988935264232895e-05, 0.00048716844927350345, 0.06685785655072647, 0.003685037834984995, 0.00048716844927350345, 0.00048716844927350345, 0.06685785655072647, 0.003685037834998184, 0.00048716844927350345, 0.003685037834984995, 0.0036850378349849965, 0.00010327971124598524, 9.743368985474718e-05, 5.7739204592082876e-05, 0.00032860486237495934, 0.02554305201718554, 0.017190734765449633, 0.045522338986188515, 0.04273378678260542, 0.0009312887451642382, 0.0009312887451642382, 0.00023126860623912115, 0.00023126860623912115, 0.00023126860623912115, 0.00018177229179293722, 0.00018177229179293722, 4.94963144461822e-05, 0.00015059351103943047, 4.949631444618567e-05, 4.949631444618654e-05, 2.104567700861315e-05, 1.5589390376752506e-05, 0.009500601585432374, 0.007539978653740023, 1.5530930162840342e-05, 0.06734502499999995, 0.0003633302294568664, 0.027895985456031808, 0.00020071340110073242, 0.00032860486237495934, 0.003685037834998184, 0.04273378678262785, 0.0009312887451148194, 0.027977829755400307, 0.0668578565507687, 0.003685037834998184]","['GART', '2AGPGAT160', 'ACSERtex', 'ACSERtpp', 'ASNt2rpp', 'ASNtex', 'ASPO5', 'ASPT', 'CYSabc2pp', 'DURIK1', 'GLYC3Pabcpp', 'GND', 'KAS15', 'LYSabcpp', 'LYStex', 'G3PD5', 'ME1', 'G3PGabcpp', 'NADPHQR2', 'ORNtex', 'OAADC', 'PAPSR', 'PDH', 'PG160abcpp', 'PPA', 'PPCK', 'PPPGO3', 'RNTR3c', 'SULR', 'SO4tex', 'SULabcpp', 'TRPS2', 'VALtex', 'EAR40y', 'EAR60y', 'EAR80y', 'EAR100y', 'EAR120y', 'EAR121y', 'EAR140y', 'EAR141y', 'EAR161y', 'EAR181y', 'EX_acser_e', 'EX_asn__L_e', 'EX_lys__L_e', 'EX_orn_e', 'EX_so4_e', 'EX_val__L_e', 'PAPSSH']","['EX_cytd_e', 'GLCP', 'AACPS1', 'AACPS3', 'ADPT', 'ASAD', 'AKGt2rpp', 'AKGtex', 'ASPK', 'AST', 'CDAPPA140', 'CDAPPA160', 'CDAPPA161', 'CYSS', 'CDAPPA181', 'CYTDtex', 'DAPDC', 'DAPE', 'DCTPD', 'DHDPRy', 'DHDPS', 'FACOAE140', 'DRPA', 'FACOAL161t2pp', 'DURIPP', 'DUTPDP', 'ECOAH7', 'ECOAH8', 'EDA', 'EDD', 'GUAPRT', 'GLYC3Ptex', 'HACD7i', 'HACD8i', 'CTECOAI7', 'INDOLEt2pp', 'INDOLEtex', 'LPLIPAL1G161pp', 'ACACT12', 'ACACT8r', 'LPLIPAL2G160', 'MACPD', 'G3PGtex', 'NTD10', 'G6PDA', 'NTD2', 'NTD4', 'NTD6', 'ORNabcpp', 'P5CD', 'NTPP2', 'NTPP4', 'NTPP5', 'NTPP6', 'NTPP7', 'NTPP8', 'NTPTP1', 'CTECOAI8', 'PLIPA2G161pp', 'PPK2', 'PPM2', 'PPPGO', 'PUNP2', 'PUNP4', 'SADH', 'SDPDS', 'SGDS', 'SGSAD', 'THDPS', 'SOTA', 'UPPRT', 'URItex', 'VALabcpp', 'XTSNt2rpp', 'XTSNtex', 'EX_akg_e', 'EX_g3pg_e', 'EX_glyc3p_e', 'EX_indole_e', 'EX_uri_e', 'EX_xtsn_e', 'SDPTA']","['DHAD1', 'ACLS', 'ASNS2', 'FACOAE160', 'GPDDA4', 'KARA1', 'LPLIPAL1G181pp', 'P5CR', 'PLIPA2G181pp', 'TRDR', 'TRPS3', 'VALt2rpp', 'VALTA', 'ORNCD']",LYStex,ASAD,1.7347328486607028,1,146,14,-22.0,-0.23945034806061855,iPC815,PSL,True,True,-1.51645878005007,-21.5170547262412,0.0,0.0
61,"['GART', 'DHAD1', 'EX_cytd_e', 'GLCP', 'AACPS1', '2AGPGAT160', 'AACPS3', 'ACLS', 'ACSERtex', 'ACSERtpp', 'ADPT', 'ASAD', 'AKGt2rpp', 'AKGtex', 'ASNS2', 'ASNt2rpp', 'ASNtex', 'ASPK', 'ASPO5', 'ASPT', 'AST', 'CYSabc2pp', 'CDAPPA140', 'CDAPPA160', 'CDAPPA161', 'CYSS', 'CDAPPA181', 'CYTDtex', 'DAPDC', 'DAPE', 'DCTPD', 'DHDPRy', 'DHDPS', 'FACOAE140', 'FACOAE160', 'DRPA', 'FACOAL161t2pp', 'DURIK1', 'DURIPP', 'DUTPDP', 'ECOAH7', 'ECOAH8', 'EDA', 'EDD', 'GUAPRT', 'GLYC3Pabcpp', 'GLYC3Ptex', 'HACD7i', 'HACD8i', 'GND', 'CTECOAI7', 'GPDDA4', 'INDOLEt2pp', 'INDOLEtex', 'KARA1', 'KAS15', 'LPLIPAL1G161pp', 'LPLIPAL1G181pp', 'ACACT12', 'ACACT8r', 'LPLIPAL2G160', 'LYSabcpp', 'LYStex', 'MACPD', 'G3PD5', 'ME1', 'G3PGabcpp', 'NADPHQR2', 'G3PGtex', 'NTD10', 'G6PDA', 'NTD2', 'NTD4', 'NTD6', 'ORNabcpp', 'ORNtex', 'P5CD', 'P5CR', 'NTPP2', 'NTPP4', 'NTPP5', 'NTPP6', 'NTPP7', 'NTPP8', 'NTPTP1', 'OAADC', 'CTECOAI8', 'PAPSR', 'PDH', 'PLIPA2G161pp', 'PG160abcpp', 'PLIPA2G181pp', 'PPA', 'PPCK', 'PPK2', 'PPM2', 'PPPGO', 'PPPGO3', 'PUNP2', 'PUNP4', 'RNTR3c', 'SADH', 'SDPDS', 'SULR', 'SGDS', 'SGSAD', 'THDPS', 'SO4tex', 'SOTA', 'SULabcpp', 'TRDR', 'TRPS2', 'TRPS3', 'UPPRT', 'URItex', 'VALabcpp', 'VALt2rpp', 'VALTA', 'VALtex', 'XTSNt2rpp', 'XTSNtex', 'EAR40y', 'EAR60y', 'EAR80y', 'EAR100y', 'EAR120y', 'EAR121y', 'EAR140y', 'EAR141y', 'EAR161y', 'EAR181y', 'EX_acser_e', 'EX_akg_e', 'EX_asn__L_e', 'EX_g3pg_e', 'EX_lys__L_e', 'EX_glyc3p_e', 'EX_orn_e', 'EX_indole_e', 'EX_uri_e', 'EX_so4_e', 'EX_val__L_e', 'EX_xtsn_e', 'ORNCD', 'SDPTA', 'PAPSSH']","[-0.00011113286670272338, -0.04505270860116983, 0.00028542225084038364, 0.0003000957647524907, 1.2861247060820882e-05, -1.4615053478205745e-05, 3.873963508623131e-05, -0.04505270860116978, 1.558939038659446e-05, -1.5589390376752506e-05, 3.449152621847699e-05, -0.0668578565507687, -0.009500601585386903, -0.009500601585386903, -0.008046633840984474, 0.007539978653767321, 0.007539978653767321, 0.0668578565507687, -5.319879460508048e-06, -0.04573978941632881, 0.00048716844927350345, -0.0035426696760608722, 1.6368859895590174e-05, 3.312745455059853e-05, 1.4225318718786911e-05, 1.5589390376752506e-05, 1.0522838504308093e-05, -0.00028542225084038364, 0.06685785655072647, 0.0668578565507687, 9.606961803860191e-06, 0.06685785655072647, 0.06685785655072647, 1.2861247060820882e-05, 9.509528129820252e-06, 0.00015536776183640646, 1.2861247060820882e-05, -5.7739204592082876e-05, 5.773920463525428e-05, 9.606961803860191e-06, -1.2861247114415164e-05, -9.509528126727673e-06, 3.121775422965881e-05, 3.121775422965881e-05, 4.949631444618914e-05, -0.0003633302294568664, -0.0003633302294474561, 1.2861247060820882e-05, 9.50952812981895e-06, -3.121775422965881e-05, 1.2861247060820882e-05, 1.0269510910685536e-05, 0.00020071340110073242, -0.00020071340111371683, 0.04505270860113342, -0.00023126860623912115, 6.430623530410441e-06, 4.754764064909692e-06, 1.2861247060820882e-05, 9.50952812981895e-06, 1.4615053478205745e-05, -0.06734502499999999, -0.06734502500000872, 0.001563148173076942, -0.0002737496950049184, -0.025644179862673366, -4.345542567520209e-06, -0.020396268484628166, -1.5530930113527575e-05, 0.0009312887451148194, 2.3384085565129192e-05, 0.00032860486237495934, 0.0002854222508956719, 4.8132242798135105e-05, 0.027895985456031808, 0.027895985455984373, 0.02860140537057987, -0.02860140537057987, 0.000493033957402805, 0.00030112661299274, 4.8132242798135105e-05, 0.009218720206878972, 4.8132242788222895e-05, 0.00027866035298444725, 4.949631444618914e-05, -0.011436049731937903, 9.50952812981895e-06, -0.003685037834984995, -0.004938134269210082, 6.430623530410441e-06, -1.4615053478205745e-05, 4.754764064909692e-06, -4.287082432782863e-05, -0.00038388873802741585, -4.9496314431962674e-05, 0.00015536776186308998, 1.4290274547655002e-05, -1.4290274547655002e-05, 4.8132242795873026e-05, 4.9496314431962674e-05, -3.988935264232895e-05, 0.00048716844927350345, 0.06685785655072647, -0.003685037834984995, 0.00048716844927350345, 0.00048716844927350345, 0.06685785655072647, -0.003685037834998184, 0.00048716844927350345, -0.003685037834984995, -0.0036850378349849965, -0.00010327971124598524, 9.743368985474718e-05, 5.7739204592082876e-05, -0.00032860486237495934, 0.02554305201718554, 0.017190734765449633, 0.045522338986188515, 0.04273378678260542, -0.0009312887451642382, -0.0009312887451642382, -0.00023126860623912115, -0.00023126860623912115, -0.00023126860623912115, -0.00018177229179293722, -0.00018177229179293722, -4.94963144461822e-05, -0.00015059351103943047, -4.949631444618567e-05, -4.949631444618654e-05, -2.104567700861315e-05, -1.5589390376752506e-05, 0.009500601585432374, -0.007539978653740023, 1.5530930162840342e-05, 0.06734502499999995, 0.0003633302294568664, -0.027895985456031808, 0.00020071340110073242, 0.00032860486237495934, 0.003685037834998184, -0.04273378678262785, 0.0009312887451148194, 0.027977829755400307, -0.0668578565507687, -0.003685037834998184]","[0.00011113286670272338, 0.04505270860116983, 0.00028542225084038364, 0.0003000957647524907, 1.2861247060820882e-05, 1.4615053478205745e-05, 3.873963508623131e-05, 0.04505270860116978, 1.558939038659446e-05, 1.5589390376752506e-05, 3.449152621847699e-05, 0.0668578565507687, 0.009500601585386903, 0.009500601585386903, 0.008046633840984474, 0.007539978653767321, 0.007539978653767321, 0.0668578565507687, 5.319879460508048e-06, 0.04573978941632881, 0.00048716844927350345, 0.0035426696760608722, 1.6368859895590174e-05, 3.312745455059853e-05, 1.4225318718786911e-05, 1.5589390376752506e-05, 1.0522838504308093e-05, 0.00028542225084038364, 0.06685785655072647, 0.0668578565507687, 9.606961803860191e-06, 0.06685785655072647, 0.06685785655072647, 1.2861247060820882e-05, 9.509528129820252e-06, 0.00015536776183640646, 1.2861247060820882e-05, 5.7739204592082876e-05, 5.773920463525428e-05, 9.606961803860191e-06, 1.2861247114415164e-05, 9.509528126727673e-06, 3.121775422965881e-05, 3.121775422965881e-05, 4.949631444618914e-05, 0.0003633302294568664, 0.0003633302294474561, 1.2861247060820882e-05, 9.50952812981895e-06, 3.121775422965881e-05, 1.2861247060820882e-05, 1.0269510910685536e-05, 0.00020071340110073242, 0.00020071340111371683, 0.04505270860113342, 0.00023126860623912115, 6.430623530410441e-06, 4.754764064909692e-06, 1.2861247060820882e-05, 9.50952812981895e-06, 1.4615053478205745e-05, 0.06734502499999999, 0.06734502500000872, 0.001563148173076942, 0.0002737496950049184, 0.025644179862673366, 4.345542567520209e-06, 0.020396268484628166, 1.5530930113527575e-05, 0.0009312887451148194, 2.3384085565129192e-05, 0.00032860486237495934, 0.0002854222508956719, 4.8132242798135105e-05, 0.027895985456031808, 0.027895985455984373, 0.02860140537057987, 0.02860140537057987, 0.000493033957402805, 0.00030112661299274, 4.8132242798135105e-05, 0.009218720206878972, 4.8132242788222895e-05, 0.00027866035298444725, 4.949631444618914e-05, 0.011436049731937903, 9.50952812981895e-06, 0.003685037834984995, 0.004938134269210082, 6.430623530410441e-06, 1.4615053478205745e-05, 4.754764064909692e-06, 4.287082432782863e-05, 0.00038388873802741585, 4.9496314431962674e-05, 0.00015536776186308998, 1.4290274547655002e-05, 1.4290274547655002e-05, 4.8132242795873026e-05, 4.9496314431962674e-05, 3.988935264232895e-05, 0.00048716844927350345, 0.06685785655072647, 0.003685037834984995, 0.00048716844927350345, 0.00048716844927350345, 0.06685785655072647, 0.003685037834998184, 0.00048716844927350345, 0.003685037834984995, 0.0036850378349849965, 0.00010327971124598524, 9.743368985474718e-05, 5.7739204592082876e-05, 0.00032860486237495934, 0.02554305201718554, 0.017190734765449633, 0.045522338986188515, 0.04273378678260542, 0.0009312887451642382, 0.0009312887451642382, 0.00023126860623912115, 0.00023126860623912115, 0.00023126860623912115, 0.00018177229179293722, 0.00018177229179293722, 4.94963144461822e-05, 0.00015059351103943047, 4.949631444618567e-05, 4.949631444618654e-05, 2.104567700861315e-05, 1.5589390376752506e-05, 0.009500601585432374, 0.007539978653740023, 1.5530930162840342e-05, 0.06734502499999995, 0.0003633302294568664, 0.027895985456031808, 0.00020071340110073242, 0.00032860486237495934, 0.003685037834998184, 0.04273378678262785, 0.0009312887451148194, 0.027977829755400307, 0.0668578565507687, 0.003685037834998184]","['GART', '2AGPGAT160', 'ACSERtex', 'ACSERtpp', 'ASNt2rpp', 'ASNtex', 'ASPO5', 'ASPT', 'CYSabc2pp', 'DURIK1', 'GLYC3Pabcpp', 'GND', 'KAS15', 'LYSabcpp', 'LYStex', 'G3PD5', 'ME1', 'G3PGabcpp', 'NADPHQR2', 'ORNtex', 'OAADC', 'PAPSR', 'PDH', 'PG160abcpp', 'PPA', 'PPCK', 'PPPGO3', 'RNTR3c', 'SULR', 'SO4tex', 'SULabcpp', 'TRPS2', 'VALtex', 'EAR40y', 'EAR60y', 'EAR80y', 'EAR100y', 'EAR120y', 'EAR121y', 'EAR140y', 'EAR141y', 'EAR161y', 'EAR181y', 'EX_acser_e', 'EX_asn__L_e', 'EX_lys__L_e', 'EX_orn_e', 'EX_so4_e', 'EX_val__L_e', 'PAPSSH']","['EX_cytd_e', 'GLCP', 'AACPS1', 'AACPS3', 'ADPT', 'ASAD', 'AKGt2rpp', 'AKGtex', 'ASPK', 'AST', 'CDAPPA140', 'CDAPPA160', 'CDAPPA161', 'CYSS', 'CDAPPA181', 'CYTDtex', 'DAPDC', 'DAPE', 'DCTPD', 'DHDPRy', 'DHDPS', 'FACOAE140', 'DRPA', 'FACOAL161t2pp', 'DURIPP', 'DUTPDP', 'ECOAH7', 'ECOAH8', 'EDA', 'EDD', 'GUAPRT', 'GLYC3Ptex', 'HACD7i', 'HACD8i', 'CTECOAI7', 'INDOLEt2pp', 'INDOLEtex', 'LPLIPAL1G161pp', 'ACACT12', 'ACACT8r', 'LPLIPAL2G160', 'MACPD', 'G3PGtex', 'NTD10', 'G6PDA', 'NTD2', 'NTD4', 'NTD6', 'ORNabcpp', 'P5CD', 'NTPP2', 'NTPP4', 'NTPP5', 'NTPP6', 'NTPP7', 'NTPP8', 'NTPTP1', 'CTECOAI8', 'PLIPA2G161pp', 'PPK2', 'PPM2', 'PPPGO', 'PUNP2', 'PUNP4', 'SADH', 'SDPDS', 'SGDS', 'SGSAD', 'THDPS', 'SOTA', 'UPPRT', 'URItex', 'VALabcpp', 'XTSNt2rpp', 'XTSNtex', 'EX_akg_e', 'EX_g3pg_e', 'EX_glyc3p_e', 'EX_indole_e', 'EX_uri_e', 'EX_xtsn_e', 'SDPTA']","['DHAD1', 'ACLS', 'ASNS2', 'FACOAE160', 'GPDDA4', 'KARA1', 'LPLIPAL1G181pp', 'P5CR', 'PLIPA2G181pp', 'TRDR', 'TRPS3', 'VALt2rpp', 'VALTA', 'ORNCD']",LYStex,ASPK,1.7347328486607028,1,146,14,-22.0,-0.23945034806061855,iPC815,PSL,True,False,-1.51645878005007,0.0,0.0,0.0
62,"['DHAD1', 'ACLS', 'ACOAD1f', 'ACOAD2f', 'ACOAD3f', 'ACOAD4f', 'ACOAD5f', 'ACOAD6f', 'ACOAD7f', 'ACSERtex', 'ACSERtpp', 'ADPT', 'AGMtex', 'ARGabcpp', 'ARGAGMt7pp', 'ALATA_L2', 'ASPO5', 'AST', 'CPPPGO', 'CDAPPA140', 'CDAPPA160', 'CDAPPA161', 'CYSS', 'CDAPPA181', 'CYTD', 'CHORM', 'DAPDC', 'DAPE', 'DCTPD', 'DHDPRy', 'DHDPS', 'FA120ACPHi', 'FACOAE120', 'DRPA', 'FACOAL140t2pp', 'FACOAL160t2pp', 'FACOAL181t2pp', 'DURIPP', 'DUTPDP', 'FADRx', 'FCLT', 'ECOAH1', 'ECOAH2', 'ECOAH3', 'ECOAH4', 'ECOAH5', 'ECOAH6', 'ECOAH7', 'ECOAH8', 'EDA', 'EDD', 'FE2tex', 'FE2tpp', 'GLUSy', 'GUAPRT', 'GLUTRR', 'GLUTRS', 'GLYC3Pabcpp', 'GLYC3Ptex', 'HACD1i', 'HACD2i', 'HACD3i', 'GLYCLTDx', 'HACD4i', 'HACD5i', 'HACD6i', 'HACD7i', 'HACD8i', 'GMPR', 'GND', 'HMBS', 'HOMt2pp', 'HOMtex', 'HSDy', 'HSK', 'INDOLEt2pp', 'INDOLEtex', 'ICL', 'KARA1', 'KAT1', 'ACACT11', 'ACACT8', 'ACACT13', 'ACACT10', 'ACACT9', 'LPLIPAL1G140pp', 'LPLIPAL1G160pp', 'LPLIPAL1G161pp', 'LPLIPAL1G181pp', 'ACACT12', 'ACACT8r', 'LEUabcpp', 'G1SAT', 'LEUtex', 'LPLIPAL1A140pp', 'LPLIPAL1A160pp', 'LPLIPAL1A181pp', 'LYSt3pp', 'LYStex', 'MACPD', 'ME1', 'G3PGtex', 'NTD1', 'NTD10', 'G6PDA', 'NTD2', 'NTD4', 'NTD6', 'NTD8', 'NTP3', 'P5CD', 'NTPP1', 'NTPP2', 'PA140abcpp', 'PA160abcpp', 'PA181abcpp', 'NTPP4', 'NTPP5', 'NTPP6', 'NTPP7', 'NTPP8', 'CTECOAI8', 'PAPSR', 'PDH', 'PLIPA2A160pp', 'PLIPA2A181pp', 'PLIPA2G140pp', 'PLIPA2G160pp', 'PLIPA2G161pp', 'PLIPA2G181pp', 'PPBNGS', 'PPC', 'PPM2', 'PPND', 'PPPGO', 'PPPGO3', 'PUNP2', 'PUNP4', 'PYAM5PO', 'SADH', 'SDPDS', 'SERAT', 'SULR', 'SGDS', 'SGSAD', 'THDPS', 'THIORDXi', 'SO4tex', 'SOTA', 'SUCCt2_2pp', 'THRS', 'SULabcpp', 'TYRTA', 'PHEMEabcpp', 'TRPS2', 'PHEMEtiex', 'UPP3S', 'UPPDC1', 'UPPRT', 'URItex', 'VALabcpp', 'VALTA', 'VALtex', 'XTSNt2rpp', 'XTSNtex', 'ARGDC', 'EX_acser_e', 'EX_agm_e', 'EX_fe2_e', 'PLIPA2A140pp', 'EX_g3pg_e', 'EX_leu__L_e', 'EX_lys__L_e', 'EX_glyc3p_e', 'EX_pheme_e', 'EX_hom__L_e', 'EX_indole_e', 'EX_uri_e', 'EX_so4_e', 'EX_val__L_e', 'EX_xtsn_e', 'SDPTA', 'SUCCt3pp', 'PAPSSH']","[-0.026924277000215546, -0.026924277000215546, 0.00026202392427876475, 0.00026202392427876475, 0.00026202392427876475, 0.00026202392427876475, 0.00026202392427876475, 0.00022669882503123517, 0.0001428017141051896, 0.0013108475446870216, -0.0013108475447370371, 3.90783911394816e-05, 0.00536489689670816, 0.005364896896662336, -0.00536489689670816, 0.00016130102702026014, -6.027345045067634e-06, 0.005916851573773668, -0.0013487390714341347, 1.2805348508983022e-05, 3.753291804356983e-05, 1.61170765716511e-05, 1.766254966757046e-05, 1.1922221025604867e-05, 0.0002781851572081829, -0.00028701643209789324, 0.06679307032288866, 0.06679307032288762, 5.607859519451107e-05, 0.06679307032288866, 0.06679307032288866, 3.5325099335133114e-05, -3.5325099335126176e-05, 0.00022122343458622074, 3.709135430188162e-05, 0.00010818311671382044, 3.461859734842261e-05, 0.00011061171733217634, 5.607859519451107e-05, -0.0016796201606368924, -0.0013487390714341347, -0.00026202392427876475, -0.00026202392427876475, -0.00026202392427876475, -0.00026202392427876475, -0.00026202392427876475, -0.00022669882503123517, -0.00018960747070195794, -3.4618597396729456e-05, 0.0002992256695269757, 0.0002992256695269757, -0.001348739071431737, -0.0013487390714341347, 0.0009714402317159507, 5.607859519451107e-05, -0.010789912571473078, -0.010789912571473078, -0.0006958823786577945, -0.0007742599427729147, 0.00026202392431829704, 0.00026202392431829704, 0.00026202392431829704, 0.00011039093542227797, 0.00026202392431829704, 0.00026202392431829704, 0.00022669882498316946, 0.00018960747068128697, 3.461859734842261e-05, 0.0006146567284311833, -0.0002992256695269757, -0.0013487390714341347, -0.06165013547507614, 0.06165013547501985, 0.06357137931513535, -0.0019212438400891263, 0.00011701439154760199, -0.00011701439154876425, 0.00011039093542227797, 0.02692427700026201, 0.00026202392431829704, 0.00026202392431829704, 0.00026202392431829704, 0.00026202392431829704, 0.00026202392431829704, 0.00022669882498316946, 5.740328641957895e-06, 1.655864031333996e-05, 7.285801737869557e-06, 5.387077648606547e-06, 0.00018960747068128697, 3.461859734842261e-05, 0.002034177457773012, -0.010789912571453897, 0.0020341774577445904, 1.2805348508983022e-05, 3.753291804356983e-05, 1.1922221025604867e-05, 0.06734502499999999, -0.06734502500000872, 3.532509933509842e-05, -0.0003445069248236938, -3.497184832212952e-05, 0.00011061171729311037, 0.0010550922745945907, 2.6493824501344198e-05, 0.000417498517767019, 0.0002781851572081829, 5.45331220985993e-05, 5.607859519451107e-05, 0.0006832956038351767, 0.0007992303724572158, 5.607859519451107e-05, 0.0005585781332366722, 1.2805348508983022e-05, 3.753291804356983e-05, 1.1922221025604867e-05, 0.00029597796825283143, 5.45331220985993e-05, 0.012005027546537844, 5.45331220985993e-05, 0.00034221189980902095, 3.461859734842261e-05, -0.00016130102702026014, -0.007061600781799626, 3.753291804356983e-05, 1.1922221025604867e-05, 5.740328641957895e-06, 1.655864031333996e-05, 7.285801737869557e-06, 5.387077648606547e-06, -0.005394956285736539, 0.0012297550206046282, 0.00022122343455066584, -0.00028701643209789324, -0.0013168927584317203, -3.184631300241444e-05, 5.453312212466699e-05, 5.607859520750935e-05, 0.00016130102702026014, 0.005916851573773668, 0.06679307032288866, -0.0012931849950064134, -0.00016130102702026014, 0.005916851573773668, 0.005916851573773668, 0.06679307032288866, 0.00016130102702026014, -0.00016130102699207782, 0.005916851573773668, -0.005838656177019175, -0.0019212438400891263, -0.00016130102702026014, 0.00028701643213935313, -0.0013487390714341347, -0.00011701439154760199, -0.0013487390714341347, -0.0013487390714341347, -0.0013487390714341347, 0.00011061171729311037, -0.0006956836749623108, 0.022262795279392567, 0.02526088282411365, 0.02226279527940278, -0.001055092274555136, -0.001055092274555136, -0.00536489689670816, -0.0013108475447370371, -0.005364896896662336, 0.001348739071431737, 1.2805348508983022e-05, 3.497184834177396e-05, -0.002034177457773012, 0.06734502499999995, 0.0007742599428076028, -0.0013487390714341347, -0.06165013547507614, 0.00011701439154760199, 0.0006956836749623108, 0.00016130102699207782, -0.022262795279392567, 0.0010550922745945907, -0.06679307032288762, 0.012956704466419685, -0.00016130102699207782]","[0.026924277000215546, 0.026924277000215546, 0.00026202392427876475, 0.00026202392427876475, 0.00026202392427876475, 0.00026202392427876475, 0.00026202392427876475, 0.00022669882503123517, 0.0001428017141051896, 0.0013108475446870216, 0.0013108475447370371, 3.90783911394816e-05, 0.00536489689670816, 0.005364896896662336, 0.00536489689670816, 0.00016130102702026014, 6.027345045067634e-06, 0.005916851573773668, 0.0013487390714341347, 1.2805348508983022e-05, 3.753291804356983e-05, 1.61170765716511e-05, 1.766254966757046e-05, 1.1922221025604867e-05, 0.0002781851572081829, 0.00028701643209789324, 0.06679307032288866, 0.06679307032288762, 5.607859519451107e-05, 0.06679307032288866, 0.06679307032288866, 3.5325099335133114e-05, 3.5325099335126176e-05, 0.00022122343458622074, 3.709135430188162e-05, 0.00010818311671382044, 3.461859734842261e-05, 0.00011061171733217634, 5.607859519451107e-05, 0.0016796201606368924, 0.0013487390714341347, 0.00026202392427876475, 0.00026202392427876475, 0.00026202392427876475, 0.00026202392427876475, 0.00026202392427876475, 0.00022669882503123517, 0.00018960747070195794, 3.4618597396729456e-05, 0.0002992256695269757, 0.0002992256695269757, 0.001348739071431737, 0.0013487390714341347, 0.0009714402317159507, 5.607859519451107e-05, 0.010789912571473078, 0.010789912571473078, 0.0006958823786577945, 0.0007742599427729147, 0.00026202392431829704, 0.00026202392431829704, 0.00026202392431829704, 0.00011039093542227797, 0.00026202392431829704, 0.00026202392431829704, 0.00022669882498316946, 0.00018960747068128697, 3.461859734842261e-05, 0.0006146567284311833, 0.0002992256695269757, 0.0013487390714341347, 0.06165013547507614, 0.06165013547501985, 0.06357137931513535, 0.0019212438400891263, 0.00011701439154760199, 0.00011701439154876425, 0.00011039093542227797, 0.02692427700026201, 0.00026202392431829704, 0.00026202392431829704, 0.00026202392431829704, 0.00026202392431829704, 0.00026202392431829704, 0.00022669882498316946, 5.740328641957895e-06, 1.655864031333996e-05, 7.285801737869557e-06, 5.387077648606547e-06, 0.00018960747068128697, 3.461859734842261e-05, 0.002034177457773012, 0.010789912571453897, 0.0020341774577445904, 1.2805348508983022e-05, 3.753291804356983e-05, 1.1922221025604867e-05, 0.06734502499999999, 0.06734502500000872, 3.532509933509842e-05, 0.0003445069248236938, 3.497184832212952e-05, 0.00011061171729311037, 0.0010550922745945907, 2.6493824501344198e-05, 0.000417498517767019, 0.0002781851572081829, 5.45331220985993e-05, 5.607859519451107e-05, 0.0006832956038351767, 0.0007992303724572158, 5.607859519451107e-05, 0.0005585781332366722, 1.2805348508983022e-05, 3.753291804356983e-05, 1.1922221025604867e-05, 0.00029597796825283143, 5.45331220985993e-05, 0.012005027546537844, 5.45331220985993e-05, 0.00034221189980902095, 3.461859734842261e-05, 0.00016130102702026014, 0.007061600781799626, 3.753291804356983e-05, 1.1922221025604867e-05, 5.740328641957895e-06, 1.655864031333996e-05, 7.285801737869557e-06, 5.387077648606547e-06, 0.005394956285736539, 0.0012297550206046282, 0.00022122343455066584, 0.00028701643209789324, 0.0013168927584317203, 3.184631300241444e-05, 5.453312212466699e-05, 5.607859520750935e-05, 0.00016130102702026014, 0.005916851573773668, 0.06679307032288866, 0.0012931849950064134, 0.00016130102702026014, 0.005916851573773668, 0.005916851573773668, 0.06679307032288866, 0.00016130102702026014, 0.00016130102699207782, 0.005916851573773668, 0.005838656177019175, 0.0019212438400891263, 0.00016130102702026014, 0.00028701643213935313, 0.0013487390714341347, 0.00011701439154760199, 0.0013487390714341347, 0.0013487390714341347, 0.0013487390714341347, 0.00011061171729311037, 0.0006956836749623108, 0.022262795279392567, 0.02526088282411365, 0.02226279527940278, 0.001055092274555136, 0.001055092274555136, 0.00536489689670816, 0.0013108475447370371, 0.005364896896662336, 0.001348739071431737, 1.2805348508983022e-05, 3.497184834177396e-05, 0.002034177457773012, 0.06734502499999995, 0.0007742599428076028, 0.0013487390714341347, 0.06165013547507614, 0.00011701439154760199, 0.0006956836749623108, 0.00016130102699207782, 0.022262795279392567, 0.0010550922745945907, 0.06679307032288762, 0.012956704466419685, 0.00016130102699207782]","['ACSERtex', 'ACSERtpp', 'AGMtex', 'ARGAGMt7pp', 'ASPO5', 'CPPPGO', 'CHORM', 'FACOAE120', 'FADRx', 'FCLT', 'FE2tex', 'FE2tpp', 'GLUTRR', 'GLUTRS', 'GND', 'HMBS', 'HOMt2pp', 'HOMtex', 'HSDy', 'HSK', 'G1SAT', 'LEUtex', 'LYStex', 'ME1', 'PAPSR', 'PDH', 'PPBNGS', 'PPND', 'PPPGO', 'PPPGO3', 'SULR', 'SO4tex', 'SUCCt2_2pp', 'THRS', 'SULabcpp', 'TYRTA', 'PHEMEabcpp', 'TRPS2', 'PHEMEtiex', 'UPP3S', 'UPPDC1', 'VALtex', 'ARGDC', 'EX_acser_e', 'EX_agm_e', 'EX_fe2_e', 'EX_leu__L_e', 'EX_lys__L_e', 'EX_pheme_e', 'EX_hom__L_e', 'EX_so4_e', 'EX_val__L_e', 'PAPSSH']","['ACOAD1f', 'ACOAD2f', 'ACOAD3f', 'ACOAD4f', 'ACOAD5f', 'ACOAD6f', 'ADPT', 'ARGabcpp', 'ALATA_L2', 'AST', 'CDAPPA140', 'CDAPPA160', 'CDAPPA161', 'CYSS', 'CDAPPA181', 'CYTD', 'DAPDC', 'DAPE', 'DCTPD', 'DHDPRy', 'DHDPS', 'FA120ACPHi', 'DRPA', 'FACOAL140t2pp', 'FACOAL160t2pp', 'FACOAL181t2pp', 'DURIPP', 'DUTPDP', 'ECOAH1', 'ECOAH2', 'ECOAH3', 'ECOAH4', 'ECOAH5', 'ECOAH6', 'ECOAH7', 'ECOAH8', 'EDA', 'EDD', 'GLUSy', 'GUAPRT', 'GLYC3Ptex', 'HACD1i', 'HACD2i', 'HACD3i', 'GLYCLTDx', 'HACD4i', 'HACD5i', 'HACD6i', 'HACD7i', 'HACD8i', 'GMPR', 'INDOLEt2pp', 'INDOLEtex', 'ICL', 'KAT1', 'ACACT11', 'ACACT8', 'ACACT13', 'ACACT10', 'ACACT9', 'LPLIPAL1G140pp', 'LPLIPAL1G160pp', 'LPLIPAL1G161pp', 'LPLIPAL1G181pp', 'ACACT12', 'ACACT8r', 'LEUabcpp', 'LPLIPAL1A140pp', 'LPLIPAL1A160pp', 'LPLIPAL1A181pp', 'LYSt3pp', 'MACPD', 'G3PGtex', 'NTD1', 'NTD10', 'G6PDA', 'NTD2', 'NTD4', 'NTD6', 'NTD8', 'NTP3', 'P5CD', 'NTPP1', 'NTPP2', 'PA140abcpp', 'PA160abcpp', 'PA181abcpp', 'NTPP4', 'NTPP5', 'NTPP6', 'NTPP7', 'NTPP8', 'CTECOAI8', 'PLIPA2A160pp', 'PLIPA2A181pp', 'PLIPA2G140pp', 'PLIPA2G160pp', 'PLIPA2G161pp', 'PLIPA2G181pp', 'PPC', 'PPM2', 'PUNP2', 'PUNP4', 'PYAM5PO', 'SADH', 'SDPDS', 'SGDS', 'SGSAD', 'THDPS', 'THIORDXi', 'SOTA', 'UPPRT', 'URItex', 'VALabcpp', 'XTSNt2rpp', 'XTSNtex', 'PLIPA2A140pp', 'EX_g3pg_e', 'EX_glyc3p_e', 'EX_indole_e', 'EX_uri_e', 'EX_xtsn_e', 'SDPTA', 'SUCCt3pp']","['DHAD1', 'ACLS', 'ACOAD7f', 'GLYC3Pabcpp', 'KARA1', 'SERAT', 'VALTA']",LYStex,DAPDC,1.565906994708702,1,184,7,-60.0,-0.4136998231799912,iPC815,PSL,True,False,-1.51645878005007,0.0,0.0,0.0
63,"['DHAD1', 'GLCP', 'ACLS', 'ACOAD1f', 'ACOAD2f', 'ACOAD3f', 'ACOAD4f', 'ACOAD5f', 'ACOAD6f', 'ACOAD7f', 'ACOATA', 'ACSERtex', 'ACSERtpp', 'ADPT', 'AGMtex', 'ARGabcpp', 'ARGAGMt7pp', 'ALATA_L2', 'ASPO5', 'AST', 'CPPPGO', 'CDAPPA140', 'CDAPPA160', 'CDAPPA161', 'CYSS', 'CDAPPA181', 'CYTD', 'CHORM', 'DAPDC', 'DAPE', 'DCYTD', 'DHDPRy', 'DHDPS', 'FA120ACPHi', 'FACOAE120', 'DRPA', 'FACOAL140t2pp', 'FACOAL160t2pp', 'FACOAL161t2pp', 'FACOAL181t2pp', 'DURIPP', 'FADRx', 'FCLT', 'ECOAH1', 'ECOAH2', 'ECOAH3', 'ECOAH4', 'ECOAH5', 'ECOAH6', 'ECOAH7', 'ECOAH8', 'EDA', 'EDD', 'FE2tex', 'FE2tpp', 'GLUSy', 'GUAPRT', 'GLUTRR', 'GLUTRS', 'GLYC3Pabcpp', 'GLYC3Ptex', 'HACD1i', 'HACD2i', 'HACD3i', 'GLYCLTDx', 'HACD4i', 'HACD5i', 'HACD6i', 'HACD7i', 'HACD8i', 'GMPR', 'GND', 'CTECOAI7', 'GPDDA4', 'HMBS', 'HOMt2pp', 'HOMtex', 'HSDy', 'HSK', 'INDOLEt2pp', 'INDOLEtex', 'ICL', 'KARA1', 'KAT1', 'ACACT11', 'ACACT8', 'ACACT13', 'ACACT10', 'ACACT9', 'LPLIPAL1G140pp', 'LPLIPAL1G160pp', 'LPLIPAL1G161pp', 'LPLIPAL1G181pp', 'ACACT12', 'ACACT8r', 'LEUabcpp', 'G1SAT', 'LEUtex', 'LPLIPAL1A140pp', 'LPLIPAL1A160pp', 'LPLIPAL1A161pp', 'LPLIPAL1A181pp', 'LYSt3pp', 'LYStex', 'MACPD', 'G3PGabcpp', 'G3PGtex', 'NTD1', 'NTD10', 'G6PDA', 'NTD2', 'NTD3', 'NTD4', 'NTD6', 'NTD8', 'NTP3', 'P5CD', 'NTPP1', 'NTPP2', 'PA140abcpp', 'PA160abcpp', 'PA161abcpp', 'PA181abcpp', 'NTPP3', 'NTPP4', 'NTPP5', 'NTPP6', 'NTPP7', 'NTPP8', 'CTECOAI8', 'PAPSR', 'PDH', 'PLIPA2A160pp', 'PLIPA2A161pp', 'PLIPA2A181pp', 'PLIPA2G140pp', 'PLIPA2G160pp', 'PLIPA2G161pp', 'PLIPA2G181pp', 'PPBNGS', 'PPC', 'PPM2', 'PPND', 'PPPGO', 'PPPGO3', 'PUNP2', 'PUNP4', 'PYAM5PO', 'SADH', 'SDPDS', 'SERAT', 'SULR', 'SGDS', 'SGSAD', 'THDPS', 'THIORDXi', 'SO4tex', 'SOTA', 'SUCCt2_2pp', 'THRS', 'SULabcpp', 'TYRTA', 'PHEMEabcpp', 'PHEMEtiex', 'NADS2', 'UPP3S', 'UPPDC1', 'UPPRT', 'URItex', 'VALabcpp', 'VALTA', 'VALtex', 'XTSNt2rpp', 'XTSNtex', 'ARGDC', 'EX_acser_e', 'EX_agm_e', 'EX_fe2_e', 'PLIPA2A140pp', 'EX_g3pg_e', 'EX_leu__L_e', 'EX_lys__L_e', 'EX_glyc3p_e', 'EX_pheme_e', 'EX_hom__L_e', 'EX_indole_e', 'EX_uri_e', 'EX_so4_e', 'EX_val__L_e', 'EX_xtsn_e', 'SDPTA', 'PAPSSH']","[-0.026924274527300784, 0.00034000365535991756, -0.026924274527300784, 0.0002620235961785511, 0.0002620235961785511, 0.0002620235961785511, 0.0002620235961785511, 0.0002620235961785511, 0.00022669854104151455, 0.00014280153527579387, -3.532505513703654e-05, 0.0013108560979162576, -0.001310856097878954, 3.9078342206950827e-05, 0.005364898651237127, 0.005364898651191385, -0.005364898651237127, 0.0001613008250733322, -6.0273375845191785e-06, 0.005916852637165265, -0.0013487396332479314, 1.2805332474594361e-05, 3.753287104622371e-05, 1.6117056390437846e-05, 1.7662527551172338e-05, 1.192220609703607e-05, 0.0002781848088682288, -0.0002870160727064183, 0.0667930710140261, 0.0667930710139899, 5.60785249749474e-05, 0.0667930710140261, 0.0667930710140261, 3.53250551023308e-05, -3.53250551023308e-05, 0.00022122315757833536, 3.7091307857445646e-05, 0.0001081829812508827, 4.680569801058642e-05, 3.46185540002833e-05, 0.00011061157874792116, -0.001679618057477961, -0.0013487396332495887, -0.0002620235961785511, -0.0002620235961785511, -0.0002620235961785511, -0.0002620235961785511, -0.0002620235961785511, -0.00022669854115520138, -0.00018960723321015394, -3.4618553968357446e-05, 0.00029922529493376965, 0.00029922529493376965, -0.0013487396332720891, -0.0013487396332495887, 0.0013219682121731469, 5.60785249749474e-05, -0.010789917065983451, -0.010789917065983451, -0.0007191518875201593, -0.0007975293535764649, 0.00026202359622152095, 0.00026202359622152095, 0.00026202359622152095, 0.00011039079719478949, 0.00026202359622152095, 0.00026202359622152095, 0.00022669854111919015, 0.00018960723326175155, 3.46185540002833e-05, 0.0002701540995060196, -0.00029922529493376965, 4.680569801058642e-05, 1.1635190024329462e-05, -0.0013487396332479314, -0.06165014260683327, 0.061650142606822556, 0.06357138404121088, -0.0019212414343598438, 0.00011701424502646475, -0.00011701424500643043, 0.00011039079719478949, 0.026924274527232228, 0.00026202359622152095, 0.00026202359622152095, 0.00026202359622152095, 0.00026202359622152095, 0.00026202359622152095, 0.00022669854111919015, 5.740321454128462e-06, 1.655861957921721e-05, 7.285792614855364e-06, 5.387070903105145e-06, 0.00018960723326175155, 3.46185540002833e-05, 0.002034176366130458, -0.01078991706594934, 0.0020341763661235746, 1.2805332474594361e-05, 3.753287104622371e-05, 1.6117056390437846e-05, 1.192220609703607e-05, 0.06734502499999999, -0.06734502500000872, 3.5325055102344675e-05, 1.1635190024329462e-05, -2.333661450393265e-05, 5.453305381422028e-05, 0.001055090952552823, 2.6493791326747014e-05, 0.0004174979949906413, 5.60785249749474e-05, 0.0002781848088682288, 5.453305381422028e-05, 5.60785249749474e-05, 0.0006832947464090466, 0.0007992293716902049, 5.60785249749474e-05, 0.0005806555944646852, 1.2805332474594361e-05, 3.753287104622371e-05, 1.6117056390437846e-05, 1.192220609703607e-05, 5.60785249749474e-05, 0.0002959775975546787, 5.453305381422028e-05, 0.012327454218122424, 5.453305381422028e-05, 0.00034221147130380353, 3.46185540002833e-05, -0.0001613008250733322, -0.007061603589596954, 3.753287104622371e-05, 1.6117056390437846e-05, 1.192220609703607e-05, 5.740321454128462e-06, 1.655861957921721e-05, 7.285792614855364e-06, 5.387070903105145e-06, -0.0053949585329917255, 0.0012297534807492738, 0.00022122315760952915, -0.0002870160727064183, -0.0013168933601572046, -3.184627309238408e-05, 5.453305379887752e-05, 5.607852494904364e-05, 0.0001613008250733322, 0.005916852637165265, 0.0667930710140261, -0.0012931935704045827, -0.0001613008250733322, 0.005916852637165265, 0.005916852637165265, 0.0667930710140261, 0.0001613008250733322, -0.00016130082508425403, 0.005916852637165265, -0.005846458921640624, -0.0019212414343598438, -0.0001613008250733322, 0.00028701607266157225, -0.0013487396332495887, -0.0013487396332495887, -6.0273375845191785e-06, -0.0013487396332479314, -0.0013487396332479314, 0.00011061157878916768, -0.0006956828038937601, 0.022262797187934558, 0.025260880978635214, 0.022262797187977412, -0.001055090952604587, -0.001055090952604587, -0.005364898651237127, -0.001310856097878954, -0.005364898651191385, 0.0013487396332720891, 1.2805332474594361e-05, 2.3336614526976718e-05, -0.002034176366130458, 0.06734502499999995, 0.0007975293535284513, -0.0013487396332495887, -0.06165014260683327, 0.00011701424502646475, 0.0006956828038937601, 0.00016130082508425403, -0.022262797187934558, 0.001055090952552823, -0.0667930710139899, -0.00016130082508425403]","[0.026924274527300784, 0.00034000365535991756, 0.026924274527300784, 0.0002620235961785511, 0.0002620235961785511, 0.0002620235961785511, 0.0002620235961785511, 0.0002620235961785511, 0.00022669854104151455, 0.00014280153527579387, 3.532505513703654e-05, 0.0013108560979162576, 0.001310856097878954, 3.9078342206950827e-05, 0.005364898651237127, 0.005364898651191385, 0.005364898651237127, 0.0001613008250733322, 6.0273375845191785e-06, 0.005916852637165265, 0.0013487396332479314, 1.2805332474594361e-05, 3.753287104622371e-05, 1.6117056390437846e-05, 1.7662527551172338e-05, 1.192220609703607e-05, 0.0002781848088682288, 0.0002870160727064183, 0.0667930710140261, 0.0667930710139899, 5.60785249749474e-05, 0.0667930710140261, 0.0667930710140261, 3.53250551023308e-05, 3.53250551023308e-05, 0.00022122315757833536, 3.7091307857445646e-05, 0.0001081829812508827, 4.680569801058642e-05, 3.46185540002833e-05, 0.00011061157874792116, 0.001679618057477961, 0.0013487396332495887, 0.0002620235961785511, 0.0002620235961785511, 0.0002620235961785511, 0.0002620235961785511, 0.0002620235961785511, 0.00022669854115520138, 0.00018960723321015394, 3.4618553968357446e-05, 0.00029922529493376965, 0.00029922529493376965, 0.0013487396332720891, 0.0013487396332495887, 0.0013219682121731469, 5.60785249749474e-05, 0.010789917065983451, 0.010789917065983451, 0.0007191518875201593, 0.0007975293535764649, 0.00026202359622152095, 0.00026202359622152095, 0.00026202359622152095, 0.00011039079719478949, 0.00026202359622152095, 0.00026202359622152095, 0.00022669854111919015, 0.00018960723326175155, 3.46185540002833e-05, 0.0002701540995060196, 0.00029922529493376965, 4.680569801058642e-05, 1.1635190024329462e-05, 0.0013487396332479314, 0.06165014260683327, 0.061650142606822556, 0.06357138404121088, 0.0019212414343598438, 0.00011701424502646475, 0.00011701424500643043, 0.00011039079719478949, 0.026924274527232228, 0.00026202359622152095, 0.00026202359622152095, 0.00026202359622152095, 0.00026202359622152095, 0.00026202359622152095, 0.00022669854111919015, 5.740321454128462e-06, 1.655861957921721e-05, 7.285792614855364e-06, 5.387070903105145e-06, 0.00018960723326175155, 3.46185540002833e-05, 0.002034176366130458, 0.01078991706594934, 0.0020341763661235746, 1.2805332474594361e-05, 3.753287104622371e-05, 1.6117056390437846e-05, 1.192220609703607e-05, 0.06734502499999999, 0.06734502500000872, 3.5325055102344675e-05, 1.1635190024329462e-05, 2.333661450393265e-05, 5.453305381422028e-05, 0.001055090952552823, 2.6493791326747014e-05, 0.0004174979949906413, 5.60785249749474e-05, 0.0002781848088682288, 5.453305381422028e-05, 5.60785249749474e-05, 0.0006832947464090466, 0.0007992293716902049, 5.60785249749474e-05, 0.0005806555944646852, 1.2805332474594361e-05, 3.753287104622371e-05, 1.6117056390437846e-05, 1.192220609703607e-05, 5.60785249749474e-05, 0.0002959775975546787, 5.453305381422028e-05, 0.012327454218122424, 5.453305381422028e-05, 0.00034221147130380353, 3.46185540002833e-05, 0.0001613008250733322, 0.007061603589596954, 3.753287104622371e-05, 1.6117056390437846e-05, 1.192220609703607e-05, 5.740321454128462e-06, 1.655861957921721e-05, 7.285792614855364e-06, 5.387070903105145e-06, 0.0053949585329917255, 0.0012297534807492738, 0.00022122315760952915, 0.0002870160727064183, 0.0013168933601572046, 3.184627309238408e-05, 5.453305379887752e-05, 5.607852494904364e-05, 0.0001613008250733322, 0.005916852637165265, 0.0667930710140261, 0.0012931935704045827, 0.0001613008250733322, 0.005916852637165265, 0.005916852637165265, 0.0667930710140261, 0.0001613008250733322, 0.00016130082508425403, 0.005916852637165265, 0.005846458921640624, 0.0019212414343598438, 0.0001613008250733322, 0.00028701607266157225, 0.0013487396332495887, 0.0013487396332495887, 6.0273375845191785e-06, 0.0013487396332479314, 0.0013487396332479314, 0.00011061157878916768, 0.0006956828038937601, 0.022262797187934558, 0.025260880978635214, 0.022262797187977412, 0.001055090952604587, 0.001055090952604587, 0.005364898651237127, 0.001310856097878954, 0.005364898651191385, 0.0013487396332720891, 1.2805332474594361e-05, 2.3336614526976718e-05, 0.002034176366130458, 0.06734502499999995, 0.0007975293535284513, 0.0013487396332495887, 0.06165014260683327, 0.00011701424502646475, 0.0006956828038937601, 0.00016130082508425403, 0.022262797187934558, 0.001055090952552823, 0.0667930710139899, 0.00016130082508425403]","['ACSERtex', 'ACSERtpp', 'AGMtex', 'ARGAGMt7pp', 'ASPO5', 'CPPPGO', 'CHORM', 'FACOAE120', 'FADRx', 'FCLT', 'FE2tex', 'FE2tpp', 'GLUTRR', 'GLUTRS', 'GND', 'HMBS', 'HOMt2pp', 'HOMtex', 'HSDy', 'HSK', 'G1SAT', 'LEUtex', 'LYStex', 'PAPSR', 'PDH', 'PPBNGS', 'PPND', 'PPPGO', 'PPPGO3', 'SULR', 'SO4tex', 'SUCCt2_2pp', 'THRS', 'SULabcpp', 'TYRTA', 'PHEMEabcpp', 'PHEMEtiex', 'NADS2', 'UPP3S', 'UPPDC1', 'VALtex', 'ARGDC', 'EX_acser_e', 'EX_agm_e', 'EX_fe2_e', 'EX_leu__L_e', 'EX_lys__L_e', 'EX_pheme_e', 'EX_hom__L_e', 'EX_so4_e', 'EX_val__L_e', 'PAPSSH']","['GLCP', 'ACOAD1f', 'ACOAD2f', 'ACOAD3f', 'ACOAD4f', 'ACOAD5f', 'ACOAD7f', 'ACOATA', 'ADPT', 'ARGabcpp', 'ALATA_L2', 'AST', 'CDAPPA140', 'CDAPPA160', 'CDAPPA161', 'CYSS', 'CDAPPA181', 'CYTD', 'DAPDC', 'DAPE', 'DCYTD', 'DHDPRy', 'DHDPS', 'FA120ACPHi', 'DRPA', 'FACOAL140t2pp', 'FACOAL160t2pp', 'FACOAL161t2pp', 'FACOAL181t2pp', 'DURIPP', 'ECOAH1', 'ECOAH2', 'ECOAH3', 'ECOAH4', 'ECOAH5', 'ECOAH6', 'ECOAH7', 'ECOAH8', 'EDA', 'EDD', 'GLUSy', 'GUAPRT', 'GLYC3Ptex', 'HACD1i', 'HACD2i', 'HACD3i', 'GLYCLTDx', 'HACD4i', 'HACD5i', 'HACD6i', 'HACD7i', 'HACD8i', 'GMPR', 'CTECOAI7', 'GPDDA4', 'INDOLEt2pp', 'INDOLEtex', 'ICL', 'KAT1', 'ACACT11', 'ACACT8', 'ACACT13', 'ACACT10', 'ACACT9', 'LPLIPAL1G140pp', 'LPLIPAL1G160pp', 'LPLIPAL1G161pp', 'LPLIPAL1G181pp', 'ACACT12', 'ACACT8r', 'LEUabcpp', 'LPLIPAL1A140pp', 'LPLIPAL1A160pp', 'LPLIPAL1A161pp', 'LPLIPAL1A181pp', 'LYSt3pp', 'MACPD', 'G3PGabcpp', 'G3PGtex', 'NTD1', 'NTD10', 'G6PDA', 'NTD2', 'NTD3', 'NTD4', 'NTD6', 'NTD8', 'NTP3', 'P5CD', 'NTPP1', 'NTPP2', 'PA140abcpp', 'PA160abcpp', 'PA161abcpp', 'PA181abcpp', 'NTPP3', 'NTPP4', 'NTPP5', 'NTPP6', 'NTPP7', 'NTPP8', 'CTECOAI8', 'PLIPA2A160pp', 'PLIPA2A161pp', 'PLIPA2A181pp', 'PLIPA2G140pp', 'PLIPA2G160pp', 'PLIPA2G161pp', 'PLIPA2G181pp', 'PPC', 'PPM2', 'PUNP2', 'PUNP4', 'PYAM5PO', 'SADH', 'SDPDS', 'SGDS', 'SGSAD', 'THDPS', 'THIORDXi', 'SOTA', 'UPPRT', 'URItex', 'VALabcpp', 'XTSNt2rpp', 'XTSNtex', 'PLIPA2A140pp', 'EX_g3pg_e', 'EX_glyc3p_e', 'EX_indole_e', 'EX_uri_e', 'EX_xtsn_e', 'SDPTA']","['DHAD1', 'ACLS', 'ACOAD6f', 'GLYC3Pabcpp', 'KARA1', 'SERAT', 'VALTA']",LYStex,DAPE,1.5659070029082967,1,192,7,-68.0,-0.4019879407000483,iPC815,PSL,True,False,-1.51645878005007,0.0,0.0,0.0
64,"['DHAD1', 'GLCP', 'ACLS', 'ACOAD1f', 'ACOAD2f', 'ACOAD3f', 'ACOAD4f', 'ACOAD5f', 'ACOAD6f', 'ACOAD7f', 'ACOATA', 'ACSERtex', 'ACSERtpp', 'ADPT', 'AGMtex', 'ARGabcpp', 'ARGAGMt7pp', 'ALATA_L2', 'ASPO5', 'AST', 'CPPPGO', 'CDAPPA140', 'CDAPPA160', 'CDAPPA161', 'CYSS', 'CDAPPA181', 'CYTD', 'CHORM', 'DAPDC', 'DAPE', 'DCYTD', 'DHDPRy', 'DHDPS', 'FA120ACPHi', 'FACOAE120', 'DRPA', 'FACOAL140t2pp', 'FACOAL160t2pp', 'FACOAL161t2pp', 'FACOAL181t2pp', 'DURIPP', 'FADRx', 'FCLT', 'ECOAH1', 'ECOAH2', 'ECOAH3', 'ECOAH4', 'ECOAH5', 'ECOAH6', 'ECOAH7', 'ECOAH8', 'EDA', 'EDD', 'FE2tex', 'FE2tpp', 'GLUSy', 'GUAPRT', 'GLUTRR', 'GLUTRS', 'GLYC3Pabcpp', 'GLYC3Ptex', 'HACD1i', 'HACD2i', 'HACD3i', 'GLYCLTDx', 'HACD4i', 'HACD5i', 'HACD6i', 'HACD7i', 'HACD8i', 'GMPR', 'GND', 'CTECOAI7', 'GPDDA4', 'HMBS', 'HOMt2pp', 'HOMtex', 'HSDy', 'HSK', 'INDOLEt2pp', 'INDOLEtex', 'ICL', 'KARA1', 'KAT1', 'ACACT11', 'ACACT8', 'ACACT13', 'ACACT10', 'ACACT9', 'LPLIPAL1G140pp', 'LPLIPAL1G160pp', 'LPLIPAL1G161pp', 'LPLIPAL1G181pp', 'ACACT12', 'ACACT8r', 'LEUabcpp', 'G1SAT', 'LEUtex', 'LPLIPAL1A140pp', 'LPLIPAL1A160pp', 'LPLIPAL1A161pp', 'LPLIPAL1A181pp', 'LYSt3pp', 'LYStex', 'MACPD', 'G3PGabcpp', 'G3PGtex', 'NTD1', 'NTD10', 'G6PDA', 'NTD2', 'NTD3', 'NTD4', 'NTD6', 'NTD8', 'NTP3', 'P5CD', 'NTPP1', 'NTPP2', 'PA140abcpp', 'PA160abcpp', 'PA161abcpp', 'PA181abcpp', 'NTPP3', 'NTPP4', 'NTPP5', 'NTPP6', 'NTPP7', 'NTPP8', 'CTECOAI8', 'PAPSR', 'PDH', 'PLIPA2A160pp', 'PLIPA2A161pp', 'PLIPA2A181pp', 'PLIPA2G140pp', 'PLIPA2G160pp', 'PLIPA2G161pp', 'PLIPA2G181pp', 'PPBNGS', 'PPC', 'PPM2', 'PPND', 'PPPGO', 'PPPGO3', 'PUNP2', 'PUNP4', 'PYAM5PO', 'SADH', 'SDPDS', 'SERAT', 'SULR', 'SGDS', 'SGSAD', 'THDPS', 'THIORDXi', 'SO4tex', 'SOTA', 'SUCCt2_2pp', 'THRS', 'SULabcpp', 'TYRTA', 'PHEMEabcpp', 'PHEMEtiex', 'NADS2', 'UPP3S', 'UPPDC1', 'UPPRT', 'URItex', 'VALabcpp', 'VALTA', 'VALtex', 'XTSNt2rpp', 'XTSNtex', 'ARGDC', 'EX_acser_e', 'EX_agm_e', 'EX_fe2_e', 'PLIPA2A140pp', 'EX_g3pg_e', 'EX_leu__L_e', 'EX_lys__L_e', 'EX_glyc3p_e', 'EX_pheme_e', 'EX_hom__L_e', 'EX_indole_e', 'EX_uri_e', 'EX_so4_e', 'EX_val__L_e', 'EX_xtsn_e', 'SDPTA', 'PAPSSH']","[-0.026924274527300784, 0.00034000365535991756, -0.026924274527300784, 0.0002620235961785511, 0.0002620235961785511, 0.0002620235961785511, 0.0002620235961785511, 0.0002620235961785511, 0.00022669854104151455, 0.00014280153527579387, -3.532505513703654e-05, 0.0013108560979162576, -0.001310856097878954, 3.9078342206950827e-05, 0.005364898651237127, 0.005364898651191385, -0.005364898651237127, 0.0001613008250733322, -6.0273375845191785e-06, 0.005916852637165265, -0.0013487396332479314, 1.2805332474594361e-05, 3.753287104622371e-05, 1.6117056390437846e-05, 1.7662527551172338e-05, 1.192220609703607e-05, 0.0002781848088682288, -0.0002870160727064183, 0.0667930710140261, 0.0667930710139899, 5.60785249749474e-05, 0.0667930710140261, 0.0667930710140261, 3.53250551023308e-05, -3.53250551023308e-05, 0.00022122315757833536, 3.7091307857445646e-05, 0.0001081829812508827, 4.680569801058642e-05, 3.46185540002833e-05, 0.00011061157874792116, -0.001679618057477961, -0.0013487396332495887, -0.0002620235961785511, -0.0002620235961785511, -0.0002620235961785511, -0.0002620235961785511, -0.0002620235961785511, -0.00022669854115520138, -0.00018960723321015394, -3.4618553968357446e-05, 0.00029922529493376965, 0.00029922529493376965, -0.0013487396332720891, -0.0013487396332495887, 0.0013219682121731469, 5.60785249749474e-05, -0.010789917065983451, -0.010789917065983451, -0.0007191518875201593, -0.0007975293535764649, 0.00026202359622152095, 0.00026202359622152095, 0.00026202359622152095, 0.00011039079719478949, 0.00026202359622152095, 0.00026202359622152095, 0.00022669854111919015, 0.00018960723326175155, 3.46185540002833e-05, 0.0002701540995060196, -0.00029922529493376965, 4.680569801058642e-05, 1.1635190024329462e-05, -0.0013487396332479314, -0.06165014260683327, 0.061650142606822556, 0.06357138404121088, -0.0019212414343598438, 0.00011701424502646475, -0.00011701424500643043, 0.00011039079719478949, 0.026924274527232228, 0.00026202359622152095, 0.00026202359622152095, 0.00026202359622152095, 0.00026202359622152095, 0.00026202359622152095, 0.00022669854111919015, 5.740321454128462e-06, 1.655861957921721e-05, 7.285792614855364e-06, 5.387070903105145e-06, 0.00018960723326175155, 3.46185540002833e-05, 0.002034176366130458, -0.01078991706594934, 0.0020341763661235746, 1.2805332474594361e-05, 3.753287104622371e-05, 1.6117056390437846e-05, 1.192220609703607e-05, 0.06734502499999999, -0.06734502500000872, 3.5325055102344675e-05, 1.1635190024329462e-05, -2.333661450393265e-05, 5.453305381422028e-05, 0.001055090952552823, 2.6493791326747014e-05, 0.0004174979949906413, 5.60785249749474e-05, 0.0002781848088682288, 5.453305381422028e-05, 5.60785249749474e-05, 0.0006832947464090466, 0.0007992293716902049, 5.60785249749474e-05, 0.0005806555944646852, 1.2805332474594361e-05, 3.753287104622371e-05, 1.6117056390437846e-05, 1.192220609703607e-05, 5.60785249749474e-05, 0.0002959775975546787, 5.453305381422028e-05, 0.012327454218122424, 5.453305381422028e-05, 0.00034221147130380353, 3.46185540002833e-05, -0.0001613008250733322, -0.007061603589596954, 3.753287104622371e-05, 1.6117056390437846e-05, 1.192220609703607e-05, 5.740321454128462e-06, 1.655861957921721e-05, 7.285792614855364e-06, 5.387070903105145e-06, -0.0053949585329917255, 0.0012297534807492738, 0.00022122315760952915, -0.0002870160727064183, -0.0013168933601572046, -3.184627309238408e-05, 5.453305379887752e-05, 5.607852494904364e-05, 0.0001613008250733322, 0.005916852637165265, 0.0667930710140261, -0.0012931935704045827, -0.0001613008250733322, 0.005916852637165265, 0.005916852637165265, 0.0667930710140261, 0.0001613008250733322, -0.00016130082508425403, 0.005916852637165265, -0.005846458921640624, -0.0019212414343598438, -0.0001613008250733322, 0.00028701607266157225, -0.0013487396332495887, -0.0013487396332495887, -6.0273375845191785e-06, -0.0013487396332479314, -0.0013487396332479314, 0.00011061157878916768, -0.0006956828038937601, 0.022262797187934558, 0.025260880978635214, 0.022262797187977412, -0.001055090952604587, -0.001055090952604587, -0.005364898651237127, -0.001310856097878954, -0.005364898651191385, 0.0013487396332720891, 1.2805332474594361e-05, 2.3336614526976718e-05, -0.002034176366130458, 0.06734502499999995, 0.0007975293535284513, -0.0013487396332495887, -0.06165014260683327, 0.00011701424502646475, 0.0006956828038937601, 0.00016130082508425403, -0.022262797187934558, 0.001055090952552823, -0.0667930710139899, -0.00016130082508425403]","[0.026924274527300784, 0.00034000365535991756, 0.026924274527300784, 0.0002620235961785511, 0.0002620235961785511, 0.0002620235961785511, 0.0002620235961785511, 0.0002620235961785511, 0.00022669854104151455, 0.00014280153527579387, 3.532505513703654e-05, 0.0013108560979162576, 0.001310856097878954, 3.9078342206950827e-05, 0.005364898651237127, 0.005364898651191385, 0.005364898651237127, 0.0001613008250733322, 6.0273375845191785e-06, 0.005916852637165265, 0.0013487396332479314, 1.2805332474594361e-05, 3.753287104622371e-05, 1.6117056390437846e-05, 1.7662527551172338e-05, 1.192220609703607e-05, 0.0002781848088682288, 0.0002870160727064183, 0.0667930710140261, 0.0667930710139899, 5.60785249749474e-05, 0.0667930710140261, 0.0667930710140261, 3.53250551023308e-05, 3.53250551023308e-05, 0.00022122315757833536, 3.7091307857445646e-05, 0.0001081829812508827, 4.680569801058642e-05, 3.46185540002833e-05, 0.00011061157874792116, 0.001679618057477961, 0.0013487396332495887, 0.0002620235961785511, 0.0002620235961785511, 0.0002620235961785511, 0.0002620235961785511, 0.0002620235961785511, 0.00022669854115520138, 0.00018960723321015394, 3.4618553968357446e-05, 0.00029922529493376965, 0.00029922529493376965, 0.0013487396332720891, 0.0013487396332495887, 0.0013219682121731469, 5.60785249749474e-05, 0.010789917065983451, 0.010789917065983451, 0.0007191518875201593, 0.0007975293535764649, 0.00026202359622152095, 0.00026202359622152095, 0.00026202359622152095, 0.00011039079719478949, 0.00026202359622152095, 0.00026202359622152095, 0.00022669854111919015, 0.00018960723326175155, 3.46185540002833e-05, 0.0002701540995060196, 0.00029922529493376965, 4.680569801058642e-05, 1.1635190024329462e-05, 0.0013487396332479314, 0.06165014260683327, 0.061650142606822556, 0.06357138404121088, 0.0019212414343598438, 0.00011701424502646475, 0.00011701424500643043, 0.00011039079719478949, 0.026924274527232228, 0.00026202359622152095, 0.00026202359622152095, 0.00026202359622152095, 0.00026202359622152095, 0.00026202359622152095, 0.00022669854111919015, 5.740321454128462e-06, 1.655861957921721e-05, 7.285792614855364e-06, 5.387070903105145e-06, 0.00018960723326175155, 3.46185540002833e-05, 0.002034176366130458, 0.01078991706594934, 0.0020341763661235746, 1.2805332474594361e-05, 3.753287104622371e-05, 1.6117056390437846e-05, 1.192220609703607e-05, 0.06734502499999999, 0.06734502500000872, 3.5325055102344675e-05, 1.1635190024329462e-05, 2.333661450393265e-05, 5.453305381422028e-05, 0.001055090952552823, 2.6493791326747014e-05, 0.0004174979949906413, 5.60785249749474e-05, 0.0002781848088682288, 5.453305381422028e-05, 5.60785249749474e-05, 0.0006832947464090466, 0.0007992293716902049, 5.60785249749474e-05, 0.0005806555944646852, 1.2805332474594361e-05, 3.753287104622371e-05, 1.6117056390437846e-05, 1.192220609703607e-05, 5.60785249749474e-05, 0.0002959775975546787, 5.453305381422028e-05, 0.012327454218122424, 5.453305381422028e-05, 0.00034221147130380353, 3.46185540002833e-05, 0.0001613008250733322, 0.007061603589596954, 3.753287104622371e-05, 1.6117056390437846e-05, 1.192220609703607e-05, 5.740321454128462e-06, 1.655861957921721e-05, 7.285792614855364e-06, 5.387070903105145e-06, 0.0053949585329917255, 0.0012297534807492738, 0.00022122315760952915, 0.0002870160727064183, 0.0013168933601572046, 3.184627309238408e-05, 5.453305379887752e-05, 5.607852494904364e-05, 0.0001613008250733322, 0.005916852637165265, 0.0667930710140261, 0.0012931935704045827, 0.0001613008250733322, 0.005916852637165265, 0.005916852637165265, 0.0667930710140261, 0.0001613008250733322, 0.00016130082508425403, 0.005916852637165265, 0.005846458921640624, 0.0019212414343598438, 0.0001613008250733322, 0.00028701607266157225, 0.0013487396332495887, 0.0013487396332495887, 6.0273375845191785e-06, 0.0013487396332479314, 0.0013487396332479314, 0.00011061157878916768, 0.0006956828038937601, 0.022262797187934558, 0.025260880978635214, 0.022262797187977412, 0.001055090952604587, 0.001055090952604587, 0.005364898651237127, 0.001310856097878954, 0.005364898651191385, 0.0013487396332720891, 1.2805332474594361e-05, 2.3336614526976718e-05, 0.002034176366130458, 0.06734502499999995, 0.0007975293535284513, 0.0013487396332495887, 0.06165014260683327, 0.00011701424502646475, 0.0006956828038937601, 0.00016130082508425403, 0.022262797187934558, 0.001055090952552823, 0.0667930710139899, 0.00016130082508425403]","['ACSERtex', 'ACSERtpp', 'AGMtex', 'ARGAGMt7pp', 'ASPO5', 'CPPPGO', 'CHORM', 'FACOAE120', 'FADRx', 'FCLT', 'FE2tex', 'FE2tpp', 'GLUTRR', 'GLUTRS', 'GND', 'HMBS', 'HOMt2pp', 'HOMtex', 'HSDy', 'HSK', 'G1SAT', 'LEUtex', 'LYStex', 'PAPSR', 'PDH', 'PPBNGS', 'PPND', 'PPPGO', 'PPPGO3', 'SULR', 'SO4tex', 'SUCCt2_2pp', 'THRS', 'SULabcpp', 'TYRTA', 'PHEMEabcpp', 'PHEMEtiex', 'NADS2', 'UPP3S', 'UPPDC1', 'VALtex', 'ARGDC', 'EX_acser_e', 'EX_agm_e', 'EX_fe2_e', 'EX_leu__L_e', 'EX_lys__L_e', 'EX_pheme_e', 'EX_hom__L_e', 'EX_so4_e', 'EX_val__L_e', 'PAPSSH']","['GLCP', 'ACOAD1f', 'ACOAD2f', 'ACOAD3f', 'ACOAD4f', 'ACOAD5f', 'ACOAD7f', 'ACOATA', 'ADPT', 'ARGabcpp', 'ALATA_L2', 'AST', 'CDAPPA140', 'CDAPPA160', 'CDAPPA161', 'CYSS', 'CDAPPA181', 'CYTD', 'DAPDC', 'DAPE', 'DCYTD', 'DHDPRy', 'DHDPS', 'FA120ACPHi', 'DRPA', 'FACOAL140t2pp', 'FACOAL160t2pp', 'FACOAL161t2pp', 'FACOAL181t2pp', 'DURIPP', 'ECOAH1', 'ECOAH2', 'ECOAH3', 'ECOAH4', 'ECOAH5', 'ECOAH6', 'ECOAH7', 'ECOAH8', 'EDA', 'EDD', 'GLUSy', 'GUAPRT', 'GLYC3Ptex', 'HACD1i', 'HACD2i', 'HACD3i', 'GLYCLTDx', 'HACD4i', 'HACD5i', 'HACD6i', 'HACD7i', 'HACD8i', 'GMPR', 'CTECOAI7', 'GPDDA4', 'INDOLEt2pp', 'INDOLEtex', 'ICL', 'KAT1', 'ACACT11', 'ACACT8', 'ACACT13', 'ACACT10', 'ACACT9', 'LPLIPAL1G140pp', 'LPLIPAL1G160pp', 'LPLIPAL1G161pp', 'LPLIPAL1G181pp', 'ACACT12', 'ACACT8r', 'LEUabcpp', 'LPLIPAL1A140pp', 'LPLIPAL1A160pp', 'LPLIPAL1A161pp', 'LPLIPAL1A181pp', 'LYSt3pp', 'MACPD', 'G3PGabcpp', 'G3PGtex', 'NTD1', 'NTD10', 'G6PDA', 'NTD2', 'NTD3', 'NTD4', 'NTD6', 'NTD8', 'NTP3', 'P5CD', 'NTPP1', 'NTPP2', 'PA140abcpp', 'PA160abcpp', 'PA161abcpp', 'PA181abcpp', 'NTPP3', 'NTPP4', 'NTPP5', 'NTPP6', 'NTPP7', 'NTPP8', 'CTECOAI8', 'PLIPA2A160pp', 'PLIPA2A161pp', 'PLIPA2A181pp', 'PLIPA2G140pp', 'PLIPA2G160pp', 'PLIPA2G161pp', 'PLIPA2G181pp', 'PPC', 'PPM2', 'PUNP2', 'PUNP4', 'PYAM5PO', 'SADH', 'SDPDS', 'SGDS', 'SGSAD', 'THDPS', 'THIORDXi', 'SOTA', 'UPPRT', 'URItex', 'VALabcpp', 'XTSNt2rpp', 'XTSNtex', 'PLIPA2A140pp', 'EX_g3pg_e', 'EX_glyc3p_e', 'EX_indole_e', 'EX_uri_e', 'EX_xtsn_e', 'SDPTA']","['DHAD1', 'ACLS', 'ACOAD6f', 'GLYC3Pabcpp', 'KARA1', 'SERAT', 'VALTA']",LYStex,DHDPRy,1.5659070029082967,1,192,7,-68.0,-0.4019879407000483,iPC815,PSL,True,False,-1.51645878005007,0.0,0.0,0.0
65,"['DHAD1', 'GLCP', 'ACLS', 'ACOAD1f', 'ACOAD2f', 'ACOAD3f', 'ACOAD4f', 'ACOAD5f', 'ACOAD6f', 'ACOAD7f', 'ACOATA', 'ACSERtex', 'ACSERtpp', 'ADPT', 'AGMtex', 'ARGabcpp', 'ARGAGMt7pp', 'ALATA_L2', 'ASPO5', 'AST', 'CPPPGO', 'CDAPPA140', 'CDAPPA160', 'CDAPPA161', 'CYSS', 'CDAPPA181', 'CYTD', 'CHORM', 'DAPDC', 'DAPE', 'DCYTD', 'DHDPRy', 'DHDPS', 'FA120ACPHi', 'FACOAE120', 'DRPA', 'FACOAL140t2pp', 'FACOAL160t2pp', 'FACOAL161t2pp', 'FACOAL181t2pp', 'DURIPP', 'FADRx', 'FCLT', 'ECOAH1', 'ECOAH2', 'ECOAH3', 'ECOAH4', 'ECOAH5', 'ECOAH6', 'ECOAH7', 'ECOAH8', 'EDA', 'EDD', 'FE2tex', 'FE2tpp', 'GLUSy', 'GUAPRT', 'GLUTRR', 'GLUTRS', 'GLYC3Pabcpp', 'GLYC3Ptex', 'HACD1i', 'HACD2i', 'HACD3i', 'GLYCLTDx', 'HACD4i', 'HACD5i', 'HACD6i', 'HACD7i', 'HACD8i', 'GMPR', 'GND', 'CTECOAI7', 'GPDDA4', 'HMBS', 'HOMt2pp', 'HOMtex', 'HSDy', 'HSK', 'INDOLEt2pp', 'INDOLEtex', 'ICL', 'KARA1', 'KAT1', 'ACACT11', 'ACACT8', 'ACACT13', 'ACACT10', 'ACACT9', 'LPLIPAL1G140pp', 'LPLIPAL1G160pp', 'LPLIPAL1G161pp', 'LPLIPAL1G181pp', 'ACACT12', 'ACACT8r', 'LEUabcpp', 'G1SAT', 'LEUtex', 'LPLIPAL1A140pp', 'LPLIPAL1A160pp', 'LPLIPAL1A161pp', 'LPLIPAL1A181pp', 'LYSt3pp', 'LYStex', 'MACPD', 'G3PGabcpp', 'G3PGtex', 'NTD1', 'NTD10', 'G6PDA', 'NTD2', 'NTD3', 'NTD4', 'NTD6', 'NTD8', 'NTP3', 'P5CD', 'NTPP1', 'NTPP2', 'PA140abcpp', 'PA160abcpp', 'PA161abcpp', 'PA181abcpp', 'NTPP3', 'NTPP4', 'NTPP5', 'NTPP6', 'NTPP7', 'NTPP8', 'CTECOAI8', 'PAPSR', 'PDH', 'PLIPA2A160pp', 'PLIPA2A161pp', 'PLIPA2A181pp', 'PLIPA2G140pp', 'PLIPA2G160pp', 'PLIPA2G161pp', 'PLIPA2G181pp', 'PPBNGS', 'PPC', 'PPM2', 'PPND', 'PPPGO', 'PPPGO3', 'PUNP2', 'PUNP4', 'PYAM5PO', 'SADH', 'SDPDS', 'SERAT', 'SULR', 'SGDS', 'SGSAD', 'THDPS', 'THIORDXi', 'SO4tex', 'SOTA', 'SUCCt2_2pp', 'THRS', 'SULabcpp', 'TYRTA', 'PHEMEabcpp', 'PHEMEtiex', 'NADS2', 'UPP3S', 'UPPDC1', 'UPPRT', 'URItex', 'VALabcpp', 'VALTA', 'VALtex', 'XTSNt2rpp', 'XTSNtex', 'ARGDC', 'EX_acser_e', 'EX_agm_e', 'EX_fe2_e', 'PLIPA2A140pp', 'EX_g3pg_e', 'EX_leu__L_e', 'EX_lys__L_e', 'EX_glyc3p_e', 'EX_pheme_e', 'EX_hom__L_e', 'EX_indole_e', 'EX_uri_e', 'EX_so4_e', 'EX_val__L_e', 'EX_xtsn_e', 'SDPTA', 'PAPSSH']","[-0.026924274527300784, 0.00034000365535991756, -0.026924274527300784, 0.0002620235961785511, 0.0002620235961785511, 0.0002620235961785511, 0.0002620235961785511, 0.0002620235961785511, 0.00022669854104151455, 0.00014280153527579387, -3.532505513703654e-05, 0.0013108560979162576, -0.001310856097878954, 3.9078342206950827e-05, 0.005364898651237127, 0.005364898651191385, -0.005364898651237127, 0.0001613008250733322, -6.0273375845191785e-06, 0.005916852637165265, -0.0013487396332479314, 1.2805332474594361e-05, 3.753287104622371e-05, 1.6117056390437846e-05, 1.7662527551172338e-05, 1.192220609703607e-05, 0.0002781848088682288, -0.0002870160727064183, 0.0667930710140261, 0.0667930710139899, 5.60785249749474e-05, 0.0667930710140261, 0.0667930710140261, 3.53250551023308e-05, -3.53250551023308e-05, 0.00022122315757833536, 3.7091307857445646e-05, 0.0001081829812508827, 4.680569801058642e-05, 3.46185540002833e-05, 0.00011061157874792116, -0.001679618057477961, -0.0013487396332495887, -0.0002620235961785511, -0.0002620235961785511, -0.0002620235961785511, -0.0002620235961785511, -0.0002620235961785511, -0.00022669854115520138, -0.00018960723321015394, -3.4618553968357446e-05, 0.00029922529493376965, 0.00029922529493376965, -0.0013487396332720891, -0.0013487396332495887, 0.0013219682121731469, 5.60785249749474e-05, -0.010789917065983451, -0.010789917065983451, -0.0007191518875201593, -0.0007975293535764649, 0.00026202359622152095, 0.00026202359622152095, 0.00026202359622152095, 0.00011039079719478949, 0.00026202359622152095, 0.00026202359622152095, 0.00022669854111919015, 0.00018960723326175155, 3.46185540002833e-05, 0.0002701540995060196, -0.00029922529493376965, 4.680569801058642e-05, 1.1635190024329462e-05, -0.0013487396332479314, -0.06165014260683327, 0.061650142606822556, 0.06357138404121088, -0.0019212414343598438, 0.00011701424502646475, -0.00011701424500643043, 0.00011039079719478949, 0.026924274527232228, 0.00026202359622152095, 0.00026202359622152095, 0.00026202359622152095, 0.00026202359622152095, 0.00026202359622152095, 0.00022669854111919015, 5.740321454128462e-06, 1.655861957921721e-05, 7.285792614855364e-06, 5.387070903105145e-06, 0.00018960723326175155, 3.46185540002833e-05, 0.002034176366130458, -0.01078991706594934, 0.0020341763661235746, 1.2805332474594361e-05, 3.753287104622371e-05, 1.6117056390437846e-05, 1.192220609703607e-05, 0.06734502499999999, -0.06734502500000872, 3.5325055102344675e-05, 1.1635190024329462e-05, -2.333661450393265e-05, 5.453305381422028e-05, 0.001055090952552823, 2.6493791326747014e-05, 0.0004174979949906413, 5.60785249749474e-05, 0.0002781848088682288, 5.453305381422028e-05, 5.60785249749474e-05, 0.0006832947464090466, 0.0007992293716902049, 5.60785249749474e-05, 0.0005806555944646852, 1.2805332474594361e-05, 3.753287104622371e-05, 1.6117056390437846e-05, 1.192220609703607e-05, 5.60785249749474e-05, 0.0002959775975546787, 5.453305381422028e-05, 0.012327454218122424, 5.453305381422028e-05, 0.00034221147130380353, 3.46185540002833e-05, -0.0001613008250733322, -0.007061603589596954, 3.753287104622371e-05, 1.6117056390437846e-05, 1.192220609703607e-05, 5.740321454128462e-06, 1.655861957921721e-05, 7.285792614855364e-06, 5.387070903105145e-06, -0.0053949585329917255, 0.0012297534807492738, 0.00022122315760952915, -0.0002870160727064183, -0.0013168933601572046, -3.184627309238408e-05, 5.453305379887752e-05, 5.607852494904364e-05, 0.0001613008250733322, 0.005916852637165265, 0.0667930710140261, -0.0012931935704045827, -0.0001613008250733322, 0.005916852637165265, 0.005916852637165265, 0.0667930710140261, 0.0001613008250733322, -0.00016130082508425403, 0.005916852637165265, -0.005846458921640624, -0.0019212414343598438, -0.0001613008250733322, 0.00028701607266157225, -0.0013487396332495887, -0.0013487396332495887, -6.0273375845191785e-06, -0.0013487396332479314, -0.0013487396332479314, 0.00011061157878916768, -0.0006956828038937601, 0.022262797187934558, 0.025260880978635214, 0.022262797187977412, -0.001055090952604587, -0.001055090952604587, -0.005364898651237127, -0.001310856097878954, -0.005364898651191385, 0.0013487396332720891, 1.2805332474594361e-05, 2.3336614526976718e-05, -0.002034176366130458, 0.06734502499999995, 0.0007975293535284513, -0.0013487396332495887, -0.06165014260683327, 0.00011701424502646475, 0.0006956828038937601, 0.00016130082508425403, -0.022262797187934558, 0.001055090952552823, -0.0667930710139899, -0.00016130082508425403]","[0.026924274527300784, 0.00034000365535991756, 0.026924274527300784, 0.0002620235961785511, 0.0002620235961785511, 0.0002620235961785511, 0.0002620235961785511, 0.0002620235961785511, 0.00022669854104151455, 0.00014280153527579387, 3.532505513703654e-05, 0.0013108560979162576, 0.001310856097878954, 3.9078342206950827e-05, 0.005364898651237127, 0.005364898651191385, 0.005364898651237127, 0.0001613008250733322, 6.0273375845191785e-06, 0.005916852637165265, 0.0013487396332479314, 1.2805332474594361e-05, 3.753287104622371e-05, 1.6117056390437846e-05, 1.7662527551172338e-05, 1.192220609703607e-05, 0.0002781848088682288, 0.0002870160727064183, 0.0667930710140261, 0.0667930710139899, 5.60785249749474e-05, 0.0667930710140261, 0.0667930710140261, 3.53250551023308e-05, 3.53250551023308e-05, 0.00022122315757833536, 3.7091307857445646e-05, 0.0001081829812508827, 4.680569801058642e-05, 3.46185540002833e-05, 0.00011061157874792116, 0.001679618057477961, 0.0013487396332495887, 0.0002620235961785511, 0.0002620235961785511, 0.0002620235961785511, 0.0002620235961785511, 0.0002620235961785511, 0.00022669854115520138, 0.00018960723321015394, 3.4618553968357446e-05, 0.00029922529493376965, 0.00029922529493376965, 0.0013487396332720891, 0.0013487396332495887, 0.0013219682121731469, 5.60785249749474e-05, 0.010789917065983451, 0.010789917065983451, 0.0007191518875201593, 0.0007975293535764649, 0.00026202359622152095, 0.00026202359622152095, 0.00026202359622152095, 0.00011039079719478949, 0.00026202359622152095, 0.00026202359622152095, 0.00022669854111919015, 0.00018960723326175155, 3.46185540002833e-05, 0.0002701540995060196, 0.00029922529493376965, 4.680569801058642e-05, 1.1635190024329462e-05, 0.0013487396332479314, 0.06165014260683327, 0.061650142606822556, 0.06357138404121088, 0.0019212414343598438, 0.00011701424502646475, 0.00011701424500643043, 0.00011039079719478949, 0.026924274527232228, 0.00026202359622152095, 0.00026202359622152095, 0.00026202359622152095, 0.00026202359622152095, 0.00026202359622152095, 0.00022669854111919015, 5.740321454128462e-06, 1.655861957921721e-05, 7.285792614855364e-06, 5.387070903105145e-06, 0.00018960723326175155, 3.46185540002833e-05, 0.002034176366130458, 0.01078991706594934, 0.0020341763661235746, 1.2805332474594361e-05, 3.753287104622371e-05, 1.6117056390437846e-05, 1.192220609703607e-05, 0.06734502499999999, 0.06734502500000872, 3.5325055102344675e-05, 1.1635190024329462e-05, 2.333661450393265e-05, 5.453305381422028e-05, 0.001055090952552823, 2.6493791326747014e-05, 0.0004174979949906413, 5.60785249749474e-05, 0.0002781848088682288, 5.453305381422028e-05, 5.60785249749474e-05, 0.0006832947464090466, 0.0007992293716902049, 5.60785249749474e-05, 0.0005806555944646852, 1.2805332474594361e-05, 3.753287104622371e-05, 1.6117056390437846e-05, 1.192220609703607e-05, 5.60785249749474e-05, 0.0002959775975546787, 5.453305381422028e-05, 0.012327454218122424, 5.453305381422028e-05, 0.00034221147130380353, 3.46185540002833e-05, 0.0001613008250733322, 0.007061603589596954, 3.753287104622371e-05, 1.6117056390437846e-05, 1.192220609703607e-05, 5.740321454128462e-06, 1.655861957921721e-05, 7.285792614855364e-06, 5.387070903105145e-06, 0.0053949585329917255, 0.0012297534807492738, 0.00022122315760952915, 0.0002870160727064183, 0.0013168933601572046, 3.184627309238408e-05, 5.453305379887752e-05, 5.607852494904364e-05, 0.0001613008250733322, 0.005916852637165265, 0.0667930710140261, 0.0012931935704045827, 0.0001613008250733322, 0.005916852637165265, 0.005916852637165265, 0.0667930710140261, 0.0001613008250733322, 0.00016130082508425403, 0.005916852637165265, 0.005846458921640624, 0.0019212414343598438, 0.0001613008250733322, 0.00028701607266157225, 0.0013487396332495887, 0.0013487396332495887, 6.0273375845191785e-06, 0.0013487396332479314, 0.0013487396332479314, 0.00011061157878916768, 0.0006956828038937601, 0.022262797187934558, 0.025260880978635214, 0.022262797187977412, 0.001055090952604587, 0.001055090952604587, 0.005364898651237127, 0.001310856097878954, 0.005364898651191385, 0.0013487396332720891, 1.2805332474594361e-05, 2.3336614526976718e-05, 0.002034176366130458, 0.06734502499999995, 0.0007975293535284513, 0.0013487396332495887, 0.06165014260683327, 0.00011701424502646475, 0.0006956828038937601, 0.00016130082508425403, 0.022262797187934558, 0.001055090952552823, 0.0667930710139899, 0.00016130082508425403]","['ACSERtex', 'ACSERtpp', 'AGMtex', 'ARGAGMt7pp', 'ASPO5', 'CPPPGO', 'CHORM', 'FACOAE120', 'FADRx', 'FCLT', 'FE2tex', 'FE2tpp', 'GLUTRR', 'GLUTRS', 'GND', 'HMBS', 'HOMt2pp', 'HOMtex', 'HSDy', 'HSK', 'G1SAT', 'LEUtex', 'LYStex', 'PAPSR', 'PDH', 'PPBNGS', 'PPND', 'PPPGO', 'PPPGO3', 'SULR', 'SO4tex', 'SUCCt2_2pp', 'THRS', 'SULabcpp', 'TYRTA', 'PHEMEabcpp', 'PHEMEtiex', 'NADS2', 'UPP3S', 'UPPDC1', 'VALtex', 'ARGDC', 'EX_acser_e', 'EX_agm_e', 'EX_fe2_e', 'EX_leu__L_e', 'EX_lys__L_e', 'EX_pheme_e', 'EX_hom__L_e', 'EX_so4_e', 'EX_val__L_e', 'PAPSSH']","['GLCP', 'ACOAD1f', 'ACOAD2f', 'ACOAD3f', 'ACOAD4f', 'ACOAD5f', 'ACOAD7f', 'ACOATA', 'ADPT', 'ARGabcpp', 'ALATA_L2', 'AST', 'CDAPPA140', 'CDAPPA160', 'CDAPPA161', 'CYSS', 'CDAPPA181', 'CYTD', 'DAPDC', 'DAPE', 'DCYTD', 'DHDPRy', 'DHDPS', 'FA120ACPHi', 'DRPA', 'FACOAL140t2pp', 'FACOAL160t2pp', 'FACOAL161t2pp', 'FACOAL181t2pp', 'DURIPP', 'ECOAH1', 'ECOAH2', 'ECOAH3', 'ECOAH4', 'ECOAH5', 'ECOAH6', 'ECOAH7', 'ECOAH8', 'EDA', 'EDD', 'GLUSy', 'GUAPRT', 'GLYC3Ptex', 'HACD1i', 'HACD2i', 'HACD3i', 'GLYCLTDx', 'HACD4i', 'HACD5i', 'HACD6i', 'HACD7i', 'HACD8i', 'GMPR', 'CTECOAI7', 'GPDDA4', 'INDOLEt2pp', 'INDOLEtex', 'ICL', 'KAT1', 'ACACT11', 'ACACT8', 'ACACT13', 'ACACT10', 'ACACT9', 'LPLIPAL1G140pp', 'LPLIPAL1G160pp', 'LPLIPAL1G161pp', 'LPLIPAL1G181pp', 'ACACT12', 'ACACT8r', 'LEUabcpp', 'LPLIPAL1A140pp', 'LPLIPAL1A160pp', 'LPLIPAL1A161pp', 'LPLIPAL1A181pp', 'LYSt3pp', 'MACPD', 'G3PGabcpp', 'G3PGtex', 'NTD1', 'NTD10', 'G6PDA', 'NTD2', 'NTD3', 'NTD4', 'NTD6', 'NTD8', 'NTP3', 'P5CD', 'NTPP1', 'NTPP2', 'PA140abcpp', 'PA160abcpp', 'PA161abcpp', 'PA181abcpp', 'NTPP3', 'NTPP4', 'NTPP5', 'NTPP6', 'NTPP7', 'NTPP8', 'CTECOAI8', 'PLIPA2A160pp', 'PLIPA2A161pp', 'PLIPA2A181pp', 'PLIPA2G140pp', 'PLIPA2G160pp', 'PLIPA2G161pp', 'PLIPA2G181pp', 'PPC', 'PPM2', 'PUNP2', 'PUNP4', 'PYAM5PO', 'SADH', 'SDPDS', 'SGDS', 'SGSAD', 'THDPS', 'THIORDXi', 'SOTA', 'UPPRT', 'URItex', 'VALabcpp', 'XTSNt2rpp', 'XTSNtex', 'PLIPA2A140pp', 'EX_g3pg_e', 'EX_glyc3p_e', 'EX_indole_e', 'EX_uri_e', 'EX_xtsn_e', 'SDPTA']","['DHAD1', 'ACLS', 'ACOAD6f', 'GLYC3Pabcpp', 'KARA1', 'SERAT', 'VALTA']",LYStex,DHDPS,1.5659070029082967,1,192,7,-68.0,-0.4019879407000483,iPC815,PSL,True,False,-1.51645878005007,0.0,0.0,0.0
66,"['DHAD1', 'GLCP', 'ACLS', 'ACOAD1f', 'ACOAD2f', 'ACOAD3f', 'ACOAD4f', 'ACOAD5f', 'ACOAD6f', 'ACOAD7f', 'ACOATA', 'ACSERtex', 'ACSERtpp', 'ADPT', 'AGMtex', 'ARGabcpp', 'ARGAGMt7pp', 'ALATA_L2', 'ASPO5', 'AST', 'CPPPGO', 'CDAPPA140', 'CDAPPA160', 'CDAPPA161', 'CYSS', 'CDAPPA181', 'CYTD', 'CHORM', 'DAPDC', 'DAPE', 'DCYTD', 'DHDPRy', 'DHDPS', 'FA120ACPHi', 'FACOAE120', 'DRPA', 'FACOAL140t2pp', 'FACOAL160t2pp', 'FACOAL161t2pp', 'FACOAL181t2pp', 'DURIPP', 'FADRx', 'FCLT', 'ECOAH1', 'ECOAH2', 'ECOAH3', 'ECOAH4', 'ECOAH5', 'ECOAH6', 'ECOAH7', 'ECOAH8', 'EDA', 'EDD', 'FE2tex', 'FE2tpp', 'GLUSy', 'GUAPRT', 'GLUTRR', 'GLUTRS', 'GLYC3Pabcpp', 'GLYC3Ptex', 'HACD1i', 'HACD2i', 'HACD3i', 'GLYCLTDx', 'HACD4i', 'HACD5i', 'HACD6i', 'HACD7i', 'HACD8i', 'GMPR', 'GND', 'CTECOAI7', 'GPDDA4', 'HMBS', 'HOMt2pp', 'HOMtex', 'HSDy', 'HSK', 'INDOLEt2pp', 'INDOLEtex', 'ICL', 'KARA1', 'KAT1', 'ACACT11', 'ACACT8', 'ACACT13', 'ACACT10', 'ACACT9', 'LPLIPAL1G140pp', 'LPLIPAL1G160pp', 'LPLIPAL1G161pp', 'LPLIPAL1G181pp', 'ACACT12', 'ACACT8r', 'LEUabcpp', 'G1SAT', 'LEUtex', 'LPLIPAL1A140pp', 'LPLIPAL1A160pp', 'LPLIPAL1A161pp', 'LPLIPAL1A181pp', 'LYSt3pp', 'LYStex', 'MACPD', 'G3PGabcpp', 'G3PGtex', 'NTD1', 'NTD10', 'G6PDA', 'NTD2', 'NTD3', 'NTD4', 'NTD6', 'NTD8', 'NTP3', 'P5CD', 'NTPP1', 'NTPP2', 'PA140abcpp', 'PA160abcpp', 'PA161abcpp', 'PA181abcpp', 'NTPP3', 'NTPP4', 'NTPP5', 'NTPP6', 'NTPP7', 'NTPP8', 'CTECOAI8', 'PAPSR', 'PDH', 'PLIPA2A160pp', 'PLIPA2A161pp', 'PLIPA2A181pp', 'PLIPA2G140pp', 'PLIPA2G160pp', 'PLIPA2G161pp', 'PLIPA2G181pp', 'PPBNGS', 'PPC', 'PPM2', 'PPND', 'PPPGO', 'PPPGO3', 'PUNP2', 'PUNP4', 'PYAM5PO', 'SADH', 'SDPDS', 'SERAT', 'SULR', 'SGDS', 'SGSAD', 'THDPS', 'THIORDXi', 'SO4tex', 'SOTA', 'SUCCt2_2pp', 'THRS', 'SULabcpp', 'TYRTA', 'PHEMEabcpp', 'PHEMEtiex', 'NADS2', 'UPP3S', 'UPPDC1', 'UPPRT', 'URItex', 'VALabcpp', 'VALTA', 'VALtex', 'XTSNt2rpp', 'XTSNtex', 'ARGDC', 'EX_acser_e', 'EX_agm_e', 'EX_fe2_e', 'PLIPA2A140pp', 'EX_g3pg_e', 'EX_leu__L_e', 'EX_lys__L_e', 'EX_glyc3p_e', 'EX_pheme_e', 'EX_hom__L_e', 'EX_indole_e', 'EX_uri_e', 'EX_so4_e', 'EX_val__L_e', 'EX_xtsn_e', 'SDPTA', 'PAPSSH']","[-0.026924274527300784, 0.00034000365535991756, -0.026924274527300784, 0.0002620235961785511, 0.0002620235961785511, 0.0002620235961785511, 0.0002620235961785511, 0.0002620235961785511, 0.00022669854104151455, 0.00014280153527579387, -3.532505513703654e-05, 0.0013108560979162576, -0.001310856097878954, 3.9078342206950827e-05, 0.005364898651237127, 0.005364898651191385, -0.005364898651237127, 0.0001613008250733322, -6.0273375845191785e-06, 0.005916852637165265, -0.0013487396332479314, 1.2805332474594361e-05, 3.753287104622371e-05, 1.6117056390437846e-05, 1.7662527551172338e-05, 1.192220609703607e-05, 0.0002781848088682288, -0.0002870160727064183, 0.0667930710140261, 0.0667930710139899, 5.60785249749474e-05, 0.0667930710140261, 0.0667930710140261, 3.53250551023308e-05, -3.53250551023308e-05, 0.00022122315757833536, 3.7091307857445646e-05, 0.0001081829812508827, 4.680569801058642e-05, 3.46185540002833e-05, 0.00011061157874792116, -0.001679618057477961, -0.0013487396332495887, -0.0002620235961785511, -0.0002620235961785511, -0.0002620235961785511, -0.0002620235961785511, -0.0002620235961785511, -0.00022669854115520138, -0.00018960723321015394, -3.4618553968357446e-05, 0.00029922529493376965, 0.00029922529493376965, -0.0013487396332720891, -0.0013487396332495887, 0.0013219682121731469, 5.60785249749474e-05, -0.010789917065983451, -0.010789917065983451, -0.0007191518875201593, -0.0007975293535764649, 0.00026202359622152095, 0.00026202359622152095, 0.00026202359622152095, 0.00011039079719478949, 0.00026202359622152095, 0.00026202359622152095, 0.00022669854111919015, 0.00018960723326175155, 3.46185540002833e-05, 0.0002701540995060196, -0.00029922529493376965, 4.680569801058642e-05, 1.1635190024329462e-05, -0.0013487396332479314, -0.06165014260683327, 0.061650142606822556, 0.06357138404121088, -0.0019212414343598438, 0.00011701424502646475, -0.00011701424500643043, 0.00011039079719478949, 0.026924274527232228, 0.00026202359622152095, 0.00026202359622152095, 0.00026202359622152095, 0.00026202359622152095, 0.00026202359622152095, 0.00022669854111919015, 5.740321454128462e-06, 1.655861957921721e-05, 7.285792614855364e-06, 5.387070903105145e-06, 0.00018960723326175155, 3.46185540002833e-05, 0.002034176366130458, -0.01078991706594934, 0.0020341763661235746, 1.2805332474594361e-05, 3.753287104622371e-05, 1.6117056390437846e-05, 1.192220609703607e-05, 0.06734502499999999, -0.06734502500000872, 3.5325055102344675e-05, 1.1635190024329462e-05, -2.333661450393265e-05, 5.453305381422028e-05, 0.001055090952552823, 2.6493791326747014e-05, 0.0004174979949906413, 5.60785249749474e-05, 0.0002781848088682288, 5.453305381422028e-05, 5.60785249749474e-05, 0.0006832947464090466, 0.0007992293716902049, 5.60785249749474e-05, 0.0005806555944646852, 1.2805332474594361e-05, 3.753287104622371e-05, 1.6117056390437846e-05, 1.192220609703607e-05, 5.60785249749474e-05, 0.0002959775975546787, 5.453305381422028e-05, 0.012327454218122424, 5.453305381422028e-05, 0.00034221147130380353, 3.46185540002833e-05, -0.0001613008250733322, -0.007061603589596954, 3.753287104622371e-05, 1.6117056390437846e-05, 1.192220609703607e-05, 5.740321454128462e-06, 1.655861957921721e-05, 7.285792614855364e-06, 5.387070903105145e-06, -0.0053949585329917255, 0.0012297534807492738, 0.00022122315760952915, -0.0002870160727064183, -0.0013168933601572046, -3.184627309238408e-05, 5.453305379887752e-05, 5.607852494904364e-05, 0.0001613008250733322, 0.005916852637165265, 0.0667930710140261, -0.0012931935704045827, -0.0001613008250733322, 0.005916852637165265, 0.005916852637165265, 0.0667930710140261, 0.0001613008250733322, -0.00016130082508425403, 0.005916852637165265, -0.005846458921640624, -0.0019212414343598438, -0.0001613008250733322, 0.00028701607266157225, -0.0013487396332495887, -0.0013487396332495887, -6.0273375845191785e-06, -0.0013487396332479314, -0.0013487396332479314, 0.00011061157878916768, -0.0006956828038937601, 0.022262797187934558, 0.025260880978635214, 0.022262797187977412, -0.001055090952604587, -0.001055090952604587, -0.005364898651237127, -0.001310856097878954, -0.005364898651191385, 0.0013487396332720891, 1.2805332474594361e-05, 2.3336614526976718e-05, -0.002034176366130458, 0.06734502499999995, 0.0007975293535284513, -0.0013487396332495887, -0.06165014260683327, 0.00011701424502646475, 0.0006956828038937601, 0.00016130082508425403, -0.022262797187934558, 0.001055090952552823, -0.0667930710139899, -0.00016130082508425403]","[0.026924274527300784, 0.00034000365535991756, 0.026924274527300784, 0.0002620235961785511, 0.0002620235961785511, 0.0002620235961785511, 0.0002620235961785511, 0.0002620235961785511, 0.00022669854104151455, 0.00014280153527579387, 3.532505513703654e-05, 0.0013108560979162576, 0.001310856097878954, 3.9078342206950827e-05, 0.005364898651237127, 0.005364898651191385, 0.005364898651237127, 0.0001613008250733322, 6.0273375845191785e-06, 0.005916852637165265, 0.0013487396332479314, 1.2805332474594361e-05, 3.753287104622371e-05, 1.6117056390437846e-05, 1.7662527551172338e-05, 1.192220609703607e-05, 0.0002781848088682288, 0.0002870160727064183, 0.0667930710140261, 0.0667930710139899, 5.60785249749474e-05, 0.0667930710140261, 0.0667930710140261, 3.53250551023308e-05, 3.53250551023308e-05, 0.00022122315757833536, 3.7091307857445646e-05, 0.0001081829812508827, 4.680569801058642e-05, 3.46185540002833e-05, 0.00011061157874792116, 0.001679618057477961, 0.0013487396332495887, 0.0002620235961785511, 0.0002620235961785511, 0.0002620235961785511, 0.0002620235961785511, 0.0002620235961785511, 0.00022669854115520138, 0.00018960723321015394, 3.4618553968357446e-05, 0.00029922529493376965, 0.00029922529493376965, 0.0013487396332720891, 0.0013487396332495887, 0.0013219682121731469, 5.60785249749474e-05, 0.010789917065983451, 0.010789917065983451, 0.0007191518875201593, 0.0007975293535764649, 0.00026202359622152095, 0.00026202359622152095, 0.00026202359622152095, 0.00011039079719478949, 0.00026202359622152095, 0.00026202359622152095, 0.00022669854111919015, 0.00018960723326175155, 3.46185540002833e-05, 0.0002701540995060196, 0.00029922529493376965, 4.680569801058642e-05, 1.1635190024329462e-05, 0.0013487396332479314, 0.06165014260683327, 0.061650142606822556, 0.06357138404121088, 0.0019212414343598438, 0.00011701424502646475, 0.00011701424500643043, 0.00011039079719478949, 0.026924274527232228, 0.00026202359622152095, 0.00026202359622152095, 0.00026202359622152095, 0.00026202359622152095, 0.00026202359622152095, 0.00022669854111919015, 5.740321454128462e-06, 1.655861957921721e-05, 7.285792614855364e-06, 5.387070903105145e-06, 0.00018960723326175155, 3.46185540002833e-05, 0.002034176366130458, 0.01078991706594934, 0.0020341763661235746, 1.2805332474594361e-05, 3.753287104622371e-05, 1.6117056390437846e-05, 1.192220609703607e-05, 0.06734502499999999, 0.06734502500000872, 3.5325055102344675e-05, 1.1635190024329462e-05, 2.333661450393265e-05, 5.453305381422028e-05, 0.001055090952552823, 2.6493791326747014e-05, 0.0004174979949906413, 5.60785249749474e-05, 0.0002781848088682288, 5.453305381422028e-05, 5.60785249749474e-05, 0.0006832947464090466, 0.0007992293716902049, 5.60785249749474e-05, 0.0005806555944646852, 1.2805332474594361e-05, 3.753287104622371e-05, 1.6117056390437846e-05, 1.192220609703607e-05, 5.60785249749474e-05, 0.0002959775975546787, 5.453305381422028e-05, 0.012327454218122424, 5.453305381422028e-05, 0.00034221147130380353, 3.46185540002833e-05, 0.0001613008250733322, 0.007061603589596954, 3.753287104622371e-05, 1.6117056390437846e-05, 1.192220609703607e-05, 5.740321454128462e-06, 1.655861957921721e-05, 7.285792614855364e-06, 5.387070903105145e-06, 0.0053949585329917255, 0.0012297534807492738, 0.00022122315760952915, 0.0002870160727064183, 0.0013168933601572046, 3.184627309238408e-05, 5.453305379887752e-05, 5.607852494904364e-05, 0.0001613008250733322, 0.005916852637165265, 0.0667930710140261, 0.0012931935704045827, 0.0001613008250733322, 0.005916852637165265, 0.005916852637165265, 0.0667930710140261, 0.0001613008250733322, 0.00016130082508425403, 0.005916852637165265, 0.005846458921640624, 0.0019212414343598438, 0.0001613008250733322, 0.00028701607266157225, 0.0013487396332495887, 0.0013487396332495887, 6.0273375845191785e-06, 0.0013487396332479314, 0.0013487396332479314, 0.00011061157878916768, 0.0006956828038937601, 0.022262797187934558, 0.025260880978635214, 0.022262797187977412, 0.001055090952604587, 0.001055090952604587, 0.005364898651237127, 0.001310856097878954, 0.005364898651191385, 0.0013487396332720891, 1.2805332474594361e-05, 2.3336614526976718e-05, 0.002034176366130458, 0.06734502499999995, 0.0007975293535284513, 0.0013487396332495887, 0.06165014260683327, 0.00011701424502646475, 0.0006956828038937601, 0.00016130082508425403, 0.022262797187934558, 0.001055090952552823, 0.0667930710139899, 0.00016130082508425403]","['ACSERtex', 'ACSERtpp', 'AGMtex', 'ARGAGMt7pp', 'ASPO5', 'CPPPGO', 'CHORM', 'FACOAE120', 'FADRx', 'FCLT', 'FE2tex', 'FE2tpp', 'GLUTRR', 'GLUTRS', 'GND', 'HMBS', 'HOMt2pp', 'HOMtex', 'HSDy', 'HSK', 'G1SAT', 'LEUtex', 'LYStex', 'PAPSR', 'PDH', 'PPBNGS', 'PPND', 'PPPGO', 'PPPGO3', 'SULR', 'SO4tex', 'SUCCt2_2pp', 'THRS', 'SULabcpp', 'TYRTA', 'PHEMEabcpp', 'PHEMEtiex', 'NADS2', 'UPP3S', 'UPPDC1', 'VALtex', 'ARGDC', 'EX_acser_e', 'EX_agm_e', 'EX_fe2_e', 'EX_leu__L_e', 'EX_lys__L_e', 'EX_pheme_e', 'EX_hom__L_e', 'EX_so4_e', 'EX_val__L_e', 'PAPSSH']","['GLCP', 'ACOAD1f', 'ACOAD2f', 'ACOAD3f', 'ACOAD4f', 'ACOAD5f', 'ACOAD7f', 'ACOATA', 'ADPT', 'ARGabcpp', 'ALATA_L2', 'AST', 'CDAPPA140', 'CDAPPA160', 'CDAPPA161', 'CYSS', 'CDAPPA181', 'CYTD', 'DAPDC', 'DAPE', 'DCYTD', 'DHDPRy', 'DHDPS', 'FA120ACPHi', 'DRPA', 'FACOAL140t2pp', 'FACOAL160t2pp', 'FACOAL161t2pp', 'FACOAL181t2pp', 'DURIPP', 'ECOAH1', 'ECOAH2', 'ECOAH3', 'ECOAH4', 'ECOAH5', 'ECOAH6', 'ECOAH7', 'ECOAH8', 'EDA', 'EDD', 'GLUSy', 'GUAPRT', 'GLYC3Ptex', 'HACD1i', 'HACD2i', 'HACD3i', 'GLYCLTDx', 'HACD4i', 'HACD5i', 'HACD6i', 'HACD7i', 'HACD8i', 'GMPR', 'CTECOAI7', 'GPDDA4', 'INDOLEt2pp', 'INDOLEtex', 'ICL', 'KAT1', 'ACACT11', 'ACACT8', 'ACACT13', 'ACACT10', 'ACACT9', 'LPLIPAL1G140pp', 'LPLIPAL1G160pp', 'LPLIPAL1G161pp', 'LPLIPAL1G181pp', 'ACACT12', 'ACACT8r', 'LEUabcpp', 'LPLIPAL1A140pp', 'LPLIPAL1A160pp', 'LPLIPAL1A161pp', 'LPLIPAL1A181pp', 'LYSt3pp', 'MACPD', 'G3PGabcpp', 'G3PGtex', 'NTD1', 'NTD10', 'G6PDA', 'NTD2', 'NTD3', 'NTD4', 'NTD6', 'NTD8', 'NTP3', 'P5CD', 'NTPP1', 'NTPP2', 'PA140abcpp', 'PA160abcpp', 'PA161abcpp', 'PA181abcpp', 'NTPP3', 'NTPP4', 'NTPP5', 'NTPP6', 'NTPP7', 'NTPP8', 'CTECOAI8', 'PLIPA2A160pp', 'PLIPA2A161pp', 'PLIPA2A181pp', 'PLIPA2G140pp', 'PLIPA2G160pp', 'PLIPA2G161pp', 'PLIPA2G181pp', 'PPC', 'PPM2', 'PUNP2', 'PUNP4', 'PYAM5PO', 'SADH', 'SDPDS', 'SGDS', 'SGSAD', 'THDPS', 'THIORDXi', 'SOTA', 'UPPRT', 'URItex', 'VALabcpp', 'XTSNt2rpp', 'XTSNtex', 'PLIPA2A140pp', 'EX_g3pg_e', 'EX_glyc3p_e', 'EX_indole_e', 'EX_uri_e', 'EX_xtsn_e', 'SDPTA']","['DHAD1', 'ACLS', 'ACOAD6f', 'GLYC3Pabcpp', 'KARA1', 'SERAT', 'VALTA']",LYStex,SDPDS,1.5659070029082967,1,192,7,-68.0,-0.4019879407000483,iPC815,PSL,True,False,-1.51645878005007,0.0,0.0,0.0
67,"['DHAD1', 'GLCP', 'ACLS', 'ACOAD1f', 'ACOAD2f', 'ACOAD3f', 'ACOAD4f', 'ACOAD5f', 'ACOAD6f', 'ACOAD7f', 'ACOATA', 'ACSERtex', 'ACSERtpp', 'ADPT', 'AGMtex', 'ARGabcpp', 'ARGAGMt7pp', 'ALATA_L2', 'ASPO5', 'AST', 'CPPPGO', 'CDAPPA140', 'CDAPPA160', 'CDAPPA161', 'CYSS', 'CDAPPA181', 'CYTD', 'CHORM', 'DAPDC', 'DAPE', 'DCYTD', 'DHDPRy', 'DHDPS', 'FA120ACPHi', 'FACOAE120', 'DRPA', 'FACOAL140t2pp', 'FACOAL160t2pp', 'FACOAL161t2pp', 'FACOAL181t2pp', 'DURIPP', 'FADRx', 'FCLT', 'ECOAH1', 'ECOAH2', 'ECOAH3', 'ECOAH4', 'ECOAH5', 'ECOAH6', 'ECOAH7', 'ECOAH8', 'EDA', 'EDD', 'FE2tex', 'FE2tpp', 'GLUSy', 'GUAPRT', 'GLUTRR', 'GLUTRS', 'GLYC3Pabcpp', 'GLYC3Ptex', 'HACD1i', 'HACD2i', 'HACD3i', 'GLYCLTDx', 'HACD4i', 'HACD5i', 'HACD6i', 'HACD7i', 'HACD8i', 'GMPR', 'GND', 'CTECOAI7', 'GPDDA4', 'HMBS', 'HOMt2pp', 'HOMtex', 'HSDy', 'HSK', 'INDOLEt2pp', 'INDOLEtex', 'ICL', 'KARA1', 'KAT1', 'ACACT11', 'ACACT8', 'ACACT13', 'ACACT10', 'ACACT9', 'LPLIPAL1G140pp', 'LPLIPAL1G160pp', 'LPLIPAL1G161pp', 'LPLIPAL1G181pp', 'ACACT12', 'ACACT8r', 'LEUabcpp', 'G1SAT', 'LEUtex', 'LPLIPAL1A140pp', 'LPLIPAL1A160pp', 'LPLIPAL1A161pp', 'LPLIPAL1A181pp', 'LYSt3pp', 'LYStex', 'MACPD', 'G3PGabcpp', 'G3PGtex', 'NTD1', 'NTD10', 'G6PDA', 'NTD2', 'NTD3', 'NTD4', 'NTD6', 'NTD8', 'NTP3', 'P5CD', 'NTPP1', 'NTPP2', 'PA140abcpp', 'PA160abcpp', 'PA161abcpp', 'PA181abcpp', 'NTPP3', 'NTPP4', 'NTPP5', 'NTPP6', 'NTPP7', 'NTPP8', 'CTECOAI8', 'PAPSR', 'PDH', 'PLIPA2A160pp', 'PLIPA2A161pp', 'PLIPA2A181pp', 'PLIPA2G140pp', 'PLIPA2G160pp', 'PLIPA2G161pp', 'PLIPA2G181pp', 'PPBNGS', 'PPC', 'PPM2', 'PPND', 'PPPGO', 'PPPGO3', 'PUNP2', 'PUNP4', 'PYAM5PO', 'SADH', 'SDPDS', 'SERAT', 'SULR', 'SGDS', 'SGSAD', 'THDPS', 'THIORDXi', 'SO4tex', 'SOTA', 'SUCCt2_2pp', 'THRS', 'SULabcpp', 'TYRTA', 'PHEMEabcpp', 'PHEMEtiex', 'NADS2', 'UPP3S', 'UPPDC1', 'UPPRT', 'URItex', 'VALabcpp', 'VALTA', 'VALtex', 'XTSNt2rpp', 'XTSNtex', 'ARGDC', 'EX_acser_e', 'EX_agm_e', 'EX_fe2_e', 'PLIPA2A140pp', 'EX_g3pg_e', 'EX_leu__L_e', 'EX_lys__L_e', 'EX_glyc3p_e', 'EX_pheme_e', 'EX_hom__L_e', 'EX_indole_e', 'EX_uri_e', 'EX_so4_e', 'EX_val__L_e', 'EX_xtsn_e', 'SDPTA', 'PAPSSH']","[-0.026924274527300784, 0.00034000365535991756, -0.026924274527300784, 0.0002620235961785511, 0.0002620235961785511, 0.0002620235961785511, 0.0002620235961785511, 0.0002620235961785511, 0.00022669854104151455, 0.00014280153527579387, -3.532505513703654e-05, 0.0013108560979162576, -0.001310856097878954, 3.9078342206950827e-05, 0.005364898651237127, 0.005364898651191385, -0.005364898651237127, 0.0001613008250733322, -6.0273375845191785e-06, 0.005916852637165265, -0.0013487396332479314, 1.2805332474594361e-05, 3.753287104622371e-05, 1.6117056390437846e-05, 1.7662527551172338e-05, 1.192220609703607e-05, 0.0002781848088682288, -0.0002870160727064183, 0.0667930710140261, 0.0667930710139899, 5.60785249749474e-05, 0.0667930710140261, 0.0667930710140261, 3.53250551023308e-05, -3.53250551023308e-05, 0.00022122315757833536, 3.7091307857445646e-05, 0.0001081829812508827, 4.680569801058642e-05, 3.46185540002833e-05, 0.00011061157874792116, -0.001679618057477961, -0.0013487396332495887, -0.0002620235961785511, -0.0002620235961785511, -0.0002620235961785511, -0.0002620235961785511, -0.0002620235961785511, -0.00022669854115520138, -0.00018960723321015394, -3.4618553968357446e-05, 0.00029922529493376965, 0.00029922529493376965, -0.0013487396332720891, -0.0013487396332495887, 0.0013219682121731469, 5.60785249749474e-05, -0.010789917065983451, -0.010789917065983451, -0.0007191518875201593, -0.0007975293535764649, 0.00026202359622152095, 0.00026202359622152095, 0.00026202359622152095, 0.00011039079719478949, 0.00026202359622152095, 0.00026202359622152095, 0.00022669854111919015, 0.00018960723326175155, 3.46185540002833e-05, 0.0002701540995060196, -0.00029922529493376965, 4.680569801058642e-05, 1.1635190024329462e-05, -0.0013487396332479314, -0.06165014260683327, 0.061650142606822556, 0.06357138404121088, -0.0019212414343598438, 0.00011701424502646475, -0.00011701424500643043, 0.00011039079719478949, 0.026924274527232228, 0.00026202359622152095, 0.00026202359622152095, 0.00026202359622152095, 0.00026202359622152095, 0.00026202359622152095, 0.00022669854111919015, 5.740321454128462e-06, 1.655861957921721e-05, 7.285792614855364e-06, 5.387070903105145e-06, 0.00018960723326175155, 3.46185540002833e-05, 0.002034176366130458, -0.01078991706594934, 0.0020341763661235746, 1.2805332474594361e-05, 3.753287104622371e-05, 1.6117056390437846e-05, 1.192220609703607e-05, 0.06734502499999999, -0.06734502500000872, 3.5325055102344675e-05, 1.1635190024329462e-05, -2.333661450393265e-05, 5.453305381422028e-05, 0.001055090952552823, 2.6493791326747014e-05, 0.0004174979949906413, 5.60785249749474e-05, 0.0002781848088682288, 5.453305381422028e-05, 5.60785249749474e-05, 0.0006832947464090466, 0.0007992293716902049, 5.60785249749474e-05, 0.0005806555944646852, 1.2805332474594361e-05, 3.753287104622371e-05, 1.6117056390437846e-05, 1.192220609703607e-05, 5.60785249749474e-05, 0.0002959775975546787, 5.453305381422028e-05, 0.012327454218122424, 5.453305381422028e-05, 0.00034221147130380353, 3.46185540002833e-05, -0.0001613008250733322, -0.007061603589596954, 3.753287104622371e-05, 1.6117056390437846e-05, 1.192220609703607e-05, 5.740321454128462e-06, 1.655861957921721e-05, 7.285792614855364e-06, 5.387070903105145e-06, -0.0053949585329917255, 0.0012297534807492738, 0.00022122315760952915, -0.0002870160727064183, -0.0013168933601572046, -3.184627309238408e-05, 5.453305379887752e-05, 5.607852494904364e-05, 0.0001613008250733322, 0.005916852637165265, 0.0667930710140261, -0.0012931935704045827, -0.0001613008250733322, 0.005916852637165265, 0.005916852637165265, 0.0667930710140261, 0.0001613008250733322, -0.00016130082508425403, 0.005916852637165265, -0.005846458921640624, -0.0019212414343598438, -0.0001613008250733322, 0.00028701607266157225, -0.0013487396332495887, -0.0013487396332495887, -6.0273375845191785e-06, -0.0013487396332479314, -0.0013487396332479314, 0.00011061157878916768, -0.0006956828038937601, 0.022262797187934558, 0.025260880978635214, 0.022262797187977412, -0.001055090952604587, -0.001055090952604587, -0.005364898651237127, -0.001310856097878954, -0.005364898651191385, 0.0013487396332720891, 1.2805332474594361e-05, 2.3336614526976718e-05, -0.002034176366130458, 0.06734502499999995, 0.0007975293535284513, -0.0013487396332495887, -0.06165014260683327, 0.00011701424502646475, 0.0006956828038937601, 0.00016130082508425403, -0.022262797187934558, 0.001055090952552823, -0.0667930710139899, -0.00016130082508425403]","[0.026924274527300784, 0.00034000365535991756, 0.026924274527300784, 0.0002620235961785511, 0.0002620235961785511, 0.0002620235961785511, 0.0002620235961785511, 0.0002620235961785511, 0.00022669854104151455, 0.00014280153527579387, 3.532505513703654e-05, 0.0013108560979162576, 0.001310856097878954, 3.9078342206950827e-05, 0.005364898651237127, 0.005364898651191385, 0.005364898651237127, 0.0001613008250733322, 6.0273375845191785e-06, 0.005916852637165265, 0.0013487396332479314, 1.2805332474594361e-05, 3.753287104622371e-05, 1.6117056390437846e-05, 1.7662527551172338e-05, 1.192220609703607e-05, 0.0002781848088682288, 0.0002870160727064183, 0.0667930710140261, 0.0667930710139899, 5.60785249749474e-05, 0.0667930710140261, 0.0667930710140261, 3.53250551023308e-05, 3.53250551023308e-05, 0.00022122315757833536, 3.7091307857445646e-05, 0.0001081829812508827, 4.680569801058642e-05, 3.46185540002833e-05, 0.00011061157874792116, 0.001679618057477961, 0.0013487396332495887, 0.0002620235961785511, 0.0002620235961785511, 0.0002620235961785511, 0.0002620235961785511, 0.0002620235961785511, 0.00022669854115520138, 0.00018960723321015394, 3.4618553968357446e-05, 0.00029922529493376965, 0.00029922529493376965, 0.0013487396332720891, 0.0013487396332495887, 0.0013219682121731469, 5.60785249749474e-05, 0.010789917065983451, 0.010789917065983451, 0.0007191518875201593, 0.0007975293535764649, 0.00026202359622152095, 0.00026202359622152095, 0.00026202359622152095, 0.00011039079719478949, 0.00026202359622152095, 0.00026202359622152095, 0.00022669854111919015, 0.00018960723326175155, 3.46185540002833e-05, 0.0002701540995060196, 0.00029922529493376965, 4.680569801058642e-05, 1.1635190024329462e-05, 0.0013487396332479314, 0.06165014260683327, 0.061650142606822556, 0.06357138404121088, 0.0019212414343598438, 0.00011701424502646475, 0.00011701424500643043, 0.00011039079719478949, 0.026924274527232228, 0.00026202359622152095, 0.00026202359622152095, 0.00026202359622152095, 0.00026202359622152095, 0.00026202359622152095, 0.00022669854111919015, 5.740321454128462e-06, 1.655861957921721e-05, 7.285792614855364e-06, 5.387070903105145e-06, 0.00018960723326175155, 3.46185540002833e-05, 0.002034176366130458, 0.01078991706594934, 0.0020341763661235746, 1.2805332474594361e-05, 3.753287104622371e-05, 1.6117056390437846e-05, 1.192220609703607e-05, 0.06734502499999999, 0.06734502500000872, 3.5325055102344675e-05, 1.1635190024329462e-05, 2.333661450393265e-05, 5.453305381422028e-05, 0.001055090952552823, 2.6493791326747014e-05, 0.0004174979949906413, 5.60785249749474e-05, 0.0002781848088682288, 5.453305381422028e-05, 5.60785249749474e-05, 0.0006832947464090466, 0.0007992293716902049, 5.60785249749474e-05, 0.0005806555944646852, 1.2805332474594361e-05, 3.753287104622371e-05, 1.6117056390437846e-05, 1.192220609703607e-05, 5.60785249749474e-05, 0.0002959775975546787, 5.453305381422028e-05, 0.012327454218122424, 5.453305381422028e-05, 0.00034221147130380353, 3.46185540002833e-05, 0.0001613008250733322, 0.007061603589596954, 3.753287104622371e-05, 1.6117056390437846e-05, 1.192220609703607e-05, 5.740321454128462e-06, 1.655861957921721e-05, 7.285792614855364e-06, 5.387070903105145e-06, 0.0053949585329917255, 0.0012297534807492738, 0.00022122315760952915, 0.0002870160727064183, 0.0013168933601572046, 3.184627309238408e-05, 5.453305379887752e-05, 5.607852494904364e-05, 0.0001613008250733322, 0.005916852637165265, 0.0667930710140261, 0.0012931935704045827, 0.0001613008250733322, 0.005916852637165265, 0.005916852637165265, 0.0667930710140261, 0.0001613008250733322, 0.00016130082508425403, 0.005916852637165265, 0.005846458921640624, 0.0019212414343598438, 0.0001613008250733322, 0.00028701607266157225, 0.0013487396332495887, 0.0013487396332495887, 6.0273375845191785e-06, 0.0013487396332479314, 0.0013487396332479314, 0.00011061157878916768, 0.0006956828038937601, 0.022262797187934558, 0.025260880978635214, 0.022262797187977412, 0.001055090952604587, 0.001055090952604587, 0.005364898651237127, 0.001310856097878954, 0.005364898651191385, 0.0013487396332720891, 1.2805332474594361e-05, 2.3336614526976718e-05, 0.002034176366130458, 0.06734502499999995, 0.0007975293535284513, 0.0013487396332495887, 0.06165014260683327, 0.00011701424502646475, 0.0006956828038937601, 0.00016130082508425403, 0.022262797187934558, 0.001055090952552823, 0.0667930710139899, 0.00016130082508425403]","['ACSERtex', 'ACSERtpp', 'AGMtex', 'ARGAGMt7pp', 'ASPO5', 'CPPPGO', 'CHORM', 'FACOAE120', 'FADRx', 'FCLT', 'FE2tex', 'FE2tpp', 'GLUTRR', 'GLUTRS', 'GND', 'HMBS', 'HOMt2pp', 'HOMtex', 'HSDy', 'HSK', 'G1SAT', 'LEUtex', 'LYStex', 'PAPSR', 'PDH', 'PPBNGS', 'PPND', 'PPPGO', 'PPPGO3', 'SULR', 'SO4tex', 'SUCCt2_2pp', 'THRS', 'SULabcpp', 'TYRTA', 'PHEMEabcpp', 'PHEMEtiex', 'NADS2', 'UPP3S', 'UPPDC1', 'VALtex', 'ARGDC', 'EX_acser_e', 'EX_agm_e', 'EX_fe2_e', 'EX_leu__L_e', 'EX_lys__L_e', 'EX_pheme_e', 'EX_hom__L_e', 'EX_so4_e', 'EX_val__L_e', 'PAPSSH']","['GLCP', 'ACOAD1f', 'ACOAD2f', 'ACOAD3f', 'ACOAD4f', 'ACOAD5f', 'ACOAD7f', 'ACOATA', 'ADPT', 'ARGabcpp', 'ALATA_L2', 'AST', 'CDAPPA140', 'CDAPPA160', 'CDAPPA161', 'CYSS', 'CDAPPA181', 'CYTD', 'DAPDC', 'DAPE', 'DCYTD', 'DHDPRy', 'DHDPS', 'FA120ACPHi', 'DRPA', 'FACOAL140t2pp', 'FACOAL160t2pp', 'FACOAL161t2pp', 'FACOAL181t2pp', 'DURIPP', 'ECOAH1', 'ECOAH2', 'ECOAH3', 'ECOAH4', 'ECOAH5', 'ECOAH6', 'ECOAH7', 'ECOAH8', 'EDA', 'EDD', 'GLUSy', 'GUAPRT', 'GLYC3Ptex', 'HACD1i', 'HACD2i', 'HACD3i', 'GLYCLTDx', 'HACD4i', 'HACD5i', 'HACD6i', 'HACD7i', 'HACD8i', 'GMPR', 'CTECOAI7', 'GPDDA4', 'INDOLEt2pp', 'INDOLEtex', 'ICL', 'KAT1', 'ACACT11', 'ACACT8', 'ACACT13', 'ACACT10', 'ACACT9', 'LPLIPAL1G140pp', 'LPLIPAL1G160pp', 'LPLIPAL1G161pp', 'LPLIPAL1G181pp', 'ACACT12', 'ACACT8r', 'LEUabcpp', 'LPLIPAL1A140pp', 'LPLIPAL1A160pp', 'LPLIPAL1A161pp', 'LPLIPAL1A181pp', 'LYSt3pp', 'MACPD', 'G3PGabcpp', 'G3PGtex', 'NTD1', 'NTD10', 'G6PDA', 'NTD2', 'NTD3', 'NTD4', 'NTD6', 'NTD8', 'NTP3', 'P5CD', 'NTPP1', 'NTPP2', 'PA140abcpp', 'PA160abcpp', 'PA161abcpp', 'PA181abcpp', 'NTPP3', 'NTPP4', 'NTPP5', 'NTPP6', 'NTPP7', 'NTPP8', 'CTECOAI8', 'PLIPA2A160pp', 'PLIPA2A161pp', 'PLIPA2A181pp', 'PLIPA2G140pp', 'PLIPA2G160pp', 'PLIPA2G161pp', 'PLIPA2G181pp', 'PPC', 'PPM2', 'PUNP2', 'PUNP4', 'PYAM5PO', 'SADH', 'SDPDS', 'SGDS', 'SGSAD', 'THDPS', 'THIORDXi', 'SOTA', 'UPPRT', 'URItex', 'VALabcpp', 'XTSNt2rpp', 'XTSNtex', 'PLIPA2A140pp', 'EX_g3pg_e', 'EX_glyc3p_e', 'EX_indole_e', 'EX_uri_e', 'EX_xtsn_e', 'SDPTA']","['DHAD1', 'ACLS', 'ACOAD6f', 'GLYC3Pabcpp', 'KARA1', 'SERAT', 'VALTA']",LYStex,THDPS,1.5659070029082967,1,192,7,-68.0,-0.4019879407000483,iPC815,PSL,True,False,-1.51645878005007,0.0,0.0,0.0
68,"['DHAD1', 'GLCP', 'ACLS', 'ACOAD1f', 'ACOAD2f', 'ACOAD3f', 'ACOAD4f', 'ACOAD5f', 'ACOAD6f', 'ACOAD7f', 'ACOATA', 'ACSERtex', 'ACSERtpp', 'ADPT', 'AGMtex', 'ARGabcpp', 'ARGAGMt7pp', 'ALATA_L2', 'ASPO5', 'AST', 'CPPPGO', 'CDAPPA140', 'CDAPPA160', 'CDAPPA161', 'CYSS', 'CDAPPA181', 'CYTD', 'CHORM', 'DAPDC', 'DAPE', 'DCYTD', 'DHDPRy', 'DHDPS', 'FA120ACPHi', 'FACOAE120', 'DRPA', 'FACOAL140t2pp', 'FACOAL160t2pp', 'FACOAL161t2pp', 'FACOAL181t2pp', 'DURIPP', 'FADRx', 'FCLT', 'ECOAH1', 'ECOAH2', 'ECOAH3', 'ECOAH4', 'ECOAH5', 'ECOAH6', 'ECOAH7', 'ECOAH8', 'EDA', 'EDD', 'FE2tex', 'FE2tpp', 'GLUSy', 'GUAPRT', 'GLUTRR', 'GLUTRS', 'GLYC3Pabcpp', 'GLYC3Ptex', 'HACD1i', 'HACD2i', 'HACD3i', 'GLYCLTDx', 'HACD4i', 'HACD5i', 'HACD6i', 'HACD7i', 'HACD8i', 'GMPR', 'GND', 'CTECOAI7', 'GPDDA4', 'HMBS', 'HOMt2pp', 'HOMtex', 'HSDy', 'HSK', 'INDOLEt2pp', 'INDOLEtex', 'ICL', 'KARA1', 'KAT1', 'ACACT11', 'ACACT8', 'ACACT13', 'ACACT10', 'ACACT9', 'LPLIPAL1G140pp', 'LPLIPAL1G160pp', 'LPLIPAL1G161pp', 'LPLIPAL1G181pp', 'ACACT12', 'ACACT8r', 'LEUabcpp', 'G1SAT', 'LEUtex', 'LPLIPAL1A140pp', 'LPLIPAL1A160pp', 'LPLIPAL1A161pp', 'LPLIPAL1A181pp', 'LYSt3pp', 'LYStex', 'MACPD', 'G3PGabcpp', 'G3PGtex', 'NTD1', 'NTD10', 'G6PDA', 'NTD2', 'NTD3', 'NTD4', 'NTD6', 'NTD8', 'NTP3', 'P5CD', 'NTPP1', 'NTPP2', 'PA140abcpp', 'PA160abcpp', 'PA161abcpp', 'PA181abcpp', 'NTPP3', 'NTPP4', 'NTPP5', 'NTPP6', 'NTPP7', 'NTPP8', 'CTECOAI8', 'PAPSR', 'PDH', 'PLIPA2A160pp', 'PLIPA2A161pp', 'PLIPA2A181pp', 'PLIPA2G140pp', 'PLIPA2G160pp', 'PLIPA2G161pp', 'PLIPA2G181pp', 'PPBNGS', 'PPC', 'PPM2', 'PPND', 'PPPGO', 'PPPGO3', 'PUNP2', 'PUNP4', 'PYAM5PO', 'SADH', 'SDPDS', 'SERAT', 'SULR', 'SGDS', 'SGSAD', 'THDPS', 'THIORDXi', 'SO4tex', 'SOTA', 'SUCCt2_2pp', 'THRS', 'SULabcpp', 'TYRTA', 'PHEMEabcpp', 'PHEMEtiex', 'NADS2', 'UPP3S', 'UPPDC1', 'UPPRT', 'URItex', 'VALabcpp', 'VALTA', 'VALtex', 'XTSNt2rpp', 'XTSNtex', 'ARGDC', 'EX_acser_e', 'EX_agm_e', 'EX_fe2_e', 'PLIPA2A140pp', 'EX_g3pg_e', 'EX_leu__L_e', 'EX_lys__L_e', 'EX_glyc3p_e', 'EX_pheme_e', 'EX_hom__L_e', 'EX_indole_e', 'EX_uri_e', 'EX_so4_e', 'EX_val__L_e', 'EX_xtsn_e', 'SDPTA', 'PAPSSH']","[-0.026924274527300784, 0.00034000365535991756, -0.026924274527300784, 0.0002620235961785511, 0.0002620235961785511, 0.0002620235961785511, 0.0002620235961785511, 0.0002620235961785511, 0.00022669854104151455, 0.00014280153527579387, -3.532505513703654e-05, 0.0013108560979162576, -0.001310856097878954, 3.9078342206950827e-05, 0.005364898651237127, 0.005364898651191385, -0.005364898651237127, 0.0001613008250733322, -6.0273375845191785e-06, 0.005916852637165265, -0.0013487396332479314, 1.2805332474594361e-05, 3.753287104622371e-05, 1.6117056390437846e-05, 1.7662527551172338e-05, 1.192220609703607e-05, 0.0002781848088682288, -0.0002870160727064183, 0.0667930710140261, 0.0667930710139899, 5.60785249749474e-05, 0.0667930710140261, 0.0667930710140261, 3.53250551023308e-05, -3.53250551023308e-05, 0.00022122315757833536, 3.7091307857445646e-05, 0.0001081829812508827, 4.680569801058642e-05, 3.46185540002833e-05, 0.00011061157874792116, -0.001679618057477961, -0.0013487396332495887, -0.0002620235961785511, -0.0002620235961785511, -0.0002620235961785511, -0.0002620235961785511, -0.0002620235961785511, -0.00022669854115520138, -0.00018960723321015394, -3.4618553968357446e-05, 0.00029922529493376965, 0.00029922529493376965, -0.0013487396332720891, -0.0013487396332495887, 0.0013219682121731469, 5.60785249749474e-05, -0.010789917065983451, -0.010789917065983451, -0.0007191518875201593, -0.0007975293535764649, 0.00026202359622152095, 0.00026202359622152095, 0.00026202359622152095, 0.00011039079719478949, 0.00026202359622152095, 0.00026202359622152095, 0.00022669854111919015, 0.00018960723326175155, 3.46185540002833e-05, 0.0002701540995060196, -0.00029922529493376965, 4.680569801058642e-05, 1.1635190024329462e-05, -0.0013487396332479314, -0.06165014260683327, 0.061650142606822556, 0.06357138404121088, -0.0019212414343598438, 0.00011701424502646475, -0.00011701424500643043, 0.00011039079719478949, 0.026924274527232228, 0.00026202359622152095, 0.00026202359622152095, 0.00026202359622152095, 0.00026202359622152095, 0.00026202359622152095, 0.00022669854111919015, 5.740321454128462e-06, 1.655861957921721e-05, 7.285792614855364e-06, 5.387070903105145e-06, 0.00018960723326175155, 3.46185540002833e-05, 0.002034176366130458, -0.01078991706594934, 0.0020341763661235746, 1.2805332474594361e-05, 3.753287104622371e-05, 1.6117056390437846e-05, 1.192220609703607e-05, 0.06734502499999999, -0.06734502500000872, 3.5325055102344675e-05, 1.1635190024329462e-05, -2.333661450393265e-05, 5.453305381422028e-05, 0.001055090952552823, 2.6493791326747014e-05, 0.0004174979949906413, 5.60785249749474e-05, 0.0002781848088682288, 5.453305381422028e-05, 5.60785249749474e-05, 0.0006832947464090466, 0.0007992293716902049, 5.60785249749474e-05, 0.0005806555944646852, 1.2805332474594361e-05, 3.753287104622371e-05, 1.6117056390437846e-05, 1.192220609703607e-05, 5.60785249749474e-05, 0.0002959775975546787, 5.453305381422028e-05, 0.012327454218122424, 5.453305381422028e-05, 0.00034221147130380353, 3.46185540002833e-05, -0.0001613008250733322, -0.007061603589596954, 3.753287104622371e-05, 1.6117056390437846e-05, 1.192220609703607e-05, 5.740321454128462e-06, 1.655861957921721e-05, 7.285792614855364e-06, 5.387070903105145e-06, -0.0053949585329917255, 0.0012297534807492738, 0.00022122315760952915, -0.0002870160727064183, -0.0013168933601572046, -3.184627309238408e-05, 5.453305379887752e-05, 5.607852494904364e-05, 0.0001613008250733322, 0.005916852637165265, 0.0667930710140261, -0.0012931935704045827, -0.0001613008250733322, 0.005916852637165265, 0.005916852637165265, 0.0667930710140261, 0.0001613008250733322, -0.00016130082508425403, 0.005916852637165265, -0.005846458921640624, -0.0019212414343598438, -0.0001613008250733322, 0.00028701607266157225, -0.0013487396332495887, -0.0013487396332495887, -6.0273375845191785e-06, -0.0013487396332479314, -0.0013487396332479314, 0.00011061157878916768, -0.0006956828038937601, 0.022262797187934558, 0.025260880978635214, 0.022262797187977412, -0.001055090952604587, -0.001055090952604587, -0.005364898651237127, -0.001310856097878954, -0.005364898651191385, 0.0013487396332720891, 1.2805332474594361e-05, 2.3336614526976718e-05, -0.002034176366130458, 0.06734502499999995, 0.0007975293535284513, -0.0013487396332495887, -0.06165014260683327, 0.00011701424502646475, 0.0006956828038937601, 0.00016130082508425403, -0.022262797187934558, 0.001055090952552823, -0.0667930710139899, -0.00016130082508425403]","[0.026924274527300784, 0.00034000365535991756, 0.026924274527300784, 0.0002620235961785511, 0.0002620235961785511, 0.0002620235961785511, 0.0002620235961785511, 0.0002620235961785511, 0.00022669854104151455, 0.00014280153527579387, 3.532505513703654e-05, 0.0013108560979162576, 0.001310856097878954, 3.9078342206950827e-05, 0.005364898651237127, 0.005364898651191385, 0.005364898651237127, 0.0001613008250733322, 6.0273375845191785e-06, 0.005916852637165265, 0.0013487396332479314, 1.2805332474594361e-05, 3.753287104622371e-05, 1.6117056390437846e-05, 1.7662527551172338e-05, 1.192220609703607e-05, 0.0002781848088682288, 0.0002870160727064183, 0.0667930710140261, 0.0667930710139899, 5.60785249749474e-05, 0.0667930710140261, 0.0667930710140261, 3.53250551023308e-05, 3.53250551023308e-05, 0.00022122315757833536, 3.7091307857445646e-05, 0.0001081829812508827, 4.680569801058642e-05, 3.46185540002833e-05, 0.00011061157874792116, 0.001679618057477961, 0.0013487396332495887, 0.0002620235961785511, 0.0002620235961785511, 0.0002620235961785511, 0.0002620235961785511, 0.0002620235961785511, 0.00022669854115520138, 0.00018960723321015394, 3.4618553968357446e-05, 0.00029922529493376965, 0.00029922529493376965, 0.0013487396332720891, 0.0013487396332495887, 0.0013219682121731469, 5.60785249749474e-05, 0.010789917065983451, 0.010789917065983451, 0.0007191518875201593, 0.0007975293535764649, 0.00026202359622152095, 0.00026202359622152095, 0.00026202359622152095, 0.00011039079719478949, 0.00026202359622152095, 0.00026202359622152095, 0.00022669854111919015, 0.00018960723326175155, 3.46185540002833e-05, 0.0002701540995060196, 0.00029922529493376965, 4.680569801058642e-05, 1.1635190024329462e-05, 0.0013487396332479314, 0.06165014260683327, 0.061650142606822556, 0.06357138404121088, 0.0019212414343598438, 0.00011701424502646475, 0.00011701424500643043, 0.00011039079719478949, 0.026924274527232228, 0.00026202359622152095, 0.00026202359622152095, 0.00026202359622152095, 0.00026202359622152095, 0.00026202359622152095, 0.00022669854111919015, 5.740321454128462e-06, 1.655861957921721e-05, 7.285792614855364e-06, 5.387070903105145e-06, 0.00018960723326175155, 3.46185540002833e-05, 0.002034176366130458, 0.01078991706594934, 0.0020341763661235746, 1.2805332474594361e-05, 3.753287104622371e-05, 1.6117056390437846e-05, 1.192220609703607e-05, 0.06734502499999999, 0.06734502500000872, 3.5325055102344675e-05, 1.1635190024329462e-05, 2.333661450393265e-05, 5.453305381422028e-05, 0.001055090952552823, 2.6493791326747014e-05, 0.0004174979949906413, 5.60785249749474e-05, 0.0002781848088682288, 5.453305381422028e-05, 5.60785249749474e-05, 0.0006832947464090466, 0.0007992293716902049, 5.60785249749474e-05, 0.0005806555944646852, 1.2805332474594361e-05, 3.753287104622371e-05, 1.6117056390437846e-05, 1.192220609703607e-05, 5.60785249749474e-05, 0.0002959775975546787, 5.453305381422028e-05, 0.012327454218122424, 5.453305381422028e-05, 0.00034221147130380353, 3.46185540002833e-05, 0.0001613008250733322, 0.007061603589596954, 3.753287104622371e-05, 1.6117056390437846e-05, 1.192220609703607e-05, 5.740321454128462e-06, 1.655861957921721e-05, 7.285792614855364e-06, 5.387070903105145e-06, 0.0053949585329917255, 0.0012297534807492738, 0.00022122315760952915, 0.0002870160727064183, 0.0013168933601572046, 3.184627309238408e-05, 5.453305379887752e-05, 5.607852494904364e-05, 0.0001613008250733322, 0.005916852637165265, 0.0667930710140261, 0.0012931935704045827, 0.0001613008250733322, 0.005916852637165265, 0.005916852637165265, 0.0667930710140261, 0.0001613008250733322, 0.00016130082508425403, 0.005916852637165265, 0.005846458921640624, 0.0019212414343598438, 0.0001613008250733322, 0.00028701607266157225, 0.0013487396332495887, 0.0013487396332495887, 6.0273375845191785e-06, 0.0013487396332479314, 0.0013487396332479314, 0.00011061157878916768, 0.0006956828038937601, 0.022262797187934558, 0.025260880978635214, 0.022262797187977412, 0.001055090952604587, 0.001055090952604587, 0.005364898651237127, 0.001310856097878954, 0.005364898651191385, 0.0013487396332720891, 1.2805332474594361e-05, 2.3336614526976718e-05, 0.002034176366130458, 0.06734502499999995, 0.0007975293535284513, 0.0013487396332495887, 0.06165014260683327, 0.00011701424502646475, 0.0006956828038937601, 0.00016130082508425403, 0.022262797187934558, 0.001055090952552823, 0.0667930710139899, 0.00016130082508425403]","['ACSERtex', 'ACSERtpp', 'AGMtex', 'ARGAGMt7pp', 'ASPO5', 'CPPPGO', 'CHORM', 'FACOAE120', 'FADRx', 'FCLT', 'FE2tex', 'FE2tpp', 'GLUTRR', 'GLUTRS', 'GND', 'HMBS', 'HOMt2pp', 'HOMtex', 'HSDy', 'HSK', 'G1SAT', 'LEUtex', 'LYStex', 'PAPSR', 'PDH', 'PPBNGS', 'PPND', 'PPPGO', 'PPPGO3', 'SULR', 'SO4tex', 'SUCCt2_2pp', 'THRS', 'SULabcpp', 'TYRTA', 'PHEMEabcpp', 'PHEMEtiex', 'NADS2', 'UPP3S', 'UPPDC1', 'VALtex', 'ARGDC', 'EX_acser_e', 'EX_agm_e', 'EX_fe2_e', 'EX_leu__L_e', 'EX_lys__L_e', 'EX_pheme_e', 'EX_hom__L_e', 'EX_so4_e', 'EX_val__L_e', 'PAPSSH']","['GLCP', 'ACOAD1f', 'ACOAD2f', 'ACOAD3f', 'ACOAD4f', 'ACOAD5f', 'ACOAD7f', 'ACOATA', 'ADPT', 'ARGabcpp', 'ALATA_L2', 'AST', 'CDAPPA140', 'CDAPPA160', 'CDAPPA161', 'CYSS', 'CDAPPA181', 'CYTD', 'DAPDC', 'DAPE', 'DCYTD', 'DHDPRy', 'DHDPS', 'FA120ACPHi', 'DRPA', 'FACOAL140t2pp', 'FACOAL160t2pp', 'FACOAL161t2pp', 'FACOAL181t2pp', 'DURIPP', 'ECOAH1', 'ECOAH2', 'ECOAH3', 'ECOAH4', 'ECOAH5', 'ECOAH6', 'ECOAH7', 'ECOAH8', 'EDA', 'EDD', 'GLUSy', 'GUAPRT', 'GLYC3Ptex', 'HACD1i', 'HACD2i', 'HACD3i', 'GLYCLTDx', 'HACD4i', 'HACD5i', 'HACD6i', 'HACD7i', 'HACD8i', 'GMPR', 'CTECOAI7', 'GPDDA4', 'INDOLEt2pp', 'INDOLEtex', 'ICL', 'KAT1', 'ACACT11', 'ACACT8', 'ACACT13', 'ACACT10', 'ACACT9', 'LPLIPAL1G140pp', 'LPLIPAL1G160pp', 'LPLIPAL1G161pp', 'LPLIPAL1G181pp', 'ACACT12', 'ACACT8r', 'LEUabcpp', 'LPLIPAL1A140pp', 'LPLIPAL1A160pp', 'LPLIPAL1A161pp', 'LPLIPAL1A181pp', 'LYSt3pp', 'MACPD', 'G3PGabcpp', 'G3PGtex', 'NTD1', 'NTD10', 'G6PDA', 'NTD2', 'NTD3', 'NTD4', 'NTD6', 'NTD8', 'NTP3', 'P5CD', 'NTPP1', 'NTPP2', 'PA140abcpp', 'PA160abcpp', 'PA161abcpp', 'PA181abcpp', 'NTPP3', 'NTPP4', 'NTPP5', 'NTPP6', 'NTPP7', 'NTPP8', 'CTECOAI8', 'PLIPA2A160pp', 'PLIPA2A161pp', 'PLIPA2A181pp', 'PLIPA2G140pp', 'PLIPA2G160pp', 'PLIPA2G161pp', 'PLIPA2G181pp', 'PPC', 'PPM2', 'PUNP2', 'PUNP4', 'PYAM5PO', 'SADH', 'SDPDS', 'SGDS', 'SGSAD', 'THDPS', 'THIORDXi', 'SOTA', 'UPPRT', 'URItex', 'VALabcpp', 'XTSNt2rpp', 'XTSNtex', 'PLIPA2A140pp', 'EX_g3pg_e', 'EX_glyc3p_e', 'EX_indole_e', 'EX_uri_e', 'EX_xtsn_e', 'SDPTA']","['DHAD1', 'ACLS', 'ACOAD6f', 'GLYC3Pabcpp', 'KARA1', 'SERAT', 'VALTA']",LYStex,SDPTA,1.5659070029082967,1,192,7,-68.0,-0.4019879407000483,iPC815,PSL,True,True,-1.51645878005007,-1.52000325504461,0.0,0.0
69,"['CYSabc2pp', 'CYSabcpp', 'MDH', 'ME1', 'PPC', 'PYK']","[-0.26200420347720355, -0.26200420347720355, -0.5240084069613431, 0.5240084069613387, 0.5240084069613984, -0.5240084069582194]","[0.26200420347720355, 0.26200420347720355, 0.5240084069613431, 0.5240084069613387, 0.5240084069613984, 0.5240084069582194]","['CYSabc2pp', 'MDH']","['ME1', 'PPC']","['CYSabcpp', 'PYK']",MDH,PPC,2.620042034766379,1,6,2,2.0,0.5240084069512325,iPC815,PSL,True,False,-42.0572005038182,0.0,0.0,0.0
70,"['GARFT', 'GART', 'EX_cytd_e', 'GHMT2r', 'EX_ala__D_e', 'GLCP', '2AGPGAT160', '2AGPGAT161', '2AGPGAT181', 'ACOAD1f', 'ACOAD2f', 'ACOAD3f', 'ACOAD4f', 'ACOAD5f', 'ACOAD6f', 'ACOAD7f', 'ACSERtex', 'ACSERtpp', 'ADEt2rpp', 'ADEtex', 'ADNK1', '4PEPTtex', 'ADPT', 'AMPN', 'AGM4PApp', 'ANHGMtex', 'ANPRT', 'ANS', 'ARGabcpp', 'ARGtex', 'ASAD', 'ALAALAr', 'ALAR', 'ASNt2rpp', 'ASNtex', 'ASPabcpp', 'ASPK', 'ASPO5', 'ASPtex', 'CDAPPA140', 'CDAPPA160', 'CYTD', 'CYTDtex', 'CHORM', 'DALAtex', 'DAPDC', 'FACOAE160', 'FACOAE161', 'FACOAE181', 'DRPA', 'FACOAL140t2pp', 'FACOAL160t2pp', 'FACOAL161t2pp', 'FACOAL181t2pp', 'DURIK1', 'DURIPP', 'FADRx', 'FDH4pp', 'ECOAH1', 'ECOAH2', 'ECOAH3', 'ECOAH4', 'ECOAH5', 'ECOAH6', 'ECOAH7', 'ECOAH8', 'EDA', 'EDD', 'FORt2pp', 'GLUR', 'FORtex', 'FORtppi', 'GLYC3Pabcpp', 'GLYC3Ptex', 'HACD1i', 'HACD2i', 'HACD3i', 'GLYCL', 'HACD4i', 'HACD5i', 'HACD6i', 'HACD7i', 'HACD8i', 'GMPR', 'CTECOAI7', 'GPDDA4', 'ILEtex', 'HSDy', 'HSK', 'ICL', 'IGPS', 'ILEabcpp', 'KAT1', 'LPLIPAL1E181pp', 'ACACT11', 'ACACT8', 'ACACT13', 'ACACT10', 'ACACT9', 'ACACT12', 'ACACT8r', 'LEUabcpp', 'LEUtex', 'LPLIPAL1E140pp', 'LPLIPAL1E160pp', 'LPLIPAL2G160', 'LPLIPAL2G161', 'LPLIPAL1E161pp', 'LPLIPAL2G181', 'MALS', 'MDDCP3pp', 'MDDCP4pp', 'MPTG', 'MTHFC', 'MTHFD', 'G3PEtex', 'G3PGabcpp', 'NADPHQR2', 'MLTGY1pp', 'G3PGtex', 'NTD10', 'NTD2', 'NTD4', 'G6PDH2r', 'P5CD', 'P5CR', 'NTPP2', 'NTPP4', 'NTPP7', 'NTPP8', 'CTECOAI8', 'PAPPT3', 'PAPSR', 'PLIPA2E140pp', 'PLIPA2E160pp', 'PLIPA2E161pp', 'PLIPA2E181pp', 'PGL', 'PFL', 'PPA', 'PPCK', 'PPM2', 'PPND', 'PPPGO', 'PGP140abcpp', 'PPPGO3', 'PGP160abcpp', 'PUNP1', 'PRAIi', 'PYNP2r', 'PGPP140pp', 'RNTR3c', 'PGPP160pp', 'SERAT', 'SERD_L', 'SULR', 'SO4tex', 'THRS', 'SULabcpp', 'TYRTA', 'UAAGDS', 'TRPS1', 'TRPt2rpp', 'TRPtex', 'UAGCVT', 'UAGPT3', 'UAMAGS', 'UAMAS', 'UAPGR', 'UDCPDP', 'UGMDDS', 'PIuabcpp', 'VALabcpp', 'VALtex', 'XTSNt2rpp', 'XTSNtex', 'ENOPH', 'EAR40y', 'EAR60y', 'EAR120y', 'EAR140y', 'EAR160y', 'EX_LalaDgluMdapDala_e', 'EX_acser_e', 'EX_ade_e', 'EX_anhgm_e', 'EX_arg__L_e', 'EX_asn__L_e', 'EX_asp__L_e', 'EX_for_e', 'EX_g3pe_e', 'EX_g3pg_e', 'EX_leu__L_e', 'EX_trp__L_e', 'EX_glyc3p_e', 'EX_ile__L_e', 'EX_so4_e', 'EX_val__L_e', 'EX_xtsn_e', 'PAPSSH']","[-0.2951015308292555, 0.2951015308292555, 0.0028236722173460294, -0.15054385018453031, 3.325468075251353e-05, 0.0008535368059811796, -1.4979208009054956e-05, -1.8290074413881726e-05, -1.3523570172688671e-05, 0.00048709942742932404, 0.00048709942742932404, 0.00048709942742932404, 0.00048709942742932404, 0.00048709942742932404, 0.0004870994274293241, 0.000305307172648922, -0.020173847278091128, 0.020173847278091128, -0.0015369931944000253, -0.0015369931944000253, -0.00013689843576451463, -3.325468075251353e-05, -0.0013946631607792512, 4.422872540085776e-05, 3.325468075251353e-05, -3.325468075251353e-05, 0.0009976404225754028, 0.0009976404225754028, -0.0013856116980213995, -0.0013856116980213995, 0.00224302821675703, 3.325468075251353e-05, 6.650936150502705e-05, -0.0014410361659422666, -0.0014410361659422666, -0.002330235522111146, -0.00224302821675703, -1.5130879740985924e-05, -0.002330235522111146, 1.4410361659422536e-05, 2.6589142931586684e-05, -0.001984545772822848, -0.0028236722173460294, -0.0007205180829711333, -3.325468075251353e-05, -3.325468075251353e-05, -2.995841601810991e-05, -3.658014882776345e-05, -2.7047140345377342e-05, 0.00013689843576451463, 6.429238278819272e-05, 0.00018844319093090992, 8.091972316444981e-05, 5.985842535452448e-05, -0.00013689843576451463, 0.00013689843576451463, -0.0032279037372248656, -0.008388146916612686, -0.00048709942742932404, -0.00048709942742932404, -0.00048709942742932404, -0.00048709942742932404, -0.00048709942742932404, -0.00048709942742932404, -0.00042280704464113576, -8.690556569990182e-05, 0.0010696922308723392, 0.0010696922308723392, 0.004997579732981983, -3.325468075251353e-05, 0.008321995896470287, -0.01171256308010099, -0.00011120770377631337, -0.00011120770377631337, 0.00048709942742932404, 0.00048709942742932404, 0.00048709942742932404, -0.14563712203949652, 0.00048709942742932404, 0.00048709942742932404, 0.00048709942742932404, 0.00042280704464113576, 8.690556569990182e-05, 0.0004312806020768268, 0.00011749987199221325, 2.920869459429134e-05, -0.002161554248913386, 0.002243028216757037, -0.002243028216757037, 0.13115486907930496, 0.0009976404225754028, -0.002161554248913386, 0.00048709942742932404, 2.992921267726224e-05, 0.00048709942742932404, 0.00048709942742932404, 0.00048709942742932404, 0.00048709942742932404, 0.00048709942742932404, 0.00042280704464113576, 8.690556569990182e-05, -0.0038242882865390793, -0.0038242882865390793, 3.214619139409636e-05, 9.422159546545496e-05, 1.4979208009054956e-05, 1.8290074413881726e-05, 4.0459861582224903e-05, 1.3523570172688671e-05, 0.13087774673970082, 1.6627340376256764e-05, 1.6627340376256764e-05, 1.6627340376256764e-05, -0.2957666244443058, -0.2957666244443058, -0.00019675686111903846, -1.758415800133398e-05, -0.13051893371208778, 1.6627340376256764e-05, -1.758415800133423e-05, 0.0011117920093077355, 0.0018476473370583335, 0.0008391264444731123, 0.0010696922308723392, 0.002006365738734986, -0.002006365738734986, 0.0015430726113845623, 0.0008837930231209322, 0.00013689843576451463, 0.0007593152105157264, 8.690556569990182e-05, 3.325468075251353e-05, -0.0004049256201745788, 3.214619139409636e-05, 9.422159546545496e-05, 4.0459861582224903e-05, 2.992921267726224e-05, 0.0010696922308723392, 0.27870747375672517, -0.0029503914003331383, -0.0022304468625367058, 0.00013689843576451463, -0.0007205180829711333, 4.06446098085231e-05, -1.4410361659422536e-05, -4.06446098085231e-05, -2.6589142931586684e-05, 0.00013689843576451463, 0.0009976404225754028, -0.00013689843576451463, -1.4410361659422536e-05, -0.00014077814851897429, -2.6589142931586684e-05, 0.020173847278091128, 0.13225443481574828, -0.0004049256201745788, -0.0004049256201745788, -0.002243028216757037, -0.0004049256201745788, 0.0007205180829711333, 3.325468075251353e-05, 0.0009976404225754028, -0.0012913901025559393, -0.0012913901025559393, 3.325468075251353e-05, 3.325468075251353e-05, 3.325468075251353e-05, 3.325468075251353e-05, 3.325468075251353e-05, 3.325468075251353e-05, 3.325468075251353e-05, -0.004253201614923929, -0.0027715504003950897, -0.0027715504003950897, -0.0011117920093077355, -0.0011117920093077355, -3.879712754459915e-05, -0.00017067815785535428, -0.00017067815785535428, -0.00017067815785539245, -8.19990091820242e-05, -5.317828586317609e-05, 3.325468075251353e-05, 0.020173847278091128, 0.0015369931944000253, 3.325468075251353e-05, 0.0013856116980213995, 0.0014410361659422666, 0.002330235522111146, -0.008321995896470287, 0.00019675686111903846, 1.758415800133423e-05, 0.0038242882865390793, 0.0012913901025559393, 0.00011120770377631337, 0.002161554248913386, 0.0004049256201745788, 0.0027715504003950897, 0.0011117920093077355, -0.0004049256201745788]","[0.2951015308292555, 0.2951015308292555, 0.0028236722173460294, 0.15054385018453031, 3.325468075251353e-05, 0.0008535368059811796, 1.4979208009054956e-05, 1.8290074413881726e-05, 1.3523570172688671e-05, 0.00048709942742932404, 0.00048709942742932404, 0.00048709942742932404, 0.00048709942742932404, 0.00048709942742932404, 0.0004870994274293241, 0.000305307172648922, 0.020173847278091128, 0.020173847278091128, 0.0015369931944000253, 0.0015369931944000253, 0.00013689843576451463, 3.325468075251353e-05, 0.0013946631607792512, 4.422872540085776e-05, 3.325468075251353e-05, 3.325468075251353e-05, 0.0009976404225754028, 0.0009976404225754028, 0.0013856116980213995, 0.0013856116980213995, 0.00224302821675703, 3.325468075251353e-05, 6.650936150502705e-05, 0.0014410361659422666, 0.0014410361659422666, 0.002330235522111146, 0.00224302821675703, 1.5130879740985924e-05, 0.002330235522111146, 1.4410361659422536e-05, 2.6589142931586684e-05, 0.001984545772822848, 0.0028236722173460294, 0.0007205180829711333, 3.325468075251353e-05, 3.325468075251353e-05, 2.995841601810991e-05, 3.658014882776345e-05, 2.7047140345377342e-05, 0.00013689843576451463, 6.429238278819272e-05, 0.00018844319093090992, 8.091972316444981e-05, 5.985842535452448e-05, 0.00013689843576451463, 0.00013689843576451463, 0.0032279037372248656, 0.008388146916612686, 0.00048709942742932404, 0.00048709942742932404, 0.00048709942742932404, 0.00048709942742932404, 0.00048709942742932404, 0.00048709942742932404, 0.00042280704464113576, 8.690556569990182e-05, 0.0010696922308723392, 0.0010696922308723392, 0.004997579732981983, 3.325468075251353e-05, 0.008321995896470287, 0.01171256308010099, 0.00011120770377631337, 0.00011120770377631337, 0.00048709942742932404, 0.00048709942742932404, 0.00048709942742932404, 0.14563712203949652, 0.00048709942742932404, 0.00048709942742932404, 0.00048709942742932404, 0.00042280704464113576, 8.690556569990182e-05, 0.0004312806020768268, 0.00011749987199221325, 2.920869459429134e-05, 0.002161554248913386, 0.002243028216757037, 0.002243028216757037, 0.13115486907930496, 0.0009976404225754028, 0.002161554248913386, 0.00048709942742932404, 2.992921267726224e-05, 0.00048709942742932404, 0.00048709942742932404, 0.00048709942742932404, 0.00048709942742932404, 0.00048709942742932404, 0.00042280704464113576, 8.690556569990182e-05, 0.0038242882865390793, 0.0038242882865390793, 3.214619139409636e-05, 9.422159546545496e-05, 1.4979208009054956e-05, 1.8290074413881726e-05, 4.0459861582224903e-05, 1.3523570172688671e-05, 0.13087774673970082, 1.6627340376256764e-05, 1.6627340376256764e-05, 1.6627340376256764e-05, 0.2957666244443058, 0.2957666244443058, 0.00019675686111903846, 1.758415800133398e-05, 0.13051893371208778, 1.6627340376256764e-05, 1.758415800133423e-05, 0.0011117920093077355, 0.0018476473370583335, 0.0008391264444731123, 0.0010696922308723392, 0.002006365738734986, 0.002006365738734986, 0.0015430726113845623, 0.0008837930231209322, 0.00013689843576451463, 0.0007593152105157264, 8.690556569990182e-05, 3.325468075251353e-05, 0.0004049256201745788, 3.214619139409636e-05, 9.422159546545496e-05, 4.0459861582224903e-05, 2.992921267726224e-05, 0.0010696922308723392, 0.27870747375672517, 0.0029503914003331383, 0.0022304468625367058, 0.00013689843576451463, 0.0007205180829711333, 4.06446098085231e-05, 1.4410361659422536e-05, 4.06446098085231e-05, 2.6589142931586684e-05, 0.00013689843576451463, 0.0009976404225754028, 0.00013689843576451463, 1.4410361659422536e-05, 0.00014077814851897429, 2.6589142931586684e-05, 0.020173847278091128, 0.13225443481574828, 0.0004049256201745788, 0.0004049256201745788, 0.002243028216757037, 0.0004049256201745788, 0.0007205180829711333, 3.325468075251353e-05, 0.0009976404225754028, 0.0012913901025559393, 0.0012913901025559393, 3.325468075251353e-05, 3.325468075251353e-05, 3.325468075251353e-05, 3.325468075251353e-05, 3.325468075251353e-05, 3.325468075251353e-05, 3.325468075251353e-05, 0.004253201614923929, 0.0027715504003950897, 0.0027715504003950897, 0.0011117920093077355, 0.0011117920093077355, 3.879712754459915e-05, 0.00017067815785535428, 0.00017067815785535428, 0.00017067815785539245, 8.19990091820242e-05, 5.317828586317609e-05, 3.325468075251353e-05, 0.020173847278091128, 0.0015369931944000253, 3.325468075251353e-05, 0.0013856116980213995, 0.0014410361659422666, 0.002330235522111146, 0.008321995896470287, 0.00019675686111903846, 1.758415800133423e-05, 0.0038242882865390793, 0.0012913901025559393, 0.00011120770377631337, 0.002161554248913386, 0.0004049256201745788, 0.0027715504003950897, 0.0011117920093077355, 0.0004049256201745788]","['2AGPGAT160', 'ADPT', 'ARGabcpp', 'ASPabcpp', 'ASPO5', 'CYTD', 'CHORM', 'DAPDC', 'FACOAE160', 'FACOAE161', 'FACOAE181', 'DURIK1', 'DURIPP', 'FADRx', 'FDH4pp', 'FORtex', 'HSDy', 'HSK', 'ILEabcpp', 'LEUabcpp', 'MTHFC', 'MTHFD', 'G3PGabcpp', 'NADPHQR2', 'P5CR', 'PAPSR', 'PPA', 'PPCK', 'PPND', 'PGP140abcpp', 'PPPGO3', 'PGP160abcpp', 'PYNP2r', 'PGPP140pp', 'RNTR3c', 'PGPP160pp', 'SULR', 'SO4tex', 'THRS', 'SULabcpp', 'TYRTA', 'PIuabcpp', 'VALabcpp', 'ENOPH', 'EAR40y', 'EAR60y', 'EAR120y', 'EAR140y', 'EAR160y', 'EX_for_e', 'EX_so4_e', 'PAPSSH']","['GART', 'EX_cytd_e', 'EX_ala__D_e', 'GLCP', 'ACOAD1f', 'ACOAD2f', 'ACOAD3f', 'ACOAD4f', 'ACOAD5f', 'ACSERtex', 'ACSERtpp', 'ADEt2rpp', 'ADEtex', '4PEPTtex', 'AMPN', 'AGM4PApp', 'ANHGMtex', 'ARGtex', 'ALAALAr', 'ALAR', 'ASNtex', 'ASPtex', 'CDAPPA140', 'CDAPPA160', 'CYTDtex', 'DALAtex', 'DRPA', 'FACOAL140t2pp', 'ECOAH1', 'ECOAH2', 'ECOAH3', 'ECOAH4', 'ECOAH5', 'ECOAH6', 'ECOAH7', 'ECOAH8', 'EDA', 'EDD', 'FORt2pp', 'GLUR', 'GLYC3Ptex', 'HACD1i', 'HACD2i', 'HACD3i', 'HACD4i', 'HACD5i', 'HACD6i', 'HACD7i', 'HACD8i', 'GMPR', 'ILEtex', 'ICL', 'KAT1', 'LPLIPAL1E181pp', 'ACACT11', 'ACACT8', 'ACACT13', 'ACACT10', 'ACACT9', 'ACACT12', 'ACACT8r', 'LEUtex', 'LPLIPAL1E140pp', 'LPLIPAL1E160pp', 'LPLIPAL2G160', 'LPLIPAL2G161', 'LPLIPAL1E161pp', 'LPLIPAL2G181', 'MDDCP3pp', 'MDDCP4pp', 'MPTG', 'G3PEtex', 'MLTGY1pp', 'G3PGtex', 'NTD10', 'NTD2', 'G6PDH2r', 'P5CD', 'NTPP2', 'NTPP4', 'NTPP7', 'NTPP8', 'CTECOAI8', 'PAPPT3', 'PLIPA2E140pp', 'PLIPA2E160pp', 'PLIPA2E161pp', 'PLIPA2E181pp', 'PGL', 'PPM2', 'PPPGO', 'SERAT', 'UAAGDS', 'TRPt2rpp', 'TRPtex', 'UAGCVT', 'UAGPT3', 'UAMAGS', 'UAMAS', 'UAPGR', 'UDCPDP', 'UGMDDS', 'VALtex', 'XTSNt2rpp', 'XTSNtex', 'EX_LalaDgluMdapDala_e', 'EX_acser_e', 'EX_ade_e', 'EX_anhgm_e', 'EX_arg__L_e', 'EX_asn__L_e', 'EX_asp__L_e', 'EX_g3pe_e', 'EX_g3pg_e', 'EX_leu__L_e', 'EX_trp__L_e', 'EX_glyc3p_e', 'EX_ile__L_e', 'EX_val__L_e', 'EX_xtsn_e']","['GARFT', 'GHMT2r', '2AGPGAT161', '2AGPGAT181', 'ACOAD6f', 'ACOAD7f', 'ADNK1', 'ANPRT', 'ANS', 'ASAD', 'ASNt2rpp', 'ASPK', 'FACOAL160t2pp', 'FACOAL161t2pp', 'FACOAL181t2pp', 'FORtppi', 'GLYC3Pabcpp', 'GLYCL', 'CTECOAI7', 'GPDDA4', 'IGPS', 'MALS', 'NTD4', 'PFL', 'PUNP1', 'PRAIi', 'SERD_L', 'TRPS1']",MTHFC,GART,3.6136300880077483,1,200,28,-28.0,0.3336104880781038,iPC815,PSL,True,False,-19.0500655803524,0.0,0.0396981733700761,0.0
71,"['GARFT', 'GART', 'GHMT2r', 'CS', 'GLYCL', 'MDH', 'MTHFC', 'MTHFD', 'NADPHQR2', 'NI2uabcpp', 'NI2abcpp', 'PFL', 'SERD_L']","[-0.2744412133183687, 0.27444121331840854, -0.13722060665929803, 0.13722060665921365, -0.13722060665917823, 0.13722060665907065, -0.2744412133183687, -0.2744412133183687, -0.13722060665893335, -0.0686103033274299, -0.0686103033274299, 0.27444121331841287, 0.13722060665915287]","[0.2744412133183687, 0.27444121331840854, 0.13722060665929803, 0.13722060665921365, 0.13722060665917823, 0.13722060665907065, 0.2744412133183687, 0.2744412133183687, 0.13722060665893335, 0.0686103033274299, 0.0686103033274299, 0.27444121331841287, 0.13722060665915287]","['CS', 'PFL']","['MTHFC', 'MTHFD', 'NADPHQR2', 'NI2uabcpp', 'NI2abcpp']","['GARFT', 'GART', 'GHMT2r', 'GLYCL', 'MDH', 'SERD_L']",MTHFC,PFL,3.4305151664795908,1,13,6,3.0,0.41166181997311685,iPC815,PSL,True,False,-19.0500655803524,0.0,0.0396981733700761,0.195655283038232
72,"['GARFT', 'GART', 'EX_cytd_e', 'GHMT2r', 'EX_ala__D_e', 'GLCP', '2AGPGAT160', '2AGPGAT161', '2AGPGAT181', 'ACOAD1f', 'ACOAD2f', 'ACOAD3f', 'ACOAD4f', 'ACOAD5f', 'ACOAD6f', 'ACOAD7f', 'ACSERtex', 'ACSERtpp', 'ADEt2rpp', 'ADEtex', 'ADNK1', '4PEPTtex', 'ADPT', 'AMPN', 'AGM4PApp', 'ANHGMtex', 'ANPRT', 'ANS', 'ARGabcpp', 'ARGtex', 'ASAD', 'ALAALAr', 'ALAR', 'ASNt2rpp', 'ASNtex', 'ASPabcpp', 'ASPK', 'ASPO5', 'ASPtex', 'CDAPPA140', 'CDAPPA160', 'CYTD', 'CYTDtex', 'CHORM', 'DALAtex', 'DAPDC', 'FACOAE160', 'FACOAE161', 'FACOAE181', 'DRPA', 'FACOAL140t2pp', 'FACOAL160t2pp', 'FACOAL161t2pp', 'FACOAL181t2pp', 'DURIK1', 'DURIPP', 'FADRx', 'FDH4pp', 'ECOAH1', 'ECOAH2', 'ECOAH3', 'ECOAH4', 'ECOAH5', 'ECOAH6', 'ECOAH7', 'ECOAH8', 'EDA', 'EDD', 'FORt2pp', 'GLUR', 'FORtex', 'FORtppi', 'GLYC3Pabcpp', 'GLYC3Ptex', 'HACD1i', 'HACD2i', 'HACD3i', 'GLYCL', 'HACD4i', 'HACD5i', 'HACD6i', 'HACD7i', 'HACD8i', 'GMPR', 'CTECOAI7', 'GPDDA4', 'ILEtex', 'HSDy', 'HSK', 'ICL', 'IGPS', 'ILEabcpp', 'KAT1', 'LPLIPAL1E181pp', 'ACACT11', 'ACACT8', 'ACACT13', 'ACACT10', 'ACACT9', 'ACACT12', 'ACACT8r', 'LEUabcpp', 'LEUtex', 'LPLIPAL1E140pp', 'LPLIPAL1E160pp', 'LPLIPAL2G160', 'LPLIPAL2G161', 'LPLIPAL1E161pp', 'LPLIPAL2G181', 'MALS', 'MDDCP3pp', 'MDDCP4pp', 'MPTG', 'MTHFC', 'MTHFD', 'G3PEtex', 'G3PGabcpp', 'NADPHQR2', 'MLTGY1pp', 'G3PGtex', 'NTD10', 'NTD2', 'NTD4', 'G6PDH2r', 'P5CD', 'P5CR', 'NTPP2', 'NTPP4', 'NTPP7', 'NTPP8', 'CTECOAI8', 'PAPPT3', 'PAPSR', 'PLIPA2E140pp', 'PLIPA2E160pp', 'PLIPA2E161pp', 'PLIPA2E181pp', 'PGL', 'PFL', 'PPA', 'PPCK', 'PPM2', 'PPND', 'PPPGO', 'PGP140abcpp', 'PPPGO3', 'PGP160abcpp', 'PUNP1', 'PRAIi', 'PYNP2r', 'PGPP140pp', 'RNTR3c', 'PGPP160pp', 'SERAT', 'SERD_L', 'SULR', 'SO4tex', 'THRS', 'SULabcpp', 'TYRTA', 'UAAGDS', 'TRPS1', 'TRPt2rpp', 'TRPtex', 'UAGCVT', 'UAGPT3', 'UAMAGS', 'UAMAS', 'UAPGR', 'UDCPDP', 'UGMDDS', 'PIuabcpp', 'VALabcpp', 'VALtex', 'XTSNt2rpp', 'XTSNtex', 'ENOPH', 'EAR40y', 'EAR60y', 'EAR120y', 'EAR140y', 'EAR160y', 'EX_LalaDgluMdapDala_e', 'EX_acser_e', 'EX_ade_e', 'EX_anhgm_e', 'EX_arg__L_e', 'EX_asn__L_e', 'EX_asp__L_e', 'EX_for_e', 'EX_g3pe_e', 'EX_g3pg_e', 'EX_leu__L_e', 'EX_trp__L_e', 'EX_glyc3p_e', 'EX_ile__L_e', 'EX_so4_e', 'EX_val__L_e', 'EX_xtsn_e', 'PAPSSH']","[-0.2951015308292555, 0.2951015308292555, 0.0028236722173460294, -0.15054385018453031, 3.325468075251353e-05, 0.0008535368059811796, -1.4979208009054956e-05, -1.8290074413881726e-05, -1.3523570172688671e-05, 0.00048709942742932404, 0.00048709942742932404, 0.00048709942742932404, 0.00048709942742932404, 0.00048709942742932404, 0.0004870994274293241, 0.000305307172648922, -0.020173847278091128, 0.020173847278091128, -0.0015369931944000253, -0.0015369931944000253, -0.00013689843576451463, -3.325468075251353e-05, -0.0013946631607792512, 4.422872540085776e-05, 3.325468075251353e-05, -3.325468075251353e-05, 0.0009976404225754028, 0.0009976404225754028, -0.0013856116980213995, -0.0013856116980213995, 0.00224302821675703, 3.325468075251353e-05, 6.650936150502705e-05, -0.0014410361659422666, -0.0014410361659422666, -0.002330235522111146, -0.00224302821675703, -1.5130879740985924e-05, -0.002330235522111146, 1.4410361659422536e-05, 2.6589142931586684e-05, -0.001984545772822848, -0.0028236722173460294, -0.0007205180829711333, -3.325468075251353e-05, -3.325468075251353e-05, -2.995841601810991e-05, -3.658014882776345e-05, -2.7047140345377342e-05, 0.00013689843576451463, 6.429238278819272e-05, 0.00018844319093090992, 8.091972316444981e-05, 5.985842535452448e-05, -0.00013689843576451463, 0.00013689843576451463, -0.0032279037372248656, -0.008388146916612686, -0.00048709942742932404, -0.00048709942742932404, -0.00048709942742932404, -0.00048709942742932404, -0.00048709942742932404, -0.00048709942742932404, -0.00042280704464113576, -8.690556569990182e-05, 0.0010696922308723392, 0.0010696922308723392, 0.004997579732981983, -3.325468075251353e-05, 0.008321995896470287, -0.01171256308010099, -0.00011120770377631337, -0.00011120770377631337, 0.00048709942742932404, 0.00048709942742932404, 0.00048709942742932404, -0.14563712203949652, 0.00048709942742932404, 0.00048709942742932404, 0.00048709942742932404, 0.00042280704464113576, 8.690556569990182e-05, 0.0004312806020768268, 0.00011749987199221325, 2.920869459429134e-05, -0.002161554248913386, 0.002243028216757037, -0.002243028216757037, 0.13115486907930496, 0.0009976404225754028, -0.002161554248913386, 0.00048709942742932404, 2.992921267726224e-05, 0.00048709942742932404, 0.00048709942742932404, 0.00048709942742932404, 0.00048709942742932404, 0.00048709942742932404, 0.00042280704464113576, 8.690556569990182e-05, -0.0038242882865390793, -0.0038242882865390793, 3.214619139409636e-05, 9.422159546545496e-05, 1.4979208009054956e-05, 1.8290074413881726e-05, 4.0459861582224903e-05, 1.3523570172688671e-05, 0.13087774673970082, 1.6627340376256764e-05, 1.6627340376256764e-05, 1.6627340376256764e-05, -0.2957666244443058, -0.2957666244443058, -0.00019675686111903846, -1.758415800133398e-05, -0.13051893371208778, 1.6627340376256764e-05, -1.758415800133423e-05, 0.0011117920093077355, 0.0018476473370583335, 0.0008391264444731123, 0.0010696922308723392, 0.002006365738734986, -0.002006365738734986, 0.0015430726113845623, 0.0008837930231209322, 0.00013689843576451463, 0.0007593152105157264, 8.690556569990182e-05, 3.325468075251353e-05, -0.0004049256201745788, 3.214619139409636e-05, 9.422159546545496e-05, 4.0459861582224903e-05, 2.992921267726224e-05, 0.0010696922308723392, 0.27870747375672517, -0.0029503914003331383, -0.0022304468625367058, 0.00013689843576451463, -0.0007205180829711333, 4.06446098085231e-05, -1.4410361659422536e-05, -4.06446098085231e-05, -2.6589142931586684e-05, 0.00013689843576451463, 0.0009976404225754028, -0.00013689843576451463, -1.4410361659422536e-05, -0.00014077814851897429, -2.6589142931586684e-05, 0.020173847278091128, 0.13225443481574828, -0.0004049256201745788, -0.0004049256201745788, -0.002243028216757037, -0.0004049256201745788, 0.0007205180829711333, 3.325468075251353e-05, 0.0009976404225754028, -0.0012913901025559393, -0.0012913901025559393, 3.325468075251353e-05, 3.325468075251353e-05, 3.325468075251353e-05, 3.325468075251353e-05, 3.325468075251353e-05, 3.325468075251353e-05, 3.325468075251353e-05, -0.004253201614923929, -0.0027715504003950897, -0.0027715504003950897, -0.0011117920093077355, -0.0011117920093077355, -3.879712754459915e-05, -0.00017067815785535428, -0.00017067815785535428, -0.00017067815785539245, -8.19990091820242e-05, -5.317828586317609e-05, 3.325468075251353e-05, 0.020173847278091128, 0.0015369931944000253, 3.325468075251353e-05, 0.0013856116980213995, 0.0014410361659422666, 0.002330235522111146, -0.008321995896470287, 0.00019675686111903846, 1.758415800133423e-05, 0.0038242882865390793, 0.0012913901025559393, 0.00011120770377631337, 0.002161554248913386, 0.0004049256201745788, 0.0027715504003950897, 0.0011117920093077355, -0.0004049256201745788]","[0.2951015308292555, 0.2951015308292555, 0.0028236722173460294, 0.15054385018453031, 3.325468075251353e-05, 0.0008535368059811796, 1.4979208009054956e-05, 1.8290074413881726e-05, 1.3523570172688671e-05, 0.00048709942742932404, 0.00048709942742932404, 0.00048709942742932404, 0.00048709942742932404, 0.00048709942742932404, 0.0004870994274293241, 0.000305307172648922, 0.020173847278091128, 0.020173847278091128, 0.0015369931944000253, 0.0015369931944000253, 0.00013689843576451463, 3.325468075251353e-05, 0.0013946631607792512, 4.422872540085776e-05, 3.325468075251353e-05, 3.325468075251353e-05, 0.0009976404225754028, 0.0009976404225754028, 0.0013856116980213995, 0.0013856116980213995, 0.00224302821675703, 3.325468075251353e-05, 6.650936150502705e-05, 0.0014410361659422666, 0.0014410361659422666, 0.002330235522111146, 0.00224302821675703, 1.5130879740985924e-05, 0.002330235522111146, 1.4410361659422536e-05, 2.6589142931586684e-05, 0.001984545772822848, 0.0028236722173460294, 0.0007205180829711333, 3.325468075251353e-05, 3.325468075251353e-05, 2.995841601810991e-05, 3.658014882776345e-05, 2.7047140345377342e-05, 0.00013689843576451463, 6.429238278819272e-05, 0.00018844319093090992, 8.091972316444981e-05, 5.985842535452448e-05, 0.00013689843576451463, 0.00013689843576451463, 0.0032279037372248656, 0.008388146916612686, 0.00048709942742932404, 0.00048709942742932404, 0.00048709942742932404, 0.00048709942742932404, 0.00048709942742932404, 0.00048709942742932404, 0.00042280704464113576, 8.690556569990182e-05, 0.0010696922308723392, 0.0010696922308723392, 0.004997579732981983, 3.325468075251353e-05, 0.008321995896470287, 0.01171256308010099, 0.00011120770377631337, 0.00011120770377631337, 0.00048709942742932404, 0.00048709942742932404, 0.00048709942742932404, 0.14563712203949652, 0.00048709942742932404, 0.00048709942742932404, 0.00048709942742932404, 0.00042280704464113576, 8.690556569990182e-05, 0.0004312806020768268, 0.00011749987199221325, 2.920869459429134e-05, 0.002161554248913386, 0.002243028216757037, 0.002243028216757037, 0.13115486907930496, 0.0009976404225754028, 0.002161554248913386, 0.00048709942742932404, 2.992921267726224e-05, 0.00048709942742932404, 0.00048709942742932404, 0.00048709942742932404, 0.00048709942742932404, 0.00048709942742932404, 0.00042280704464113576, 8.690556569990182e-05, 0.0038242882865390793, 0.0038242882865390793, 3.214619139409636e-05, 9.422159546545496e-05, 1.4979208009054956e-05, 1.8290074413881726e-05, 4.0459861582224903e-05, 1.3523570172688671e-05, 0.13087774673970082, 1.6627340376256764e-05, 1.6627340376256764e-05, 1.6627340376256764e-05, 0.2957666244443058, 0.2957666244443058, 0.00019675686111903846, 1.758415800133398e-05, 0.13051893371208778, 1.6627340376256764e-05, 1.758415800133423e-05, 0.0011117920093077355, 0.0018476473370583335, 0.0008391264444731123, 0.0010696922308723392, 0.002006365738734986, 0.002006365738734986, 0.0015430726113845623, 0.0008837930231209322, 0.00013689843576451463, 0.0007593152105157264, 8.690556569990182e-05, 3.325468075251353e-05, 0.0004049256201745788, 3.214619139409636e-05, 9.422159546545496e-05, 4.0459861582224903e-05, 2.992921267726224e-05, 0.0010696922308723392, 0.27870747375672517, 0.0029503914003331383, 0.0022304468625367058, 0.00013689843576451463, 0.0007205180829711333, 4.06446098085231e-05, 1.4410361659422536e-05, 4.06446098085231e-05, 2.6589142931586684e-05, 0.00013689843576451463, 0.0009976404225754028, 0.00013689843576451463, 1.4410361659422536e-05, 0.00014077814851897429, 2.6589142931586684e-05, 0.020173847278091128, 0.13225443481574828, 0.0004049256201745788, 0.0004049256201745788, 0.002243028216757037, 0.0004049256201745788, 0.0007205180829711333, 3.325468075251353e-05, 0.0009976404225754028, 0.0012913901025559393, 0.0012913901025559393, 3.325468075251353e-05, 3.325468075251353e-05, 3.325468075251353e-05, 3.325468075251353e-05, 3.325468075251353e-05, 3.325468075251353e-05, 3.325468075251353e-05, 0.004253201614923929, 0.0027715504003950897, 0.0027715504003950897, 0.0011117920093077355, 0.0011117920093077355, 3.879712754459915e-05, 0.00017067815785535428, 0.00017067815785535428, 0.00017067815785539245, 8.19990091820242e-05, 5.317828586317609e-05, 3.325468075251353e-05, 0.020173847278091128, 0.0015369931944000253, 3.325468075251353e-05, 0.0013856116980213995, 0.0014410361659422666, 0.002330235522111146, 0.008321995896470287, 0.00019675686111903846, 1.758415800133423e-05, 0.0038242882865390793, 0.0012913901025559393, 0.00011120770377631337, 0.002161554248913386, 0.0004049256201745788, 0.0027715504003950897, 0.0011117920093077355, 0.0004049256201745788]","['2AGPGAT160', 'ADPT', 'ARGabcpp', 'ASPabcpp', 'ASPO5', 'CYTD', 'CHORM', 'DAPDC', 'FACOAE160', 'FACOAE161', 'FACOAE181', 'DURIK1', 'DURIPP', 'FADRx', 'FDH4pp', 'FORtex', 'HSDy', 'HSK', 'ILEabcpp', 'LEUabcpp', 'MTHFC', 'MTHFD', 'G3PGabcpp', 'NADPHQR2', 'P5CR', 'PAPSR', 'PPA', 'PPCK', 'PPND', 'PGP140abcpp', 'PPPGO3', 'PGP160abcpp', 'PYNP2r', 'PGPP140pp', 'RNTR3c', 'PGPP160pp', 'SULR', 'SO4tex', 'THRS', 'SULabcpp', 'TYRTA', 'PIuabcpp', 'VALabcpp', 'ENOPH', 'EAR40y', 'EAR60y', 'EAR120y', 'EAR140y', 'EAR160y', 'EX_for_e', 'EX_so4_e', 'PAPSSH']","['GART', 'EX_cytd_e', 'EX_ala__D_e', 'GLCP', 'ACOAD1f', 'ACOAD2f', 'ACOAD3f', 'ACOAD4f', 'ACOAD5f', 'ACSERtex', 'ACSERtpp', 'ADEt2rpp', 'ADEtex', '4PEPTtex', 'AMPN', 'AGM4PApp', 'ANHGMtex', 'ARGtex', 'ALAALAr', 'ALAR', 'ASNtex', 'ASPtex', 'CDAPPA140', 'CDAPPA160', 'CYTDtex', 'DALAtex', 'DRPA', 'FACOAL140t2pp', 'ECOAH1', 'ECOAH2', 'ECOAH3', 'ECOAH4', 'ECOAH5', 'ECOAH6', 'ECOAH7', 'ECOAH8', 'EDA', 'EDD', 'FORt2pp', 'GLUR', 'GLYC3Ptex', 'HACD1i', 'HACD2i', 'HACD3i', 'HACD4i', 'HACD5i', 'HACD6i', 'HACD7i', 'HACD8i', 'GMPR', 'ILEtex', 'ICL', 'KAT1', 'LPLIPAL1E181pp', 'ACACT11', 'ACACT8', 'ACACT13', 'ACACT10', 'ACACT9', 'ACACT12', 'ACACT8r', 'LEUtex', 'LPLIPAL1E140pp', 'LPLIPAL1E160pp', 'LPLIPAL2G160', 'LPLIPAL2G161', 'LPLIPAL1E161pp', 'LPLIPAL2G181', 'MDDCP3pp', 'MDDCP4pp', 'MPTG', 'G3PEtex', 'MLTGY1pp', 'G3PGtex', 'NTD10', 'NTD2', 'G6PDH2r', 'P5CD', 'NTPP2', 'NTPP4', 'NTPP7', 'NTPP8', 'CTECOAI8', 'PAPPT3', 'PLIPA2E140pp', 'PLIPA2E160pp', 'PLIPA2E161pp', 'PLIPA2E181pp', 'PGL', 'PPM2', 'PPPGO', 'SERAT', 'UAAGDS', 'TRPt2rpp', 'TRPtex', 'UAGCVT', 'UAGPT3', 'UAMAGS', 'UAMAS', 'UAPGR', 'UDCPDP', 'UGMDDS', 'VALtex', 'XTSNt2rpp', 'XTSNtex', 'EX_LalaDgluMdapDala_e', 'EX_acser_e', 'EX_ade_e', 'EX_anhgm_e', 'EX_arg__L_e', 'EX_asn__L_e', 'EX_asp__L_e', 'EX_g3pe_e', 'EX_g3pg_e', 'EX_leu__L_e', 'EX_trp__L_e', 'EX_glyc3p_e', 'EX_ile__L_e', 'EX_val__L_e', 'EX_xtsn_e']","['GARFT', 'GHMT2r', '2AGPGAT161', '2AGPGAT181', 'ACOAD6f', 'ACOAD7f', 'ADNK1', 'ANPRT', 'ANS', 'ASAD', 'ASNt2rpp', 'ASPK', 'FACOAL160t2pp', 'FACOAL161t2pp', 'FACOAL181t2pp', 'FORtppi', 'GLYC3Pabcpp', 'GLYCL', 'CTECOAI7', 'GPDDA4', 'IGPS', 'MALS', 'NTD4', 'PFL', 'PUNP1', 'PRAIi', 'SERD_L', 'TRPS1']",MTHFD,GART,3.6136300880077483,1,200,28,-28.0,0.3336104880781038,iPC815,PSL,True,False,-19.0500655803524,0.0,0.0,0.0
73,"['GARFT', 'GART', 'GHMT2r', 'CS', 'GLYCL', 'MDH', 'MTHFC', 'MTHFD', 'NADPHQR2', 'NI2uabcpp', 'NI2abcpp', 'PFL', 'SERD_L']","[-0.2744412133183687, 0.27444121331840854, -0.13722060665929803, 0.13722060665921365, -0.13722060665917823, 0.13722060665907065, -0.2744412133183687, -0.2744412133183687, -0.13722060665893335, -0.0686103033274299, -0.0686103033274299, 0.27444121331841287, 0.13722060665915287]","[0.2744412133183687, 0.27444121331840854, 0.13722060665929803, 0.13722060665921365, 0.13722060665917823, 0.13722060665907065, 0.2744412133183687, 0.2744412133183687, 0.13722060665893335, 0.0686103033274299, 0.0686103033274299, 0.27444121331841287, 0.13722060665915287]","['CS', 'PFL']","['MTHFC', 'MTHFD', 'NADPHQR2', 'NI2uabcpp', 'NI2abcpp']","['GARFT', 'GART', 'GHMT2r', 'GLYCL', 'MDH', 'SERD_L']",MTHFD,PFL,3.4305151664795908,1,13,6,3.0,0.41166181997311685,iPC815,PSL,True,False,-19.0500655803524,0.0,0.0,0.195655283038232
74,"['ADK3', 'NDPK1', 'ADK1']","[-0.15422253167105282, -0.15422253167082545, 0.15422253167150757]","[0.15422253167105282, 0.15422253167082545, 0.15422253167150757]",['NDPK1'],['ADK3'],['ADK1'],NDPK1,ADK3,0.4626675950126484,1,3,1,1.0,0.1542225316703707,iPC815,PSL,True,True,-999.961612045564,-999.969727064365,0.0,0.0336527086825759
75,"['FLDR', 'NDPK5', 'RNTR2c', 'RNDR2', 'TRDR']","[0.006842254539999999, -0.006842254539947135, 0.006842254539999999, -0.006842254539999999, -0.006842254539999999]","[0.006842254539999999, 0.006842254539947135, 0.006842254539999999, 0.006842254539999999, 0.006842254539999999]",['RNTR2c'],"['NDPK5', 'RNDR2', 'TRDR']",['FLDR'],NDPK5,RNTR2c,0.04105352724176635,1,5,1,1.0,0.006842254539947135,iPC815,PSL,True,False,-29.2989479417319,0.0,0.0,0.0
76,"['FLDR', 'NDPK7', 'RNTR3c', 'RNDR3', 'TRDR']","[0.006842254539999999, -0.006842254539947135, 0.006842254539999999, -0.006842254539999999, -0.006842254539999999]","[0.006842254539999999, 0.006842254539947135, 0.006842254539999999, 0.006842254539999999, 0.006842254539999999]",['RNTR3c'],"['NDPK7', 'RNDR3', 'TRDR']",['FLDR'],NDPK7,RNTR3c,0.04105352724006081,1,5,1,1.0,0.006842254539947135,iPC815,PSL,True,False,-18.7260800619898,0.0,0.0,0.0
77,"['ACGK', 'ACGS', 'ACS', 'AGPR', 'GLU5K', 'NACODA', 'G5SD', 'NTPP6']","[0.16486062119999997, 0.16486062119999997, 0.16486062119974987, -0.16486062119997769, -0.16486062119999997, 0.16486062119999997, -0.16486062119999997, -0.1648606211998631]","[0.16486062119999997, 0.16486062119999997, 0.16486062119974987, 0.16486062119997769, 0.16486062119999997, 0.16486062119999997, 0.16486062119999997, 0.1648606211998631]","['GLU5K', 'G5SD', 'NTPP6']","['ACGK', 'ACGS', 'ACS', 'AGPR', 'NACODA']",[],G5SD,ACGK,1.3188849696001128,1,8,0,0.0,-9.098277686803158e-14,iPC815,PSL,False,False,0.0,0.0,0.0,-0.218339953535418
78,"['ACGK', 'ACGS', 'ACS', 'AGPR', 'GLU5K', 'NACODA', 'G5SD', 'NTPP6']","[0.16486062119999997, 0.16486062119999997, 0.16486062119974987, -0.16486062119997769, -0.16486062119999997, 0.16486062119999997, -0.16486062119999997, -0.1648606211998631]","[0.16486062119999997, 0.16486062119999997, 0.16486062119974987, 0.16486062119997769, 0.16486062119999997, 0.16486062119999997, 0.16486062119999997, 0.1648606211998631]","['GLU5K', 'G5SD', 'NTPP6']","['ACGK', 'ACGS', 'ACS', 'AGPR', 'NACODA']",[],G5SD,ACGS,1.3188849696001128,1,8,0,0.0,-9.098277686803158e-14,iPC815,PSL,False,False,0.0,0.0,0.0,0.0
79,"['ACGK', 'ACGS', 'ACS', 'AGPR', 'GLU5K', 'NACODA', 'G5SD', 'NTPP6']","[0.16486062119999997, 0.16486062119999997, 0.16486062119974987, -0.16486062119997769, -0.16486062119999997, 0.16486062119999997, -0.16486062119999997, -0.1648606211998631]","[0.16486062119999997, 0.16486062119999997, 0.16486062119974987, 0.16486062119997769, 0.16486062119999997, 0.16486062119999997, 0.16486062119999997, 0.1648606211998631]","['GLU5K', 'G5SD', 'NTPP6']","['ACGK', 'ACGS', 'ACS', 'AGPR', 'NACODA']",[],G5SD,AGPR,1.3188849696001128,1,8,0,0.0,-9.098277686803158e-14,iPC815,PSL,False,True,0.0,-34.6922978299667,0.0,0.0
80,"['GALKr', 'EX_cytd_e', 'EX_ala__D_e', '2AGPGAT140', '2AGPGAT160', '2AGPGAT161', '2AGPGAT181', 'ACGK', 'ACGS', 'ACOAD1f', 'ACOAD2f', 'ACOAD3f', 'ACOAD4f', 'ACOAD5f', 'ACOAD6f', 'ACOAD7f', 'ACOATA', 'ACODA', 'ACOTA', 'ACS', 'ACSERtex', 'ACSERtpp', 'ADEt2rpp', 'ADEtex', 'ADNK1', 'ADPT', 'AGMtex', 'ARGabcpp', 'ARGAGMt7pp', 'AGPR', 'ARGtex', 'ASNt2rpp', 'ASNtex', '2AGPE160tipp', 'ASPT', '2AGPEAT160', 'CYSS', 'CYTBD2pp', 'CYTD', 'CYTDtex', 'DAAD', 'CHORM', 'DALAt2pp', 'DALAtex', 'DAPDC', 'FA140ACPHi', 'FA160ACPHi', 'FACOAE161', 'FACOAE181', 'DRPA', 'FACOAL140t2pp', 'FACOAL160t2pp', 'FACOAL181t2pp', 'DURIK1', 'DURIPP', 'FBP', 'ECOAH1', 'ECOAH2', 'ECOAH3', 'ECOAH4', 'ECOAH5', 'ECOAH6', 'ECOAH7', 'ECOAH8', 'GLUabcpp', 'GLUCYS', 'GLUDy', 'GLUSy', 'GLUtex', 'GLYC3Pabcpp', 'HACD1i', 'HACD2i', 'HACD3i', 'GLYCLTDx', 'HACD4i', 'HACD5i', 'HACD6i', 'HACD7i', 'GLYCtex', 'GLYK', 'HACD8i', 'CTECOAI7', 'HEX1', 'GPDDA4', 'GTHRDabc2pp', 'GTHRDtex', 'GTHS', 'ILEtex', 'ILEabcpp', 'KAT1', 'LPLIPAL1E181pp', 'ACACT11', 'ACACT8', 'ACACT13', 'ACACT10', 'ACACT9', 'ACACT12', 'ACACT8r', 'LACZpp', 'LCTStex', 'LCTStpp', 'LEUabcpp', 'LEUtex', 'LPLIPAL1A160pp', 'LPLIPAL2G140', 'LPLIPAL1E140pp', 'LPLIPAL1E160pp', 'LPLIPAL2G160', 'LPLIPAL2G161', 'LPLIPAL1E161pp', 'LPLIPAL2G181', 'MACPD', 'G3PEtex', 'G3PGabcpp', 'NADH10', 'NADH5', 'G3PGtex', 'NDPK5', 'NDPK8', 'NTD10', 'NTD2', 'NTD4', 'P5CD', 'P5CR', 'PA160abcpp', 'NTPP4', 'NTPP6', 'NTPP7', 'NTPP8', 'GALabcpp', 'CTECOAI8', 'PAPSR', 'PLIPA2A160pp', 'PLIPA2E140pp', 'PLIPA2E160pp', 'PLIPA2E161pp', 'PLIPA2E181pp', 'PFL', 'POX', 'PPC', 'PPM2', 'PPND', 'PUNP1', 'PPS', 'PYNP2r', 'RNDR1', 'RNDR2', 'RNDR3', 'SULR', 'SERtex', 'THD2pp', 'SO4tex', 'THRabcpp', 'THRtex', 'SULabcpp', 'TRDR', 'TYRTA', 'TRPS1', 'TRPt2rpp', 'TRPtex', 'UDPG4E', 'UGLT', 'PIuabcpp', 'VALabcpp', 'VALtex', 'XTSNt2rpp', 'XTSNtex', 'EAR40y', 'EAR60y', 'EAR80y', 'EAR100y', 'EAR120y', 'EAR140y', 'EAR160y', 'ARGDC', 'PLIPA1E160pp', 'LACZ', 'EX_acser_e', 'EX_ade_e', 'EX_agm_e', 'EX_arg__L_e', 'EX_asn__L_e', 'EX_g3pe_e', 'EX_g3pg_e', 'EX_lcts_e', 'EX_leu__L_e', 'EX_trp__L_e', 'EX_glu__L_e', 'EX_glyc_e', 'EX_gthrd_e', 'EX_ile__L_e', 'EX_ser__L_e', 'EX_so4_e', 'EX_val__L_e', 'EX_xtsn_e', 'EX_thr__L_e', 'ORNCD', 'PAPSSH']","[-0.000271205233624644, 0.0016563699603011628, 0.0011596027991414386, -8.759423694707901e-06, -2.5267568350118962e-05, -1.111773007405237e-05, -8.22038223657201e-06, 0.1657028734783373, 0.1657028734783373, 0.00018433147896276616, 0.00018433147896276616, 0.00018433147896276616, 0.00018433147896276616, 0.00018433147896276616, 0.00018433147896276616, 7.382798004492569e-05, -0.0006401589295475796, 0.1657028734783373, -0.1657028734783373, 0.16394843669686315, -0.0005733559635476837, 0.0005733559635476837, -0.0010763950416147056, -0.0010763950416147056, -8.321452508980309e-05, -0.001016763580318347, -0.00020943396735311758, -0.0008422522783372993, 0.00020943396735311758, -0.1657028734783373, -0.0006328183109841817, -0.0008759423694707918, -0.0008759423694707918, -9.354439270626517e-05, -0.00018866451033897058, -9.354439270626517e-05, -0.0005733559635476837, 7.411820038782935e-05, -0.0011463019805399433, -0.0016563699603011628, -0.0011798168538215226, -0.0004379711847353959, -0.0011393887444613436, -0.0011596027991414386, -2.021405468009504e-05, -1.7518847389415802e-05, -0.0001440795294065031, -2.223546014810474e-05, -1.6440764473144237e-05, 8.321452503423643e-05, 3.908050571485057e-05, 2.1001917147610988e-05, 3.638529842417133e-05, -8.321452503423643e-05, 8.321452503423643e-05, -8.092359890288225e-05, -0.00018433147896276616, -0.00018433147896276616, -0.00018433147896276616, -0.00018433147896276616, -0.00018433147896276616, -0.00018433147896276616, -0.0001452509732479156, -5.282606289731557e-05, -0.0020503334462928105, 0.001284995682862319, -0.1614746732592529, 0.0007879472216768546, -0.0020503334462928105, -9.354439270625996e-05, 0.00018433147896276616, 0.00018433147896276616, 0.00018433147896276616, 0.00016845045566746958, 0.00018433147896276616, 0.00018433147896276616, 0.00018433147896276616, 0.0001452509732479156, 1.7754678027350255e-05, -0.00038356818266274293, 5.282606289731557e-05, 7.142299320298993e-05, -8.51218699229276e-05, -0.00038356818266274304, 0.001284995682862319, -0.001284995682862319, 0.001284995682862319, -0.0013139135542061947, -0.0013139135542061947, 0.00018433147896276616, 1.8192649212085557e-05, 0.00018433147896276616, 0.00018433147896276616, 0.00018433147896276616, 0.00018433147896276616, 0.00018433147896276616, 0.0001452509732479156, 5.282606289731557e-05, -0.0001860833637017164, -0.000271205233624644, -8.51218699229276e-05, -0.0023246162882109567, -0.0023246162882109567, -9.354439270626517e-05, 8.759423694707901e-06, 1.9540252857425285e-05, 0.00015081754763320108, 2.5267568350118962e-05, 1.111773007405237e-05, 2.459376652744899e-05, 8.22038223657201e-06, 0.0006401589295475796, -0.0002131442162301609, -0.00043693328701819385, 7.411820038678678e-05, 0.0005820069874913347, -0.00043693328701819385, -8.557283147906953e-05, -8.321452509972571e-05, 0.0007358252804466198, 0.0010630874554501298, 0.0005100679797612195, 0.16692245477736967, -0.16692245477736967, -9.354439270626517e-05, 0.00013334201159743986, -0.16043255851440905, 8.321452504414864e-05, 0.0004615542485083418, -0.0001860833637017164, 5.282606289731557e-05, 0.001038859245909407, -9.354439270626517e-05, 1.9540252857425285e-05, 0.00015081754763320108, 2.459376652744899e-05, 1.8192649212085557e-05, 0.00019213458967995423, -0.0011541287450196336, -0.00031075740188551276, 8.321452503423643e-05, -0.0004379711847353959, 8.321452508980309e-05, -0.0004498093983654125, -8.321452503423643e-05, -8.321452509972571e-05, -8.557283147906953e-05, -8.557283147906953e-05, 0.001038859245909407, -0.0010250340130824043, 0.0035593430910694224, 0.001038859245909407, -0.0031107492791306868, -0.0031107492791306868, 0.001038859245909407, 0.0007844990577986766, 0.0004379711847353959, 0.0006333063331273887, -0.000811863816134897, -0.000811863816134897, 0.000271205233624644, -0.000271205233624644, -0.002108221219399381, -0.0026921420452650224, -0.0026921420452650224, -0.0007358252804466198, -0.0007358252804466198, -0.00021550252260951058, -0.00021550252260951058, -0.00021550252260951058, -0.00021550252260951058, -0.00021550252260951058, -0.0001615983767959267, -0.00014407952940650656, 0.00020943396735311758, -9.354439270626517e-05, -8.51218699229276e-05, 0.0005733559635476837, 0.0010763950416147056, 0.00020943396735311758, 0.0006328183109841817, 0.0008759423694707918, 0.0002131442162301609, 0.00043693328701819385, 0.000271205233624644, 0.0023246162882109567, 0.000811863816134897, 0.0020503334462928105, -1.7754678027350255e-05, 0.001284995682862319, 0.0013139135542061947, 0.0010250340130824043, -0.001038859245909407, 0.0026921420452650224, 0.0007358252804466198, 0.0031107492791306868, 0.16584437186109793, 0.001038859245909407]","[0.000271205233624644, 0.0016563699603011628, 0.0011596027991414386, 8.759423694707901e-06, 2.5267568350118962e-05, 1.111773007405237e-05, 8.22038223657201e-06, 0.1657028734783373, 0.1657028734783373, 0.00018433147896276616, 0.00018433147896276616, 0.00018433147896276616, 0.00018433147896276616, 0.00018433147896276616, 0.00018433147896276616, 7.382798004492569e-05, 0.0006401589295475796, 0.1657028734783373, 0.1657028734783373, 0.16394843669686315, 0.0005733559635476837, 0.0005733559635476837, 0.0010763950416147056, 0.0010763950416147056, 8.321452508980309e-05, 0.001016763580318347, 0.00020943396735311758, 0.0008422522783372993, 0.00020943396735311758, 0.1657028734783373, 0.0006328183109841817, 0.0008759423694707918, 0.0008759423694707918, 9.354439270626517e-05, 0.00018866451033897058, 9.354439270626517e-05, 0.0005733559635476837, 7.411820038782935e-05, 0.0011463019805399433, 0.0016563699603011628, 0.0011798168538215226, 0.0004379711847353959, 0.0011393887444613436, 0.0011596027991414386, 2.021405468009504e-05, 1.7518847389415802e-05, 0.0001440795294065031, 2.223546014810474e-05, 1.6440764473144237e-05, 8.321452503423643e-05, 3.908050571485057e-05, 2.1001917147610988e-05, 3.638529842417133e-05, 8.321452503423643e-05, 8.321452503423643e-05, 8.092359890288225e-05, 0.00018433147896276616, 0.00018433147896276616, 0.00018433147896276616, 0.00018433147896276616, 0.00018433147896276616, 0.00018433147896276616, 0.0001452509732479156, 5.282606289731557e-05, 0.0020503334462928105, 0.001284995682862319, 0.1614746732592529, 0.0007879472216768546, 0.0020503334462928105, 9.354439270625996e-05, 0.00018433147896276616, 0.00018433147896276616, 0.00018433147896276616, 0.00016845045566746958, 0.00018433147896276616, 0.00018433147896276616, 0.00018433147896276616, 0.0001452509732479156, 1.7754678027350255e-05, 0.00038356818266274293, 5.282606289731557e-05, 7.142299320298993e-05, 8.51218699229276e-05, 0.00038356818266274304, 0.001284995682862319, 0.001284995682862319, 0.001284995682862319, 0.0013139135542061947, 0.0013139135542061947, 0.00018433147896276616, 1.8192649212085557e-05, 0.00018433147896276616, 0.00018433147896276616, 0.00018433147896276616, 0.00018433147896276616, 0.00018433147896276616, 0.0001452509732479156, 5.282606289731557e-05, 0.0001860833637017164, 0.000271205233624644, 8.51218699229276e-05, 0.0023246162882109567, 0.0023246162882109567, 9.354439270626517e-05, 8.759423694707901e-06, 1.9540252857425285e-05, 0.00015081754763320108, 2.5267568350118962e-05, 1.111773007405237e-05, 2.459376652744899e-05, 8.22038223657201e-06, 0.0006401589295475796, 0.0002131442162301609, 0.00043693328701819385, 7.411820038678678e-05, 0.0005820069874913347, 0.00043693328701819385, 8.557283147906953e-05, 8.321452509972571e-05, 0.0007358252804466198, 0.0010630874554501298, 0.0005100679797612195, 0.16692245477736967, 0.16692245477736967, 9.354439270626517e-05, 0.00013334201159743986, 0.16043255851440905, 8.321452504414864e-05, 0.0004615542485083418, 0.0001860833637017164, 5.282606289731557e-05, 0.001038859245909407, 9.354439270626517e-05, 1.9540252857425285e-05, 0.00015081754763320108, 2.459376652744899e-05, 1.8192649212085557e-05, 0.00019213458967995423, 0.0011541287450196336, 0.00031075740188551276, 8.321452503423643e-05, 0.0004379711847353959, 8.321452508980309e-05, 0.0004498093983654125, 8.321452503423643e-05, 8.321452509972571e-05, 8.557283147906953e-05, 8.557283147906953e-05, 0.001038859245909407, 0.0010250340130824043, 0.0035593430910694224, 0.001038859245909407, 0.0031107492791306868, 0.0031107492791306868, 0.001038859245909407, 0.0007844990577986766, 0.0004379711847353959, 0.0006333063331273887, 0.000811863816134897, 0.000811863816134897, 0.000271205233624644, 0.000271205233624644, 0.002108221219399381, 0.0026921420452650224, 0.0026921420452650224, 0.0007358252804466198, 0.0007358252804466198, 0.00021550252260951058, 0.00021550252260951058, 0.00021550252260951058, 0.00021550252260951058, 0.00021550252260951058, 0.0001615983767959267, 0.00014407952940650656, 0.00020943396735311758, 9.354439270626517e-05, 8.51218699229276e-05, 0.0005733559635476837, 0.0010763950416147056, 0.00020943396735311758, 0.0006328183109841817, 0.0008759423694707918, 0.0002131442162301609, 0.00043693328701819385, 0.000271205233624644, 0.0023246162882109567, 0.000811863816134897, 0.0020503334462928105, 1.7754678027350255e-05, 0.001284995682862319, 0.0013139135542061947, 0.0010250340130824043, 0.001038859245909407, 0.0026921420452650224, 0.0007358252804466198, 0.0031107492791306868, 0.16584437186109793, 0.001038859245909407]","['2AGPGAT140', '2AGPGAT160', '2AGPGAT161', '2AGPGAT181', 'ADPT', 'ARGabcpp', '2AGPE160tipp', 'ASPT', '2AGPEAT160', 'CYSS', 'CYTD', 'DAAD', 'CHORM', 'DALAt2pp', 'DAPDC', 'FA140ACPHi', 'FA160ACPHi', 'FACOAE161', 'FACOAE181', 'DURIK1', 'FBP', 'GLUabcpp', 'GLYCtex', 'HEX1', 'ILEabcpp', 'LACZpp', 'LEUabcpp', 'LPLIPAL1A160pp', 'G3PGabcpp', 'NDPK5', 'NDPK8', 'P5CR', 'PA160abcpp', 'NTPP6', 'GALabcpp', 'PLIPA2A160pp', 'POX', 'PPC', 'PPND', 'PPS', 'RNDR1', 'RNDR2', 'RNDR3', 'THRabcpp', 'TYRTA', 'PIuabcpp', 'VALabcpp', 'EAR40y', 'EAR60y', 'EAR80y', 'EAR100y', 'EAR120y', 'EAR140y', 'EAR160y', 'PLIPA1E160pp', 'EX_glyc_e']","['GALKr', 'EX_cytd_e', 'EX_ala__D_e', 'ACGK', 'ACGS', 'ACOAD1f', 'ACOAD2f', 'ACOAD3f', 'ACOAD4f', 'ACOAD5f', 'ACOAD6f', 'ACOATA', 'ACODA', 'ACOTA', 'ACS', 'ACSERtex', 'ACSERtpp', 'ADEt2rpp', 'ADEtex', 'AGMtex', 'ARGAGMt7pp', 'AGPR', 'ARGtex', 'ASNt2rpp', 'ASNtex', 'CYTBD2pp', 'CYTDtex', 'DALAtex', 'DRPA', 'DURIPP', 'ECOAH1', 'ECOAH2', 'ECOAH3', 'ECOAH4', 'ECOAH5', 'ECOAH6', 'ECOAH7', 'ECOAH8', 'GLUCYS', 'GLUSy', 'GLUtex', 'HACD1i', 'HACD2i', 'HACD3i', 'GLYCLTDx', 'HACD4i', 'HACD5i', 'HACD6i', 'HACD7i', 'HACD8i', 'GTHRDabc2pp', 'GTHRDtex', 'GTHS', 'ILEtex', 'KAT1', 'LPLIPAL1E181pp', 'ACACT11', 'ACACT8', 'ACACT13', 'ACACT10', 'ACACT9', 'ACACT12', 'ACACT8r', 'LCTStex', 'LEUtex', 'LPLIPAL2G140', 'LPLIPAL1E140pp', 'LPLIPAL1E160pp', 'LPLIPAL2G160', 'LPLIPAL2G161', 'LPLIPAL1E161pp', 'LPLIPAL2G181', 'MACPD', 'G3PEtex', 'NADH10', 'NADH5', 'G3PGtex', 'NTD10', 'NTD2', 'P5CD', 'NTPP4', 'NTPP7', 'NTPP8', 'CTECOAI8', 'PAPSR', 'PLIPA2E140pp', 'PLIPA2E160pp', 'PLIPA2E161pp', 'PLIPA2E181pp', 'PFL', 'PPM2', 'PYNP2r', 'SULR', 'SERtex', 'THD2pp', 'SO4tex', 'THRtex', 'SULabcpp', 'TRPS1', 'TRPt2rpp', 'TRPtex', 'UDPG4E', 'UGLT', 'VALtex', 'XTSNt2rpp', 'XTSNtex', 'ARGDC', 'EX_acser_e', 'EX_ade_e', 'EX_agm_e', 'EX_arg__L_e', 'EX_asn__L_e', 'EX_g3pe_e', 'EX_g3pg_e', 'EX_lcts_e', 'EX_leu__L_e', 'EX_trp__L_e', 'EX_glu__L_e', 'EX_gthrd_e', 'EX_ile__L_e', 'EX_ser__L_e', 'EX_so4_e', 'EX_val__L_e', 'EX_xtsn_e', 'EX_thr__L_e', 'PAPSSH']","['ACOAD7f', 'ADNK1', 'FACOAL140t2pp', 'FACOAL160t2pp', 'FACOAL181t2pp', 'GLUDy', 'GLYC3Pabcpp', 'GLYK', 'CTECOAI7', 'GPDDA4', 'LCTStpp', 'NTD4', 'PUNP1', 'TRDR', 'LACZ', 'ORNCD']",P5CR,ACGK,2.1407331322358547,1,198,16,0.0,0.16524363505731895,iPC815,PSL,False,False,0.0,0.0,0.0,-0.218339953535418
81,"['GALKr', 'EX_cytd_e', 'EX_ala__D_e', '2AGPGAT140', '2AGPGAT160', '2AGPGAT161', '2AGPGAT181', 'ACGK', 'ACGS', 'ACOAD1f', 'ACOAD2f', 'ACOAD3f', 'ACOAD4f', 'ACOAD5f', 'ACOAD6f', 'ACOAD7f', 'ACOATA', 'ACODA', 'ACOTA', 'ACS', 'ACSERtex', 'ACSERtpp', 'ADEt2rpp', 'ADEtex', 'ADNK1', 'ADPT', 'AGMtex', 'ARGabcpp', 'ARGAGMt7pp', 'AGPR', 'ARGtex', 'ASNt2rpp', 'ASNtex', '2AGPE160tipp', 'ASPT', '2AGPEAT160', 'CYSS', 'CYTBD2pp', 'CYTD', 'CYTDtex', 'DAAD', 'CHORM', 'DALAt2pp', 'DALAtex', 'DAPDC', 'FA140ACPHi', 'FA160ACPHi', 'FACOAE161', 'FACOAE181', 'DRPA', 'FACOAL140t2pp', 'FACOAL160t2pp', 'FACOAL181t2pp', 'DURIK1', 'DURIPP', 'FBP', 'ECOAH1', 'ECOAH2', 'ECOAH3', 'ECOAH4', 'ECOAH5', 'ECOAH6', 'ECOAH7', 'ECOAH8', 'GLUabcpp', 'GLUCYS', 'GLUDy', 'GLUSy', 'GLUtex', 'GLYC3Pabcpp', 'HACD1i', 'HACD2i', 'HACD3i', 'GLYCLTDx', 'HACD4i', 'HACD5i', 'HACD6i', 'HACD7i', 'GLYCtex', 'GLYK', 'HACD8i', 'CTECOAI7', 'HEX1', 'GPDDA4', 'GTHRDabc2pp', 'GTHRDtex', 'GTHS', 'ILEtex', 'ILEabcpp', 'KAT1', 'LPLIPAL1E181pp', 'ACACT11', 'ACACT8', 'ACACT13', 'ACACT10', 'ACACT9', 'ACACT12', 'ACACT8r', 'LACZpp', 'LCTStex', 'LCTStpp', 'LEUabcpp', 'LEUtex', 'LPLIPAL1A160pp', 'LPLIPAL2G140', 'LPLIPAL1E140pp', 'LPLIPAL1E160pp', 'LPLIPAL2G160', 'LPLIPAL2G161', 'LPLIPAL1E161pp', 'LPLIPAL2G181', 'MACPD', 'G3PEtex', 'G3PGabcpp', 'NADH10', 'NADH5', 'G3PGtex', 'NDPK5', 'NDPK8', 'NTD10', 'NTD2', 'NTD4', 'P5CD', 'P5CR', 'PA160abcpp', 'NTPP4', 'NTPP6', 'NTPP7', 'NTPP8', 'GALabcpp', 'CTECOAI8', 'PAPSR', 'PLIPA2A160pp', 'PLIPA2E140pp', 'PLIPA2E160pp', 'PLIPA2E161pp', 'PLIPA2E181pp', 'PFL', 'POX', 'PPC', 'PPM2', 'PPND', 'PUNP1', 'PPS', 'PYNP2r', 'RNDR1', 'RNDR2', 'RNDR3', 'SULR', 'SERtex', 'THD2pp', 'SO4tex', 'THRabcpp', 'THRtex', 'SULabcpp', 'TRDR', 'TYRTA', 'TRPS1', 'TRPt2rpp', 'TRPtex', 'UDPG4E', 'UGLT', 'PIuabcpp', 'VALabcpp', 'VALtex', 'XTSNt2rpp', 'XTSNtex', 'EAR40y', 'EAR60y', 'EAR80y', 'EAR100y', 'EAR120y', 'EAR140y', 'EAR160y', 'ARGDC', 'PLIPA1E160pp', 'LACZ', 'EX_acser_e', 'EX_ade_e', 'EX_agm_e', 'EX_arg__L_e', 'EX_asn__L_e', 'EX_g3pe_e', 'EX_g3pg_e', 'EX_lcts_e', 'EX_leu__L_e', 'EX_trp__L_e', 'EX_glu__L_e', 'EX_glyc_e', 'EX_gthrd_e', 'EX_ile__L_e', 'EX_ser__L_e', 'EX_so4_e', 'EX_val__L_e', 'EX_xtsn_e', 'EX_thr__L_e', 'ORNCD', 'PAPSSH']","[-0.000271205233624644, 0.0016563699603011628, 0.0011596027991414386, -8.759423694707901e-06, -2.5267568350118962e-05, -1.111773007405237e-05, -8.22038223657201e-06, 0.1657028734783373, 0.1657028734783373, 0.00018433147896276616, 0.00018433147896276616, 0.00018433147896276616, 0.00018433147896276616, 0.00018433147896276616, 0.00018433147896276616, 7.382798004492569e-05, -0.0006401589295475796, 0.1657028734783373, -0.1657028734783373, 0.16394843669686315, -0.0005733559635476837, 0.0005733559635476837, -0.0010763950416147056, -0.0010763950416147056, -8.321452508980309e-05, -0.001016763580318347, -0.00020943396735311758, -0.0008422522783372993, 0.00020943396735311758, -0.1657028734783373, -0.0006328183109841817, -0.0008759423694707918, -0.0008759423694707918, -9.354439270626517e-05, -0.00018866451033897058, -9.354439270626517e-05, -0.0005733559635476837, 7.411820038782935e-05, -0.0011463019805399433, -0.0016563699603011628, -0.0011798168538215226, -0.0004379711847353959, -0.0011393887444613436, -0.0011596027991414386, -2.021405468009504e-05, -1.7518847389415802e-05, -0.0001440795294065031, -2.223546014810474e-05, -1.6440764473144237e-05, 8.321452503423643e-05, 3.908050571485057e-05, 2.1001917147610988e-05, 3.638529842417133e-05, -8.321452503423643e-05, 8.321452503423643e-05, -8.092359890288225e-05, -0.00018433147896276616, -0.00018433147896276616, -0.00018433147896276616, -0.00018433147896276616, -0.00018433147896276616, -0.00018433147896276616, -0.0001452509732479156, -5.282606289731557e-05, -0.0020503334462928105, 0.001284995682862319, -0.1614746732592529, 0.0007879472216768546, -0.0020503334462928105, -9.354439270625996e-05, 0.00018433147896276616, 0.00018433147896276616, 0.00018433147896276616, 0.00016845045566746958, 0.00018433147896276616, 0.00018433147896276616, 0.00018433147896276616, 0.0001452509732479156, 1.7754678027350255e-05, -0.00038356818266274293, 5.282606289731557e-05, 7.142299320298993e-05, -8.51218699229276e-05, -0.00038356818266274304, 0.001284995682862319, -0.001284995682862319, 0.001284995682862319, -0.0013139135542061947, -0.0013139135542061947, 0.00018433147896276616, 1.8192649212085557e-05, 0.00018433147896276616, 0.00018433147896276616, 0.00018433147896276616, 0.00018433147896276616, 0.00018433147896276616, 0.0001452509732479156, 5.282606289731557e-05, -0.0001860833637017164, -0.000271205233624644, -8.51218699229276e-05, -0.0023246162882109567, -0.0023246162882109567, -9.354439270626517e-05, 8.759423694707901e-06, 1.9540252857425285e-05, 0.00015081754763320108, 2.5267568350118962e-05, 1.111773007405237e-05, 2.459376652744899e-05, 8.22038223657201e-06, 0.0006401589295475796, -0.0002131442162301609, -0.00043693328701819385, 7.411820038678678e-05, 0.0005820069874913347, -0.00043693328701819385, -8.557283147906953e-05, -8.321452509972571e-05, 0.0007358252804466198, 0.0010630874554501298, 0.0005100679797612195, 0.16692245477736967, -0.16692245477736967, -9.354439270626517e-05, 0.00013334201159743986, -0.16043255851440905, 8.321452504414864e-05, 0.0004615542485083418, -0.0001860833637017164, 5.282606289731557e-05, 0.001038859245909407, -9.354439270626517e-05, 1.9540252857425285e-05, 0.00015081754763320108, 2.459376652744899e-05, 1.8192649212085557e-05, 0.00019213458967995423, -0.0011541287450196336, -0.00031075740188551276, 8.321452503423643e-05, -0.0004379711847353959, 8.321452508980309e-05, -0.0004498093983654125, -8.321452503423643e-05, -8.321452509972571e-05, -8.557283147906953e-05, -8.557283147906953e-05, 0.001038859245909407, -0.0010250340130824043, 0.0035593430910694224, 0.001038859245909407, -0.0031107492791306868, -0.0031107492791306868, 0.001038859245909407, 0.0007844990577986766, 0.0004379711847353959, 0.0006333063331273887, -0.000811863816134897, -0.000811863816134897, 0.000271205233624644, -0.000271205233624644, -0.002108221219399381, -0.0026921420452650224, -0.0026921420452650224, -0.0007358252804466198, -0.0007358252804466198, -0.00021550252260951058, -0.00021550252260951058, -0.00021550252260951058, -0.00021550252260951058, -0.00021550252260951058, -0.0001615983767959267, -0.00014407952940650656, 0.00020943396735311758, -9.354439270626517e-05, -8.51218699229276e-05, 0.0005733559635476837, 0.0010763950416147056, 0.00020943396735311758, 0.0006328183109841817, 0.0008759423694707918, 0.0002131442162301609, 0.00043693328701819385, 0.000271205233624644, 0.0023246162882109567, 0.000811863816134897, 0.0020503334462928105, -1.7754678027350255e-05, 0.001284995682862319, 0.0013139135542061947, 0.0010250340130824043, -0.001038859245909407, 0.0026921420452650224, 0.0007358252804466198, 0.0031107492791306868, 0.16584437186109793, 0.001038859245909407]","[0.000271205233624644, 0.0016563699603011628, 0.0011596027991414386, 8.759423694707901e-06, 2.5267568350118962e-05, 1.111773007405237e-05, 8.22038223657201e-06, 0.1657028734783373, 0.1657028734783373, 0.00018433147896276616, 0.00018433147896276616, 0.00018433147896276616, 0.00018433147896276616, 0.00018433147896276616, 0.00018433147896276616, 7.382798004492569e-05, 0.0006401589295475796, 0.1657028734783373, 0.1657028734783373, 0.16394843669686315, 0.0005733559635476837, 0.0005733559635476837, 0.0010763950416147056, 0.0010763950416147056, 8.321452508980309e-05, 0.001016763580318347, 0.00020943396735311758, 0.0008422522783372993, 0.00020943396735311758, 0.1657028734783373, 0.0006328183109841817, 0.0008759423694707918, 0.0008759423694707918, 9.354439270626517e-05, 0.00018866451033897058, 9.354439270626517e-05, 0.0005733559635476837, 7.411820038782935e-05, 0.0011463019805399433, 0.0016563699603011628, 0.0011798168538215226, 0.0004379711847353959, 0.0011393887444613436, 0.0011596027991414386, 2.021405468009504e-05, 1.7518847389415802e-05, 0.0001440795294065031, 2.223546014810474e-05, 1.6440764473144237e-05, 8.321452503423643e-05, 3.908050571485057e-05, 2.1001917147610988e-05, 3.638529842417133e-05, 8.321452503423643e-05, 8.321452503423643e-05, 8.092359890288225e-05, 0.00018433147896276616, 0.00018433147896276616, 0.00018433147896276616, 0.00018433147896276616, 0.00018433147896276616, 0.00018433147896276616, 0.0001452509732479156, 5.282606289731557e-05, 0.0020503334462928105, 0.001284995682862319, 0.1614746732592529, 0.0007879472216768546, 0.0020503334462928105, 9.354439270625996e-05, 0.00018433147896276616, 0.00018433147896276616, 0.00018433147896276616, 0.00016845045566746958, 0.00018433147896276616, 0.00018433147896276616, 0.00018433147896276616, 0.0001452509732479156, 1.7754678027350255e-05, 0.00038356818266274293, 5.282606289731557e-05, 7.142299320298993e-05, 8.51218699229276e-05, 0.00038356818266274304, 0.001284995682862319, 0.001284995682862319, 0.001284995682862319, 0.0013139135542061947, 0.0013139135542061947, 0.00018433147896276616, 1.8192649212085557e-05, 0.00018433147896276616, 0.00018433147896276616, 0.00018433147896276616, 0.00018433147896276616, 0.00018433147896276616, 0.0001452509732479156, 5.282606289731557e-05, 0.0001860833637017164, 0.000271205233624644, 8.51218699229276e-05, 0.0023246162882109567, 0.0023246162882109567, 9.354439270626517e-05, 8.759423694707901e-06, 1.9540252857425285e-05, 0.00015081754763320108, 2.5267568350118962e-05, 1.111773007405237e-05, 2.459376652744899e-05, 8.22038223657201e-06, 0.0006401589295475796, 0.0002131442162301609, 0.00043693328701819385, 7.411820038678678e-05, 0.0005820069874913347, 0.00043693328701819385, 8.557283147906953e-05, 8.321452509972571e-05, 0.0007358252804466198, 0.0010630874554501298, 0.0005100679797612195, 0.16692245477736967, 0.16692245477736967, 9.354439270626517e-05, 0.00013334201159743986, 0.16043255851440905, 8.321452504414864e-05, 0.0004615542485083418, 0.0001860833637017164, 5.282606289731557e-05, 0.001038859245909407, 9.354439270626517e-05, 1.9540252857425285e-05, 0.00015081754763320108, 2.459376652744899e-05, 1.8192649212085557e-05, 0.00019213458967995423, 0.0011541287450196336, 0.00031075740188551276, 8.321452503423643e-05, 0.0004379711847353959, 8.321452508980309e-05, 0.0004498093983654125, 8.321452503423643e-05, 8.321452509972571e-05, 8.557283147906953e-05, 8.557283147906953e-05, 0.001038859245909407, 0.0010250340130824043, 0.0035593430910694224, 0.001038859245909407, 0.0031107492791306868, 0.0031107492791306868, 0.001038859245909407, 0.0007844990577986766, 0.0004379711847353959, 0.0006333063331273887, 0.000811863816134897, 0.000811863816134897, 0.000271205233624644, 0.000271205233624644, 0.002108221219399381, 0.0026921420452650224, 0.0026921420452650224, 0.0007358252804466198, 0.0007358252804466198, 0.00021550252260951058, 0.00021550252260951058, 0.00021550252260951058, 0.00021550252260951058, 0.00021550252260951058, 0.0001615983767959267, 0.00014407952940650656, 0.00020943396735311758, 9.354439270626517e-05, 8.51218699229276e-05, 0.0005733559635476837, 0.0010763950416147056, 0.00020943396735311758, 0.0006328183109841817, 0.0008759423694707918, 0.0002131442162301609, 0.00043693328701819385, 0.000271205233624644, 0.0023246162882109567, 0.000811863816134897, 0.0020503334462928105, 1.7754678027350255e-05, 0.001284995682862319, 0.0013139135542061947, 0.0010250340130824043, 0.001038859245909407, 0.0026921420452650224, 0.0007358252804466198, 0.0031107492791306868, 0.16584437186109793, 0.001038859245909407]","['2AGPGAT140', '2AGPGAT160', '2AGPGAT161', '2AGPGAT181', 'ADPT', 'ARGabcpp', '2AGPE160tipp', 'ASPT', '2AGPEAT160', 'CYSS', 'CYTD', 'DAAD', 'CHORM', 'DALAt2pp', 'DAPDC', 'FA140ACPHi', 'FA160ACPHi', 'FACOAE161', 'FACOAE181', 'DURIK1', 'FBP', 'GLUabcpp', 'GLYCtex', 'HEX1', 'ILEabcpp', 'LACZpp', 'LEUabcpp', 'LPLIPAL1A160pp', 'G3PGabcpp', 'NDPK5', 'NDPK8', 'P5CR', 'PA160abcpp', 'NTPP6', 'GALabcpp', 'PLIPA2A160pp', 'POX', 'PPC', 'PPND', 'PPS', 'RNDR1', 'RNDR2', 'RNDR3', 'THRabcpp', 'TYRTA', 'PIuabcpp', 'VALabcpp', 'EAR40y', 'EAR60y', 'EAR80y', 'EAR100y', 'EAR120y', 'EAR140y', 'EAR160y', 'PLIPA1E160pp', 'EX_glyc_e']","['GALKr', 'EX_cytd_e', 'EX_ala__D_e', 'ACGK', 'ACGS', 'ACOAD1f', 'ACOAD2f', 'ACOAD3f', 'ACOAD4f', 'ACOAD5f', 'ACOAD6f', 'ACOATA', 'ACODA', 'ACOTA', 'ACS', 'ACSERtex', 'ACSERtpp', 'ADEt2rpp', 'ADEtex', 'AGMtex', 'ARGAGMt7pp', 'AGPR', 'ARGtex', 'ASNt2rpp', 'ASNtex', 'CYTBD2pp', 'CYTDtex', 'DALAtex', 'DRPA', 'DURIPP', 'ECOAH1', 'ECOAH2', 'ECOAH3', 'ECOAH4', 'ECOAH5', 'ECOAH6', 'ECOAH7', 'ECOAH8', 'GLUCYS', 'GLUSy', 'GLUtex', 'HACD1i', 'HACD2i', 'HACD3i', 'GLYCLTDx', 'HACD4i', 'HACD5i', 'HACD6i', 'HACD7i', 'HACD8i', 'GTHRDabc2pp', 'GTHRDtex', 'GTHS', 'ILEtex', 'KAT1', 'LPLIPAL1E181pp', 'ACACT11', 'ACACT8', 'ACACT13', 'ACACT10', 'ACACT9', 'ACACT12', 'ACACT8r', 'LCTStex', 'LEUtex', 'LPLIPAL2G140', 'LPLIPAL1E140pp', 'LPLIPAL1E160pp', 'LPLIPAL2G160', 'LPLIPAL2G161', 'LPLIPAL1E161pp', 'LPLIPAL2G181', 'MACPD', 'G3PEtex', 'NADH10', 'NADH5', 'G3PGtex', 'NTD10', 'NTD2', 'P5CD', 'NTPP4', 'NTPP7', 'NTPP8', 'CTECOAI8', 'PAPSR', 'PLIPA2E140pp', 'PLIPA2E160pp', 'PLIPA2E161pp', 'PLIPA2E181pp', 'PFL', 'PPM2', 'PYNP2r', 'SULR', 'SERtex', 'THD2pp', 'SO4tex', 'THRtex', 'SULabcpp', 'TRPS1', 'TRPt2rpp', 'TRPtex', 'UDPG4E', 'UGLT', 'VALtex', 'XTSNt2rpp', 'XTSNtex', 'ARGDC', 'EX_acser_e', 'EX_ade_e', 'EX_agm_e', 'EX_arg__L_e', 'EX_asn__L_e', 'EX_g3pe_e', 'EX_g3pg_e', 'EX_lcts_e', 'EX_leu__L_e', 'EX_trp__L_e', 'EX_glu__L_e', 'EX_gthrd_e', 'EX_ile__L_e', 'EX_ser__L_e', 'EX_so4_e', 'EX_val__L_e', 'EX_xtsn_e', 'EX_thr__L_e', 'PAPSSH']","['ACOAD7f', 'ADNK1', 'FACOAL140t2pp', 'FACOAL160t2pp', 'FACOAL181t2pp', 'GLUDy', 'GLYC3Pabcpp', 'GLYK', 'CTECOAI7', 'GPDDA4', 'LCTStpp', 'NTD4', 'PUNP1', 'TRDR', 'LACZ', 'ORNCD']",P5CR,ACGS,2.1407331322358547,1,198,16,0.0,0.16524363505731895,iPC815,PSL,False,False,0.0,0.0,0.0,0.0
82,"['ACODA', 'ACOTA', 'GLUDy', 'NACODA', 'P5CR', 'G5SADs', 'ORNCD']","[0.16486062119999997, -0.16486062119997769, -0.16486062120009137, -0.16486062119999997, -0.16486062119999997, -0.16486062119997769, 0.16486062119997769]","[0.16486062119999997, 0.16486062119997769, 0.16486062120009137, 0.16486062119999997, 0.16486062119999997, 0.16486062119997769, 0.16486062119997769]","['ACODA', 'ACOTA']","['NACODA', 'P5CR', 'G5SADs']","['GLUDy', 'ORNCD']",P5CR,ACODA,1.1540243484000459,1,7,2,-3.0,-0.49458186360006906,iPC815,PSL,False,False,0.0,0.0,0.0,0.0
83,"['ACODA', 'ACOTA', 'GLUDy', 'NACODA', 'P5CR', 'G5SADs', 'ORNCD']","[0.16486062119999997, -0.16486062119997769, -0.16486062120009137, -0.16486062119999997, -0.16486062119999997, -0.16486062119997769, 0.16486062119997769]","[0.16486062119999997, 0.16486062119997769, 0.16486062120009137, 0.16486062119999997, 0.16486062119999997, 0.16486062119997769, 0.16486062119997769]","['ACODA', 'ACOTA']","['NACODA', 'P5CR', 'G5SADs']","['GLUDy', 'ORNCD']",P5CR,ACOTA,1.1540243484000459,1,7,2,-3.0,-0.49458186360006906,iPC815,PSL,False,True,0.0,-12.3429918004958,0.0,0.0336527086825759
84,"['GALKr', 'EX_cytd_e', 'EX_ala__D_e', '2AGPGAT140', '2AGPGAT160', '2AGPGAT161', '2AGPGAT181', 'ACGK', 'ACGS', 'ACOAD1f', 'ACOAD2f', 'ACOAD3f', 'ACOAD4f', 'ACOAD5f', 'ACOAD6f', 'ACOAD7f', 'ACOATA', 'ACODA', 'ACOTA', 'ACS', 'ACSERtex', 'ACSERtpp', 'ADEt2rpp', 'ADEtex', 'ADNK1', 'ADPT', 'AGMtex', 'ARGabcpp', 'ARGAGMt7pp', 'AGPR', 'ARGtex', 'ASNt2rpp', 'ASNtex', '2AGPE160tipp', 'ASPT', '2AGPEAT160', 'CYSS', 'CYTBD2pp', 'CYTD', 'CYTDtex', 'DAAD', 'CHORM', 'DALAt2pp', 'DALAtex', 'DAPDC', 'FA140ACPHi', 'FA160ACPHi', 'FACOAE161', 'FACOAE181', 'DRPA', 'FACOAL140t2pp', 'FACOAL160t2pp', 'FACOAL181t2pp', 'DURIK1', 'DURIPP', 'FBP', 'ECOAH1', 'ECOAH2', 'ECOAH3', 'ECOAH4', 'ECOAH5', 'ECOAH6', 'ECOAH7', 'ECOAH8', 'GLUabcpp', 'GLUCYS', 'GLUDy', 'GLUSy', 'GLUtex', 'GLYC3Pabcpp', 'HACD1i', 'HACD2i', 'HACD3i', 'GLYCLTDx', 'HACD4i', 'HACD5i', 'HACD6i', 'HACD7i', 'GLYCtex', 'GLYK', 'HACD8i', 'CTECOAI7', 'HEX1', 'GPDDA4', 'GTHRDabc2pp', 'GTHRDtex', 'GTHS', 'ILEtex', 'ILEabcpp', 'KAT1', 'LPLIPAL1E181pp', 'ACACT11', 'ACACT8', 'ACACT13', 'ACACT10', 'ACACT9', 'ACACT12', 'ACACT8r', 'LACZpp', 'LCTStex', 'LCTStpp', 'LEUabcpp', 'LEUtex', 'LPLIPAL1A160pp', 'LPLIPAL2G140', 'LPLIPAL1E140pp', 'LPLIPAL1E160pp', 'LPLIPAL2G160', 'LPLIPAL2G161', 'LPLIPAL1E161pp', 'LPLIPAL2G181', 'MACPD', 'G3PEtex', 'G3PGabcpp', 'NADH10', 'NADH5', 'G3PGtex', 'NDPK5', 'NDPK8', 'NTD10', 'NTD2', 'NTD4', 'P5CD', 'P5CR', 'PA160abcpp', 'NTPP4', 'NTPP6', 'NTPP7', 'NTPP8', 'GALabcpp', 'CTECOAI8', 'PAPSR', 'PLIPA2A160pp', 'PLIPA2E140pp', 'PLIPA2E160pp', 'PLIPA2E161pp', 'PLIPA2E181pp', 'PFL', 'POX', 'PPC', 'PPM2', 'PPND', 'PUNP1', 'PPS', 'PYNP2r', 'RNDR1', 'RNDR2', 'RNDR3', 'SULR', 'SERtex', 'THD2pp', 'SO4tex', 'THRabcpp', 'THRtex', 'SULabcpp', 'TRDR', 'TYRTA', 'TRPS1', 'TRPt2rpp', 'TRPtex', 'UDPG4E', 'UGLT', 'PIuabcpp', 'VALabcpp', 'VALtex', 'XTSNt2rpp', 'XTSNtex', 'EAR40y', 'EAR60y', 'EAR80y', 'EAR100y', 'EAR120y', 'EAR140y', 'EAR160y', 'ARGDC', 'PLIPA1E160pp', 'LACZ', 'EX_acser_e', 'EX_ade_e', 'EX_agm_e', 'EX_arg__L_e', 'EX_asn__L_e', 'EX_g3pe_e', 'EX_g3pg_e', 'EX_lcts_e', 'EX_leu__L_e', 'EX_trp__L_e', 'EX_glu__L_e', 'EX_glyc_e', 'EX_gthrd_e', 'EX_ile__L_e', 'EX_ser__L_e', 'EX_so4_e', 'EX_val__L_e', 'EX_xtsn_e', 'EX_thr__L_e', 'ORNCD', 'PAPSSH']","[-0.000271205233624644, 0.0016563699603011628, 0.0011596027991414386, -8.759423694707901e-06, -2.5267568350118962e-05, -1.111773007405237e-05, -8.22038223657201e-06, 0.1657028734783373, 0.1657028734783373, 0.00018433147896276616, 0.00018433147896276616, 0.00018433147896276616, 0.00018433147896276616, 0.00018433147896276616, 0.00018433147896276616, 7.382798004492569e-05, -0.0006401589295475796, 0.1657028734783373, -0.1657028734783373, 0.16394843669686315, -0.0005733559635476837, 0.0005733559635476837, -0.0010763950416147056, -0.0010763950416147056, -8.321452508980309e-05, -0.001016763580318347, -0.00020943396735311758, -0.0008422522783372993, 0.00020943396735311758, -0.1657028734783373, -0.0006328183109841817, -0.0008759423694707918, -0.0008759423694707918, -9.354439270626517e-05, -0.00018866451033897058, -9.354439270626517e-05, -0.0005733559635476837, 7.411820038782935e-05, -0.0011463019805399433, -0.0016563699603011628, -0.0011798168538215226, -0.0004379711847353959, -0.0011393887444613436, -0.0011596027991414386, -2.021405468009504e-05, -1.7518847389415802e-05, -0.0001440795294065031, -2.223546014810474e-05, -1.6440764473144237e-05, 8.321452503423643e-05, 3.908050571485057e-05, 2.1001917147610988e-05, 3.638529842417133e-05, -8.321452503423643e-05, 8.321452503423643e-05, -8.092359890288225e-05, -0.00018433147896276616, -0.00018433147896276616, -0.00018433147896276616, -0.00018433147896276616, -0.00018433147896276616, -0.00018433147896276616, -0.0001452509732479156, -5.282606289731557e-05, -0.0020503334462928105, 0.001284995682862319, -0.1614746732592529, 0.0007879472216768546, -0.0020503334462928105, -9.354439270625996e-05, 0.00018433147896276616, 0.00018433147896276616, 0.00018433147896276616, 0.00016845045566746958, 0.00018433147896276616, 0.00018433147896276616, 0.00018433147896276616, 0.0001452509732479156, 1.7754678027350255e-05, -0.00038356818266274293, 5.282606289731557e-05, 7.142299320298993e-05, -8.51218699229276e-05, -0.00038356818266274304, 0.001284995682862319, -0.001284995682862319, 0.001284995682862319, -0.0013139135542061947, -0.0013139135542061947, 0.00018433147896276616, 1.8192649212085557e-05, 0.00018433147896276616, 0.00018433147896276616, 0.00018433147896276616, 0.00018433147896276616, 0.00018433147896276616, 0.0001452509732479156, 5.282606289731557e-05, -0.0001860833637017164, -0.000271205233624644, -8.51218699229276e-05, -0.0023246162882109567, -0.0023246162882109567, -9.354439270626517e-05, 8.759423694707901e-06, 1.9540252857425285e-05, 0.00015081754763320108, 2.5267568350118962e-05, 1.111773007405237e-05, 2.459376652744899e-05, 8.22038223657201e-06, 0.0006401589295475796, -0.0002131442162301609, -0.00043693328701819385, 7.411820038678678e-05, 0.0005820069874913347, -0.00043693328701819385, -8.557283147906953e-05, -8.321452509972571e-05, 0.0007358252804466198, 0.0010630874554501298, 0.0005100679797612195, 0.16692245477736967, -0.16692245477736967, -9.354439270626517e-05, 0.00013334201159743986, -0.16043255851440905, 8.321452504414864e-05, 0.0004615542485083418, -0.0001860833637017164, 5.282606289731557e-05, 0.001038859245909407, -9.354439270626517e-05, 1.9540252857425285e-05, 0.00015081754763320108, 2.459376652744899e-05, 1.8192649212085557e-05, 0.00019213458967995423, -0.0011541287450196336, -0.00031075740188551276, 8.321452503423643e-05, -0.0004379711847353959, 8.321452508980309e-05, -0.0004498093983654125, -8.321452503423643e-05, -8.321452509972571e-05, -8.557283147906953e-05, -8.557283147906953e-05, 0.001038859245909407, -0.0010250340130824043, 0.0035593430910694224, 0.001038859245909407, -0.0031107492791306868, -0.0031107492791306868, 0.001038859245909407, 0.0007844990577986766, 0.0004379711847353959, 0.0006333063331273887, -0.000811863816134897, -0.000811863816134897, 0.000271205233624644, -0.000271205233624644, -0.002108221219399381, -0.0026921420452650224, -0.0026921420452650224, -0.0007358252804466198, -0.0007358252804466198, -0.00021550252260951058, -0.00021550252260951058, -0.00021550252260951058, -0.00021550252260951058, -0.00021550252260951058, -0.0001615983767959267, -0.00014407952940650656, 0.00020943396735311758, -9.354439270626517e-05, -8.51218699229276e-05, 0.0005733559635476837, 0.0010763950416147056, 0.00020943396735311758, 0.0006328183109841817, 0.0008759423694707918, 0.0002131442162301609, 0.00043693328701819385, 0.000271205233624644, 0.0023246162882109567, 0.000811863816134897, 0.0020503334462928105, -1.7754678027350255e-05, 0.001284995682862319, 0.0013139135542061947, 0.0010250340130824043, -0.001038859245909407, 0.0026921420452650224, 0.0007358252804466198, 0.0031107492791306868, 0.16584437186109793, 0.001038859245909407]","[0.000271205233624644, 0.0016563699603011628, 0.0011596027991414386, 8.759423694707901e-06, 2.5267568350118962e-05, 1.111773007405237e-05, 8.22038223657201e-06, 0.1657028734783373, 0.1657028734783373, 0.00018433147896276616, 0.00018433147896276616, 0.00018433147896276616, 0.00018433147896276616, 0.00018433147896276616, 0.00018433147896276616, 7.382798004492569e-05, 0.0006401589295475796, 0.1657028734783373, 0.1657028734783373, 0.16394843669686315, 0.0005733559635476837, 0.0005733559635476837, 0.0010763950416147056, 0.0010763950416147056, 8.321452508980309e-05, 0.001016763580318347, 0.00020943396735311758, 0.0008422522783372993, 0.00020943396735311758, 0.1657028734783373, 0.0006328183109841817, 0.0008759423694707918, 0.0008759423694707918, 9.354439270626517e-05, 0.00018866451033897058, 9.354439270626517e-05, 0.0005733559635476837, 7.411820038782935e-05, 0.0011463019805399433, 0.0016563699603011628, 0.0011798168538215226, 0.0004379711847353959, 0.0011393887444613436, 0.0011596027991414386, 2.021405468009504e-05, 1.7518847389415802e-05, 0.0001440795294065031, 2.223546014810474e-05, 1.6440764473144237e-05, 8.321452503423643e-05, 3.908050571485057e-05, 2.1001917147610988e-05, 3.638529842417133e-05, 8.321452503423643e-05, 8.321452503423643e-05, 8.092359890288225e-05, 0.00018433147896276616, 0.00018433147896276616, 0.00018433147896276616, 0.00018433147896276616, 0.00018433147896276616, 0.00018433147896276616, 0.0001452509732479156, 5.282606289731557e-05, 0.0020503334462928105, 0.001284995682862319, 0.1614746732592529, 0.0007879472216768546, 0.0020503334462928105, 9.354439270625996e-05, 0.00018433147896276616, 0.00018433147896276616, 0.00018433147896276616, 0.00016845045566746958, 0.00018433147896276616, 0.00018433147896276616, 0.00018433147896276616, 0.0001452509732479156, 1.7754678027350255e-05, 0.00038356818266274293, 5.282606289731557e-05, 7.142299320298993e-05, 8.51218699229276e-05, 0.00038356818266274304, 0.001284995682862319, 0.001284995682862319, 0.001284995682862319, 0.0013139135542061947, 0.0013139135542061947, 0.00018433147896276616, 1.8192649212085557e-05, 0.00018433147896276616, 0.00018433147896276616, 0.00018433147896276616, 0.00018433147896276616, 0.00018433147896276616, 0.0001452509732479156, 5.282606289731557e-05, 0.0001860833637017164, 0.000271205233624644, 8.51218699229276e-05, 0.0023246162882109567, 0.0023246162882109567, 9.354439270626517e-05, 8.759423694707901e-06, 1.9540252857425285e-05, 0.00015081754763320108, 2.5267568350118962e-05, 1.111773007405237e-05, 2.459376652744899e-05, 8.22038223657201e-06, 0.0006401589295475796, 0.0002131442162301609, 0.00043693328701819385, 7.411820038678678e-05, 0.0005820069874913347, 0.00043693328701819385, 8.557283147906953e-05, 8.321452509972571e-05, 0.0007358252804466198, 0.0010630874554501298, 0.0005100679797612195, 0.16692245477736967, 0.16692245477736967, 9.354439270626517e-05, 0.00013334201159743986, 0.16043255851440905, 8.321452504414864e-05, 0.0004615542485083418, 0.0001860833637017164, 5.282606289731557e-05, 0.001038859245909407, 9.354439270626517e-05, 1.9540252857425285e-05, 0.00015081754763320108, 2.459376652744899e-05, 1.8192649212085557e-05, 0.00019213458967995423, 0.0011541287450196336, 0.00031075740188551276, 8.321452503423643e-05, 0.0004379711847353959, 8.321452508980309e-05, 0.0004498093983654125, 8.321452503423643e-05, 8.321452509972571e-05, 8.557283147906953e-05, 8.557283147906953e-05, 0.001038859245909407, 0.0010250340130824043, 0.0035593430910694224, 0.001038859245909407, 0.0031107492791306868, 0.0031107492791306868, 0.001038859245909407, 0.0007844990577986766, 0.0004379711847353959, 0.0006333063331273887, 0.000811863816134897, 0.000811863816134897, 0.000271205233624644, 0.000271205233624644, 0.002108221219399381, 0.0026921420452650224, 0.0026921420452650224, 0.0007358252804466198, 0.0007358252804466198, 0.00021550252260951058, 0.00021550252260951058, 0.00021550252260951058, 0.00021550252260951058, 0.00021550252260951058, 0.0001615983767959267, 0.00014407952940650656, 0.00020943396735311758, 9.354439270626517e-05, 8.51218699229276e-05, 0.0005733559635476837, 0.0010763950416147056, 0.00020943396735311758, 0.0006328183109841817, 0.0008759423694707918, 0.0002131442162301609, 0.00043693328701819385, 0.000271205233624644, 0.0023246162882109567, 0.000811863816134897, 0.0020503334462928105, 1.7754678027350255e-05, 0.001284995682862319, 0.0013139135542061947, 0.0010250340130824043, 0.001038859245909407, 0.0026921420452650224, 0.0007358252804466198, 0.0031107492791306868, 0.16584437186109793, 0.001038859245909407]","['2AGPGAT140', '2AGPGAT160', '2AGPGAT161', '2AGPGAT181', 'ADPT', 'ARGabcpp', '2AGPE160tipp', 'ASPT', '2AGPEAT160', 'CYSS', 'CYTD', 'DAAD', 'CHORM', 'DALAt2pp', 'DAPDC', 'FA140ACPHi', 'FA160ACPHi', 'FACOAE161', 'FACOAE181', 'DURIK1', 'FBP', 'GLUabcpp', 'GLYCtex', 'HEX1', 'ILEabcpp', 'LACZpp', 'LEUabcpp', 'LPLIPAL1A160pp', 'G3PGabcpp', 'NDPK5', 'NDPK8', 'P5CR', 'PA160abcpp', 'NTPP6', 'GALabcpp', 'PLIPA2A160pp', 'POX', 'PPC', 'PPND', 'PPS', 'RNDR1', 'RNDR2', 'RNDR3', 'THRabcpp', 'TYRTA', 'PIuabcpp', 'VALabcpp', 'EAR40y', 'EAR60y', 'EAR80y', 'EAR100y', 'EAR120y', 'EAR140y', 'EAR160y', 'PLIPA1E160pp', 'EX_glyc_e']","['GALKr', 'EX_cytd_e', 'EX_ala__D_e', 'ACGK', 'ACGS', 'ACOAD1f', 'ACOAD2f', 'ACOAD3f', 'ACOAD4f', 'ACOAD5f', 'ACOAD6f', 'ACOATA', 'ACODA', 'ACOTA', 'ACS', 'ACSERtex', 'ACSERtpp', 'ADEt2rpp', 'ADEtex', 'AGMtex', 'ARGAGMt7pp', 'AGPR', 'ARGtex', 'ASNt2rpp', 'ASNtex', 'CYTBD2pp', 'CYTDtex', 'DALAtex', 'DRPA', 'DURIPP', 'ECOAH1', 'ECOAH2', 'ECOAH3', 'ECOAH4', 'ECOAH5', 'ECOAH6', 'ECOAH7', 'ECOAH8', 'GLUCYS', 'GLUSy', 'GLUtex', 'HACD1i', 'HACD2i', 'HACD3i', 'GLYCLTDx', 'HACD4i', 'HACD5i', 'HACD6i', 'HACD7i', 'HACD8i', 'GTHRDabc2pp', 'GTHRDtex', 'GTHS', 'ILEtex', 'KAT1', 'LPLIPAL1E181pp', 'ACACT11', 'ACACT8', 'ACACT13', 'ACACT10', 'ACACT9', 'ACACT12', 'ACACT8r', 'LCTStex', 'LEUtex', 'LPLIPAL2G140', 'LPLIPAL1E140pp', 'LPLIPAL1E160pp', 'LPLIPAL2G160', 'LPLIPAL2G161', 'LPLIPAL1E161pp', 'LPLIPAL2G181', 'MACPD', 'G3PEtex', 'NADH10', 'NADH5', 'G3PGtex', 'NTD10', 'NTD2', 'P5CD', 'NTPP4', 'NTPP7', 'NTPP8', 'CTECOAI8', 'PAPSR', 'PLIPA2E140pp', 'PLIPA2E160pp', 'PLIPA2E161pp', 'PLIPA2E181pp', 'PFL', 'PPM2', 'PYNP2r', 'SULR', 'SERtex', 'THD2pp', 'SO4tex', 'THRtex', 'SULabcpp', 'TRPS1', 'TRPt2rpp', 'TRPtex', 'UDPG4E', 'UGLT', 'VALtex', 'XTSNt2rpp', 'XTSNtex', 'ARGDC', 'EX_acser_e', 'EX_ade_e', 'EX_agm_e', 'EX_arg__L_e', 'EX_asn__L_e', 'EX_g3pe_e', 'EX_g3pg_e', 'EX_lcts_e', 'EX_leu__L_e', 'EX_trp__L_e', 'EX_glu__L_e', 'EX_gthrd_e', 'EX_ile__L_e', 'EX_ser__L_e', 'EX_so4_e', 'EX_val__L_e', 'EX_xtsn_e', 'EX_thr__L_e', 'PAPSSH']","['ACOAD7f', 'ADNK1', 'FACOAL140t2pp', 'FACOAL160t2pp', 'FACOAL181t2pp', 'GLUDy', 'GLYC3Pabcpp', 'GLYK', 'CTECOAI7', 'GPDDA4', 'LCTStpp', 'NTD4', 'PUNP1', 'TRDR', 'LACZ', 'ORNCD']",P5CR,AGPR,2.1407331322358547,1,198,16,0.0,0.16524363505731895,iPC815,PSL,False,True,0.0,-34.6922978299667,0.0,0.0
85,"['EX_ala__D_e', 'ALAR', 'ASNS1', 'ASNt2rpp', 'ASNtex', 'DALAt2pp', 'DALAtex', 'ILEtex', 'ILEabcpp', 'LEUabcpp', 'LEUtex', 'NTD10', 'ORNabcpp', 'ORNtex', 'PG140abcpp', 'PGP140abcpp', 'PGPP140', 'PGPP140pp', 'THRabcpp', 'THRtex', 'VALabcpp', 'VALtex', 'XTSNt2rpp', 'XTSNtex', 'EX_asn__L_e', 'EX_leu__L_e', 'EX_orn_e', 'EX_ile__L_e', 'EX_val__L_e', 'EX_xtsn_e', 'EX_thr__L_e']","[3.144097731772256e-06, 3.212660999452055e-06, 2.016062277496178e-06, -2.932408506239881e-06, -2.932408506239881e-06, -3.0755344923028005e-06, -3.1440977181773633e-06, -1.3745192291025887e-06, -1.3745192719571975e-06, -2.4318417888580246e-06, -2.431841835459636e-06, 1.6588634870196017e-06, -1.2758358370473788e-06, -1.2758358707287698e-06, -0.0007003974234618129, 0.0007003882599999999, -0.0007003974234618129, 0.0007003882599999999, -1.270711948553327e-06, -1.2707120049526566e-06, -1.7622041947884526e-06, -1.762204192345962e-06, -1.6588635389780393e-06, -1.6588635389780393e-06, 2.932408458805602e-06, 2.4318417888580246e-06, 1.2758358370473788e-06, 1.3745192719571975e-06, 1.7622041947884526e-06, 1.6588634870196017e-06, 1.270711948553327e-06]","[3.144097731772256e-06, 3.212660999452055e-06, 2.016062277496178e-06, 2.932408506239881e-06, 2.932408506239881e-06, 3.0755344923028005e-06, 3.1440977181773633e-06, 1.3745192291025887e-06, 1.3745192719571975e-06, 2.4318417888580246e-06, 2.431841835459636e-06, 1.6588634870196017e-06, 1.2758358370473788e-06, 1.2758358707287698e-06, 0.0007003974234618129, 0.0007003882599999999, 0.0007003974234618129, 0.0007003882599999999, 1.270711948553327e-06, 1.2707120049526566e-06, 1.7622041947884526e-06, 1.762204192345962e-06, 1.6588635389780393e-06, 1.6588635389780393e-06, 2.932408458805602e-06, 2.4318417888580246e-06, 1.2758358370473788e-06, 1.3745192719571975e-06, 1.7622041947884526e-06, 1.6588634870196017e-06, 1.270711948553327e-06]","['DALAt2pp', 'ILEabcpp', 'LEUabcpp', 'ORNabcpp', 'PG140abcpp', 'PGPP140', 'THRabcpp', 'VALabcpp']","['EX_ala__D_e', 'ASNS1', 'ASNt2rpp', 'ASNtex', 'DALAtex', 'ILEtex', 'LEUtex', 'NTD10', 'ORNtex', 'PGP140abcpp', 'PGPP140pp', 'THRtex', 'VALtex', 'XTSNt2rpp', 'XTSNtex', 'EX_asn__L_e', 'EX_leu__L_e', 'EX_orn_e', 'EX_ile__L_e', 'EX_val__L_e', 'EX_xtsn_e', 'EX_thr__L_e']",['ALAR'],PG140abcpp,PGP140abcpp,0.004490311625098755,1,31,1,-5.0,-8.912659915566337e-06,iPC815,PSL,False,False,0.0,0.0,0.0,0.0020699761828682
86,"['EX_ala__D_e', 'ALAR', 'ASNS1', 'ASNt2rpp', 'ASNtex', 'DALAt2pp', 'DALAtex', 'ILEtex', 'ILEabcpp', 'LEUabcpp', 'LEUtex', 'NTD10', 'ORNabcpp', 'ORNtex', 'PG140abcpp', 'PGP140abcpp', 'PGPP140', 'PGPP140pp', 'THRabcpp', 'THRtex', 'VALabcpp', 'VALtex', 'XTSNt2rpp', 'XTSNtex', 'EX_asn__L_e', 'EX_leu__L_e', 'EX_orn_e', 'EX_ile__L_e', 'EX_val__L_e', 'EX_xtsn_e', 'EX_thr__L_e']","[3.144097731772256e-06, 3.212660999452055e-06, 2.016062277496178e-06, -2.932408506239881e-06, -2.932408506239881e-06, -3.0755344923028005e-06, -3.1440977181773633e-06, -1.3745192291025887e-06, -1.3745192719571975e-06, -2.4318417888580246e-06, -2.431841835459636e-06, 1.6588634870196017e-06, -1.2758358370473788e-06, -1.2758358707287698e-06, -0.0007003974234618129, 0.0007003882599999999, -0.0007003974234618129, 0.0007003882599999999, -1.270711948553327e-06, -1.2707120049526566e-06, -1.7622041947884526e-06, -1.762204192345962e-06, -1.6588635389780393e-06, -1.6588635389780393e-06, 2.932408458805602e-06, 2.4318417888580246e-06, 1.2758358370473788e-06, 1.3745192719571975e-06, 1.7622041947884526e-06, 1.6588634870196017e-06, 1.270711948553327e-06]","[3.144097731772256e-06, 3.212660999452055e-06, 2.016062277496178e-06, 2.932408506239881e-06, 2.932408506239881e-06, 3.0755344923028005e-06, 3.1440977181773633e-06, 1.3745192291025887e-06, 1.3745192719571975e-06, 2.4318417888580246e-06, 2.431841835459636e-06, 1.6588634870196017e-06, 1.2758358370473788e-06, 1.2758358707287698e-06, 0.0007003974234618129, 0.0007003882599999999, 0.0007003974234618129, 0.0007003882599999999, 1.270711948553327e-06, 1.2707120049526566e-06, 1.7622041947884526e-06, 1.762204192345962e-06, 1.6588635389780393e-06, 1.6588635389780393e-06, 2.932408458805602e-06, 2.4318417888580246e-06, 1.2758358370473788e-06, 1.3745192719571975e-06, 1.7622041947884526e-06, 1.6588634870196017e-06, 1.270711948553327e-06]","['DALAt2pp', 'ILEabcpp', 'LEUabcpp', 'ORNabcpp', 'PG140abcpp', 'PGPP140', 'THRabcpp', 'VALabcpp']","['EX_ala__D_e', 'ASNS1', 'ASNt2rpp', 'ASNtex', 'DALAtex', 'ILEtex', 'LEUtex', 'NTD10', 'ORNtex', 'PGP140abcpp', 'PGPP140pp', 'THRtex', 'VALtex', 'XTSNt2rpp', 'XTSNtex', 'EX_asn__L_e', 'EX_leu__L_e', 'EX_orn_e', 'EX_ile__L_e', 'EX_val__L_e', 'EX_xtsn_e', 'EX_thr__L_e']",['ALAR'],PG140abcpp,PGPP140pp,0.004490311625098755,1,31,1,-5.0,-8.912659915566337e-06,iPC815,PSL,False,False,0.0,0.0,0.0,0.0
87,"['EX_cytd_e', 'EX_ala__D_e', 'GLCP', 'ARGabcpp', 'ARGtex', 'ALAR', 'ASNS1', 'ASNt2rpp', 'ASNtex', 'ASPT', 'AST', 'CYTDtex', 'DALAt2pp', 'DALAtex', 'GLUabcpp', 'GLUCYS', 'GLUtex', 'GTHRDabc2pp', 'GTHRDtex', 'GTHS', 'ILEtex', 'ILEabcpp', 'LEUabcpp', 'LEUtex', 'NTD10', 'NTD2', 'NTD4', 'ORNabcpp', 'ORNtex', 'NTPP2', 'NTPP4', 'NTPP8', 'PG160abcpp', 'PPA', 'PGP160abcpp', 'PGPP160', 'PGPP160pp', 'SADH', 'SERtex', 'SGDS', 'SGSAD', 'SOTA', 'THRabcpp', 'THRtex', 'TRPt2rpp', 'TRPtex', 'URIt2pp_copy2', 'URItex', 'VALabcpp', 'VALtex', 'XTSNt2rpp', 'XTSNtex', 'EX_arg__L_e', 'EX_asn__L_e', 'EX_leu__L_e', 'EX_trp__L_e', 'EX_glu__L_e', 'EX_gthrd_e', 'EX_orn_e', 'EX_ile__L_e', 'EX_uri_e', 'EX_ser__L_e', 'EX_val__L_e', 'EX_xtsn_e', 'EX_thr__L_e']","[1.4970280517445644e-06, 8.39153127030201e-06, 1.5227366249037644e-06, -3.9895962607033875e-06, -3.98959628000739e-06, 8.988101285467565e-06, 3.454176146888699e-06, -6.025030188538949e-06, -6.025030188538949e-06, 2.341619648404958e-06, -1.5176212202760997e-06, -1.4970280517445644e-06, -8.173997466615589e-06, -8.39153130982595e-06, -3.1938988671043056e-06, 1.037881992928325e-06, -3.1938989195623435e-06, 1.037881992928325e-06, -1.0378820434198133e-06, 1.037881992928325e-06, -3.856281068692624e-06, -3.85628106307212e-06, -6.822651111570988e-06, -6.8226511302782455e-06, 5.356980804421818e-06, 1.910762221474238e-06, 1.4970280517445644e-06, -3.579419858540378e-06, -3.5794198538496858e-06, 3.163361478528137e-06, 1.8980715441804796e-06, 1.0975569176979727e-06, -0.0020204249092512123, -3.1103805913424744e-06, 0.00202035075, -0.0020204249092512123, 0.00202035075, -1.5176212202760997e-06, -7.483661988771928e-06, -1.5176212202760997e-06, -1.5176212202760997e-06, -1.5176212202760997e-06, -3.7574020663733165e-06, -3.7574020552710863e-06, -1.0184537586610531e-06, -1.0184537586610531e-06, -1.6186492075576098e-06, -1.6186492075576098e-06, -4.94453339972632e-06, -4.944533429807052e-06, -5.356980750548246e-06, -5.356980750548246e-06, 3.9895962607033875e-06, 6.025030188941405e-06, 6.822651111570988e-06, 1.0184537166443158e-06, 3.1938988671043056e-06, 1.037881992928325e-06, 3.579419858540378e-06, 3.85628106307212e-06, 1.6186492564880875e-06, 7.483661960350219e-06, 4.94453339972632e-06, 5.356980804421818e-06, 3.7574020663733165e-06]","[1.4970280517445644e-06, 8.39153127030201e-06, 1.5227366249037644e-06, 3.9895962607033875e-06, 3.98959628000739e-06, 8.988101285467565e-06, 3.454176146888699e-06, 6.025030188538949e-06, 6.025030188538949e-06, 2.341619648404958e-06, 1.5176212202760997e-06, 1.4970280517445644e-06, 8.173997466615589e-06, 8.39153130982595e-06, 3.1938988671043056e-06, 1.037881992928325e-06, 3.1938989195623435e-06, 1.037881992928325e-06, 1.0378820434198133e-06, 1.037881992928325e-06, 3.856281068692624e-06, 3.85628106307212e-06, 6.822651111570988e-06, 6.8226511302782455e-06, 5.356980804421818e-06, 1.910762221474238e-06, 1.4970280517445644e-06, 3.579419858540378e-06, 3.5794198538496858e-06, 3.163361478528137e-06, 1.8980715441804796e-06, 1.0975569176979727e-06, 0.0020204249092512123, 3.1103805913424744e-06, 0.00202035075, 0.0020204249092512123, 0.00202035075, 1.5176212202760997e-06, 7.483661988771928e-06, 1.5176212202760997e-06, 1.5176212202760997e-06, 1.5176212202760997e-06, 3.7574020663733165e-06, 3.7574020552710863e-06, 1.0184537586610531e-06, 1.0184537586610531e-06, 1.6186492075576098e-06, 1.6186492075576098e-06, 4.94453339972632e-06, 4.944533429807052e-06, 5.356980750548246e-06, 5.356980750548246e-06, 3.9895962607033875e-06, 6.025030188941405e-06, 6.822651111570988e-06, 1.0184537166443158e-06, 3.1938988671043056e-06, 1.037881992928325e-06, 3.579419858540378e-06, 3.85628106307212e-06, 1.6186492564880875e-06, 7.483661960350219e-06, 4.94453339972632e-06, 5.356980804421818e-06, 3.7574020663733165e-06]","['ARGabcpp', 'AST', 'DALAt2pp', 'GLUabcpp', 'ILEabcpp', 'LEUabcpp', 'ORNabcpp', 'PG160abcpp', 'PPA', 'PGPP160', 'SADH', 'SGDS', 'SGSAD', 'SOTA', 'THRabcpp', 'VALabcpp']","['EX_cytd_e', 'EX_ala__D_e', 'GLCP', 'ARGtex', 'ASNS1', 'ASNt2rpp', 'ASNtex', 'ASPT', 'CYTDtex', 'DALAtex', 'GLUCYS', 'GLUtex', 'GTHRDabc2pp', 'GTHRDtex', 'GTHS', 'ILEtex', 'LEUtex', 'NTD10', 'NTD2', 'NTD4', 'ORNtex', 'NTPP2', 'NTPP4', 'NTPP8', 'PGP160abcpp', 'PGPP160pp', 'SERtex', 'THRtex', 'TRPt2rpp', 'TRPtex', 'URIt2pp_copy2', 'URItex', 'VALtex', 'XTSNt2rpp', 'XTSNtex', 'EX_arg__L_e', 'EX_asn__L_e', 'EX_leu__L_e', 'EX_trp__L_e', 'EX_glu__L_e', 'EX_gthrd_e', 'EX_orn_e', 'EX_ile__L_e', 'EX_uri_e', 'EX_ser__L_e', 'EX_val__L_e', 'EX_xtsn_e', 'EX_thr__L_e']",['ALAR'],PG160abcpp,PGP160abcpp,0.012974145391565862,1,65,1,-5.0,-2.8839658659288257e-05,iPC815,PSL,False,False,0.0,0.0,0.0020699761828682,0.0
88,"['EX_cytd_e', 'EX_ala__D_e', 'GLCP', 'ARGabcpp', 'ARGtex', 'ALAR', 'ASNS1', 'ASNt2rpp', 'ASNtex', 'ASPT', 'AST', 'CYTDtex', 'DALAt2pp', 'DALAtex', 'GLUabcpp', 'GLUCYS', 'GLUtex', 'GTHRDabc2pp', 'GTHRDtex', 'GTHS', 'ILEtex', 'ILEabcpp', 'LEUabcpp', 'LEUtex', 'NTD10', 'NTD2', 'NTD4', 'ORNabcpp', 'ORNtex', 'NTPP2', 'NTPP4', 'NTPP8', 'PG160abcpp', 'PPA', 'PGP160abcpp', 'PGPP160', 'PGPP160pp', 'SADH', 'SERtex', 'SGDS', 'SGSAD', 'SOTA', 'THRabcpp', 'THRtex', 'TRPt2rpp', 'TRPtex', 'URIt2pp_copy2', 'URItex', 'VALabcpp', 'VALtex', 'XTSNt2rpp', 'XTSNtex', 'EX_arg__L_e', 'EX_asn__L_e', 'EX_leu__L_e', 'EX_trp__L_e', 'EX_glu__L_e', 'EX_gthrd_e', 'EX_orn_e', 'EX_ile__L_e', 'EX_uri_e', 'EX_ser__L_e', 'EX_val__L_e', 'EX_xtsn_e', 'EX_thr__L_e']","[1.4970280517445644e-06, 8.39153127030201e-06, 1.5227366249037644e-06, -3.9895962607033875e-06, -3.98959628000739e-06, 8.988101285467565e-06, 3.454176146888699e-06, -6.025030188538949e-06, -6.025030188538949e-06, 2.341619648404958e-06, -1.5176212202760997e-06, -1.4970280517445644e-06, -8.173997466615589e-06, -8.39153130982595e-06, -3.1938988671043056e-06, 1.037881992928325e-06, -3.1938989195623435e-06, 1.037881992928325e-06, -1.0378820434198133e-06, 1.037881992928325e-06, -3.856281068692624e-06, -3.85628106307212e-06, -6.822651111570988e-06, -6.8226511302782455e-06, 5.356980804421818e-06, 1.910762221474238e-06, 1.4970280517445644e-06, -3.579419858540378e-06, -3.5794198538496858e-06, 3.163361478528137e-06, 1.8980715441804796e-06, 1.0975569176979727e-06, -0.0020204249092512123, -3.1103805913424744e-06, 0.00202035075, -0.0020204249092512123, 0.00202035075, -1.5176212202760997e-06, -7.483661988771928e-06, -1.5176212202760997e-06, -1.5176212202760997e-06, -1.5176212202760997e-06, -3.7574020663733165e-06, -3.7574020552710863e-06, -1.0184537586610531e-06, -1.0184537586610531e-06, -1.6186492075576098e-06, -1.6186492075576098e-06, -4.94453339972632e-06, -4.944533429807052e-06, -5.356980750548246e-06, -5.356980750548246e-06, 3.9895962607033875e-06, 6.025030188941405e-06, 6.822651111570988e-06, 1.0184537166443158e-06, 3.1938988671043056e-06, 1.037881992928325e-06, 3.579419858540378e-06, 3.85628106307212e-06, 1.6186492564880875e-06, 7.483661960350219e-06, 4.94453339972632e-06, 5.356980804421818e-06, 3.7574020663733165e-06]","[1.4970280517445644e-06, 8.39153127030201e-06, 1.5227366249037644e-06, 3.9895962607033875e-06, 3.98959628000739e-06, 8.988101285467565e-06, 3.454176146888699e-06, 6.025030188538949e-06, 6.025030188538949e-06, 2.341619648404958e-06, 1.5176212202760997e-06, 1.4970280517445644e-06, 8.173997466615589e-06, 8.39153130982595e-06, 3.1938988671043056e-06, 1.037881992928325e-06, 3.1938989195623435e-06, 1.037881992928325e-06, 1.0378820434198133e-06, 1.037881992928325e-06, 3.856281068692624e-06, 3.85628106307212e-06, 6.822651111570988e-06, 6.8226511302782455e-06, 5.356980804421818e-06, 1.910762221474238e-06, 1.4970280517445644e-06, 3.579419858540378e-06, 3.5794198538496858e-06, 3.163361478528137e-06, 1.8980715441804796e-06, 1.0975569176979727e-06, 0.0020204249092512123, 3.1103805913424744e-06, 0.00202035075, 0.0020204249092512123, 0.00202035075, 1.5176212202760997e-06, 7.483661988771928e-06, 1.5176212202760997e-06, 1.5176212202760997e-06, 1.5176212202760997e-06, 3.7574020663733165e-06, 3.7574020552710863e-06, 1.0184537586610531e-06, 1.0184537586610531e-06, 1.6186492075576098e-06, 1.6186492075576098e-06, 4.94453339972632e-06, 4.944533429807052e-06, 5.356980750548246e-06, 5.356980750548246e-06, 3.9895962607033875e-06, 6.025030188941405e-06, 6.822651111570988e-06, 1.0184537166443158e-06, 3.1938988671043056e-06, 1.037881992928325e-06, 3.579419858540378e-06, 3.85628106307212e-06, 1.6186492564880875e-06, 7.483661960350219e-06, 4.94453339972632e-06, 5.356980804421818e-06, 3.7574020663733165e-06]","['ARGabcpp', 'AST', 'DALAt2pp', 'GLUabcpp', 'ILEabcpp', 'LEUabcpp', 'ORNabcpp', 'PG160abcpp', 'PPA', 'PGPP160', 'SADH', 'SGDS', 'SGSAD', 'SOTA', 'THRabcpp', 'VALabcpp']","['EX_cytd_e', 'EX_ala__D_e', 'GLCP', 'ARGtex', 'ASNS1', 'ASNt2rpp', 'ASNtex', 'ASPT', 'CYTDtex', 'DALAtex', 'GLUCYS', 'GLUtex', 'GTHRDabc2pp', 'GTHRDtex', 'GTHS', 'ILEtex', 'LEUtex', 'NTD10', 'NTD2', 'NTD4', 'ORNtex', 'NTPP2', 'NTPP4', 'NTPP8', 'PGP160abcpp', 'PGPP160pp', 'SERtex', 'THRtex', 'TRPt2rpp', 'TRPtex', 'URIt2pp_copy2', 'URItex', 'VALtex', 'XTSNt2rpp', 'XTSNtex', 'EX_arg__L_e', 'EX_asn__L_e', 'EX_leu__L_e', 'EX_trp__L_e', 'EX_glu__L_e', 'EX_gthrd_e', 'EX_orn_e', 'EX_ile__L_e', 'EX_uri_e', 'EX_ser__L_e', 'EX_val__L_e', 'EX_xtsn_e', 'EX_thr__L_e']",['ALAR'],PG160abcpp,PGPP160pp,0.012974145391565862,1,65,1,-5.0,-2.8839658659288257e-05,iPC815,PSL,False,False,0.0,0.0,0.0020699761828682,0.0
89,"['EX_ala__D_e', 'ARGabcpp', 'ALAR', 'ASNS1', 'ASNt2rpp', 'ASNtex', 'DALAt2pp', 'DALAtex', 'GLUabcpp', 'GLUtex', 'HEX1', 'ILEtex', 'ILEabcpp', 'LEUabcpp', 'LEUtex', 'NTD10', 'NTD2', 'ORNabcpp', 'ORNtex', 'NTPP2', 'NTPP8', 'PG161abcpp', 'PGP161abcpp', 'PGPP161', 'PGPP161pp', 'SERt2rpp', 'SERtex', 'THD2pp', 'THRabcpp', 'THRtex', 'URItex', 'VALabcpp', 'VALtex', 'XTSNt2rpp', 'XTSNtex', 'EX_asn__L_e', 'EX_leu__L_e', 'EX_glu__L_e', 'EX_orn_e', 'EX_ile__L_e', 'EX_uri_e', 'EX_ser__L_e', 'EX_val__L_e', 'EX_xtsn_e', 'EX_thr__L_e']","[4.068928786682413e-06, -1.505821684982811e-06, 4.0689287743589375e-06, 1.3930202792389323e-06, -2.5293484213761985e-06, -2.5293484213761985e-06, -4.068928786682413e-06, -4.0689287743589375e-06, -2.4480101339374727e-06, -2.448010150146729e-06, -1.2824091879222801e-06, -1.7044922060449608e-06, -1.7044921877540364e-06, -3.015640024500721e-06, -3.0156400043779286e-06, 1.723735467626386e-06, 1.0454218652006242e-06, -1.4918021964127615e-06, -1.491802208875015e-06, 1.2167451924928463e-06, 1.115349749822303e-06, -0.0008889687526262039, 0.0008889543299999998, -0.0008889687526262039, 0.0008889543299999998, -4.072761271345371e-06, -4.072503429597418e-06, -1.674161817621922e-06, -1.2475756607233102e-06, -1.2475757102947682e-06, -1.0454218681843486e-06, -2.185246394531548e-06, -2.185246444241784e-06, -1.7237355223187478e-06, -1.7237355223187478e-06, 2.529348404417542e-06, 3.015640024500721e-06, 2.4480101339374727e-06, 1.4918021964127615e-06, 1.7044921877540364e-06, 1.0454218681843486e-06, 4.0725034758447125e-06, 2.185246394531548e-06, 1.723735467626386e-06, 1.2475756607233102e-06]","[4.068928786682413e-06, 1.505821684982811e-06, 4.0689287743589375e-06, 1.3930202792389323e-06, 2.5293484213761985e-06, 2.5293484213761985e-06, 4.068928786682413e-06, 4.0689287743589375e-06, 2.4480101339374727e-06, 2.448010150146729e-06, 1.2824091879222801e-06, 1.7044922060449608e-06, 1.7044921877540364e-06, 3.015640024500721e-06, 3.0156400043779286e-06, 1.723735467626386e-06, 1.0454218652006242e-06, 1.4918021964127615e-06, 1.491802208875015e-06, 1.2167451924928463e-06, 1.115349749822303e-06, 0.0008889687526262039, 0.0008889543299999998, 0.0008889687526262039, 0.0008889543299999998, 4.072761271345371e-06, 4.072503429597418e-06, 1.674161817621922e-06, 1.2475756607233102e-06, 1.2475757102947682e-06, 1.0454218681843486e-06, 2.185246394531548e-06, 2.185246444241784e-06, 1.7237355223187478e-06, 1.7237355223187478e-06, 2.529348404417542e-06, 3.015640024500721e-06, 2.4480101339374727e-06, 1.4918021964127615e-06, 1.7044921877540364e-06, 1.0454218681843486e-06, 4.0725034758447125e-06, 2.185246394531548e-06, 1.723735467626386e-06, 1.2475756607233102e-06]","['ARGabcpp', 'DALAt2pp', 'GLUabcpp', 'HEX1', 'ILEabcpp', 'LEUabcpp', 'ORNabcpp', 'PG161abcpp', 'PGPP161', 'THD2pp', 'THRabcpp', 'VALabcpp']","['EX_ala__D_e', 'ASNS1', 'ASNt2rpp', 'ASNtex', 'DALAtex', 'GLUtex', 'ILEtex', 'LEUtex', 'NTD10', 'NTD2', 'ORNtex', 'NTPP2', 'NTPP8', 'PGP161abcpp', 'PGPP161pp', 'SERtex', 'THRtex', 'URItex', 'VALtex', 'XTSNt2rpp', 'XTSNtex', 'EX_asn__L_e', 'EX_leu__L_e', 'EX_glu__L_e', 'EX_orn_e', 'EX_ile__L_e', 'EX_uri_e', 'EX_ser__L_e', 'EX_val__L_e', 'EX_xtsn_e', 'EX_thr__L_e']","['ALAR', 'SERt2rpp']",PG161abcpp,PGP161abcpp,0.0057015757892337655,1,45,2,-7.0,-1.841557735297937e-05,iPC815,PSL,False,False,0.0,0.0,0.00153121525856,-0.0019849086685038
90,"['EX_ala__D_e', 'ARGabcpp', 'ALAR', 'ASNS1', 'ASNt2rpp', 'ASNtex', 'DALAt2pp', 'DALAtex', 'GLUabcpp', 'GLUtex', 'HEX1', 'ILEtex', 'ILEabcpp', 'LEUabcpp', 'LEUtex', 'NTD10', 'NTD2', 'ORNabcpp', 'ORNtex', 'NTPP2', 'NTPP8', 'PG161abcpp', 'PGP161abcpp', 'PGPP161', 'PGPP161pp', 'SERt2rpp', 'SERtex', 'THD2pp', 'THRabcpp', 'THRtex', 'URItex', 'VALabcpp', 'VALtex', 'XTSNt2rpp', 'XTSNtex', 'EX_asn__L_e', 'EX_leu__L_e', 'EX_glu__L_e', 'EX_orn_e', 'EX_ile__L_e', 'EX_uri_e', 'EX_ser__L_e', 'EX_val__L_e', 'EX_xtsn_e', 'EX_thr__L_e']","[4.068928786682413e-06, -1.505821684982811e-06, 4.0689287743589375e-06, 1.3930202792389323e-06, -2.5293484213761985e-06, -2.5293484213761985e-06, -4.068928786682413e-06, -4.0689287743589375e-06, -2.4480101339374727e-06, -2.448010150146729e-06, -1.2824091879222801e-06, -1.7044922060449608e-06, -1.7044921877540364e-06, -3.015640024500721e-06, -3.0156400043779286e-06, 1.723735467626386e-06, 1.0454218652006242e-06, -1.4918021964127615e-06, -1.491802208875015e-06, 1.2167451924928463e-06, 1.115349749822303e-06, -0.0008889687526262039, 0.0008889543299999998, -0.0008889687526262039, 0.0008889543299999998, -4.072761271345371e-06, -4.072503429597418e-06, -1.674161817621922e-06, -1.2475756607233102e-06, -1.2475757102947682e-06, -1.0454218681843486e-06, -2.185246394531548e-06, -2.185246444241784e-06, -1.7237355223187478e-06, -1.7237355223187478e-06, 2.529348404417542e-06, 3.015640024500721e-06, 2.4480101339374727e-06, 1.4918021964127615e-06, 1.7044921877540364e-06, 1.0454218681843486e-06, 4.0725034758447125e-06, 2.185246394531548e-06, 1.723735467626386e-06, 1.2475756607233102e-06]","[4.068928786682413e-06, 1.505821684982811e-06, 4.0689287743589375e-06, 1.3930202792389323e-06, 2.5293484213761985e-06, 2.5293484213761985e-06, 4.068928786682413e-06, 4.0689287743589375e-06, 2.4480101339374727e-06, 2.448010150146729e-06, 1.2824091879222801e-06, 1.7044922060449608e-06, 1.7044921877540364e-06, 3.015640024500721e-06, 3.0156400043779286e-06, 1.723735467626386e-06, 1.0454218652006242e-06, 1.4918021964127615e-06, 1.491802208875015e-06, 1.2167451924928463e-06, 1.115349749822303e-06, 0.0008889687526262039, 0.0008889543299999998, 0.0008889687526262039, 0.0008889543299999998, 4.072761271345371e-06, 4.072503429597418e-06, 1.674161817621922e-06, 1.2475756607233102e-06, 1.2475757102947682e-06, 1.0454218681843486e-06, 2.185246394531548e-06, 2.185246444241784e-06, 1.7237355223187478e-06, 1.7237355223187478e-06, 2.529348404417542e-06, 3.015640024500721e-06, 2.4480101339374727e-06, 1.4918021964127615e-06, 1.7044921877540364e-06, 1.0454218681843486e-06, 4.0725034758447125e-06, 2.185246394531548e-06, 1.723735467626386e-06, 1.2475756607233102e-06]","['ARGabcpp', 'DALAt2pp', 'GLUabcpp', 'HEX1', 'ILEabcpp', 'LEUabcpp', 'ORNabcpp', 'PG161abcpp', 'PGPP161', 'THD2pp', 'THRabcpp', 'VALabcpp']","['EX_ala__D_e', 'ASNS1', 'ASNt2rpp', 'ASNtex', 'DALAtex', 'GLUtex', 'ILEtex', 'LEUtex', 'NTD10', 'NTD2', 'ORNtex', 'NTPP2', 'NTPP8', 'PGP161abcpp', 'PGPP161pp', 'SERtex', 'THRtex', 'URItex', 'VALtex', 'XTSNt2rpp', 'XTSNtex', 'EX_asn__L_e', 'EX_leu__L_e', 'EX_glu__L_e', 'EX_orn_e', 'EX_ile__L_e', 'EX_uri_e', 'EX_ser__L_e', 'EX_val__L_e', 'EX_xtsn_e', 'EX_thr__L_e']","['ALAR', 'SERt2rpp']",PG161abcpp,PGPP161pp,0.0057015757892337655,1,45,2,-7.0,-1.841557735297937e-05,iPC815,PSL,False,False,0.0,0.0,0.00153121525856,0.0021266878591112
91,"['EX_cytd_e', 'EX_ala__D_e', 'ALAR', 'ASNS1', 'ASNt2rpp', 'ASNtex', 'CYTDt2pp_copy1', 'CYTDtex', 'DALAt2pp', 'DALAtex', 'ILEtex', 'ILEabcpp', 'LEUabcpp', 'LEUtex', 'NTD10', 'ORNabcpp', 'ORNtex', 'NTPP2', 'PG181abcpp', 'PGP181abcpp', 'SERtex', 'PGPP181', 'PGPP181pp', 'THRabcpp', 'THRtex', 'VALabcpp', 'VALtex', 'XTSNt2rpp', 'XTSNtex', 'EX_asn__L_e', 'EX_leu__L_e', 'EX_orn_e', 'EX_ile__L_e', 'EX_ser__L_e', 'EX_val__L_e', 'EX_xtsn_e', 'EX_thr__L_e']","[1.039924136032416e-06, 2.5520212947882648e-06, 2.8077943170501385e-06, 1.729158987939794e-06, -2.5872363949019928e-06, -2.5872363949019928e-06, -1.039924136032416e-06, -1.039924086398969e-06, -2.2962482135666096e-06, -2.5520213284835336e-06, -1.287116106141184e-06, -1.2871161506611273e-06, -1.9882042442131986e-06, -1.9882041897290037e-06, 1.985914837174252e-06, -2.175509163232503e-06, -2.1755091665909276e-06, 1.130976619675983e-06, -0.0006572954967266861, 0.0006572874439999998, -2.9680220450245542e-06, -0.0006572954967266861, 0.0006572874439999998, -2.1283780684278053e-06, -2.1283780142766773e-06, -1.6501489110698486e-06, -1.6501488744324888e-06, -1.9859148778778035e-06, -1.9859148778778035e-06, 2.587236421713879e-06, 1.9882042442131986e-06, 2.175509163232503e-06, 1.2871161506611273e-06, 2.9680219881811354e-06, 1.6501489110698486e-06, 1.985914837174252e-06, 2.1283780684278053e-06]","[1.039924136032416e-06, 2.5520212947882648e-06, 2.8077943170501385e-06, 1.729158987939794e-06, 2.5872363949019928e-06, 2.5872363949019928e-06, 1.039924136032416e-06, 1.039924086398969e-06, 2.2962482135666096e-06, 2.5520213284835336e-06, 1.287116106141184e-06, 1.2871161506611273e-06, 1.9882042442131986e-06, 1.9882041897290037e-06, 1.985914837174252e-06, 2.175509163232503e-06, 2.1755091665909276e-06, 1.130976619675983e-06, 0.0006572954967266861, 0.0006572874439999998, 2.9680220450245542e-06, 0.0006572954967266861, 0.0006572874439999998, 2.1283780684278053e-06, 2.1283780142766773e-06, 1.6501489110698486e-06, 1.6501488744324888e-06, 1.9859148778778035e-06, 1.9859148778778035e-06, 2.587236421713879e-06, 1.9882042442131986e-06, 2.175509163232503e-06, 1.2871161506611273e-06, 2.9680219881811354e-06, 1.6501489110698486e-06, 1.985914837174252e-06, 2.1283780684278053e-06]","['CYTDt2pp_copy1', 'DALAt2pp', 'ILEabcpp', 'LEUabcpp', 'ORNabcpp', 'PG181abcpp', 'PGPP181', 'THRabcpp', 'VALabcpp']","['EX_cytd_e', 'EX_ala__D_e', 'ASNS1', 'ASNt2rpp', 'ASNtex', 'CYTDtex', 'DALAtex', 'ILEtex', 'LEUtex', 'NTD10', 'ORNtex', 'NTPP2', 'PGP181abcpp', 'SERtex', 'PGPP181pp', 'THRtex', 'VALtex', 'XTSNt2rpp', 'XTSNtex', 'EX_asn__L_e', 'EX_leu__L_e', 'EX_orn_e', 'EX_ile__L_e', 'EX_ser__L_e', 'EX_val__L_e', 'EX_xtsn_e', 'EX_thr__L_e']",['ALAR'],PG181abcpp,PGP181abcpp,0.00421342084509705,1,37,1,-5.0,-9.500940719878284e-06,iPC815,PSL,False,False,0.0,0.0,0.0,0.0
92,"['EX_cytd_e', 'EX_ala__D_e', 'ALAR', 'ASNS1', 'ASNt2rpp', 'ASNtex', 'CYTDt2pp_copy1', 'CYTDtex', 'DALAt2pp', 'DALAtex', 'ILEtex', 'ILEabcpp', 'LEUabcpp', 'LEUtex', 'NTD10', 'ORNabcpp', 'ORNtex', 'NTPP2', 'PG181abcpp', 'PGP181abcpp', 'SERtex', 'PGPP181', 'PGPP181pp', 'THRabcpp', 'THRtex', 'VALabcpp', 'VALtex', 'XTSNt2rpp', 'XTSNtex', 'EX_asn__L_e', 'EX_leu__L_e', 'EX_orn_e', 'EX_ile__L_e', 'EX_ser__L_e', 'EX_val__L_e', 'EX_xtsn_e', 'EX_thr__L_e']","[1.039924136032416e-06, 2.5520212947882648e-06, 2.8077943170501385e-06, 1.729158987939794e-06, -2.5872363949019928e-06, -2.5872363949019928e-06, -1.039924136032416e-06, -1.039924086398969e-06, -2.2962482135666096e-06, -2.5520213284835336e-06, -1.287116106141184e-06, -1.2871161506611273e-06, -1.9882042442131986e-06, -1.9882041897290037e-06, 1.985914837174252e-06, -2.175509163232503e-06, -2.1755091665909276e-06, 1.130976619675983e-06, -0.0006572954967266861, 0.0006572874439999998, -2.9680220450245542e-06, -0.0006572954967266861, 0.0006572874439999998, -2.1283780684278053e-06, -2.1283780142766773e-06, -1.6501489110698486e-06, -1.6501488744324888e-06, -1.9859148778778035e-06, -1.9859148778778035e-06, 2.587236421713879e-06, 1.9882042442131986e-06, 2.175509163232503e-06, 1.2871161506611273e-06, 2.9680219881811354e-06, 1.6501489110698486e-06, 1.985914837174252e-06, 2.1283780684278053e-06]","[1.039924136032416e-06, 2.5520212947882648e-06, 2.8077943170501385e-06, 1.729158987939794e-06, 2.5872363949019928e-06, 2.5872363949019928e-06, 1.039924136032416e-06, 1.039924086398969e-06, 2.2962482135666096e-06, 2.5520213284835336e-06, 1.287116106141184e-06, 1.2871161506611273e-06, 1.9882042442131986e-06, 1.9882041897290037e-06, 1.985914837174252e-06, 2.175509163232503e-06, 2.1755091665909276e-06, 1.130976619675983e-06, 0.0006572954967266861, 0.0006572874439999998, 2.9680220450245542e-06, 0.0006572954967266861, 0.0006572874439999998, 2.1283780684278053e-06, 2.1283780142766773e-06, 1.6501489110698486e-06, 1.6501488744324888e-06, 1.9859148778778035e-06, 1.9859148778778035e-06, 2.587236421713879e-06, 1.9882042442131986e-06, 2.175509163232503e-06, 1.2871161506611273e-06, 2.9680219881811354e-06, 1.6501489110698486e-06, 1.985914837174252e-06, 2.1283780684278053e-06]","['CYTDt2pp_copy1', 'DALAt2pp', 'ILEabcpp', 'LEUabcpp', 'ORNabcpp', 'PG181abcpp', 'PGPP181', 'THRabcpp', 'VALabcpp']","['EX_cytd_e', 'EX_ala__D_e', 'ASNS1', 'ASNt2rpp', 'ASNtex', 'CYTDtex', 'DALAtex', 'ILEtex', 'LEUtex', 'NTD10', 'ORNtex', 'NTPP2', 'PGP181abcpp', 'SERtex', 'PGPP181pp', 'THRtex', 'VALtex', 'XTSNt2rpp', 'XTSNtex', 'EX_asn__L_e', 'EX_leu__L_e', 'EX_orn_e', 'EX_ile__L_e', 'EX_ser__L_e', 'EX_val__L_e', 'EX_xtsn_e', 'EX_thr__L_e']",['ALAR'],PG181abcpp,PGPP181pp,0.00421342084509705,1,37,1,-5.0,-9.500940719878284e-06,iPC815,PSL,False,False,0.0,0.0,0.0,0.0
93,"['ACSERtex', 'ACSERtpp', 'ADPT', 'ASP1DC', 'CDPMEK', 'DPR', 'DXPRIi', 'DXPS', 'FUMt2_2pp', 'FUMtex', 'MACPD', 'MECDPDH2', 'MECDPS', 'MEPCT', 'MOHMT', 'NAt3_1p5pp', 'NTPP4', 'NTPP6', 'PANTS', 'OAADC', 'PDH', 'PNTOt4pp', 'PGCD', 'PNTOtex', 'PSERT', 'PSP_L', 'SERAT', 'VALt2rpp', 'VALtex', 'EX_acser_e', 'EX_fum_e', 'EX_pnto__R_e', 'EX_val__L_e', 'SUCCt3pp']","[3.846110416816373e-06, -3.846110438184697e-06, -1.7720211182709056e-06, 1.589342589936038e-05, -1.13399789617397e-06, 1.589342589936038e-05, -1.13399789617397e-06, -1.13399789617397e-06, 4.398077380507459e-06, 4.39807740804099e-06, 5.47466766992466e-06, -1.13399789617397e-06, -1.13399789617397e-06, -1.13399789617397e-06, 1.589342589936038e-05, -7.946712950068768e-06, 1.1339978982505272e-06, -1.5568052948567498e-05, 1.589342589936038e-05, -1.0432125513616686e-05, -1.2052107631888346e-05, -1.5893425900137537e-05, 1.204872764684843e-06, -1.589342593888432e-05, 1.204872764684843e-06, 1.204872764684843e-06, -3.846110416816373e-06, 1.56730284288642e-05, 1.589342593888432e-05, -3.846110438184697e-06, -4.398077380507459e-06, 1.589342593888432e-05, -1.589342589936038e-05, -1.699952702161056e-06]","[3.846110416816373e-06, 3.846110438184697e-06, 1.7720211182709056e-06, 1.589342589936038e-05, 1.13399789617397e-06, 1.589342589936038e-05, 1.13399789617397e-06, 1.13399789617397e-06, 4.398077380507459e-06, 4.39807740804099e-06, 5.47466766992466e-06, 1.13399789617397e-06, 1.13399789617397e-06, 1.13399789617397e-06, 1.589342589936038e-05, 7.946712950068768e-06, 1.1339978982505272e-06, 1.5568052948567498e-05, 1.589342589936038e-05, 1.0432125513616686e-05, 1.2052107631888346e-05, 1.5893425900137537e-05, 1.204872764684843e-06, 1.589342593888432e-05, 1.204872764684843e-06, 1.204872764684843e-06, 3.846110416816373e-06, 1.56730284288642e-05, 1.589342593888432e-05, 3.846110438184697e-06, 4.398077380507459e-06, 1.589342593888432e-05, 1.589342589936038e-05, 1.699952702161056e-06]","['ASP1DC', 'DPR', 'FUMt2_2pp', 'MACPD', 'MOHMT', 'NTPP4', 'PANTS', 'PGCD', 'PSERT', 'PSP_L']","['ACSERtex', 'ACSERtpp', 'ADPT', 'CDPMEK', 'DXPRIi', 'DXPS', 'FUMtex', 'MECDPDH2', 'MECDPS', 'MEPCT', 'NAt3_1p5pp', 'NTPP6', 'OAADC', 'PDH', 'PNTOt4pp', 'PNTOtex', 'SERAT', 'VALtex', 'EX_acser_e', 'EX_fum_e', 'EX_pnto__R_e', 'EX_val__L_e', 'SUCCt3pp']",['VALt2rpp'],PNTOt4pp,ASP1DC,0.0003534927290779157,1,34,1,-4.0,1.4007486317976357e-05,iPC815,PSL,False,False,0.0,0.0,1.60016463612283,1.22155083253638
94,"['ACSERtex', 'ACSERtpp', 'ARGt3pp', 'ARGtex', 'ASP1DC', 'AST', 'CS', 'CDPMEK', 'DPR', 'DXPRIi', 'DXPS', 'IPDPS', 'FUMt2_3pp', 'FUMtex', 'MACPD', 'MECDPDH2', 'MECDPS', 'MEPCT', 'MOHMT', 'NAt3_1p5pp', 'NTPP4', 'NTPP6', 'PANTS', 'PDH', 'PNTOt4pp', 'PNTOtex', 'SADH', 'SERAT', 'SGDS', 'SGSAD', 'SOTA', 'SUCCt2_3pp', 'VALabcpp', 'VALt2rpp', 'VALtex', 'EX_acser_e', 'EX_arg__L_e', 'EX_fum_e', 'EX_pnto__R_e', 'EX_val__L_e']","[3.860360152430076e-06, -3.860360115126582e-06, 1.2169455735067114e-06, -1.216945520354784e-06, 1.589341718945856e-05, -1.1276261416748225e-06, -2.3101894210758454e-06, -1.329656752849212e-06, 1.589341718945856e-05, -1.329656752849212e-06, -1.329656752849212e-06, -1.1634496587430604e-06, 3.2371472368053315e-06, 3.23714721162105e-06, 4.500786520644784e-06, -1.329656752849212e-06, -1.329656752849212e-06, -1.329656752849212e-06, 1.589341718945856e-05, -7.946712949985502e-06, 1.3083508891538823e-06, -1.3403315585627882e-05, 1.589341718945856e-05, -1.1326539093303722e-05, -1.5893425899971003e-05, -1.589342593888432e-05, -1.1276261416748225e-06, -3.860360152430076e-06, -1.1276261416748225e-06, -1.1276261416748225e-06, -1.1276261416748225e-06, 2.43075864294175e-06, 9.041290663265589e-06, 6.676440307273879e-06, 1.571773100295104e-05, -3.860360115126582e-06, 1.2169455735067114e-06, -3.2371472368053315e-06, 1.589342593888432e-05, -1.5717731034370352e-05]","[3.860360152430076e-06, 3.860360115126582e-06, 1.2169455735067114e-06, 1.216945520354784e-06, 1.589341718945856e-05, 1.1276261416748225e-06, 2.3101894210758454e-06, 1.329656752849212e-06, 1.589341718945856e-05, 1.329656752849212e-06, 1.329656752849212e-06, 1.1634496587430604e-06, 3.2371472368053315e-06, 3.23714721162105e-06, 4.500786520644784e-06, 1.329656752849212e-06, 1.329656752849212e-06, 1.329656752849212e-06, 1.589341718945856e-05, 7.946712949985502e-06, 1.3083508891538823e-06, 1.3403315585627882e-05, 1.589341718945856e-05, 1.1326539093303722e-05, 1.5893425899971003e-05, 1.589342593888432e-05, 1.1276261416748225e-06, 3.860360152430076e-06, 1.1276261416748225e-06, 1.1276261416748225e-06, 1.1276261416748225e-06, 2.43075864294175e-06, 9.041290663265589e-06, 6.676440307273879e-06, 1.571773100295104e-05, 3.860360115126582e-06, 1.2169455735067114e-06, 3.2371472368053315e-06, 1.589342593888432e-05, 1.5717731034370352e-05]","['ARGt3pp', 'ARGtex', 'ASP1DC', 'DPR', 'FUMt2_3pp', 'MACPD', 'MOHMT', 'NTPP4', 'PANTS', 'SUCCt2_3pp', 'VALabcpp', 'EX_arg__L_e']","['ACSERtex', 'ACSERtpp', 'AST', 'CS', 'CDPMEK', 'DXPRIi', 'DXPS', 'IPDPS', 'FUMtex', 'MECDPDH2', 'MECDPS', 'MEPCT', 'NAt3_1p5pp', 'NTPP6', 'PDH', 'PNTOt4pp', 'PNTOtex', 'SADH', 'SERAT', 'SGDS', 'SGSAD', 'SOTA', 'VALtex', 'EX_acser_e', 'EX_fum_e', 'EX_pnto__R_e', 'EX_val__L_e']",['VALt2rpp'],PNTOt4pp,DPR,0.000354289779576339,1,40,1,-8.0,1.860496452354493e-05,iPC815,PSL,False,False,0.0,0.0,1.60016463612283,0.0
95,"['ACSERtex', 'ACSERtpp', 'ARGt3pp', 'ARGtex', 'ASP1DC', 'AST', 'CS', 'CDPMEK', 'DPR', 'DXPRIi', 'DXPS', 'IPDPS', 'FUMt2_3pp', 'FUMtex', 'MACPD', 'MECDPDH2', 'MECDPS', 'MEPCT', 'MOHMT', 'NAt3_1p5pp', 'NTPP4', 'NTPP6', 'PANTS', 'PDH', 'PNTOt4pp', 'PNTOtex', 'SADH', 'SERAT', 'SGDS', 'SGSAD', 'SOTA', 'SUCCt2_3pp', 'VALabcpp', 'VALt2rpp', 'VALtex', 'EX_acser_e', 'EX_arg__L_e', 'EX_fum_e', 'EX_pnto__R_e', 'EX_val__L_e']","[3.860360152430076e-06, -3.860360115126582e-06, 1.2169455735067114e-06, -1.216945520354784e-06, 1.589341718945856e-05, -1.1276261416748225e-06, -2.3101894210758454e-06, -1.329656752849212e-06, 1.589341718945856e-05, -1.329656752849212e-06, -1.329656752849212e-06, -1.1634496587430604e-06, 3.2371472368053315e-06, 3.23714721162105e-06, 4.500786520644784e-06, -1.329656752849212e-06, -1.329656752849212e-06, -1.329656752849212e-06, 1.589341718945856e-05, -7.946712949985502e-06, 1.3083508891538823e-06, -1.3403315585627882e-05, 1.589341718945856e-05, -1.1326539093303722e-05, -1.5893425899971003e-05, -1.589342593888432e-05, -1.1276261416748225e-06, -3.860360152430076e-06, -1.1276261416748225e-06, -1.1276261416748225e-06, -1.1276261416748225e-06, 2.43075864294175e-06, 9.041290663265589e-06, 6.676440307273879e-06, 1.571773100295104e-05, -3.860360115126582e-06, 1.2169455735067114e-06, -3.2371472368053315e-06, 1.589342593888432e-05, -1.5717731034370352e-05]","[3.860360152430076e-06, 3.860360115126582e-06, 1.2169455735067114e-06, 1.216945520354784e-06, 1.589341718945856e-05, 1.1276261416748225e-06, 2.3101894210758454e-06, 1.329656752849212e-06, 1.589341718945856e-05, 1.329656752849212e-06, 1.329656752849212e-06, 1.1634496587430604e-06, 3.2371472368053315e-06, 3.23714721162105e-06, 4.500786520644784e-06, 1.329656752849212e-06, 1.329656752849212e-06, 1.329656752849212e-06, 1.589341718945856e-05, 7.946712949985502e-06, 1.3083508891538823e-06, 1.3403315585627882e-05, 1.589341718945856e-05, 1.1326539093303722e-05, 1.5893425899971003e-05, 1.589342593888432e-05, 1.1276261416748225e-06, 3.860360152430076e-06, 1.1276261416748225e-06, 1.1276261416748225e-06, 1.1276261416748225e-06, 2.43075864294175e-06, 9.041290663265589e-06, 6.676440307273879e-06, 1.571773100295104e-05, 3.860360115126582e-06, 1.2169455735067114e-06, 3.2371472368053315e-06, 1.589342593888432e-05, 1.5717731034370352e-05]","['ARGt3pp', 'ARGtex', 'ASP1DC', 'DPR', 'FUMt2_3pp', 'MACPD', 'MOHMT', 'NTPP4', 'PANTS', 'SUCCt2_3pp', 'VALabcpp', 'EX_arg__L_e']","['ACSERtex', 'ACSERtpp', 'AST', 'CS', 'CDPMEK', 'DXPRIi', 'DXPS', 'IPDPS', 'FUMtex', 'MECDPDH2', 'MECDPS', 'MEPCT', 'NAt3_1p5pp', 'NTPP6', 'PDH', 'PNTOt4pp', 'PNTOtex', 'SADH', 'SERAT', 'SGDS', 'SGSAD', 'SOTA', 'VALtex', 'EX_acser_e', 'EX_fum_e', 'EX_pnto__R_e', 'EX_val__L_e']",['VALt2rpp'],PNTOt4pp,MOHMT,0.000354289779576339,1,40,1,-8.0,1.860496452354493e-05,iPC815,PSL,False,False,0.0,0.0,1.60016463612283,0.0
96,"['ACSERtex', 'ACSERtpp', 'ARGt3pp', 'ARGtex', 'ASP1DC', 'AST', 'CS', 'CDPMEK', 'DPR', 'DXPRIi', 'DXPS', 'IPDPS', 'FUMt2_3pp', 'FUMtex', 'MACPD', 'MECDPDH2', 'MECDPS', 'MEPCT', 'MOHMT', 'NAt3_1p5pp', 'NTPP4', 'NTPP6', 'PANTS', 'PDH', 'PNTOt4pp', 'PNTOtex', 'SADH', 'SERAT', 'SGDS', 'SGSAD', 'SOTA', 'SUCCt2_3pp', 'VALabcpp', 'VALt2rpp', 'VALtex', 'EX_acser_e', 'EX_arg__L_e', 'EX_fum_e', 'EX_pnto__R_e', 'EX_val__L_e']","[3.860360152430076e-06, -3.860360115126582e-06, 1.2169455735067114e-06, -1.216945520354784e-06, 1.589341718945856e-05, -1.1276261416748225e-06, -2.3101894210758454e-06, -1.329656752849212e-06, 1.589341718945856e-05, -1.329656752849212e-06, -1.329656752849212e-06, -1.1634496587430604e-06, 3.2371472368053315e-06, 3.23714721162105e-06, 4.500786520644784e-06, -1.329656752849212e-06, -1.329656752849212e-06, -1.329656752849212e-06, 1.589341718945856e-05, -7.946712949985502e-06, 1.3083508891538823e-06, -1.3403315585627882e-05, 1.589341718945856e-05, -1.1326539093303722e-05, -1.5893425899971003e-05, -1.589342593888432e-05, -1.1276261416748225e-06, -3.860360152430076e-06, -1.1276261416748225e-06, -1.1276261416748225e-06, -1.1276261416748225e-06, 2.43075864294175e-06, 9.041290663265589e-06, 6.676440307273879e-06, 1.571773100295104e-05, -3.860360115126582e-06, 1.2169455735067114e-06, -3.2371472368053315e-06, 1.589342593888432e-05, -1.5717731034370352e-05]","[3.860360152430076e-06, 3.860360115126582e-06, 1.2169455735067114e-06, 1.216945520354784e-06, 1.589341718945856e-05, 1.1276261416748225e-06, 2.3101894210758454e-06, 1.329656752849212e-06, 1.589341718945856e-05, 1.329656752849212e-06, 1.329656752849212e-06, 1.1634496587430604e-06, 3.2371472368053315e-06, 3.23714721162105e-06, 4.500786520644784e-06, 1.329656752849212e-06, 1.329656752849212e-06, 1.329656752849212e-06, 1.589341718945856e-05, 7.946712949985502e-06, 1.3083508891538823e-06, 1.3403315585627882e-05, 1.589341718945856e-05, 1.1326539093303722e-05, 1.5893425899971003e-05, 1.589342593888432e-05, 1.1276261416748225e-06, 3.860360152430076e-06, 1.1276261416748225e-06, 1.1276261416748225e-06, 1.1276261416748225e-06, 2.43075864294175e-06, 9.041290663265589e-06, 6.676440307273879e-06, 1.571773100295104e-05, 3.860360115126582e-06, 1.2169455735067114e-06, 3.2371472368053315e-06, 1.589342593888432e-05, 1.5717731034370352e-05]","['ARGt3pp', 'ARGtex', 'ASP1DC', 'DPR', 'FUMt2_3pp', 'MACPD', 'MOHMT', 'NTPP4', 'PANTS', 'SUCCt2_3pp', 'VALabcpp', 'EX_arg__L_e']","['ACSERtex', 'ACSERtpp', 'AST', 'CS', 'CDPMEK', 'DXPRIi', 'DXPS', 'IPDPS', 'FUMtex', 'MECDPDH2', 'MECDPS', 'MEPCT', 'NAt3_1p5pp', 'NTPP6', 'PDH', 'PNTOt4pp', 'PNTOtex', 'SADH', 'SERAT', 'SGDS', 'SGSAD', 'SOTA', 'VALtex', 'EX_acser_e', 'EX_fum_e', 'EX_pnto__R_e', 'EX_val__L_e']",['VALt2rpp'],PNTOt4pp,PANTS,0.000354289779576339,1,40,1,-8.0,1.860496452354493e-05,iPC815,PSL,False,False,0.0,0.0,1.60016463612283,0.0
97,"['ACSERtex', 'ACSERtpp', 'ARGabcpp', 'ARGtex', 'ASP1DC', 'AST', 'DPR', 'GLUTRR', 'GLUTRS', 'FUMt2_2pp', 'FUMtex', 'G1SAT', 'MOHMT', 'NAt3_1p5pp', 'NTPP6', 'PANTS', 'OAADC', 'PDH', 'PNTOt4pp', 'PNTOtex', 'PPBNGS', 'SADH', 'SERAT', 'SGDS', 'SGSAD', 'SOTA', 'SUCCtex', 'VALabcpp', 'VALt2rpp', 'VALtex', 'EX_acser_e', 'EX_arg__L_e', 'EX_fum_e', 'EX_pnto__R_e', 'EX_val__L_e', 'EX_succ_e', 'SUCCt3pp']","[3.2853490665729623e-06, -3.285349071235899e-06, -2.3591649955630215e-06, -2.359165023335663e-06, 1.589342589980447e-05, -2.3591649955630215e-06, 1.589342589980447e-05, -2.3591649971173337e-06, -2.3591649971173337e-06, 3.267781394811209e-06, 3.267781380600354e-06, -2.359165023335663e-06, 1.589342589980447e-05, -7.946712950013257e-06, -1.3859447080682985e-05, 1.589342589980447e-05, -1.0166346804548584e-05, -4.968550895410674e-06, -1.5893425900026514e-05, -1.589342593888432e-05, -1.1795824985586669e-06, -2.3591649955630215e-06, -3.2853490665729623e-06, -2.3591649955630215e-06, -2.3591649955630215e-06, -2.3591649955630215e-06, 1.4744781537956442e-06, 4.7229581071641085e-06, 1.6092817077151267e-05, 2.0815775201299402e-05, -3.285349071235899e-06, 2.3591649955630215e-06, -3.267781394811209e-06, 1.589342593888432e-05, -2.0815775148452786e-05, -1.4744781537956442e-06, -1.2520710779284627e-06]","[3.2853490665729623e-06, 3.285349071235899e-06, 2.3591649955630215e-06, 2.359165023335663e-06, 1.589342589980447e-05, 2.3591649955630215e-06, 1.589342589980447e-05, 2.3591649971173337e-06, 2.3591649971173337e-06, 3.267781394811209e-06, 3.267781380600354e-06, 2.359165023335663e-06, 1.589342589980447e-05, 7.946712950013257e-06, 1.3859447080682985e-05, 1.589342589980447e-05, 1.0166346804548584e-05, 4.968550895410674e-06, 1.5893425900026514e-05, 1.589342593888432e-05, 1.1795824985586669e-06, 2.3591649955630215e-06, 3.2853490665729623e-06, 2.3591649955630215e-06, 2.3591649955630215e-06, 2.3591649955630215e-06, 1.4744781537956442e-06, 4.7229581071641085e-06, 1.6092817077151267e-05, 2.0815775201299402e-05, 3.285349071235899e-06, 2.3591649955630215e-06, 3.267781394811209e-06, 1.589342593888432e-05, 2.0815775148452786e-05, 1.4744781537956442e-06, 1.2520710779284627e-06]","['ARGtex', 'ASP1DC', 'DPR', 'FUMt2_2pp', 'MOHMT', 'PANTS', 'VALabcpp', 'EX_arg__L_e']","['ACSERtex', 'ACSERtpp', 'ARGabcpp', 'AST', 'FUMtex', 'NAt3_1p5pp', 'NTPP6', 'OAADC', 'PDH', 'PNTOt4pp', 'PNTOtex', 'SADH', 'SERAT', 'SGDS', 'SGSAD', 'SOTA', 'SUCCtex', 'VALtex', 'EX_acser_e', 'EX_fum_e', 'EX_pnto__R_e', 'EX_val__L_e', 'EX_succ_e', 'SUCCt3pp']","['GLUTRR', 'GLUTRS', 'G1SAT', 'PPBNGS', 'VALt2rpp']",PNTOtex,ASP1DC,0.0003551519204967216,1,37,5,-11.0,4.587939848618177e-06,iPC815,PSL,False,False,0.0,0.0,0.0,1.22155083253638
98,"['ACSERtex', 'ACSERtpp', 'ARGt3pp', 'ARGtex', 'ASP1DC', 'AST', 'CS', 'CDPMEK', 'DPR', 'DXPRIi', 'DXPS', 'IPDPS', 'FUMt2_3pp', 'FUMtex', 'MACPD', 'MECDPDH2', 'MECDPS', 'MEPCT', 'MOHMT', 'NAt3_1p5pp', 'NTPP4', 'NTPP6', 'PANTS', 'PDH', 'PNTOt4pp', 'PNTOtex', 'SADH', 'SERAT', 'SGDS', 'SGSAD', 'SOTA', 'SUCCt2_3pp', 'VALabcpp', 'VALt2rpp', 'VALtex', 'EX_acser_e', 'EX_arg__L_e', 'EX_fum_e', 'EX_pnto__R_e', 'EX_val__L_e']","[3.860360152430076e-06, -3.860360115126582e-06, 1.2169455735067114e-06, -1.216945520354784e-06, 1.589341718945856e-05, -1.1276261416748225e-06, -2.3101894210758454e-06, -1.329656752849212e-06, 1.589341718945856e-05, -1.329656752849212e-06, -1.329656752849212e-06, -1.1634496587430604e-06, 3.2371472368053315e-06, 3.23714721162105e-06, 4.500786520644784e-06, -1.329656752849212e-06, -1.329656752849212e-06, -1.329656752849212e-06, 1.589341718945856e-05, -7.946712949985502e-06, 1.3083508891538823e-06, -1.3403315585627882e-05, 1.589341718945856e-05, -1.1326539093303722e-05, -1.5893425899971003e-05, -1.589342593888432e-05, -1.1276261416748225e-06, -3.860360152430076e-06, -1.1276261416748225e-06, -1.1276261416748225e-06, -1.1276261416748225e-06, 2.43075864294175e-06, 9.041290663265589e-06, 6.676440307273879e-06, 1.571773100295104e-05, -3.860360115126582e-06, 1.2169455735067114e-06, -3.2371472368053315e-06, 1.589342593888432e-05, -1.5717731034370352e-05]","[3.860360152430076e-06, 3.860360115126582e-06, 1.2169455735067114e-06, 1.216945520354784e-06, 1.589341718945856e-05, 1.1276261416748225e-06, 2.3101894210758454e-06, 1.329656752849212e-06, 1.589341718945856e-05, 1.329656752849212e-06, 1.329656752849212e-06, 1.1634496587430604e-06, 3.2371472368053315e-06, 3.23714721162105e-06, 4.500786520644784e-06, 1.329656752849212e-06, 1.329656752849212e-06, 1.329656752849212e-06, 1.589341718945856e-05, 7.946712949985502e-06, 1.3083508891538823e-06, 1.3403315585627882e-05, 1.589341718945856e-05, 1.1326539093303722e-05, 1.5893425899971003e-05, 1.589342593888432e-05, 1.1276261416748225e-06, 3.860360152430076e-06, 1.1276261416748225e-06, 1.1276261416748225e-06, 1.1276261416748225e-06, 2.43075864294175e-06, 9.041290663265589e-06, 6.676440307273879e-06, 1.571773100295104e-05, 3.860360115126582e-06, 1.2169455735067114e-06, 3.2371472368053315e-06, 1.589342593888432e-05, 1.5717731034370352e-05]","['ARGt3pp', 'ARGtex', 'ASP1DC', 'DPR', 'FUMt2_3pp', 'MACPD', 'MOHMT', 'NTPP4', 'PANTS', 'SUCCt2_3pp', 'VALabcpp', 'EX_arg__L_e']","['ACSERtex', 'ACSERtpp', 'AST', 'CS', 'CDPMEK', 'DXPRIi', 'DXPS', 'IPDPS', 'FUMtex', 'MECDPDH2', 'MECDPS', 'MEPCT', 'NAt3_1p5pp', 'NTPP6', 'PDH', 'PNTOt4pp', 'PNTOtex', 'SADH', 'SERAT', 'SGDS', 'SGSAD', 'SOTA', 'VALtex', 'EX_acser_e', 'EX_fum_e', 'EX_pnto__R_e', 'EX_val__L_e']",['VALt2rpp'],PNTOtex,DPR,0.000354289779576339,1,40,1,-8.0,1.860496452354493e-05,iPC815,PSL,False,False,0.0,0.0,0.0,0.0
99,"['ACSERtex', 'ACSERtpp', 'ARGt3pp', 'ARGtex', 'ASP1DC', 'AST', 'CS', 'CDPMEK', 'DPR', 'DXPRIi', 'DXPS', 'IPDPS', 'FUMt2_3pp', 'FUMtex', 'MACPD', 'MECDPDH2', 'MECDPS', 'MEPCT', 'MOHMT', 'NAt3_1p5pp', 'NTPP4', 'NTPP6', 'PANTS', 'PDH', 'PNTOt4pp', 'PNTOtex', 'SADH', 'SERAT', 'SGDS', 'SGSAD', 'SOTA', 'SUCCt2_3pp', 'VALabcpp', 'VALt2rpp', 'VALtex', 'EX_acser_e', 'EX_arg__L_e', 'EX_fum_e', 'EX_pnto__R_e', 'EX_val__L_e']","[3.860360152430076e-06, -3.860360115126582e-06, 1.2169455735067114e-06, -1.216945520354784e-06, 1.589341718945856e-05, -1.1276261416748225e-06, -2.3101894210758454e-06, -1.329656752849212e-06, 1.589341718945856e-05, -1.329656752849212e-06, -1.329656752849212e-06, -1.1634496587430604e-06, 3.2371472368053315e-06, 3.23714721162105e-06, 4.500786520644784e-06, -1.329656752849212e-06, -1.329656752849212e-06, -1.329656752849212e-06, 1.589341718945856e-05, -7.946712949985502e-06, 1.3083508891538823e-06, -1.3403315585627882e-05, 1.589341718945856e-05, -1.1326539093303722e-05, -1.5893425899971003e-05, -1.589342593888432e-05, -1.1276261416748225e-06, -3.860360152430076e-06, -1.1276261416748225e-06, -1.1276261416748225e-06, -1.1276261416748225e-06, 2.43075864294175e-06, 9.041290663265589e-06, 6.676440307273879e-06, 1.571773100295104e-05, -3.860360115126582e-06, 1.2169455735067114e-06, -3.2371472368053315e-06, 1.589342593888432e-05, -1.5717731034370352e-05]","[3.860360152430076e-06, 3.860360115126582e-06, 1.2169455735067114e-06, 1.216945520354784e-06, 1.589341718945856e-05, 1.1276261416748225e-06, 2.3101894210758454e-06, 1.329656752849212e-06, 1.589341718945856e-05, 1.329656752849212e-06, 1.329656752849212e-06, 1.1634496587430604e-06, 3.2371472368053315e-06, 3.23714721162105e-06, 4.500786520644784e-06, 1.329656752849212e-06, 1.329656752849212e-06, 1.329656752849212e-06, 1.589341718945856e-05, 7.946712949985502e-06, 1.3083508891538823e-06, 1.3403315585627882e-05, 1.589341718945856e-05, 1.1326539093303722e-05, 1.5893425899971003e-05, 1.589342593888432e-05, 1.1276261416748225e-06, 3.860360152430076e-06, 1.1276261416748225e-06, 1.1276261416748225e-06, 1.1276261416748225e-06, 2.43075864294175e-06, 9.041290663265589e-06, 6.676440307273879e-06, 1.571773100295104e-05, 3.860360115126582e-06, 1.2169455735067114e-06, 3.2371472368053315e-06, 1.589342593888432e-05, 1.5717731034370352e-05]","['ARGt3pp', 'ARGtex', 'ASP1DC', 'DPR', 'FUMt2_3pp', 'MACPD', 'MOHMT', 'NTPP4', 'PANTS', 'SUCCt2_3pp', 'VALabcpp', 'EX_arg__L_e']","['ACSERtex', 'ACSERtpp', 'AST', 'CS', 'CDPMEK', 'DXPRIi', 'DXPS', 'IPDPS', 'FUMtex', 'MECDPDH2', 'MECDPS', 'MEPCT', 'NAt3_1p5pp', 'NTPP6', 'PDH', 'PNTOt4pp', 'PNTOtex', 'SADH', 'SERAT', 'SGDS', 'SGSAD', 'SOTA', 'VALtex', 'EX_acser_e', 'EX_fum_e', 'EX_pnto__R_e', 'EX_val__L_e']",['VALt2rpp'],PNTOtex,MOHMT,0.000354289779576339,1,40,1,-8.0,1.860496452354493e-05,iPC815,PSL,False,False,0.0,0.0,0.0,0.0
100,"['ACSERtex', 'ACSERtpp', 'ARGt3pp', 'ARGtex', 'ASP1DC', 'AST', 'CS', 'CDPMEK', 'DPR', 'DXPRIi', 'DXPS', 'IPDPS', 'FUMt2_3pp', 'FUMtex', 'MACPD', 'MECDPDH2', 'MECDPS', 'MEPCT', 'MOHMT', 'NAt3_1p5pp', 'NTPP4', 'NTPP6', 'PANTS', 'PDH', 'PNTOt4pp', 'PNTOtex', 'SADH', 'SERAT', 'SGDS', 'SGSAD', 'SOTA', 'SUCCt2_3pp', 'VALabcpp', 'VALt2rpp', 'VALtex', 'EX_acser_e', 'EX_arg__L_e', 'EX_fum_e', 'EX_pnto__R_e', 'EX_val__L_e']","[3.860360152430076e-06, -3.860360115126582e-06, 1.2169455735067114e-06, -1.216945520354784e-06, 1.589341718945856e-05, -1.1276261416748225e-06, -2.3101894210758454e-06, -1.329656752849212e-06, 1.589341718945856e-05, -1.329656752849212e-06, -1.329656752849212e-06, -1.1634496587430604e-06, 3.2371472368053315e-06, 3.23714721162105e-06, 4.500786520644784e-06, -1.329656752849212e-06, -1.329656752849212e-06, -1.329656752849212e-06, 1.589341718945856e-05, -7.946712949985502e-06, 1.3083508891538823e-06, -1.3403315585627882e-05, 1.589341718945856e-05, -1.1326539093303722e-05, -1.5893425899971003e-05, -1.589342593888432e-05, -1.1276261416748225e-06, -3.860360152430076e-06, -1.1276261416748225e-06, -1.1276261416748225e-06, -1.1276261416748225e-06, 2.43075864294175e-06, 9.041290663265589e-06, 6.676440307273879e-06, 1.571773100295104e-05, -3.860360115126582e-06, 1.2169455735067114e-06, -3.2371472368053315e-06, 1.589342593888432e-05, -1.5717731034370352e-05]","[3.860360152430076e-06, 3.860360115126582e-06, 1.2169455735067114e-06, 1.216945520354784e-06, 1.589341718945856e-05, 1.1276261416748225e-06, 2.3101894210758454e-06, 1.329656752849212e-06, 1.589341718945856e-05, 1.329656752849212e-06, 1.329656752849212e-06, 1.1634496587430604e-06, 3.2371472368053315e-06, 3.23714721162105e-06, 4.500786520644784e-06, 1.329656752849212e-06, 1.329656752849212e-06, 1.329656752849212e-06, 1.589341718945856e-05, 7.946712949985502e-06, 1.3083508891538823e-06, 1.3403315585627882e-05, 1.589341718945856e-05, 1.1326539093303722e-05, 1.5893425899971003e-05, 1.589342593888432e-05, 1.1276261416748225e-06, 3.860360152430076e-06, 1.1276261416748225e-06, 1.1276261416748225e-06, 1.1276261416748225e-06, 2.43075864294175e-06, 9.041290663265589e-06, 6.676440307273879e-06, 1.571773100295104e-05, 3.860360115126582e-06, 1.2169455735067114e-06, 3.2371472368053315e-06, 1.589342593888432e-05, 1.5717731034370352e-05]","['ARGt3pp', 'ARGtex', 'ASP1DC', 'DPR', 'FUMt2_3pp', 'MACPD', 'MOHMT', 'NTPP4', 'PANTS', 'SUCCt2_3pp', 'VALabcpp', 'EX_arg__L_e']","['ACSERtex', 'ACSERtpp', 'AST', 'CS', 'CDPMEK', 'DXPRIi', 'DXPS', 'IPDPS', 'FUMtex', 'MECDPDH2', 'MECDPS', 'MEPCT', 'NAt3_1p5pp', 'NTPP6', 'PDH', 'PNTOt4pp', 'PNTOtex', 'SADH', 'SERAT', 'SGDS', 'SGSAD', 'SOTA', 'VALtex', 'EX_acser_e', 'EX_fum_e', 'EX_pnto__R_e', 'EX_val__L_e']",['VALt2rpp'],PNTOtex,PANTS,0.000354289779576339,1,40,1,-8.0,1.860496452354493e-05,iPC815,PSL,False,False,0.0,0.0,0.0,0.0
101,"['NI2uabcpp', 'NI2abcpp', 'PPA', 'PPK']","[-0.39979872441269415, -0.39979872441269415, 0.7995974488926052, 0.7995974488950424]","[0.39979872441269415, 0.39979872441269415, 0.7995974488926052, 0.7995974488950424]",['PPA'],"['NI2uabcpp', 'NI2abcpp', 'PPK']",[],PPK,PPA,2.3987923466908203,1,4,0,-0.0,-0.7995974489622593,iPC815,PSL,True,False,-1000.0,0.0,0.0,0.0
102,"['EX_ala__D_e', 'ARGabcpp', 'ARGtex', 'ALAR', 'ASNt2rpp', 'ASNtex', 'ASPT', 'DALAt2pp', 'DALAtex', 'GLUabcpp', 'GLUtex', 'ILEtex', 'ILEabcpp', 'LEUabcpp', 'LEUtex', 'NTD10', 'ORNabcpp', 'ORNtex', 'NTPP2', 'NTPP4', 'PG140abcpp', 'PPA', 'PGP140abcpp', 'PGPP140', 'PGPP140pp', 'SERt2rpp', 'SERtex', 'THRabcpp', 'THRtex', 'VALabcpp', 'VALtex', 'XTSNt2rpp', 'XTSNtex', 'EX_arg__L_e', 'EX_asn__L_e', 'EX_leu__L_e', 'EX_glu__L_e', 'EX_orn_e', 'EX_ile__L_e', 'EX_ser__L_e', 'EX_val__L_e', 'EX_xtsn_e', 'EX_thr__L_e']","[3.2092103310343845e-06, -1.281767744013007e-06, -1.2817677088605706e-06, 3.2092102628666908e-06, -1.8875811065299786e-06, -1.8875811065299786e-06, 1.3236513327630206e-06, -3.2092103310343845e-06, -3.2092103765535285e-06, -1.3825056892624588e-06, -1.3825057294525323e-06, -1.3443523130263202e-06, -1.3443523406153624e-06, -2.3784695256934274e-06, -2.3784695031281444e-06, 1.9654347977043907e-06, -1.247834736664566e-06, -1.247834688911098e-06, 1.0472504733231858e-06, 1.0665784991193555e-06, -0.0007003972223489373, -1.0382124461484274e-06, 0.0007003882599999999, -0.0007003972223489373, 0.0007003882599999999, -1.3616925116366474e-06, -1.3616925116366474e-06, -1.309881767774801e-06, -1.3098817817080999e-06, -1.723732018199722e-06, -1.7237319980267785e-06, -1.965434762496443e-06, -1.965434762496443e-06, 1.281767744013007e-06, 1.8875810988694397e-06, 2.3784695256934274e-06, 1.3825056892624588e-06, 1.247834736664566e-06, 1.3443523406153624e-06, 1.3616925323336332e-06, 1.723732018199722e-06, 1.9654347977043907e-06, 1.309881767774801e-06]","[3.2092103310343845e-06, 1.281767744013007e-06, 1.2817677088605706e-06, 3.2092102628666908e-06, 1.8875811065299786e-06, 1.8875811065299786e-06, 1.3236513327630206e-06, 3.2092103310343845e-06, 3.2092103765535285e-06, 1.3825056892624588e-06, 1.3825057294525323e-06, 1.3443523130263202e-06, 1.3443523406153624e-06, 2.3784695256934274e-06, 2.3784695031281444e-06, 1.9654347977043907e-06, 1.247834736664566e-06, 1.247834688911098e-06, 1.0472504733231858e-06, 1.0665784991193555e-06, 0.0007003972223489373, 1.0382124461484274e-06, 0.0007003882599999999, 0.0007003972223489373, 0.0007003882599999999, 1.3616925116366474e-06, 1.3616925116366474e-06, 1.309881767774801e-06, 1.3098817817080999e-06, 1.723732018199722e-06, 1.7237319980267785e-06, 1.965434762496443e-06, 1.965434762496443e-06, 1.281767744013007e-06, 1.8875810988694397e-06, 2.3784695256934274e-06, 1.3825056892624588e-06, 1.247834736664566e-06, 1.3443523406153624e-06, 1.3616925323336332e-06, 1.723732018199722e-06, 1.9654347977043907e-06, 1.309881767774801e-06]","['ARGabcpp', 'DALAt2pp', 'GLUabcpp', 'ILEabcpp', 'LEUabcpp', 'ORNabcpp', 'PG140abcpp', 'PPA', 'PGPP140', 'THRabcpp', 'VALabcpp']","['EX_ala__D_e', 'ARGtex', 'ASNt2rpp', 'ASNtex', 'ASPT', 'DALAtex', 'GLUtex', 'ILEtex', 'LEUtex', 'NTD10', 'ORNtex', 'NTPP2', 'NTPP4', 'PGP140abcpp', 'PGPP140pp', 'SERt2rpp', 'SERtex', 'THRtex', 'VALtex', 'XTSNt2rpp', 'XTSNtex', 'EX_arg__L_e', 'EX_asn__L_e', 'EX_leu__L_e', 'EX_glu__L_e', 'EX_orn_e', 'EX_ile__L_e', 'EX_ser__L_e', 'EX_val__L_e', 'EX_xtsn_e', 'EX_thr__L_e']",['ALAR'],PGPP140,PGP140abcpp,0.004494490856972954,1,43,1,-7.0,-1.1536474210332432e-05,iPC815,PSL,False,False,0.0,0.0,0.0,0.0020699761828682
103,"['EX_ala__D_e', 'ARGabcpp', 'ARGtex', 'ALAR', 'ASNt2rpp', 'ASNtex', 'ASPT', 'DALAt2pp', 'DALAtex', 'GLUabcpp', 'GLUtex', 'ILEtex', 'ILEabcpp', 'LEUabcpp', 'LEUtex', 'NTD10', 'ORNabcpp', 'ORNtex', 'NTPP2', 'NTPP4', 'PG140abcpp', 'PPA', 'PGP140abcpp', 'PGPP140', 'PGPP140pp', 'SERt2rpp', 'SERtex', 'THRabcpp', 'THRtex', 'VALabcpp', 'VALtex', 'XTSNt2rpp', 'XTSNtex', 'EX_arg__L_e', 'EX_asn__L_e', 'EX_leu__L_e', 'EX_glu__L_e', 'EX_orn_e', 'EX_ile__L_e', 'EX_ser__L_e', 'EX_val__L_e', 'EX_xtsn_e', 'EX_thr__L_e']","[3.2092103310343845e-06, -1.281767744013007e-06, -1.2817677088605706e-06, 3.2092102628666908e-06, -1.8875811065299786e-06, -1.8875811065299786e-06, 1.3236513327630206e-06, -3.2092103310343845e-06, -3.2092103765535285e-06, -1.3825056892624588e-06, -1.3825057294525323e-06, -1.3443523130263202e-06, -1.3443523406153624e-06, -2.3784695256934274e-06, -2.3784695031281444e-06, 1.9654347977043907e-06, -1.247834736664566e-06, -1.247834688911098e-06, 1.0472504733231858e-06, 1.0665784991193555e-06, -0.0007003972223489373, -1.0382124461484274e-06, 0.0007003882599999999, -0.0007003972223489373, 0.0007003882599999999, -1.3616925116366474e-06, -1.3616925116366474e-06, -1.309881767774801e-06, -1.3098817817080999e-06, -1.723732018199722e-06, -1.7237319980267785e-06, -1.965434762496443e-06, -1.965434762496443e-06, 1.281767744013007e-06, 1.8875810988694397e-06, 2.3784695256934274e-06, 1.3825056892624588e-06, 1.247834736664566e-06, 1.3443523406153624e-06, 1.3616925323336332e-06, 1.723732018199722e-06, 1.9654347977043907e-06, 1.309881767774801e-06]","[3.2092103310343845e-06, 1.281767744013007e-06, 1.2817677088605706e-06, 3.2092102628666908e-06, 1.8875811065299786e-06, 1.8875811065299786e-06, 1.3236513327630206e-06, 3.2092103310343845e-06, 3.2092103765535285e-06, 1.3825056892624588e-06, 1.3825057294525323e-06, 1.3443523130263202e-06, 1.3443523406153624e-06, 2.3784695256934274e-06, 2.3784695031281444e-06, 1.9654347977043907e-06, 1.247834736664566e-06, 1.247834688911098e-06, 1.0472504733231858e-06, 1.0665784991193555e-06, 0.0007003972223489373, 1.0382124461484274e-06, 0.0007003882599999999, 0.0007003972223489373, 0.0007003882599999999, 1.3616925116366474e-06, 1.3616925116366474e-06, 1.309881767774801e-06, 1.3098817817080999e-06, 1.723732018199722e-06, 1.7237319980267785e-06, 1.965434762496443e-06, 1.965434762496443e-06, 1.281767744013007e-06, 1.8875810988694397e-06, 2.3784695256934274e-06, 1.3825056892624588e-06, 1.247834736664566e-06, 1.3443523406153624e-06, 1.3616925323336332e-06, 1.723732018199722e-06, 1.9654347977043907e-06, 1.309881767774801e-06]","['ARGabcpp', 'DALAt2pp', 'GLUabcpp', 'ILEabcpp', 'LEUabcpp', 'ORNabcpp', 'PG140abcpp', 'PPA', 'PGPP140', 'THRabcpp', 'VALabcpp']","['EX_ala__D_e', 'ARGtex', 'ASNt2rpp', 'ASNtex', 'ASPT', 'DALAtex', 'GLUtex', 'ILEtex', 'LEUtex', 'NTD10', 'ORNtex', 'NTPP2', 'NTPP4', 'PGP140abcpp', 'PGPP140pp', 'SERt2rpp', 'SERtex', 'THRtex', 'VALtex', 'XTSNt2rpp', 'XTSNtex', 'EX_arg__L_e', 'EX_asn__L_e', 'EX_leu__L_e', 'EX_glu__L_e', 'EX_orn_e', 'EX_ile__L_e', 'EX_ser__L_e', 'EX_val__L_e', 'EX_xtsn_e', 'EX_thr__L_e']",['ALAR'],PGPP140,PGPP140pp,0.004494490856972954,1,43,1,-7.0,-1.1536474210332432e-05,iPC815,PSL,False,False,0.0,0.0,0.0,0.0
104,"['FLDR', 'NDPK8', 'RNTR1c', 'RNDR1', 'TRDR']","[-0.006653688470946571, 0.006653688470009911, -0.006653688469999999, 0.006653688469063338, 0.0066536884674149544]","[0.006653688470946571, 0.006653688470009911, 0.006653688469999999, 0.006653688469063338, 0.0066536884674149544]",['RNTR1c'],['NDPK8'],"['FLDR', 'RNDR1', 'TRDR']",RNTR1c,NDPK8,0.03326844234910489,1,5,3,1.0,0.0066536884655416335,iPC815,PSL,False,True,0.0,-29.298948057959,0.0,0.0
105,"['EX_cytd_e', 'EX_ala__D_e', 'GLCP', 'ARGabcpp', 'ARGtex', 'ALAR', 'ASNS1', 'ASNt2rpp', 'ASNtex', 'ASPT', 'AST', 'CYTDt2pp_copy2', 'CYTDtex', 'DALAt2pp', 'DALAtex', 'GLUabcpp', 'GLUtex', 'ILEtex', 'ILEabcpp', 'LEUabcpp', 'LEUtex', 'NTD10', 'NTD2', 'NTD4', 'ORNabcpp', 'ORNtex', 'NTPP2', 'NTPP4', 'PG160abcpp', 'PPA', 'PGP160abcpp', 'PGPP160', 'PGPP160pp', 'SADH', 'SERtex', 'SGDS', 'SGSAD', 'SOTA', 'THRabcpp', 'THRtex', 'TRPt2rpp', 'TRPtex', 'URItex', 'VALabcpp', 'VALtex', 'XTSNt2rpp', 'XTSNtex', 'BIOMASS_25C', 'EX_arg__L_e', 'EX_asn__L_e', 'EX_leu__L_e', 'EX_trp__L_e', 'EX_glu__L_e', 'EX_orn_e', 'EX_ile__L_e', 'EX_uri_e', 'EX_ser__L_e', 'EX_val__L_e', 'EX_xtsn_e', 'EX_thr__L_e']","[1.2337097065337824e-06, 8.035091390830183e-06, 1.5078673382476482e-06, -4.838137159721145e-06, -4.8381372153016855e-06, 8.642825036986324e-06, 2.963490575009467e-06, -5.5092406228141044e-06, -5.5092406228141044e-06, 2.139719208926749e-06, -2.39030057165579e-06, -1.2337096677583759e-06, -1.2337096677583759e-06, -7.562173043778833e-06, -8.03509135494096e-06, -2.8346166439097153e-06, -2.834616680047475e-06, -3.818625032181444e-06, -3.818625077367521e-06, -6.756028983034845e-06, -6.756028938070813e-06, 5.158246942943423e-06, 1.851543595207672e-06, 1.2337097065337824e-06, -3.544467379509345e-06, -3.5444674040263635e-06, 2.7260086881142342e-06, 1.4731960306171854e-06, -0.0020204036232703017, -4.419131348773735e-06, 0.00202035075, -0.0020204036232703017, 0.00202035075, -2.39030057165579e-06, -7.31220484340156e-06, -2.39030057165579e-06, -2.39030057165579e-06, -2.39030057165579e-06, -3.720711613849589e-06, -3.720711561072676e-06, -1.0085086614708416e-06, -1.0085086614708416e-06, -1.8515436295274412e-06, -4.896250865441639e-06, -4.896250857200357e-06, -5.158246949577006e-06, -5.158246949577006e-06, -9.79134635223576e-06, 4.838137159721145e-06, 5.509240626590765e-06, 6.756028983034845e-06, 1.008508674195871e-06, 2.8346166439097153e-06, 3.544467379509345e-06, 3.818625077367521e-06, 1.8515436295274412e-06, 7.31220484340156e-06, 4.896250865441639e-06, 5.158246942943423e-06, 3.720711613849589e-06]","[1.2337097065337824e-06, 8.035091390830183e-06, 1.5078673382476482e-06, 4.838137159721145e-06, 4.8381372153016855e-06, 8.642825036986324e-06, 2.963490575009467e-06, 5.5092406228141044e-06, 5.5092406228141044e-06, 2.139719208926749e-06, 2.39030057165579e-06, 1.2337096677583759e-06, 1.2337096677583759e-06, 7.562173043778833e-06, 8.03509135494096e-06, 2.8346166439097153e-06, 2.834616680047475e-06, 3.818625032181444e-06, 3.818625077367521e-06, 6.756028983034845e-06, 6.756028938070813e-06, 5.158246942943423e-06, 1.851543595207672e-06, 1.2337097065337824e-06, 3.544467379509345e-06, 3.5444674040263635e-06, 2.7260086881142342e-06, 1.4731960306171854e-06, 0.0020204036232703017, 4.419131348773735e-06, 0.00202035075, 0.0020204036232703017, 0.00202035075, 2.39030057165579e-06, 7.31220484340156e-06, 2.39030057165579e-06, 2.39030057165579e-06, 2.39030057165579e-06, 3.720711613849589e-06, 3.720711561072676e-06, 1.0085086614708416e-06, 1.0085086614708416e-06, 1.8515436295274412e-06, 4.896250865441639e-06, 4.896250857200357e-06, 5.158246949577006e-06, 5.158246949577006e-06, 9.79134635223576e-06, 4.838137159721145e-06, 5.509240626590765e-06, 6.756028983034845e-06, 1.008508674195871e-06, 2.8346166439097153e-06, 3.544467379509345e-06, 3.818625077367521e-06, 1.8515436295274412e-06, 7.31220484340156e-06, 4.896250865441639e-06, 5.158246942943423e-06, 3.720711613849589e-06]","['ARGabcpp', 'AST', 'DALAt2pp', 'GLUabcpp', 'ILEabcpp', 'LEUabcpp', 'ORNabcpp', 'PG160abcpp', 'PPA', 'PGPP160', 'SADH', 'SGDS', 'SGSAD', 'SOTA', 'THRabcpp', 'VALabcpp', 'BIOMASS_25C']","['EX_cytd_e', 'EX_ala__D_e', 'GLCP', 'ARGtex', 'ASNS1', 'ASNt2rpp', 'ASNtex', 'ASPT', 'CYTDt2pp_copy2', 'CYTDtex', 'DALAtex', 'GLUtex', 'ILEtex', 'LEUtex', 'NTD10', 'NTD2', 'NTD4', 'ORNtex', 'NTPP2', 'NTPP4', 'PGP160abcpp', 'PGPP160pp', 'SERtex', 'THRtex', 'TRPt2rpp', 'TRPtex', 'URItex', 'VALtex', 'XTSNt2rpp', 'XTSNtex', 'EX_arg__L_e', 'EX_asn__L_e', 'EX_leu__L_e', 'EX_trp__L_e', 'EX_glu__L_e', 'EX_orn_e', 'EX_ile__L_e', 'EX_uri_e', 'EX_ser__L_e', 'EX_val__L_e', 'EX_xtsn_e', 'EX_thr__L_e']",['ALAR'],PGPP160,PGP160abcpp,0.012971102116119446,1,60,1,-10.0,-4.9451836526073344e-05,iPC815,PSL,False,False,0.0,0.0,0.0007372517911585,0.0
106,"['EX_cytd_e', 'EX_ala__D_e', 'GLCP', 'ARGabcpp', 'ARGtex', 'ALAR', 'ASNS1', 'ASNt2rpp', 'ASNtex', 'ASPT', 'AST', 'CYTDt2pp_copy2', 'CYTDtex', 'DALAt2pp', 'DALAtex', 'GLUabcpp', 'GLUtex', 'ILEtex', 'ILEabcpp', 'LEUabcpp', 'LEUtex', 'NTD10', 'NTD2', 'NTD4', 'ORNabcpp', 'ORNtex', 'NTPP2', 'NTPP4', 'PG160abcpp', 'PPA', 'PGP160abcpp', 'PGPP160', 'PGPP160pp', 'SADH', 'SERtex', 'SGDS', 'SGSAD', 'SOTA', 'THRabcpp', 'THRtex', 'TRPt2rpp', 'TRPtex', 'URItex', 'VALabcpp', 'VALtex', 'XTSNt2rpp', 'XTSNtex', 'BIOMASS_25C', 'EX_arg__L_e', 'EX_asn__L_e', 'EX_leu__L_e', 'EX_trp__L_e', 'EX_glu__L_e', 'EX_orn_e', 'EX_ile__L_e', 'EX_uri_e', 'EX_ser__L_e', 'EX_val__L_e', 'EX_xtsn_e', 'EX_thr__L_e']","[1.2337097065337824e-06, 8.035091390830183e-06, 1.5078673382476482e-06, -4.838137159721145e-06, -4.8381372153016855e-06, 8.642825036986324e-06, 2.963490575009467e-06, -5.5092406228141044e-06, -5.5092406228141044e-06, 2.139719208926749e-06, -2.39030057165579e-06, -1.2337096677583759e-06, -1.2337096677583759e-06, -7.562173043778833e-06, -8.03509135494096e-06, -2.8346166439097153e-06, -2.834616680047475e-06, -3.818625032181444e-06, -3.818625077367521e-06, -6.756028983034845e-06, -6.756028938070813e-06, 5.158246942943423e-06, 1.851543595207672e-06, 1.2337097065337824e-06, -3.544467379509345e-06, -3.5444674040263635e-06, 2.7260086881142342e-06, 1.4731960306171854e-06, -0.0020204036232703017, -4.419131348773735e-06, 0.00202035075, -0.0020204036232703017, 0.00202035075, -2.39030057165579e-06, -7.31220484340156e-06, -2.39030057165579e-06, -2.39030057165579e-06, -2.39030057165579e-06, -3.720711613849589e-06, -3.720711561072676e-06, -1.0085086614708416e-06, -1.0085086614708416e-06, -1.8515436295274412e-06, -4.896250865441639e-06, -4.896250857200357e-06, -5.158246949577006e-06, -5.158246949577006e-06, -9.79134635223576e-06, 4.838137159721145e-06, 5.509240626590765e-06, 6.756028983034845e-06, 1.008508674195871e-06, 2.8346166439097153e-06, 3.544467379509345e-06, 3.818625077367521e-06, 1.8515436295274412e-06, 7.31220484340156e-06, 4.896250865441639e-06, 5.158246942943423e-06, 3.720711613849589e-06]","[1.2337097065337824e-06, 8.035091390830183e-06, 1.5078673382476482e-06, 4.838137159721145e-06, 4.8381372153016855e-06, 8.642825036986324e-06, 2.963490575009467e-06, 5.5092406228141044e-06, 5.5092406228141044e-06, 2.139719208926749e-06, 2.39030057165579e-06, 1.2337096677583759e-06, 1.2337096677583759e-06, 7.562173043778833e-06, 8.03509135494096e-06, 2.8346166439097153e-06, 2.834616680047475e-06, 3.818625032181444e-06, 3.818625077367521e-06, 6.756028983034845e-06, 6.756028938070813e-06, 5.158246942943423e-06, 1.851543595207672e-06, 1.2337097065337824e-06, 3.544467379509345e-06, 3.5444674040263635e-06, 2.7260086881142342e-06, 1.4731960306171854e-06, 0.0020204036232703017, 4.419131348773735e-06, 0.00202035075, 0.0020204036232703017, 0.00202035075, 2.39030057165579e-06, 7.31220484340156e-06, 2.39030057165579e-06, 2.39030057165579e-06, 2.39030057165579e-06, 3.720711613849589e-06, 3.720711561072676e-06, 1.0085086614708416e-06, 1.0085086614708416e-06, 1.8515436295274412e-06, 4.896250865441639e-06, 4.896250857200357e-06, 5.158246949577006e-06, 5.158246949577006e-06, 9.79134635223576e-06, 4.838137159721145e-06, 5.509240626590765e-06, 6.756028983034845e-06, 1.008508674195871e-06, 2.8346166439097153e-06, 3.544467379509345e-06, 3.818625077367521e-06, 1.8515436295274412e-06, 7.31220484340156e-06, 4.896250865441639e-06, 5.158246942943423e-06, 3.720711613849589e-06]","['ARGabcpp', 'AST', 'DALAt2pp', 'GLUabcpp', 'ILEabcpp', 'LEUabcpp', 'ORNabcpp', 'PG160abcpp', 'PPA', 'PGPP160', 'SADH', 'SGDS', 'SGSAD', 'SOTA', 'THRabcpp', 'VALabcpp', 'BIOMASS_25C']","['EX_cytd_e', 'EX_ala__D_e', 'GLCP', 'ARGtex', 'ASNS1', 'ASNt2rpp', 'ASNtex', 'ASPT', 'CYTDt2pp_copy2', 'CYTDtex', 'DALAtex', 'GLUtex', 'ILEtex', 'LEUtex', 'NTD10', 'NTD2', 'NTD4', 'ORNtex', 'NTPP2', 'NTPP4', 'PGP160abcpp', 'PGPP160pp', 'SERtex', 'THRtex', 'TRPt2rpp', 'TRPtex', 'URItex', 'VALtex', 'XTSNt2rpp', 'XTSNtex', 'EX_arg__L_e', 'EX_asn__L_e', 'EX_leu__L_e', 'EX_trp__L_e', 'EX_glu__L_e', 'EX_orn_e', 'EX_ile__L_e', 'EX_uri_e', 'EX_ser__L_e', 'EX_val__L_e', 'EX_xtsn_e', 'EX_thr__L_e']",['ALAR'],PGPP160,PGPP160pp,0.012971102116119446,1,60,1,-10.0,-4.9451836526073344e-05,iPC815,PSL,False,False,0.0,0.0,0.0007372517911585,0.0
107,"['EX_ala__D_e', 'ARGabcpp', 'ARGtex', 'ALAR', 'ASNS1', 'ASNt2rpp', 'ASNtex', 'DALAt2pp', 'DALAtex', 'GLUabcpp', 'GLUtex', 'ILEtex', 'ILEabcpp', 'LEUabcpp', 'LEUtex', 'NTD10', 'ORNabcpp', 'ORNtex', 'NTPP2', 'PG161abcpp', 'PGP161abcpp', 'PGPP161', 'PGPP161pp', 'SERt2rpp', 'SERtex', 'THRabcpp', 'THRtex', 'VALabcpp', 'VALtex', 'XTSNt2rpp', 'XTSNtex', 'EX_arg__L_e', 'EX_asn__L_e', 'EX_leu__L_e', 'EX_glu__L_e', 'EX_orn_e', 'EX_ile__L_e', 'EX_ser__L_e', 'EX_val__L_e', 'EX_xtsn_e', 'EX_thr__L_e']","[4.165600839933781e-06, -1.1107211619898472e-06, -1.1107212003480527e-06, 4.165600898886623e-06, 2.1139715925544422e-06, -3.2772973099781666e-06, -3.2772973099781666e-06, -4.165600839933781e-06, -4.165600785199786e-06, -1.2526798213283348e-06, -1.2526797945611179e-06, -1.7449884808229399e-06, -1.7449885366116469e-06, -3.0872874109411086e-06, -3.0872873821863323e-06, 1.7958676551965702e-06, -1.619707308345153e-06, -1.6197072909562849e-06, 1.1578048627614024e-06, -0.0008889690952876174, 0.0008889543299999998, -0.0008889690952876174, 0.0008889543299999998, -1.4698310906169354e-06, -1.5099842585186707e-06, -1.7002452407932633e-06, -1.7002452068481944e-06, -2.277581899051695e-06, -2.277581870657741e-06, -1.7958676608031965e-06, -1.7958676608031965e-06, 1.1107211619898472e-06, 3.2772972836381253e-06, 3.0872874109411086e-06, 1.2526798213283348e-06, 1.619707308345153e-06, 1.7449885366116469e-06, 1.5099842623420012e-06, 2.277581899051695e-06, 1.7958676551965702e-06, 1.7002452407932633e-06]","[4.165600839933781e-06, 1.1107211619898472e-06, 1.1107212003480527e-06, 4.165600898886623e-06, 2.1139715925544422e-06, 3.2772973099781666e-06, 3.2772973099781666e-06, 4.165600839933781e-06, 4.165600785199786e-06, 1.2526798213283348e-06, 1.2526797945611179e-06, 1.7449884808229399e-06, 1.7449885366116469e-06, 3.0872874109411086e-06, 3.0872873821863323e-06, 1.7958676551965702e-06, 1.619707308345153e-06, 1.6197072909562849e-06, 1.1578048627614024e-06, 0.0008889690952876174, 0.0008889543299999998, 0.0008889690952876174, 0.0008889543299999998, 1.4698310906169354e-06, 1.5099842585186707e-06, 1.7002452407932633e-06, 1.7002452068481944e-06, 2.277581899051695e-06, 2.277581870657741e-06, 1.7958676608031965e-06, 1.7958676608031965e-06, 1.1107211619898472e-06, 3.2772972836381253e-06, 3.0872874109411086e-06, 1.2526798213283348e-06, 1.619707308345153e-06, 1.7449885366116469e-06, 1.5099842623420012e-06, 2.277581899051695e-06, 1.7958676551965702e-06, 1.7002452407932633e-06]","['ARGabcpp', 'DALAt2pp', 'GLUabcpp', 'ILEabcpp', 'LEUabcpp', 'ORNabcpp', 'PG161abcpp', 'PGPP161', 'THRabcpp', 'VALabcpp']","['EX_ala__D_e', 'ARGtex', 'ASNS1', 'ASNt2rpp', 'ASNtex', 'DALAtex', 'GLUtex', 'ILEtex', 'LEUtex', 'NTD10', 'ORNtex', 'NTPP2', 'PGP161abcpp', 'PGPP161pp', 'SERtex', 'THRtex', 'VALtex', 'XTSNt2rpp', 'XTSNtex', 'EX_arg__L_e', 'EX_asn__L_e', 'EX_leu__L_e', 'EX_glu__L_e', 'EX_orn_e', 'EX_ile__L_e', 'EX_ser__L_e', 'EX_val__L_e', 'EX_xtsn_e', 'EX_thr__L_e']","['ALAR', 'SERt2rpp']",PGPP161,PGP161abcpp,0.005701127072538583,1,41,2,-7.0,-1.4298093666938183e-05,iPC815,PSL,False,False,0.0,0.0,0.0,-0.0019849086685038
108,"['EX_ala__D_e', 'ARGabcpp', 'ARGtex', 'ALAR', 'ASNS1', 'ASNt2rpp', 'ASNtex', 'DALAt2pp', 'DALAtex', 'GLUabcpp', 'GLUtex', 'ILEtex', 'ILEabcpp', 'LEUabcpp', 'LEUtex', 'NTD10', 'ORNabcpp', 'ORNtex', 'NTPP2', 'PG161abcpp', 'PGP161abcpp', 'PGPP161', 'PGPP161pp', 'SERt2rpp', 'SERtex', 'THRabcpp', 'THRtex', 'VALabcpp', 'VALtex', 'XTSNt2rpp', 'XTSNtex', 'EX_arg__L_e', 'EX_asn__L_e', 'EX_leu__L_e', 'EX_glu__L_e', 'EX_orn_e', 'EX_ile__L_e', 'EX_ser__L_e', 'EX_val__L_e', 'EX_xtsn_e', 'EX_thr__L_e']","[4.165600839933781e-06, -1.1107211619898472e-06, -1.1107212003480527e-06, 4.165600898886623e-06, 2.1139715925544422e-06, -3.2772973099781666e-06, -3.2772973099781666e-06, -4.165600839933781e-06, -4.165600785199786e-06, -1.2526798213283348e-06, -1.2526797945611179e-06, -1.7449884808229399e-06, -1.7449885366116469e-06, -3.0872874109411086e-06, -3.0872873821863323e-06, 1.7958676551965702e-06, -1.619707308345153e-06, -1.6197072909562849e-06, 1.1578048627614024e-06, -0.0008889690952876174, 0.0008889543299999998, -0.0008889690952876174, 0.0008889543299999998, -1.4698310906169354e-06, -1.5099842585186707e-06, -1.7002452407932633e-06, -1.7002452068481944e-06, -2.277581899051695e-06, -2.277581870657741e-06, -1.7958676608031965e-06, -1.7958676608031965e-06, 1.1107211619898472e-06, 3.2772972836381253e-06, 3.0872874109411086e-06, 1.2526798213283348e-06, 1.619707308345153e-06, 1.7449885366116469e-06, 1.5099842623420012e-06, 2.277581899051695e-06, 1.7958676551965702e-06, 1.7002452407932633e-06]","[4.165600839933781e-06, 1.1107211619898472e-06, 1.1107212003480527e-06, 4.165600898886623e-06, 2.1139715925544422e-06, 3.2772973099781666e-06, 3.2772973099781666e-06, 4.165600839933781e-06, 4.165600785199786e-06, 1.2526798213283348e-06, 1.2526797945611179e-06, 1.7449884808229399e-06, 1.7449885366116469e-06, 3.0872874109411086e-06, 3.0872873821863323e-06, 1.7958676551965702e-06, 1.619707308345153e-06, 1.6197072909562849e-06, 1.1578048627614024e-06, 0.0008889690952876174, 0.0008889543299999998, 0.0008889690952876174, 0.0008889543299999998, 1.4698310906169354e-06, 1.5099842585186707e-06, 1.7002452407932633e-06, 1.7002452068481944e-06, 2.277581899051695e-06, 2.277581870657741e-06, 1.7958676608031965e-06, 1.7958676608031965e-06, 1.1107211619898472e-06, 3.2772972836381253e-06, 3.0872874109411086e-06, 1.2526798213283348e-06, 1.619707308345153e-06, 1.7449885366116469e-06, 1.5099842623420012e-06, 2.277581899051695e-06, 1.7958676551965702e-06, 1.7002452407932633e-06]","['ARGabcpp', 'DALAt2pp', 'GLUabcpp', 'ILEabcpp', 'LEUabcpp', 'ORNabcpp', 'PG161abcpp', 'PGPP161', 'THRabcpp', 'VALabcpp']","['EX_ala__D_e', 'ARGtex', 'ASNS1', 'ASNt2rpp', 'ASNtex', 'DALAtex', 'GLUtex', 'ILEtex', 'LEUtex', 'NTD10', 'ORNtex', 'NTPP2', 'PGP161abcpp', 'PGPP161pp', 'SERtex', 'THRtex', 'VALtex', 'XTSNt2rpp', 'XTSNtex', 'EX_arg__L_e', 'EX_asn__L_e', 'EX_leu__L_e', 'EX_glu__L_e', 'EX_orn_e', 'EX_ile__L_e', 'EX_ser__L_e', 'EX_val__L_e', 'EX_xtsn_e', 'EX_thr__L_e']","['ALAR', 'SERt2rpp']",PGPP161,PGPP161pp,0.005701127072538583,1,41,2,-7.0,-1.4298093666938183e-05,iPC815,PSL,False,False,0.0,0.0,0.0,0.0021266878591112
109,"['EX_ala__D_e', 'ARGabcpp', 'ARGtex', 'ALAR', 'ASNS1', 'ASNt2rpp', 'ASNtex', 'DALAt2pp', 'DALAtex', 'ILEtex', 'ILEabcpp', 'LEUabcpp', 'LEUtex', 'NTD10', 'PG181abcpp', 'PGP181abcpp', 'PROabcpp', 'PROtex', 'SERt2rpp', 'SERtex', 'PGPP181', 'PGPP181pp', 'THRabcpp', 'THRtex', 'VALabcpp', 'VALtex', 'XTSNt2rpp', 'XTSNtex', 'EX_arg__L_e', 'EX_asn__L_e', 'EX_leu__L_e', 'EX_ile__L_e', 'EX_pro__L_e', 'EX_ser__L_e', 'EX_val__L_e', 'EX_xtsn_e', 'EX_thr__L_e']","[3.005811281903137e-06, -1.2498964400142754e-06, -1.2498963997131796e-06, 3.012377646882669e-06, 1.9978860184463295e-06, -2.840985303009802e-06, -2.607045644253958e-06, -2.999244835141801e-06, -3.005811322509544e-06, -1.264648972210125e-06, -1.2646490101242414e-06, -2.2374559409954475e-06, -2.237455987597059e-06, 1.6518061497911019e-06, -0.0006572953561630376, 0.0006572874439999998, -1.0376607262468918e-06, -1.0376606951467693e-06, -1.7257023046113318e-06, -1.7257023046113318e-06, -0.0006572953561630376, 0.0006572874439999998, -1.2322221124155819e-06, -1.2322220754867885e-06, -1.6215362034152365e-06, -1.6215361711147125e-06, -1.6518062011527945e-06, -1.6518062011527945e-06, 1.2498964400142754e-06, 2.6070456735119126e-06, 2.2374559409954475e-06, 1.2646490101242414e-06, 1.0376607262468918e-06, 1.7257022996131598e-06, 1.6215362034152365e-06, 1.6518061497911019e-06, 1.2322221124155819e-06]","[3.005811281903137e-06, 1.2498964400142754e-06, 1.2498963997131796e-06, 3.012377646882669e-06, 1.9978860184463295e-06, 2.840985303009802e-06, 2.607045644253958e-06, 2.999244835141801e-06, 3.005811322509544e-06, 1.264648972210125e-06, 1.2646490101242414e-06, 2.2374559409954475e-06, 2.237455987597059e-06, 1.6518061497911019e-06, 0.0006572953561630376, 0.0006572874439999998, 1.0376607262468918e-06, 1.0376606951467693e-06, 1.7257023046113318e-06, 1.7257023046113318e-06, 0.0006572953561630376, 0.0006572874439999998, 1.2322221124155819e-06, 1.2322220754867885e-06, 1.6215362034152365e-06, 1.6215361711147125e-06, 1.6518062011527945e-06, 1.6518062011527945e-06, 1.2498964400142754e-06, 2.6070456735119126e-06, 2.2374559409954475e-06, 1.2646490101242414e-06, 1.0376607262468918e-06, 1.7257022996131598e-06, 1.6215362034152365e-06, 1.6518061497911019e-06, 1.2322221124155819e-06]","['ARGabcpp', 'DALAt2pp', 'ILEabcpp', 'LEUabcpp', 'PG181abcpp', 'PROabcpp', 'PGPP181', 'THRabcpp', 'VALabcpp']","['EX_ala__D_e', 'ARGtex', 'ASNS1', 'ASNtex', 'DALAtex', 'ILEtex', 'LEUtex', 'NTD10', 'PGP181abcpp', 'PROtex', 'SERt2rpp', 'SERtex', 'PGPP181pp', 'THRtex', 'VALtex', 'XTSNt2rpp', 'XTSNtex', 'EX_arg__L_e', 'EX_asn__L_e', 'EX_leu__L_e', 'EX_ile__L_e', 'EX_pro__L_e', 'EX_ser__L_e', 'EX_val__L_e', 'EX_xtsn_e', 'EX_thr__L_e']","['ALAR', 'ASNt2rpp']",PGPP181,PGP181abcpp,0.0042165466180729624,1,37,2,-7.0,-1.121491352384799e-05,iPC815,PSL,False,False,0.0,0.0,0.458388622787056,0.0
110,"['EX_ala__D_e', 'ARGabcpp', 'ARGtex', 'ALAR', 'ASNS1', 'ASNt2rpp', 'ASNtex', 'DALAt2pp', 'DALAtex', 'ILEtex', 'ILEabcpp', 'LEUabcpp', 'LEUtex', 'NTD10', 'PG181abcpp', 'PGP181abcpp', 'PROabcpp', 'PROtex', 'SERt2rpp', 'SERtex', 'PGPP181', 'PGPP181pp', 'THRabcpp', 'THRtex', 'VALabcpp', 'VALtex', 'XTSNt2rpp', 'XTSNtex', 'EX_arg__L_e', 'EX_asn__L_e', 'EX_leu__L_e', 'EX_ile__L_e', 'EX_pro__L_e', 'EX_ser__L_e', 'EX_val__L_e', 'EX_xtsn_e', 'EX_thr__L_e']","[3.005811281903137e-06, -1.2498964400142754e-06, -1.2498963997131796e-06, 3.012377646882669e-06, 1.9978860184463295e-06, -2.840985303009802e-06, -2.607045644253958e-06, -2.999244835141801e-06, -3.005811322509544e-06, -1.264648972210125e-06, -1.2646490101242414e-06, -2.2374559409954475e-06, -2.237455987597059e-06, 1.6518061497911019e-06, -0.0006572953561630376, 0.0006572874439999998, -1.0376607262468918e-06, -1.0376606951467693e-06, -1.7257023046113318e-06, -1.7257023046113318e-06, -0.0006572953561630376, 0.0006572874439999998, -1.2322221124155819e-06, -1.2322220754867885e-06, -1.6215362034152365e-06, -1.6215361711147125e-06, -1.6518062011527945e-06, -1.6518062011527945e-06, 1.2498964400142754e-06, 2.6070456735119126e-06, 2.2374559409954475e-06, 1.2646490101242414e-06, 1.0376607262468918e-06, 1.7257022996131598e-06, 1.6215362034152365e-06, 1.6518061497911019e-06, 1.2322221124155819e-06]","[3.005811281903137e-06, 1.2498964400142754e-06, 1.2498963997131796e-06, 3.012377646882669e-06, 1.9978860184463295e-06, 2.840985303009802e-06, 2.607045644253958e-06, 2.999244835141801e-06, 3.005811322509544e-06, 1.264648972210125e-06, 1.2646490101242414e-06, 2.2374559409954475e-06, 2.237455987597059e-06, 1.6518061497911019e-06, 0.0006572953561630376, 0.0006572874439999998, 1.0376607262468918e-06, 1.0376606951467693e-06, 1.7257023046113318e-06, 1.7257023046113318e-06, 0.0006572953561630376, 0.0006572874439999998, 1.2322221124155819e-06, 1.2322220754867885e-06, 1.6215362034152365e-06, 1.6215361711147125e-06, 1.6518062011527945e-06, 1.6518062011527945e-06, 1.2498964400142754e-06, 2.6070456735119126e-06, 2.2374559409954475e-06, 1.2646490101242414e-06, 1.0376607262468918e-06, 1.7257022996131598e-06, 1.6215362034152365e-06, 1.6518061497911019e-06, 1.2322221124155819e-06]","['ARGabcpp', 'DALAt2pp', 'ILEabcpp', 'LEUabcpp', 'PG181abcpp', 'PROabcpp', 'PGPP181', 'THRabcpp', 'VALabcpp']","['EX_ala__D_e', 'ARGtex', 'ASNS1', 'ASNtex', 'DALAtex', 'ILEtex', 'LEUtex', 'NTD10', 'PGP181abcpp', 'PROtex', 'SERt2rpp', 'SERtex', 'PGPP181pp', 'THRtex', 'VALtex', 'XTSNt2rpp', 'XTSNtex', 'EX_arg__L_e', 'EX_asn__L_e', 'EX_leu__L_e', 'EX_ile__L_e', 'EX_pro__L_e', 'EX_ser__L_e', 'EX_val__L_e', 'EX_xtsn_e', 'EX_thr__L_e']","['ALAR', 'ASNt2rpp']",PGPP181,PGPP181pp,0.0042165466180729624,1,37,2,-7.0,-1.121491352384799e-05,iPC815,PSL,False,False,0.0,0.0,0.458388622787056,0.0
111,"['GALKr', 'GART', 'EX_cytd_e', 'GHMT2r', 'EX_ala__D_e', 'AACPS1', '2AGPGAT161', 'AACPS3', 'AACPS4', 'AACPS5', '2AGPGAT181', 'ACALD', 'ACALDtex', 'ACALDtpp', 'ACOATA', 'ACSERtex', 'ACSERtpp', 'ADEt2rpp', 'ADEtex', 'ADNK1', '4PEPTtex', 'ADPT', 'AGM4PApp', 'ANHGMtex', 'ANPRT', 'ANS', 'ARGabcpp', 'ARGtex', 'ASAD', 'ALAALAr', 'ALAR', 'ASPK', 'ASPO5', 'AST', 'CS', 'CDAPPA140', 'CDAPPA160', 'CDAPPA181', 'CYTD', 'CYTDtex', 'CHORM', 'DALAtex', 'DAPE', 'DHDPRy', 'DHDPS', 'FLDR', 'FACOAE140', 'FACOAE160', 'DRPA', 'FACOAL140t2pp', 'FACOAL160t2pp', 'FACOAL161t2pp', 'FACOAL181t2pp', 'DURIK1', 'DURIPP', 'FBP', 'ECOAH7', 'ECOAH8', 'EDA', 'EDD', 'GLUR', 'GLYC3Pabcpp', 'GLYC3Ptex', 'GLYCL', 'HACD7i', 'HACD8i', 'GND', 'CTECOAI7', 'GPDDA4', 'HSDy', 'HSK', 'ICL', 'IGPS', 'LPLIPAL1E181pp', 'ACACT12', 'ACACT8r', 'LACZpp', 'LCTStex', 'LEUabcpp', 'LEUtex', 'LPLIPAL1A160pp', 'LPLIPAL1E140pp', 'LPLIPAL1E160pp', 'LPLIPAL2G161', 'LPLIPAL1E161pp', 'LPLIPAL2G181', 'MACPD', 'MALS', 'MDDCP3pp', 'MDDCP4pp', 'G3PD5', 'MPTG', 'G3PEtex', 'NADPHQR2', 'MLTGY1pp', 'NADTRHD', 'NTD10', 'NTD2', 'NTD4', 'ORNabcpp', 'G6PDH2r', 'ORNtex', 'NTPP2', 'PA160abcpp', 'NTPP4', 'NTPP7', 'NTPP8', 'GALabcpp', 'OAADC', 'CTECOAI8', 'PAPPT3', 'PLIPA2A160pp', 'PLIPA2E140pp', 'PLIPA2E160pp', 'PLIPA2E161pp', 'PLIPA2E181pp', 'PGL', 'PG140abcpp', 'PPA', 'PPCK', 'PPM2', 'PPND', 'PPPGO', 'PPPGO3', 'PUNP1', 'PRAIi', 'PYNP2r', 'PGPP140', 'RNTR1c', 'RNTR3c', 'SADH', 'SDPDS', 'SERAT', 'SERD_L', 'SGDS', 'SGSAD', 'THDPS', 'SOTA', 'THRA', 'THRS', 'TYRTA', 'UAAGDS', 'TRPS1', 'TRPt2rpp', 'TRPtex', 'UAGCVT', 'UAGPT3', 'UAMAGS', 'UAMAS', 'UAPGR', 'UDCPDP', 'UDPG4E', 'UGLT', 'UGMDDS', 'URAt2pp_copy2', 'URAtex', 'PIuabcpp', 'VALabcpp', 'VALtex', 'XTSNt2rpp', 'XTSNtex', 'EAR40y', 'EAR60y', 'EAR80y', 'EAR120y', 'EAR121y', 'EAR140y', 'EAR141y', 'EAR161y', 'EAR181y', 'EX_LalaDgluMdapDala_e', 'EX_acald_e', 'EX_acser_e', 'EX_ade_e', 'EX_anhgm_e', 'EX_arg__L_e', 'EX_g3pe_e', 'EX_lcts_e', 'EX_leu__L_e', 'EX_trp__L_e', 'EX_glyc3p_e', 'EX_orn_e', 'EX_ura_e', 'EX_val__L_e', 'EX_xtsn_e', 'SDPTA']","[-0.00047784416961277765, -0.0004537069289483886, 0.0034975052336676526, -0.10950964622578074, 4.773350121017872e-05, 0.00020843628861778006, -2.6253425665598317e-05, 0.0001739408785746432, 5.2506851331196635e-05, 3.134499912801772e-05, -1.567249956400886e-05, 0.20258644329497752, -0.011158535940349767, -0.011158535940349767, -0.005316239141448326, -0.019792709535598765, 0.019792709535598765, -0.002541800983590456, -0.002541800983590456, -0.0011872037749765876, -4.773350121017872e-05, -0.0014102862933199328, 4.773350121017872e-05, -4.773350121017872e-05, 0.0014320050363053598, 0.0014320050363053598, -0.0051904799289801545, -0.005190479928980168, -0.20747041050121015, 4.773350121017872e-05, 9.546700242030193e-05, 0.20747041050121015, -2.1718743050430644e-05, -0.003201584045222708, 0.09527270784420239, 2.068451719107749e-05, 5.96668765127234e-05, 3.739124261463748e-06, -0.002293029886345721, -0.0034975052336676526, -0.0010342258595538723, -4.773350121017872e-05, 4.773350121017872e-05, 4.773350121017872e-05, 4.773350121017872e-05, -0.0006006465568848367, 0.00020843628861778006, 0.0001739408785746432, 0.00019650291335437942, 9.228476900634535e-05, 8.802057639631941e-05, 0.00011615151961143514, 8.592030217832161e-05, -0.00019650291331523625, 0.00019650291331523625, -0.0002545786731211752, -0.00011615151961143471, -8.592030217832161e-05, 0.0002616750533052988, 0.0002616750533052988, -4.773350121017872e-05, -0.0005776390092290535, -0.00048640437733170686, 0.110323741088866, 0.00011615151961143471, 8.592030217832161e-05, 6.348555660900699e-05, 0.00011615151961143471, 4.192592522960707e-05, -0.20742267699999997, 0.20742267699999997, 0.09527270784420239, 0.0014320050363053598, 4.2960151089160804e-05, 0.00011615151961143471, 8.592030217832161e-05, -0.00047784416961277765, -0.00047784416961277765, -0.005489352639170553, -0.005489352639170553, -9.123463189734666e-05, 4.6142384503172675e-05, 0.00013524492009550637, 2.6253425665598317e-05, 5.8075759805717355e-05, 1.567249956400886e-05, 0.005316239141448326, 0.0948749286674509, 2.386675060508936e-05, 2.386675060508936e-05, -0.00027629741617149484, 2.386675060508936e-05, -0.0002824232154935572, -0.08566067635086938, 2.386675060508936e-05, -0.30329685148807073, 0.0022149140119876592, 0.0011058261113691334, 0.0012044753473219316, -0.0028799212396807827, 0.0003251606099143058, -0.0028799212396807827, 0.0022149140119876592, -9.123463189734666e-05, 0.0012685893949537785, 0.00019650291331523625, 0.0010899149442990758, -0.00047784416961277765, -0.10355828368026854, 8.592030217832161e-05, 4.773350121017872e-05, -9.123463189734666e-05, 4.6142384503172675e-05, 0.00013524492009550637, 5.8075759805717355e-05, 4.2960151089160804e-05, 0.0003251606099143058, -2.068451719107749e-05, -0.00661300721290372, -0.0026385170127302196, 0.00019650291335437942, -0.0010342258595538723, 0.0035596533682486268, -0.0035596533682486268, 0.0011872037749765876, 0.0014320050363053598, -0.0011872037749765876, -2.068451719107749e-05, -0.00019650291330532404, -0.00020207182178975675, -0.003201584045222708, 4.773350121017872e-05, 0.019792709535598765, 0.09242183509209206, -0.003201584045222708, -0.003201584045222708, 4.773350121017872e-05, -0.003201584045222708, 0.2135484763219729, 0.20742267699999997, 0.0010342258595538723, 4.773350121017872e-05, 0.0014320050363053616, -0.0018536509636619403, -0.0018536509636619403, 4.773350121017872e-05, 4.773350121017872e-05, 4.773350121017872e-05, 4.773350121017872e-05, 4.773350121017872e-05, 4.773350121017872e-05, 0.00047784416961277765, -0.00047784416961277765, 4.773350121017872e-05, 0.0009907008616613514, 0.0009907008616613514, -0.005744623447299091, -0.0039777917675148655, -0.0039777917675148655, -0.0022149140119876592, -0.0022149140119876592, -0.000944168653937337, -0.000944168653937337, -0.000944168653937337, -0.0008528385549551945, -9.13300989821425e-05, -0.0007255492183947145, -9.13300989821425e-05, -9.13300989821425e-05, -3.882324765094435e-05, 4.773350121017872e-05, 0.011158535940349767, 0.019792709535598765, 0.002541800983590456, 4.773350121017872e-05, 0.005190479928980168, 0.0002824232154935572, 0.00047784416961277765, 0.005489352639170553, 0.0018536509636619403, 0.00048640437733170686, 0.0028799212396807827, -0.0009907008616613514, 0.0039777917675148655, 0.0022149140119876592, -4.773350121017872e-05]","[0.00047784416961277765, 0.0004537069289483886, 0.0034975052336676526, 0.10950964622578074, 4.773350121017872e-05, 0.00020843628861778006, 2.6253425665598317e-05, 0.0001739408785746432, 5.2506851331196635e-05, 3.134499912801772e-05, 1.567249956400886e-05, 0.20258644329497752, 0.011158535940349767, 0.011158535940349767, 0.005316239141448326, 0.019792709535598765, 0.019792709535598765, 0.002541800983590456, 0.002541800983590456, 0.0011872037749765876, 4.773350121017872e-05, 0.0014102862933199328, 4.773350121017872e-05, 4.773350121017872e-05, 0.0014320050363053598, 0.0014320050363053598, 0.0051904799289801545, 0.005190479928980168, 0.20747041050121015, 4.773350121017872e-05, 9.546700242030193e-05, 0.20747041050121015, 2.1718743050430644e-05, 0.003201584045222708, 0.09527270784420239, 2.068451719107749e-05, 5.96668765127234e-05, 3.739124261463748e-06, 0.002293029886345721, 0.0034975052336676526, 0.0010342258595538723, 4.773350121017872e-05, 4.773350121017872e-05, 4.773350121017872e-05, 4.773350121017872e-05, 0.0006006465568848367, 0.00020843628861778006, 0.0001739408785746432, 0.00019650291335437942, 9.228476900634535e-05, 8.802057639631941e-05, 0.00011615151961143514, 8.592030217832161e-05, 0.00019650291331523625, 0.00019650291331523625, 0.0002545786731211752, 0.00011615151961143471, 8.592030217832161e-05, 0.0002616750533052988, 0.0002616750533052988, 4.773350121017872e-05, 0.0005776390092290535, 0.00048640437733170686, 0.110323741088866, 0.00011615151961143471, 8.592030217832161e-05, 6.348555660900699e-05, 0.00011615151961143471, 4.192592522960707e-05, 0.20742267699999997, 0.20742267699999997, 0.09527270784420239, 0.0014320050363053598, 4.2960151089160804e-05, 0.00011615151961143471, 8.592030217832161e-05, 0.00047784416961277765, 0.00047784416961277765, 0.005489352639170553, 0.005489352639170553, 9.123463189734666e-05, 4.6142384503172675e-05, 0.00013524492009550637, 2.6253425665598317e-05, 5.8075759805717355e-05, 1.567249956400886e-05, 0.005316239141448326, 0.0948749286674509, 2.386675060508936e-05, 2.386675060508936e-05, 0.00027629741617149484, 2.386675060508936e-05, 0.0002824232154935572, 0.08566067635086938, 2.386675060508936e-05, 0.30329685148807073, 0.0022149140119876592, 0.0011058261113691334, 0.0012044753473219316, 0.0028799212396807827, 0.0003251606099143058, 0.0028799212396807827, 0.0022149140119876592, 9.123463189734666e-05, 0.0012685893949537785, 0.00019650291331523625, 0.0010899149442990758, 0.00047784416961277765, 0.10355828368026854, 8.592030217832161e-05, 4.773350121017872e-05, 9.123463189734666e-05, 4.6142384503172675e-05, 0.00013524492009550637, 5.8075759805717355e-05, 4.2960151089160804e-05, 0.0003251606099143058, 2.068451719107749e-05, 0.00661300721290372, 0.0026385170127302196, 0.00019650291335437942, 0.0010342258595538723, 0.0035596533682486268, 0.0035596533682486268, 0.0011872037749765876, 0.0014320050363053598, 0.0011872037749765876, 2.068451719107749e-05, 0.00019650291330532404, 0.00020207182178975675, 0.003201584045222708, 4.773350121017872e-05, 0.019792709535598765, 0.09242183509209206, 0.003201584045222708, 0.003201584045222708, 4.773350121017872e-05, 0.003201584045222708, 0.2135484763219729, 0.20742267699999997, 0.0010342258595538723, 4.773350121017872e-05, 0.0014320050363053616, 0.0018536509636619403, 0.0018536509636619403, 4.773350121017872e-05, 4.773350121017872e-05, 4.773350121017872e-05, 4.773350121017872e-05, 4.773350121017872e-05, 4.773350121017872e-05, 0.00047784416961277765, 0.00047784416961277765, 4.773350121017872e-05, 0.0009907008616613514, 0.0009907008616613514, 0.005744623447299091, 0.0039777917675148655, 0.0039777917675148655, 0.0022149140119876592, 0.0022149140119876592, 0.000944168653937337, 0.000944168653937337, 0.000944168653937337, 0.0008528385549551945, 9.13300989821425e-05, 0.0007255492183947145, 9.13300989821425e-05, 9.13300989821425e-05, 3.882324765094435e-05, 4.773350121017872e-05, 0.011158535940349767, 0.019792709535598765, 0.002541800983590456, 4.773350121017872e-05, 0.005190479928980168, 0.0002824232154935572, 0.00047784416961277765, 0.005489352639170553, 0.0018536509636619403, 0.00048640437733170686, 0.0028799212396807827, 0.0009907008616613514, 0.0039777917675148655, 0.0022149140119876592, 4.773350121017872e-05]","['GART', '2AGPGAT161', '2AGPGAT181', 'ADNK1', 'ADPT', 'ARGabcpp', 'ASPO5', 'AST', 'CYTD', 'CHORM', 'DURIK1', 'DURIPP', 'FBP', 'GLYC3Pabcpp', 'LACZpp', 'LEUabcpp', 'LPLIPAL1A160pp', 'G3PD5', 'NADPHQR2', 'NADTRHD', 'ORNabcpp', 'PA160abcpp', 'GALabcpp', 'OAADC', 'PLIPA2A160pp', 'PG140abcpp', 'PPA', 'PPCK', 'PPND', 'PPPGO3', 'PUNP1', 'PYNP2r', 'PGPP140', 'RNTR1c', 'RNTR3c', 'SADH', 'SGDS', 'SGSAD', 'SOTA', 'THRA', 'TYRTA', 'URAt2pp_copy2', 'URAtex', 'PIuabcpp', 'VALabcpp', 'EAR40y', 'EAR60y', 'EAR80y', 'EAR120y', 'EAR121y', 'EAR140y', 'EAR141y', 'EAR161y', 'EAR181y', 'EX_ura_e']","['GALKr', 'EX_cytd_e', 'EX_ala__D_e', 'AACPS1', 'AACPS4', 'AACPS5', 'ACALDtex', 'ACALDtpp', 'ACOATA', 'ACSERtex', 'ACSERtpp', 'ADEt2rpp', 'ADEtex', '4PEPTtex', 'AGM4PApp', 'ANHGMtex', 'ARGtex', 'ASAD', 'ALAALAr', 'ASPK', 'CS', 'CDAPPA140', 'CDAPPA160', 'CDAPPA181', 'CYTDtex', 'DALAtex', 'DAPE', 'DHDPRy', 'DHDPS', 'FACOAE140', 'DRPA', 'FACOAL140t2pp', 'ECOAH7', 'ECOAH8', 'EDA', 'EDD', 'GLUR', 'GLYC3Ptex', 'HACD7i', 'HACD8i', 'GND', 'GPDDA4', 'HSDy', 'HSK', 'ICL', 'LPLIPAL1E181pp', 'ACACT12', 'ACACT8r', 'LCTStex', 'LEUtex', 'LPLIPAL1E140pp', 'LPLIPAL1E160pp', 'LPLIPAL2G161', 'LPLIPAL1E161pp', 'LPLIPAL2G181', 'MACPD', 'MDDCP3pp', 'MDDCP4pp', 'MPTG', 'G3PEtex', 'MLTGY1pp', 'NTD10', 'NTD2', 'G6PDH2r', 'ORNtex', 'NTPP2', 'NTPP4', 'NTPP7', 'NTPP8', 'CTECOAI8', 'PAPPT3', 'PLIPA2E140pp', 'PLIPA2E160pp', 'PLIPA2E161pp', 'PLIPA2E181pp', 'PGL', 'PPM2', 'PPPGO', 'SDPDS', 'SERAT', 'THDPS', 'THRS', 'UAAGDS', 'TRPS1', 'TRPt2rpp', 'TRPtex', 'UAGCVT', 'UAGPT3', 'UAMAGS', 'UAMAS', 'UAPGR', 'UDCPDP', 'UDPG4E', 'UGLT', 'UGMDDS', 'VALtex', 'XTSNt2rpp', 'XTSNtex', 'EX_LalaDgluMdapDala_e', 'EX_acald_e', 'EX_acser_e', 'EX_ade_e', 'EX_anhgm_e', 'EX_arg__L_e', 'EX_g3pe_e', 'EX_lcts_e', 'EX_leu__L_e', 'EX_trp__L_e', 'EX_glyc3p_e', 'EX_orn_e', 'EX_val__L_e', 'EX_xtsn_e', 'SDPTA']","['GHMT2r', 'AACPS3', 'ACALD', 'ANPRT', 'ANS', 'ALAR', 'FLDR', 'FACOAE160', 'FACOAL160t2pp', 'FACOAL161t2pp', 'FACOAL181t2pp', 'GLYCL', 'CTECOAI7', 'IGPS', 'MALS', 'NTD4', 'PRAIi', 'SERD_L']",THRA,ASAD,3.5990268121749827,1,186,18,-26.0,-0.49025396089038203,iPC815,PSL,True,True,-1000.0,-21.5170547262412,0.0,0.0
112,"['GALKr', 'GART', 'EX_cytd_e', 'GHMT2r', 'EX_ala__D_e', 'AACPS1', '2AGPGAT161', 'AACPS3', 'AACPS4', 'AACPS5', '2AGPGAT181', 'ACALD', 'ACALDtex', 'ACALDtpp', 'ACOATA', 'ACSERtex', 'ACSERtpp', 'ADEt2rpp', 'ADEtex', 'ADNK1', '4PEPTtex', 'ADPT', 'AGM4PApp', 'ANHGMtex', 'ANPRT', 'ANS', 'ARGabcpp', 'ARGtex', 'ASAD', 'ALAALAr', 'ALAR', 'ASPK', 'ASPO5', 'AST', 'CS', 'CDAPPA140', 'CDAPPA160', 'CDAPPA181', 'CYTD', 'CYTDtex', 'CHORM', 'DALAtex', 'DAPE', 'DHDPRy', 'DHDPS', 'FLDR', 'FACOAE140', 'FACOAE160', 'DRPA', 'FACOAL140t2pp', 'FACOAL160t2pp', 'FACOAL161t2pp', 'FACOAL181t2pp', 'DURIK1', 'DURIPP', 'FBP', 'ECOAH7', 'ECOAH8', 'EDA', 'EDD', 'GLUR', 'GLYC3Pabcpp', 'GLYC3Ptex', 'GLYCL', 'HACD7i', 'HACD8i', 'GND', 'CTECOAI7', 'GPDDA4', 'HSDy', 'HSK', 'ICL', 'IGPS', 'LPLIPAL1E181pp', 'ACACT12', 'ACACT8r', 'LACZpp', 'LCTStex', 'LEUabcpp', 'LEUtex', 'LPLIPAL1A160pp', 'LPLIPAL1E140pp', 'LPLIPAL1E160pp', 'LPLIPAL2G161', 'LPLIPAL1E161pp', 'LPLIPAL2G181', 'MACPD', 'MALS', 'MDDCP3pp', 'MDDCP4pp', 'G3PD5', 'MPTG', 'G3PEtex', 'NADPHQR2', 'MLTGY1pp', 'NADTRHD', 'NTD10', 'NTD2', 'NTD4', 'ORNabcpp', 'G6PDH2r', 'ORNtex', 'NTPP2', 'PA160abcpp', 'NTPP4', 'NTPP7', 'NTPP8', 'GALabcpp', 'OAADC', 'CTECOAI8', 'PAPPT3', 'PLIPA2A160pp', 'PLIPA2E140pp', 'PLIPA2E160pp', 'PLIPA2E161pp', 'PLIPA2E181pp', 'PGL', 'PG140abcpp', 'PPA', 'PPCK', 'PPM2', 'PPND', 'PPPGO', 'PPPGO3', 'PUNP1', 'PRAIi', 'PYNP2r', 'PGPP140', 'RNTR1c', 'RNTR3c', 'SADH', 'SDPDS', 'SERAT', 'SERD_L', 'SGDS', 'SGSAD', 'THDPS', 'SOTA', 'THRA', 'THRS', 'TYRTA', 'UAAGDS', 'TRPS1', 'TRPt2rpp', 'TRPtex', 'UAGCVT', 'UAGPT3', 'UAMAGS', 'UAMAS', 'UAPGR', 'UDCPDP', 'UDPG4E', 'UGLT', 'UGMDDS', 'URAt2pp_copy2', 'URAtex', 'PIuabcpp', 'VALabcpp', 'VALtex', 'XTSNt2rpp', 'XTSNtex', 'EAR40y', 'EAR60y', 'EAR80y', 'EAR120y', 'EAR121y', 'EAR140y', 'EAR141y', 'EAR161y', 'EAR181y', 'EX_LalaDgluMdapDala_e', 'EX_acald_e', 'EX_acser_e', 'EX_ade_e', 'EX_anhgm_e', 'EX_arg__L_e', 'EX_g3pe_e', 'EX_lcts_e', 'EX_leu__L_e', 'EX_trp__L_e', 'EX_glyc3p_e', 'EX_orn_e', 'EX_ura_e', 'EX_val__L_e', 'EX_xtsn_e', 'SDPTA']","[-0.00047784416961277765, -0.0004537069289483886, 0.0034975052336676526, -0.10950964622578074, 4.773350121017872e-05, 0.00020843628861778006, -2.6253425665598317e-05, 0.0001739408785746432, 5.2506851331196635e-05, 3.134499912801772e-05, -1.567249956400886e-05, 0.20258644329497752, -0.011158535940349767, -0.011158535940349767, -0.005316239141448326, -0.019792709535598765, 0.019792709535598765, -0.002541800983590456, -0.002541800983590456, -0.0011872037749765876, -4.773350121017872e-05, -0.0014102862933199328, 4.773350121017872e-05, -4.773350121017872e-05, 0.0014320050363053598, 0.0014320050363053598, -0.0051904799289801545, -0.005190479928980168, -0.20747041050121015, 4.773350121017872e-05, 9.546700242030193e-05, 0.20747041050121015, -2.1718743050430644e-05, -0.003201584045222708, 0.09527270784420239, 2.068451719107749e-05, 5.96668765127234e-05, 3.739124261463748e-06, -0.002293029886345721, -0.0034975052336676526, -0.0010342258595538723, -4.773350121017872e-05, 4.773350121017872e-05, 4.773350121017872e-05, 4.773350121017872e-05, -0.0006006465568848367, 0.00020843628861778006, 0.0001739408785746432, 0.00019650291335437942, 9.228476900634535e-05, 8.802057639631941e-05, 0.00011615151961143514, 8.592030217832161e-05, -0.00019650291331523625, 0.00019650291331523625, -0.0002545786731211752, -0.00011615151961143471, -8.592030217832161e-05, 0.0002616750533052988, 0.0002616750533052988, -4.773350121017872e-05, -0.0005776390092290535, -0.00048640437733170686, 0.110323741088866, 0.00011615151961143471, 8.592030217832161e-05, 6.348555660900699e-05, 0.00011615151961143471, 4.192592522960707e-05, -0.20742267699999997, 0.20742267699999997, 0.09527270784420239, 0.0014320050363053598, 4.2960151089160804e-05, 0.00011615151961143471, 8.592030217832161e-05, -0.00047784416961277765, -0.00047784416961277765, -0.005489352639170553, -0.005489352639170553, -9.123463189734666e-05, 4.6142384503172675e-05, 0.00013524492009550637, 2.6253425665598317e-05, 5.8075759805717355e-05, 1.567249956400886e-05, 0.005316239141448326, 0.0948749286674509, 2.386675060508936e-05, 2.386675060508936e-05, -0.00027629741617149484, 2.386675060508936e-05, -0.0002824232154935572, -0.08566067635086938, 2.386675060508936e-05, -0.30329685148807073, 0.0022149140119876592, 0.0011058261113691334, 0.0012044753473219316, -0.0028799212396807827, 0.0003251606099143058, -0.0028799212396807827, 0.0022149140119876592, -9.123463189734666e-05, 0.0012685893949537785, 0.00019650291331523625, 0.0010899149442990758, -0.00047784416961277765, -0.10355828368026854, 8.592030217832161e-05, 4.773350121017872e-05, -9.123463189734666e-05, 4.6142384503172675e-05, 0.00013524492009550637, 5.8075759805717355e-05, 4.2960151089160804e-05, 0.0003251606099143058, -2.068451719107749e-05, -0.00661300721290372, -0.0026385170127302196, 0.00019650291335437942, -0.0010342258595538723, 0.0035596533682486268, -0.0035596533682486268, 0.0011872037749765876, 0.0014320050363053598, -0.0011872037749765876, -2.068451719107749e-05, -0.00019650291330532404, -0.00020207182178975675, -0.003201584045222708, 4.773350121017872e-05, 0.019792709535598765, 0.09242183509209206, -0.003201584045222708, -0.003201584045222708, 4.773350121017872e-05, -0.003201584045222708, 0.2135484763219729, 0.20742267699999997, 0.0010342258595538723, 4.773350121017872e-05, 0.0014320050363053616, -0.0018536509636619403, -0.0018536509636619403, 4.773350121017872e-05, 4.773350121017872e-05, 4.773350121017872e-05, 4.773350121017872e-05, 4.773350121017872e-05, 4.773350121017872e-05, 0.00047784416961277765, -0.00047784416961277765, 4.773350121017872e-05, 0.0009907008616613514, 0.0009907008616613514, -0.005744623447299091, -0.0039777917675148655, -0.0039777917675148655, -0.0022149140119876592, -0.0022149140119876592, -0.000944168653937337, -0.000944168653937337, -0.000944168653937337, -0.0008528385549551945, -9.13300989821425e-05, -0.0007255492183947145, -9.13300989821425e-05, -9.13300989821425e-05, -3.882324765094435e-05, 4.773350121017872e-05, 0.011158535940349767, 0.019792709535598765, 0.002541800983590456, 4.773350121017872e-05, 0.005190479928980168, 0.0002824232154935572, 0.00047784416961277765, 0.005489352639170553, 0.0018536509636619403, 0.00048640437733170686, 0.0028799212396807827, -0.0009907008616613514, 0.0039777917675148655, 0.0022149140119876592, -4.773350121017872e-05]","[0.00047784416961277765, 0.0004537069289483886, 0.0034975052336676526, 0.10950964622578074, 4.773350121017872e-05, 0.00020843628861778006, 2.6253425665598317e-05, 0.0001739408785746432, 5.2506851331196635e-05, 3.134499912801772e-05, 1.567249956400886e-05, 0.20258644329497752, 0.011158535940349767, 0.011158535940349767, 0.005316239141448326, 0.019792709535598765, 0.019792709535598765, 0.002541800983590456, 0.002541800983590456, 0.0011872037749765876, 4.773350121017872e-05, 0.0014102862933199328, 4.773350121017872e-05, 4.773350121017872e-05, 0.0014320050363053598, 0.0014320050363053598, 0.0051904799289801545, 0.005190479928980168, 0.20747041050121015, 4.773350121017872e-05, 9.546700242030193e-05, 0.20747041050121015, 2.1718743050430644e-05, 0.003201584045222708, 0.09527270784420239, 2.068451719107749e-05, 5.96668765127234e-05, 3.739124261463748e-06, 0.002293029886345721, 0.0034975052336676526, 0.0010342258595538723, 4.773350121017872e-05, 4.773350121017872e-05, 4.773350121017872e-05, 4.773350121017872e-05, 0.0006006465568848367, 0.00020843628861778006, 0.0001739408785746432, 0.00019650291335437942, 9.228476900634535e-05, 8.802057639631941e-05, 0.00011615151961143514, 8.592030217832161e-05, 0.00019650291331523625, 0.00019650291331523625, 0.0002545786731211752, 0.00011615151961143471, 8.592030217832161e-05, 0.0002616750533052988, 0.0002616750533052988, 4.773350121017872e-05, 0.0005776390092290535, 0.00048640437733170686, 0.110323741088866, 0.00011615151961143471, 8.592030217832161e-05, 6.348555660900699e-05, 0.00011615151961143471, 4.192592522960707e-05, 0.20742267699999997, 0.20742267699999997, 0.09527270784420239, 0.0014320050363053598, 4.2960151089160804e-05, 0.00011615151961143471, 8.592030217832161e-05, 0.00047784416961277765, 0.00047784416961277765, 0.005489352639170553, 0.005489352639170553, 9.123463189734666e-05, 4.6142384503172675e-05, 0.00013524492009550637, 2.6253425665598317e-05, 5.8075759805717355e-05, 1.567249956400886e-05, 0.005316239141448326, 0.0948749286674509, 2.386675060508936e-05, 2.386675060508936e-05, 0.00027629741617149484, 2.386675060508936e-05, 0.0002824232154935572, 0.08566067635086938, 2.386675060508936e-05, 0.30329685148807073, 0.0022149140119876592, 0.0011058261113691334, 0.0012044753473219316, 0.0028799212396807827, 0.0003251606099143058, 0.0028799212396807827, 0.0022149140119876592, 9.123463189734666e-05, 0.0012685893949537785, 0.00019650291331523625, 0.0010899149442990758, 0.00047784416961277765, 0.10355828368026854, 8.592030217832161e-05, 4.773350121017872e-05, 9.123463189734666e-05, 4.6142384503172675e-05, 0.00013524492009550637, 5.8075759805717355e-05, 4.2960151089160804e-05, 0.0003251606099143058, 2.068451719107749e-05, 0.00661300721290372, 0.0026385170127302196, 0.00019650291335437942, 0.0010342258595538723, 0.0035596533682486268, 0.0035596533682486268, 0.0011872037749765876, 0.0014320050363053598, 0.0011872037749765876, 2.068451719107749e-05, 0.00019650291330532404, 0.00020207182178975675, 0.003201584045222708, 4.773350121017872e-05, 0.019792709535598765, 0.09242183509209206, 0.003201584045222708, 0.003201584045222708, 4.773350121017872e-05, 0.003201584045222708, 0.2135484763219729, 0.20742267699999997, 0.0010342258595538723, 4.773350121017872e-05, 0.0014320050363053616, 0.0018536509636619403, 0.0018536509636619403, 4.773350121017872e-05, 4.773350121017872e-05, 4.773350121017872e-05, 4.773350121017872e-05, 4.773350121017872e-05, 4.773350121017872e-05, 0.00047784416961277765, 0.00047784416961277765, 4.773350121017872e-05, 0.0009907008616613514, 0.0009907008616613514, 0.005744623447299091, 0.0039777917675148655, 0.0039777917675148655, 0.0022149140119876592, 0.0022149140119876592, 0.000944168653937337, 0.000944168653937337, 0.000944168653937337, 0.0008528385549551945, 9.13300989821425e-05, 0.0007255492183947145, 9.13300989821425e-05, 9.13300989821425e-05, 3.882324765094435e-05, 4.773350121017872e-05, 0.011158535940349767, 0.019792709535598765, 0.002541800983590456, 4.773350121017872e-05, 0.005190479928980168, 0.0002824232154935572, 0.00047784416961277765, 0.005489352639170553, 0.0018536509636619403, 0.00048640437733170686, 0.0028799212396807827, 0.0009907008616613514, 0.0039777917675148655, 0.0022149140119876592, 4.773350121017872e-05]","['GART', '2AGPGAT161', '2AGPGAT181', 'ADNK1', 'ADPT', 'ARGabcpp', 'ASPO5', 'AST', 'CYTD', 'CHORM', 'DURIK1', 'DURIPP', 'FBP', 'GLYC3Pabcpp', 'LACZpp', 'LEUabcpp', 'LPLIPAL1A160pp', 'G3PD5', 'NADPHQR2', 'NADTRHD', 'ORNabcpp', 'PA160abcpp', 'GALabcpp', 'OAADC', 'PLIPA2A160pp', 'PG140abcpp', 'PPA', 'PPCK', 'PPND', 'PPPGO3', 'PUNP1', 'PYNP2r', 'PGPP140', 'RNTR1c', 'RNTR3c', 'SADH', 'SGDS', 'SGSAD', 'SOTA', 'THRA', 'TYRTA', 'URAt2pp_copy2', 'URAtex', 'PIuabcpp', 'VALabcpp', 'EAR40y', 'EAR60y', 'EAR80y', 'EAR120y', 'EAR121y', 'EAR140y', 'EAR141y', 'EAR161y', 'EAR181y', 'EX_ura_e']","['GALKr', 'EX_cytd_e', 'EX_ala__D_e', 'AACPS1', 'AACPS4', 'AACPS5', 'ACALDtex', 'ACALDtpp', 'ACOATA', 'ACSERtex', 'ACSERtpp', 'ADEt2rpp', 'ADEtex', '4PEPTtex', 'AGM4PApp', 'ANHGMtex', 'ARGtex', 'ASAD', 'ALAALAr', 'ASPK', 'CS', 'CDAPPA140', 'CDAPPA160', 'CDAPPA181', 'CYTDtex', 'DALAtex', 'DAPE', 'DHDPRy', 'DHDPS', 'FACOAE140', 'DRPA', 'FACOAL140t2pp', 'ECOAH7', 'ECOAH8', 'EDA', 'EDD', 'GLUR', 'GLYC3Ptex', 'HACD7i', 'HACD8i', 'GND', 'GPDDA4', 'HSDy', 'HSK', 'ICL', 'LPLIPAL1E181pp', 'ACACT12', 'ACACT8r', 'LCTStex', 'LEUtex', 'LPLIPAL1E140pp', 'LPLIPAL1E160pp', 'LPLIPAL2G161', 'LPLIPAL1E161pp', 'LPLIPAL2G181', 'MACPD', 'MDDCP3pp', 'MDDCP4pp', 'MPTG', 'G3PEtex', 'MLTGY1pp', 'NTD10', 'NTD2', 'G6PDH2r', 'ORNtex', 'NTPP2', 'NTPP4', 'NTPP7', 'NTPP8', 'CTECOAI8', 'PAPPT3', 'PLIPA2E140pp', 'PLIPA2E160pp', 'PLIPA2E161pp', 'PLIPA2E181pp', 'PGL', 'PPM2', 'PPPGO', 'SDPDS', 'SERAT', 'THDPS', 'THRS', 'UAAGDS', 'TRPS1', 'TRPt2rpp', 'TRPtex', 'UAGCVT', 'UAGPT3', 'UAMAGS', 'UAMAS', 'UAPGR', 'UDCPDP', 'UDPG4E', 'UGLT', 'UGMDDS', 'VALtex', 'XTSNt2rpp', 'XTSNtex', 'EX_LalaDgluMdapDala_e', 'EX_acald_e', 'EX_acser_e', 'EX_ade_e', 'EX_anhgm_e', 'EX_arg__L_e', 'EX_g3pe_e', 'EX_lcts_e', 'EX_leu__L_e', 'EX_trp__L_e', 'EX_glyc3p_e', 'EX_orn_e', 'EX_val__L_e', 'EX_xtsn_e', 'SDPTA']","['GHMT2r', 'AACPS3', 'ACALD', 'ANPRT', 'ANS', 'ALAR', 'FLDR', 'FACOAE160', 'FACOAL160t2pp', 'FACOAL161t2pp', 'FACOAL181t2pp', 'GLYCL', 'CTECOAI7', 'IGPS', 'MALS', 'NTD4', 'PRAIi', 'SERD_L']",THRA,ASPK,3.5990268121749827,1,186,18,-26.0,-0.49025396089038203,iPC815,PSL,True,False,-1000.0,0.0,0.0,0.0
113,"['GALKr', 'GART', 'GF6PTA', 'EX_cytd_e', 'GHMT2r', 'EX_ala__D_e', 'AACPS1', '2AGPGAT160', 'AACPS3', 'ACALD', 'ACALDtex', 'ACALDtpp', 'ACOATA', 'ACSERtex', 'ACSERtpp', 'ADEt2rpp', 'ADEtex', 'ADNK1', '4PEPTtex', 'ADPT', 'AGM4PApp', 'ANHGMtex', 'ANPRT', 'ANS', 'ARGabcpp', 'ARGtex', 'ASAD', 'ALAALAr', 'ALAR', 'ASPK', 'ASPO5', 'AST', 'CS', 'CDAPPA140', 'CDAPPA160', 'CDAPPA161', 'CDAPPA181', 'CYTD', 'CYTDtex', 'CHORM', 'DALAtex', 'DAPDC', 'FLDR', 'FACOAE140', 'FACOAE160', 'DRPA', 'FACOAL140t2pp', 'FACOAL161t2pp', 'FACOAL181t2pp', 'DURIK1', 'DURIPP', 'ECOAH7', 'ECOAH8', 'GLUR', 'GLYC3Pabcpp', 'GLYC3Ptex', 'GLYCL', 'HACD7i', 'HACD8i', 'GMPR', 'GND', 'CTECOAI7', 'GPDDA4', 'HSDy', 'HSK', 'ICL', 'IGPS', 'LPLIPAL1E181pp', 'G1PACT', 'ACACT12', 'ACACT8r', 'LACZpp', 'LCTStex', 'LEUabcpp', 'LEUtex', 'LPLIPAL1A140pp', 'LPLIPAL1A160pp', 'LPLIPAL1E140pp', 'LPLIPAL1E160pp', 'LPLIPAL2G160', 'LPLIPAL1E161pp', 'MACPD', 'MALS', 'MDDCP3pp', 'MDDCP4pp', 'G3PD5', 'MPTG', 'G3PEtex', 'NADPHQR2', 'MLTGY1pp', 'NADTRHD', 'NTD10', 'NTD2', 'NTD4', 'ORNabcpp', 'G6PDH2r', 'ORNtex', 'NTPP2', 'PA140abcpp', 'PA160abcpp', 'NTPP4', 'NTPP7', 'NTPP8', 'GALabcpp', 'OAADC', 'CTECOAI8', 'PAPPT3', 'PLIPA2A160pp', 'PLIPA2E140pp', 'PLIPA2E160pp', 'PLIPA2E161pp', 'PLIPA2E181pp', 'PGL', 'PGAMT', 'PPA', 'PPCK', 'PPM2', 'PPND', 'PPPGO', 'PPPGO3', 'PUNP1', 'PRAIi', 'PYNP2r', 'RNTR1c', 'RNTR2c', 'RNTR3c', 'SADH', 'SERAT', 'SERD_L', 'SGDS', 'SGSAD', 'SOTA', 'THRA', 'THRS', 'TYRTA', 'UAAGDS', 'TRPS1', 'TRPt2rpp', 'TRPtex', 'UAGCVT', 'UAGDP', 'UAGPT3', 'UAMAGS', 'UAMAS', 'UAPGR', 'UDCPDP', 'UDPG4E', 'UGLT', 'UGMDDS', 'URAt2pp_copy2', 'URAtex', 'PIuabcpp', 'VALabcpp', 'VALtex', 'XTSNt2rpp', 'XTSNtex', 'EAR40y', 'EAR60y', 'EAR80y', 'EAR100y', 'EAR120y', 'EAR121y', 'EAR140y', 'EAR141y', 'EAR160y', 'EAR161y', 'EAR181y', 'EX_LalaDgluMdapDala_e', 'EX_acald_e', 'EX_acser_e', 'EX_ade_e', 'EX_anhgm_e', 'EX_arg__L_e', 'PLIPA2A140pp', 'EX_g3pe_e', 'EX_lcts_e', 'EX_leu__L_e', 'EX_trp__L_e', 'EX_glyc3p_e', 'EX_orn_e', 'EX_ura_e', 'EX_val__L_e', 'EX_xtsn_e']","[-0.000609825066348723, -0.0004545591887297126, 0.00025505688306312786, 0.0035855391819268334, -0.10964273413829129, 0.00017535160710589227, 0.00017304015410314795, -4.200468042945215e-05, 0.00017009105889269523, 0.20283748841550797, -0.010919366864811746, -0.010919366864811746, -0.005407689465922461, -0.018957592577585055, 0.018957592577585055, -0.0025465755963411073, -0.0025465755963411073, -0.001270897968043104, -0.00017535160710589227, -0.0013314713214581456, 0.00017535160710589227, -0.00017535160710589227, 0.0014346949672299388, 0.0014346949672299388, -0.00531202099464087, -0.00531202099464087, -0.20742267699999997, 0.00017535160710589227, 0.00035070321421178455, 0.20742267699999997, -2.175954034464684e-05, -0.003319389095710515, 0.09569554096415178, 2.072337174887566e-05, 1.777427653845839e-05, 2.630274106588072e-05, 1.9448087333560123e-05, -0.002378801303848377, -0.0035855391819268334, -0.001036168587443785, -0.00017535160710589227, -0.00017535160710589227, -0.0006017748335298313, 0.00017304015410314795, 8.60816980337905e-05, 0.00019687203161431951, 5.6670451205614956e-05, 0.00011636970289753256, 8.608169803379136e-05, -0.00019687203161431951, 0.00019687203161431951, -0.00011636970289753256, -8.608169803379136e-05, -0.00017535160710589227, -0.0003856539777272929, -0.00023226117414765213, 0.11029543001639197, 0.00011636970289753256, 8.608169803379136e-05, 8.14641053575732e-05, 6.36048102137729e-05, 0.00011636970289753256, 4.200468042945215e-05, -0.20742267699999997, 0.20742267699999997, 0.09569554096415178, 0.0014346949672299388, 4.304084901689568e-05, 0.00025505688306312786, 0.00011636970289753256, 8.608169803379136e-05, -0.000609825066348723, -0.000609825066348723, -0.0054996640410477915, -0.0054996640410477915, -1.7893834452376717e-05, -0.00013549896912726407, 4.6229060055184195e-05, 0.00013549896912726407, 4.200468042945215e-05, 5.818485144876628e-05, 0.005407689465922461, 0.09529701458436562, 8.767580355294614e-05, 8.767580355294614e-05, -2.1759540344598594e-05, 8.767580355294614e-05, -0.00028295372964811023, -0.08681414678812516, 8.767580355294614e-05, -0.3028332341852007, 0.0021376104825673176, 0.0011079033358052728, 0.0012067378780938331, -0.002885330989651158, 6.36048102137729e-05, -0.002885330989651158, 0.0022190745879248908, -1.7893834452376717e-05, -0.00013549896912726407, 0.0012709723599909073, 0.00019687203161431951, 0.0008847285631250444, -0.000609825066348723, -0.10382447659678574, 8.608169803379136e-05, 0.00017535160710589227, -0.00013549896912726407, 4.6229060055184195e-05, 0.00013549896912726407, 5.818485144876628e-05, 4.304084901689568e-05, 6.36048102137729e-05, -0.00025505688306312786, -0.006744089230362828, -0.0021298046788433694, 0.00019687203161431951, -0.001036168587443785, 0.0033220214365489915, -0.0033220214365489915, 0.001270897968043104, 0.0014346949672299388, -0.001270897968043104, -0.00019687203161431951, -0.0002024514009841879, -0.00020245140093132392, -0.003319389095710515, 0.018957592577585055, 0.09339512094325142, -0.003319389095710515, -0.003319389095710515, -0.003319389095710515, 0.21355998324870545, 0.20742267699999997, 0.001036168587443785, 0.00017535160710589227, 0.0014346949672299388, -0.0018571329298031746, -0.0018571329298031746, 0.00017535160710589227, 0.00025505688306312786, 0.00017535160710589227, 0.00017535160710589227, 0.00017535160710589227, 0.00017535160710589227, 0.00017535160710589227, 0.000609825066348723, -0.000609825066348723, 0.00017535160710589227, 0.0010740259364287845, 0.0010740259364287845, -0.006010471243712345, -0.003985263797860683, -0.003985263797860683, -0.0021376104825673176, -0.0021376104825673176, -0.0009459422150602109, -0.0009459422150602109, -0.0009459422150602109, -0.000854440558261331, -0.000854440558261331, -9.150165679887995e-05, -0.0007269121167297887, -9.150165679888125e-05, -0.00047663755022413906, -9.150165679888125e-05, -3.8896174667120247e-05, 0.00017535160710589227, 0.010919366864811746, 0.018957592577585055, 0.0025465755963411073, 0.00017535160710589227, 0.00531202099464087, -1.7893834452376717e-05, 0.00028295372964811023, 0.000609825066348723, 0.0054996640410477915, 0.0018571329298031746, 0.00023226117414765213, 0.002885330989651158, -0.0010740259364287845, 0.003985263797860683, 0.0021376104825673176]","[0.000609825066348723, 0.0004545591887297126, 0.00025505688306312786, 0.0035855391819268334, 0.10964273413829129, 0.00017535160710589227, 0.00017304015410314795, 4.200468042945215e-05, 0.00017009105889269523, 0.20283748841550797, 0.010919366864811746, 0.010919366864811746, 0.005407689465922461, 0.018957592577585055, 0.018957592577585055, 0.0025465755963411073, 0.0025465755963411073, 0.001270897968043104, 0.00017535160710589227, 0.0013314713214581456, 0.00017535160710589227, 0.00017535160710589227, 0.0014346949672299388, 0.0014346949672299388, 0.00531202099464087, 0.00531202099464087, 0.20742267699999997, 0.00017535160710589227, 0.00035070321421178455, 0.20742267699999997, 2.175954034464684e-05, 0.003319389095710515, 0.09569554096415178, 2.072337174887566e-05, 1.777427653845839e-05, 2.630274106588072e-05, 1.9448087333560123e-05, 0.002378801303848377, 0.0035855391819268334, 0.001036168587443785, 0.00017535160710589227, 0.00017535160710589227, 0.0006017748335298313, 0.00017304015410314795, 8.60816980337905e-05, 0.00019687203161431951, 5.6670451205614956e-05, 0.00011636970289753256, 8.608169803379136e-05, 0.00019687203161431951, 0.00019687203161431951, 0.00011636970289753256, 8.608169803379136e-05, 0.00017535160710589227, 0.0003856539777272929, 0.00023226117414765213, 0.11029543001639197, 0.00011636970289753256, 8.608169803379136e-05, 8.14641053575732e-05, 6.36048102137729e-05, 0.00011636970289753256, 4.200468042945215e-05, 0.20742267699999997, 0.20742267699999997, 0.09569554096415178, 0.0014346949672299388, 4.304084901689568e-05, 0.00025505688306312786, 0.00011636970289753256, 8.608169803379136e-05, 0.000609825066348723, 0.000609825066348723, 0.0054996640410477915, 0.0054996640410477915, 1.7893834452376717e-05, 0.00013549896912726407, 4.6229060055184195e-05, 0.00013549896912726407, 4.200468042945215e-05, 5.818485144876628e-05, 0.005407689465922461, 0.09529701458436562, 8.767580355294614e-05, 8.767580355294614e-05, 2.1759540344598594e-05, 8.767580355294614e-05, 0.00028295372964811023, 0.08681414678812516, 8.767580355294614e-05, 0.3028332341852007, 0.0021376104825673176, 0.0011079033358052728, 0.0012067378780938331, 0.002885330989651158, 6.36048102137729e-05, 0.002885330989651158, 0.0022190745879248908, 1.7893834452376717e-05, 0.00013549896912726407, 0.0012709723599909073, 0.00019687203161431951, 0.0008847285631250444, 0.000609825066348723, 0.10382447659678574, 8.608169803379136e-05, 0.00017535160710589227, 0.00013549896912726407, 4.6229060055184195e-05, 0.00013549896912726407, 5.818485144876628e-05, 4.304084901689568e-05, 6.36048102137729e-05, 0.00025505688306312786, 0.006744089230362828, 0.0021298046788433694, 0.00019687203161431951, 0.001036168587443785, 0.0033220214365489915, 0.0033220214365489915, 0.001270897968043104, 0.0014346949672299388, 0.001270897968043104, 0.00019687203161431951, 0.0002024514009841879, 0.00020245140093132392, 0.003319389095710515, 0.018957592577585055, 0.09339512094325142, 0.003319389095710515, 0.003319389095710515, 0.003319389095710515, 0.21355998324870545, 0.20742267699999997, 0.001036168587443785, 0.00017535160710589227, 0.0014346949672299388, 0.0018571329298031746, 0.0018571329298031746, 0.00017535160710589227, 0.00025505688306312786, 0.00017535160710589227, 0.00017535160710589227, 0.00017535160710589227, 0.00017535160710589227, 0.00017535160710589227, 0.000609825066348723, 0.000609825066348723, 0.00017535160710589227, 0.0010740259364287845, 0.0010740259364287845, 0.006010471243712345, 0.003985263797860683, 0.003985263797860683, 0.0021376104825673176, 0.0021376104825673176, 0.0009459422150602109, 0.0009459422150602109, 0.0009459422150602109, 0.000854440558261331, 0.000854440558261331, 9.150165679887995e-05, 0.0007269121167297887, 9.150165679888125e-05, 0.00047663755022413906, 9.150165679888125e-05, 3.8896174667120247e-05, 0.00017535160710589227, 0.010919366864811746, 0.018957592577585055, 0.0025465755963411073, 0.00017535160710589227, 0.00531202099464087, 1.7893834452376717e-05, 0.00028295372964811023, 0.000609825066348723, 0.0054996640410477915, 0.0018571329298031746, 0.00023226117414765213, 0.002885330989651158, 0.0010740259364287845, 0.003985263797860683, 0.0021376104825673176]","['GART', '2AGPGAT160', 'ADNK1', 'ADPT', 'ARGabcpp', 'ASPO5', 'AST', 'CYTD', 'CHORM', 'DAPDC', 'FLDR', 'DURIK1', 'DURIPP', 'GLYC3Pabcpp', 'LACZpp', 'LEUabcpp', 'LPLIPAL1A140pp', 'LPLIPAL1A160pp', 'G3PD5', 'NADPHQR2', 'NADTRHD', 'ORNabcpp', 'PA140abcpp', 'PA160abcpp', 'GALabcpp', 'OAADC', 'PLIPA2A160pp', 'PPA', 'PPCK', 'PPND', 'PPPGO3', 'PUNP1', 'PYNP2r', 'RNTR1c', 'RNTR2c', 'RNTR3c', 'SADH', 'SGDS', 'SGSAD', 'SOTA', 'THRA', 'TYRTA', 'URAt2pp_copy2', 'URAtex', 'PIuabcpp', 'VALabcpp', 'EAR40y', 'EAR60y', 'EAR80y', 'EAR100y', 'EAR120y', 'EAR121y', 'EAR140y', 'EAR141y', 'EAR160y', 'EAR161y', 'EAR181y', 'PLIPA2A140pp', 'EX_ura_e']","['GALKr', 'EX_cytd_e', 'EX_ala__D_e', 'ACALDtex', 'ACALDtpp', 'ACOATA', 'ACSERtex', 'ACSERtpp', 'ADEt2rpp', 'ADEtex', '4PEPTtex', 'AGM4PApp', 'ANHGMtex', 'ARGtex', 'ALAALAr', 'ALAR', 'CS', 'CDAPPA140', 'CDAPPA160', 'CDAPPA161', 'CDAPPA181', 'CYTDtex', 'DALAtex', 'DRPA', 'FACOAL161t2pp', 'FACOAL181t2pp', 'ECOAH7', 'ECOAH8', 'GLUR', 'GLYC3Ptex', 'HACD7i', 'HACD8i', 'GMPR', 'GND', 'CTECOAI7', 'GPDDA4', 'HSDy', 'HSK', 'ICL', 'LPLIPAL1E181pp', 'ACACT12', 'ACACT8r', 'LCTStex', 'LEUtex', 'LPLIPAL1E140pp', 'LPLIPAL1E160pp', 'LPLIPAL2G160', 'LPLIPAL1E161pp', 'MACPD', 'MDDCP3pp', 'MDDCP4pp', 'MPTG', 'G3PEtex', 'MLTGY1pp', 'NTD10', 'NTD2', 'G6PDH2r', 'ORNtex', 'NTPP2', 'NTPP4', 'NTPP7', 'NTPP8', 'CTECOAI8', 'PAPPT3', 'PLIPA2E140pp', 'PLIPA2E160pp', 'PLIPA2E161pp', 'PLIPA2E181pp', 'PGL', 'PPM2', 'PPPGO', 'SERAT', 'THRS', 'UAAGDS', 'TRPt2rpp', 'TRPtex', 'UAGCVT', 'UAGPT3', 'UAMAGS', 'UAMAS', 'UAPGR', 'UDCPDP', 'UDPG4E', 'UGLT', 'UGMDDS', 'VALtex', 'XTSNt2rpp', 'XTSNtex', 'EX_LalaDgluMdapDala_e', 'EX_acald_e', 'EX_acser_e', 'EX_ade_e', 'EX_anhgm_e', 'EX_arg__L_e', 'EX_g3pe_e', 'EX_lcts_e', 'EX_leu__L_e', 'EX_trp__L_e', 'EX_glyc3p_e', 'EX_orn_e', 'EX_val__L_e', 'EX_xtsn_e']","['GF6PTA', 'GHMT2r', 'AACPS1', 'AACPS3', 'ACALD', 'ANPRT', 'ANS', 'ASAD', 'ASPK', 'FACOAE140', 'FACOAE160', 'FACOAL140t2pp', 'GLYCL', 'IGPS', 'G1PACT', 'MALS', 'NTD4', 'PGAMT', 'PRAIi', 'SERD_L', 'TRPS1', 'UAGDP']",THRA,HSDy,3.5984157176814837,1,183,22,-17.0,-0.488602725581568,iPC815,PSL,True,True,-1000.0,-21.5170519696042,0.0,0.0
114,"['ACALD', 'ACALDtex', 'ACALDtpp', 'ASAD', 'ASPK', 'CS', 'GLYt2pp', 'GLYtex', 'HOMt2pp', 'HOMtex', 'HSDy', 'HSK', 'ICL', 'MALS', 'NADPHQR2', 'NADTRHD', 'OAADC', 'THRA', 'THRS', 'EX_acald_e', 'EX_gly_e', 'EX_hom__L_e']","[0.04741859003795082, -0.16000408696327986, -0.16000408696327986, -0.04741859003909191, 0.04741859003909191, 0.02370929501722685, -0.1600040869547379, -0.1600040869547379, -0.16000408696090807, 0.16000408696090807, -0.04741859003909191, 0.20742267699999997, 0.023709295017146026, 0.0237092950171462, -0.023709295017101145, -0.07112788506769419, -0.023709295021986085, 0.20742267699999997, 0.20742267699999997, 0.16000408696327986, 0.1600040869547379, -0.16000408696090807]","[0.04741859003795082, 0.16000408696327986, 0.16000408696327986, 0.04741859003909191, 0.04741859003909191, 0.02370929501722685, 0.1600040869547379, 0.1600040869547379, 0.16000408696090807, 0.16000408696090807, 0.04741859003909191, 0.20742267699999997, 0.023709295017146026, 0.0237092950171462, 0.023709295017101145, 0.07112788506769419, 0.023709295021986085, 0.20742267699999997, 0.20742267699999997, 0.16000408696327986, 0.1600040869547379, 0.16000408696090807]","['HOMt2pp', 'HOMtex', 'NADPHQR2', 'NADTRHD', 'OAADC', 'THRA', 'EX_hom__L_e']","['ACALDtex', 'ACALDtpp', 'CS', 'HSK', 'ICL', 'THRS', 'EX_acald_e']","['ACALD', 'ASAD', 'ASPK', 'GLYt2pp', 'GLYtex', 'HSDy', 'MALS', 'EX_gly_e']",THRA,HSK,2.909878456150755,1,22,8,-0.0,-0.09483718006467062,iPC815,PSL,True,False,-1000.0,0.0,0.0,0.0
115,"['ACALD', 'ACALDtex', 'ACALDtpp', 'ASAD', 'ASPK', 'CS', 'GLYt2pp', 'GLYtex', 'HOMt2pp', 'HOMtex', 'HSDy', 'HSK', 'ICL', 'MALS', 'NADPHQR2', 'NADTRHD', 'OAADC', 'THRA', 'THRS', 'EX_acald_e', 'EX_gly_e', 'EX_hom__L_e']","[0.04741859003795082, -0.16000408696327986, -0.16000408696327986, -0.04741859003909191, 0.04741859003909191, 0.02370929501722685, -0.1600040869547379, -0.1600040869547379, -0.16000408696090807, 0.16000408696090807, -0.04741859003909191, 0.20742267699999997, 0.023709295017146026, 0.0237092950171462, -0.023709295017101145, -0.07112788506769419, -0.023709295021986085, 0.20742267699999997, 0.20742267699999997, 0.16000408696327986, 0.1600040869547379, -0.16000408696090807]","[0.04741859003795082, 0.16000408696327986, 0.16000408696327986, 0.04741859003909191, 0.04741859003909191, 0.02370929501722685, 0.1600040869547379, 0.1600040869547379, 0.16000408696090807, 0.16000408696090807, 0.04741859003909191, 0.20742267699999997, 0.023709295017146026, 0.0237092950171462, 0.023709295017101145, 0.07112788506769419, 0.023709295021986085, 0.20742267699999997, 0.20742267699999997, 0.16000408696327986, 0.1600040869547379, 0.16000408696090807]","['HOMt2pp', 'HOMtex', 'NADPHQR2', 'NADTRHD', 'OAADC', 'THRA', 'EX_hom__L_e']","['ACALDtex', 'ACALDtpp', 'CS', 'HSK', 'ICL', 'THRS', 'EX_acald_e']","['ACALD', 'ASAD', 'ASPK', 'GLYt2pp', 'GLYtex', 'HSDy', 'MALS', 'EX_gly_e']",THRA,THRS,2.909878456150755,1,22,8,-0.0,-0.09483718006467062,iPC815,PSL,True,False,-1000.0,0.0,0.0,0.0
116,"['ACSERtex', 'ACSERtpp', 'ASAD', 'ASPK', 'ASPT', 'CYSS', 'CYTBDpp', 'FORtex', 'HOMt2pp', 'HOMtex', 'HSDy', 'FUMtex', 'L_LACtex', 'ME1', 'ME2', 'POX', 'SUCCtex', 'SUCDi', 'SUCFUMtpp', 'XANtex', 'XANtpp', 'XPPT', 'EX_acser_e', 'EX_for_e', 'EX_fum_e', 'EX_lac__L_e', 'EX_hom__L_e', 'EX_succ_e', 'EX_xan_e', 'L_LACt2rpp']","[-4.894146820788592e-05, 4.894146817036038e-05, 0.00011419675570323307, -0.00011419675570323307, 9.788293507023704e-05, -4.894146817036038e-05, -8.156905228160493e-06, 0.0003915317313385458, -0.00011419675566297146, 0.00011419675570323307, 0.00011419675570323307, 0.0006770236163902155, 0.0004078455574472173, -2.4470738613051324e-05, -0.00026102114906634277, 4.894146817036038e-05, -0.0010767122596462286, -0.0010767122596999773, 0.0006770236163902155, -1.6313824062308413e-05, -1.6313824062308413e-05, -1.631382401157122e-05, 4.894146817036038e-05, -0.00039153173133721353, -0.0006770236163484711, -0.000407845557475639, -0.00011419675566297146, 0.0010767122597004075, 1.631382401157122e-05, 0.0004078455574472173]","[4.894146820788592e-05, 4.894146817036038e-05, 0.00011419675570323307, 0.00011419675570323307, 9.788293507023704e-05, 4.894146817036038e-05, 8.156905228160493e-06, 0.0003915317313385458, 0.00011419675566297146, 0.00011419675570323307, 0.00011419675570323307, 0.0006770236163902155, 0.0004078455574472173, 2.4470738613051324e-05, 0.00026102114906634277, 4.894146817036038e-05, 0.0010767122596462286, 0.0010767122596999773, 0.0006770236163902155, 1.6313824062308413e-05, 1.6313824062308413e-05, 1.631382401157122e-05, 4.894146817036038e-05, 0.00039153173133721353, 0.0006770236163484711, 0.000407845557475639, 0.00011419675566297146, 0.0010767122597004075, 1.631382401157122e-05, 0.0004078455574472173]","['ACSERtex', 'ACSERtpp', 'ASPT', 'POX', 'SUCCtex', 'XANtex', 'XANtpp', 'EX_acser_e', 'EX_succ_e', 'EX_xan_e']","['ASAD', 'ASPK', 'CYSS', 'CYTBDpp', 'FORtex', 'HOMt2pp', 'HOMtex', 'HSDy', 'FUMtex', 'L_LACtex', 'ME1', 'ME2', 'SUCDi', 'SUCFUMtpp', 'XPPT', 'EX_for_e', 'EX_fum_e', 'EX_lac__L_e', 'EX_hom__L_e', 'L_LACt2rpp']",[],SUCDi,SUCCtex,0.011656225909152048,1,30,0,-2.0,-0.000171295123542287,iPC815,PSL,False,True,0.0,-13.8549165841407,0.0,0.0
117,"['DDPA', 'EX_cytd_e', 'GLCP', '2AGPGAT140', 'AACPS1', 'ACSERtex', 'ACSERtpp', 'ADEt2rpp', 'ADEtex', 'AMPN', 'ANPRT', 'ANS', 'ARGabcpp', 'ARGtex', 'ASAD', 'ASPK', 'ASPT', 'CDAPPA160', 'CDAPPA161', 'CYSS', 'CDAPPA181', 'CYTD', 'CYTDK2', 'CYTDtex', 'CHORM', 'CHORS', 'DAPDC', 'DAPE', 'DHDPRy', 'DHDPS', 'DHQS', 'FLDR', 'FACOAE160', 'DRPA', 'DURIK1', 'DURIPP', 'ECOAH8', 'EDA', 'EDD', 'GLUSy', 'GUAPRT', 'HACD8i', 'GMPR', 'GND', 'GPDDA4', 'HSDy', 'HSK', 'INDOLEt2pp', 'INDOLEtex', 'ICL', 'IGPS', 'KAS15', 'ACACT8r', 'LPLIPAL2G140', 'MACPD', 'NADPHQR2', 'NTD4', 'NTD6', 'G6PDH2r', 'P5CD', 'NTPP2', 'NTPP4', 'NTPP5', 'NTPP7', 'NTPP8', 'NTPTP1', 'CTECOAI8', 'PAPSR', 'PGL', 'PFL', 'PG160abcpp', 'PPA', 'PPC', 'PPK2', 'PPM2', 'PPND', 'PPPGO', 'PPPGO3', 'PPS', 'PUNP2', 'PRAIi', 'PUNP4', 'PYRt2rpp', 'PYRtex', 'PRPPS', 'PSCVT', 'PGPP160', 'RNTR3c', 'RPI', 'SDPDS', 'SULR', 'TALA', 'SHK3Dr', 'SHKK', 'THD2pp', 'THDPS', 'SO4tex', 'THRS', 'SULabcpp', 'TKT1', 'TRDR', 'TYRt2rpp', 'TYRTA', 'TYRtex', 'TRPS1', 'TRPS3', 'TRPt2rpp', 'TRPtex', 'UPPRT', 'URIK2', 'PIuabcpp', 'DHQTi', 'ENOPH', 'EAR80y', 'EAR140y', 'EAR160y', 'EX_acser_e', 'EX_ade_e', 'EX_arg__L_e', 'EX_trp__L_e', 'EX_tyr__L_e', 'EX_indole_e', 'EX_pyr_e', 'EX_so4_e', 'SDPTA', 'PAPSSH']","[0.010332522583511972, 9.636706136006978e-05, 4.709783391481509e-05, -1.6117245761758554e-06, 3.223449152351711e-06, 2.4466406784995343e-06, -2.44664072284774e-06, -0.00016450875637019635, -0.00016450875637019635, 0.00015909556378124017, -0.024631841000224256, -0.024631841000224256, -8.930238638393817e-05, -8.930238641369215e-05, 0.0003348227829746975, -0.0003348227829746975, -0.000388530522579672, 8.239062634189664e-06, 3.2417989577733855e-06, 2.44664072284774e-06, 1.6514824879220943e-06, -5.006438579126943e-05, -1.6731964296745616e-05, -9.636706136006978e-05, 0.03497965508825372, 0.010332522583511972, -7.645752258898797e-05, -7.645752259577421e-05, -7.645752258898797e-05, -7.645752258898797e-05, 0.010332522583511972, -7.768084295041444e-06, 1.4924508409373555e-06, 2.2876090758624373e-05, -7.554003231791465e-06, 7.554003218501748e-06, -1.4924507922842167e-06, 0.026793137428861986, 0.026793137428861986, 0.0247213666425935, 7.768084295041444e-06, 1.4924508409373555e-06, 8.514615545569815e-05, -0.010172575128321204, 1.6117245761756386e-06, 0.00025836526037892327, -0.00025836526033271023, -0.016389473799691082, 0.016389473799677035, 1.5291504516845578e-05, -0.024631841000224256, -3.629591512344793e-05, 1.4924508409373555e-06, 1.6117245761758554e-06, 0.00021614847465999815, -0.00026768482066330535, 2.957071128360106e-05, 7.554003231791465e-06, 0.016620562300545316, 9.78656289139096e-05, 7.73780711606567e-05, 4.876736040859697e-05, 7.554003231791465e-06, 7.554003231791465e-06, 4.373370292089229e-05, 7.768084295041444e-06, 1.4924508409373555e-06, -2.2343640571337123e-05, 0.01662056230054078, 1.744149005269112e-05, -1.5475002572011868e-06, -0.024814136530531584, -0.0008035966987988315, -7.768084287818056e-06, 2.2876090724821552e-05, 0.03497965508825372, 2.2427539960482787e-06, -2.2427539960482787e-06, 0.02480740826672445, 7.554003218501748e-06, -0.024631841000224256, 7.768084287818056e-06, 0.00724891481843315, 0.00724891481843315, -0.024635703634316997, 0.010332522583553327, -2.2937256776698646e-06, -7.768084295041444e-06, 0.016477363821650215, -7.645752258898797e-05, -2.2343640571337123e-05, 0.008322328657868638, 0.010332522583553327, 0.010332522583511972, 0.00526955938106255, -7.645752258898797e-05, -2.234364058040228e-05, -0.00025836526033271023, -2.2343640571337123e-05, 0.008317435376397952, -2.2343640571337123e-05, -0.035019412999986343, -0.03497965508825018, -0.035019412999986343, -0.008242367200533174, -0.016389473799691082, 0.008226158205729917, 0.008226158205729917, 7.554003231791465e-06, -5.006438579126943e-05, -0.000251137573143228, 0.010332522583511972, -2.1408106324917724e-06, -3.629591512344793e-05, -2.161607078635802e-05, -1.647812526837933e-05, -2.44664072284774e-06, 0.00016450875638053986, 8.930238638393817e-05, -0.00822615820574431, 0.03501941299999989, -0.016389473799691082, -0.007248914818459587, 2.234364058040228e-05, 7.645752259577421e-05, -2.234364058040228e-05]","[0.010332522583511972, 9.636706136006978e-05, 4.709783391481509e-05, 1.6117245761758554e-06, 3.223449152351711e-06, 2.4466406784995343e-06, 2.44664072284774e-06, 0.00016450875637019635, 0.00016450875637019635, 0.00015909556378124017, 0.024631841000224256, 0.024631841000224256, 8.930238638393817e-05, 8.930238641369215e-05, 0.0003348227829746975, 0.0003348227829746975, 0.000388530522579672, 8.239062634189664e-06, 3.2417989577733855e-06, 2.44664072284774e-06, 1.6514824879220943e-06, 5.006438579126943e-05, 1.6731964296745616e-05, 9.636706136006978e-05, 0.03497965508825372, 0.010332522583511972, 7.645752258898797e-05, 7.645752259577421e-05, 7.645752258898797e-05, 7.645752258898797e-05, 0.010332522583511972, 7.768084295041444e-06, 1.4924508409373555e-06, 2.2876090758624373e-05, 7.554003231791465e-06, 7.554003218501748e-06, 1.4924507922842167e-06, 0.026793137428861986, 0.026793137428861986, 0.0247213666425935, 7.768084295041444e-06, 1.4924508409373555e-06, 8.514615545569815e-05, 0.010172575128321204, 1.6117245761756386e-06, 0.00025836526037892327, 0.00025836526033271023, 0.016389473799691082, 0.016389473799677035, 1.5291504516845578e-05, 0.024631841000224256, 3.629591512344793e-05, 1.4924508409373555e-06, 1.6117245761758554e-06, 0.00021614847465999815, 0.00026768482066330535, 2.957071128360106e-05, 7.554003231791465e-06, 0.016620562300545316, 9.78656289139096e-05, 7.73780711606567e-05, 4.876736040859697e-05, 7.554003231791465e-06, 7.554003231791465e-06, 4.373370292089229e-05, 7.768084295041444e-06, 1.4924508409373555e-06, 2.2343640571337123e-05, 0.01662056230054078, 1.744149005269112e-05, 1.5475002572011868e-06, 0.024814136530531584, 0.0008035966987988315, 7.768084287818056e-06, 2.2876090724821552e-05, 0.03497965508825372, 2.2427539960482787e-06, 2.2427539960482787e-06, 0.02480740826672445, 7.554003218501748e-06, 0.024631841000224256, 7.768084287818056e-06, 0.00724891481843315, 0.00724891481843315, 0.024635703634316997, 0.010332522583553327, 2.2937256776698646e-06, 7.768084295041444e-06, 0.016477363821650215, 7.645752258898797e-05, 2.2343640571337123e-05, 0.008322328657868638, 0.010332522583553327, 0.010332522583511972, 0.00526955938106255, 7.645752258898797e-05, 2.234364058040228e-05, 0.00025836526033271023, 2.2343640571337123e-05, 0.008317435376397952, 2.2343640571337123e-05, 0.035019412999986343, 0.03497965508825018, 0.035019412999986343, 0.008242367200533174, 0.016389473799691082, 0.008226158205729917, 0.008226158205729917, 7.554003231791465e-06, 5.006438579126943e-05, 0.000251137573143228, 0.010332522583511972, 2.1408106324917724e-06, 3.629591512344793e-05, 2.161607078635802e-05, 1.647812526837933e-05, 2.44664072284774e-06, 0.00016450875638053986, 8.930238638393817e-05, 0.00822615820574431, 0.03501941299999989, 0.016389473799691082, 0.007248914818459587, 2.234364058040228e-05, 7.645752259577421e-05, 2.234364058040228e-05]","['EX_cytd_e', 'GLCP', 'AACPS1', 'ADEt2rpp', 'ADEtex', 'AMPN', 'ARGtex', 'CDAPPA160', 'CDAPPA161', 'CYSS', 'CDAPPA181', 'CYTDtex', 'CHORM', 'FACOAE160', 'DRPA', 'DURIPP', 'ECOAH8', 'EDA', 'EDD', 'GLUSy', 'GUAPRT', 'HACD8i', 'GMPR', 'GPDDA4', 'ICL', 'ACACT8r', 'LPLIPAL2G140', 'MACPD', 'NTD6', 'P5CD', 'NTPP2', 'NTPP4', 'NTPP5', 'NTPP7', 'NTPP8', 'NTPTP1', 'CTECOAI8', 'PFL', 'PPK2', 'PPM2', 'PPND', 'PPPGO', 'PPS', 'PUNP2', 'PUNP4', 'THD2pp', 'TYRTA', 'UPPRT', 'EX_ade_e', 'EX_arg__L_e']","['2AGPGAT140', 'ACSERtex', 'ACSERtpp', 'ARGabcpp', 'ASAD', 'ASPK', 'ASPT', 'CYTD', 'CYTDK2', 'DAPDC', 'DAPE', 'DHDPRy', 'DHDPS', 'FLDR', 'DURIK1', 'GND', 'HSDy', 'HSK', 'INDOLEt2pp', 'INDOLEtex', 'KAS15', 'NADPHQR2', 'PAPSR', 'PPA', 'PPC', 'PPPGO3', 'PYRt2rpp', 'PYRtex', 'PGPP160', 'RNTR3c', 'SDPDS', 'SULR', 'THDPS', 'SO4tex', 'THRS', 'SULabcpp', 'TRDR', 'TYRt2rpp', 'TYRtex', 'TRPS1', 'TRPt2rpp', 'TRPtex', 'URIK2', 'PIuabcpp', 'ENOPH', 'EAR80y', 'EAR140y', 'EAR160y', 'EX_acser_e', 'EX_trp__L_e', 'EX_tyr__L_e', 'EX_indole_e', 'EX_pyr_e', 'EX_so4_e', 'SDPTA', 'PAPSSH']","['DDPA', 'ANPRT', 'ANS', 'CHORS', 'DHQS', 'IGPS', 'NTD4', 'G6PDH2r', 'PGL', 'PG160abcpp', 'PRAIi', 'PRPPS', 'PSCVT', 'RPI', 'TALA', 'SHK3Dr', 'SHKK', 'TKT1', 'TRPS3', 'DHQTi']",TYRt2rpp,CHORM,0.8632379063291074,1,126,20,-8.0,-0.06132758364040067,iPC815,PSL,True,False,-3.03816338309664,0.0,0.0,1.00000000000006
118,"['DDPA', 'EX_cytd_e', 'GLCP', '2AGPGAT140', 'AACPS1', 'ACSERtex', 'ACSERtpp', 'ADEt2rpp', 'ADEtex', 'AMPN', 'ANPRT', 'ANS', 'ARGabcpp', 'ARGtex', 'ASAD', 'ASPK', 'ASPT', 'CDAPPA160', 'CDAPPA161', 'CYSS', 'CDAPPA181', 'CYTD', 'CYTDK2', 'CYTDtex', 'CHORM', 'CHORS', 'DAPDC', 'DAPE', 'DHDPRy', 'DHDPS', 'DHQS', 'FLDR', 'FACOAE160', 'DRPA', 'DURIK1', 'DURIPP', 'ECOAH8', 'EDA', 'EDD', 'GLUSy', 'GUAPRT', 'HACD8i', 'GMPR', 'GND', 'GPDDA4', 'HSDy', 'HSK', 'INDOLEt2pp', 'INDOLEtex', 'ICL', 'IGPS', 'KAS15', 'ACACT8r', 'LPLIPAL2G140', 'MACPD', 'NADPHQR2', 'NTD4', 'NTD6', 'G6PDH2r', 'P5CD', 'NTPP2', 'NTPP4', 'NTPP5', 'NTPP7', 'NTPP8', 'NTPTP1', 'CTECOAI8', 'PAPSR', 'PGL', 'PFL', 'PG160abcpp', 'PPA', 'PPC', 'PPK2', 'PPM2', 'PPND', 'PPPGO', 'PPPGO3', 'PPS', 'PUNP2', 'PRAIi', 'PUNP4', 'PYRt2rpp', 'PYRtex', 'PRPPS', 'PSCVT', 'PGPP160', 'RNTR3c', 'RPI', 'SDPDS', 'SULR', 'TALA', 'SHK3Dr', 'SHKK', 'THD2pp', 'THDPS', 'SO4tex', 'THRS', 'SULabcpp', 'TKT1', 'TRDR', 'TYRt2rpp', 'TYRTA', 'TYRtex', 'TRPS1', 'TRPS3', 'TRPt2rpp', 'TRPtex', 'UPPRT', 'URIK2', 'PIuabcpp', 'DHQTi', 'ENOPH', 'EAR80y', 'EAR140y', 'EAR160y', 'EX_acser_e', 'EX_ade_e', 'EX_arg__L_e', 'EX_trp__L_e', 'EX_tyr__L_e', 'EX_indole_e', 'EX_pyr_e', 'EX_so4_e', 'SDPTA', 'PAPSSH']","[0.010332522583511972, 9.636706136006978e-05, 4.709783391481509e-05, -1.6117245761758554e-06, 3.223449152351711e-06, 2.4466406784995343e-06, -2.44664072284774e-06, -0.00016450875637019635, -0.00016450875637019635, 0.00015909556378124017, -0.024631841000224256, -0.024631841000224256, -8.930238638393817e-05, -8.930238641369215e-05, 0.0003348227829746975, -0.0003348227829746975, -0.000388530522579672, 8.239062634189664e-06, 3.2417989577733855e-06, 2.44664072284774e-06, 1.6514824879220943e-06, -5.006438579126943e-05, -1.6731964296745616e-05, -9.636706136006978e-05, 0.03497965508825372, 0.010332522583511972, -7.645752258898797e-05, -7.645752259577421e-05, -7.645752258898797e-05, -7.645752258898797e-05, 0.010332522583511972, -7.768084295041444e-06, 1.4924508409373555e-06, 2.2876090758624373e-05, -7.554003231791465e-06, 7.554003218501748e-06, -1.4924507922842167e-06, 0.026793137428861986, 0.026793137428861986, 0.0247213666425935, 7.768084295041444e-06, 1.4924508409373555e-06, 8.514615545569815e-05, -0.010172575128321204, 1.6117245761756386e-06, 0.00025836526037892327, -0.00025836526033271023, -0.016389473799691082, 0.016389473799677035, 1.5291504516845578e-05, -0.024631841000224256, -3.629591512344793e-05, 1.4924508409373555e-06, 1.6117245761758554e-06, 0.00021614847465999815, -0.00026768482066330535, 2.957071128360106e-05, 7.554003231791465e-06, 0.016620562300545316, 9.78656289139096e-05, 7.73780711606567e-05, 4.876736040859697e-05, 7.554003231791465e-06, 7.554003231791465e-06, 4.373370292089229e-05, 7.768084295041444e-06, 1.4924508409373555e-06, -2.2343640571337123e-05, 0.01662056230054078, 1.744149005269112e-05, -1.5475002572011868e-06, -0.024814136530531584, -0.0008035966987988315, -7.768084287818056e-06, 2.2876090724821552e-05, 0.03497965508825372, 2.2427539960482787e-06, -2.2427539960482787e-06, 0.02480740826672445, 7.554003218501748e-06, -0.024631841000224256, 7.768084287818056e-06, 0.00724891481843315, 0.00724891481843315, -0.024635703634316997, 0.010332522583553327, -2.2937256776698646e-06, -7.768084295041444e-06, 0.016477363821650215, -7.645752258898797e-05, -2.2343640571337123e-05, 0.008322328657868638, 0.010332522583553327, 0.010332522583511972, 0.00526955938106255, -7.645752258898797e-05, -2.234364058040228e-05, -0.00025836526033271023, -2.2343640571337123e-05, 0.008317435376397952, -2.2343640571337123e-05, -0.035019412999986343, -0.03497965508825018, -0.035019412999986343, -0.008242367200533174, -0.016389473799691082, 0.008226158205729917, 0.008226158205729917, 7.554003231791465e-06, -5.006438579126943e-05, -0.000251137573143228, 0.010332522583511972, -2.1408106324917724e-06, -3.629591512344793e-05, -2.161607078635802e-05, -1.647812526837933e-05, -2.44664072284774e-06, 0.00016450875638053986, 8.930238638393817e-05, -0.00822615820574431, 0.03501941299999989, -0.016389473799691082, -0.007248914818459587, 2.234364058040228e-05, 7.645752259577421e-05, -2.234364058040228e-05]","[0.010332522583511972, 9.636706136006978e-05, 4.709783391481509e-05, 1.6117245761758554e-06, 3.223449152351711e-06, 2.4466406784995343e-06, 2.44664072284774e-06, 0.00016450875637019635, 0.00016450875637019635, 0.00015909556378124017, 0.024631841000224256, 0.024631841000224256, 8.930238638393817e-05, 8.930238641369215e-05, 0.0003348227829746975, 0.0003348227829746975, 0.000388530522579672, 8.239062634189664e-06, 3.2417989577733855e-06, 2.44664072284774e-06, 1.6514824879220943e-06, 5.006438579126943e-05, 1.6731964296745616e-05, 9.636706136006978e-05, 0.03497965508825372, 0.010332522583511972, 7.645752258898797e-05, 7.645752259577421e-05, 7.645752258898797e-05, 7.645752258898797e-05, 0.010332522583511972, 7.768084295041444e-06, 1.4924508409373555e-06, 2.2876090758624373e-05, 7.554003231791465e-06, 7.554003218501748e-06, 1.4924507922842167e-06, 0.026793137428861986, 0.026793137428861986, 0.0247213666425935, 7.768084295041444e-06, 1.4924508409373555e-06, 8.514615545569815e-05, 0.010172575128321204, 1.6117245761756386e-06, 0.00025836526037892327, 0.00025836526033271023, 0.016389473799691082, 0.016389473799677035, 1.5291504516845578e-05, 0.024631841000224256, 3.629591512344793e-05, 1.4924508409373555e-06, 1.6117245761758554e-06, 0.00021614847465999815, 0.00026768482066330535, 2.957071128360106e-05, 7.554003231791465e-06, 0.016620562300545316, 9.78656289139096e-05, 7.73780711606567e-05, 4.876736040859697e-05, 7.554003231791465e-06, 7.554003231791465e-06, 4.373370292089229e-05, 7.768084295041444e-06, 1.4924508409373555e-06, 2.2343640571337123e-05, 0.01662056230054078, 1.744149005269112e-05, 1.5475002572011868e-06, 0.024814136530531584, 0.0008035966987988315, 7.768084287818056e-06, 2.2876090724821552e-05, 0.03497965508825372, 2.2427539960482787e-06, 2.2427539960482787e-06, 0.02480740826672445, 7.554003218501748e-06, 0.024631841000224256, 7.768084287818056e-06, 0.00724891481843315, 0.00724891481843315, 0.024635703634316997, 0.010332522583553327, 2.2937256776698646e-06, 7.768084295041444e-06, 0.016477363821650215, 7.645752258898797e-05, 2.2343640571337123e-05, 0.008322328657868638, 0.010332522583553327, 0.010332522583511972, 0.00526955938106255, 7.645752258898797e-05, 2.234364058040228e-05, 0.00025836526033271023, 2.2343640571337123e-05, 0.008317435376397952, 2.2343640571337123e-05, 0.035019412999986343, 0.03497965508825018, 0.035019412999986343, 0.008242367200533174, 0.016389473799691082, 0.008226158205729917, 0.008226158205729917, 7.554003231791465e-06, 5.006438579126943e-05, 0.000251137573143228, 0.010332522583511972, 2.1408106324917724e-06, 3.629591512344793e-05, 2.161607078635802e-05, 1.647812526837933e-05, 2.44664072284774e-06, 0.00016450875638053986, 8.930238638393817e-05, 0.00822615820574431, 0.03501941299999989, 0.016389473799691082, 0.007248914818459587, 2.234364058040228e-05, 7.645752259577421e-05, 2.234364058040228e-05]","['EX_cytd_e', 'GLCP', 'AACPS1', 'ADEt2rpp', 'ADEtex', 'AMPN', 'ARGtex', 'CDAPPA160', 'CDAPPA161', 'CYSS', 'CDAPPA181', 'CYTDtex', 'CHORM', 'FACOAE160', 'DRPA', 'DURIPP', 'ECOAH8', 'EDA', 'EDD', 'GLUSy', 'GUAPRT', 'HACD8i', 'GMPR', 'GPDDA4', 'ICL', 'ACACT8r', 'LPLIPAL2G140', 'MACPD', 'NTD6', 'P5CD', 'NTPP2', 'NTPP4', 'NTPP5', 'NTPP7', 'NTPP8', 'NTPTP1', 'CTECOAI8', 'PFL', 'PPK2', 'PPM2', 'PPND', 'PPPGO', 'PPS', 'PUNP2', 'PUNP4', 'THD2pp', 'TYRTA', 'UPPRT', 'EX_ade_e', 'EX_arg__L_e']","['2AGPGAT140', 'ACSERtex', 'ACSERtpp', 'ARGabcpp', 'ASAD', 'ASPK', 'ASPT', 'CYTD', 'CYTDK2', 'DAPDC', 'DAPE', 'DHDPRy', 'DHDPS', 'FLDR', 'DURIK1', 'GND', 'HSDy', 'HSK', 'INDOLEt2pp', 'INDOLEtex', 'KAS15', 'NADPHQR2', 'PAPSR', 'PPA', 'PPC', 'PPPGO3', 'PYRt2rpp', 'PYRtex', 'PGPP160', 'RNTR3c', 'SDPDS', 'SULR', 'THDPS', 'SO4tex', 'THRS', 'SULabcpp', 'TRDR', 'TYRt2rpp', 'TYRtex', 'TRPS1', 'TRPt2rpp', 'TRPtex', 'URIK2', 'PIuabcpp', 'ENOPH', 'EAR80y', 'EAR140y', 'EAR160y', 'EX_acser_e', 'EX_trp__L_e', 'EX_tyr__L_e', 'EX_indole_e', 'EX_pyr_e', 'EX_so4_e', 'SDPTA', 'PAPSSH']","['DDPA', 'ANPRT', 'ANS', 'CHORS', 'DHQS', 'IGPS', 'NTD4', 'G6PDH2r', 'PGL', 'PG160abcpp', 'PRAIi', 'PRPPS', 'PSCVT', 'RPI', 'TALA', 'SHK3Dr', 'SHKK', 'TKT1', 'TRPS3', 'DHQTi']",TYRt2rpp,PPND,0.8632379063291074,1,126,20,-8.0,-0.06132758364040067,iPC815,PSL,True,False,-3.03816338309664,0.0,0.0,0.0
119,"['DDPA', 'EX_cytd_e', 'GLCP', '2AGPGAT140', 'AACPS1', 'ACSERtex', 'ACSERtpp', 'ADEt2rpp', 'ADEtex', 'AMPN', 'ANPRT', 'ANS', 'ARGabcpp', 'ARGtex', 'ASAD', 'ASPK', 'ASPT', 'CDAPPA160', 'CDAPPA161', 'CYSS', 'CDAPPA181', 'CYTD', 'CYTDK2', 'CYTDtex', 'CHORM', 'CHORS', 'DAPDC', 'DAPE', 'DHDPRy', 'DHDPS', 'DHQS', 'FLDR', 'FACOAE160', 'DRPA', 'DURIK1', 'DURIPP', 'ECOAH8', 'EDA', 'EDD', 'GLUSy', 'GUAPRT', 'HACD8i', 'GMPR', 'GND', 'GPDDA4', 'HSDy', 'HSK', 'INDOLEt2pp', 'INDOLEtex', 'ICL', 'IGPS', 'KAS15', 'ACACT8r', 'LPLIPAL2G140', 'MACPD', 'NADPHQR2', 'NTD4', 'NTD6', 'G6PDH2r', 'P5CD', 'NTPP2', 'NTPP4', 'NTPP5', 'NTPP7', 'NTPP8', 'NTPTP1', 'CTECOAI8', 'PAPSR', 'PGL', 'PFL', 'PG160abcpp', 'PPA', 'PPC', 'PPK2', 'PPM2', 'PPND', 'PPPGO', 'PPPGO3', 'PPS', 'PUNP2', 'PRAIi', 'PUNP4', 'PYRt2rpp', 'PYRtex', 'PRPPS', 'PSCVT', 'PGPP160', 'RNTR3c', 'RPI', 'SDPDS', 'SULR', 'TALA', 'SHK3Dr', 'SHKK', 'THD2pp', 'THDPS', 'SO4tex', 'THRS', 'SULabcpp', 'TKT1', 'TRDR', 'TYRt2rpp', 'TYRTA', 'TYRtex', 'TRPS1', 'TRPS3', 'TRPt2rpp', 'TRPtex', 'UPPRT', 'URIK2', 'PIuabcpp', 'DHQTi', 'ENOPH', 'EAR80y', 'EAR140y', 'EAR160y', 'EX_acser_e', 'EX_ade_e', 'EX_arg__L_e', 'EX_trp__L_e', 'EX_tyr__L_e', 'EX_indole_e', 'EX_pyr_e', 'EX_so4_e', 'SDPTA', 'PAPSSH']","[0.010332522583511972, 9.636706136006978e-05, 4.709783391481509e-05, -1.6117245761758554e-06, 3.223449152351711e-06, 2.4466406784995343e-06, -2.44664072284774e-06, -0.00016450875637019635, -0.00016450875637019635, 0.00015909556378124017, -0.024631841000224256, -0.024631841000224256, -8.930238638393817e-05, -8.930238641369215e-05, 0.0003348227829746975, -0.0003348227829746975, -0.000388530522579672, 8.239062634189664e-06, 3.2417989577733855e-06, 2.44664072284774e-06, 1.6514824879220943e-06, -5.006438579126943e-05, -1.6731964296745616e-05, -9.636706136006978e-05, 0.03497965508825372, 0.010332522583511972, -7.645752258898797e-05, -7.645752259577421e-05, -7.645752258898797e-05, -7.645752258898797e-05, 0.010332522583511972, -7.768084295041444e-06, 1.4924508409373555e-06, 2.2876090758624373e-05, -7.554003231791465e-06, 7.554003218501748e-06, -1.4924507922842167e-06, 0.026793137428861986, 0.026793137428861986, 0.0247213666425935, 7.768084295041444e-06, 1.4924508409373555e-06, 8.514615545569815e-05, -0.010172575128321204, 1.6117245761756386e-06, 0.00025836526037892327, -0.00025836526033271023, -0.016389473799691082, 0.016389473799677035, 1.5291504516845578e-05, -0.024631841000224256, -3.629591512344793e-05, 1.4924508409373555e-06, 1.6117245761758554e-06, 0.00021614847465999815, -0.00026768482066330535, 2.957071128360106e-05, 7.554003231791465e-06, 0.016620562300545316, 9.78656289139096e-05, 7.73780711606567e-05, 4.876736040859697e-05, 7.554003231791465e-06, 7.554003231791465e-06, 4.373370292089229e-05, 7.768084295041444e-06, 1.4924508409373555e-06, -2.2343640571337123e-05, 0.01662056230054078, 1.744149005269112e-05, -1.5475002572011868e-06, -0.024814136530531584, -0.0008035966987988315, -7.768084287818056e-06, 2.2876090724821552e-05, 0.03497965508825372, 2.2427539960482787e-06, -2.2427539960482787e-06, 0.02480740826672445, 7.554003218501748e-06, -0.024631841000224256, 7.768084287818056e-06, 0.00724891481843315, 0.00724891481843315, -0.024635703634316997, 0.010332522583553327, -2.2937256776698646e-06, -7.768084295041444e-06, 0.016477363821650215, -7.645752258898797e-05, -2.2343640571337123e-05, 0.008322328657868638, 0.010332522583553327, 0.010332522583511972, 0.00526955938106255, -7.645752258898797e-05, -2.234364058040228e-05, -0.00025836526033271023, -2.2343640571337123e-05, 0.008317435376397952, -2.2343640571337123e-05, -0.035019412999986343, -0.03497965508825018, -0.035019412999986343, -0.008242367200533174, -0.016389473799691082, 0.008226158205729917, 0.008226158205729917, 7.554003231791465e-06, -5.006438579126943e-05, -0.000251137573143228, 0.010332522583511972, -2.1408106324917724e-06, -3.629591512344793e-05, -2.161607078635802e-05, -1.647812526837933e-05, -2.44664072284774e-06, 0.00016450875638053986, 8.930238638393817e-05, -0.00822615820574431, 0.03501941299999989, -0.016389473799691082, -0.007248914818459587, 2.234364058040228e-05, 7.645752259577421e-05, -2.234364058040228e-05]","[0.010332522583511972, 9.636706136006978e-05, 4.709783391481509e-05, 1.6117245761758554e-06, 3.223449152351711e-06, 2.4466406784995343e-06, 2.44664072284774e-06, 0.00016450875637019635, 0.00016450875637019635, 0.00015909556378124017, 0.024631841000224256, 0.024631841000224256, 8.930238638393817e-05, 8.930238641369215e-05, 0.0003348227829746975, 0.0003348227829746975, 0.000388530522579672, 8.239062634189664e-06, 3.2417989577733855e-06, 2.44664072284774e-06, 1.6514824879220943e-06, 5.006438579126943e-05, 1.6731964296745616e-05, 9.636706136006978e-05, 0.03497965508825372, 0.010332522583511972, 7.645752258898797e-05, 7.645752259577421e-05, 7.645752258898797e-05, 7.645752258898797e-05, 0.010332522583511972, 7.768084295041444e-06, 1.4924508409373555e-06, 2.2876090758624373e-05, 7.554003231791465e-06, 7.554003218501748e-06, 1.4924507922842167e-06, 0.026793137428861986, 0.026793137428861986, 0.0247213666425935, 7.768084295041444e-06, 1.4924508409373555e-06, 8.514615545569815e-05, 0.010172575128321204, 1.6117245761756386e-06, 0.00025836526037892327, 0.00025836526033271023, 0.016389473799691082, 0.016389473799677035, 1.5291504516845578e-05, 0.024631841000224256, 3.629591512344793e-05, 1.4924508409373555e-06, 1.6117245761758554e-06, 0.00021614847465999815, 0.00026768482066330535, 2.957071128360106e-05, 7.554003231791465e-06, 0.016620562300545316, 9.78656289139096e-05, 7.73780711606567e-05, 4.876736040859697e-05, 7.554003231791465e-06, 7.554003231791465e-06, 4.373370292089229e-05, 7.768084295041444e-06, 1.4924508409373555e-06, 2.2343640571337123e-05, 0.01662056230054078, 1.744149005269112e-05, 1.5475002572011868e-06, 0.024814136530531584, 0.0008035966987988315, 7.768084287818056e-06, 2.2876090724821552e-05, 0.03497965508825372, 2.2427539960482787e-06, 2.2427539960482787e-06, 0.02480740826672445, 7.554003218501748e-06, 0.024631841000224256, 7.768084287818056e-06, 0.00724891481843315, 0.00724891481843315, 0.024635703634316997, 0.010332522583553327, 2.2937256776698646e-06, 7.768084295041444e-06, 0.016477363821650215, 7.645752258898797e-05, 2.2343640571337123e-05, 0.008322328657868638, 0.010332522583553327, 0.010332522583511972, 0.00526955938106255, 7.645752258898797e-05, 2.234364058040228e-05, 0.00025836526033271023, 2.2343640571337123e-05, 0.008317435376397952, 2.2343640571337123e-05, 0.035019412999986343, 0.03497965508825018, 0.035019412999986343, 0.008242367200533174, 0.016389473799691082, 0.008226158205729917, 0.008226158205729917, 7.554003231791465e-06, 5.006438579126943e-05, 0.000251137573143228, 0.010332522583511972, 2.1408106324917724e-06, 3.629591512344793e-05, 2.161607078635802e-05, 1.647812526837933e-05, 2.44664072284774e-06, 0.00016450875638053986, 8.930238638393817e-05, 0.00822615820574431, 0.03501941299999989, 0.016389473799691082, 0.007248914818459587, 2.234364058040228e-05, 7.645752259577421e-05, 2.234364058040228e-05]","['EX_cytd_e', 'GLCP', 'AACPS1', 'ADEt2rpp', 'ADEtex', 'AMPN', 'ARGtex', 'CDAPPA160', 'CDAPPA161', 'CYSS', 'CDAPPA181', 'CYTDtex', 'CHORM', 'FACOAE160', 'DRPA', 'DURIPP', 'ECOAH8', 'EDA', 'EDD', 'GLUSy', 'GUAPRT', 'HACD8i', 'GMPR', 'GPDDA4', 'ICL', 'ACACT8r', 'LPLIPAL2G140', 'MACPD', 'NTD6', 'P5CD', 'NTPP2', 'NTPP4', 'NTPP5', 'NTPP7', 'NTPP8', 'NTPTP1', 'CTECOAI8', 'PFL', 'PPK2', 'PPM2', 'PPND', 'PPPGO', 'PPS', 'PUNP2', 'PUNP4', 'THD2pp', 'TYRTA', 'UPPRT', 'EX_ade_e', 'EX_arg__L_e']","['2AGPGAT140', 'ACSERtex', 'ACSERtpp', 'ARGabcpp', 'ASAD', 'ASPK', 'ASPT', 'CYTD', 'CYTDK2', 'DAPDC', 'DAPE', 'DHDPRy', 'DHDPS', 'FLDR', 'DURIK1', 'GND', 'HSDy', 'HSK', 'INDOLEt2pp', 'INDOLEtex', 'KAS15', 'NADPHQR2', 'PAPSR', 'PPA', 'PPC', 'PPPGO3', 'PYRt2rpp', 'PYRtex', 'PGPP160', 'RNTR3c', 'SDPDS', 'SULR', 'THDPS', 'SO4tex', 'THRS', 'SULabcpp', 'TRDR', 'TYRt2rpp', 'TYRtex', 'TRPS1', 'TRPt2rpp', 'TRPtex', 'URIK2', 'PIuabcpp', 'ENOPH', 'EAR80y', 'EAR140y', 'EAR160y', 'EX_acser_e', 'EX_trp__L_e', 'EX_tyr__L_e', 'EX_indole_e', 'EX_pyr_e', 'EX_so4_e', 'SDPTA', 'PAPSSH']","['DDPA', 'ANPRT', 'ANS', 'CHORS', 'DHQS', 'IGPS', 'NTD4', 'G6PDH2r', 'PGL', 'PG160abcpp', 'PRAIi', 'PRPPS', 'PSCVT', 'RPI', 'TALA', 'SHK3Dr', 'SHKK', 'TKT1', 'TRPS3', 'DHQTi']",TYRt2rpp,TYRTA,0.8632379063291074,1,126,20,-8.0,-0.06132758364040067,iPC815,PSL,True,True,-3.03816338309664,-3.04000651010163,0.0,0.0
120,"['DDPA', 'EX_cytd_e', 'GLCP', '2AGPGAT140', 'AACPS1', 'ACSERtex', 'ACSERtpp', 'ADEt2rpp', 'ADEtex', 'AMPN', 'ANPRT', 'ANS', 'ARGabcpp', 'ARGtex', 'ASAD', 'ASPK', 'ASPT', 'CDAPPA160', 'CDAPPA161', 'CYSS', 'CDAPPA181', 'CYTD', 'CYTDK2', 'CYTDtex', 'CHORM', 'CHORS', 'DAPDC', 'DAPE', 'DHDPRy', 'DHDPS', 'DHQS', 'FLDR', 'FACOAE160', 'DRPA', 'DURIK1', 'DURIPP', 'ECOAH8', 'EDA', 'EDD', 'GLUSy', 'GUAPRT', 'HACD8i', 'GMPR', 'GND', 'GPDDA4', 'HSDy', 'HSK', 'INDOLEt2pp', 'INDOLEtex', 'ICL', 'IGPS', 'KAS15', 'ACACT8r', 'LPLIPAL2G140', 'MACPD', 'NADPHQR2', 'NTD4', 'NTD6', 'G6PDH2r', 'P5CD', 'NTPP2', 'NTPP4', 'NTPP5', 'NTPP7', 'NTPP8', 'NTPTP1', 'CTECOAI8', 'PAPSR', 'PGL', 'PFL', 'PG160abcpp', 'PPA', 'PPC', 'PPK2', 'PPM2', 'PPND', 'PPPGO', 'PPPGO3', 'PPS', 'PUNP2', 'PRAIi', 'PUNP4', 'PYRt2rpp', 'PYRtex', 'PRPPS', 'PSCVT', 'PGPP160', 'RNTR3c', 'RPI', 'SDPDS', 'SULR', 'TALA', 'SHK3Dr', 'SHKK', 'THD2pp', 'THDPS', 'SO4tex', 'THRS', 'SULabcpp', 'TKT1', 'TRDR', 'TYRt2rpp', 'TYRTA', 'TYRtex', 'TRPS1', 'TRPS3', 'TRPt2rpp', 'TRPtex', 'UPPRT', 'URIK2', 'PIuabcpp', 'DHQTi', 'ENOPH', 'EAR80y', 'EAR140y', 'EAR160y', 'EX_acser_e', 'EX_ade_e', 'EX_arg__L_e', 'EX_trp__L_e', 'EX_tyr__L_e', 'EX_indole_e', 'EX_pyr_e', 'EX_so4_e', 'SDPTA', 'PAPSSH']","[0.010332522583511972, 9.636706136006978e-05, 4.709783391481509e-05, -1.6117245761758554e-06, 3.223449152351711e-06, 2.4466406784995343e-06, -2.44664072284774e-06, -0.00016450875637019635, -0.00016450875637019635, 0.00015909556378124017, -0.024631841000224256, -0.024631841000224256, -8.930238638393817e-05, -8.930238641369215e-05, 0.0003348227829746975, -0.0003348227829746975, -0.000388530522579672, 8.239062634189664e-06, 3.2417989577733855e-06, 2.44664072284774e-06, 1.6514824879220943e-06, -5.006438579126943e-05, -1.6731964296745616e-05, -9.636706136006978e-05, 0.03497965508825372, 0.010332522583511972, -7.645752258898797e-05, -7.645752259577421e-05, -7.645752258898797e-05, -7.645752258898797e-05, 0.010332522583511972, -7.768084295041444e-06, 1.4924508409373555e-06, 2.2876090758624373e-05, -7.554003231791465e-06, 7.554003218501748e-06, -1.4924507922842167e-06, 0.026793137428861986, 0.026793137428861986, 0.0247213666425935, 7.768084295041444e-06, 1.4924508409373555e-06, 8.514615545569815e-05, -0.010172575128321204, 1.6117245761756386e-06, 0.00025836526037892327, -0.00025836526033271023, -0.016389473799691082, 0.016389473799677035, 1.5291504516845578e-05, -0.024631841000224256, -3.629591512344793e-05, 1.4924508409373555e-06, 1.6117245761758554e-06, 0.00021614847465999815, -0.00026768482066330535, 2.957071128360106e-05, 7.554003231791465e-06, 0.016620562300545316, 9.78656289139096e-05, 7.73780711606567e-05, 4.876736040859697e-05, 7.554003231791465e-06, 7.554003231791465e-06, 4.373370292089229e-05, 7.768084295041444e-06, 1.4924508409373555e-06, -2.2343640571337123e-05, 0.01662056230054078, 1.744149005269112e-05, -1.5475002572011868e-06, -0.024814136530531584, -0.0008035966987988315, -7.768084287818056e-06, 2.2876090724821552e-05, 0.03497965508825372, 2.2427539960482787e-06, -2.2427539960482787e-06, 0.02480740826672445, 7.554003218501748e-06, -0.024631841000224256, 7.768084287818056e-06, 0.00724891481843315, 0.00724891481843315, -0.024635703634316997, 0.010332522583553327, -2.2937256776698646e-06, -7.768084295041444e-06, 0.016477363821650215, -7.645752258898797e-05, -2.2343640571337123e-05, 0.008322328657868638, 0.010332522583553327, 0.010332522583511972, 0.00526955938106255, -7.645752258898797e-05, -2.234364058040228e-05, -0.00025836526033271023, -2.2343640571337123e-05, 0.008317435376397952, -2.2343640571337123e-05, -0.035019412999986343, -0.03497965508825018, -0.035019412999986343, -0.008242367200533174, -0.016389473799691082, 0.008226158205729917, 0.008226158205729917, 7.554003231791465e-06, -5.006438579126943e-05, -0.000251137573143228, 0.010332522583511972, -2.1408106324917724e-06, -3.629591512344793e-05, -2.161607078635802e-05, -1.647812526837933e-05, -2.44664072284774e-06, 0.00016450875638053986, 8.930238638393817e-05, -0.00822615820574431, 0.03501941299999989, -0.016389473799691082, -0.007248914818459587, 2.234364058040228e-05, 7.645752259577421e-05, -2.234364058040228e-05]","[0.010332522583511972, 9.636706136006978e-05, 4.709783391481509e-05, 1.6117245761758554e-06, 3.223449152351711e-06, 2.4466406784995343e-06, 2.44664072284774e-06, 0.00016450875637019635, 0.00016450875637019635, 0.00015909556378124017, 0.024631841000224256, 0.024631841000224256, 8.930238638393817e-05, 8.930238641369215e-05, 0.0003348227829746975, 0.0003348227829746975, 0.000388530522579672, 8.239062634189664e-06, 3.2417989577733855e-06, 2.44664072284774e-06, 1.6514824879220943e-06, 5.006438579126943e-05, 1.6731964296745616e-05, 9.636706136006978e-05, 0.03497965508825372, 0.010332522583511972, 7.645752258898797e-05, 7.645752259577421e-05, 7.645752258898797e-05, 7.645752258898797e-05, 0.010332522583511972, 7.768084295041444e-06, 1.4924508409373555e-06, 2.2876090758624373e-05, 7.554003231791465e-06, 7.554003218501748e-06, 1.4924507922842167e-06, 0.026793137428861986, 0.026793137428861986, 0.0247213666425935, 7.768084295041444e-06, 1.4924508409373555e-06, 8.514615545569815e-05, 0.010172575128321204, 1.6117245761756386e-06, 0.00025836526037892327, 0.00025836526033271023, 0.016389473799691082, 0.016389473799677035, 1.5291504516845578e-05, 0.024631841000224256, 3.629591512344793e-05, 1.4924508409373555e-06, 1.6117245761758554e-06, 0.00021614847465999815, 0.00026768482066330535, 2.957071128360106e-05, 7.554003231791465e-06, 0.016620562300545316, 9.78656289139096e-05, 7.73780711606567e-05, 4.876736040859697e-05, 7.554003231791465e-06, 7.554003231791465e-06, 4.373370292089229e-05, 7.768084295041444e-06, 1.4924508409373555e-06, 2.2343640571337123e-05, 0.01662056230054078, 1.744149005269112e-05, 1.5475002572011868e-06, 0.024814136530531584, 0.0008035966987988315, 7.768084287818056e-06, 2.2876090724821552e-05, 0.03497965508825372, 2.2427539960482787e-06, 2.2427539960482787e-06, 0.02480740826672445, 7.554003218501748e-06, 0.024631841000224256, 7.768084287818056e-06, 0.00724891481843315, 0.00724891481843315, 0.024635703634316997, 0.010332522583553327, 2.2937256776698646e-06, 7.768084295041444e-06, 0.016477363821650215, 7.645752258898797e-05, 2.2343640571337123e-05, 0.008322328657868638, 0.010332522583553327, 0.010332522583511972, 0.00526955938106255, 7.645752258898797e-05, 2.234364058040228e-05, 0.00025836526033271023, 2.2343640571337123e-05, 0.008317435376397952, 2.2343640571337123e-05, 0.035019412999986343, 0.03497965508825018, 0.035019412999986343, 0.008242367200533174, 0.016389473799691082, 0.008226158205729917, 0.008226158205729917, 7.554003231791465e-06, 5.006438579126943e-05, 0.000251137573143228, 0.010332522583511972, 2.1408106324917724e-06, 3.629591512344793e-05, 2.161607078635802e-05, 1.647812526837933e-05, 2.44664072284774e-06, 0.00016450875638053986, 8.930238638393817e-05, 0.00822615820574431, 0.03501941299999989, 0.016389473799691082, 0.007248914818459587, 2.234364058040228e-05, 7.645752259577421e-05, 2.234364058040228e-05]","['EX_cytd_e', 'GLCP', 'AACPS1', 'ADEt2rpp', 'ADEtex', 'AMPN', 'ARGtex', 'CDAPPA160', 'CDAPPA161', 'CYSS', 'CDAPPA181', 'CYTDtex', 'CHORM', 'FACOAE160', 'DRPA', 'DURIPP', 'ECOAH8', 'EDA', 'EDD', 'GLUSy', 'GUAPRT', 'HACD8i', 'GMPR', 'GPDDA4', 'ICL', 'ACACT8r', 'LPLIPAL2G140', 'MACPD', 'NTD6', 'P5CD', 'NTPP2', 'NTPP4', 'NTPP5', 'NTPP7', 'NTPP8', 'NTPTP1', 'CTECOAI8', 'PFL', 'PPK2', 'PPM2', 'PPND', 'PPPGO', 'PPS', 'PUNP2', 'PUNP4', 'THD2pp', 'TYRTA', 'UPPRT', 'EX_ade_e', 'EX_arg__L_e']","['2AGPGAT140', 'ACSERtex', 'ACSERtpp', 'ARGabcpp', 'ASAD', 'ASPK', 'ASPT', 'CYTD', 'CYTDK2', 'DAPDC', 'DAPE', 'DHDPRy', 'DHDPS', 'FLDR', 'DURIK1', 'GND', 'HSDy', 'HSK', 'INDOLEt2pp', 'INDOLEtex', 'KAS15', 'NADPHQR2', 'PAPSR', 'PPA', 'PPC', 'PPPGO3', 'PYRt2rpp', 'PYRtex', 'PGPP160', 'RNTR3c', 'SDPDS', 'SULR', 'THDPS', 'SO4tex', 'THRS', 'SULabcpp', 'TRDR', 'TYRt2rpp', 'TYRtex', 'TRPS1', 'TRPt2rpp', 'TRPtex', 'URIK2', 'PIuabcpp', 'ENOPH', 'EAR80y', 'EAR140y', 'EAR160y', 'EX_acser_e', 'EX_trp__L_e', 'EX_tyr__L_e', 'EX_indole_e', 'EX_pyr_e', 'EX_so4_e', 'SDPTA', 'PAPSSH']","['DDPA', 'ANPRT', 'ANS', 'CHORS', 'DHQS', 'IGPS', 'NTD4', 'G6PDH2r', 'PGL', 'PG160abcpp', 'PRAIi', 'PRPPS', 'PSCVT', 'RPI', 'TALA', 'SHK3Dr', 'SHKK', 'TKT1', 'TRPS3', 'DHQTi']",TYRtex,CHORM,0.8632379063291074,1,126,20,-8.0,-0.06132758364040067,iPC815,PSL,True,False,-3.03816338308861,0.0,0.0,1.00000000000006
121,"['DDPA', 'EX_cytd_e', 'GLCP', '2AGPGAT140', 'AACPS1', 'ACSERtex', 'ACSERtpp', 'ADEt2rpp', 'ADEtex', 'AMPN', 'ANPRT', 'ANS', 'ARGabcpp', 'ARGtex', 'ASAD', 'ASPK', 'ASPT', 'CDAPPA160', 'CDAPPA161', 'CYSS', 'CDAPPA181', 'CYTD', 'CYTDK2', 'CYTDtex', 'CHORM', 'CHORS', 'DAPDC', 'DAPE', 'DHDPRy', 'DHDPS', 'DHQS', 'FLDR', 'FACOAE160', 'DRPA', 'DURIK1', 'DURIPP', 'ECOAH8', 'EDA', 'EDD', 'GLUSy', 'GUAPRT', 'HACD8i', 'GMPR', 'GND', 'GPDDA4', 'HSDy', 'HSK', 'INDOLEt2pp', 'INDOLEtex', 'ICL', 'IGPS', 'KAS15', 'ACACT8r', 'LPLIPAL2G140', 'MACPD', 'NADPHQR2', 'NTD4', 'NTD6', 'G6PDH2r', 'P5CD', 'NTPP2', 'NTPP4', 'NTPP5', 'NTPP7', 'NTPP8', 'NTPTP1', 'CTECOAI8', 'PAPSR', 'PGL', 'PFL', 'PG160abcpp', 'PPA', 'PPC', 'PPK2', 'PPM2', 'PPND', 'PPPGO', 'PPPGO3', 'PPS', 'PUNP2', 'PRAIi', 'PUNP4', 'PYRt2rpp', 'PYRtex', 'PRPPS', 'PSCVT', 'PGPP160', 'RNTR3c', 'RPI', 'SDPDS', 'SULR', 'TALA', 'SHK3Dr', 'SHKK', 'THD2pp', 'THDPS', 'SO4tex', 'THRS', 'SULabcpp', 'TKT1', 'TRDR', 'TYRt2rpp', 'TYRTA', 'TYRtex', 'TRPS1', 'TRPS3', 'TRPt2rpp', 'TRPtex', 'UPPRT', 'URIK2', 'PIuabcpp', 'DHQTi', 'ENOPH', 'EAR80y', 'EAR140y', 'EAR160y', 'EX_acser_e', 'EX_ade_e', 'EX_arg__L_e', 'EX_trp__L_e', 'EX_tyr__L_e', 'EX_indole_e', 'EX_pyr_e', 'EX_so4_e', 'SDPTA', 'PAPSSH']","[0.010332522583511972, 9.636706136006978e-05, 4.709783391481509e-05, -1.6117245761758554e-06, 3.223449152351711e-06, 2.4466406784995343e-06, -2.44664072284774e-06, -0.00016450875637019635, -0.00016450875637019635, 0.00015909556378124017, -0.024631841000224256, -0.024631841000224256, -8.930238638393817e-05, -8.930238641369215e-05, 0.0003348227829746975, -0.0003348227829746975, -0.000388530522579672, 8.239062634189664e-06, 3.2417989577733855e-06, 2.44664072284774e-06, 1.6514824879220943e-06, -5.006438579126943e-05, -1.6731964296745616e-05, -9.636706136006978e-05, 0.03497965508825372, 0.010332522583511972, -7.645752258898797e-05, -7.645752259577421e-05, -7.645752258898797e-05, -7.645752258898797e-05, 0.010332522583511972, -7.768084295041444e-06, 1.4924508409373555e-06, 2.2876090758624373e-05, -7.554003231791465e-06, 7.554003218501748e-06, -1.4924507922842167e-06, 0.026793137428861986, 0.026793137428861986, 0.0247213666425935, 7.768084295041444e-06, 1.4924508409373555e-06, 8.514615545569815e-05, -0.010172575128321204, 1.6117245761756386e-06, 0.00025836526037892327, -0.00025836526033271023, -0.016389473799691082, 0.016389473799677035, 1.5291504516845578e-05, -0.024631841000224256, -3.629591512344793e-05, 1.4924508409373555e-06, 1.6117245761758554e-06, 0.00021614847465999815, -0.00026768482066330535, 2.957071128360106e-05, 7.554003231791465e-06, 0.016620562300545316, 9.78656289139096e-05, 7.73780711606567e-05, 4.876736040859697e-05, 7.554003231791465e-06, 7.554003231791465e-06, 4.373370292089229e-05, 7.768084295041444e-06, 1.4924508409373555e-06, -2.2343640571337123e-05, 0.01662056230054078, 1.744149005269112e-05, -1.5475002572011868e-06, -0.024814136530531584, -0.0008035966987988315, -7.768084287818056e-06, 2.2876090724821552e-05, 0.03497965508825372, 2.2427539960482787e-06, -2.2427539960482787e-06, 0.02480740826672445, 7.554003218501748e-06, -0.024631841000224256, 7.768084287818056e-06, 0.00724891481843315, 0.00724891481843315, -0.024635703634316997, 0.010332522583553327, -2.2937256776698646e-06, -7.768084295041444e-06, 0.016477363821650215, -7.645752258898797e-05, -2.2343640571337123e-05, 0.008322328657868638, 0.010332522583553327, 0.010332522583511972, 0.00526955938106255, -7.645752258898797e-05, -2.234364058040228e-05, -0.00025836526033271023, -2.2343640571337123e-05, 0.008317435376397952, -2.2343640571337123e-05, -0.035019412999986343, -0.03497965508825018, -0.035019412999986343, -0.008242367200533174, -0.016389473799691082, 0.008226158205729917, 0.008226158205729917, 7.554003231791465e-06, -5.006438579126943e-05, -0.000251137573143228, 0.010332522583511972, -2.1408106324917724e-06, -3.629591512344793e-05, -2.161607078635802e-05, -1.647812526837933e-05, -2.44664072284774e-06, 0.00016450875638053986, 8.930238638393817e-05, -0.00822615820574431, 0.03501941299999989, -0.016389473799691082, -0.007248914818459587, 2.234364058040228e-05, 7.645752259577421e-05, -2.234364058040228e-05]","[0.010332522583511972, 9.636706136006978e-05, 4.709783391481509e-05, 1.6117245761758554e-06, 3.223449152351711e-06, 2.4466406784995343e-06, 2.44664072284774e-06, 0.00016450875637019635, 0.00016450875637019635, 0.00015909556378124017, 0.024631841000224256, 0.024631841000224256, 8.930238638393817e-05, 8.930238641369215e-05, 0.0003348227829746975, 0.0003348227829746975, 0.000388530522579672, 8.239062634189664e-06, 3.2417989577733855e-06, 2.44664072284774e-06, 1.6514824879220943e-06, 5.006438579126943e-05, 1.6731964296745616e-05, 9.636706136006978e-05, 0.03497965508825372, 0.010332522583511972, 7.645752258898797e-05, 7.645752259577421e-05, 7.645752258898797e-05, 7.645752258898797e-05, 0.010332522583511972, 7.768084295041444e-06, 1.4924508409373555e-06, 2.2876090758624373e-05, 7.554003231791465e-06, 7.554003218501748e-06, 1.4924507922842167e-06, 0.026793137428861986, 0.026793137428861986, 0.0247213666425935, 7.768084295041444e-06, 1.4924508409373555e-06, 8.514615545569815e-05, 0.010172575128321204, 1.6117245761756386e-06, 0.00025836526037892327, 0.00025836526033271023, 0.016389473799691082, 0.016389473799677035, 1.5291504516845578e-05, 0.024631841000224256, 3.629591512344793e-05, 1.4924508409373555e-06, 1.6117245761758554e-06, 0.00021614847465999815, 0.00026768482066330535, 2.957071128360106e-05, 7.554003231791465e-06, 0.016620562300545316, 9.78656289139096e-05, 7.73780711606567e-05, 4.876736040859697e-05, 7.554003231791465e-06, 7.554003231791465e-06, 4.373370292089229e-05, 7.768084295041444e-06, 1.4924508409373555e-06, 2.2343640571337123e-05, 0.01662056230054078, 1.744149005269112e-05, 1.5475002572011868e-06, 0.024814136530531584, 0.0008035966987988315, 7.768084287818056e-06, 2.2876090724821552e-05, 0.03497965508825372, 2.2427539960482787e-06, 2.2427539960482787e-06, 0.02480740826672445, 7.554003218501748e-06, 0.024631841000224256, 7.768084287818056e-06, 0.00724891481843315, 0.00724891481843315, 0.024635703634316997, 0.010332522583553327, 2.2937256776698646e-06, 7.768084295041444e-06, 0.016477363821650215, 7.645752258898797e-05, 2.2343640571337123e-05, 0.008322328657868638, 0.010332522583553327, 0.010332522583511972, 0.00526955938106255, 7.645752258898797e-05, 2.234364058040228e-05, 0.00025836526033271023, 2.2343640571337123e-05, 0.008317435376397952, 2.2343640571337123e-05, 0.035019412999986343, 0.03497965508825018, 0.035019412999986343, 0.008242367200533174, 0.016389473799691082, 0.008226158205729917, 0.008226158205729917, 7.554003231791465e-06, 5.006438579126943e-05, 0.000251137573143228, 0.010332522583511972, 2.1408106324917724e-06, 3.629591512344793e-05, 2.161607078635802e-05, 1.647812526837933e-05, 2.44664072284774e-06, 0.00016450875638053986, 8.930238638393817e-05, 0.00822615820574431, 0.03501941299999989, 0.016389473799691082, 0.007248914818459587, 2.234364058040228e-05, 7.645752259577421e-05, 2.234364058040228e-05]","['EX_cytd_e', 'GLCP', 'AACPS1', 'ADEt2rpp', 'ADEtex', 'AMPN', 'ARGtex', 'CDAPPA160', 'CDAPPA161', 'CYSS', 'CDAPPA181', 'CYTDtex', 'CHORM', 'FACOAE160', 'DRPA', 'DURIPP', 'ECOAH8', 'EDA', 'EDD', 'GLUSy', 'GUAPRT', 'HACD8i', 'GMPR', 'GPDDA4', 'ICL', 'ACACT8r', 'LPLIPAL2G140', 'MACPD', 'NTD6', 'P5CD', 'NTPP2', 'NTPP4', 'NTPP5', 'NTPP7', 'NTPP8', 'NTPTP1', 'CTECOAI8', 'PFL', 'PPK2', 'PPM2', 'PPND', 'PPPGO', 'PPS', 'PUNP2', 'PUNP4', 'THD2pp', 'TYRTA', 'UPPRT', 'EX_ade_e', 'EX_arg__L_e']","['2AGPGAT140', 'ACSERtex', 'ACSERtpp', 'ARGabcpp', 'ASAD', 'ASPK', 'ASPT', 'CYTD', 'CYTDK2', 'DAPDC', 'DAPE', 'DHDPRy', 'DHDPS', 'FLDR', 'DURIK1', 'GND', 'HSDy', 'HSK', 'INDOLEt2pp', 'INDOLEtex', 'KAS15', 'NADPHQR2', 'PAPSR', 'PPA', 'PPC', 'PPPGO3', 'PYRt2rpp', 'PYRtex', 'PGPP160', 'RNTR3c', 'SDPDS', 'SULR', 'THDPS', 'SO4tex', 'THRS', 'SULabcpp', 'TRDR', 'TYRt2rpp', 'TYRtex', 'TRPS1', 'TRPt2rpp', 'TRPtex', 'URIK2', 'PIuabcpp', 'ENOPH', 'EAR80y', 'EAR140y', 'EAR160y', 'EX_acser_e', 'EX_trp__L_e', 'EX_tyr__L_e', 'EX_indole_e', 'EX_pyr_e', 'EX_so4_e', 'SDPTA', 'PAPSSH']","['DDPA', 'ANPRT', 'ANS', 'CHORS', 'DHQS', 'IGPS', 'NTD4', 'G6PDH2r', 'PGL', 'PG160abcpp', 'PRAIi', 'PRPPS', 'PSCVT', 'RPI', 'TALA', 'SHK3Dr', 'SHKK', 'TKT1', 'TRPS3', 'DHQTi']",TYRtex,PPND,0.8632379063291074,1,126,20,-8.0,-0.06132758364040067,iPC815,PSL,True,False,-3.03816338308861,0.0,0.0,0.0
122,"['DDPA', 'EX_cytd_e', 'GLCP', '2AGPGAT140', 'AACPS1', 'ACSERtex', 'ACSERtpp', 'ADEt2rpp', 'ADEtex', 'AMPN', 'ANPRT', 'ANS', 'ARGabcpp', 'ARGtex', 'ASAD', 'ASPK', 'ASPT', 'CDAPPA160', 'CDAPPA161', 'CYSS', 'CDAPPA181', 'CYTD', 'CYTDK2', 'CYTDtex', 'CHORM', 'CHORS', 'DAPDC', 'DAPE', 'DHDPRy', 'DHDPS', 'DHQS', 'FLDR', 'FACOAE160', 'DRPA', 'DURIK1', 'DURIPP', 'ECOAH8', 'EDA', 'EDD', 'GLUSy', 'GUAPRT', 'HACD8i', 'GMPR', 'GND', 'GPDDA4', 'HSDy', 'HSK', 'INDOLEt2pp', 'INDOLEtex', 'ICL', 'IGPS', 'KAS15', 'ACACT8r', 'LPLIPAL2G140', 'MACPD', 'NADPHQR2', 'NTD4', 'NTD6', 'G6PDH2r', 'P5CD', 'NTPP2', 'NTPP4', 'NTPP5', 'NTPP7', 'NTPP8', 'NTPTP1', 'CTECOAI8', 'PAPSR', 'PGL', 'PFL', 'PG160abcpp', 'PPA', 'PPC', 'PPK2', 'PPM2', 'PPND', 'PPPGO', 'PPPGO3', 'PPS', 'PUNP2', 'PRAIi', 'PUNP4', 'PYRt2rpp', 'PYRtex', 'PRPPS', 'PSCVT', 'PGPP160', 'RNTR3c', 'RPI', 'SDPDS', 'SULR', 'TALA', 'SHK3Dr', 'SHKK', 'THD2pp', 'THDPS', 'SO4tex', 'THRS', 'SULabcpp', 'TKT1', 'TRDR', 'TYRt2rpp', 'TYRTA', 'TYRtex', 'TRPS1', 'TRPS3', 'TRPt2rpp', 'TRPtex', 'UPPRT', 'URIK2', 'PIuabcpp', 'DHQTi', 'ENOPH', 'EAR80y', 'EAR140y', 'EAR160y', 'EX_acser_e', 'EX_ade_e', 'EX_arg__L_e', 'EX_trp__L_e', 'EX_tyr__L_e', 'EX_indole_e', 'EX_pyr_e', 'EX_so4_e', 'SDPTA', 'PAPSSH']","[0.010332522583511972, 9.636706136006978e-05, 4.709783391481509e-05, -1.6117245761758554e-06, 3.223449152351711e-06, 2.4466406784995343e-06, -2.44664072284774e-06, -0.00016450875637019635, -0.00016450875637019635, 0.00015909556378124017, -0.024631841000224256, -0.024631841000224256, -8.930238638393817e-05, -8.930238641369215e-05, 0.0003348227829746975, -0.0003348227829746975, -0.000388530522579672, 8.239062634189664e-06, 3.2417989577733855e-06, 2.44664072284774e-06, 1.6514824879220943e-06, -5.006438579126943e-05, -1.6731964296745616e-05, -9.636706136006978e-05, 0.03497965508825372, 0.010332522583511972, -7.645752258898797e-05, -7.645752259577421e-05, -7.645752258898797e-05, -7.645752258898797e-05, 0.010332522583511972, -7.768084295041444e-06, 1.4924508409373555e-06, 2.2876090758624373e-05, -7.554003231791465e-06, 7.554003218501748e-06, -1.4924507922842167e-06, 0.026793137428861986, 0.026793137428861986, 0.0247213666425935, 7.768084295041444e-06, 1.4924508409373555e-06, 8.514615545569815e-05, -0.010172575128321204, 1.6117245761756386e-06, 0.00025836526037892327, -0.00025836526033271023, -0.016389473799691082, 0.016389473799677035, 1.5291504516845578e-05, -0.024631841000224256, -3.629591512344793e-05, 1.4924508409373555e-06, 1.6117245761758554e-06, 0.00021614847465999815, -0.00026768482066330535, 2.957071128360106e-05, 7.554003231791465e-06, 0.016620562300545316, 9.78656289139096e-05, 7.73780711606567e-05, 4.876736040859697e-05, 7.554003231791465e-06, 7.554003231791465e-06, 4.373370292089229e-05, 7.768084295041444e-06, 1.4924508409373555e-06, -2.2343640571337123e-05, 0.01662056230054078, 1.744149005269112e-05, -1.5475002572011868e-06, -0.024814136530531584, -0.0008035966987988315, -7.768084287818056e-06, 2.2876090724821552e-05, 0.03497965508825372, 2.2427539960482787e-06, -2.2427539960482787e-06, 0.02480740826672445, 7.554003218501748e-06, -0.024631841000224256, 7.768084287818056e-06, 0.00724891481843315, 0.00724891481843315, -0.024635703634316997, 0.010332522583553327, -2.2937256776698646e-06, -7.768084295041444e-06, 0.016477363821650215, -7.645752258898797e-05, -2.2343640571337123e-05, 0.008322328657868638, 0.010332522583553327, 0.010332522583511972, 0.00526955938106255, -7.645752258898797e-05, -2.234364058040228e-05, -0.00025836526033271023, -2.2343640571337123e-05, 0.008317435376397952, -2.2343640571337123e-05, -0.035019412999986343, -0.03497965508825018, -0.035019412999986343, -0.008242367200533174, -0.016389473799691082, 0.008226158205729917, 0.008226158205729917, 7.554003231791465e-06, -5.006438579126943e-05, -0.000251137573143228, 0.010332522583511972, -2.1408106324917724e-06, -3.629591512344793e-05, -2.161607078635802e-05, -1.647812526837933e-05, -2.44664072284774e-06, 0.00016450875638053986, 8.930238638393817e-05, -0.00822615820574431, 0.03501941299999989, -0.016389473799691082, -0.007248914818459587, 2.234364058040228e-05, 7.645752259577421e-05, -2.234364058040228e-05]","[0.010332522583511972, 9.636706136006978e-05, 4.709783391481509e-05, 1.6117245761758554e-06, 3.223449152351711e-06, 2.4466406784995343e-06, 2.44664072284774e-06, 0.00016450875637019635, 0.00016450875637019635, 0.00015909556378124017, 0.024631841000224256, 0.024631841000224256, 8.930238638393817e-05, 8.930238641369215e-05, 0.0003348227829746975, 0.0003348227829746975, 0.000388530522579672, 8.239062634189664e-06, 3.2417989577733855e-06, 2.44664072284774e-06, 1.6514824879220943e-06, 5.006438579126943e-05, 1.6731964296745616e-05, 9.636706136006978e-05, 0.03497965508825372, 0.010332522583511972, 7.645752258898797e-05, 7.645752259577421e-05, 7.645752258898797e-05, 7.645752258898797e-05, 0.010332522583511972, 7.768084295041444e-06, 1.4924508409373555e-06, 2.2876090758624373e-05, 7.554003231791465e-06, 7.554003218501748e-06, 1.4924507922842167e-06, 0.026793137428861986, 0.026793137428861986, 0.0247213666425935, 7.768084295041444e-06, 1.4924508409373555e-06, 8.514615545569815e-05, 0.010172575128321204, 1.6117245761756386e-06, 0.00025836526037892327, 0.00025836526033271023, 0.016389473799691082, 0.016389473799677035, 1.5291504516845578e-05, 0.024631841000224256, 3.629591512344793e-05, 1.4924508409373555e-06, 1.6117245761758554e-06, 0.00021614847465999815, 0.00026768482066330535, 2.957071128360106e-05, 7.554003231791465e-06, 0.016620562300545316, 9.78656289139096e-05, 7.73780711606567e-05, 4.876736040859697e-05, 7.554003231791465e-06, 7.554003231791465e-06, 4.373370292089229e-05, 7.768084295041444e-06, 1.4924508409373555e-06, 2.2343640571337123e-05, 0.01662056230054078, 1.744149005269112e-05, 1.5475002572011868e-06, 0.024814136530531584, 0.0008035966987988315, 7.768084287818056e-06, 2.2876090724821552e-05, 0.03497965508825372, 2.2427539960482787e-06, 2.2427539960482787e-06, 0.02480740826672445, 7.554003218501748e-06, 0.024631841000224256, 7.768084287818056e-06, 0.00724891481843315, 0.00724891481843315, 0.024635703634316997, 0.010332522583553327, 2.2937256776698646e-06, 7.768084295041444e-06, 0.016477363821650215, 7.645752258898797e-05, 2.2343640571337123e-05, 0.008322328657868638, 0.010332522583553327, 0.010332522583511972, 0.00526955938106255, 7.645752258898797e-05, 2.234364058040228e-05, 0.00025836526033271023, 2.2343640571337123e-05, 0.008317435376397952, 2.2343640571337123e-05, 0.035019412999986343, 0.03497965508825018, 0.035019412999986343, 0.008242367200533174, 0.016389473799691082, 0.008226158205729917, 0.008226158205729917, 7.554003231791465e-06, 5.006438579126943e-05, 0.000251137573143228, 0.010332522583511972, 2.1408106324917724e-06, 3.629591512344793e-05, 2.161607078635802e-05, 1.647812526837933e-05, 2.44664072284774e-06, 0.00016450875638053986, 8.930238638393817e-05, 0.00822615820574431, 0.03501941299999989, 0.016389473799691082, 0.007248914818459587, 2.234364058040228e-05, 7.645752259577421e-05, 2.234364058040228e-05]","['EX_cytd_e', 'GLCP', 'AACPS1', 'ADEt2rpp', 'ADEtex', 'AMPN', 'ARGtex', 'CDAPPA160', 'CDAPPA161', 'CYSS', 'CDAPPA181', 'CYTDtex', 'CHORM', 'FACOAE160', 'DRPA', 'DURIPP', 'ECOAH8', 'EDA', 'EDD', 'GLUSy', 'GUAPRT', 'HACD8i', 'GMPR', 'GPDDA4', 'ICL', 'ACACT8r', 'LPLIPAL2G140', 'MACPD', 'NTD6', 'P5CD', 'NTPP2', 'NTPP4', 'NTPP5', 'NTPP7', 'NTPP8', 'NTPTP1', 'CTECOAI8', 'PFL', 'PPK2', 'PPM2', 'PPND', 'PPPGO', 'PPS', 'PUNP2', 'PUNP4', 'THD2pp', 'TYRTA', 'UPPRT', 'EX_ade_e', 'EX_arg__L_e']","['2AGPGAT140', 'ACSERtex', 'ACSERtpp', 'ARGabcpp', 'ASAD', 'ASPK', 'ASPT', 'CYTD', 'CYTDK2', 'DAPDC', 'DAPE', 'DHDPRy', 'DHDPS', 'FLDR', 'DURIK1', 'GND', 'HSDy', 'HSK', 'INDOLEt2pp', 'INDOLEtex', 'KAS15', 'NADPHQR2', 'PAPSR', 'PPA', 'PPC', 'PPPGO3', 'PYRt2rpp', 'PYRtex', 'PGPP160', 'RNTR3c', 'SDPDS', 'SULR', 'THDPS', 'SO4tex', 'THRS', 'SULabcpp', 'TRDR', 'TYRt2rpp', 'TYRtex', 'TRPS1', 'TRPt2rpp', 'TRPtex', 'URIK2', 'PIuabcpp', 'ENOPH', 'EAR80y', 'EAR140y', 'EAR160y', 'EX_acser_e', 'EX_trp__L_e', 'EX_tyr__L_e', 'EX_indole_e', 'EX_pyr_e', 'EX_so4_e', 'SDPTA', 'PAPSSH']","['DDPA', 'ANPRT', 'ANS', 'CHORS', 'DHQS', 'IGPS', 'NTD4', 'G6PDH2r', 'PGL', 'PG160abcpp', 'PRAIi', 'PRPPS', 'PSCVT', 'RPI', 'TALA', 'SHK3Dr', 'SHKK', 'TKT1', 'TRPS3', 'DHQTi']",TYRtex,TYRTA,0.8632379063291074,1,126,20,-8.0,-0.06132758364040067,iPC815,PSL,True,True,-3.03816338308861,-3.04000651010163,0.0,0.0
123,"['TRPS1', 'TRPS2', 'TRPS3']","[-0.014277145299999997, 0.014277145299999997, 0.014277145299999997]","[0.014277145299999997, 0.014277145299999997, 0.014277145299999997]",['TRPS1'],"['TRPS2', 'TRPS3']",[],TRPS1,TRPS2,0.04283143589999999,1,3,0,1.0,0.014277145299999997,iPC815,PSL,False,False,0.0,0.0,0.0,0.0
124,"['TRPS1', 'TRPS2', 'TRPS3']","[-0.014277145299999997, 0.014277145299999997, 0.014277145299999997]","[0.014277145299999997, 0.014277145299999997, 0.014277145299999997]",['TRPS1'],"['TRPS2', 'TRPS3']",[],TRPS1,TRPS3,0.04283143589999999,1,3,0,1.0,0.014277145299999997,iPC815,PSL,False,False,0.0,0.0,0.0,0.0
125,"['GLUN', 'NADS1', 'NADS2']","[-0.0007354076724586794, -0.0007354076729995107, 0.0007354076729981784]","[0.0007354076724586794, 0.0007354076729995107, 0.0007354076729981784]",['NADS2'],"['GLUN', 'NADS1']",[],NADS1,NADS2,0.0022062230189960064,1,3,0,-1.0,-0.0007354076724600117,iPC815,PSL,False,False,0.0,0.0,0.0,0.0
126,"['GALKr', 'EX_cytd_e', 'EX_ala__D_e', 'GLCP', '2AGPGAT140', '2AGPGAT160', 'AACPS3', 'AACPS5', '2AGPGAT181', 'ACOAD1f', 'ACOAD2f', 'ACOAD3f', 'ACOAD4f', 'ACOAD5f', 'ACOAD6f', 'ACOAD7f', 'ACSERtex', 'ACSERtpp', 'ADEt2rpp', 'ADEtex', 'ADNK1', 'ADPT', 'AMPN', 'ARGabcpp', 'ARGtex', 'ALAR', 'ASNS1', 'ASNt2rpp', 'ASNtex', 'ALATA_L2', 'ASPT', 'AST', 'CYSS', 'CYTD', 'CYTDt2pp_copy2', 'CYTDtex', 'DALAt2pp', 'DALAtex', 'DAPDC', 'DRPA', 'FACOAL140t2pp', 'FACOAL160t2pp', 'FACOAL161t2pp', 'FACOAL181t2pp', 'DURIK1', 'DURIPP', 'FADRx', 'ECOAH1', 'ECOAH2', 'ECOAH3', 'ECOAH4', 'ECOAH5', 'ECOAH6', 'ECOAH7', 'ECOAH8', 'GLUCYS', 'FORt2pp', 'HACD1i', 'HACD2i', 'HACD3i', 'HACD4i', 'HACD5i', 'HACD6i', 'HACD7i', 'GLYK', 'HACD8i', 'GMPR', 'GND', 'CTECOAI7', 'GPDDA4', 'GTHRDabc2pp', 'GTHRDtex', 'GTHS', 'ILEtex', 'ICL', 'ILEabcpp', 'KAT1', 'LPLIPAL1E181pp', 'ACACT11', 'ACACT8', 'ACACT13', 'ACACT10', 'ACACT9', 'LPLIPAL1G161pp', 'LPLIPAL1G181pp', 'ACACT12', 'ACACT8r', 'LACZpp', 'LCTStex', 'LEUabcpp', 'LEUtex', 'LPLIPAL2G140', 'LPLIPAL1E140pp', 'LPLIPAL1E160pp', 'LPLIPAL2G160', 'LPLIPAL1E161pp', 'LPLIPAL2G181', 'G3PD5', 'G3PEtex', 'G3PGabcpp', 'G3PGtex', 'NTD10', 'NTD2', 'NTD4', 'NTD6', 'ORNabcpp', 'G6PDH2r', 'ORNtex', 'P5CD', 'NTPP2', 'NTPP4', 'NTPP5', 'NTPP7', 'NTPP8', 'GALabcpp', 'CTECOAI8', 'PAPSR2', 'PLIPA2E140pp', 'PLIPA2E160pp', 'PLIPA2E161pp', 'PLIPA2E181pp', 'PGL', 'PLIPA2G161pp', 'PLIPA2G181pp', 'PPA', 'PPM2', 'PPPGO', 'PPPGO3', 'PUNP1', 'PUNP2', 'PYAM5PO', 'PYNP2r', 'PROabcpp', 'PROD2', 'PROtex', 'SADH', 'RNDR2', 'RNDR3', 'SERAT', 'SULR', 'SGDS', 'SGSAD', 'THIORDXi', 'SO4tex', 'SOTA', 'THRabcpp', 'THRtex', 'SULabcpp', 'TRPS1', 'TRPt2rpp', 'TRPtex', 'UDPG4E', 'UGLT', 'PIt2rpp', 'URIK2', 'PIuabcpp', 'VALabcpp', 'VALtex', 'XTSNt2rpp', 'XTSNtex', 'ENOPH', 'EAR40x', 'EAR161x', 'EX_acser_e', 'EX_ade_e', 'EX_arg__L_e', 'EX_asn__L_e', 'EX_g3pe_e', 'EX_g3pg_e', 'EX_lcts_e', 'EX_leu__L_e', 'EX_trp__L_e', 'EX_gthrd_e', 'EX_orn_e', 'EX_ile__L_e', 'EX_pro__L_e', 'EX_so4_e', 'EX_val__L_e', 'EX_xtsn_e', 'EX_thr__L_e', 'PAPSSH']","[-0.0003073044194934482, 0.0016513253310003785, 0.002181790794528638, 0.0005009249801591203, -8.457174989699398e-06, -2.4395697085671277e-05, 4.879139417134255e-05, 8.281946543370333e-06, -4.140973271685167e-06, 0.0002600056661776762, 0.0002600056661776762, 0.0002600056661776762, 0.0002600056661776762, 0.0002600056661776762, 0.0002600056661776762, 0.00015331515089656023, -0.002522026672750144, 0.002522026672802746, -0.0010392534442189572, -0.0010392534442189572, -8.034316240214476e-05, -0.000724292605725806, 0.00017704383096089904, -0.0011961064708692487, -0.0011961064708430058, 0.0022397999877057373, 0.00015417107518411743, -0.0009998885741424601, -0.0009998885741424601, 0.00013921811136889846, 7.423759291391718e-05, -0.000382916568013536, 2.6022076891382695e-05, -0.001158857525823953, -0.0016513253309540232, -0.0016513253309540232, -0.002123781601357025, -0.002181790794566041, -5.800919317161318e-05, 0.00016068632480428953, 3.773201149250471e-05, 0.00011059382678837559, 6.895850376216397e-05, 4.2721324163740027e-05, -8.034316240214476e-05, 8.034316238081374e-05, -9.9288867720565e-05, -0.0002600056661776762, -0.0002600056661776762, -0.0002600056661776762, -0.0002600056661776762, -0.0002600056661776762, -0.0002600056661776762, -0.00022227365468552307, -4.272132412097562e-05, 0.0002636654413433502, 0.00018550488063945325, 0.00026000566620678484, 0.00026000566620678484, 0.00026000566620678484, 0.00026000566620678484, 0.00026000566620678484, 0.00026000566620678484, 0.00022227365471427785, -0.00021665003675224218, 4.2721324163740027e-05, 0.00019516557668536327, -2.8580354308249678e-05, 6.895850376216397e-05, -0.00019950799360004363, 0.0002636654413433502, -0.0002636654413663564, 0.0002636654413433502, -0.001268576248435238, 0.00012652443686000936, -0.0012685762484549168, 0.00026000566620678484, 1.7564901901683406e-05, 0.00026000566620678484, 0.00026000566620678484, 0.00026000566620678484, 0.00026000566620678484, 0.00026000566620678484, 1.0734106717695427e-05, 3.7957601801866074e-06, 0.00022227365471427785, 4.2721324163740027e-05, -0.000307304419445778, -0.0003073044194934482, -0.002244404131881761, -0.0022444041318294694, 8.457174989699398e-06, 1.886600574625241e-05, 5.529691339418823e-05, 2.4395697085671277e-05, 2.374514516338645e-05, 4.140973271685167e-06, -0.0003923351048076007, -0.00011547296617209213, -0.00023650183894709936, -0.0002510317058295186, 0.0007104352267308794, 0.0009958942693124436, 0.0004924678051764254, 8.034316240214476e-05, -0.00013661590367976088, -2.8580354296536825e-05, -0.0001366159036706449, -0.0016140602804722293, 0.0009056008034162427, 0.000436061700845064, 8.034316240214476e-05, 8.034316240214476e-05, 0.0003881593534273281, -0.000307304419445778, 4.2721324163740027e-05, 2.6022076891382695e-05, 1.886600574625241e-05, 5.529691339418823e-05, 2.374514516338645e-05, 1.7564901901683406e-05, -2.8580354308249678e-05, 1.0734106717695427e-05, 3.7957601801866074e-06, -0.001524549095637731, 0.00016068632476162747, -6.895850376285179e-05, 6.895850376285179e-05, 8.034316238081374e-05, 8.034316238081374e-05, 0.00013921811136889846, -8.034316238081374e-05, -0.002654943356127537, -0.0016140602804722293, -0.002654943356105832, -0.000382916568013536, -8.262009413014058e-05, -5.659801723875875e-05, 0.0025480487496452042, 2.6022076891382695e-05, -0.000382916568013536, -0.000382916568013536, 0.00013921811136889846, 2.602207689506031e-05, -0.000382916568013536, -0.0016632595555464424, -0.001663259555584773, 2.6022076891382695e-05, 0.00030195743872205895, -0.0004743536981095531, -0.0004743536981095531, 0.0003073044194934482, -0.0003073044194934482, -0.22321188325406638, -8.262009410936466e-05, 0.2209152658049388, -0.0019784426864636437, -0.0019784426864362104, -0.0007104352267788272, -0.0007104352267788272, -2.2769317279959858e-05, -0.00012603184447688293, -8.281946543370333e-06, 0.002522026672802746, 0.0010392534442110347, 0.0011961064708692487, 0.000999888574154062, 0.00011547296620551049, 0.0002510317058449814, 0.000307304419445778, 0.002244404131881761, 0.00047435369812747104, 0.0002636654413433502, 0.00013661590367976088, 0.0012685762484549168, 0.002654943356127537, -2.602207689506031e-05, 0.0019784426864636437, 0.0007104352267308794, 0.0016632595555464424, 2.602207689506031e-05]","[0.0003073044194934482, 0.0016513253310003785, 0.002181790794528638, 0.0005009249801591203, 8.457174989699398e-06, 2.4395697085671277e-05, 4.879139417134255e-05, 8.281946543370333e-06, 4.140973271685167e-06, 0.0002600056661776762, 0.0002600056661776762, 0.0002600056661776762, 0.0002600056661776762, 0.0002600056661776762, 0.0002600056661776762, 0.00015331515089656023, 0.002522026672750144, 0.002522026672802746, 0.0010392534442189572, 0.0010392534442189572, 8.034316240214476e-05, 0.000724292605725806, 0.00017704383096089904, 0.0011961064708692487, 0.0011961064708430058, 0.0022397999877057373, 0.00015417107518411743, 0.0009998885741424601, 0.0009998885741424601, 0.00013921811136889846, 7.423759291391718e-05, 0.000382916568013536, 2.6022076891382695e-05, 0.001158857525823953, 0.0016513253309540232, 0.0016513253309540232, 0.002123781601357025, 0.002181790794566041, 5.800919317161318e-05, 0.00016068632480428953, 3.773201149250471e-05, 0.00011059382678837559, 6.895850376216397e-05, 4.2721324163740027e-05, 8.034316240214476e-05, 8.034316238081374e-05, 9.9288867720565e-05, 0.0002600056661776762, 0.0002600056661776762, 0.0002600056661776762, 0.0002600056661776762, 0.0002600056661776762, 0.0002600056661776762, 0.00022227365468552307, 4.272132412097562e-05, 0.0002636654413433502, 0.00018550488063945325, 0.00026000566620678484, 0.00026000566620678484, 0.00026000566620678484, 0.00026000566620678484, 0.00026000566620678484, 0.00026000566620678484, 0.00022227365471427785, 0.00021665003675224218, 4.2721324163740027e-05, 0.00019516557668536327, 2.8580354308249678e-05, 6.895850376216397e-05, 0.00019950799360004363, 0.0002636654413433502, 0.0002636654413663564, 0.0002636654413433502, 0.001268576248435238, 0.00012652443686000936, 0.0012685762484549168, 0.00026000566620678484, 1.7564901901683406e-05, 0.00026000566620678484, 0.00026000566620678484, 0.00026000566620678484, 0.00026000566620678484, 0.00026000566620678484, 1.0734106717695427e-05, 3.7957601801866074e-06, 0.00022227365471427785, 4.2721324163740027e-05, 0.000307304419445778, 0.0003073044194934482, 0.002244404131881761, 0.0022444041318294694, 8.457174989699398e-06, 1.886600574625241e-05, 5.529691339418823e-05, 2.4395697085671277e-05, 2.374514516338645e-05, 4.140973271685167e-06, 0.0003923351048076007, 0.00011547296617209213, 0.00023650183894709936, 0.0002510317058295186, 0.0007104352267308794, 0.0009958942693124436, 0.0004924678051764254, 8.034316240214476e-05, 0.00013661590367976088, 2.8580354296536825e-05, 0.0001366159036706449, 0.0016140602804722293, 0.0009056008034162427, 0.000436061700845064, 8.034316240214476e-05, 8.034316240214476e-05, 0.0003881593534273281, 0.000307304419445778, 4.2721324163740027e-05, 2.6022076891382695e-05, 1.886600574625241e-05, 5.529691339418823e-05, 2.374514516338645e-05, 1.7564901901683406e-05, 2.8580354308249678e-05, 1.0734106717695427e-05, 3.7957601801866074e-06, 0.001524549095637731, 0.00016068632476162747, 6.895850376285179e-05, 6.895850376285179e-05, 8.034316238081374e-05, 8.034316238081374e-05, 0.00013921811136889846, 8.034316238081374e-05, 0.002654943356127537, 0.0016140602804722293, 0.002654943356105832, 0.000382916568013536, 8.262009413014058e-05, 5.659801723875875e-05, 0.0025480487496452042, 2.6022076891382695e-05, 0.000382916568013536, 0.000382916568013536, 0.00013921811136889846, 2.602207689506031e-05, 0.000382916568013536, 0.0016632595555464424, 0.001663259555584773, 2.6022076891382695e-05, 0.00030195743872205895, 0.0004743536981095531, 0.0004743536981095531, 0.0003073044194934482, 0.0003073044194934482, 0.22321188325406638, 8.262009410936466e-05, 0.2209152658049388, 0.0019784426864636437, 0.0019784426864362104, 0.0007104352267788272, 0.0007104352267788272, 2.2769317279959858e-05, 0.00012603184447688293, 8.281946543370333e-06, 0.002522026672802746, 0.0010392534442110347, 0.0011961064708692487, 0.000999888574154062, 0.00011547296620551049, 0.0002510317058449814, 0.000307304419445778, 0.002244404131881761, 0.00047435369812747104, 0.0002636654413433502, 0.00013661590367976088, 0.0012685762484549168, 0.002654943356127537, 2.602207689506031e-05, 0.0019784426864636437, 0.0007104352267308794, 0.0016632595555464424, 2.602207689506031e-05]","['2AGPGAT140', '2AGPGAT160', '2AGPGAT181', 'ADPT', 'ARGabcpp', 'AST', 'CYTD', 'DALAt2pp', 'DAPDC', 'DURIK1', 'FADRx', 'GND', 'ILEabcpp', 'LACZpp', 'LEUabcpp', 'G3PD5', 'G3PGabcpp', 'ORNabcpp', 'G6PDH2r', 'P5CD', 'GALabcpp', 'PGL', 'PPA', 'PPPGO', 'PROabcpp', 'PROD2', 'SADH', 'RNDR2', 'RNDR3', 'SGDS', 'SGSAD', 'SOTA', 'THRabcpp', 'PIt2rpp', 'VALabcpp', 'ENOPH', 'EAR40x', 'EAR161x']","['GALKr', 'EX_cytd_e', 'EX_ala__D_e', 'GLCP', 'AACPS3', 'AACPS5', 'ACOAD1f', 'ACOAD2f', 'ACOAD3f', 'ACOAD4f', 'ACOAD5f', 'ACOAD7f', 'ACSERtex', 'ACSERtpp', 'ADEt2rpp', 'ADEtex', 'AMPN', 'ARGtex', 'ASNS1', 'ASNt2rpp', 'ASNtex', 'ALATA_L2', 'ASPT', 'CYSS', 'CYTDt2pp_copy2', 'CYTDtex', 'DALAtex', 'DRPA', 'FACOAL161t2pp', 'DURIPP', 'ECOAH1', 'ECOAH2', 'ECOAH3', 'ECOAH4', 'ECOAH5', 'ECOAH6', 'ECOAH7', 'ECOAH8', 'GLUCYS', 'FORt2pp', 'HACD1i', 'HACD2i', 'HACD3i', 'HACD4i', 'HACD5i', 'HACD6i', 'HACD7i', 'HACD8i', 'GMPR', 'CTECOAI7', 'GTHRDabc2pp', 'GTHRDtex', 'GTHS', 'ILEtex', 'ICL', 'KAT1', 'LPLIPAL1E181pp', 'ACACT11', 'ACACT8', 'ACACT13', 'ACACT10', 'ACACT9', 'LPLIPAL1G161pp', 'LPLIPAL1G181pp', 'ACACT12', 'ACACT8r', 'LCTStex', 'LEUtex', 'LPLIPAL2G140', 'LPLIPAL1E140pp', 'LPLIPAL1E160pp', 'LPLIPAL2G160', 'LPLIPAL1E161pp', 'LPLIPAL2G181', 'G3PEtex', 'G3PGtex', 'NTD10', 'NTD2', 'NTD6', 'ORNtex', 'NTPP2', 'NTPP4', 'NTPP5', 'NTPP7', 'NTPP8', 'CTECOAI8', 'PAPSR2', 'PLIPA2E140pp', 'PLIPA2E160pp', 'PLIPA2E161pp', 'PLIPA2E181pp', 'PLIPA2G161pp', 'PLIPA2G181pp', 'PPM2', 'PPPGO3', 'PUNP2', 'PYAM5PO', 'PYNP2r', 'PROtex', 'SERAT', 'SULR', 'THIORDXi', 'SO4tex', 'THRtex', 'SULabcpp', 'TRPS1', 'TRPt2rpp', 'TRPtex', 'UDPG4E', 'UGLT', 'PIuabcpp', 'VALtex', 'XTSNt2rpp', 'XTSNtex', 'EX_acser_e', 'EX_ade_e', 'EX_arg__L_e', 'EX_asn__L_e', 'EX_g3pe_e', 'EX_g3pg_e', 'EX_lcts_e', 'EX_leu__L_e', 'EX_trp__L_e', 'EX_gthrd_e', 'EX_orn_e', 'EX_ile__L_e', 'EX_pro__L_e', 'EX_so4_e', 'EX_val__L_e', 'EX_xtsn_e', 'EX_thr__L_e', 'PAPSSH']","['ACOAD6f', 'ADNK1', 'ALAR', 'FACOAL140t2pp', 'FACOAL160t2pp', 'FACOAL181t2pp', 'GLYK', 'GPDDA4', 'NTD4', 'PUNP1', 'URIK2']",PIt2rpp,PIuabcpp,0.6445440182611323,1,181,11,-27.0,0.012494944789959725,iPC815,PSL,True,False,-107.592913848966,0.0,0.0,0.0
127,"['23DK5MPPISO', '2OH3K5MPPISO', 'ENOPH']","[0.001885660700054359, 0.001885660700054359, -0.0018856606999999997]","[0.001885660700054359, 0.001885660700054359, 0.0018856606999999997]",['ENOPH'],"['23DK5MPPISO', '2OH3K5MPPISO']",[],ENOPH,23DK5MPPISO,0.005656982099999999,1,3,0,1.0,0.0018856607001087183,iPC815,PSL,False,True,0.0,-999.9999007547,0.0,0.0
128,"['23DK5MPPISO', '2OH3K5MPPISO', 'ENOPH']","[0.001885660700054359, 0.001885660700054359, -0.0018856606999999997]","[0.001885660700054359, 0.001885660700054359, 0.0018856606999999997]",['ENOPH'],"['23DK5MPPISO', '2OH3K5MPPISO']",[],ENOPH,2OH3K5MPPISO,0.005656982099999999,1,3,0,1.0,0.0018856607001087183,iPC815,PSL,False,True,0.0,-999.9999007547,0.0,0.0141779190607415
129,"['EAR40x', 'EAR40y']","[-0.031970030268, 0.031970030268]","[0.031970030268, 0.031970030268]",['EAR40x'],['EAR40y'],[],EAR40x,EAR40y,0.0959100908040168,1,2,0,0.0,0.0,iPC815,PSL,False,False,0.0,0.0,0.0,0.0
130,"['NADTRHD', 'EAR60x', 'EAR60y']","[-0.03197003027240901, -0.03197003026808934, 0.03197003026808934]","[0.03197003027240901, 0.03197003026808934, 0.03197003026808934]",['EAR60y'],"['NADTRHD', 'EAR60x']",[],EAR60x,EAR60y,0.09591009080470693,1,3,0,-1.0,-0.03197003027240901,iPC815,PSL,False,False,0.0,0.0,0.0,0.0
131,"['EAR80x', 'EAR80y']","[-0.03197003026800001, 0.03197003026800001]","[0.03197003026800001, 0.03197003026800001]",['EAR80x'],['EAR80y'],[],EAR80x,EAR80y,0.09591009080399018,1,2,0,0.0,0.0,iPC815,PSL,False,False,0.0,0.0,0.0,0.0
132,"['NADTRHD', 'EAR121x', 'EAR121y']","[-0.009934738088007058, -0.009934738087999998, 0.009934738087999998]","[0.009934738088007058, 0.009934738087999998, 0.009934738087999998]",['EAR121y'],"['NADTRHD', 'EAR121x']",[],EAR121x,EAR121y,0.029804214264007055,1,3,0,-1.0,-0.009934738088007058,iPC815,PSL,False,False,0.0,0.0,0.0,0.0019849086685038
133,"['EAR141x', 'EAR141y']","[-0.009934738087999998, 0.009934738087999998]","[0.009934738087999998, 0.009934738087999998]",['EAR141x'],['EAR141y'],[],EAR141x,EAR141y,0.02980421426398839,1,2,0,0.0,0.0,iPC815,PSL,False,False,0.0,0.0,0.0019849086685038,0.0336527086825759
134,"['EAR161x', 'EAR161y']","[-0.009934738087999998, 0.009934738087999998]","[0.009934738087999998, 0.009934738087999998]",['EAR161x'],['EAR161y'],[],EAR161x,EAR161y,0.029804214263867597,1,2,0,0.0,0.0,iPC815,PSL,False,False,0.0,0.0,0.0,0.0
135,"['NADTRHD', 'EAR181x', 'EAR181y']","[-0.0042238799711658975, -0.004223879967999999, 0.004223879967999999]","[0.0042238799711658975, 0.004223879967999999, 0.004223879967999999]",['EAR181y'],"['NADTRHD', 'EAR181x']",[],EAR181x,EAR181y,0.012671639899722205,1,3,0,-1.0,-0.0042238799711658975,iPC815,PSL,False,False,0.0,0.0,0.0,0.0104576330992029
136,"['ADK3', 'NDPK1', 'ADK1']","[0.5752283391780051, 0.5752283391779399, -0.5752283391779938]","[0.5752283391780051, 0.5752283391779399, 0.5752283391779938]",['ADK1'],['ADK3'],['NDPK1'],ADK1,ADK3,1.7256850175339387,1,3,1,-1.0,-0.5752283391779511,iPC815,PSL,True,True,-999.961611209064,-999.969727064365,0.0,0.0336527086825759
137,"['ACGK', 'ACGS', 'ACODA', 'ACOTA', 'ACS', 'AGPR', 'GLU5K', 'G5SD', 'P5CR', 'NTPP6', 'G5SADs', 'ORNCD']","[0.16486062119999997, 0.16486062119999997, 0.16486062119999997, -0.16486062119997769, 0.16486062119900957, -0.16486062119997769, -0.16486062119999997, -0.16486062119999997, -0.16486062119999997, -0.1648606211991348, -0.16486062119997769, 0.16486062119997769]","[0.16486062119999997, 0.16486062119999997, 0.16486062119999997, 0.16486062119997769, 0.16486062119900957, 0.16486062119997769, 0.16486062119999997, 0.16486062119999997, 0.16486062119999997, 0.1648606211991348, 0.16486062119997769, 0.16486062119997769]","['GLU5K', 'G5SD', 'P5CR', 'NTPP6', 'G5SADs']","['ACGK', 'ACGS', 'ACODA', 'ACOTA', 'ACS', 'AGPR']",['ORNCD'],G5SADs,ACGK,2.1431880755995407,1,12,1,-2.0,-0.3297212424000806,iPC815,PSL,False,False,0.0,0.0,0.0022684670497186,-0.218339953535418
138,"['ACGK', 'ACGS', 'ACODA', 'ACOTA', 'ACS', 'AGPR', 'GLU5K', 'G5SD', 'P5CR', 'NTPP6', 'G5SADs', 'ORNCD']","[0.16486062119999997, 0.16486062119999997, 0.16486062119999997, -0.16486062119997769, 0.16486062119900957, -0.16486062119997769, -0.16486062119999997, -0.16486062119999997, -0.16486062119999997, -0.1648606211991348, -0.16486062119997769, 0.16486062119997769]","[0.16486062119999997, 0.16486062119999997, 0.16486062119999997, 0.16486062119997769, 0.16486062119900957, 0.16486062119997769, 0.16486062119999997, 0.16486062119999997, 0.16486062119999997, 0.1648606211991348, 0.16486062119997769, 0.16486062119997769]","['GLU5K', 'G5SD', 'P5CR', 'NTPP6', 'G5SADs']","['ACGK', 'ACGS', 'ACODA', 'ACOTA', 'ACS', 'AGPR']",['ORNCD'],G5SADs,ACGS,2.1431880755995407,1,12,1,-2.0,-0.3297212424000806,iPC815,PSL,False,False,0.0,0.0,0.0022684670497186,0.0
139,"['ACODA', 'ACOTA', 'GLUDy', 'NACODA', 'P5CR', 'G5SADs', 'ORNCD']","[0.16486062119999997, -0.16486062119997769, -0.16486062120054612, -0.16486062119999997, -0.16486062119999997, -0.16486062119997769, 0.16486062119997769]","[0.16486062119999997, 0.16486062119997769, 0.16486062120054612, 0.16486062119999997, 0.16486062119999997, 0.16486062119997769, 0.16486062119997769]","['ACODA', 'ACOTA']","['NACODA', 'P5CR', 'G5SADs']","['GLUDy', 'ORNCD']",G5SADs,ACODA,1.1540243484000008,1,7,2,-3.0,-0.4945818636005238,iPC815,PSL,False,False,0.0,0.0,0.0022684670497186,0.0
140,"['ACODA', 'ACOTA', 'GLUDy', 'NACODA', 'P5CR', 'G5SADs', 'ORNCD']","[0.16486062119999997, -0.16486062119997769, -0.16486062120054612, -0.16486062119999997, -0.16486062119999997, -0.16486062119997769, 0.16486062119997769]","[0.16486062119999997, 0.16486062119997769, 0.16486062120054612, 0.16486062119999997, 0.16486062119999997, 0.16486062119997769, 0.16486062119997769]","['ACODA', 'ACOTA']","['NACODA', 'P5CR', 'G5SADs']","['GLUDy', 'ORNCD']",G5SADs,ACOTA,1.1540243484000008,1,7,2,-3.0,-0.4945818636005238,iPC815,PSL,False,True,0.0,-12.3429918004958,0.0022684670497186,0.0336527086825759
141,"['ACGK', 'ACGS', 'ACODA', 'ACOTA', 'ACS', 'AGPR', 'GLU5K', 'G5SD', 'P5CR', 'NTPP6', 'G5SADs', 'ORNCD']","[0.16486062119999997, 0.16486062119999997, 0.16486062119999997, -0.16486062119997769, 0.16486062119900957, -0.16486062119997769, -0.16486062119999997, -0.16486062119999997, -0.16486062119999997, -0.1648606211991348, -0.16486062119997769, 0.16486062119997769]","[0.16486062119999997, 0.16486062119999997, 0.16486062119999997, 0.16486062119997769, 0.16486062119900957, 0.16486062119997769, 0.16486062119999997, 0.16486062119999997, 0.16486062119999997, 0.1648606211991348, 0.16486062119997769, 0.16486062119997769]","['GLU5K', 'G5SD', 'P5CR', 'NTPP6', 'G5SADs']","['ACGK', 'ACGS', 'ACODA', 'ACOTA', 'ACS', 'AGPR']",['ORNCD'],G5SADs,AGPR,2.1431880755995407,1,12,1,-2.0,-0.3297212424000806,iPC815,PSL,False,True,0.0,-34.6922978299667,0.0022684670497186,0.0
142,"['GALKr', 'EX_cytd_e', 'EX_ala__D_e', '2AGPGAT140', '2AGPGAT160', '2AGPGAT161', '2AGPGAT181', 'ACGK', 'ACGS', 'ACOAD1f', 'ACOAD2f', 'ACOAD3f', 'ACOAD4f', 'ACOAD5f', 'ACOAD6f', 'ACOAD7f', 'ACOATA', 'ACODA', 'ACOTA', 'ACS', 'ACSERtex', 'ACSERtpp', 'ADEt2rpp', 'ADEtex', '4PEPTtex', 'ADPT', 'AGM4PApp', 'ANHGMtex', 'AGPR', 'AKGt2rpp', 'AKGtex', 'ALAALAr', 'ASNt2rpp', 'ASNtex', 'CYSS', 'CYTD', 'CYTDtex', 'DAAD', 'CHORM', 'DALAt2pp', 'DALAtex', 'DAPDC', 'FA140ACPHi', 'FA160ACPHi', 'FA161ACPHi', 'FACOAE181', 'DRPA', 'FACOAL140t2pp', 'FACOAL161t2pp', 'FACOAL181t2pp', 'DURIK1', 'DURIPP', 'FBP', 'ECOAH1', 'ECOAH2', 'ECOAH3', 'ECOAH4', 'ECOAH5', 'ECOAH6', 'ECOAH7', 'ECOAH8', 'GLUR', 'GLUSy', 'GLYC3Pabcpp', 'GLYC3Ptex', 'HACD1i', 'HACD2i', 'HACD3i', 'GLYCLTDx', 'HACD4i', 'HACD5i', 'HACD6i', 'HACD7i', 'GLYCtex', 'HACD8i', 'CTECOAI7', 'ILEtex', 'ICL', 'ILEabcpp', 'KAT1', 'LPLIPAL1E181pp', 'ACACT11', 'ACACT8', 'ACACT13', 'ACACT10', 'ACACT9', 'ACACT12', 'ACACT8r', 'LACZpp', 'LCTStex', 'LEUabcpp', 'LEUtex', 'LPLIPAL1A140pp', 'LPLIPAL1A160pp', 'LPLIPAL2G140', 'LPLIPAL1E140pp', 'LPLIPAL1E160pp', 'LPLIPAL2G160', 'LPLIPAL2G161', 'LPLIPAL1E161pp', 'LPLIPAL2G181', 'MACPD', 'MDDCP3pp', 'MDDCP4pp', 'G3PD5', 'ME1', 'MPTG', 'G3PEtex', 'G3PGabcpp', 'MLTGY1pp', 'G3PGtex', 'NTD10', 'NTD2', 'NTD4', 'P5CD', 'P5CR', 'PA140abcpp', 'PA160abcpp', 'NTPP4', 'NTPP6', 'NTPP7', 'NTPP8', 'GALabcpp', 'CTECOAI8', 'PAPPT3', 'PLIPA2A160pp', 'PLIPA2E140pp', 'PLIPA2E160pp', 'PLIPA2E161pp', 'PLIPA2E181pp', 'PFL', 'POX', 'PPM2', 'PPND', 'PPS', 'PYNP2r', 'PROabcpp', 'PROtex', 'RNTR3c', 'SERtex', 'THD2pp', 'THRabcpp', 'THRtex', 'TYRTA', 'UAAGDS', 'TRPS1', 'TRPt2rpp', 'TRPtex', 'UAGCVT', 'UAGPT3', 'UAMAGS', 'UAMAS', 'UAPGR', 'UDCPDP', 'UDPG4E', 'UGLT', 'UGMDDS', 'URIK2', 'PIuabcpp', 'VALabcpp', 'VALtex', 'XTSNt2rpp', 'XTSNtex', 'EAR40y', 'EAR60y', 'EAR80y', 'EAR100y', 'EAR121y', 'EAR140y', 'EAR141y', 'EAR160y', 'EAR161y', 'EX_LalaDgluMdapDala_e', 'EX_acser_e', 'EX_ade_e', 'EX_akg_e', 'EX_anhgm_e', 'EX_asn__L_e', 'PLIPA2A140pp', 'EX_g3pe_e', 'EX_g3pg_e', 'EX_lcts_e', 'EX_leu__L_e', 'EX_trp__L_e', 'EX_glyc3p_e', 'EX_glyc_e', 'EX_ile__L_e', 'EX_pro__L_e', 'EX_ser__L_e', 'EX_val__L_e', 'EX_xtsn_e', 'EX_thr__L_e', 'ORNCD']","[-8.999507031148823e-05, 0.0009924520039703566, 0.00036396247380724833, -4.069448465781754e-06, -1.1738793651293409e-05, -5.165069206569087e-06, -3.819020867887454e-06, 0.07865898919999999, 0.07865898919999999, 5.979200250294525e-05, 5.979200250294525e-05, 5.979200250294525e-05, 5.979200250294525e-05, 5.979200250294525e-05, 5.979200250294525e-05, 2.454190462231054e-05, -0.0005815890717713046, 0.07865898919999999, -0.07865898919999381, 0.07729564061851935, -0.0012177343231769555, 0.0012177343231372512, -0.000743948785725479, -0.000743948785725479, -1.9331445741954667e-05, -0.0007413192958944232, 1.9331445794823075e-05, -1.9331445741954667e-05, -0.07865898919999381, 0.00034948345228258404, 0.00034948345228258404, 1.9331445741954667e-05, -0.00040694484653158725, -0.00040694484653158725, -0.0012177343231372512, -0.0007554848893960298, -0.0009924520039703566, -0.0003832939196020714, -0.0002034724232890875, -0.00034463102801242525, -0.00036396247378434055, -1.9326750277362547e-05, -8.138896931563508e-06, -2.3477587302586818e-05, -9.508356336344198e-06, -7.638041735774908e-06, 3.8659760424926935e-05, 1.157679752312069e-05, 2.285151830785123e-05, 1.690386285786282e-05, -3.8659760424926935e-05, 3.865976043471164e-05, -5.161938042341774e-06, -5.979200250294525e-05, -5.979200250294525e-05, -5.979200250294525e-05, -5.979200250294525e-05, -5.979200250294525e-05, -5.979200250294525e-05, -4.821520496989251e-05, -2.454190462231054e-05, -1.9331445741954667e-05, 0.00041001923685524133, -0.000352363759060368, -0.00032246622515685885, 5.979200250140539e-05, 5.979200250140539e-05, 5.979200250140539e-05, 7.825862434193698e-05, 5.979200250140539e-05, 5.979200250140539e-05, 5.979200250140539e-05, 4.82152049782851e-05, 8.248459039350564e-06, 2.454190459363773e-05, 2.3673300384645206e-05, -0.0006104172698542243, 1.2556601979019089e-06, -0.0006104172698672694, 5.979200250140539e-05, 8.451931428931302e-06, 5.979200250140539e-05, 5.979200250140539e-05, 5.979200250140539e-05, 5.979200250140539e-05, 5.979200250140539e-05, 4.82152049782851e-05, 2.454190459363773e-05, -8.999507027862563e-05, -8.999507031148823e-05, -0.0010799690159190023, -0.0010799690159046804, -3.2896016621063824e-06, -2.6607932276265407e-05, 4.069448465781754e-06, 9.078000423666781e-06, 2.6607932276265407e-05, 1.1738793651293409e-05, 5.165069206569087e-06, 1.1425759153925615e-05, 3.819020867887454e-06, 0.0005815890717591476, 9.665722897411538e-06, 9.665722897411538e-06, -0.0003224662250313551, -7.730465002886433e-05, 9.665722897411538e-06, -5.55636232775214e-05, -2.4792332191531053e-05, 9.665722897411538e-06, -2.4792332169454312e-05, 0.00015647694606474305, 0.0006124832962228878, 0.00023696711462659753, 0.07733651783695568, -0.07733651783695568, -3.2896016621063824e-06, -2.6607932276265407e-05, 0.000249580839616379, -0.07545163030439739, 3.8659760424926935e-05, 0.00020393884387041872, -8.999507027862563e-05, 2.454190459363773e-05, 1.9331445794823075e-05, -2.6607932276265407e-05, 9.078000423666781e-06, 2.6607932276265407e-05, 1.1425759153925615e-05, 8.451931428931302e-06, 8.926178692441646e-05, -0.00013309287844864848, 3.865976043471164e-05, -0.0002034724232890875, -0.00015518763420230286, -3.865976043471164e-05, -0.002280356924989846, -0.002280356924984517, -3.975538121857823e-05, -0.000532158645569325, 0.0022751004899766447, -0.0008745248646229165, -0.000874524864570958, 0.00020347242332263704, 1.9331445794823075e-05, 0.00028173104763102447, -0.00036468518942456285, -0.00036468518942456285, 1.9331445794823075e-05, 1.9331445794823075e-05, 1.9331445794823075e-05, 1.9331445794823075e-05, 1.9331445794823075e-05, 1.9331445794823075e-05, 8.999507031148823e-05, -8.999507031148823e-05, 1.9331445794823075e-05, -0.00010434183274821499, -0.0008786267931498518, -0.0007826785885983003, -0.0007826785886209109, -0.00015647694601739204, -0.00015647694601739204, -0.00012596266823667462, -0.00012596266823667462, -0.00012596266823667462, -0.00011645431190032002, -9.508356336354606e-06, -9.141155211089477e-05, -9.508356336344198e-06, -7.669345185511763e-05, -9.508356336344198e-06, 1.9331445794823075e-05, 0.0012177343231372512, 0.0007439487856724519, -0.00034948345226482047, 1.9331445794823075e-05, 0.000406944846578175, -3.2896016621063824e-06, 5.5563623282789106e-05, 2.4792332191531053e-05, 8.999507027862563e-05, 0.0010799690159190023, 0.0003646851894334984, 0.00032246622512199785, -8.248459005642285e-06, 0.0006104172698672694, 0.002280356924989846, 0.000532158645569325, 0.0007826785885983003, 0.00015647694606474305, 0.0008745248646229165, 0.07911601956618597]","[8.999507031148823e-05, 0.0009924520039703566, 0.00036396247380724833, 4.069448465781754e-06, 1.1738793651293409e-05, 5.165069206569087e-06, 3.819020867887454e-06, 0.07865898919999999, 0.07865898919999999, 5.979200250294525e-05, 5.979200250294525e-05, 5.979200250294525e-05, 5.979200250294525e-05, 5.979200250294525e-05, 5.979200250294525e-05, 2.454190462231054e-05, 0.0005815890717713046, 0.07865898919999999, 0.07865898919999381, 0.07729564061851935, 0.0012177343231769555, 0.0012177343231372512, 0.000743948785725479, 0.000743948785725479, 1.9331445741954667e-05, 0.0007413192958944232, 1.9331445794823075e-05, 1.9331445741954667e-05, 0.07865898919999381, 0.00034948345228258404, 0.00034948345228258404, 1.9331445741954667e-05, 0.00040694484653158725, 0.00040694484653158725, 0.0012177343231372512, 0.0007554848893960298, 0.0009924520039703566, 0.0003832939196020714, 0.0002034724232890875, 0.00034463102801242525, 0.00036396247378434055, 1.9326750277362547e-05, 8.138896931563508e-06, 2.3477587302586818e-05, 9.508356336344198e-06, 7.638041735774908e-06, 3.8659760424926935e-05, 1.157679752312069e-05, 2.285151830785123e-05, 1.690386285786282e-05, 3.8659760424926935e-05, 3.865976043471164e-05, 5.161938042341774e-06, 5.979200250294525e-05, 5.979200250294525e-05, 5.979200250294525e-05, 5.979200250294525e-05, 5.979200250294525e-05, 5.979200250294525e-05, 4.821520496989251e-05, 2.454190462231054e-05, 1.9331445741954667e-05, 0.00041001923685524133, 0.000352363759060368, 0.00032246622515685885, 5.979200250140539e-05, 5.979200250140539e-05, 5.979200250140539e-05, 7.825862434193698e-05, 5.979200250140539e-05, 5.979200250140539e-05, 5.979200250140539e-05, 4.82152049782851e-05, 8.248459039350564e-06, 2.454190459363773e-05, 2.3673300384645206e-05, 0.0006104172698542243, 1.2556601979019089e-06, 0.0006104172698672694, 5.979200250140539e-05, 8.451931428931302e-06, 5.979200250140539e-05, 5.979200250140539e-05, 5.979200250140539e-05, 5.979200250140539e-05, 5.979200250140539e-05, 4.82152049782851e-05, 2.454190459363773e-05, 8.999507027862563e-05, 8.999507031148823e-05, 0.0010799690159190023, 0.0010799690159046804, 3.2896016621063824e-06, 2.6607932276265407e-05, 4.069448465781754e-06, 9.078000423666781e-06, 2.6607932276265407e-05, 1.1738793651293409e-05, 5.165069206569087e-06, 1.1425759153925615e-05, 3.819020867887454e-06, 0.0005815890717591476, 9.665722897411538e-06, 9.665722897411538e-06, 0.0003224662250313551, 7.730465002886433e-05, 9.665722897411538e-06, 5.55636232775214e-05, 2.4792332191531053e-05, 9.665722897411538e-06, 2.4792332169454312e-05, 0.00015647694606474305, 0.0006124832962228878, 0.00023696711462659753, 0.07733651783695568, 0.07733651783695568, 3.2896016621063824e-06, 2.6607932276265407e-05, 0.000249580839616379, 0.07545163030439739, 3.8659760424926935e-05, 0.00020393884387041872, 8.999507027862563e-05, 2.454190459363773e-05, 1.9331445794823075e-05, 2.6607932276265407e-05, 9.078000423666781e-06, 2.6607932276265407e-05, 1.1425759153925615e-05, 8.451931428931302e-06, 8.926178692441646e-05, 0.00013309287844864848, 3.865976043471164e-05, 0.0002034724232890875, 0.00015518763420230286, 3.865976043471164e-05, 0.002280356924989846, 0.002280356924984517, 3.975538121857823e-05, 0.000532158645569325, 0.0022751004899766447, 0.0008745248646229165, 0.000874524864570958, 0.00020347242332263704, 1.9331445794823075e-05, 0.00028173104763102447, 0.00036468518942456285, 0.00036468518942456285, 1.9331445794823075e-05, 1.9331445794823075e-05, 1.9331445794823075e-05, 1.9331445794823075e-05, 1.9331445794823075e-05, 1.9331445794823075e-05, 8.999507031148823e-05, 8.999507031148823e-05, 1.9331445794823075e-05, 0.00010434183274821499, 0.0008786267931498518, 0.0007826785885983003, 0.0007826785886209109, 0.00015647694601739204, 0.00015647694601739204, 0.00012596266823667462, 0.00012596266823667462, 0.00012596266823667462, 0.00011645431190032002, 9.508356336354606e-06, 9.141155211089477e-05, 9.508356336344198e-06, 7.669345185511763e-05, 9.508356336344198e-06, 1.9331445794823075e-05, 0.0012177343231372512, 0.0007439487856724519, 0.00034948345226482047, 1.9331445794823075e-05, 0.000406944846578175, 3.2896016621063824e-06, 5.5563623282789106e-05, 2.4792332191531053e-05, 8.999507027862563e-05, 0.0010799690159190023, 0.0003646851894334984, 0.00032246622512199785, 8.248459005642285e-06, 0.0006104172698672694, 0.002280356924989846, 0.000532158645569325, 0.0007826785885983003, 0.00015647694606474305, 0.0008745248646229165, 0.07911601956618597]","['2AGPGAT140', '2AGPGAT160', '2AGPGAT161', '2AGPGAT181', 'ADPT', 'AKGt2rpp', 'AKGtex', 'CYSS', 'CYTD', 'DAAD', 'CHORM', 'DALAt2pp', 'DAPDC', 'FA140ACPHi', 'FA160ACPHi', 'FA161ACPHi', 'FACOAE181', 'DURIK1', 'FBP', 'GLYC3Pabcpp', 'GLYCtex', 'ILEabcpp', 'LACZpp', 'LEUabcpp', 'LPLIPAL1A140pp', 'LPLIPAL1A160pp', 'G3PD5', 'ME1', 'G3PGabcpp', 'PA140abcpp', 'PA160abcpp', 'NTPP6', 'GALabcpp', 'PLIPA2A160pp', 'POX', 'PPND', 'PPS', 'PROabcpp', 'RNTR3c', 'THRabcpp', 'TYRTA', 'PIuabcpp', 'VALabcpp', 'EAR40y', 'EAR60y', 'EAR80y', 'EAR100y', 'EAR121y', 'EAR140y', 'EAR141y', 'EAR160y', 'EAR161y', 'EX_akg_e', 'PLIPA2A140pp', 'EX_glyc_e', 'ORNCD']","['GALKr', 'EX_cytd_e', 'EX_ala__D_e', 'ACGK', 'ACGS', 'ACOAD1f', 'ACOAD2f', 'ACOAD3f', 'ACOAD4f', 'ACOAD5f', 'ACOAD6f', 'ACOATA', 'ACODA', 'ACOTA', 'ACS', 'ACSERtex', 'ACSERtpp', 'ADEt2rpp', 'ADEtex', 'AGPR', 'ASNt2rpp', 'ASNtex', 'CYTDtex', 'DALAtex', 'DRPA', 'DURIPP', 'ECOAH1', 'ECOAH2', 'ECOAH3', 'ECOAH4', 'ECOAH5', 'ECOAH6', 'ECOAH7', 'ECOAH8', 'GLUSy', 'GLYC3Ptex', 'HACD1i', 'HACD2i', 'HACD3i', 'GLYCLTDx', 'HACD4i', 'HACD5i', 'HACD6i', 'HACD7i', 'HACD8i', 'ILEtex', 'ICL', 'KAT1', 'ACACT11', 'ACACT8', 'ACACT13', 'ACACT10', 'ACACT9', 'ACACT12', 'ACACT8r', 'LCTStex', 'LEUtex', 'LPLIPAL2G140', 'LPLIPAL1E140pp', 'LPLIPAL1E160pp', 'LPLIPAL2G160', 'LPLIPAL2G161', 'LPLIPAL1E161pp', 'LPLIPAL2G181', 'MACPD', 'MDDCP3pp', 'G3PGtex', 'NTD10', 'NTD2', 'P5CD', 'NTPP4', 'NTPP7', 'NTPP8', 'CTECOAI8', 'PLIPA2E140pp', 'PLIPA2E160pp', 'PLIPA2E161pp', 'PFL', 'PPM2', 'PYNP2r', 'PROtex', 'SERtex', 'THD2pp', 'THRtex', 'TRPS1', 'TRPt2rpp', 'TRPtex', 'UDPG4E', 'UGLT', 'VALtex', 'XTSNt2rpp', 'XTSNtex', 'EX_acser_e', 'EX_ade_e', 'EX_asn__L_e', 'EX_g3pg_e', 'EX_lcts_e', 'EX_leu__L_e', 'EX_trp__L_e', 'EX_glyc3p_e', 'EX_ile__L_e', 'EX_pro__L_e', 'EX_ser__L_e', 'EX_val__L_e', 'EX_xtsn_e', 'EX_thr__L_e']","['ACOAD7f', '4PEPTtex', 'AGM4PApp', 'ANHGMtex', 'ALAALAr', 'FACOAL140t2pp', 'FACOAL161t2pp', 'FACOAL181t2pp', 'GLUR', 'CTECOAI7', 'LPLIPAL1E181pp', 'MDDCP4pp', 'MPTG', 'G3PEtex', 'MLTGY1pp', 'NTD4', 'P5CR', 'PAPPT3', 'PLIPA2E181pp', 'UAAGDS', 'UAGCVT', 'UAGPT3', 'UAMAGS', 'UAMAS', 'UAPGR', 'UDCPDP', 'UGMDDS', 'URIK2', 'EX_LalaDgluMdapDala_e', 'EX_anhgm_e', 'EX_g3pe_e']",ORNCD,ACGK,1.0098292009704413,1,193,31,-11.0,-0.15295831371712013,iPC815,PSL,True,False,-13.2609602141915,0.0,0.0,-0.218339953535418
143,"['GALKr', 'EX_cytd_e', 'EX_ala__D_e', '2AGPGAT140', '2AGPGAT160', '2AGPGAT161', '2AGPGAT181', 'ACGK', 'ACGS', 'ACOAD1f', 'ACOAD2f', 'ACOAD3f', 'ACOAD4f', 'ACOAD5f', 'ACOAD6f', 'ACOAD7f', 'ACOATA', 'ACODA', 'ACOTA', 'ACS', 'ACSERtex', 'ACSERtpp', 'ADEt2rpp', 'ADEtex', '4PEPTtex', 'ADPT', 'AGM4PApp', 'ANHGMtex', 'AGPR', 'AKGt2rpp', 'AKGtex', 'ALAALAr', 'ASNt2rpp', 'ASNtex', 'CYSS', 'CYTD', 'CYTDtex', 'DAAD', 'CHORM', 'DALAt2pp', 'DALAtex', 'DAPDC', 'FA140ACPHi', 'FA160ACPHi', 'FA161ACPHi', 'FACOAE181', 'DRPA', 'FACOAL140t2pp', 'FACOAL161t2pp', 'FACOAL181t2pp', 'DURIK1', 'DURIPP', 'FBP', 'ECOAH1', 'ECOAH2', 'ECOAH3', 'ECOAH4', 'ECOAH5', 'ECOAH6', 'ECOAH7', 'ECOAH8', 'GLUR', 'GLUSy', 'GLYC3Pabcpp', 'GLYC3Ptex', 'HACD1i', 'HACD2i', 'HACD3i', 'GLYCLTDx', 'HACD4i', 'HACD5i', 'HACD6i', 'HACD7i', 'GLYCtex', 'HACD8i', 'CTECOAI7', 'ILEtex', 'ICL', 'ILEabcpp', 'KAT1', 'LPLIPAL1E181pp', 'ACACT11', 'ACACT8', 'ACACT13', 'ACACT10', 'ACACT9', 'ACACT12', 'ACACT8r', 'LACZpp', 'LCTStex', 'LEUabcpp', 'LEUtex', 'LPLIPAL1A140pp', 'LPLIPAL1A160pp', 'LPLIPAL2G140', 'LPLIPAL1E140pp', 'LPLIPAL1E160pp', 'LPLIPAL2G160', 'LPLIPAL2G161', 'LPLIPAL1E161pp', 'LPLIPAL2G181', 'MACPD', 'MDDCP3pp', 'MDDCP4pp', 'G3PD5', 'ME1', 'MPTG', 'G3PEtex', 'G3PGabcpp', 'MLTGY1pp', 'G3PGtex', 'NTD10', 'NTD2', 'NTD4', 'P5CD', 'P5CR', 'PA140abcpp', 'PA160abcpp', 'NTPP4', 'NTPP6', 'NTPP7', 'NTPP8', 'GALabcpp', 'CTECOAI8', 'PAPPT3', 'PLIPA2A160pp', 'PLIPA2E140pp', 'PLIPA2E160pp', 'PLIPA2E161pp', 'PLIPA2E181pp', 'PFL', 'POX', 'PPM2', 'PPND', 'PPS', 'PYNP2r', 'PROabcpp', 'PROtex', 'RNTR3c', 'SERtex', 'THD2pp', 'THRabcpp', 'THRtex', 'TYRTA', 'UAAGDS', 'TRPS1', 'TRPt2rpp', 'TRPtex', 'UAGCVT', 'UAGPT3', 'UAMAGS', 'UAMAS', 'UAPGR', 'UDCPDP', 'UDPG4E', 'UGLT', 'UGMDDS', 'URIK2', 'PIuabcpp', 'VALabcpp', 'VALtex', 'XTSNt2rpp', 'XTSNtex', 'EAR40y', 'EAR60y', 'EAR80y', 'EAR100y', 'EAR121y', 'EAR140y', 'EAR141y', 'EAR160y', 'EAR161y', 'EX_LalaDgluMdapDala_e', 'EX_acser_e', 'EX_ade_e', 'EX_akg_e', 'EX_anhgm_e', 'EX_asn__L_e', 'PLIPA2A140pp', 'EX_g3pe_e', 'EX_g3pg_e', 'EX_lcts_e', 'EX_leu__L_e', 'EX_trp__L_e', 'EX_glyc3p_e', 'EX_glyc_e', 'EX_ile__L_e', 'EX_pro__L_e', 'EX_ser__L_e', 'EX_val__L_e', 'EX_xtsn_e', 'EX_thr__L_e', 'ORNCD']","[-8.999507031148823e-05, 0.0009924520039703566, 0.00036396247380724833, -4.069448465781754e-06, -1.1738793651293409e-05, -5.165069206569087e-06, -3.819020867887454e-06, 0.07865898919999999, 0.07865898919999999, 5.979200250294525e-05, 5.979200250294525e-05, 5.979200250294525e-05, 5.979200250294525e-05, 5.979200250294525e-05, 5.979200250294525e-05, 2.454190462231054e-05, -0.0005815890717713046, 0.07865898919999999, -0.07865898919999381, 0.07729564061851935, -0.0012177343231769555, 0.0012177343231372512, -0.000743948785725479, -0.000743948785725479, -1.9331445741954667e-05, -0.0007413192958944232, 1.9331445794823075e-05, -1.9331445741954667e-05, -0.07865898919999381, 0.00034948345228258404, 0.00034948345228258404, 1.9331445741954667e-05, -0.00040694484653158725, -0.00040694484653158725, -0.0012177343231372512, -0.0007554848893960298, -0.0009924520039703566, -0.0003832939196020714, -0.0002034724232890875, -0.00034463102801242525, -0.00036396247378434055, -1.9326750277362547e-05, -8.138896931563508e-06, -2.3477587302586818e-05, -9.508356336344198e-06, -7.638041735774908e-06, 3.8659760424926935e-05, 1.157679752312069e-05, 2.285151830785123e-05, 1.690386285786282e-05, -3.8659760424926935e-05, 3.865976043471164e-05, -5.161938042341774e-06, -5.979200250294525e-05, -5.979200250294525e-05, -5.979200250294525e-05, -5.979200250294525e-05, -5.979200250294525e-05, -5.979200250294525e-05, -4.821520496989251e-05, -2.454190462231054e-05, -1.9331445741954667e-05, 0.00041001923685524133, -0.000352363759060368, -0.00032246622515685885, 5.979200250140539e-05, 5.979200250140539e-05, 5.979200250140539e-05, 7.825862434193698e-05, 5.979200250140539e-05, 5.979200250140539e-05, 5.979200250140539e-05, 4.82152049782851e-05, 8.248459039350564e-06, 2.454190459363773e-05, 2.3673300384645206e-05, -0.0006104172698542243, 1.2556601979019089e-06, -0.0006104172698672694, 5.979200250140539e-05, 8.451931428931302e-06, 5.979200250140539e-05, 5.979200250140539e-05, 5.979200250140539e-05, 5.979200250140539e-05, 5.979200250140539e-05, 4.82152049782851e-05, 2.454190459363773e-05, -8.999507027862563e-05, -8.999507031148823e-05, -0.0010799690159190023, -0.0010799690159046804, -3.2896016621063824e-06, -2.6607932276265407e-05, 4.069448465781754e-06, 9.078000423666781e-06, 2.6607932276265407e-05, 1.1738793651293409e-05, 5.165069206569087e-06, 1.1425759153925615e-05, 3.819020867887454e-06, 0.0005815890717591476, 9.665722897411538e-06, 9.665722897411538e-06, -0.0003224662250313551, -7.730465002886433e-05, 9.665722897411538e-06, -5.55636232775214e-05, -2.4792332191531053e-05, 9.665722897411538e-06, -2.4792332169454312e-05, 0.00015647694606474305, 0.0006124832962228878, 0.00023696711462659753, 0.07733651783695568, -0.07733651783695568, -3.2896016621063824e-06, -2.6607932276265407e-05, 0.000249580839616379, -0.07545163030439739, 3.8659760424926935e-05, 0.00020393884387041872, -8.999507027862563e-05, 2.454190459363773e-05, 1.9331445794823075e-05, -2.6607932276265407e-05, 9.078000423666781e-06, 2.6607932276265407e-05, 1.1425759153925615e-05, 8.451931428931302e-06, 8.926178692441646e-05, -0.00013309287844864848, 3.865976043471164e-05, -0.0002034724232890875, -0.00015518763420230286, -3.865976043471164e-05, -0.002280356924989846, -0.002280356924984517, -3.975538121857823e-05, -0.000532158645569325, 0.0022751004899766447, -0.0008745248646229165, -0.000874524864570958, 0.00020347242332263704, 1.9331445794823075e-05, 0.00028173104763102447, -0.00036468518942456285, -0.00036468518942456285, 1.9331445794823075e-05, 1.9331445794823075e-05, 1.9331445794823075e-05, 1.9331445794823075e-05, 1.9331445794823075e-05, 1.9331445794823075e-05, 8.999507031148823e-05, -8.999507031148823e-05, 1.9331445794823075e-05, -0.00010434183274821499, -0.0008786267931498518, -0.0007826785885983003, -0.0007826785886209109, -0.00015647694601739204, -0.00015647694601739204, -0.00012596266823667462, -0.00012596266823667462, -0.00012596266823667462, -0.00011645431190032002, -9.508356336354606e-06, -9.141155211089477e-05, -9.508356336344198e-06, -7.669345185511763e-05, -9.508356336344198e-06, 1.9331445794823075e-05, 0.0012177343231372512, 0.0007439487856724519, -0.00034948345226482047, 1.9331445794823075e-05, 0.000406944846578175, -3.2896016621063824e-06, 5.5563623282789106e-05, 2.4792332191531053e-05, 8.999507027862563e-05, 0.0010799690159190023, 0.0003646851894334984, 0.00032246622512199785, -8.248459005642285e-06, 0.0006104172698672694, 0.002280356924989846, 0.000532158645569325, 0.0007826785885983003, 0.00015647694606474305, 0.0008745248646229165, 0.07911601956618597]","[8.999507031148823e-05, 0.0009924520039703566, 0.00036396247380724833, 4.069448465781754e-06, 1.1738793651293409e-05, 5.165069206569087e-06, 3.819020867887454e-06, 0.07865898919999999, 0.07865898919999999, 5.979200250294525e-05, 5.979200250294525e-05, 5.979200250294525e-05, 5.979200250294525e-05, 5.979200250294525e-05, 5.979200250294525e-05, 2.454190462231054e-05, 0.0005815890717713046, 0.07865898919999999, 0.07865898919999381, 0.07729564061851935, 0.0012177343231769555, 0.0012177343231372512, 0.000743948785725479, 0.000743948785725479, 1.9331445741954667e-05, 0.0007413192958944232, 1.9331445794823075e-05, 1.9331445741954667e-05, 0.07865898919999381, 0.00034948345228258404, 0.00034948345228258404, 1.9331445741954667e-05, 0.00040694484653158725, 0.00040694484653158725, 0.0012177343231372512, 0.0007554848893960298, 0.0009924520039703566, 0.0003832939196020714, 0.0002034724232890875, 0.00034463102801242525, 0.00036396247378434055, 1.9326750277362547e-05, 8.138896931563508e-06, 2.3477587302586818e-05, 9.508356336344198e-06, 7.638041735774908e-06, 3.8659760424926935e-05, 1.157679752312069e-05, 2.285151830785123e-05, 1.690386285786282e-05, 3.8659760424926935e-05, 3.865976043471164e-05, 5.161938042341774e-06, 5.979200250294525e-05, 5.979200250294525e-05, 5.979200250294525e-05, 5.979200250294525e-05, 5.979200250294525e-05, 5.979200250294525e-05, 4.821520496989251e-05, 2.454190462231054e-05, 1.9331445741954667e-05, 0.00041001923685524133, 0.000352363759060368, 0.00032246622515685885, 5.979200250140539e-05, 5.979200250140539e-05, 5.979200250140539e-05, 7.825862434193698e-05, 5.979200250140539e-05, 5.979200250140539e-05, 5.979200250140539e-05, 4.82152049782851e-05, 8.248459039350564e-06, 2.454190459363773e-05, 2.3673300384645206e-05, 0.0006104172698542243, 1.2556601979019089e-06, 0.0006104172698672694, 5.979200250140539e-05, 8.451931428931302e-06, 5.979200250140539e-05, 5.979200250140539e-05, 5.979200250140539e-05, 5.979200250140539e-05, 5.979200250140539e-05, 4.82152049782851e-05, 2.454190459363773e-05, 8.999507027862563e-05, 8.999507031148823e-05, 0.0010799690159190023, 0.0010799690159046804, 3.2896016621063824e-06, 2.6607932276265407e-05, 4.069448465781754e-06, 9.078000423666781e-06, 2.6607932276265407e-05, 1.1738793651293409e-05, 5.165069206569087e-06, 1.1425759153925615e-05, 3.819020867887454e-06, 0.0005815890717591476, 9.665722897411538e-06, 9.665722897411538e-06, 0.0003224662250313551, 7.730465002886433e-05, 9.665722897411538e-06, 5.55636232775214e-05, 2.4792332191531053e-05, 9.665722897411538e-06, 2.4792332169454312e-05, 0.00015647694606474305, 0.0006124832962228878, 0.00023696711462659753, 0.07733651783695568, 0.07733651783695568, 3.2896016621063824e-06, 2.6607932276265407e-05, 0.000249580839616379, 0.07545163030439739, 3.8659760424926935e-05, 0.00020393884387041872, 8.999507027862563e-05, 2.454190459363773e-05, 1.9331445794823075e-05, 2.6607932276265407e-05, 9.078000423666781e-06, 2.6607932276265407e-05, 1.1425759153925615e-05, 8.451931428931302e-06, 8.926178692441646e-05, 0.00013309287844864848, 3.865976043471164e-05, 0.0002034724232890875, 0.00015518763420230286, 3.865976043471164e-05, 0.002280356924989846, 0.002280356924984517, 3.975538121857823e-05, 0.000532158645569325, 0.0022751004899766447, 0.0008745248646229165, 0.000874524864570958, 0.00020347242332263704, 1.9331445794823075e-05, 0.00028173104763102447, 0.00036468518942456285, 0.00036468518942456285, 1.9331445794823075e-05, 1.9331445794823075e-05, 1.9331445794823075e-05, 1.9331445794823075e-05, 1.9331445794823075e-05, 1.9331445794823075e-05, 8.999507031148823e-05, 8.999507031148823e-05, 1.9331445794823075e-05, 0.00010434183274821499, 0.0008786267931498518, 0.0007826785885983003, 0.0007826785886209109, 0.00015647694601739204, 0.00015647694601739204, 0.00012596266823667462, 0.00012596266823667462, 0.00012596266823667462, 0.00011645431190032002, 9.508356336354606e-06, 9.141155211089477e-05, 9.508356336344198e-06, 7.669345185511763e-05, 9.508356336344198e-06, 1.9331445794823075e-05, 0.0012177343231372512, 0.0007439487856724519, 0.00034948345226482047, 1.9331445794823075e-05, 0.000406944846578175, 3.2896016621063824e-06, 5.5563623282789106e-05, 2.4792332191531053e-05, 8.999507027862563e-05, 0.0010799690159190023, 0.0003646851894334984, 0.00032246622512199785, 8.248459005642285e-06, 0.0006104172698672694, 0.002280356924989846, 0.000532158645569325, 0.0007826785885983003, 0.00015647694606474305, 0.0008745248646229165, 0.07911601956618597]","['2AGPGAT140', '2AGPGAT160', '2AGPGAT161', '2AGPGAT181', 'ADPT', 'AKGt2rpp', 'AKGtex', 'CYSS', 'CYTD', 'DAAD', 'CHORM', 'DALAt2pp', 'DAPDC', 'FA140ACPHi', 'FA160ACPHi', 'FA161ACPHi', 'FACOAE181', 'DURIK1', 'FBP', 'GLYC3Pabcpp', 'GLYCtex', 'ILEabcpp', 'LACZpp', 'LEUabcpp', 'LPLIPAL1A140pp', 'LPLIPAL1A160pp', 'G3PD5', 'ME1', 'G3PGabcpp', 'PA140abcpp', 'PA160abcpp', 'NTPP6', 'GALabcpp', 'PLIPA2A160pp', 'POX', 'PPND', 'PPS', 'PROabcpp', 'RNTR3c', 'THRabcpp', 'TYRTA', 'PIuabcpp', 'VALabcpp', 'EAR40y', 'EAR60y', 'EAR80y', 'EAR100y', 'EAR121y', 'EAR140y', 'EAR141y', 'EAR160y', 'EAR161y', 'EX_akg_e', 'PLIPA2A140pp', 'EX_glyc_e', 'ORNCD']","['GALKr', 'EX_cytd_e', 'EX_ala__D_e', 'ACGK', 'ACGS', 'ACOAD1f', 'ACOAD2f', 'ACOAD3f', 'ACOAD4f', 'ACOAD5f', 'ACOAD6f', 'ACOATA', 'ACODA', 'ACOTA', 'ACS', 'ACSERtex', 'ACSERtpp', 'ADEt2rpp', 'ADEtex', 'AGPR', 'ASNt2rpp', 'ASNtex', 'CYTDtex', 'DALAtex', 'DRPA', 'DURIPP', 'ECOAH1', 'ECOAH2', 'ECOAH3', 'ECOAH4', 'ECOAH5', 'ECOAH6', 'ECOAH7', 'ECOAH8', 'GLUSy', 'GLYC3Ptex', 'HACD1i', 'HACD2i', 'HACD3i', 'GLYCLTDx', 'HACD4i', 'HACD5i', 'HACD6i', 'HACD7i', 'HACD8i', 'ILEtex', 'ICL', 'KAT1', 'ACACT11', 'ACACT8', 'ACACT13', 'ACACT10', 'ACACT9', 'ACACT12', 'ACACT8r', 'LCTStex', 'LEUtex', 'LPLIPAL2G140', 'LPLIPAL1E140pp', 'LPLIPAL1E160pp', 'LPLIPAL2G160', 'LPLIPAL2G161', 'LPLIPAL1E161pp', 'LPLIPAL2G181', 'MACPD', 'MDDCP3pp', 'G3PGtex', 'NTD10', 'NTD2', 'P5CD', 'NTPP4', 'NTPP7', 'NTPP8', 'CTECOAI8', 'PLIPA2E140pp', 'PLIPA2E160pp', 'PLIPA2E161pp', 'PFL', 'PPM2', 'PYNP2r', 'PROtex', 'SERtex', 'THD2pp', 'THRtex', 'TRPS1', 'TRPt2rpp', 'TRPtex', 'UDPG4E', 'UGLT', 'VALtex', 'XTSNt2rpp', 'XTSNtex', 'EX_acser_e', 'EX_ade_e', 'EX_asn__L_e', 'EX_g3pg_e', 'EX_lcts_e', 'EX_leu__L_e', 'EX_trp__L_e', 'EX_glyc3p_e', 'EX_ile__L_e', 'EX_pro__L_e', 'EX_ser__L_e', 'EX_val__L_e', 'EX_xtsn_e', 'EX_thr__L_e']","['ACOAD7f', '4PEPTtex', 'AGM4PApp', 'ANHGMtex', 'ALAALAr', 'FACOAL140t2pp', 'FACOAL161t2pp', 'FACOAL181t2pp', 'GLUR', 'CTECOAI7', 'LPLIPAL1E181pp', 'MDDCP4pp', 'MPTG', 'G3PEtex', 'MLTGY1pp', 'NTD4', 'P5CR', 'PAPPT3', 'PLIPA2E181pp', 'UAAGDS', 'UAGCVT', 'UAGPT3', 'UAMAGS', 'UAMAS', 'UAPGR', 'UDCPDP', 'UGMDDS', 'URIK2', 'EX_LalaDgluMdapDala_e', 'EX_anhgm_e', 'EX_g3pe_e']",ORNCD,ACGS,1.0098292009704413,1,193,31,-11.0,-0.15295831371712013,iPC815,PSL,True,False,-13.2609602141915,0.0,0.0,0.0
144,"['ACODA', 'ACOTA', 'NACODA', 'P5CR', 'G5SADs', 'ORNCD']","[0.07865898919999999, -0.07865898919999381, -0.07865898919999999, -0.07865898919999999, -0.07865898919999381, 0.07865898919999381]","[0.07865898919999999, 0.07865898919999381, 0.07865898919999999, 0.07865898919999999, 0.07865898919999381, 0.07865898919999381]","['NACODA', 'ORNCD']","['ACODA', 'ACOTA']","['P5CR', 'G5SADs']",ORNCD,ACODA,0.5506129243999275,1,6,2,2.0,0.15731797839999379,iPC815,PSL,True,False,-13.2609602141915,0.0,0.0,0.0
145,"['ACODA', 'ACOTA', 'NACODA', 'P5CR', 'G5SADs', 'ORNCD']","[0.07865898919999999, -0.07865898919999381, -0.07865898919999999, -0.07865898919999999, -0.07865898919999381, 0.07865898919999381]","[0.07865898919999999, 0.07865898919999381, 0.07865898919999999, 0.07865898919999999, 0.07865898919999381, 0.07865898919999381]","['NACODA', 'ORNCD']","['ACODA', 'ACOTA']","['P5CR', 'G5SADs']",ORNCD,ACOTA,0.5506129243999275,1,6,2,2.0,0.15731797839999379,iPC815,PSL,True,True,-13.2609602141915,-12.3429918004958,0.0,0.0336527086825759
146,"['GALKr', 'EX_cytd_e', 'EX_ala__D_e', '2AGPGAT140', '2AGPGAT160', '2AGPGAT161', '2AGPGAT181', 'ACGK', 'ACGS', 'ACOAD1f', 'ACOAD2f', 'ACOAD3f', 'ACOAD4f', 'ACOAD5f', 'ACOAD6f', 'ACOAD7f', 'ACOATA', 'ACODA', 'ACOTA', 'ACS', 'ACSERtex', 'ACSERtpp', 'ADEt2rpp', 'ADEtex', '4PEPTtex', 'ADPT', 'AGM4PApp', 'ANHGMtex', 'AGPR', 'AKGt2rpp', 'AKGtex', 'ALAALAr', 'ASNt2rpp', 'ASNtex', 'CYSS', 'CYTD', 'CYTDtex', 'DAAD', 'CHORM', 'DALAt2pp', 'DALAtex', 'DAPDC', 'FA140ACPHi', 'FA160ACPHi', 'FA161ACPHi', 'FACOAE181', 'DRPA', 'FACOAL140t2pp', 'FACOAL161t2pp', 'FACOAL181t2pp', 'DURIK1', 'DURIPP', 'FBP', 'ECOAH1', 'ECOAH2', 'ECOAH3', 'ECOAH4', 'ECOAH5', 'ECOAH6', 'ECOAH7', 'ECOAH8', 'GLUR', 'GLUSy', 'GLYC3Pabcpp', 'GLYC3Ptex', 'HACD1i', 'HACD2i', 'HACD3i', 'GLYCLTDx', 'HACD4i', 'HACD5i', 'HACD6i', 'HACD7i', 'GLYCtex', 'HACD8i', 'CTECOAI7', 'ILEtex', 'ICL', 'ILEabcpp', 'KAT1', 'LPLIPAL1E181pp', 'ACACT11', 'ACACT8', 'ACACT13', 'ACACT10', 'ACACT9', 'ACACT12', 'ACACT8r', 'LACZpp', 'LCTStex', 'LEUabcpp', 'LEUtex', 'LPLIPAL1A140pp', 'LPLIPAL1A160pp', 'LPLIPAL2G140', 'LPLIPAL1E140pp', 'LPLIPAL1E160pp', 'LPLIPAL2G160', 'LPLIPAL2G161', 'LPLIPAL1E161pp', 'LPLIPAL2G181', 'MACPD', 'MDDCP3pp', 'MDDCP4pp', 'G3PD5', 'ME1', 'MPTG', 'G3PEtex', 'G3PGabcpp', 'MLTGY1pp', 'G3PGtex', 'NTD10', 'NTD2', 'NTD4', 'P5CD', 'P5CR', 'PA140abcpp', 'PA160abcpp', 'NTPP4', 'NTPP6', 'NTPP7', 'NTPP8', 'GALabcpp', 'CTECOAI8', 'PAPPT3', 'PLIPA2A160pp', 'PLIPA2E140pp', 'PLIPA2E160pp', 'PLIPA2E161pp', 'PLIPA2E181pp', 'PFL', 'POX', 'PPM2', 'PPND', 'PPS', 'PYNP2r', 'PROabcpp', 'PROtex', 'RNTR3c', 'SERtex', 'THD2pp', 'THRabcpp', 'THRtex', 'TYRTA', 'UAAGDS', 'TRPS1', 'TRPt2rpp', 'TRPtex', 'UAGCVT', 'UAGPT3', 'UAMAGS', 'UAMAS', 'UAPGR', 'UDCPDP', 'UDPG4E', 'UGLT', 'UGMDDS', 'URIK2', 'PIuabcpp', 'VALabcpp', 'VALtex', 'XTSNt2rpp', 'XTSNtex', 'EAR40y', 'EAR60y', 'EAR80y', 'EAR100y', 'EAR121y', 'EAR140y', 'EAR141y', 'EAR160y', 'EAR161y', 'EX_LalaDgluMdapDala_e', 'EX_acser_e', 'EX_ade_e', 'EX_akg_e', 'EX_anhgm_e', 'EX_asn__L_e', 'PLIPA2A140pp', 'EX_g3pe_e', 'EX_g3pg_e', 'EX_lcts_e', 'EX_leu__L_e', 'EX_trp__L_e', 'EX_glyc3p_e', 'EX_glyc_e', 'EX_ile__L_e', 'EX_pro__L_e', 'EX_ser__L_e', 'EX_val__L_e', 'EX_xtsn_e', 'EX_thr__L_e', 'ORNCD']","[-8.999507031148823e-05, 0.0009924520039703566, 0.00036396247380724833, -4.069448465781754e-06, -1.1738793651293409e-05, -5.165069206569087e-06, -3.819020867887454e-06, 0.07865898919999999, 0.07865898919999999, 5.979200250294525e-05, 5.979200250294525e-05, 5.979200250294525e-05, 5.979200250294525e-05, 5.979200250294525e-05, 5.979200250294525e-05, 2.454190462231054e-05, -0.0005815890717713046, 0.07865898919999999, -0.07865898919999381, 0.07729564061851935, -0.0012177343231769555, 0.0012177343231372512, -0.000743948785725479, -0.000743948785725479, -1.9331445741954667e-05, -0.0007413192958944232, 1.9331445794823075e-05, -1.9331445741954667e-05, -0.07865898919999381, 0.00034948345228258404, 0.00034948345228258404, 1.9331445741954667e-05, -0.00040694484653158725, -0.00040694484653158725, -0.0012177343231372512, -0.0007554848893960298, -0.0009924520039703566, -0.0003832939196020714, -0.0002034724232890875, -0.00034463102801242525, -0.00036396247378434055, -1.9326750277362547e-05, -8.138896931563508e-06, -2.3477587302586818e-05, -9.508356336344198e-06, -7.638041735774908e-06, 3.8659760424926935e-05, 1.157679752312069e-05, 2.285151830785123e-05, 1.690386285786282e-05, -3.8659760424926935e-05, 3.865976043471164e-05, -5.161938042341774e-06, -5.979200250294525e-05, -5.979200250294525e-05, -5.979200250294525e-05, -5.979200250294525e-05, -5.979200250294525e-05, -5.979200250294525e-05, -4.821520496989251e-05, -2.454190462231054e-05, -1.9331445741954667e-05, 0.00041001923685524133, -0.000352363759060368, -0.00032246622515685885, 5.979200250140539e-05, 5.979200250140539e-05, 5.979200250140539e-05, 7.825862434193698e-05, 5.979200250140539e-05, 5.979200250140539e-05, 5.979200250140539e-05, 4.82152049782851e-05, 8.248459039350564e-06, 2.454190459363773e-05, 2.3673300384645206e-05, -0.0006104172698542243, 1.2556601979019089e-06, -0.0006104172698672694, 5.979200250140539e-05, 8.451931428931302e-06, 5.979200250140539e-05, 5.979200250140539e-05, 5.979200250140539e-05, 5.979200250140539e-05, 5.979200250140539e-05, 4.82152049782851e-05, 2.454190459363773e-05, -8.999507027862563e-05, -8.999507031148823e-05, -0.0010799690159190023, -0.0010799690159046804, -3.2896016621063824e-06, -2.6607932276265407e-05, 4.069448465781754e-06, 9.078000423666781e-06, 2.6607932276265407e-05, 1.1738793651293409e-05, 5.165069206569087e-06, 1.1425759153925615e-05, 3.819020867887454e-06, 0.0005815890717591476, 9.665722897411538e-06, 9.665722897411538e-06, -0.0003224662250313551, -7.730465002886433e-05, 9.665722897411538e-06, -5.55636232775214e-05, -2.4792332191531053e-05, 9.665722897411538e-06, -2.4792332169454312e-05, 0.00015647694606474305, 0.0006124832962228878, 0.00023696711462659753, 0.07733651783695568, -0.07733651783695568, -3.2896016621063824e-06, -2.6607932276265407e-05, 0.000249580839616379, -0.07545163030439739, 3.8659760424926935e-05, 0.00020393884387041872, -8.999507027862563e-05, 2.454190459363773e-05, 1.9331445794823075e-05, -2.6607932276265407e-05, 9.078000423666781e-06, 2.6607932276265407e-05, 1.1425759153925615e-05, 8.451931428931302e-06, 8.926178692441646e-05, -0.00013309287844864848, 3.865976043471164e-05, -0.0002034724232890875, -0.00015518763420230286, -3.865976043471164e-05, -0.002280356924989846, -0.002280356924984517, -3.975538121857823e-05, -0.000532158645569325, 0.0022751004899766447, -0.0008745248646229165, -0.000874524864570958, 0.00020347242332263704, 1.9331445794823075e-05, 0.00028173104763102447, -0.00036468518942456285, -0.00036468518942456285, 1.9331445794823075e-05, 1.9331445794823075e-05, 1.9331445794823075e-05, 1.9331445794823075e-05, 1.9331445794823075e-05, 1.9331445794823075e-05, 8.999507031148823e-05, -8.999507031148823e-05, 1.9331445794823075e-05, -0.00010434183274821499, -0.0008786267931498518, -0.0007826785885983003, -0.0007826785886209109, -0.00015647694601739204, -0.00015647694601739204, -0.00012596266823667462, -0.00012596266823667462, -0.00012596266823667462, -0.00011645431190032002, -9.508356336354606e-06, -9.141155211089477e-05, -9.508356336344198e-06, -7.669345185511763e-05, -9.508356336344198e-06, 1.9331445794823075e-05, 0.0012177343231372512, 0.0007439487856724519, -0.00034948345226482047, 1.9331445794823075e-05, 0.000406944846578175, -3.2896016621063824e-06, 5.5563623282789106e-05, 2.4792332191531053e-05, 8.999507027862563e-05, 0.0010799690159190023, 0.0003646851894334984, 0.00032246622512199785, -8.248459005642285e-06, 0.0006104172698672694, 0.002280356924989846, 0.000532158645569325, 0.0007826785885983003, 0.00015647694606474305, 0.0008745248646229165, 0.07911601956618597]","[8.999507031148823e-05, 0.0009924520039703566, 0.00036396247380724833, 4.069448465781754e-06, 1.1738793651293409e-05, 5.165069206569087e-06, 3.819020867887454e-06, 0.07865898919999999, 0.07865898919999999, 5.979200250294525e-05, 5.979200250294525e-05, 5.979200250294525e-05, 5.979200250294525e-05, 5.979200250294525e-05, 5.979200250294525e-05, 2.454190462231054e-05, 0.0005815890717713046, 0.07865898919999999, 0.07865898919999381, 0.07729564061851935, 0.0012177343231769555, 0.0012177343231372512, 0.000743948785725479, 0.000743948785725479, 1.9331445741954667e-05, 0.0007413192958944232, 1.9331445794823075e-05, 1.9331445741954667e-05, 0.07865898919999381, 0.00034948345228258404, 0.00034948345228258404, 1.9331445741954667e-05, 0.00040694484653158725, 0.00040694484653158725, 0.0012177343231372512, 0.0007554848893960298, 0.0009924520039703566, 0.0003832939196020714, 0.0002034724232890875, 0.00034463102801242525, 0.00036396247378434055, 1.9326750277362547e-05, 8.138896931563508e-06, 2.3477587302586818e-05, 9.508356336344198e-06, 7.638041735774908e-06, 3.8659760424926935e-05, 1.157679752312069e-05, 2.285151830785123e-05, 1.690386285786282e-05, 3.8659760424926935e-05, 3.865976043471164e-05, 5.161938042341774e-06, 5.979200250294525e-05, 5.979200250294525e-05, 5.979200250294525e-05, 5.979200250294525e-05, 5.979200250294525e-05, 5.979200250294525e-05, 4.821520496989251e-05, 2.454190462231054e-05, 1.9331445741954667e-05, 0.00041001923685524133, 0.000352363759060368, 0.00032246622515685885, 5.979200250140539e-05, 5.979200250140539e-05, 5.979200250140539e-05, 7.825862434193698e-05, 5.979200250140539e-05, 5.979200250140539e-05, 5.979200250140539e-05, 4.82152049782851e-05, 8.248459039350564e-06, 2.454190459363773e-05, 2.3673300384645206e-05, 0.0006104172698542243, 1.2556601979019089e-06, 0.0006104172698672694, 5.979200250140539e-05, 8.451931428931302e-06, 5.979200250140539e-05, 5.979200250140539e-05, 5.979200250140539e-05, 5.979200250140539e-05, 5.979200250140539e-05, 4.82152049782851e-05, 2.454190459363773e-05, 8.999507027862563e-05, 8.999507031148823e-05, 0.0010799690159190023, 0.0010799690159046804, 3.2896016621063824e-06, 2.6607932276265407e-05, 4.069448465781754e-06, 9.078000423666781e-06, 2.6607932276265407e-05, 1.1738793651293409e-05, 5.165069206569087e-06, 1.1425759153925615e-05, 3.819020867887454e-06, 0.0005815890717591476, 9.665722897411538e-06, 9.665722897411538e-06, 0.0003224662250313551, 7.730465002886433e-05, 9.665722897411538e-06, 5.55636232775214e-05, 2.4792332191531053e-05, 9.665722897411538e-06, 2.4792332169454312e-05, 0.00015647694606474305, 0.0006124832962228878, 0.00023696711462659753, 0.07733651783695568, 0.07733651783695568, 3.2896016621063824e-06, 2.6607932276265407e-05, 0.000249580839616379, 0.07545163030439739, 3.8659760424926935e-05, 0.00020393884387041872, 8.999507027862563e-05, 2.454190459363773e-05, 1.9331445794823075e-05, 2.6607932276265407e-05, 9.078000423666781e-06, 2.6607932276265407e-05, 1.1425759153925615e-05, 8.451931428931302e-06, 8.926178692441646e-05, 0.00013309287844864848, 3.865976043471164e-05, 0.0002034724232890875, 0.00015518763420230286, 3.865976043471164e-05, 0.002280356924989846, 0.002280356924984517, 3.975538121857823e-05, 0.000532158645569325, 0.0022751004899766447, 0.0008745248646229165, 0.000874524864570958, 0.00020347242332263704, 1.9331445794823075e-05, 0.00028173104763102447, 0.00036468518942456285, 0.00036468518942456285, 1.9331445794823075e-05, 1.9331445794823075e-05, 1.9331445794823075e-05, 1.9331445794823075e-05, 1.9331445794823075e-05, 1.9331445794823075e-05, 8.999507031148823e-05, 8.999507031148823e-05, 1.9331445794823075e-05, 0.00010434183274821499, 0.0008786267931498518, 0.0007826785885983003, 0.0007826785886209109, 0.00015647694601739204, 0.00015647694601739204, 0.00012596266823667462, 0.00012596266823667462, 0.00012596266823667462, 0.00011645431190032002, 9.508356336354606e-06, 9.141155211089477e-05, 9.508356336344198e-06, 7.669345185511763e-05, 9.508356336344198e-06, 1.9331445794823075e-05, 0.0012177343231372512, 0.0007439487856724519, 0.00034948345226482047, 1.9331445794823075e-05, 0.000406944846578175, 3.2896016621063824e-06, 5.5563623282789106e-05, 2.4792332191531053e-05, 8.999507027862563e-05, 0.0010799690159190023, 0.0003646851894334984, 0.00032246622512199785, 8.248459005642285e-06, 0.0006104172698672694, 0.002280356924989846, 0.000532158645569325, 0.0007826785885983003, 0.00015647694606474305, 0.0008745248646229165, 0.07911601956618597]","['2AGPGAT140', '2AGPGAT160', '2AGPGAT161', '2AGPGAT181', 'ADPT', 'AKGt2rpp', 'AKGtex', 'CYSS', 'CYTD', 'DAAD', 'CHORM', 'DALAt2pp', 'DAPDC', 'FA140ACPHi', 'FA160ACPHi', 'FA161ACPHi', 'FACOAE181', 'DURIK1', 'FBP', 'GLYC3Pabcpp', 'GLYCtex', 'ILEabcpp', 'LACZpp', 'LEUabcpp', 'LPLIPAL1A140pp', 'LPLIPAL1A160pp', 'G3PD5', 'ME1', 'G3PGabcpp', 'PA140abcpp', 'PA160abcpp', 'NTPP6', 'GALabcpp', 'PLIPA2A160pp', 'POX', 'PPND', 'PPS', 'PROabcpp', 'RNTR3c', 'THRabcpp', 'TYRTA', 'PIuabcpp', 'VALabcpp', 'EAR40y', 'EAR60y', 'EAR80y', 'EAR100y', 'EAR121y', 'EAR140y', 'EAR141y', 'EAR160y', 'EAR161y', 'EX_akg_e', 'PLIPA2A140pp', 'EX_glyc_e', 'ORNCD']","['GALKr', 'EX_cytd_e', 'EX_ala__D_e', 'ACGK', 'ACGS', 'ACOAD1f', 'ACOAD2f', 'ACOAD3f', 'ACOAD4f', 'ACOAD5f', 'ACOAD6f', 'ACOATA', 'ACODA', 'ACOTA', 'ACS', 'ACSERtex', 'ACSERtpp', 'ADEt2rpp', 'ADEtex', 'AGPR', 'ASNt2rpp', 'ASNtex', 'CYTDtex', 'DALAtex', 'DRPA', 'DURIPP', 'ECOAH1', 'ECOAH2', 'ECOAH3', 'ECOAH4', 'ECOAH5', 'ECOAH6', 'ECOAH7', 'ECOAH8', 'GLUSy', 'GLYC3Ptex', 'HACD1i', 'HACD2i', 'HACD3i', 'GLYCLTDx', 'HACD4i', 'HACD5i', 'HACD6i', 'HACD7i', 'HACD8i', 'ILEtex', 'ICL', 'KAT1', 'ACACT11', 'ACACT8', 'ACACT13', 'ACACT10', 'ACACT9', 'ACACT12', 'ACACT8r', 'LCTStex', 'LEUtex', 'LPLIPAL2G140', 'LPLIPAL1E140pp', 'LPLIPAL1E160pp', 'LPLIPAL2G160', 'LPLIPAL2G161', 'LPLIPAL1E161pp', 'LPLIPAL2G181', 'MACPD', 'MDDCP3pp', 'G3PGtex', 'NTD10', 'NTD2', 'P5CD', 'NTPP4', 'NTPP7', 'NTPP8', 'CTECOAI8', 'PLIPA2E140pp', 'PLIPA2E160pp', 'PLIPA2E161pp', 'PFL', 'PPM2', 'PYNP2r', 'PROtex', 'SERtex', 'THD2pp', 'THRtex', 'TRPS1', 'TRPt2rpp', 'TRPtex', 'UDPG4E', 'UGLT', 'VALtex', 'XTSNt2rpp', 'XTSNtex', 'EX_acser_e', 'EX_ade_e', 'EX_asn__L_e', 'EX_g3pg_e', 'EX_lcts_e', 'EX_leu__L_e', 'EX_trp__L_e', 'EX_glyc3p_e', 'EX_ile__L_e', 'EX_pro__L_e', 'EX_ser__L_e', 'EX_val__L_e', 'EX_xtsn_e', 'EX_thr__L_e']","['ACOAD7f', '4PEPTtex', 'AGM4PApp', 'ANHGMtex', 'ALAALAr', 'FACOAL140t2pp', 'FACOAL161t2pp', 'FACOAL181t2pp', 'GLUR', 'CTECOAI7', 'LPLIPAL1E181pp', 'MDDCP4pp', 'MPTG', 'G3PEtex', 'MLTGY1pp', 'NTD4', 'P5CR', 'PAPPT3', 'PLIPA2E181pp', 'UAAGDS', 'UAGCVT', 'UAGPT3', 'UAMAGS', 'UAMAS', 'UAPGR', 'UDCPDP', 'UGMDDS', 'URIK2', 'EX_LalaDgluMdapDala_e', 'EX_anhgm_e', 'EX_g3pe_e']",ORNCD,AGPR,1.0098292009704413,1,193,31,-11.0,-0.15295831371712013,iPC815,PSL,True,True,-13.2609602141915,-34.6922978299667,0.0,0.0
150,"['GLCP', 'ACGK', 'ACGS', 'ACKr', 'ACODA', 'ACOTA', 'ACS', 'ACtex', 'ADPT', 'AGPR', 'ASPO5', 'ASPT', 'CS', 'CYSS', 'CITt7pp', 'CITtex', 'FDH4pp', 'EDA', 'EDD', 'FORtex', 'GLYCLTDy', 'Htex', 'MDH', 'G3PD5', 'ME2', 'NACODA', 'NDPK7', 'NH4tex', 'NH4tpp', 'NTPP6', 'OAADC', 'PPCK', 'PTAr', 'PPS', 'PYRt2rpp', 'PYRtex', 'RNDR4', 'RNDR3', 'SERAT', 'SUCCt2_2pp', 'SUCCtex', 'TRDR', 'PIuabcpp', 'EAR40x', 'EAR60x', 'EAR140x', 'EAR181x', 'EX_ac_e', 'EX_for_e', 'EX_cit_e', 'EX_nh4_e', 'EX_h_e', 'EX_pyr_e', 'EX_succ_e', 'ACt2rpp']","[0.0006168007999999975, -0.0024511824000000154, -0.0024511824000000154, 0.2406358524185268, -0.0011695183999999997, 0.0011695183999999997, 0.07744723195067305, 0.3208589242760001, -2.8036399999999866e-05, 0.0024511824000000154, -1.0934195999734442e-05, 0.004184144324310135, 0.33065712540000014, -0.00029261590680018656, -0.3356476046, -0.3356476046, 0.015134330546987035, 0.001631712682425679, 0.001631712682425679, 0.015362747103054365, 0.00020026000000000765, -0.33474633901431444, 0.019371440390049066, 0.0002479619320000007, -0.019571700390049074, -0.0012816640000000157, -0.00010173207999999989, -0.04519929879712037, -0.04519929879712037, -0.06614741325913323, -0.2988602751620041, -0.008818486936121306, -0.2406358524185268, -0.0003244212014132941, 0.29270989605218034, 0.29270989605218034, -9.892843999999984e-05, -0.00010173207999999989, -0.00029261590680018656, -0.33562066161960025, 2.694298039973564e-05, -0.00020066051999999973, -0.0032791653781529817, -0.0004753371359999953, -0.0004753371359999953, -0.0002635421599999979, -6.280153599999994e-05, -0.3208589242760001, -0.015362747103054365, 0.3356476046, 0.04519929879712037, 0.33474633901431444, -0.29270989605218034, -2.694298039973564e-05, 0.3208589242760001]","[0.0006168007999999975, 0.0024511824000000154, 0.0024511824000000154, 0.2406358524185268, 0.0011695183999999997, 0.0011695183999999997, 0.07744723195067305, 0.3208589242760001, 2.8036399999999866e-05, 0.0024511824000000154, 1.0934195999734442e-05, 0.004184144324310135, 0.33065712540000014, 0.00029261590680018656, 0.3356476046, 0.3356476046, 0.015134330546987035, 0.001631712682425679, 0.001631712682425679, 0.015362747103054365, 0.00020026000000000765, 0.33474633901431444, 0.019371440390049066, 0.0002479619320000007, 0.019571700390049074, 0.0012816640000000157, 0.00010173207999999989, 0.04519929879712037, 0.04519929879712037, 0.06614741325913323, 0.2988602751620041, 0.008818486936121306, 0.2406358524185268, 0.0003244212014132941, 0.29270989605218034, 0.29270989605218034, 9.892843999999984e-05, 0.00010173207999999989, 0.00029261590680018656, 0.33562066161960025, 2.694298039973564e-05, 0.00020066051999999973, 0.0032791653781529817, 0.0004753371359999953, 0.0004753371359999953, 0.0002635421599999979, 6.280153599999994e-05, 0.3208589242760001, 0.015362747103054365, 0.3356476046, 0.04519929879712037, 0.33474633901431444, 0.29270989605218034, 2.694298039973564e-05, 0.3208589242760001]","['GLCP', 'ACS', 'ASPT', 'CS', 'FDH4pp', 'EDA', 'EDD', 'GLYCLTDy', 'G3PD5']","['ACGK', 'ACGS', 'ACODA', 'ACOTA', 'ADPT', 'AGPR', 'ASPO5', 'CYSS', 'CITt7pp', 'CITtex', 'FORtex', 'ME2', 'NACODA', 'NDPK7', 'NTPP6', 'OAADC', 'PPCK', 'PPS', 'PYRt2rpp', 'PYRtex', 'RNDR4', 'RNDR3', 'SERAT', 'SUCCt2_2pp', 'SUCCtex', 'TRDR', 'PIuabcpp', 'EAR40x', 'EAR60x', 'EAR140x', 'EAR181x', 'EX_for_e', 'EX_cit_e', 'EX_pyr_e', 'EX_succ_e']","['ACKr', 'ACtex', 'Htex', 'MDH', 'NH4tex', 'NH4tpp', 'PTAr', 'EX_ac_e', 'EX_nh4_e', 'EX_h_e', 'ACt2rpp']",CITt7pp,CS,6.882551369257638,1,55,11,-11.0,-0.05491460620414379,iPC815,PSL,False,False,0.0,0.0,0.0,0.0
151,"['GLCP', 'ACGK', 'ACGS', 'ACKr', 'ACODA', 'ACOTA', 'ACS', 'ACtex', 'ADPT', 'AGPR', 'ASPO5', 'ASPT', 'CS', 'CYSS', 'CITt7pp', 'CITtex', 'FDH4pp', 'EDA', 'EDD', 'FORtex', 'GLYCLTDy', 'Htex', 'MDH', 'G3PD5', 'ME2', 'NACODA', 'NDPK7', 'NH4tex', 'NH4tpp', 'NTPP6', 'OAADC', 'PPCK', 'PTAr', 'PPS', 'PYRt2rpp', 'PYRtex', 'RNDR4', 'RNDR3', 'SERAT', 'SUCCt2_2pp', 'SUCCtex', 'TRDR', 'PIuabcpp', 'EAR40x', 'EAR60x', 'EAR140x', 'EAR181x', 'EX_ac_e', 'EX_for_e', 'EX_cit_e', 'EX_nh4_e', 'EX_h_e', 'EX_pyr_e', 'EX_succ_e', 'ACt2rpp']","[0.0006168007999999975, -0.0024511824000000154, -0.0024511824000000154, 0.2406358524185268, -0.0011695183999999997, 0.0011695183999999997, 0.07744723195067305, 0.3208589242760001, -2.8036399999999866e-05, 0.0024511824000000154, -1.0934195999734442e-05, 0.004184144324310135, 0.33065712540000014, -0.00029261590680018656, -0.3356476046, -0.3356476046, 0.015134330546987035, 0.001631712682425679, 0.001631712682425679, 0.015362747103054365, 0.00020026000000000765, -0.33474633901431444, 0.019371440390049066, 0.0002479619320000007, -0.019571700390049074, -0.0012816640000000157, -0.00010173207999999989, -0.04519929879712037, -0.04519929879712037, -0.06614741325913323, -0.2988602751620041, -0.008818486936121306, -0.2406358524185268, -0.0003244212014132941, 0.29270989605218034, 0.29270989605218034, -9.892843999999984e-05, -0.00010173207999999989, -0.00029261590680018656, -0.33562066161960025, 2.694298039973564e-05, -0.00020066051999999973, -0.0032791653781529817, -0.0004753371359999953, -0.0004753371359999953, -0.0002635421599999979, -6.280153599999994e-05, -0.3208589242760001, -0.015362747103054365, 0.3356476046, 0.04519929879712037, 0.33474633901431444, -0.29270989605218034, -2.694298039973564e-05, 0.3208589242760001]","[0.0006168007999999975, 0.0024511824000000154, 0.0024511824000000154, 0.2406358524185268, 0.0011695183999999997, 0.0011695183999999997, 0.07744723195067305, 0.3208589242760001, 2.8036399999999866e-05, 0.0024511824000000154, 1.0934195999734442e-05, 0.004184144324310135, 0.33065712540000014, 0.00029261590680018656, 0.3356476046, 0.3356476046, 0.015134330546987035, 0.001631712682425679, 0.001631712682425679, 0.015362747103054365, 0.00020026000000000765, 0.33474633901431444, 0.019371440390049066, 0.0002479619320000007, 0.019571700390049074, 0.0012816640000000157, 0.00010173207999999989, 0.04519929879712037, 0.04519929879712037, 0.06614741325913323, 0.2988602751620041, 0.008818486936121306, 0.2406358524185268, 0.0003244212014132941, 0.29270989605218034, 0.29270989605218034, 9.892843999999984e-05, 0.00010173207999999989, 0.00029261590680018656, 0.33562066161960025, 2.694298039973564e-05, 0.00020066051999999973, 0.0032791653781529817, 0.0004753371359999953, 0.0004753371359999953, 0.0002635421599999979, 6.280153599999994e-05, 0.3208589242760001, 0.015362747103054365, 0.3356476046, 0.04519929879712037, 0.33474633901431444, 0.29270989605218034, 2.694298039973564e-05, 0.3208589242760001]","['GLCP', 'ACS', 'ASPT', 'CS', 'FDH4pp', 'EDA', 'EDD', 'GLYCLTDy', 'G3PD5']","['ACGK', 'ACGS', 'ACODA', 'ACOTA', 'ADPT', 'AGPR', 'ASPO5', 'CYSS', 'CITt7pp', 'CITtex', 'FORtex', 'ME2', 'NACODA', 'NDPK7', 'NTPP6', 'OAADC', 'PPCK', 'PPS', 'PYRt2rpp', 'PYRtex', 'RNDR4', 'RNDR3', 'SERAT', 'SUCCt2_2pp', 'SUCCtex', 'TRDR', 'PIuabcpp', 'EAR40x', 'EAR60x', 'EAR140x', 'EAR181x', 'EX_for_e', 'EX_cit_e', 'EX_pyr_e', 'EX_succ_e']","['ACKr', 'ACtex', 'Htex', 'MDH', 'NH4tex', 'NH4tpp', 'PTAr', 'EX_ac_e', 'EX_nh4_e', 'EX_h_e', 'ACt2rpp']",CITtex,CS,6.882551369257638,1,55,11,-11.0,-0.05491460620414379,iPC815,PSL,False,False,0.0,0.0,0.0,0.0
152,"['GAPD', 'GARFT', 'DDPA', 'DHAD1', 'DHAD2', 'GF6PTA', 'GHMT2r', 'GK1', 'GLCP', 'GLCptspp', 'GLCtex_copy1', 'ACALD', 'ACCOAC', '3HAD100', '3HAD120', '3HAD121', '3HAD140', '3HAD141', '3HAD160', '3HAD161', '3HAD181', '3HAD40', 'ACHBS', 'ACKr', '3HAD60', 'ACLS', '3HAD80', '3OAR100', '3OAR120', '3OAR121', '3OAR140', '3OAR141', '3OAR160', '3OAR161', '3OAR181', '3OAR40', '3OAR60', '3OAR80', '3OAS100', '3OAS120', '3OAS121', '3OAS140', '3OAS141', '3OAS160', '3OAS161', '3OAS181', '3OAS60', '3OAS80', 'ACONTa', 'ACONTb', 'ACS', 'ACt4pp', 'ACtex', 'ADCL', 'ADCS', 'ADMDC', 'ADPT', 'ADSL1r', 'ADSL2r', 'ADSS', 'ANPRT', 'ANS', 'AGMHE', 'APRAUR', 'AGPAT140', 'AGPAT160', 'AGPAT161', 'AGPAT181', 'AICART', 'AIRC2', 'AIRC3', 'ARGSL', 'ARGSS', 'AKGDH', 'ASNS2', 'ASPCT', 'ALCD19', 'ASPO3', 'ASPTA', 'ATPPRT', 'ATPS4rpp', 'CTPS2', 'CBPS', 'CYTBO3_4pp', 'CHORS', 'CITt7pp', 'CITtex', 'CLPNS140pp', 'CLPNS160pp', 'CLPNS161pp', 'CLPNS181pp', 'DB4PS', 'CO2tex', 'CO2tpp', 'DHFR', 'DHFS', 'DHNPA2r', 'DHORD2', 'DHORTS', 'DHPPDA2', 'DHPS2', 'DHQS', 'ENO', 'FLDR', 'DNTPPA', 'DPCOAK', 'DTMPK', 'FBA', 'FBP', 'EDA', 'EDD', 'FMNAT', 'GLNS', 'GLU5K', 'GLUDy', 'GLUPRT', 'GLYALDtex', 'GLYALDtpp', 'H2Otex', 'H2Otpp', 'GLYCL', 'GLYCtex', 'GLYK', 'GLYt2pp', 'GLYtex', 'GMHEPAT', 'HCO3E', 'GMHEPK', 'GMHEPPA', 'GMPS2', 'HISTD', 'HISTP', 'GTPCI', 'GTPCII2', 'HPPK2', 'IMPC', 'IMPD', 'HSTPT', 'Htex', 'ICDHyr', 'IPMD', 'IPPMIa', 'IPPMIb', 'IPPS', 'ICL', 'IG3PS', 'IGPDH', 'FUM', 'KARA1', 'IGPS', 'KARA2', 'ILETA', 'FUMt2_2pp', 'KAS15', 'FUMtex', 'G1PACT', 'KDOCT2', 'KDOPP', 'KDOPS', 'LEUTAi', 'G3PAT140', 'LPADSS', 'G3PAT160', 'LYSabcpp', 'LYStex', 'G3PAT161', 'MALS', 'G3PAT181', 'MCOATA', 'G3PD2', 'MDH', 'METabcpp', 'METAT', 'MOAT', 'MOAT2', 'MTAN', 'MTHFC', 'METtex', 'MTHFD', 'MTHFR2', 'NADH16pp', 'NADK', 'NADTRHD', 'NNATr', 'NNDPR', 'NDPK2', 'NDPK4', 'NDPK7', 'NH4tex', 'NH4tpp', 'G5SD', 'NTD10', 'OMPDC', 'G6PDH2r', 'ORNDC', 'ORPT', 'P5CR', 'O2tex', 'O2tpp', 'OCBT', 'PGK', 'PE140abcpp', 'OMCDC', 'PE160abcpp', 'PE161abcpp', 'PE181abcpp', 'PFK', 'PGL', 'PG140abcpp', 'PG160abcpp', 'PG161abcpp', 'PG181abcpp', 'PNTK', 'PNTOt4pp', 'PGAMT', 'PGCD', 'PGI', 'PNTOtex', 'PGM', 'PSD140', 'PGMT', 'PSD160', 'PSD161', 'PPC', 'PSD181', 'PPCDC', 'PSERT', 'PPCK', 'PSP_L', 'PPM', 'PPNCL2', 'PSSA140', 'PSSA160', 'PSSA161', 'PSSA181', 'PTAr', 'PTPATi', 'PRAGSr', 'PRAIi', 'PUNP7', 'PRAIS', 'PRAMPC', 'PRASCSi', 'PYK', 'PRATPP', 'PRFGS', 'PRMICI', 'QULNS', 'RBFK', 'PGPP140', 'RBFSa', 'RBFSb', 'PRPPS', 'PSCVT', 'RNDR4', 'RNTR1c', 'PGPP160', 'RNTR2c', 'RPE', 'RPI', 'RNDR3', 'PGPP161', 'SERD_L', 'T2DECAI', 'TALA', 'PGPP181', 'TDSK', 'SHK3Dr', 'SHKK', 'SPMS', 'THRA', 'THRD_L', 'PGSA140', 'SUCDi', 'SUCFUMtpp', 'SUCOAS', 'PGSA160', 'TKT1', 'TKT2', 'PGSA161', 'TMDS', 'PGSA181', 'TPI', 'TRDR', 'TYRt2rpp', 'TYRtex', 'U23GAAT', 'TRPS1', 'UAGAAT', 'UAGDP', 'PHEt2rpp', 'PHEtex', 'PMDPHT', 'UHGADA', 'NADS1', 'UMPK', 'GALUi', 'PIt2rpp', 'DASYN140', 'DASYN161', 'DASYN160', 'DASYN181', 'URIDK2r', 'DNMPPA', 'GCALDD', 'PItex', 'GLYCTO2', 'USHD', 'VALTA', 'DHQTi', 'MTRK', 'MTRI', 'MDRPD', 'VPAMTr', 'XANtex', 'XANtpp', 'ENOPH', 'ARD', 'UNK3', 'EAR40y', 'EAR60y', 'EAR80y', 'EAR100y', 'EAR120y', 'EAR121y', 'EAR140y', 'EAR141y', 'EAR160y', 'EAR161y', 'LPS_YPtetra', 'BIOMASS_37C', 'EAR181y', 'S7PI', 'A5PISO', 'EX_ac_e', 'EX_cit_e', 'EX_co2_e', 'EX_fum_e', 'EX_lys__L_e', 'EX_glc__D_e', 'EX_met__L_e', 'EX_glyald_e', 'EX_glyc_e', 'EX_gly_e', 'EX_nh4_e', 'EX_tyr__L_e', 'EX_h2o_e', 'EX_o2_e', 'EX_phe__L_e', 'EX_pi_e', 'EX_h_e', 'EX_pnto__R_e', 'EX_xan_e', 'G5SADs', 'ORNCD', 'KOKDO_LIPAtetra', 'ACt2rpp', 'SUCCt3pp']","[3.3518086804137024, -0.09149080139273866, -0.02198053475, -0.2539498675, -0.08322726749999998, -0.0025608389999999997, 0.7397832402804048, -0.059414158600999994, 0.03286410049999999, 0.5183291646966068, 0.5183291646966068, 0.16432050249999997, -0.17363342032999993, -0.02532669770999999, -0.017456385849999995, -0.007870311859999993, -0.014041933849999997, -0.00787031186, -0.01045675925, -0.00787031186, -0.0033461629599999994, -0.02532669770999999, -0.08322726749999998, 0.35059114673893355, -0.02532669770999999, -0.2539498675, -0.02532669770999999, -0.02532669770999999, -0.017456385849999995, -0.007870311859999993, -0.017456385849999995, -0.00787031186, -0.01045675925, -0.00787031186, -0.0033461629599999994, -0.02532669770999999, -0.02532669770999999, -0.02532669770999999, -0.02532669770999999, -0.017456385849999995, -0.007870311859999993, -0.017456385849999995, -0.00787031186, -0.01045675925, -0.00787031186, -0.0033461629599999994, -0.02532669770999999, -0.02532669770999999, -1.702603568056901, -1.702603568056901, 0.5915769618766564, 1.2590791675259894e-05, 0.9438753346155899, -0.010670162500000004, -0.010670162500000004, -0.0014938227499999997, -0.0014938227499999997, -0.06818268474095879, -0.09149080139273866, -0.06818268474095879, -0.011310372249999997, -0.011310372249999997, -0.0025608389999999997, -2.6938009999999998e-06, -0.0017925872999999997, -0.005228379625, -0.0022620744499999997, -0.0016730814799999997, -0.11709919139273865, -0.09149080139273866, 0.09149080139273866, -0.05335081249999999, -0.05335081249999999, -2.9148138285279908, -0.055484844999999984, -0.06724336407490242, 0.0002949979995, -0.0005825908725000106, 0.4046241385810999, -0.025608389999999998, -12.742454622571877, -0.03230925204990242, -0.1205941765749024, -7.222830231746709, -0.02198053475, -1.702603568056901, -1.702603568056901, -0.00018352679499999996, -0.000533508125, -0.00023474357499999996, -0.00017285663249999995, -5.3876019999999995e-06, 9.12318510723732, 9.12318510723732, -0.015941222775000003, -0.010670162500000004, -0.010670162500000004, -0.06724336407490242, 0.06724336407490242, -2.6938009999999998e-06, -0.010670162500000004, -0.02198053475, 3.2323513288556525, -0.010691502824999997, -0.010670162500000004, -1.2590791675259894e-05, -0.005271060274999999, 2.5573225128687342, -1.1334515308157274, -1.8502354004112198, -1.8502354004112198, -2.6938009999999998e-06, -0.5030678312612821, -0.13060278899999997, 1.1131713970230497, -0.09149080139273866, 0.0002949979995, 0.0002949979995, 3.8727574682813604, 3.8727574682813604, -0.964314455840882, 0.0011246351274999998, 0.0002949979995, -2.1541059575140253, -2.1541059575140253, -0.0034144519999999997, -0.385718398297641, -0.0034144519999999997, -0.0034144519999999997, -0.059414158600999994, -0.025608389999999998, -0.025608389999999998, -0.010670162500000004, -2.6938009999999998e-06, -0.010670162500000004, 0.11709919139273865, -0.04891650665177985, -0.025608389999999998, -7.902171670683171, -3.180714278027991, -0.14724824249999996, 0.14724824249999996, 0.14724824249999996, -0.14724824249999996, 1.47811070997109, -0.025608389999999998, -0.025608389999999998, -3.5650317257462074, 0.2539498675, -0.011310372249999997, -0.08322726749999998, 0.08322726749999998, -1.702603568056901, -0.02532669770999999, -1.9144513357653603, -0.0025608389999999997, -0.0017072259999999998, -0.0017072259999999998, -0.0017072259999999998, -0.14724824249999996, -0.0017925872999999997, -0.0008536129999999999, -0.005228379625, -0.05335081249999999, -0.05335081249999999, -0.0022620744499999997, 1.4674405474710899, -0.0016730814799999997, -0.17363342032999993, 0.014631428334499997, -2.0975911782751178, -0.029876454999999996, -0.0014938227499999997, -0.0008536129999999999, -0.0008536129999999999, -0.0014938227499999997, -0.2085899927854773, -0.029876454999999996, -0.2085899927854773, -0.0106701625, -5.706778022952157, -0.00011310372249995898, -3.117979237791138, -0.0005825908725000106, -0.0005825908725000106, -0.06538675579990241, -0.005271060274999999, -0.005420442549999999, -0.19660598491759534, -0.19660598491759534, -0.13060278899999997, 0.01049765194922014, -0.06724336407490242, -1.8502354004112198, -0.008962936499999997, 0.06724336407490242, -0.13060278899999997, -3.6137625516233545, -3.6137625516233545, -0.05335081249999999, -3.3518086804137024, -0.0012377388499999998, -0.14724824249999996, -0.00362785525, -0.0015578437249999999, -0.00115237755, 1.4238709820530069, -1.8502354004112198, -0.0005548484499999999, -0.0016005243749999999, -0.0007042307249999998, -0.0005207039299999999, -1.2590791675259894e-05, -1.2590791675259894e-05, 0.0025608389999999997, 0.11945735155805015, 2.402922488357827, -1.2590791675259894e-05, -3.2323513288556525, -0.0012377388499999998, 0.03435792324999999, -0.00362785525, -0.0015578437249999999, 0.1536488629906252, -0.00115237755, -1.2590791675259894e-05, 0.11945735155805015, -1.5393181767033932, 0.11945735155805015, 0.01049765194922014, -1.2590791675259894e-05, -0.0012377388499999998, -0.00362785525, -0.0015578437249999999, -0.00115237755, -0.35059114673893355, -1.2590791675259894e-05, -0.09149080139273866, -0.011310372249999997, 0.01049765194922014, -0.09149080139273866, -0.025608389999999998, -0.09149080139273866, 1.066723419965027, -0.025608389999999998, -0.09149080139273866, -0.025608389999999998, -0.0005825908725000106, -2.6938009999999998e-06, -0.0005548484499999999, -5.3876019999999995e-06, -2.6938009999999998e-06, -0.19772934134014106, -0.02198053475, -0.005271060274999999, -0.005271060274999999, -0.0016005243749999999, -0.005420442549999999, 0.14842473351090762, 0.14671211990890762, -0.005420442549999999, -0.0007042307249999998, -0.49047001109735455, -0.007870311859999993, 0.0649293253804538, -0.0005207039299999999, -0.0008536129999999999, -0.02198053475, -0.02198053475, -0.0014938227499999997, 0.16432050249999997, -0.08322726749999998, -0.0005548484499999999, -1.4375560913471506, -0.21184776770845937, 2.9148131883182407, -0.0016005243749999999, 0.0615148733804538, 0.08690986013045382, -0.0007042307249999998, -0.005271060274999999, -0.0005207039299999999, 2.572536532075734, -0.010691502824999997, -0.027742422499999992, -0.027742422499999992, -0.0017072259999999998, -0.011310372249999997, -0.0017072259999999998, -0.0025608389999999997, -0.04054661749999999, -0.04054661749999999, -2.6938009999999998e-06, -0.0017072259999999998, -0.0005825908725000106, -0.06809697707490242, -0.0014938227499999997, -0.17472012220042124, -0.0017925872999999997, -0.0022620744499999997, -0.005228379625, -0.0016730814799999997, 0.005271060274999999, -0.010670162500000004, -0.010670162500000004, -0.17472012220042124, -0.010670162500000004, -0.0008536129999999999, 0.30538005074999997, -0.02198053475, -0.0014938227499999997, -0.0014938227499999997, -0.0014938227499999997, 0.19867842575, -0.01049765194922014, -0.01049765194922014, -0.0014938227499999997, -0.0014938227499999997, -0.0014938227499999997, -0.02532669770999999, -0.02532669770999999, -0.02532669770999999, -0.017456385849999995, -0.017456385849999995, -0.007870311859999993, -0.014041933849999997, -0.00787031186, -0.01045675925, -0.00787031186, -0.0008536129999999999, -0.21340324999999996, -0.0033461629599999994, -0.0034144519999999997, -0.0017072259999999998, -0.9438753346155899, 1.702603568056901, -9.12318510723732, 1.9144513357653603, 0.05335081249999999, -0.5183291646966068, 0.029876454999999996, -0.0002949979995, -0.0011246351274999998, 2.1541059575140253, 0.19660598491759534, 0.027742422499999992, -3.8727574682813604, 3.6137625516233545, 0.04054661749999999, 0.17472012220042124, 7.902171670683171, 1.2590791675259894e-05, 0.01049765194922014, -0.13060278899999997, 0.06231374899999999, -0.0008536129999999999, 0.9438627438239147, 1.9144513357653603]","[3.3518086804137024, 0.09149080139273866, 0.02198053475, 0.2539498675, 0.08322726749999998, 0.0025608389999999997, 0.7397832402804048, 0.059414158600999994, 0.03286410049999999, 0.5183291646966068, 0.5183291646966068, 0.16432050249999997, 0.17363342032999993, 0.02532669770999999, 0.017456385849999995, 0.007870311859999993, 0.014041933849999997, 0.00787031186, 0.01045675925, 0.00787031186, 0.0033461629599999994, 0.02532669770999999, 0.08322726749999998, 0.35059114673893355, 0.02532669770999999, 0.2539498675, 0.02532669770999999, 0.02532669770999999, 0.017456385849999995, 0.007870311859999993, 0.017456385849999995, 0.00787031186, 0.01045675925, 0.00787031186, 0.0033461629599999994, 0.02532669770999999, 0.02532669770999999, 0.02532669770999999, 0.02532669770999999, 0.017456385849999995, 0.007870311859999993, 0.017456385849999995, 0.00787031186, 0.01045675925, 0.00787031186, 0.0033461629599999994, 0.02532669770999999, 0.02532669770999999, 1.702603568056901, 1.702603568056901, 0.5915769618766564, 1.2590791675259894e-05, 0.9438753346155899, 0.010670162500000004, 0.010670162500000004, 0.0014938227499999997, 0.0014938227499999997, 0.06818268474095879, 0.09149080139273866, 0.06818268474095879, 0.011310372249999997, 0.011310372249999997, 0.0025608389999999997, 2.6938009999999998e-06, 0.0017925872999999997, 0.005228379625, 0.0022620744499999997, 0.0016730814799999997, 0.11709919139273865, 0.09149080139273866, 0.09149080139273866, 0.05335081249999999, 0.05335081249999999, 2.9148138285279908, 0.055484844999999984, 0.06724336407490242, 0.0002949979995, 0.0005825908725000106, 0.4046241385810999, 0.025608389999999998, 12.742454622571877, 0.03230925204990242, 0.1205941765749024, 7.222830231746709, 0.02198053475, 1.702603568056901, 1.702603568056901, 0.00018352679499999996, 0.000533508125, 0.00023474357499999996, 0.00017285663249999995, 5.3876019999999995e-06, 9.12318510723732, 9.12318510723732, 0.015941222775000003, 0.010670162500000004, 0.010670162500000004, 0.06724336407490242, 0.06724336407490242, 2.6938009999999998e-06, 0.010670162500000004, 0.02198053475, 3.2323513288556525, 0.010691502824999997, 0.010670162500000004, 1.2590791675259894e-05, 0.005271060274999999, 2.5573225128687342, 1.1334515308157274, 1.8502354004112198, 1.8502354004112198, 2.6938009999999998e-06, 0.5030678312612821, 0.13060278899999997, 1.1131713970230497, 0.09149080139273866, 0.0002949979995, 0.0002949979995, 3.8727574682813604, 3.8727574682813604, 0.964314455840882, 0.0011246351274999998, 0.0002949979995, 2.1541059575140253, 2.1541059575140253, 0.0034144519999999997, 0.385718398297641, 0.0034144519999999997, 0.0034144519999999997, 0.059414158600999994, 0.025608389999999998, 0.025608389999999998, 0.010670162500000004, 2.6938009999999998e-06, 0.010670162500000004, 0.11709919139273865, 0.04891650665177985, 0.025608389999999998, 7.902171670683171, 3.180714278027991, 0.14724824249999996, 0.14724824249999996, 0.14724824249999996, 0.14724824249999996, 1.47811070997109, 0.025608389999999998, 0.025608389999999998, 3.5650317257462074, 0.2539498675, 0.011310372249999997, 0.08322726749999998, 0.08322726749999998, 1.702603568056901, 0.02532669770999999, 1.9144513357653603, 0.0025608389999999997, 0.0017072259999999998, 0.0017072259999999998, 0.0017072259999999998, 0.14724824249999996, 0.0017925872999999997, 0.0008536129999999999, 0.005228379625, 0.05335081249999999, 0.05335081249999999, 0.0022620744499999997, 1.4674405474710899, 0.0016730814799999997, 0.17363342032999993, 0.014631428334499997, 2.0975911782751178, 0.029876454999999996, 0.0014938227499999997, 0.0008536129999999999, 0.0008536129999999999, 0.0014938227499999997, 0.2085899927854773, 0.029876454999999996, 0.2085899927854773, 0.0106701625, 5.706778022952157, 0.00011310372249995898, 3.117979237791138, 0.0005825908725000106, 0.0005825908725000106, 0.06538675579990241, 0.005271060274999999, 0.005420442549999999, 0.19660598491759534, 0.19660598491759534, 0.13060278899999997, 0.01049765194922014, 0.06724336407490242, 1.8502354004112198, 0.008962936499999997, 0.06724336407490242, 0.13060278899999997, 3.6137625516233545, 3.6137625516233545, 0.05335081249999999, 3.3518086804137024, 0.0012377388499999998, 0.14724824249999996, 0.00362785525, 0.0015578437249999999, 0.00115237755, 1.4238709820530069, 1.8502354004112198, 0.0005548484499999999, 0.0016005243749999999, 0.0007042307249999998, 0.0005207039299999999, 1.2590791675259894e-05, 1.2590791675259894e-05, 0.0025608389999999997, 0.11945735155805015, 2.402922488357827, 1.2590791675259894e-05, 3.2323513288556525, 0.0012377388499999998, 0.03435792324999999, 0.00362785525, 0.0015578437249999999, 0.1536488629906252, 0.00115237755, 1.2590791675259894e-05, 0.11945735155805015, 1.5393181767033932, 0.11945735155805015, 0.01049765194922014, 1.2590791675259894e-05, 0.0012377388499999998, 0.00362785525, 0.0015578437249999999, 0.00115237755, 0.35059114673893355, 1.2590791675259894e-05, 0.09149080139273866, 0.011310372249999997, 0.01049765194922014, 0.09149080139273866, 0.025608389999999998, 0.09149080139273866, 1.066723419965027, 0.025608389999999998, 0.09149080139273866, 0.025608389999999998, 0.0005825908725000106, 2.6938009999999998e-06, 0.0005548484499999999, 5.3876019999999995e-06, 2.6938009999999998e-06, 0.19772934134014106, 0.02198053475, 0.005271060274999999, 0.005271060274999999, 0.0016005243749999999, 0.005420442549999999, 0.14842473351090762, 0.14671211990890762, 0.005420442549999999, 0.0007042307249999998, 0.49047001109735455, 0.007870311859999993, 0.0649293253804538, 0.0005207039299999999, 0.0008536129999999999, 0.02198053475, 0.02198053475, 0.0014938227499999997, 0.16432050249999997, 0.08322726749999998, 0.0005548484499999999, 1.4375560913471506, 0.21184776770845937, 2.9148131883182407, 0.0016005243749999999, 0.0615148733804538, 0.08690986013045382, 0.0007042307249999998, 0.005271060274999999, 0.0005207039299999999, 2.572536532075734, 0.010691502824999997, 0.027742422499999992, 0.027742422499999992, 0.0017072259999999998, 0.011310372249999997, 0.0017072259999999998, 0.0025608389999999997, 0.04054661749999999, 0.04054661749999999, 2.6938009999999998e-06, 0.0017072259999999998, 0.0005825908725000106, 0.06809697707490242, 0.0014938227499999997, 0.17472012220042124, 0.0017925872999999997, 0.0022620744499999997, 0.005228379625, 0.0016730814799999997, 0.005271060274999999, 0.010670162500000004, 0.010670162500000004, 0.17472012220042124, 0.010670162500000004, 0.0008536129999999999, 0.30538005074999997, 0.02198053475, 0.0014938227499999997, 0.0014938227499999997, 0.0014938227499999997, 0.19867842575, 0.01049765194922014, 0.01049765194922014, 0.0014938227499999997, 0.0014938227499999997, 0.0014938227499999997, 0.02532669770999999, 0.02532669770999999, 0.02532669770999999, 0.017456385849999995, 0.017456385849999995, 0.007870311859999993, 0.014041933849999997, 0.00787031186, 0.01045675925, 0.00787031186, 0.0008536129999999999, 0.21340324999999996, 0.0033461629599999994, 0.0034144519999999997, 0.0017072259999999998, 0.9438753346155899, 1.702603568056901, 9.12318510723732, 1.9144513357653603, 0.05335081249999999, 0.5183291646966068, 0.029876454999999996, 0.0002949979995, 0.0011246351274999998, 2.1541059575140253, 0.19660598491759534, 0.027742422499999992, 3.8727574682813604, 3.6137625516233545, 0.04054661749999999, 0.17472012220042124, 7.902171670683171, 1.2590791675259894e-05, 0.01049765194922014, 0.13060278899999997, 0.06231374899999999, 0.0008536129999999999, 0.9438627438239147, 1.9144513357653603]","['GAPD', 'GLCP', 'ACS', 'ACt4pp', 'ENO', 'GLYK', 'FUMtex', 'NTD10', 'PGK', 'PFK', 'PGCD', 'PGM', 'PPC', 'PSERT', 'PSP_L', 'PUNP7', 'PYK', 'XANtex', 'XANtpp', 'EX_fum_e', 'EX_xan_e', 'SUCCt3pp']","['ADPT', 'APRAUR', 'AKGDH', 'ALCD19', 'CITt7pp', 'CITtex', 'DB4PS', 'CO2tex', 'CO2tpp', 'DHPPDA2', 'FBP', 'FMNAT', 'GLYALDtex', 'GLYALDtpp', 'GLYCL', 'GLYCtex', 'GTPCII2', 'FUMt2_2pp', 'NADTRHD', 'PPCK', 'RBFK', 'RBFSa', 'RBFSb', 'RNDR4', 'RNTR1c', 'SERD_L', 'TRPS1', 'PMDPHT', 'ENOPH', 'EAR40y', 'EAR60y', 'EAR80y', 'EAR100y', 'EAR120y', 'EAR121y', 'EAR140y', 'EAR141y', 'EAR160y', 'EAR161y', 'EAR181y', 'EX_cit_e', 'EX_co2_e', 'EX_glyald_e', 'EX_glyc_e']","['GARFT', 'DDPA', 'DHAD1', 'DHAD2', 'GF6PTA', 'GHMT2r', 'GK1', 'GLCptspp', 'GLCtex_copy1', 'ACALD', 'ACCOAC', '3HAD100', '3HAD120', '3HAD121', '3HAD140', '3HAD141', '3HAD160', '3HAD161', '3HAD181', '3HAD40', 'ACHBS', 'ACKr', '3HAD60', 'ACLS', '3HAD80', '3OAR100', '3OAR120', '3OAR121', '3OAR140', '3OAR141', '3OAR160', '3OAR161', '3OAR181', '3OAR40', '3OAR60', '3OAR80', '3OAS100', '3OAS120', '3OAS121', '3OAS140', '3OAS141', '3OAS160', '3OAS161', '3OAS181', '3OAS60', '3OAS80', 'ACONTa', 'ACONTb', 'ACtex', 'ADCL', 'ADCS', 'ADMDC', 'ADSL1r', 'ADSL2r', 'ADSS', 'ANPRT', 'ANS', 'AGMHE', 'AGPAT140', 'AGPAT160', 'AGPAT161', 'AGPAT181', 'AICART', 'AIRC2', 'AIRC3', 'ARGSL', 'ARGSS', 'ASNS2', 'ASPCT', 'ASPO3', 'ASPTA', 'ATPPRT', 'ATPS4rpp', 'CTPS2', 'CBPS', 'CYTBO3_4pp', 'CHORS', 'CLPNS140pp', 'CLPNS160pp', 'CLPNS161pp', 'CLPNS181pp', 'DHFR', 'DHFS', 'DHNPA2r', 'DHORD2', 'DHORTS', 'DHPS2', 'DHQS', 'FLDR', 'DNTPPA', 'DPCOAK', 'DTMPK', 'FBA', 'EDA', 'EDD', 'GLNS', 'GLU5K', 'GLUDy', 'GLUPRT', 'H2Otex', 'H2Otpp', 'GLYt2pp', 'GLYtex', 'GMHEPAT', 'HCO3E', 'GMHEPK', 'GMHEPPA', 'GMPS2', 'HISTD', 'HISTP', 'GTPCI', 'HPPK2', 'IMPC', 'IMPD', 'HSTPT', 'Htex', 'ICDHyr', 'IPMD', 'IPPMIa', 'IPPMIb', 'IPPS', 'ICL', 'IG3PS', 'IGPDH', 'FUM', 'KARA1', 'IGPS', 'KARA2', 'ILETA', 'KAS15', 'G1PACT', 'KDOCT2', 'KDOPP', 'KDOPS', 'LEUTAi', 'G3PAT140', 'LPADSS', 'G3PAT160', 'LYSabcpp', 'LYStex', 'G3PAT161', 'MALS', 'G3PAT181', 'MCOATA', 'G3PD2', 'MDH', 'METabcpp', 'METAT', 'MOAT', 'MOAT2', 'MTAN', 'MTHFC', 'METtex', 'MTHFD', 'MTHFR2', 'NADH16pp', 'NADK', 'NNATr', 'NNDPR', 'NDPK2', 'NDPK4', 'NDPK7', 'NH4tex', 'NH4tpp', 'G5SD', 'OMPDC', 'G6PDH2r', 'ORNDC', 'ORPT', 'P5CR', 'O2tex', 'O2tpp', 'OCBT', 'PE140abcpp', 'OMCDC', 'PE160abcpp', 'PE161abcpp', 'PE181abcpp', 'PGL', 'PG140abcpp', 'PG160abcpp', 'PG161abcpp', 'PG181abcpp', 'PNTK', 'PNTOt4pp', 'PGAMT', 'PGI', 'PNTOtex', 'PSD140', 'PGMT', 'PSD160', 'PSD161', 'PSD181', 'PPCDC', 'PPM', 'PPNCL2', 'PSSA140', 'PSSA160', 'PSSA161', 'PSSA181', 'PTAr', 'PTPATi', 'PRAGSr', 'PRAIi', 'PRAIS', 'PRAMPC', 'PRASCSi', 'PRATPP', 'PRFGS', 'PRMICI', 'QULNS', 'PGPP140', 'PRPPS', 'PSCVT', 'PGPP160', 'RNTR2c', 'RPE', 'RPI', 'RNDR3', 'PGPP161', 'T2DECAI', 'TALA', 'PGPP181', 'TDSK', 'SHK3Dr', 'SHKK', 'SPMS', 'THRA', 'THRD_L', 'PGSA140', 'SUCDi', 'SUCFUMtpp', 'SUCOAS', 'PGSA160', 'TKT1', 'TKT2', 'PGSA161', 'TMDS', 'PGSA181', 'TPI', 'TRDR', 'TYRt2rpp', 'TYRtex', 'U23GAAT', 'UAGAAT', 'UAGDP', 'PHEt2rpp', 'PHEtex', 'UHGADA', 'NADS1', 'UMPK', 'GALUi', 'PIt2rpp', 'DASYN140', 'DASYN161', 'DASYN160', 'DASYN181', 'URIDK2r', 'DNMPPA', 'GCALDD', 'PItex', 'GLYCTO2', 'USHD', 'VALTA', 'DHQTi', 'MTRK', 'MTRI', 'MDRPD', 'VPAMTr', 'ARD', 'UNK3', 'LPS_YPtetra', 'BIOMASS_37C', 'S7PI', 'A5PISO', 'EX_ac_e', 'EX_lys__L_e', 'EX_glc__D_e', 'EX_met__L_e', 'EX_gly_e', 'EX_nh4_e', 'EX_tyr__L_e', 'EX_h2o_e', 'EX_o2_e', 'EX_phe__L_e', 'EX_pi_e', 'EX_h_e', 'EX_pnto__R_e', 'G5SADs', 'ORNCD', 'KOKDO_LIPAtetra', 'ACt2rpp']",CO2tex,GAPD,190.9574946479619,1,358,292,212.0,36.068538439572386,iPC815,PSL,True,True,-62.438161494358,-27.0975027484436,0.0,3.23511185970524
166,"['GARFT', 'GART', 'EX_cytd_e', 'GHMT2r', 'EX_ala__D_e', 'GLCP', '2AGPGAT160', '2AGPGAT161', '2AGPGAT181', 'ACOAD1f', 'ACOAD2f', 'ACOAD3f', 'ACOAD4f', 'ACOAD5f', 'ACOAD6f', 'ACOAD7f', 'ACSERtex', 'ACSERtpp', 'ADEt2rpp', 'ADEtex', 'ADNK1', '4PEPTtex', 'ADPT', 'AGM4PApp', 'ANHGMtex', 'ARGabcpp', 'ARGtex', 'ASAD', 'ALAALAr', 'ALAR', 'ASNt2rpp', 'ASNtex', 'ASPabcpp', 'ASPK', 'ASPO5', 'ASPtex', 'CS', 'CDAPPA140', 'CDAPPA160', 'CYTD', 'CYTDt2pp_copy2', 'CYTDtex', 'CHORM', 'DALAtex', 'DAPDC', 'FACOAE160', 'FACOAE161', 'FACOAE181', 'DRPA', 'FACOAL140t2pp', 'FACOAL160t2pp', 'FACOAL161t2pp', 'FACOAL181t2pp', 'DURIK1', 'DURIPP', 'FADRx', 'ECOAH1', 'ECOAH2', 'ECOAH3', 'ECOAH4', 'ECOAH5', 'ECOAH6', 'ECOAH7', 'ECOAH8', 'EDA', 'EDD', 'FORt2pp', 'GLUR', 'FORtex', 'GLYC3Pabcpp', 'GLYC3Ptex', 'HACD1i', 'HACD2i', 'HACD3i', 'GLYCL', 'HACD4i', 'HACD5i', 'HACD6i', 'HACD7i', 'HACD8i', 'GMPR', 'CTECOAI7', 'GPDDA4', 'ILEtex', 'HSDy', 'HSK', 'ICL', 'ILEabcpp', 'KAS15', 'KAT1', 'LPLIPAL1E181pp', 'ACACT11', 'ACACT8', 'ACACT13', 'ACACT10', 'ACACT9', 'ACACT12', 'ACACT8r', 'LEUabcpp', 'LEUtex', 'LPLIPAL1E140pp', 'LPLIPAL1E160pp', 'LPLIPAL2G160', 'LPLIPAL2G161', 'LPLIPAL1E161pp', 'LPLIPAL2G181', 'MALS', 'MDDCP3pp', 'MDDCP4pp', 'MDH', 'G3PD5', 'MPTG', 'MTHFC', 'MTHFD', 'G3PEtex', 'G3PGabcpp', 'NADPHQR2', 'MLTGY1pp', 'G3PGtex', 'NDPK5', 'NTD10', 'NTD2', 'NTD4', 'G6PDH2r', 'P5CD', 'NTPP2', 'NTPP4', 'NTPP7', 'NTPP8', 'CTECOAI8', 'PAPPT3', 'PAPSR', 'PLIPA2E140pp', 'PLIPA2E160pp', 'PLIPA2E161pp', 'PLIPA2E181pp', 'PGL', 'PPA', 'PPCK', 'PPM2', 'PPND', 'PPPGO', 'PGP140abcpp', 'PPPGO3', 'PGP160abcpp', 'PUNP1', 'PYNP2r', 'PGPP140pp', 'PGPP160pp', 'RNDR2', 'SERAT', 'SERD_L', 'SULR', 'SO4tex', 'THRS', 'SULabcpp', 'TYRTA', 'UAAGDS', 'TRPt2rpp', 'TRPtex', 'UAGCVT', 'UAGPT3', 'UAMAGS', 'UAMAS', 'UAPGR', 'UDCPDP', 'UGMDDS', 'PIuabcpp', 'VALabcpp', 'VALtex', 'XTSNt2rpp', 'XTSNtex', 'ENOPH', 'EAR40y', 'EAR60y', 'EAR80y', 'EAR100y', 'EAR120y', 'EAR140y', 'EAR160y', 'EX_LalaDgluMdapDala_e', 'EX_acser_e', 'EX_ade_e', 'EX_anhgm_e', 'EX_arg__L_e', 'EX_asn__L_e', 'EX_asp__L_e', 'EX_for_e', 'EX_g3pe_e', 'EX_g3pg_e', 'EX_leu__L_e', 'EX_trp__L_e', 'EX_glyc3p_e', 'EX_ile__L_e', 'EX_so4_e', 'EX_val__L_e', 'EX_xtsn_e', 'PAPSSH']","[-0.1625273558989714, 0.1625273558989714, 0.0015771312563396592, -0.08291635822388566, 1.8362111045743413e-05, 0.0004712941835074147, -6.985664744684396e-06, -1.0099161075153608e-05, -7.467258491935581e-06, 0.0002663891493315134, 0.0002663891493315134, 0.0002663891493315134, 0.0002663891493315134, 0.0002663891493315134, 0.0002663891493315134, 0.0001660096089481267, -0.011039702345798728, 0.011039702345798728, -0.0008666705763748913, -0.0008666705763748913, -7.559069047164465e-05, -1.8362111045743413e-05, -0.0008125023487899475, 1.8362111045743413e-05, -1.8362111045743413e-05, -0.0007650879602393162, -0.0007650879602393162, 0.0012385243899838204, 1.8362111045743413e-05, 3.6724222091486826e-05, -0.0007956914786488994, -0.0007956914786488994, -0.001265469078472331, -0.0012385243899838204, -8.354760403080802e-06, -0.001265469078472331, 0.07320369283664263, 7.956914786488899e-06, 1.5966974062494796e-05, -0.0011137939874094121, -0.0015771312563396592, -0.0015771312563396592, -0.0003978457393244497, -1.8362111045743413e-05, -1.8362111045743413e-05, -1.3971329489368791e-05, -2.0198322150307216e-05, -1.4934516983871162e-05, 7.559069047164465e-05, 3.550008135510402e-05, 0.00010405196259254598, 4.468113687797504e-05, 3.3051799882338403e-05, -7.559069047164465e-05, 7.559069047164465e-05, -0.0017643445049372072, -0.0002663891493315134, -0.0002663891493315134, -0.0002663891493315134, -0.0002663891493315134, -0.0002663891493315134, -0.0002663891493315134, -0.0002308890679764094, -4.7986316866209565e-05, 0.0005662262976140336, 0.0005662262976140336, 0.002447797823681161, -1.8362111045743413e-05, 0.004299494944868698, -7.23305923031874e-05, -7.23305923031874e-05, 0.0002663891493315134, 0.0002663891493315134, 0.0002663891493315134, -0.08020702873912622, 0.0002663891493315134, 0.0002663891493315134, 0.0002663891493315134, 0.0002308890679764094, 4.7986316866209565e-05, 0.0002561334449367181, 6.487945902828226e-05, 1.6128054201844963e-05, -0.0011935372179733422, 0.0012385243899838204, -0.0012385243899838204, 0.07243085515098806, -0.0011935372179733422, -9.681340715327752e-05, 0.0002663891493315134, 1.6525899941169148e-05, 0.0002663891493315134, 0.0002663891493315134, 0.0002663891493315134, 0.0002663891493315134, 0.0002663891493315134, 0.0002308890679764094, 4.7986316866209565e-05, -0.002111642770260519, -0.002111642770260519, 1.775004067755201e-05, 5.202598129627322e-05, 6.985664744684396e-06, 1.0099161075153608e-05, 2.2340568438987754e-05, 7.467258491935581e-06, 0.07227783755894018, 9.181055522871706e-06, 9.181055522871706e-06, 0.07159453742232291, -8.354760403062045e-06, 9.181055522871706e-06, -0.16289459811988627, -0.16289459811988627, -0.00010864249035398213, -8.424030109928696e-06, -0.07188691096133167, 9.181055522871706e-06, -8.424030109928696e-06, -7.773293676031451e-05, 0.00059589911110422, 0.0010382032969377675, 0.0004633372689302471, 0.0005662262976140336, 0.0011078473664265232, 0.0008520325560409381, 0.00048800064422372183, 7.559069047164465e-05, 0.0004192682022111441, 4.7986316866209565e-05, 1.8362111045743413e-05, -0.00022358624499599187, 1.775004067755201e-05, 5.202598129627322e-05, 2.2340568438987754e-05, 1.6525899941169148e-05, 0.0005662262976140336, -0.0016098262206660427, -0.001149957807758284, 7.559069047164465e-05, -0.0003978457393244497, 2.24425801669155e-05, -7.956914786488899e-06, -2.24425801669155e-05, -1.5966974062494796e-05, 7.559069047164465e-05, -7.559069047164465e-05, -7.956914786488899e-06, -1.5966974062494796e-05, -7.773293676031478e-05, 0.011039702345798728, 0.07289275389632166, -0.00022358624499599187, -0.00022358624499599187, -0.0012385243899838204, -0.00022358624499599187, 0.0003978457393244497, 1.8362111045743413e-05, -0.0007374835866338896, -0.0007374835866338896, 1.8362111045743413e-05, 1.8362111045743413e-05, 1.8362111045743413e-05, 1.8362111045743413e-05, 1.8362111045743413e-05, 1.8362111045743413e-05, 1.8362111045743413e-05, -0.002340119457007739, -0.001530356481084719, -0.001530356481084719, -0.00059589911110422, -0.00059589911110422, -2.1422462886700865e-05, -9.681340715327752e-05, -9.681340715327752e-05, -9.681340715327752e-05, -9.681340715327752e-05, -9.681340715328099e-05, -4.784777769796522e-05, -3.193394812498959e-05, 1.8362111045743413e-05, 0.011039702345798728, 0.0008666705763748913, 1.8362111045743413e-05, 0.0007650879602393162, 0.0007956914786488994, 0.001265469078472331, -0.004299494944868698, 0.00010864249035398213, 8.424030109928696e-06, 0.002111642770260519, 0.0007374835866338896, 7.23305923031874e-05, 0.0011935372179733422, 0.00022358624499599187, 0.001530356481084719, 0.00059589911110422, -0.00022358624499599187]","[0.1625273558989714, 0.1625273558989714, 0.0015771312563396592, 0.08291635822388566, 1.8362111045743413e-05, 0.0004712941835074147, 6.985664744684396e-06, 1.0099161075153608e-05, 7.467258491935581e-06, 0.0002663891493315134, 0.0002663891493315134, 0.0002663891493315134, 0.0002663891493315134, 0.0002663891493315134, 0.0002663891493315134, 0.0001660096089481267, 0.011039702345798728, 0.011039702345798728, 0.0008666705763748913, 0.0008666705763748913, 7.559069047164465e-05, 1.8362111045743413e-05, 0.0008125023487899475, 1.8362111045743413e-05, 1.8362111045743413e-05, 0.0007650879602393162, 0.0007650879602393162, 0.0012385243899838204, 1.8362111045743413e-05, 3.6724222091486826e-05, 0.0007956914786488994, 0.0007956914786488994, 0.001265469078472331, 0.0012385243899838204, 8.354760403080802e-06, 0.001265469078472331, 0.07320369283664263, 7.956914786488899e-06, 1.5966974062494796e-05, 0.0011137939874094121, 0.0015771312563396592, 0.0015771312563396592, 0.0003978457393244497, 1.8362111045743413e-05, 1.8362111045743413e-05, 1.3971329489368791e-05, 2.0198322150307216e-05, 1.4934516983871162e-05, 7.559069047164465e-05, 3.550008135510402e-05, 0.00010405196259254598, 4.468113687797504e-05, 3.3051799882338403e-05, 7.559069047164465e-05, 7.559069047164465e-05, 0.0017643445049372072, 0.0002663891493315134, 0.0002663891493315134, 0.0002663891493315134, 0.0002663891493315134, 0.0002663891493315134, 0.0002663891493315134, 0.0002308890679764094, 4.7986316866209565e-05, 0.0005662262976140336, 0.0005662262976140336, 0.002447797823681161, 1.8362111045743413e-05, 0.004299494944868698, 7.23305923031874e-05, 7.23305923031874e-05, 0.0002663891493315134, 0.0002663891493315134, 0.0002663891493315134, 0.08020702873912622, 0.0002663891493315134, 0.0002663891493315134, 0.0002663891493315134, 0.0002308890679764094, 4.7986316866209565e-05, 0.0002561334449367181, 6.487945902828226e-05, 1.6128054201844963e-05, 0.0011935372179733422, 0.0012385243899838204, 0.0012385243899838204, 0.07243085515098806, 0.0011935372179733422, 9.681340715327752e-05, 0.0002663891493315134, 1.6525899941169148e-05, 0.0002663891493315134, 0.0002663891493315134, 0.0002663891493315134, 0.0002663891493315134, 0.0002663891493315134, 0.0002308890679764094, 4.7986316866209565e-05, 0.002111642770260519, 0.002111642770260519, 1.775004067755201e-05, 5.202598129627322e-05, 6.985664744684396e-06, 1.0099161075153608e-05, 2.2340568438987754e-05, 7.467258491935581e-06, 0.07227783755894018, 9.181055522871706e-06, 9.181055522871706e-06, 0.07159453742232291, 8.354760403062045e-06, 9.181055522871706e-06, 0.16289459811988627, 0.16289459811988627, 0.00010864249035398213, 8.424030109928696e-06, 0.07188691096133167, 9.181055522871706e-06, 8.424030109928696e-06, 7.773293676031451e-05, 0.00059589911110422, 0.0010382032969377675, 0.0004633372689302471, 0.0005662262976140336, 0.0011078473664265232, 0.0008520325560409381, 0.00048800064422372183, 7.559069047164465e-05, 0.0004192682022111441, 4.7986316866209565e-05, 1.8362111045743413e-05, 0.00022358624499599187, 1.775004067755201e-05, 5.202598129627322e-05, 2.2340568438987754e-05, 1.6525899941169148e-05, 0.0005662262976140336, 0.0016098262206660427, 0.001149957807758284, 7.559069047164465e-05, 0.0003978457393244497, 2.24425801669155e-05, 7.956914786488899e-06, 2.24425801669155e-05, 1.5966974062494796e-05, 7.559069047164465e-05, 7.559069047164465e-05, 7.956914786488899e-06, 1.5966974062494796e-05, 7.773293676031478e-05, 0.011039702345798728, 0.07289275389632166, 0.00022358624499599187, 0.00022358624499599187, 0.0012385243899838204, 0.00022358624499599187, 0.0003978457393244497, 1.8362111045743413e-05, 0.0007374835866338896, 0.0007374835866338896, 1.8362111045743413e-05, 1.8362111045743413e-05, 1.8362111045743413e-05, 1.8362111045743413e-05, 1.8362111045743413e-05, 1.8362111045743413e-05, 1.8362111045743413e-05, 0.002340119457007739, 0.001530356481084719, 0.001530356481084719, 0.00059589911110422, 0.00059589911110422, 2.1422462886700865e-05, 9.681340715327752e-05, 9.681340715327752e-05, 9.681340715327752e-05, 9.681340715327752e-05, 9.681340715328099e-05, 4.784777769796522e-05, 3.193394812498959e-05, 1.8362111045743413e-05, 0.011039702345798728, 0.0008666705763748913, 1.8362111045743413e-05, 0.0007650879602393162, 0.0007956914786488994, 0.001265469078472331, 0.004299494944868698, 0.00010864249035398213, 8.424030109928696e-06, 0.002111642770260519, 0.0007374835866338896, 7.23305923031874e-05, 0.0011935372179733422, 0.00022358624499599187, 0.001530356481084719, 0.00059589911110422, 0.00022358624499599187]","['2AGPGAT160', '2AGPGAT181', 'ADPT', 'ARGabcpp', 'ASPabcpp', 'ASPO5', 'CYTD', 'CHORM', 'DAPDC', 'FACOAE160', 'FACOAE161', 'FACOAE181', 'DURIK1', 'DURIPP', 'FADRx', 'FORtex', 'HSDy', 'HSK', 'ILEabcpp', 'KAS15', 'LEUabcpp', 'G3PD5', 'MTHFC', 'MTHFD', 'G3PGabcpp', 'NADPHQR2', 'PAPSR', 'PPA', 'PPCK', 'PPND', 'PGP140abcpp', 'PPPGO3', 'PGP160abcpp', 'PYNP2r', 'PGPP140pp', 'PGPP160pp', 'RNDR2', 'SULR', 'SO4tex', 'THRS', 'SULabcpp', 'TYRTA', 'PIuabcpp', 'VALabcpp', 'ENOPH', 'EAR40y', 'EAR60y', 'EAR80y', 'EAR100y', 'EAR120y', 'EAR140y', 'EAR160y', 'EX_for_e', 'EX_so4_e', 'PAPSSH']","['GARFT', 'EX_cytd_e', 'EX_ala__D_e', 'GLCP', 'ACOAD1f', 'ACOAD2f', 'ACOAD3f', 'ACOAD4f', 'ACOAD5f', 'ACSERtex', 'ACSERtpp', 'ADEt2rpp', 'ADEtex', '4PEPTtex', 'AGM4PApp', 'ANHGMtex', 'ARGtex', 'ALAALAr', 'ALAR', 'ASNtex', 'ASPtex', 'CS', 'CDAPPA140', 'CDAPPA160', 'CYTDt2pp_copy2', 'CYTDtex', 'DALAtex', 'DRPA', 'FACOAL140t2pp', 'ECOAH1', 'ECOAH2', 'ECOAH3', 'ECOAH4', 'ECOAH5', 'ECOAH6', 'ECOAH7', 'ECOAH8', 'EDA', 'EDD', 'FORt2pp', 'GLUR', 'GLYC3Ptex', 'HACD1i', 'HACD2i', 'HACD3i', 'HACD4i', 'HACD5i', 'HACD6i', 'HACD7i', 'HACD8i', 'GMPR', 'ILEtex', 'ICL', 'KAT1', 'ACACT11', 'ACACT8', 'ACACT13', 'ACACT10', 'ACACT9', 'ACACT12', 'ACACT8r', 'LEUtex', 'LPLIPAL1E140pp', 'LPLIPAL1E160pp', 'LPLIPAL2G160', 'LPLIPAL2G161', 'LPLIPAL1E161pp', 'LPLIPAL2G181', 'MDDCP3pp', 'MDDCP4pp', 'MPTG', 'MLTGY1pp', 'G3PGtex', 'NTD10', 'NTD2', 'G6PDH2r', 'P5CD', 'NTPP2', 'NTPP4', 'NTPP7', 'NTPP8', 'CTECOAI8', 'PAPPT3', 'PLIPA2E140pp', 'PLIPA2E160pp', 'PLIPA2E161pp', 'PGL', 'PPM2', 'PPPGO', 'SERAT', 'UAAGDS', 'TRPt2rpp', 'TRPtex', 'UAGCVT', 'UAGPT3', 'UAMAGS', 'UAMAS', 'UAPGR', 'UDCPDP', 'UGMDDS', 'VALtex', 'XTSNt2rpp', 'XTSNtex', 'EX_LalaDgluMdapDala_e', 'EX_acser_e', 'EX_ade_e', 'EX_anhgm_e', 'EX_arg__L_e', 'EX_asn__L_e', 'EX_asp__L_e', 'EX_g3pg_e', 'EX_leu__L_e', 'EX_trp__L_e', 'EX_glyc3p_e', 'EX_ile__L_e', 'EX_val__L_e', 'EX_xtsn_e']","['GART', 'GHMT2r', '2AGPGAT161', 'ACOAD6f', 'ACOAD7f', 'ADNK1', 'ASAD', 'ASNt2rpp', 'ASPK', 'FACOAL160t2pp', 'FACOAL161t2pp', 'FACOAL181t2pp', 'GLYC3Pabcpp', 'GLYCL', 'CTECOAI7', 'GPDDA4', 'LPLIPAL1E181pp', 'MALS', 'MDH', 'G3PEtex', 'NDPK5', 'NTD4', 'PLIPA2E181pp', 'PUNP1', 'SERD_L', 'EX_g3pe_e']",MTHFC,GARFT,1.990148978226684,1,198,26,-20.0,0.18508895777586243,iPC815,PSL,True,True,-19.0500655803524,-19.0585416634143,0.0396981733700761,0.135515102408
167,"['GARFT', 'GART', 'EX_cytd_e', 'GHMT2r', 'EX_ala__D_e', 'GLCP', '2AGPGAT160', '2AGPGAT161', '2AGPGAT181', 'ACOAD1f', 'ACOAD2f', 'ACOAD3f', 'ACOAD4f', 'ACOAD5f', 'ACOAD6f', 'ACOAD7f', 'ACSERtex', 'ACSERtpp', 'ADEt2rpp', 'ADEtex', 'ADNK1', '4PEPTtex', 'ADPT', 'AGM4PApp', 'ANHGMtex', 'ARGabcpp', 'ARGtex', 'ASAD', 'ALAALAr', 'ALAR', 'ASNt2rpp', 'ASNtex', 'ASPabcpp', 'ASPK', 'ASPO5', 'ASPtex', 'CS', 'CDAPPA140', 'CDAPPA160', 'CYTD', 'CYTDt2pp_copy2', 'CYTDtex', 'CHORM', 'DALAtex', 'DAPDC', 'FACOAE160', 'FACOAE161', 'FACOAE181', 'DRPA', 'FACOAL140t2pp', 'FACOAL160t2pp', 'FACOAL161t2pp', 'FACOAL181t2pp', 'DURIK1', 'DURIPP', 'FADRx', 'ECOAH1', 'ECOAH2', 'ECOAH3', 'ECOAH4', 'ECOAH5', 'ECOAH6', 'ECOAH7', 'ECOAH8', 'EDA', 'EDD', 'FORt2pp', 'GLUR', 'FORtex', 'GLYC3Pabcpp', 'GLYC3Ptex', 'HACD1i', 'HACD2i', 'HACD3i', 'GLYCL', 'HACD4i', 'HACD5i', 'HACD6i', 'HACD7i', 'HACD8i', 'GMPR', 'CTECOAI7', 'GPDDA4', 'ILEtex', 'HSDy', 'HSK', 'ICL', 'ILEabcpp', 'KAS15', 'KAT1', 'LPLIPAL1E181pp', 'ACACT11', 'ACACT8', 'ACACT13', 'ACACT10', 'ACACT9', 'ACACT12', 'ACACT8r', 'LEUabcpp', 'LEUtex', 'LPLIPAL1E140pp', 'LPLIPAL1E160pp', 'LPLIPAL2G160', 'LPLIPAL2G161', 'LPLIPAL1E161pp', 'LPLIPAL2G181', 'MALS', 'MDDCP3pp', 'MDDCP4pp', 'MDH', 'G3PD5', 'MPTG', 'MTHFC', 'MTHFD', 'G3PEtex', 'G3PGabcpp', 'NADPHQR2', 'MLTGY1pp', 'G3PGtex', 'NDPK5', 'NTD10', 'NTD2', 'NTD4', 'G6PDH2r', 'P5CD', 'NTPP2', 'NTPP4', 'NTPP7', 'NTPP8', 'CTECOAI8', 'PAPPT3', 'PAPSR', 'PLIPA2E140pp', 'PLIPA2E160pp', 'PLIPA2E161pp', 'PLIPA2E181pp', 'PGL', 'PPA', 'PPCK', 'PPM2', 'PPND', 'PPPGO', 'PGP140abcpp', 'PPPGO3', 'PGP160abcpp', 'PUNP1', 'PYNP2r', 'PGPP140pp', 'PGPP160pp', 'RNDR2', 'SERAT', 'SERD_L', 'SULR', 'SO4tex', 'THRS', 'SULabcpp', 'TYRTA', 'UAAGDS', 'TRPt2rpp', 'TRPtex', 'UAGCVT', 'UAGPT3', 'UAMAGS', 'UAMAS', 'UAPGR', 'UDCPDP', 'UGMDDS', 'PIuabcpp', 'VALabcpp', 'VALtex', 'XTSNt2rpp', 'XTSNtex', 'ENOPH', 'EAR40y', 'EAR60y', 'EAR80y', 'EAR100y', 'EAR120y', 'EAR140y', 'EAR160y', 'EX_LalaDgluMdapDala_e', 'EX_acser_e', 'EX_ade_e', 'EX_anhgm_e', 'EX_arg__L_e', 'EX_asn__L_e', 'EX_asp__L_e', 'EX_for_e', 'EX_g3pe_e', 'EX_g3pg_e', 'EX_leu__L_e', 'EX_trp__L_e', 'EX_glyc3p_e', 'EX_ile__L_e', 'EX_so4_e', 'EX_val__L_e', 'EX_xtsn_e', 'PAPSSH']","[-0.1625273558989714, 0.1625273558989714, 0.0015771312563396592, -0.08291635822388566, 1.8362111045743413e-05, 0.0004712941835074147, -6.985664744684396e-06, -1.0099161075153608e-05, -7.467258491935581e-06, 0.0002663891493315134, 0.0002663891493315134, 0.0002663891493315134, 0.0002663891493315134, 0.0002663891493315134, 0.0002663891493315134, 0.0001660096089481267, -0.011039702345798728, 0.011039702345798728, -0.0008666705763748913, -0.0008666705763748913, -7.559069047164465e-05, -1.8362111045743413e-05, -0.0008125023487899475, 1.8362111045743413e-05, -1.8362111045743413e-05, -0.0007650879602393162, -0.0007650879602393162, 0.0012385243899838204, 1.8362111045743413e-05, 3.6724222091486826e-05, -0.0007956914786488994, -0.0007956914786488994, -0.001265469078472331, -0.0012385243899838204, -8.354760403080802e-06, -0.001265469078472331, 0.07320369283664263, 7.956914786488899e-06, 1.5966974062494796e-05, -0.0011137939874094121, -0.0015771312563396592, -0.0015771312563396592, -0.0003978457393244497, -1.8362111045743413e-05, -1.8362111045743413e-05, -1.3971329489368791e-05, -2.0198322150307216e-05, -1.4934516983871162e-05, 7.559069047164465e-05, 3.550008135510402e-05, 0.00010405196259254598, 4.468113687797504e-05, 3.3051799882338403e-05, -7.559069047164465e-05, 7.559069047164465e-05, -0.0017643445049372072, -0.0002663891493315134, -0.0002663891493315134, -0.0002663891493315134, -0.0002663891493315134, -0.0002663891493315134, -0.0002663891493315134, -0.0002308890679764094, -4.7986316866209565e-05, 0.0005662262976140336, 0.0005662262976140336, 0.002447797823681161, -1.8362111045743413e-05, 0.004299494944868698, -7.23305923031874e-05, -7.23305923031874e-05, 0.0002663891493315134, 0.0002663891493315134, 0.0002663891493315134, -0.08020702873912622, 0.0002663891493315134, 0.0002663891493315134, 0.0002663891493315134, 0.0002308890679764094, 4.7986316866209565e-05, 0.0002561334449367181, 6.487945902828226e-05, 1.6128054201844963e-05, -0.0011935372179733422, 0.0012385243899838204, -0.0012385243899838204, 0.07243085515098806, -0.0011935372179733422, -9.681340715327752e-05, 0.0002663891493315134, 1.6525899941169148e-05, 0.0002663891493315134, 0.0002663891493315134, 0.0002663891493315134, 0.0002663891493315134, 0.0002663891493315134, 0.0002308890679764094, 4.7986316866209565e-05, -0.002111642770260519, -0.002111642770260519, 1.775004067755201e-05, 5.202598129627322e-05, 6.985664744684396e-06, 1.0099161075153608e-05, 2.2340568438987754e-05, 7.467258491935581e-06, 0.07227783755894018, 9.181055522871706e-06, 9.181055522871706e-06, 0.07159453742232291, -8.354760403062045e-06, 9.181055522871706e-06, -0.16289459811988627, -0.16289459811988627, -0.00010864249035398213, -8.424030109928696e-06, -0.07188691096133167, 9.181055522871706e-06, -8.424030109928696e-06, -7.773293676031451e-05, 0.00059589911110422, 0.0010382032969377675, 0.0004633372689302471, 0.0005662262976140336, 0.0011078473664265232, 0.0008520325560409381, 0.00048800064422372183, 7.559069047164465e-05, 0.0004192682022111441, 4.7986316866209565e-05, 1.8362111045743413e-05, -0.00022358624499599187, 1.775004067755201e-05, 5.202598129627322e-05, 2.2340568438987754e-05, 1.6525899941169148e-05, 0.0005662262976140336, -0.0016098262206660427, -0.001149957807758284, 7.559069047164465e-05, -0.0003978457393244497, 2.24425801669155e-05, -7.956914786488899e-06, -2.24425801669155e-05, -1.5966974062494796e-05, 7.559069047164465e-05, -7.559069047164465e-05, -7.956914786488899e-06, -1.5966974062494796e-05, -7.773293676031478e-05, 0.011039702345798728, 0.07289275389632166, -0.00022358624499599187, -0.00022358624499599187, -0.0012385243899838204, -0.00022358624499599187, 0.0003978457393244497, 1.8362111045743413e-05, -0.0007374835866338896, -0.0007374835866338896, 1.8362111045743413e-05, 1.8362111045743413e-05, 1.8362111045743413e-05, 1.8362111045743413e-05, 1.8362111045743413e-05, 1.8362111045743413e-05, 1.8362111045743413e-05, -0.002340119457007739, -0.001530356481084719, -0.001530356481084719, -0.00059589911110422, -0.00059589911110422, -2.1422462886700865e-05, -9.681340715327752e-05, -9.681340715327752e-05, -9.681340715327752e-05, -9.681340715327752e-05, -9.681340715328099e-05, -4.784777769796522e-05, -3.193394812498959e-05, 1.8362111045743413e-05, 0.011039702345798728, 0.0008666705763748913, 1.8362111045743413e-05, 0.0007650879602393162, 0.0007956914786488994, 0.001265469078472331, -0.004299494944868698, 0.00010864249035398213, 8.424030109928696e-06, 0.002111642770260519, 0.0007374835866338896, 7.23305923031874e-05, 0.0011935372179733422, 0.00022358624499599187, 0.001530356481084719, 0.00059589911110422, -0.00022358624499599187]","[0.1625273558989714, 0.1625273558989714, 0.0015771312563396592, 0.08291635822388566, 1.8362111045743413e-05, 0.0004712941835074147, 6.985664744684396e-06, 1.0099161075153608e-05, 7.467258491935581e-06, 0.0002663891493315134, 0.0002663891493315134, 0.0002663891493315134, 0.0002663891493315134, 0.0002663891493315134, 0.0002663891493315134, 0.0001660096089481267, 0.011039702345798728, 0.011039702345798728, 0.0008666705763748913, 0.0008666705763748913, 7.559069047164465e-05, 1.8362111045743413e-05, 0.0008125023487899475, 1.8362111045743413e-05, 1.8362111045743413e-05, 0.0007650879602393162, 0.0007650879602393162, 0.0012385243899838204, 1.8362111045743413e-05, 3.6724222091486826e-05, 0.0007956914786488994, 0.0007956914786488994, 0.001265469078472331, 0.0012385243899838204, 8.354760403080802e-06, 0.001265469078472331, 0.07320369283664263, 7.956914786488899e-06, 1.5966974062494796e-05, 0.0011137939874094121, 0.0015771312563396592, 0.0015771312563396592, 0.0003978457393244497, 1.8362111045743413e-05, 1.8362111045743413e-05, 1.3971329489368791e-05, 2.0198322150307216e-05, 1.4934516983871162e-05, 7.559069047164465e-05, 3.550008135510402e-05, 0.00010405196259254598, 4.468113687797504e-05, 3.3051799882338403e-05, 7.559069047164465e-05, 7.559069047164465e-05, 0.0017643445049372072, 0.0002663891493315134, 0.0002663891493315134, 0.0002663891493315134, 0.0002663891493315134, 0.0002663891493315134, 0.0002663891493315134, 0.0002308890679764094, 4.7986316866209565e-05, 0.0005662262976140336, 0.0005662262976140336, 0.002447797823681161, 1.8362111045743413e-05, 0.004299494944868698, 7.23305923031874e-05, 7.23305923031874e-05, 0.0002663891493315134, 0.0002663891493315134, 0.0002663891493315134, 0.08020702873912622, 0.0002663891493315134, 0.0002663891493315134, 0.0002663891493315134, 0.0002308890679764094, 4.7986316866209565e-05, 0.0002561334449367181, 6.487945902828226e-05, 1.6128054201844963e-05, 0.0011935372179733422, 0.0012385243899838204, 0.0012385243899838204, 0.07243085515098806, 0.0011935372179733422, 9.681340715327752e-05, 0.0002663891493315134, 1.6525899941169148e-05, 0.0002663891493315134, 0.0002663891493315134, 0.0002663891493315134, 0.0002663891493315134, 0.0002663891493315134, 0.0002308890679764094, 4.7986316866209565e-05, 0.002111642770260519, 0.002111642770260519, 1.775004067755201e-05, 5.202598129627322e-05, 6.985664744684396e-06, 1.0099161075153608e-05, 2.2340568438987754e-05, 7.467258491935581e-06, 0.07227783755894018, 9.181055522871706e-06, 9.181055522871706e-06, 0.07159453742232291, 8.354760403062045e-06, 9.181055522871706e-06, 0.16289459811988627, 0.16289459811988627, 0.00010864249035398213, 8.424030109928696e-06, 0.07188691096133167, 9.181055522871706e-06, 8.424030109928696e-06, 7.773293676031451e-05, 0.00059589911110422, 0.0010382032969377675, 0.0004633372689302471, 0.0005662262976140336, 0.0011078473664265232, 0.0008520325560409381, 0.00048800064422372183, 7.559069047164465e-05, 0.0004192682022111441, 4.7986316866209565e-05, 1.8362111045743413e-05, 0.00022358624499599187, 1.775004067755201e-05, 5.202598129627322e-05, 2.2340568438987754e-05, 1.6525899941169148e-05, 0.0005662262976140336, 0.0016098262206660427, 0.001149957807758284, 7.559069047164465e-05, 0.0003978457393244497, 2.24425801669155e-05, 7.956914786488899e-06, 2.24425801669155e-05, 1.5966974062494796e-05, 7.559069047164465e-05, 7.559069047164465e-05, 7.956914786488899e-06, 1.5966974062494796e-05, 7.773293676031478e-05, 0.011039702345798728, 0.07289275389632166, 0.00022358624499599187, 0.00022358624499599187, 0.0012385243899838204, 0.00022358624499599187, 0.0003978457393244497, 1.8362111045743413e-05, 0.0007374835866338896, 0.0007374835866338896, 1.8362111045743413e-05, 1.8362111045743413e-05, 1.8362111045743413e-05, 1.8362111045743413e-05, 1.8362111045743413e-05, 1.8362111045743413e-05, 1.8362111045743413e-05, 0.002340119457007739, 0.001530356481084719, 0.001530356481084719, 0.00059589911110422, 0.00059589911110422, 2.1422462886700865e-05, 9.681340715327752e-05, 9.681340715327752e-05, 9.681340715327752e-05, 9.681340715327752e-05, 9.681340715328099e-05, 4.784777769796522e-05, 3.193394812498959e-05, 1.8362111045743413e-05, 0.011039702345798728, 0.0008666705763748913, 1.8362111045743413e-05, 0.0007650879602393162, 0.0007956914786488994, 0.001265469078472331, 0.004299494944868698, 0.00010864249035398213, 8.424030109928696e-06, 0.002111642770260519, 0.0007374835866338896, 7.23305923031874e-05, 0.0011935372179733422, 0.00022358624499599187, 0.001530356481084719, 0.00059589911110422, 0.00022358624499599187]","['2AGPGAT160', '2AGPGAT181', 'ADPT', 'ARGabcpp', 'ASPabcpp', 'ASPO5', 'CYTD', 'CHORM', 'DAPDC', 'FACOAE160', 'FACOAE161', 'FACOAE181', 'DURIK1', 'DURIPP', 'FADRx', 'FORtex', 'HSDy', 'HSK', 'ILEabcpp', 'KAS15', 'LEUabcpp', 'G3PD5', 'MTHFC', 'MTHFD', 'G3PGabcpp', 'NADPHQR2', 'PAPSR', 'PPA', 'PPCK', 'PPND', 'PGP140abcpp', 'PPPGO3', 'PGP160abcpp', 'PYNP2r', 'PGPP140pp', 'PGPP160pp', 'RNDR2', 'SULR', 'SO4tex', 'THRS', 'SULabcpp', 'TYRTA', 'PIuabcpp', 'VALabcpp', 'ENOPH', 'EAR40y', 'EAR60y', 'EAR80y', 'EAR100y', 'EAR120y', 'EAR140y', 'EAR160y', 'EX_for_e', 'EX_so4_e', 'PAPSSH']","['GARFT', 'EX_cytd_e', 'EX_ala__D_e', 'GLCP', 'ACOAD1f', 'ACOAD2f', 'ACOAD3f', 'ACOAD4f', 'ACOAD5f', 'ACSERtex', 'ACSERtpp', 'ADEt2rpp', 'ADEtex', '4PEPTtex', 'AGM4PApp', 'ANHGMtex', 'ARGtex', 'ALAALAr', 'ALAR', 'ASNtex', 'ASPtex', 'CS', 'CDAPPA140', 'CDAPPA160', 'CYTDt2pp_copy2', 'CYTDtex', 'DALAtex', 'DRPA', 'FACOAL140t2pp', 'ECOAH1', 'ECOAH2', 'ECOAH3', 'ECOAH4', 'ECOAH5', 'ECOAH6', 'ECOAH7', 'ECOAH8', 'EDA', 'EDD', 'FORt2pp', 'GLUR', 'GLYC3Ptex', 'HACD1i', 'HACD2i', 'HACD3i', 'HACD4i', 'HACD5i', 'HACD6i', 'HACD7i', 'HACD8i', 'GMPR', 'ILEtex', 'ICL', 'KAT1', 'ACACT11', 'ACACT8', 'ACACT13', 'ACACT10', 'ACACT9', 'ACACT12', 'ACACT8r', 'LEUtex', 'LPLIPAL1E140pp', 'LPLIPAL1E160pp', 'LPLIPAL2G160', 'LPLIPAL2G161', 'LPLIPAL1E161pp', 'LPLIPAL2G181', 'MDDCP3pp', 'MDDCP4pp', 'MPTG', 'MLTGY1pp', 'G3PGtex', 'NTD10', 'NTD2', 'G6PDH2r', 'P5CD', 'NTPP2', 'NTPP4', 'NTPP7', 'NTPP8', 'CTECOAI8', 'PAPPT3', 'PLIPA2E140pp', 'PLIPA2E160pp', 'PLIPA2E161pp', 'PGL', 'PPM2', 'PPPGO', 'SERAT', 'UAAGDS', 'TRPt2rpp', 'TRPtex', 'UAGCVT', 'UAGPT3', 'UAMAGS', 'UAMAS', 'UAPGR', 'UDCPDP', 'UGMDDS', 'VALtex', 'XTSNt2rpp', 'XTSNtex', 'EX_LalaDgluMdapDala_e', 'EX_acser_e', 'EX_ade_e', 'EX_anhgm_e', 'EX_arg__L_e', 'EX_asn__L_e', 'EX_asp__L_e', 'EX_g3pg_e', 'EX_leu__L_e', 'EX_trp__L_e', 'EX_glyc3p_e', 'EX_ile__L_e', 'EX_val__L_e', 'EX_xtsn_e']","['GART', 'GHMT2r', '2AGPGAT161', 'ACOAD6f', 'ACOAD7f', 'ADNK1', 'ASAD', 'ASNt2rpp', 'ASPK', 'FACOAL160t2pp', 'FACOAL161t2pp', 'FACOAL181t2pp', 'GLYC3Pabcpp', 'GLYCL', 'CTECOAI7', 'GPDDA4', 'LPLIPAL1E181pp', 'MALS', 'MDH', 'G3PEtex', 'NDPK5', 'NTD4', 'PLIPA2E181pp', 'PUNP1', 'SERD_L', 'EX_g3pe_e']",MTHFD,GARFT,1.990148978226684,1,198,26,-20.0,0.18508895777586243,iPC815,PSL,True,True,-19.0500655803524,-19.0585416634143,0.0,0.135515102408
168,"['FLDR', 'NDPK5', 'RNTR2c', 'RNDR2', 'TRDR']","[0.006842254539999999, -0.006842254539947135, 0.006842254539999999, -0.006842254539999999, -0.006842254540038811]","[0.006842254539999999, 0.006842254539947135, 0.006842254539999999, 0.006842254539999999, 0.006842254540038811]","['FLDR', 'RNTR2c']","['NDPK5', 'RNDR2', 'TRDR']",[],NDPK5,FLDR,0.04105352724009963,1,5,0,1.0,0.006842254539985947,iPC815,PSL,True,False,-29.2989479417319,0.0,0.0,0.0
169,"['FLDR', 'NDPK7', 'RNTR3c', 'RNDR3', 'TRDR']","[0.006842254539999999, -0.006842254539947135, 0.006842254539999999, -0.006842254539999999, -0.006842254539999999]","[0.006842254539999999, 0.006842254539947135, 0.006842254539999999, 0.006842254539999999, 0.006842254539999999]","['FLDR', 'RNTR3c']","['NDPK7', 'RNDR3', 'TRDR']",[],NDPK7,FLDR,0.04105352723983344,1,5,0,1.0,0.006842254539947135,iPC815,PSL,True,False,-18.7260800619898,0.0,0.0,0.0
171,"['GALKr', 'GLCabcpp', 'GLCP', 'ACOAD1f', 'ACOAD2f', 'ACOAD3f', 'ACOAD4f', 'ACOAD5f', 'ACOAD6f', 'ACOAD7f', 'ACOATA', 'ADEt2rpp', 'ADEtex', '4PEPTtex', 'AMPN', 'AGM4PApp', 'ANHGMtex', 'ARGabcpp', 'ARGtex', 'ALAALAr', 'ASNt2rpp', 'ASNtex', 'ALATA_L2', 'ASPabcpp', 'ASPtex', 'AST', 'CHORM', 'DALAt2pp', 'DAPDC', 'DCTPD', 'FA120ACPHi', 'FACOAE120', 'FACOAL140t2pp', 'FACOAL160t2pp', 'FACOAL161t2pp', 'FACOAL181t2pp', 'FADRx', 'ECOAH1', 'ECOAH2', 'ECOAH3', 'ECOAH4', 'ECOAH5', 'ECOAH6', 'ECOAH7', 'ECOAH8', 'EDA', 'EDD', 'GLUCYS', 'GLUR', 'GLUSy', 'GLYC3Pabcpp', 'GLYC3Ptex', 'HACD1i', 'HACD2i', 'HACD3i', 'HACD4i', 'HACD5i', 'HACD6i', 'HACD7i', 'GLYCLTDy', 'GLYK', 'HACD8i', 'GMPR', 'GND', 'CTECOAI7', 'HEX7', 'GPDDA4', 'GTHRDabc2pp', 'GTHRDtex', 'GTHS', 'ILEtex', 'HYXNtex', 'HYXNtpp', 'INSK', 'ILEabcpp', 'KAT1', 'LPLIPAL1E181pp', 'ACACT11', 'ACACT8', 'ACACT13', 'ACACT10', 'ACACT9', 'LPLIPAL1G140pp', 'LPLIPAL1G160pp', 'LPLIPAL1G181pp', 'ACACT12', 'ACACT8r', 'LACZpp', 'LCTStex', 'LEUabcpp', 'LEUtex', 'LPLIPAL1E140pp', 'LPLIPAL1E160pp', 'LPLIPAL1E161pp', 'MACPD', 'MDDCP3pp', 'MDDCP4pp', 'G3PD2', 'MPTG', 'G3PEtex', 'G3PGabcpp', 'NADPHQR2', 'MLTGY1pp', 'G3PGtex', 'NDPK6', 'NDPK8', 'ORNabcpp', 'G6PDH2r', 'ORNtex', 'P5CD', 'NTPP2', 'NTPP7', 'NTPP8', 'GALabcpp', 'CTECOAI8', 'PAPPT3', 'PLIPA2E140pp', 'PLIPA2E160pp', 'PLIPA2E161pp', 'PLIPA2E181pp', 'PGL', 'PLIPA2G140pp', 'PFL', 'PLIPA2G160pp', 'PLIPA2G181pp', 'PGI', 'POX', 'PPA', 'PPM', 'PPND', 'PPPGO', 'PPPGO3', 'PUNP5', 'PYAM5PO', 'PROabcpp', 'PROtex', 'RNDR4', 'RNDR1', 'RPE', 'RPI', 'SADH', 'RNDR2', 'RNDR3', 'TALA', 'SGDS', 'SGSAD', 'THIORDXi', 'SOTA', 'THRabcpp', 'THRtex', 'TKT1', 'TKT2', 'TYRTA', 'UAAGDS', 'TRPt2rpp', 'TRPtex', 'UAGCVT', 'UAGPT3', 'UAMAGS', 'UAMAS', 'UAPGR', 'UDCPDP', 'XYLI2', 'UDPG4E', 'UGLT', 'UGMDDS', 'UPPRT', 'URAt2pp_copy2', 'URAtex', 'VALabcpp', 'VALtex', 'ENOPH', 'EX_LalaDgluMdapDala_e', 'EX_ade_e', 'EX_anhgm_e', 'EX_arg__L_e', 'EX_asn__L_e', 'EX_asp__L_e', 'EX_g3pe_e', 'EX_g3pg_e', 'EX_lcts_e', 'EX_leu__L_e', 'EX_trp__L_e', 'EX_glyc3p_e', 'EX_gthrd_e', 'EX_orn_e', 'EX_hxan_e', 'EX_ile__L_e', 'EX_pro__L_e', 'EX_ura_e', 'EX_val__L_e', 'EX_thr__L_e']","[-0.00019440342441612302, -0.0001944034243903433, 0.0002610579643888486, 0.00020118415068282047, 0.00020118415068282047, 0.00020118415068282047, 0.00020118415068282047, 0.00020118415068282047, 0.00017406124538865697, 0.00010964434500237985, -2.712290540785034e-05, -0.000541608821436057, -0.000541608821436057, -1.0171089570576441e-05, 0.0005534750925576086, 1.0171089521643579e-05, -1.0171089570576441e-05, -0.001270541142375528, -0.0012705411423894475, 1.0171089570576441e-05, -0.00044074721267861605, -0.0004407472125649292, 0.00016985719501144908, -0.0009932235611108814, -0.0009932235610676798, -0.0008467457456403787, 8.475907934701876e-05, 1.0171089521643579e-05, -1.0171089521643579e-05, 1.5734675487388133e-05, 2.7122905391049543e-05, -2.7122905391049543e-05, 2.8479050660601673e-05, 8.306389776008977e-05, 3.593784964314034e-05, 2.658044728322869e-05, -0.0012896263440809342, -0.00020118415068282047, -0.00020118415068282047, -0.00020118415068282047, -0.00020118415068282047, -0.00020118415068282047, -0.00017406124538865697, -0.00014558219470472977, -2.6580447297419596e-05, -0.09276463513441086, -0.09276463513441086, 0.00012384827156022458, -1.0171089570576441e-05, 0.000986795715117567, -0.001116980574010995, -0.001116980574010995, 0.00020118415073811131, 0.00020118415073811131, 0.00020118415073811131, 0.00020118415073811131, 0.00020118415073811131, 0.00017406124534706177, 0.00014558219468645966, 8.475907934701876e-05, -0.00019281334458308105, 2.658044728322869e-05, 0.0004719555056201252, 0.2812103602216924, 3.593784964314034e-05, -0.0001944034243903433, -0.00018387973761990403, 0.00012384827156022458, -0.00012384827152800426, 0.00012384827156022458, -0.0006611208189042372, -0.00026853371514334867, -0.00026853371514334867, -0.000268533715187258, -0.0006611208189068324, 0.00020118415073811131, 9.153980569479372e-06, 0.00020118415073811131, 0.00020118415073811131, 0.00020118415073811131, 0.00020118415073811131, 0.00017406124534706177, 4.407472126045507e-06, 1.2713861902054202e-05, 4.136243072135081e-06, 0.00014558219468645966, 2.658044728322869e-05, -0.0001944034243903433, -0.00019440342441612302, -0.0011696752949890143, -0.0011696752950456357, 9.832053204255438e-06, 2.8818086977989814e-05, 1.2374825584666061e-05, 2.7122905391058216e-05, 5.085544760821789e-06, 5.085544760821789e-06, -0.0014936736562276565, 5.085544760821789e-06, -6.017894634169352e-05, -0.00018387973761990403, 0.09306264494856364, 5.085544760821789e-06, -0.00021073141397209838, -1.573467545767926e-05, -4.187098522834276e-05, -7.119762665150527e-05, 0.18844572508737656, -7.119762665297458e-05, -0.0025685834970746446, 0.00042889789331183176, 4.187098519743259e-05, 0.00048332678379620336, -0.0001944034243903433, 2.658044728322869e-05, 1.0171089521643579e-05, 9.832053204255438e-06, 2.8818086977989814e-05, 1.2374825584666061e-05, 9.153980569479372e-06, 0.18844572508728152, 4.407472126045507e-06, 9.667620590320634e-05, 1.2713861902054202e-05, 4.136243072135081e-06, -0.18836720427611908, -0.0003026243808191692, -0.0012988125331016079, 0.00026853371514334867, 8.475907934701876e-05, -0.0001008067983701728, 0.0001008067983701728, 0.00026853371514334867, 0.00016985719501144908, -0.0031110416048956424, -0.0031110416049386913, -5.7605660684820724e-05, -4.187098519743259e-05, 0.18853448479512736, -0.09268947078282963, -0.0008467457456403787, -4.305761230829087e-05, -2.7322936820902734e-05, 0.09428080385032445, -0.0008467457456403787, -0.0008467457456403787, 0.00016985719501144908, -0.0008467457456403787, -0.0006441690030374175, -0.0006441690030669633, 0.0942536809449166, 0.09428080385021076, -8.475907930005633e-05, 1.0171089521643579e-05, -8.984462408534455e-05, -8.984462408534455e-05, 1.0171089521643579e-05, 1.0171089521643579e-05, 1.0171089521643579e-05, 1.0171089521643579e-05, 1.0171089521643579e-05, 1.0171089521643579e-05, -0.00019440342441612302, 0.00019440342441612302, -0.00019440342441612302, 1.0171089521643579e-05, -0.0005341517181332578, -0.0005341517181705058, -0.0005341517181705058, -0.00084769080918386, -0.0008476908092234225, -1.1866271108584067e-05, 1.0171089521643579e-05, 0.0005416088214490245, 1.0171089521643579e-05, 0.001270541142375528, 0.0004407472126045642, 0.0009932235611108814, 6.0178946336390685e-05, 0.00021073141395704304, 0.0001944034243903433, 0.0011696752949890143, 8.984462410785259e-05, 0.001116980574010995, 0.00012384827156022458, 7.119762665150527e-05, 0.000268533715187258, 0.0006611208189068324, 0.0031110416048956424, 0.0005341517181332578, 0.00084769080918386, 0.0006441690030374175]","[0.00019440342441612302, 0.0001944034243903433, 0.0002610579643888486, 0.00020118415068282047, 0.00020118415068282047, 0.00020118415068282047, 0.00020118415068282047, 0.00020118415068282047, 0.00017406124538865697, 0.00010964434500237985, 2.712290540785034e-05, 0.000541608821436057, 0.000541608821436057, 1.0171089570576441e-05, 0.0005534750925576086, 1.0171089521643579e-05, 1.0171089570576441e-05, 0.001270541142375528, 0.0012705411423894475, 1.0171089570576441e-05, 0.00044074721267861605, 0.0004407472125649292, 0.00016985719501144908, 0.0009932235611108814, 0.0009932235610676798, 0.0008467457456403787, 8.475907934701876e-05, 1.0171089521643579e-05, 1.0171089521643579e-05, 1.5734675487388133e-05, 2.7122905391049543e-05, 2.7122905391049543e-05, 2.8479050660601673e-05, 8.306389776008977e-05, 3.593784964314034e-05, 2.658044728322869e-05, 0.0012896263440809342, 0.00020118415068282047, 0.00020118415068282047, 0.00020118415068282047, 0.00020118415068282047, 0.00020118415068282047, 0.00017406124538865697, 0.00014558219470472977, 2.6580447297419596e-05, 0.09276463513441086, 0.09276463513441086, 0.00012384827156022458, 1.0171089570576441e-05, 0.000986795715117567, 0.001116980574010995, 0.001116980574010995, 0.00020118415073811131, 0.00020118415073811131, 0.00020118415073811131, 0.00020118415073811131, 0.00020118415073811131, 0.00017406124534706177, 0.00014558219468645966, 8.475907934701876e-05, 0.00019281334458308105, 2.658044728322869e-05, 0.0004719555056201252, 0.2812103602216924, 3.593784964314034e-05, 0.0001944034243903433, 0.00018387973761990403, 0.00012384827156022458, 0.00012384827152800426, 0.00012384827156022458, 0.0006611208189042372, 0.00026853371514334867, 0.00026853371514334867, 0.000268533715187258, 0.0006611208189068324, 0.00020118415073811131, 9.153980569479372e-06, 0.00020118415073811131, 0.00020118415073811131, 0.00020118415073811131, 0.00020118415073811131, 0.00017406124534706177, 4.407472126045507e-06, 1.2713861902054202e-05, 4.136243072135081e-06, 0.00014558219468645966, 2.658044728322869e-05, 0.0001944034243903433, 0.00019440342441612302, 0.0011696752949890143, 0.0011696752950456357, 9.832053204255438e-06, 2.8818086977989814e-05, 1.2374825584666061e-05, 2.7122905391058216e-05, 5.085544760821789e-06, 5.085544760821789e-06, 0.0014936736562276565, 5.085544760821789e-06, 6.017894634169352e-05, 0.00018387973761990403, 0.09306264494856364, 5.085544760821789e-06, 0.00021073141397209838, 1.573467545767926e-05, 4.187098522834276e-05, 7.119762665150527e-05, 0.18844572508737656, 7.119762665297458e-05, 0.0025685834970746446, 0.00042889789331183176, 4.187098519743259e-05, 0.00048332678379620336, 0.0001944034243903433, 2.658044728322869e-05, 1.0171089521643579e-05, 9.832053204255438e-06, 2.8818086977989814e-05, 1.2374825584666061e-05, 9.153980569479372e-06, 0.18844572508728152, 4.407472126045507e-06, 9.667620590320634e-05, 1.2713861902054202e-05, 4.136243072135081e-06, 0.18836720427611908, 0.0003026243808191692, 0.0012988125331016079, 0.00026853371514334867, 8.475907934701876e-05, 0.0001008067983701728, 0.0001008067983701728, 0.00026853371514334867, 0.00016985719501144908, 0.0031110416048956424, 0.0031110416049386913, 5.7605660684820724e-05, 4.187098519743259e-05, 0.18853448479512736, 0.09268947078282963, 0.0008467457456403787, 4.305761230829087e-05, 2.7322936820902734e-05, 0.09428080385032445, 0.0008467457456403787, 0.0008467457456403787, 0.00016985719501144908, 0.0008467457456403787, 0.0006441690030374175, 0.0006441690030669633, 0.0942536809449166, 0.09428080385021076, 8.475907930005633e-05, 1.0171089521643579e-05, 8.984462408534455e-05, 8.984462408534455e-05, 1.0171089521643579e-05, 1.0171089521643579e-05, 1.0171089521643579e-05, 1.0171089521643579e-05, 1.0171089521643579e-05, 1.0171089521643579e-05, 0.00019440342441612302, 0.00019440342441612302, 0.00019440342441612302, 1.0171089521643579e-05, 0.0005341517181332578, 0.0005341517181705058, 0.0005341517181705058, 0.00084769080918386, 0.0008476908092234225, 1.1866271108584067e-05, 1.0171089521643579e-05, 0.0005416088214490245, 1.0171089521643579e-05, 0.001270541142375528, 0.0004407472126045642, 0.0009932235611108814, 6.0178946336390685e-05, 0.00021073141395704304, 0.0001944034243903433, 0.0011696752949890143, 8.984462410785259e-05, 0.001116980574010995, 0.00012384827156022458, 7.119762665150527e-05, 0.000268533715187258, 0.0006611208189068324, 0.0031110416048956424, 0.0005341517181332578, 0.00084769080918386, 0.0006441690030374175]","['GLCabcpp', 'ARGabcpp', 'ASPabcpp', 'AST', 'DAPDC', 'FACOAE120', 'FADRx', 'EDA', 'EDD', 'GLYC3Pabcpp', 'HEX7', 'GPDDA4', 'INSK', 'ILEabcpp', 'LACZpp', 'LEUabcpp', 'G3PGabcpp', 'NDPK8', 'ORNabcpp', 'P5CD', 'GALabcpp', 'POX', 'PPA', 'PPPGO', 'PROabcpp', 'RNDR4', 'RNDR1', 'RPE', 'SADH', 'RNDR2', 'RNDR3', 'SGDS', 'SGSAD', 'SOTA', 'THRabcpp', 'XYLI2', 'UPPRT', 'VALabcpp', 'ENOPH']","['GALKr', 'GLCP', 'ACOAD1f', 'ACOAD2f', 'ACOAD3f', 'ACOAD4f', 'ACOAD5f', 'ACOATA', 'ADEt2rpp', 'ADEtex', '4PEPTtex', 'AMPN', 'AGM4PApp', 'ANHGMtex', 'ARGtex', 'ALAALAr', 'ASNtex', 'ALATA_L2', 'ASPtex', 'CHORM', 'DALAt2pp', 'DCTPD', 'FA120ACPHi', 'FACOAL140t2pp', 'FACOAL160t2pp', 'FACOAL181t2pp', 'ECOAH1', 'ECOAH2', 'ECOAH3', 'ECOAH4', 'ECOAH5', 'ECOAH6', 'ECOAH7', 'ECOAH8', 'GLUCYS', 'GLUR', 'GLUSy', 'GLYC3Ptex', 'HACD1i', 'HACD2i', 'HACD3i', 'HACD4i', 'HACD5i', 'HACD6i', 'HACD7i', 'GLYCLTDy', 'HACD8i', 'GMPR', 'GND', 'GTHRDabc2pp', 'GTHRDtex', 'GTHS', 'ILEtex', 'HYXNtex', 'HYXNtpp', 'KAT1', 'LPLIPAL1E181pp', 'ACACT11', 'ACACT8', 'ACACT13', 'ACACT10', 'ACACT9', 'LPLIPAL1G140pp', 'LPLIPAL1G160pp', 'LPLIPAL1G181pp', 'ACACT12', 'ACACT8r', 'LCTStex', 'LEUtex', 'LPLIPAL1E140pp', 'LPLIPAL1E160pp', 'LPLIPAL1E161pp', 'MACPD', 'MDDCP3pp', 'MDDCP4pp', 'MPTG', 'G3PEtex', 'NADPHQR2', 'MLTGY1pp', 'G3PGtex', 'NDPK6', 'ORNtex', 'NTPP2', 'NTPP7', 'NTPP8', 'CTECOAI8', 'PAPPT3', 'PLIPA2E140pp', 'PLIPA2E160pp', 'PLIPA2E161pp', 'PLIPA2E181pp', 'PLIPA2G140pp', 'PFL', 'PLIPA2G160pp', 'PLIPA2G181pp', 'PPND', 'PPPGO3', 'PUNP5', 'PYAM5PO', 'PROtex', 'THIORDXi', 'THRtex', 'TYRTA', 'UAAGDS', 'TRPt2rpp', 'TRPtex', 'UAGCVT', 'UAGPT3', 'UAMAGS', 'UAMAS', 'UAPGR', 'UDCPDP', 'UDPG4E', 'UGLT', 'UGMDDS', 'URAt2pp_copy2', 'URAtex', 'VALtex', 'EX_LalaDgluMdapDala_e', 'EX_ade_e', 'EX_anhgm_e', 'EX_arg__L_e', 'EX_asn__L_e', 'EX_asp__L_e', 'EX_g3pe_e', 'EX_g3pg_e', 'EX_lcts_e', 'EX_leu__L_e', 'EX_trp__L_e', 'EX_glyc3p_e', 'EX_gthrd_e', 'EX_orn_e', 'EX_hxan_e', 'EX_ile__L_e', 'EX_pro__L_e', 'EX_ura_e', 'EX_val__L_e', 'EX_thr__L_e']","['ACOAD6f', 'ACOAD7f', 'ASNt2rpp', 'FACOAL161t2pp', 'GLYK', 'CTECOAI7', 'G3PD2', 'G6PDH2r', 'PGL', 'PGI', 'PPM', 'RPI', 'TALA', 'TKT1', 'TKT2']",RPE,GND,2.9765837447969297,1,192,15,-30.0,-0.7383024693235573,iPC815,PSL,True,False,-19.5423912498236,0.0,0.0,0.0
172,"['ACOAD1f', 'ACOAD2f', 'ACOAD3f', 'ACOAD4f', 'ACOAD5f', 'ACOAD6f', 'ACOAD7f', 'ACOATA', 'ADEt2rpp', 'ADEtex', 'ADPT', 'ASAD', 'ALATA_L2', 'ASPK', 'CS', 'CHORM', 'DCTPD', 'FA120ACPHi', 'FACOAE120', 'FACOAL140t2pp', 'FACOAL160t2pp', 'FACOAL181t2pp', 'FADRx', 'ECOAH1', 'ECOAH2', 'ECOAH3', 'ECOAH4', 'ECOAH5', 'ECOAH6', 'ECOAH7', 'ECOAH8', 'GLUSy', 'HACD1i', 'HACD2i', 'HACD3i', 'HACD4i', 'HACD5i', 'HACD6i', 'HACD7i', 'GLYCLTDy', 'HACD8i', 'GMPR', 'GND', 'HOMt2pp', 'HOMtex', 'ILEtex', 'HSDy', 'ILEabcpp', 'KAT1', 'LPLIPAL1E181pp', 'ACACT11', 'ACACT8', 'ACACT13', 'ACACT10', 'ACACT9', 'LPLIPAL1G140pp', 'LPLIPAL1G160pp', 'LPLIPAL1G161pp', 'LPLIPAL1G181pp', 'ACACT12', 'ACACT8r', 'LEUabcpp', 'LEUtex', 'LPLIPAL1E140pp', 'LPLIPAL1E160pp', 'LPLIPAL1E161pp', 'MACPD', 'G3PEtex', 'NADPHQR2', 'G3PGtex', 'NDPK6', 'G6PDA', 'ORNabcpp', 'G6PDH2r', 'ORNtex', 'P5CD', 'NTPP2', 'NTPP6', 'NTPP7', 'NTPP8', 'CTECOAI8', 'PLIPA2E140pp', 'PLIPA2E160pp', 'PLIPA2E161pp', 'PLIPA2E181pp', 'PGL', 'PLIPA2G140pp', 'PFL', 'PLIPA2G160pp', 'PLIPA2G161pp', 'PLIPA2G181pp', 'PGCD', 'PGI', 'PPA', 'PPC', 'PSERT', 'PSP_L', 'PPND', 'PPPGO', 'PPPGO3', 'PYAM5PO', 'PROabcpp', 'PROtex', 'RNDR4', 'RPE', 'RPI', 'RNDR2', 'RNDR3', 'TALA', 'THD2pp', 'THIORDXi', 'THRabcpp', 'THRtex', 'TKT1', 'TKT2', 'TYRTA', 'TRPt2rpp', 'TRPtex', 'PIuabcpp', 'VALabcpp', 'VALtex', 'EX_ade_e', 'EX_g3pe_e', 'EX_g3pg_e', 'EX_leu__L_e', 'EX_trp__L_e', 'EX_orn_e', 'EX_hom__L_e', 'EX_ile__L_e', 'EX_pro__L_e', 'EX_val__L_e', 'EX_thr__L_e']","[0.00018020802679075132, 0.00018020802679075132, 0.00018020802679075132, 0.00018020802679075132, 0.00018020802679075132, 0.0001559130450914381, 9.821246351293667e-05, -2.4294981699313212e-05, 0.0003603735369779315, 0.0003603735369779315, 0.00034974448253213635, -0.0077917734497532365, 0.00015214732287982188, 0.0077917734497532365, -0.08456786375988357, -0.00019739672629118243, 1.4094126359841946e-05, 2.4294981697375526e-05, -2.4294981697375526e-05, 2.5509730782244562e-05, 7.440338144821396e-05, 2.3809082063428388e-05, -0.0011551656422560269, -0.00018020802679075132, -0.00018020802679075132, -0.00018020802679075132, -0.00018020802679075132, -0.00018020802679075132, -0.0001559130450914381, -0.0001304033143014749, -2.3809082108527946e-05, 0.004020209583137757, 0.00018020802674029214, 0.00018020802674029214, 0.00018020802674029214, 0.00018020802674029214, 0.00018020802674029214, 0.00015591304504291662, 0.00013040331426067206, 7.592181780436552e-05, 2.3809082063428388e-05, 0.0004227478658979794, 0.28103321374558954, 0.007791773449783407, -0.0077917734497532365, -0.0005921901788497053, -0.0077917734497532365, -0.0005921901788735473, 0.00018020802674029214, 8.199556322864478e-06, 0.00018020802674029214, 0.00018020802674029214, 0.00018020802674029214, 0.00018020802674029214, 0.00015591304504291662, 3.94793452582361e-06, 1.138827267064494e-05, 5.010839975086293e-06, 3.7049847088497156e-06, 0.00013040331426067206, 2.3809082063428388e-05, -0.001047721085699338, -0.0010477210856834063, 8.80693086529878e-06, 2.5813418053462038e-05, 1.1084585399427464e-05, 2.42949816977589e-05, -5.3904490641798475e-05, 0.09070391542822165, -2.405203190392058e-05, -1.4094126413510821e-05, 1.8221236273031644e-05, -0.0004433834159771055, 0.2810332137455589, -0.000443383415927201, -0.006880955546643752, 0.0004227478658979794, 0.0027001523820803786, 3.7505377995324454e-05, 0.0004511547733381388, 2.3809082063428388e-05, 8.80693086529878e-06, 2.5813418053462038e-05, 1.1084585399427464e-05, 8.199556322864478e-06, 0.28103321374558954, 3.94793452582361e-06, 8.659642538764827e-05, 1.138827267064494e-05, 5.010839975086293e-06, 3.7049847088497156e-06, -0.003363548114737158, -0.2752066644364959, -4.1515567984237115e-05, -0.08045064707301802, -0.003363548114737158, -0.003363548114737158, -0.00019739672629118243, -9.029634864251891e-05, 9.029634864251891e-05, 0.00015214732287982188, -0.00736685518059127, -0.007366855180634957, -5.15995043551664e-05, 0.1885030153965772, -0.09254237620848471, -3.856828344458475e-05, -2.4474157084742806e-05, 0.09407392782327406, -0.00403387868693202, 0.00015214732287982188, -0.0005770058153126839, -0.0005770058153302671, 0.09404963284157475, 0.09445338255511615, 0.0001973967263211307, 2.5659060952420987e-05, 2.5659060952420987e-05, -0.001165228321010181, -0.000759307765787758, -0.0007593077657475078, -0.00036037353702473847, 5.390449064105276e-05, 2.405203188040456e-05, 0.001047721085699338, -2.5659060897794544e-05, 0.0004433834159771055, 0.007791773449783407, 0.0005921901788735473, 0.00736685518059127, 0.000759307765787758, 0.0005770058153126839]","[0.00018020802679075132, 0.00018020802679075132, 0.00018020802679075132, 0.00018020802679075132, 0.00018020802679075132, 0.0001559130450914381, 9.821246351293667e-05, 2.4294981699313212e-05, 0.0003603735369779315, 0.0003603735369779315, 0.00034974448253213635, 0.0077917734497532365, 0.00015214732287982188, 0.0077917734497532365, 0.08456786375988357, 0.00019739672629118243, 1.4094126359841946e-05, 2.4294981697375526e-05, 2.4294981697375526e-05, 2.5509730782244562e-05, 7.440338144821396e-05, 2.3809082063428388e-05, 0.0011551656422560269, 0.00018020802679075132, 0.00018020802679075132, 0.00018020802679075132, 0.00018020802679075132, 0.00018020802679075132, 0.0001559130450914381, 0.0001304033143014749, 2.3809082108527946e-05, 0.004020209583137757, 0.00018020802674029214, 0.00018020802674029214, 0.00018020802674029214, 0.00018020802674029214, 0.00018020802674029214, 0.00015591304504291662, 0.00013040331426067206, 7.592181780436552e-05, 2.3809082063428388e-05, 0.0004227478658979794, 0.28103321374558954, 0.007791773449783407, 0.0077917734497532365, 0.0005921901788497053, 0.0077917734497532365, 0.0005921901788735473, 0.00018020802674029214, 8.199556322864478e-06, 0.00018020802674029214, 0.00018020802674029214, 0.00018020802674029214, 0.00018020802674029214, 0.00015591304504291662, 3.94793452582361e-06, 1.138827267064494e-05, 5.010839975086293e-06, 3.7049847088497156e-06, 0.00013040331426067206, 2.3809082063428388e-05, 0.001047721085699338, 0.0010477210856834063, 8.80693086529878e-06, 2.5813418053462038e-05, 1.1084585399427464e-05, 2.42949816977589e-05, 5.3904490641798475e-05, 0.09070391542822165, 2.405203190392058e-05, 1.4094126413510821e-05, 1.8221236273031644e-05, 0.0004433834159771055, 0.2810332137455589, 0.000443383415927201, 0.006880955546643752, 0.0004227478658979794, 0.0027001523820803786, 3.7505377995324454e-05, 0.0004511547733381388, 2.3809082063428388e-05, 8.80693086529878e-06, 2.5813418053462038e-05, 1.1084585399427464e-05, 8.199556322864478e-06, 0.28103321374558954, 3.94793452582361e-06, 8.659642538764827e-05, 1.138827267064494e-05, 5.010839975086293e-06, 3.7049847088497156e-06, 0.003363548114737158, 0.2752066644364959, 4.1515567984237115e-05, 0.08045064707301802, 0.003363548114737158, 0.003363548114737158, 0.00019739672629118243, 9.029634864251891e-05, 9.029634864251891e-05, 0.00015214732287982188, 0.00736685518059127, 0.007366855180634957, 5.15995043551664e-05, 0.1885030153965772, 0.09254237620848471, 3.856828344458475e-05, 2.4474157084742806e-05, 0.09407392782327406, 0.00403387868693202, 0.00015214732287982188, 0.0005770058153126839, 0.0005770058153302671, 0.09404963284157475, 0.09445338255511615, 0.0001973967263211307, 2.5659060952420987e-05, 2.5659060952420987e-05, 0.001165228321010181, 0.000759307765787758, 0.0007593077657475078, 0.00036037353702473847, 5.390449064105276e-05, 2.405203188040456e-05, 0.001047721085699338, 2.5659060897794544e-05, 0.0004433834159771055, 0.007791773449783407, 0.0005921901788735473, 0.00736685518059127, 0.000759307765787758, 0.0005770058153126839]","['ADEt2rpp', 'ADEtex', 'CS', 'CHORM', 'FACOAE120', 'FADRx', 'ILEabcpp', 'LEUabcpp', 'ORNabcpp', 'P5CD', 'PGCD', 'PPA', 'PPC', 'PSERT', 'PSP_L', 'PPND', 'PPPGO', 'PROabcpp', 'RNDR4', 'RPE', 'RNDR2', 'RNDR3', 'THD2pp', 'THRabcpp', 'TYRTA', 'TRPt2rpp', 'TRPtex', 'PIuabcpp', 'VALabcpp', 'EX_ade_e', 'EX_trp__L_e']","['ACOAD1f', 'ACOAD2f', 'ACOAD3f', 'ACOAD4f', 'ACOAD5f', 'ACOAD6f', 'ACOATA', 'ADPT', 'ASAD', 'ALATA_L2', 'ASPK', 'DCTPD', 'FA120ACPHi', 'FACOAL140t2pp', 'FACOAL160t2pp', 'FACOAL181t2pp', 'ECOAH1', 'ECOAH2', 'ECOAH3', 'ECOAH4', 'ECOAH5', 'ECOAH6', 'ECOAH7', 'ECOAH8', 'GLUSy', 'HACD1i', 'HACD2i', 'HACD3i', 'HACD4i', 'HACD5i', 'HACD6i', 'HACD7i', 'GLYCLTDy', 'HACD8i', 'GMPR', 'GND', 'HOMt2pp', 'HOMtex', 'ILEtex', 'HSDy', 'KAT1', 'LPLIPAL1E181pp', 'ACACT11', 'ACACT8', 'ACACT13', 'ACACT10', 'ACACT9', 'LPLIPAL1G140pp', 'LPLIPAL1G160pp', 'LPLIPAL1G161pp', 'LPLIPAL1G181pp', 'ACACT12', 'ACACT8r', 'LEUtex', 'LPLIPAL1E140pp', 'LPLIPAL1E160pp', 'LPLIPAL1E161pp', 'MACPD', 'G3PEtex', 'NADPHQR2', 'G3PGtex', 'NDPK6', 'G6PDA', 'G6PDH2r', 'ORNtex', 'NTPP2', 'NTPP6', 'NTPP7', 'NTPP8', 'CTECOAI8', 'PLIPA2E140pp', 'PLIPA2E160pp', 'PLIPA2E161pp', 'PLIPA2E181pp', 'PGL', 'PLIPA2G140pp', 'PFL', 'PLIPA2G160pp', 'PLIPA2G161pp', 'PLIPA2G181pp', 'PPPGO3', 'PYAM5PO', 'PROtex', 'THIORDXi', 'THRtex', 'VALtex', 'EX_g3pe_e', 'EX_g3pg_e', 'EX_leu__L_e', 'EX_orn_e', 'EX_hom__L_e', 'EX_ile__L_e', 'EX_pro__L_e', 'EX_val__L_e', 'EX_thr__L_e']","['ACOAD7f', 'PGI', 'RPI', 'TALA', 'TKT1', 'TKT2']",RPE,G6PDH2r,3.7843716750643384,1,132,6,-36.0,-0.8497473254968066,iPC815,PSL,True,False,-19.5423912498236,0.0,0.0,0.0
173,"['ACOAD1f', 'ACOAD2f', 'ACOAD3f', 'ACOAD4f', 'ACOAD5f', 'ACOAD6f', 'ACOAD7f', 'ACOATA', 'ADEt2rpp', 'ADEtex', 'ADPT', 'ASAD', 'ALATA_L2', 'ASPK', 'CS', 'CHORM', 'DCTPD', 'FA120ACPHi', 'FACOAE120', 'FACOAL140t2pp', 'FACOAL160t2pp', 'FACOAL181t2pp', 'FADRx', 'ECOAH1', 'ECOAH2', 'ECOAH3', 'ECOAH4', 'ECOAH5', 'ECOAH6', 'ECOAH7', 'ECOAH8', 'GLUSy', 'HACD1i', 'HACD2i', 'HACD3i', 'HACD4i', 'HACD5i', 'HACD6i', 'HACD7i', 'GLYCLTDy', 'HACD8i', 'GMPR', 'GND', 'HOMt2pp', 'HOMtex', 'ILEtex', 'HSDy', 'ILEabcpp', 'KAT1', 'LPLIPAL1E181pp', 'ACACT11', 'ACACT8', 'ACACT13', 'ACACT10', 'ACACT9', 'LPLIPAL1G140pp', 'LPLIPAL1G160pp', 'LPLIPAL1G161pp', 'LPLIPAL1G181pp', 'ACACT12', 'ACACT8r', 'LEUabcpp', 'LEUtex', 'LPLIPAL1E140pp', 'LPLIPAL1E160pp', 'LPLIPAL1E161pp', 'MACPD', 'G3PEtex', 'NADPHQR2', 'G3PGtex', 'NDPK6', 'G6PDA', 'ORNabcpp', 'G6PDH2r', 'ORNtex', 'P5CD', 'NTPP2', 'NTPP6', 'NTPP7', 'NTPP8', 'CTECOAI8', 'PLIPA2E140pp', 'PLIPA2E160pp', 'PLIPA2E161pp', 'PLIPA2E181pp', 'PGL', 'PLIPA2G140pp', 'PFL', 'PLIPA2G160pp', 'PLIPA2G161pp', 'PLIPA2G181pp', 'PGCD', 'PGI', 'PPA', 'PPC', 'PSERT', 'PSP_L', 'PPND', 'PPPGO', 'PPPGO3', 'PYAM5PO', 'PROabcpp', 'PROtex', 'RNDR4', 'RPE', 'RPI', 'RNDR2', 'RNDR3', 'TALA', 'THD2pp', 'THIORDXi', 'THRabcpp', 'THRtex', 'TKT1', 'TKT2', 'TYRTA', 'TRPt2rpp', 'TRPtex', 'PIuabcpp', 'VALabcpp', 'VALtex', 'EX_ade_e', 'EX_g3pe_e', 'EX_g3pg_e', 'EX_leu__L_e', 'EX_trp__L_e', 'EX_orn_e', 'EX_hom__L_e', 'EX_ile__L_e', 'EX_pro__L_e', 'EX_val__L_e', 'EX_thr__L_e']","[0.00018020802679075132, 0.00018020802679075132, 0.00018020802679075132, 0.00018020802679075132, 0.00018020802679075132, 0.0001559130450914381, 9.821246351293667e-05, -2.4294981699313212e-05, 0.0003603735369779315, 0.0003603735369779315, 0.00034974448253213635, -0.0077917734497532365, 0.00015214732287982188, 0.0077917734497532365, -0.08456786375988357, -0.00019739672629118243, 1.4094126359841946e-05, 2.4294981697375526e-05, -2.4294981697375526e-05, 2.5509730782244562e-05, 7.440338144821396e-05, 2.3809082063428388e-05, -0.0011551656422560269, -0.00018020802679075132, -0.00018020802679075132, -0.00018020802679075132, -0.00018020802679075132, -0.00018020802679075132, -0.0001559130450914381, -0.0001304033143014749, -2.3809082108527946e-05, 0.004020209583137757, 0.00018020802674029214, 0.00018020802674029214, 0.00018020802674029214, 0.00018020802674029214, 0.00018020802674029214, 0.00015591304504291662, 0.00013040331426067206, 7.592181780436552e-05, 2.3809082063428388e-05, 0.0004227478658979794, 0.28103321374558954, 0.007791773449783407, -0.0077917734497532365, -0.0005921901788497053, -0.0077917734497532365, -0.0005921901788735473, 0.00018020802674029214, 8.199556322864478e-06, 0.00018020802674029214, 0.00018020802674029214, 0.00018020802674029214, 0.00018020802674029214, 0.00015591304504291662, 3.94793452582361e-06, 1.138827267064494e-05, 5.010839975086293e-06, 3.7049847088497156e-06, 0.00013040331426067206, 2.3809082063428388e-05, -0.001047721085699338, -0.0010477210856834063, 8.80693086529878e-06, 2.5813418053462038e-05, 1.1084585399427464e-05, 2.42949816977589e-05, -5.3904490641798475e-05, 0.09070391542822165, -2.405203190392058e-05, -1.4094126413510821e-05, 1.8221236273031644e-05, -0.0004433834159771055, 0.2810332137455589, -0.000443383415927201, -0.006880955546643752, 0.0004227478658979794, 0.0027001523820803786, 3.7505377995324454e-05, 0.0004511547733381388, 2.3809082063428388e-05, 8.80693086529878e-06, 2.5813418053462038e-05, 1.1084585399427464e-05, 8.199556322864478e-06, 0.28103321374558954, 3.94793452582361e-06, 8.659642538764827e-05, 1.138827267064494e-05, 5.010839975086293e-06, 3.7049847088497156e-06, -0.003363548114737158, -0.2752066644364959, -4.1515567984237115e-05, -0.08045064707301802, -0.003363548114737158, -0.003363548114737158, -0.00019739672629118243, -9.029634864251891e-05, 9.029634864251891e-05, 0.00015214732287982188, -0.00736685518059127, -0.007366855180634957, -5.15995043551664e-05, 0.1885030153965772, -0.09254237620848471, -3.856828344458475e-05, -2.4474157084742806e-05, 0.09407392782327406, -0.00403387868693202, 0.00015214732287982188, -0.0005770058153126839, -0.0005770058153302671, 0.09404963284157475, 0.09445338255511615, 0.0001973967263211307, 2.5659060952420987e-05, 2.5659060952420987e-05, -0.001165228321010181, -0.000759307765787758, -0.0007593077657475078, -0.00036037353702473847, 5.390449064105276e-05, 2.405203188040456e-05, 0.001047721085699338, -2.5659060897794544e-05, 0.0004433834159771055, 0.007791773449783407, 0.0005921901788735473, 0.00736685518059127, 0.000759307765787758, 0.0005770058153126839]","[0.00018020802679075132, 0.00018020802679075132, 0.00018020802679075132, 0.00018020802679075132, 0.00018020802679075132, 0.0001559130450914381, 9.821246351293667e-05, 2.4294981699313212e-05, 0.0003603735369779315, 0.0003603735369779315, 0.00034974448253213635, 0.0077917734497532365, 0.00015214732287982188, 0.0077917734497532365, 0.08456786375988357, 0.00019739672629118243, 1.4094126359841946e-05, 2.4294981697375526e-05, 2.4294981697375526e-05, 2.5509730782244562e-05, 7.440338144821396e-05, 2.3809082063428388e-05, 0.0011551656422560269, 0.00018020802679075132, 0.00018020802679075132, 0.00018020802679075132, 0.00018020802679075132, 0.00018020802679075132, 0.0001559130450914381, 0.0001304033143014749, 2.3809082108527946e-05, 0.004020209583137757, 0.00018020802674029214, 0.00018020802674029214, 0.00018020802674029214, 0.00018020802674029214, 0.00018020802674029214, 0.00015591304504291662, 0.00013040331426067206, 7.592181780436552e-05, 2.3809082063428388e-05, 0.0004227478658979794, 0.28103321374558954, 0.007791773449783407, 0.0077917734497532365, 0.0005921901788497053, 0.0077917734497532365, 0.0005921901788735473, 0.00018020802674029214, 8.199556322864478e-06, 0.00018020802674029214, 0.00018020802674029214, 0.00018020802674029214, 0.00018020802674029214, 0.00015591304504291662, 3.94793452582361e-06, 1.138827267064494e-05, 5.010839975086293e-06, 3.7049847088497156e-06, 0.00013040331426067206, 2.3809082063428388e-05, 0.001047721085699338, 0.0010477210856834063, 8.80693086529878e-06, 2.5813418053462038e-05, 1.1084585399427464e-05, 2.42949816977589e-05, 5.3904490641798475e-05, 0.09070391542822165, 2.405203190392058e-05, 1.4094126413510821e-05, 1.8221236273031644e-05, 0.0004433834159771055, 0.2810332137455589, 0.000443383415927201, 0.006880955546643752, 0.0004227478658979794, 0.0027001523820803786, 3.7505377995324454e-05, 0.0004511547733381388, 2.3809082063428388e-05, 8.80693086529878e-06, 2.5813418053462038e-05, 1.1084585399427464e-05, 8.199556322864478e-06, 0.28103321374558954, 3.94793452582361e-06, 8.659642538764827e-05, 1.138827267064494e-05, 5.010839975086293e-06, 3.7049847088497156e-06, 0.003363548114737158, 0.2752066644364959, 4.1515567984237115e-05, 0.08045064707301802, 0.003363548114737158, 0.003363548114737158, 0.00019739672629118243, 9.029634864251891e-05, 9.029634864251891e-05, 0.00015214732287982188, 0.00736685518059127, 0.007366855180634957, 5.15995043551664e-05, 0.1885030153965772, 0.09254237620848471, 3.856828344458475e-05, 2.4474157084742806e-05, 0.09407392782327406, 0.00403387868693202, 0.00015214732287982188, 0.0005770058153126839, 0.0005770058153302671, 0.09404963284157475, 0.09445338255511615, 0.0001973967263211307, 2.5659060952420987e-05, 2.5659060952420987e-05, 0.001165228321010181, 0.000759307765787758, 0.0007593077657475078, 0.00036037353702473847, 5.390449064105276e-05, 2.405203188040456e-05, 0.001047721085699338, 2.5659060897794544e-05, 0.0004433834159771055, 0.007791773449783407, 0.0005921901788735473, 0.00736685518059127, 0.000759307765787758, 0.0005770058153126839]","['ADEt2rpp', 'ADEtex', 'CS', 'CHORM', 'FACOAE120', 'FADRx', 'ILEabcpp', 'LEUabcpp', 'ORNabcpp', 'P5CD', 'PGCD', 'PPA', 'PPC', 'PSERT', 'PSP_L', 'PPND', 'PPPGO', 'PROabcpp', 'RNDR4', 'RPE', 'RNDR2', 'RNDR3', 'THD2pp', 'THRabcpp', 'TYRTA', 'TRPt2rpp', 'TRPtex', 'PIuabcpp', 'VALabcpp', 'EX_ade_e', 'EX_trp__L_e']","['ACOAD1f', 'ACOAD2f', 'ACOAD3f', 'ACOAD4f', 'ACOAD5f', 'ACOAD6f', 'ACOATA', 'ADPT', 'ASAD', 'ALATA_L2', 'ASPK', 'DCTPD', 'FA120ACPHi', 'FACOAL140t2pp', 'FACOAL160t2pp', 'FACOAL181t2pp', 'ECOAH1', 'ECOAH2', 'ECOAH3', 'ECOAH4', 'ECOAH5', 'ECOAH6', 'ECOAH7', 'ECOAH8', 'GLUSy', 'HACD1i', 'HACD2i', 'HACD3i', 'HACD4i', 'HACD5i', 'HACD6i', 'HACD7i', 'GLYCLTDy', 'HACD8i', 'GMPR', 'GND', 'HOMt2pp', 'HOMtex', 'ILEtex', 'HSDy', 'KAT1', 'LPLIPAL1E181pp', 'ACACT11', 'ACACT8', 'ACACT13', 'ACACT10', 'ACACT9', 'LPLIPAL1G140pp', 'LPLIPAL1G160pp', 'LPLIPAL1G161pp', 'LPLIPAL1G181pp', 'ACACT12', 'ACACT8r', 'LEUtex', 'LPLIPAL1E140pp', 'LPLIPAL1E160pp', 'LPLIPAL1E161pp', 'MACPD', 'G3PEtex', 'NADPHQR2', 'G3PGtex', 'NDPK6', 'G6PDA', 'G6PDH2r', 'ORNtex', 'NTPP2', 'NTPP6', 'NTPP7', 'NTPP8', 'CTECOAI8', 'PLIPA2E140pp', 'PLIPA2E160pp', 'PLIPA2E161pp', 'PLIPA2E181pp', 'PGL', 'PLIPA2G140pp', 'PFL', 'PLIPA2G160pp', 'PLIPA2G161pp', 'PLIPA2G181pp', 'PPPGO3', 'PYAM5PO', 'PROtex', 'THIORDXi', 'THRtex', 'VALtex', 'EX_g3pe_e', 'EX_g3pg_e', 'EX_leu__L_e', 'EX_orn_e', 'EX_hom__L_e', 'EX_ile__L_e', 'EX_pro__L_e', 'EX_val__L_e', 'EX_thr__L_e']","['ACOAD7f', 'PGI', 'RPI', 'TALA', 'TKT1', 'TKT2']",RPE,PGL,3.7843716750643384,1,132,6,-36.0,-0.8497473254968066,iPC815,PSL,True,False,-19.5423912498236,0.0,0.0,0.001644638611046
174,"['GALKr', 'GLCabcpp', 'GLCP', 'ACOAD1f', 'ACOAD2f', 'ACOAD3f', 'ACOAD4f', 'ACOAD5f', 'ACOAD6f', 'ACOAD7f', 'ADEt2rpp', 'ADEtex', '4PEPTtex', 'AMPN', 'AGM4PApp', 'ANHGMtex', 'ARGabcpp', 'ARGtex', 'ALAALAr', 'ALAR', 'ASNt2rpp', 'ASNtex', 'ALATA_L2', 'ASPabcpp', 'ASPT', 'ASPtex', 'AST', 'CS', 'CHORM', 'DALAt2pp', 'DAPDC', 'FA120ACPHi', 'FACOAL140t2pp', 'FACOAL160t2pp', 'FACOAL161t2pp', 'FACOAL181t2pp', 'FADRx', 'ECOAH1', 'ECOAH2', 'ECOAH3', 'ECOAH4', 'ECOAH5', 'ECOAH6', 'ECOAH7', 'ECOAH8', 'EDA', 'EDD', 'GLUCYS', 'GLUR', 'GLUSy', 'FRD2', 'GLYC3Pabcpp', 'GLYC3Ptex', 'HACD1i', 'HACD2i', 'HACD3i', 'HACD4i', 'HACD5i', 'HACD6i', 'HACD7i', 'GLYCLTDy', 'HACD8i', 'GMPR', 'GND', 'CTECOAI7', 'HEX1', 'GPDDA4', 'GTHRDabc2pp', 'GTHRDtex', 'GTHS', 'ILEtex', 'ILEabcpp', 'KAT1', 'LPLIPAL1E181pp', 'ACACT11', 'ACACT8', 'ACACT13', 'ACACT10', 'ACACT9', 'LPLIPAL1G160pp', 'ACACT12', 'ACACT8r', 'LACZpp', 'LCTStex', 'LEUabcpp', 'LEUtex', 'LPLIPAL1E140pp', 'LPLIPAL1E160pp', 'LPLIPAL1E161pp', 'G3PEtex', 'G3PGabcpp', 'NADPHQR3', 'G3PGtex', 'NDPK5', 'NDPK7', 'NDPK8', 'ORNabcpp', 'G6PDH2r', 'ORNtex', 'P5CD', 'NTPP2', 'NTPP7', 'NTPP8', 'GALabcpp', 'CTECOAI8', 'PAPPT3', 'PLIPA2E140pp', 'PLIPA2E160pp', 'PLIPA2E161pp', 'PLIPA2E181pp', 'PGL', 'PFL', 'PLIPA2G160pp', 'PPA', 'PPND', 'PPPGO', 'PPPGO3', 'PYAM5PO', 'PYNP2r', 'PROabcpp', 'PROtex', 'RNDR4', 'RNDR1', 'RPE', 'SADH', 'RNDR2', 'RNDR3', 'TALA', 'SGDS', 'SGSAD', 'THIORDXi', 'SOTA', 'THRabcpp', 'THRtex', 'TKT1', 'TKT2', 'TYRTA', 'UAAGDS', 'TRPt2rpp', 'TRPtex', 'UAGCVT', 'UAGPT3', 'UAMAGS', 'UAMAS', 'UAPGR', 'UDCPDP', 'UDPG4E', 'UGLT', 'UGMDDS', 'UPPRT', 'URAt2pp_copy2', 'URAtex', 'URIK2', 'VALabcpp', 'VALtex', 'EX_LalaDgluMdapDala_e', 'EX_ade_e', 'EX_anhgm_e', 'EX_arg__L_e', 'EX_asn__L_e', 'EX_asp__L_e', 'EX_g3pe_e', 'EX_g3pg_e', 'EX_lcts_e', 'EX_leu__L_e', 'EX_trp__L_e', 'EX_glyc3p_e', 'EX_gthrd_e', 'EX_orn_e', 'EX_ile__L_e', 'EX_pro__L_e', 'EX_ura_e', 'EX_val__L_e', 'EX_thr__L_e']","[2.445629456815368e-05, 2.4456294606123308e-05, -3.2841553621668074e-05, -2.5309321927124984e-05, -2.5309321927124984e-05, -2.5309321927124984e-05, -2.5309321927124984e-05, -2.5309321927124984e-05, -2.1897212604926608e-05, -1.3793452467325551e-05, 0.00010191736441811372, 0.00010191736441811372, 1.279541038456955e-06, -0.00010341016228543332, -1.2795410501946361e-06, 1.279541038456955e-06, 0.00015948367159651644, 0.00015948367160945054, -1.279541038456955e-06, -1.279541038456955e-06, 5.544677878788207e-05, 5.544677878788207e-05, -2.1368335538254207e-05, 8.92716825020845e-05, -0.011206454953334263, 8.927168255468132e-05, 0.00010275735170456324, 0.011264083798927516, -5.54569000170077e-06, -1.2795410501946361e-06, 1.2795410501946361e-06, -3.4121094671484e-06, -3.582714940544938e-06, -1.0449585243259285e-05, -4.521045044021416e-06, -3.3438672778426937e-06, 0.00016223727489085574, 2.5309321927124984e-05, 2.5309321927124984e-05, 2.5309321927124984e-05, 2.5309321927124984e-05, 2.5309321927124984e-05, 2.189721249123977e-05, 1.831449753808556e-05, 3.343867319927085e-06, 0.011535721794820625, 0.011535721794820625, -1.558033159778517e-05, 1.279541038456955e-06, -0.00012171826185725099, -0.011549745301380199, 0.00013488063398803263, 0.00013488063393651828, -2.5309321972818298e-05, -2.5309321972818298e-05, -2.5309321972818298e-05, -2.5309321972818298e-05, -2.5309321972818298e-05, -2.189721250566573e-05, -1.8314497565120793e-05, -1.0662842084946736e-05, -3.3438672778426937e-06, -5.937283729745557e-05, -0.03497917771181705, -4.521045044021416e-06, 2.4456294606123308e-05, 2.876989471187392e-05, -1.558033159778517e-05, 1.5580331591991126e-05, -1.558033159778517e-05, 8.317016829550994e-05, 8.317016826267509e-05, -2.5309321972818298e-05, -1.6719336389213468e-06, -2.5309321972818298e-05, -2.5309321972818298e-05, -2.5309321972818298e-05, -2.5309321972818298e-05, -2.189721250566573e-05, -1.599426312743485e-06, -1.8314497565120793e-05, -3.3438672778426937e-06, 2.4456294606053702e-05, 2.445629456815368e-05, 0.0001471472207724145, 0.00014714722078679188, -1.2368896818550426e-06, -3.6253663088852903e-06, -1.5567749444035661e-06, 8.090964570328651e-06, 2.876989471187392e-05, -0.011549745301380199, 3.16275363729801e-05, 5.416723752205144e-06, 5.416723752205144e-06, 5.267443953016482e-06, 5.544677884178167e-06, -0.02344345591700403, 5.544677833313472e-06, 0.00033785955752421715, -5.937283729745557e-05, -5.267443989969561e-06, -6.179308928308687e-05, 2.4456294606053702e-05, -3.3438672778426937e-06, -1.2795410501946361e-06, -1.2368896818550426e-06, -3.6253663088852903e-06, -1.5567749444035661e-06, -1.6719336389213468e-06, -0.023443455916996425, -1.2162037682091412e-05, -1.599426312743485e-06, 0.00011437561521662125, -5.54569000170077e-06, 1.2681673520847375e-05, -1.2681673520847375e-05, -2.1368335538254207e-05, -3.919874006896862e-05, 0.0004061017468679484, 0.00040610174687572, 5.267443989969561e-06, 5.267443989969561e-06, -0.023454622045278484, 0.00010275735170456324, 5.41672377915841e-06, 5.41672377915841e-06, -0.011726458501357229, 0.00010275735170456324, 0.00010275735170456324, -2.1368335538254207e-05, 0.00010275735170456324, 8.103759984567915e-05, 8.103759989808168e-05, -0.011723046391807657, -0.011731575653470827, 5.545689987229707e-06, -1.2795410501946361e-06, 1.1302612620056607e-05, 1.1302612620056607e-05, -1.2795410501946361e-06, -1.2795410501946361e-06, -1.2795410501946361e-06, -1.2795410501946361e-06, -1.2795410501946361e-06, -1.2795410501946361e-06, -2.445629456815368e-05, 2.445629456815368e-05, -1.2795410501946361e-06, 2.7998490787398134e-05, 6.719723080550466e-05, 6.719723080550466e-05, 3.820901511886188e-05, 0.00010664100300329666, 0.00010664100295798562, -1.2795410501946361e-06, -0.0001019173643935392, -1.2795410501946361e-06, -0.00015948367159651644, -5.5446778841783395e-05, -8.92716825020845e-05, -8.090964574065246e-06, -3.16275363906423e-05, -2.4456294606053702e-05, -0.0001471472207724145, -1.1302612610055926e-05, -0.00013488063398803263, -1.558033159778517e-05, -5.544677884178167e-06, -8.317016826267509e-05, -0.0004061017468679484, -6.719723086014151e-05, -0.00010664100300329666, -8.103759984567915e-05]","[2.445629456815368e-05, 2.4456294606123308e-05, 3.2841553621668074e-05, 2.5309321927124984e-05, 2.5309321927124984e-05, 2.5309321927124984e-05, 2.5309321927124984e-05, 2.5309321927124984e-05, 2.1897212604926608e-05, 1.3793452467325551e-05, 0.00010191736441811372, 0.00010191736441811372, 1.279541038456955e-06, 0.00010341016228543332, 1.2795410501946361e-06, 1.279541038456955e-06, 0.00015948367159651644, 0.00015948367160945054, 1.279541038456955e-06, 1.279541038456955e-06, 5.544677878788207e-05, 5.544677878788207e-05, 2.1368335538254207e-05, 8.92716825020845e-05, 0.011206454953334263, 8.927168255468132e-05, 0.00010275735170456324, 0.011264083798927516, 5.54569000170077e-06, 1.2795410501946361e-06, 1.2795410501946361e-06, 3.4121094671484e-06, 3.582714940544938e-06, 1.0449585243259285e-05, 4.521045044021416e-06, 3.3438672778426937e-06, 0.00016223727489085574, 2.5309321927124984e-05, 2.5309321927124984e-05, 2.5309321927124984e-05, 2.5309321927124984e-05, 2.5309321927124984e-05, 2.189721249123977e-05, 1.831449753808556e-05, 3.343867319927085e-06, 0.011535721794820625, 0.011535721794820625, 1.558033159778517e-05, 1.279541038456955e-06, 0.00012171826185725099, 0.011549745301380199, 0.00013488063398803263, 0.00013488063393651828, 2.5309321972818298e-05, 2.5309321972818298e-05, 2.5309321972818298e-05, 2.5309321972818298e-05, 2.5309321972818298e-05, 2.189721250566573e-05, 1.8314497565120793e-05, 1.0662842084946736e-05, 3.3438672778426937e-06, 5.937283729745557e-05, 0.03497917771181705, 4.521045044021416e-06, 2.4456294606123308e-05, 2.876989471187392e-05, 1.558033159778517e-05, 1.5580331591991126e-05, 1.558033159778517e-05, 8.317016829550994e-05, 8.317016826267509e-05, 2.5309321972818298e-05, 1.6719336389213468e-06, 2.5309321972818298e-05, 2.5309321972818298e-05, 2.5309321972818298e-05, 2.5309321972818298e-05, 2.189721250566573e-05, 1.599426312743485e-06, 1.8314497565120793e-05, 3.3438672778426937e-06, 2.4456294606053702e-05, 2.445629456815368e-05, 0.0001471472207724145, 0.00014714722078679188, 1.2368896818550426e-06, 3.6253663088852903e-06, 1.5567749444035661e-06, 8.090964570328651e-06, 2.876989471187392e-05, 0.011549745301380199, 3.16275363729801e-05, 5.416723752205144e-06, 5.416723752205144e-06, 5.267443953016482e-06, 5.544677884178167e-06, 0.02344345591700403, 5.544677833313472e-06, 0.00033785955752421715, 5.937283729745557e-05, 5.267443989969561e-06, 6.179308928308687e-05, 2.4456294606053702e-05, 3.3438672778426937e-06, 1.2795410501946361e-06, 1.2368896818550426e-06, 3.6253663088852903e-06, 1.5567749444035661e-06, 1.6719336389213468e-06, 0.023443455916996425, 1.2162037682091412e-05, 1.599426312743485e-06, 0.00011437561521662125, 5.54569000170077e-06, 1.2681673520847375e-05, 1.2681673520847375e-05, 2.1368335538254207e-05, 3.919874006896862e-05, 0.0004061017468679484, 0.00040610174687572, 5.267443989969561e-06, 5.267443989969561e-06, 0.023454622045278484, 0.00010275735170456324, 5.41672377915841e-06, 5.41672377915841e-06, 0.011726458501357229, 0.00010275735170456324, 0.00010275735170456324, 2.1368335538254207e-05, 0.00010275735170456324, 8.103759984567915e-05, 8.103759989808168e-05, 0.011723046391807657, 0.011731575653470827, 5.545689987229707e-06, 1.2795410501946361e-06, 1.1302612620056607e-05, 1.1302612620056607e-05, 1.2795410501946361e-06, 1.2795410501946361e-06, 1.2795410501946361e-06, 1.2795410501946361e-06, 1.2795410501946361e-06, 1.2795410501946361e-06, 2.445629456815368e-05, 2.445629456815368e-05, 1.2795410501946361e-06, 2.7998490787398134e-05, 6.719723080550466e-05, 6.719723080550466e-05, 3.820901511886188e-05, 0.00010664100300329666, 0.00010664100295798562, 1.2795410501946361e-06, 0.0001019173643935392, 1.2795410501946361e-06, 0.00015948367159651644, 5.5446778841783395e-05, 8.92716825020845e-05, 8.090964574065246e-06, 3.16275363906423e-05, 2.4456294606053702e-05, 0.0001471472207724145, 1.1302612610055926e-05, 0.00013488063398803263, 1.558033159778517e-05, 5.544677884178167e-06, 8.317016826267509e-05, 0.0004061017468679484, 6.719723086014151e-05, 0.00010664100300329666, 8.103759984567915e-05]","['GLCabcpp', 'ARGabcpp', 'ASPabcpp', 'AST', 'CS', 'DAPDC', 'FADRx', 'EDA', 'EDD', 'GLYC3Pabcpp', 'HEX1', 'GPDDA4', 'ILEabcpp', 'LACZpp', 'LEUabcpp', 'G3PGabcpp', 'NDPK5', 'NDPK7', 'NDPK8', 'ORNabcpp', 'P5CD', 'GALabcpp', 'PPA', 'PPPGO', 'PROabcpp', 'RNDR4', 'RNDR1', 'RPE', 'SADH', 'RNDR2', 'RNDR3', 'SGDS', 'SGSAD', 'SOTA', 'THRabcpp', 'UPPRT', 'URIK2', 'VALabcpp']","['GALKr', 'GLCP', 'ACOAD1f', 'ACOAD2f', 'ACOAD3f', 'ACOAD4f', 'ACOAD5f', 'ACOAD7f', 'ADEt2rpp', 'ADEtex', '4PEPTtex', 'AMPN', 'AGM4PApp', 'ANHGMtex', 'ARGtex', 'ALAALAr', 'ALAR', 'ASNtex', 'ALATA_L2', 'ASPT', 'ASPtex', 'CHORM', 'DALAt2pp', 'FA120ACPHi', 'FACOAL140t2pp', 'FACOAL160t2pp', 'FACOAL161t2pp', 'FACOAL181t2pp', 'ECOAH1', 'ECOAH2', 'ECOAH3', 'ECOAH4', 'ECOAH5', 'ECOAH6', 'ECOAH7', 'ECOAH8', 'GLUCYS', 'GLUR', 'GLUSy', 'FRD2', 'GLYC3Ptex', 'HACD1i', 'HACD2i', 'HACD3i', 'HACD4i', 'HACD5i', 'HACD6i', 'HACD7i', 'GLYCLTDy', 'HACD8i', 'GMPR', 'CTECOAI7', 'GTHRDabc2pp', 'GTHRDtex', 'GTHS', 'ILEtex', 'KAT1', 'LPLIPAL1E181pp', 'ACACT11', 'ACACT8', 'ACACT13', 'ACACT10', 'ACACT9', 'LPLIPAL1G160pp', 'ACACT12', 'ACACT8r', 'LCTStex', 'LEUtex', 'LPLIPAL1E140pp', 'LPLIPAL1E160pp', 'LPLIPAL1E161pp', 'G3PEtex', 'NADPHQR3', 'ORNtex', 'NTPP2', 'NTPP7', 'NTPP8', 'CTECOAI8', 'PAPPT3', 'PLIPA2E140pp', 'PLIPA2E160pp', 'PLIPA2E161pp', 'PLIPA2E181pp', 'PFL', 'PLIPA2G160pp', 'PPND', 'PPPGO3', 'PYAM5PO', 'PROtex', 'TALA', 'THIORDXi', 'THRtex', 'TYRTA', 'UAAGDS', 'TRPt2rpp', 'TRPtex', 'UAGCVT', 'UAGPT3', 'UAMAGS', 'UAMAS', 'UAPGR', 'UDCPDP', 'UDPG4E', 'UGLT', 'UGMDDS', 'URAt2pp_copy2', 'URAtex', 'VALtex', 'EX_LalaDgluMdapDala_e', 'EX_ade_e', 'EX_anhgm_e', 'EX_arg__L_e', 'EX_asn__L_e', 'EX_asp__L_e', 'EX_g3pe_e', 'EX_lcts_e', 'EX_leu__L_e', 'EX_trp__L_e', 'EX_glyc3p_e', 'EX_gthrd_e', 'EX_orn_e', 'EX_ile__L_e', 'EX_pro__L_e', 'EX_ura_e', 'EX_val__L_e', 'EX_thr__L_e']","['ACOAD6f', 'ASNt2rpp', 'GND', 'G3PGtex', 'G6PDH2r', 'PGL', 'PYNP2r', 'TKT1', 'TKT2', 'EX_g3pg_e']",TALA,RPE,0.37028113224576004,1,174,10,30.0,0.13863247163921757,iPC815,PSL,True,True,-9.77057764190388,-19.5423912498236,0.0,0.0
175,[],[],[],[],[],[],SUCOAS,AKGDH,1.6162805995256768e-06,1,0,0,-0.0,-0.0,iPC815,PSL,True,False,-30.9886611330101,0.0,0.0,0.0
176,"['GALKr', 'GLCabcpp', 'GLCP', 'ACOAD1f', 'ACOAD2f', 'ACOAD3f', 'ACOAD4f', 'ACOAD5f', 'ACOAD6f', 'ACOAD7f', 'ADEt2rpp', 'ADEtex', '4PEPTtex', 'AMPN', 'AGM4PApp', 'ANHGMtex', 'ARGabcpp', 'ARGtex', 'ALAALAr', 'ALAR', 'ASNt2rpp', 'ASNtex', 'ALATA_L2', 'ASPabcpp', 'ASPT', 'ASPtex', 'AST', 'CS', 'CYTD', 'CYTDK2', 'CHORM', 'DALAt2pp', 'DAPDC', 'FA120ACPHi', 'FACOAL140t2pp', 'FACOAL160t2pp', 'FACOAL161t2pp', 'FACOAL181t2pp', 'ECOAH1', 'ECOAH2', 'ECOAH3', 'ECOAH4', 'ECOAH5', 'ECOAH6', 'ECOAH7', 'ECOAH8', 'EDA', 'EDD', 'GLUCYS', 'GLUR', 'GLUSy', 'GLYC3Pabcpp', 'GLYC3Ptex', 'HACD1i', 'HACD2i', 'HACD3i', 'HACD4i', 'HACD5i', 'HACD6i', 'HACD7i', 'GLYCLTDy', 'HACD8i', 'GMPR', 'GND', 'CTECOAI7', 'HEX1', 'GPDDA4', 'GTHRDabc2pp', 'GTHRDtex', 'GTHS', 'ILEtex', 'HYXNtex', 'HYXNtpp', 'INSK', 'ILEabcpp', 'KAT1', 'LPLIPAL1E181pp', 'ACACT11', 'ACACT8', 'ACACT13', 'ACACT10', 'ACACT9', 'LPLIPAL1G160pp', 'ACACT12', 'ACACT8r', 'LACZpp', 'LCTStex', 'LEUabcpp', 'LEUtex', 'LPLIPAL1E140pp', 'LPLIPAL1E160pp', 'LPLIPAL1E161pp', 'G3PEtex', 'G3PGabcpp', 'NADPHQR2', 'G3PGtex', 'NDPK8', 'ORNabcpp', 'G6PDH2r', 'ORNtex', 'P5CD', 'NTPP2', 'NTPP7', 'NTPP8', 'GALabcpp', 'CTECOAI8', 'PAPPT3', 'PLIPA2E140pp', 'PLIPA2E160pp', 'PLIPA2E161pp', 'PLIPA2E181pp', 'PGL', 'PFL', 'PLIPA2G160pp', 'PPA', 'PPND', 'PPPGO', 'PPPGO3', 'PUNP5', 'PYAM5PO', 'PYNP2r', 'PROabcpp', 'PROD2', 'PROtex', 'RNDR1', 'RPE', 'RPI', 'SADH', 'TALA', 'SGDS', 'SGSAD', 'THIORDXi', 'SOTA', 'THRabcpp', 'THRtex', 'TKT1', 'TKT2', 'TYRTA', 'UAAGDS', 'TRPt2rpp', 'TRPtex', 'UAGCVT', 'UAGPT3', 'UAMAGS', 'UAMAS', 'UAPGR', 'UDCPDP', 'UDPG4E', 'UGLT', 'UGMDDS', 'UPPRT', 'URAt2pp_copy2', 'URAtex', 'URIK2', 'VALabcpp', 'VALtex', 'ENOPH', 'EX_LalaDgluMdapDala_e', 'EX_ade_e', 'EX_anhgm_e', 'EX_arg__L_e', 'EX_asn__L_e', 'EX_asp__L_e', 'EX_g3pe_e', 'EX_g3pg_e', 'EX_lcts_e', 'EX_leu__L_e', 'EX_trp__L_e', 'EX_glyc3p_e', 'EX_gthrd_e', 'EX_orn_e', 'EX_hxan_e', 'EX_ile__L_e', 'EX_pro__L_e', 'EX_ura_e', 'EX_val__L_e', 'EX_thr__L_e']","[3.2321269372914685e-05, 3.232126931668449e-05, -4.468913157449489e-05, -3.4439650221429474e-05, -3.4439650221429474e-05, -3.4439650221429474e-05, -3.4439650221429474e-05, -3.4439650221429474e-05, -2.9796623493894003e-05, -1.876943531442521e-05, 9.960949296328181e-05, 9.960949296328181e-05, 1.741134951771528e-06, -0.00010164081718066348, -1.741134996408782e-06, 1.741134951771528e-06, 0.00022881866964692688, 0.00022881866959778563, -1.741134951771528e-06, -1.741134951771528e-06, 7.54491831003179e-05, 7.544918321400473e-05, -2.907695444002989e-05, 0.00012872894338653018, -0.015380655341842839, 0.00012872894342308427, 0.00015162835147281006, 0.015427254687429892, -1.3467679530593767e-06, 1.3467679530593767e-06, -1.4509458303396325e-05, -1.741134996408782e-06, 1.741134996408782e-06, -4.643026657090085e-06, -4.8751779899462375e-06, -1.4219269137340229e-05, -6.152010320660713e-06, -4.550166123948665e-06, 3.4439650221429474e-05, 3.4439650221429474e-05, 3.4439650221429474e-05, 3.4439650221429474e-05, 3.4439650221429474e-05, 2.979662360758084e-05, 2.4921445628933725e-05, 4.55016606792924e-06, 0.015786255177411945, 0.015786255177411945, -2.1200930282148922e-05, 1.741134951771528e-06, -0.0001656280783569608, 0.00018833712298324176, 0.00018833712294963334, -3.443965022898333e-05, -3.443965022898333e-05, -3.443965022898333e-05, -3.443965022898333e-05, -3.443965022898333e-05, -2.9796623571893242e-05, -2.4921445581947005e-05, -1.4509458303396325e-05, -4.550166123948665e-06, -8.078866383338934e-05, -0.04786374053193487, -6.152010320660713e-06, 3.232126931668449e-05, 3.4344467709541623e-05, -2.1200930282148922e-05, 2.1200930291342956e-05, -2.1200930282148922e-05, 0.0001131737748210071, 3.906871768322162e-05, 3.906871768322162e-05, 3.906871764075559e-05, 0.00011317377476657842, -3.443965022898333e-05, -1.5670214967679688e-06, -3.443965022898333e-05, -3.443965022898333e-05, -3.443965022898333e-05, -3.443965022898333e-05, -2.9796623571893242e-05, -2.1764187455109232e-06, -2.4921445581947005e-05, -4.550166123948665e-06, 3.232126931668449e-05, 3.2321269372914685e-05, 0.00020023052458703616, 0.00020023052456963342, -1.6830971631951776e-06, -4.933215823159191e-06, -3.0760051603303563e-06, 1.1259339657954115e-05, 3.4344467709541623e-05, -0.015805170853814075, 3.798343982452934e-05, 7.167672379182477e-06, 7.544918317781146e-06, -0.032077485354534474, 7.544918275925738e-06, 0.0004371433256259577, -8.078866383338934e-05, -7.167672401883936e-06, -8.408492269181955e-05, 3.232126931668449e-05, -4.550166123948665e-06, -1.741134996408782e-06, -1.6830971631951776e-06, -4.933215823159191e-06, -3.0760051603303563e-06, -1.5670214967679688e-06, -0.03207748535452293, -1.6540782465873996e-05, -2.1764187455109232e-06, 0.00019470529271485915, -1.4509458303396325e-05, 1.725658240938309e-05, -1.725658240938309e-05, -3.906871768322162e-05, -2.907695444002989e-05, -1.4268051131693937e-05, 0.0005300038587677629, 0.00022076140808643927, 0.0005300038587847666, 7.167672401883936e-06, -0.03209076441078196, 0.015775297634490926, 0.00015162835147281006, -0.01604770371864106, 0.00015162835147281006, 0.00015162835147281006, -2.907695444002989e-05, 0.00015162835147281006, 0.00011027188310588909, 0.00011027188315893, -0.01604306069202721, -0.016047703718754747, 1.4509458310385526e-05, -1.741134996408782e-06, 1.538002584311471e-05, 1.538002584311471e-05, -1.741134996408782e-06, -1.741134996408782e-06, -1.741134996408782e-06, -1.741134996408782e-06, -1.741134996408782e-06, -1.741134996408782e-06, -3.2321269372914685e-05, 3.2321269372914685e-05, -1.741134996408782e-06, 7.717055529987693e-05, 9.143860643234802e-05, 9.143860643234802e-05, 1.2921283129553596e-05, 0.00014511170419326258, 0.0001451117042279293, 2.0313241624770207e-06, -1.741134996408782e-06, -9.960949301818646e-05, -1.741134996408782e-06, -0.00022881866964692688, -7.54491831777282e-05, -0.00012872894338653018, -1.1259339643452694e-05, -3.7983439852036526e-05, -3.232126931668449e-05, -0.00020023052458703616, -1.5380025801613184e-05, -0.00018833712298324176, -2.1200930282148922e-05, -7.544918317781146e-06, -3.906871764075559e-05, -0.00011317377476657842, -0.0005300038587677629, -9.14386063824899e-05, -0.00014511170419326258, -0.00011027188310588909]","[3.2321269372914685e-05, 3.232126931668449e-05, 4.468913157449489e-05, 3.4439650221429474e-05, 3.4439650221429474e-05, 3.4439650221429474e-05, 3.4439650221429474e-05, 3.4439650221429474e-05, 2.9796623493894003e-05, 1.876943531442521e-05, 9.960949296328181e-05, 9.960949296328181e-05, 1.741134951771528e-06, 0.00010164081718066348, 1.741134996408782e-06, 1.741134951771528e-06, 0.00022881866964692688, 0.00022881866959778563, 1.741134951771528e-06, 1.741134951771528e-06, 7.54491831003179e-05, 7.544918321400473e-05, 2.907695444002989e-05, 0.00012872894338653018, 0.015380655341842839, 0.00012872894342308427, 0.00015162835147281006, 0.015427254687429892, 1.3467679530593767e-06, 1.3467679530593767e-06, 1.4509458303396325e-05, 1.741134996408782e-06, 1.741134996408782e-06, 4.643026657090085e-06, 4.8751779899462375e-06, 1.4219269137340229e-05, 6.152010320660713e-06, 4.550166123948665e-06, 3.4439650221429474e-05, 3.4439650221429474e-05, 3.4439650221429474e-05, 3.4439650221429474e-05, 3.4439650221429474e-05, 2.979662360758084e-05, 2.4921445628933725e-05, 4.55016606792924e-06, 0.015786255177411945, 0.015786255177411945, 2.1200930282148922e-05, 1.741134951771528e-06, 0.0001656280783569608, 0.00018833712298324176, 0.00018833712294963334, 3.443965022898333e-05, 3.443965022898333e-05, 3.443965022898333e-05, 3.443965022898333e-05, 3.443965022898333e-05, 2.9796623571893242e-05, 2.4921445581947005e-05, 1.4509458303396325e-05, 4.550166123948665e-06, 8.078866383338934e-05, 0.04786374053193487, 6.152010320660713e-06, 3.232126931668449e-05, 3.4344467709541623e-05, 2.1200930282148922e-05, 2.1200930291342956e-05, 2.1200930282148922e-05, 0.0001131737748210071, 3.906871768322162e-05, 3.906871768322162e-05, 3.906871764075559e-05, 0.00011317377476657842, 3.443965022898333e-05, 1.5670214967679688e-06, 3.443965022898333e-05, 3.443965022898333e-05, 3.443965022898333e-05, 3.443965022898333e-05, 2.9796623571893242e-05, 2.1764187455109232e-06, 2.4921445581947005e-05, 4.550166123948665e-06, 3.232126931668449e-05, 3.2321269372914685e-05, 0.00020023052458703616, 0.00020023052456963342, 1.6830971631951776e-06, 4.933215823159191e-06, 3.0760051603303563e-06, 1.1259339657954115e-05, 3.4344467709541623e-05, 0.015805170853814075, 3.798343982452934e-05, 7.167672379182477e-06, 7.544918317781146e-06, 0.032077485354534474, 7.544918275925738e-06, 0.0004371433256259577, 8.078866383338934e-05, 7.167672401883936e-06, 8.408492269181955e-05, 3.232126931668449e-05, 4.550166123948665e-06, 1.741134996408782e-06, 1.6830971631951776e-06, 4.933215823159191e-06, 3.0760051603303563e-06, 1.5670214967679688e-06, 0.03207748535452293, 1.6540782465873996e-05, 2.1764187455109232e-06, 0.00019470529271485915, 1.4509458303396325e-05, 1.725658240938309e-05, 1.725658240938309e-05, 3.906871768322162e-05, 2.907695444002989e-05, 1.4268051131693937e-05, 0.0005300038587677629, 0.00022076140808643927, 0.0005300038587847666, 7.167672401883936e-06, 0.03209076441078196, 0.015775297634490926, 0.00015162835147281006, 0.01604770371864106, 0.00015162835147281006, 0.00015162835147281006, 2.907695444002989e-05, 0.00015162835147281006, 0.00011027188310588909, 0.00011027188315893, 0.01604306069202721, 0.016047703718754747, 1.4509458310385526e-05, 1.741134996408782e-06, 1.538002584311471e-05, 1.538002584311471e-05, 1.741134996408782e-06, 1.741134996408782e-06, 1.741134996408782e-06, 1.741134996408782e-06, 1.741134996408782e-06, 1.741134996408782e-06, 3.2321269372914685e-05, 3.2321269372914685e-05, 1.741134996408782e-06, 7.717055529987693e-05, 9.143860643234802e-05, 9.143860643234802e-05, 1.2921283129553596e-05, 0.00014511170419326258, 0.0001451117042279293, 2.0313241624770207e-06, 1.741134996408782e-06, 9.960949301818646e-05, 1.741134996408782e-06, 0.00022881866964692688, 7.54491831777282e-05, 0.00012872894338653018, 1.1259339643452694e-05, 3.7983439852036526e-05, 3.232126931668449e-05, 0.00020023052458703616, 1.5380025801613184e-05, 0.00018833712298324176, 2.1200930282148922e-05, 7.544918317781146e-06, 3.906871764075559e-05, 0.00011317377476657842, 0.0005300038587677629, 9.14386063824899e-05, 0.00014511170419326258, 0.00011027188310588909]","['GLCabcpp', 'ARGabcpp', 'ASPabcpp', 'AST', 'CS', 'CYTDK2', 'DAPDC', 'EDA', 'EDD', 'GLYC3Pabcpp', 'HEX1', 'GPDDA4', 'INSK', 'ILEabcpp', 'LACZpp', 'LEUabcpp', 'G3PGabcpp', 'NDPK8', 'ORNabcpp', 'P5CD', 'GALabcpp', 'PPA', 'PPPGO', 'PROabcpp', 'PROD2', 'RNDR1', 'RPE', 'SADH', 'SGDS', 'SGSAD', 'SOTA', 'THRabcpp', 'UPPRT', 'URIK2', 'VALabcpp', 'ENOPH']","['GALKr', 'GLCP', 'ACOAD1f', 'ACOAD2f', 'ACOAD3f', 'ACOAD4f', 'ACOAD5f', 'ACOAD7f', 'ADEt2rpp', 'ADEtex', '4PEPTtex', 'AMPN', 'AGM4PApp', 'ANHGMtex', 'ARGtex', 'ALAALAr', 'ALAR', 'ASNtex', 'ALATA_L2', 'ASPT', 'ASPtex', 'CYTD', 'CHORM', 'DALAt2pp', 'FA120ACPHi', 'FACOAL140t2pp', 'FACOAL160t2pp', 'FACOAL161t2pp', 'FACOAL181t2pp', 'ECOAH1', 'ECOAH2', 'ECOAH3', 'ECOAH4', 'ECOAH5', 'ECOAH6', 'ECOAH7', 'ECOAH8', 'GLUCYS', 'GLUR', 'GLUSy', 'GLYC3Ptex', 'HACD1i', 'HACD2i', 'HACD3i', 'HACD4i', 'HACD5i', 'HACD6i', 'HACD7i', 'GLYCLTDy', 'HACD8i', 'GMPR', 'CTECOAI7', 'GTHRDabc2pp', 'GTHRDtex', 'GTHS', 'ILEtex', 'HYXNtex', 'HYXNtpp', 'KAT1', 'LPLIPAL1E181pp', 'ACACT11', 'ACACT8', 'ACACT13', 'ACACT10', 'ACACT9', 'LPLIPAL1G160pp', 'ACACT12', 'ACACT8r', 'LCTStex', 'LEUtex', 'LPLIPAL1E140pp', 'LPLIPAL1E160pp', 'LPLIPAL1E161pp', 'G3PEtex', 'NADPHQR2', 'G3PGtex', 'ORNtex', 'NTPP2', 'NTPP7', 'NTPP8', 'CTECOAI8', 'PAPPT3', 'PLIPA2E140pp', 'PLIPA2E160pp', 'PLIPA2E161pp', 'PLIPA2E181pp', 'PFL', 'PLIPA2G160pp', 'PPND', 'PPPGO3', 'PUNP5', 'PYAM5PO', 'PROtex', 'THIORDXi', 'THRtex', 'TKT1', 'TYRTA', 'UAAGDS', 'TRPt2rpp', 'TRPtex', 'UAGCVT', 'UAGPT3', 'UAMAGS', 'UAMAS', 'UAPGR', 'UDCPDP', 'UDPG4E', 'UGLT', 'UGMDDS', 'URAt2pp_copy2', 'URAtex', 'VALtex', 'EX_LalaDgluMdapDala_e', 'EX_ade_e', 'EX_anhgm_e', 'EX_arg__L_e', 'EX_asn__L_e', 'EX_asp__L_e', 'EX_g3pe_e', 'EX_g3pg_e', 'EX_lcts_e', 'EX_leu__L_e', 'EX_trp__L_e', 'EX_glyc3p_e', 'EX_gthrd_e', 'EX_orn_e', 'EX_hxan_e', 'EX_ile__L_e', 'EX_pro__L_e', 'EX_ura_e', 'EX_val__L_e', 'EX_thr__L_e']","['ACOAD6f', 'ASNt2rpp', 'GND', 'G6PDH2r', 'PGL', 'PYNP2r', 'RPI', 'TALA', 'TKT2']",TKT1,RPE,0.5066266070403985,1,177,9,31.0,0.15805688027997278,iPC815,PSL,True,True,-9.77035083375253,-19.5423912498236,0.0,0.0
177,"['GALKr', 'GLCabcpp', 'GLCP', 'ACOAD1f', 'ACOAD2f', 'ACOAD3f', 'ACOAD4f', 'ACOAD5f', 'ACOAD6f', 'ACOAD7f', 'ADEt2rpp', 'ADEtex', 'AMPN', 'ARGabcpp', 'ARGtex', 'ASNt2rpp', 'ASNtex', 'ALATA_L2', 'ASPabcpp', 'ASPtex', 'AST', 'CS', 'CHORM', 'FA120ACPHi', 'FACOAE120', 'FACOAL140t2pp', 'FACOAL160t2pp', 'FACOAL181t2pp', 'FADRx', 'FBP', 'ECOAH1', 'ECOAH2', 'ECOAH3', 'ECOAH4', 'ECOAH5', 'ECOAH6', 'ECOAH7', 'ECOAH8', 'EDA', 'EDD', 'GLUCYS', 'GLUSy', 'GLYC3Pabcpp', 'GLYC3Ptex', 'HACD1i', 'HACD2i', 'HACD3i', 'HACD4i', 'HACD5i', 'HACD6i', 'HACD7i', 'GLYCLTDy', 'HACD8i', 'GMPR', 'GND', 'HEX1', 'GPDDA4', 'GTHRDabc2pp', 'GTHRDtex', 'GTHS', 'ILEtex', 'ILEabcpp', 'KAT1', 'ACACT11', 'ACACT8', 'ACACT13', 'ACACT10', 'ACACT9', 'ACACT12', 'ACACT8r', 'LACZpp', 'LCTStex', 'LEUabcpp', 'LEUtex', 'LPLIPAL1E160pp', 'G3PEtex', 'G3PGabcpp', 'NADPHQR2', 'G3PGtex', 'NADTRHD', 'NDPK8', 'ORNabcpp', 'ORNtex', 'NTPP2', 'NTPP7', 'NTPP8', 'GALabcpp', 'CTECOAI8', 'PLIPA2E160pp', 'PPA', 'PPC', 'PPND', 'PPPGO', 'PPPGO3', 'PYAM5PO', 'PYNP2r', 'PROabcpp', 'PROtex', 'RNDR1', 'RPE', 'SADH', 'RNDR2', 'RNDR3', 'TALA', 'SGDS', 'SGSAD', 'THIORDXi', 'SOTA', 'THRabcpp', 'THRtex', 'TKT1', 'TKT2', 'TYRTA', 'TRPt2rpp', 'TRPtex', 'UDPG4E', 'UGLT', 'UPPRT', 'URAt2pp_copy1', 'URAtex', 'URIK2', 'VALabcpp', 'VALtex', 'EX_ade_e', 'EX_arg__L_e', 'EX_asn__L_e', 'EX_asp__L_e', 'EX_g3pe_e', 'EX_g3pg_e', 'EX_lcts_e', 'EX_leu__L_e', 'EX_trp__L_e', 'EX_glyc3p_e', 'EX_gthrd_e', 'EX_orn_e', 'EX_ile__L_e', 'EX_pro__L_e', 'EX_ura_e', 'EX_val__L_e', 'EX_thr__L_e']","[7.3382739174121525e-06, 7.338273897535691e-06, -1.2099768757996288e-05, -9.324678899247374e-06, -9.324678899247374e-06, -9.324678899247374e-06, -9.324678899247374e-06, -9.324678899247374e-06, -8.067560088420578e-06, -5.081902827441809e-06, 3.7549276044046564e-05, 3.7549276044046564e-05, -3.8099265518148906e-05, 6.780049336398142e-05, 6.780049341159611e-05, 2.042818096015253e-05, 2.042818107383937e-05, -7.872706685400216e-06, 8.685146218678774e-05, 8.685146224252094e-05, 4.6900892781975845e-05, 0.004223719957801186, -3.883720795223519e-05, -1.9864050388130813e-06, 1.6217619354065224e-06, -1.319974773587862e-06, -3.849926423001027e-06, -1.2319764553601203e-06, 5.97728576644304e-05, 7.718872545640909e-05, 9.324678899247374e-06, 9.324678899247374e-06, 9.324678899247374e-06, 9.324678899247374e-06, 9.324678899247374e-06, 8.067560088420578e-06, 6.747585302946391e-06, 1.2319765119173098e-06, 0.004313967489480847, 0.004313967489480847, -5.74024025774833e-06, -4.6366471117326624e-05, 5.83094918919563e-06, 5.830949135088304e-06, -9.324678936344869e-06, -9.324678936344869e-06, -9.324678936344869e-06, -9.324678936344869e-06, -9.324678936344869e-06, -8.067560104344906e-06, -6.747585330759212e-06, -3.928496349989152e-06, -1.2319764553601203e-06, -2.187465337603889e-05, -0.012823463539662017, 7.338273897428138e-06, 5.519188004478315e-05, -5.74024025774833e-06, 5.74024022625963e-06, -5.74024025774833e-06, 3.0642271553915634e-05, 3.0642271530004206e-05, -9.324678936344869e-06, -9.324678936344869e-06, -9.324678936344869e-06, -9.324678936344869e-06, -9.324678936344869e-06, -8.067560104344906e-06, -6.747585330759212e-06, -1.2319764553601203e-06, 7.338273897535691e-06, 7.3382739174121525e-06, 5.421324963000851e-05, 5.421324965482199e-05, -1.3356887590002323e-06, 2.8913733558511012e-06, 5.512108846836283e-05, -0.004212430862466476, 5.596964365395252e-05, -0.008412118886475639, 1.9406771798458067e-06, 2.0428181019965796e-06, 2.042818096015253e-06, -2.187465337603889e-05, -1.9406771969007405e-06, -2.4073825777932035e-05, 7.338273897535691e-06, -1.2319764553601203e-06, -1.3356887590002323e-06, 4.220540756762724e-05, 6.918886378848299e-05, -3.883720795223519e-05, 4.6722916949917814e-06, -4.6722916949917814e-06, -7.872706685400216e-06, -1.4441938333220605e-05, 2.514237664000274e-05, 2.5142376671283273e-05, 1.9406771969007405e-06, -0.008586511607290959, 4.6900892781975845e-05, 1.9956761458002348e-06, 1.9956761458002348e-06, -0.004311338718821389, 4.6900892781975845e-05, 4.6900892781975845e-05, -7.872706685400216e-06, 4.6900892781975845e-05, 2.9856572264924663e-05, 2.9856572268727177e-05, -0.004310081600010562, -0.004276430007280396, 3.883720796693524e-05, 4.164206075074617e-06, 4.164206075074617e-06, -7.3382739174121525e-06, 7.3382739174121525e-06, 1.0315445820197056e-05, 2.475738414282891e-05, 2.475738415341766e-05, 1.4441938322631853e-05, 3.928496349991928e-05, 3.9284963463614986e-05, -3.7549276029148976e-05, -6.780049336398142e-05, -2.042818102000743e-05, -8.685146218678774e-05, -2.8913733135942673e-06, -5.596964367996101e-05, -7.338273897535691e-06, -5.421324963000851e-05, -4.164206131000367e-06, -5.83094918919563e-06, -5.74024025774833e-06, -2.0428181019965796e-06, -3.0642271530004206e-05, -2.514237664000274e-05, -2.475738414282891e-05, -3.928496349991928e-05, -2.9856572264924663e-05]","[7.3382739174121525e-06, 7.338273897535691e-06, 1.2099768757996288e-05, 9.324678899247374e-06, 9.324678899247374e-06, 9.324678899247374e-06, 9.324678899247374e-06, 9.324678899247374e-06, 8.067560088420578e-06, 5.081902827441809e-06, 3.7549276044046564e-05, 3.7549276044046564e-05, 3.8099265518148906e-05, 6.780049336398142e-05, 6.780049341159611e-05, 2.042818096015253e-05, 2.042818107383937e-05, 7.872706685400216e-06, 8.685146218678774e-05, 8.685146224252094e-05, 4.6900892781975845e-05, 0.004223719957801186, 3.883720795223519e-05, 1.9864050388130813e-06, 1.6217619354065224e-06, 1.319974773587862e-06, 3.849926423001027e-06, 1.2319764553601203e-06, 5.97728576644304e-05, 7.718872545640909e-05, 9.324678899247374e-06, 9.324678899247374e-06, 9.324678899247374e-06, 9.324678899247374e-06, 9.324678899247374e-06, 8.067560088420578e-06, 6.747585302946391e-06, 1.2319765119173098e-06, 0.004313967489480847, 0.004313967489480847, 5.74024025774833e-06, 4.6366471117326624e-05, 5.83094918919563e-06, 5.830949135088304e-06, 9.324678936344869e-06, 9.324678936344869e-06, 9.324678936344869e-06, 9.324678936344869e-06, 9.324678936344869e-06, 8.067560104344906e-06, 6.747585330759212e-06, 3.928496349989152e-06, 1.2319764553601203e-06, 2.187465337603889e-05, 0.012823463539662017, 7.338273897428138e-06, 5.519188004478315e-05, 5.74024025774833e-06, 5.74024022625963e-06, 5.74024025774833e-06, 3.0642271553915634e-05, 3.0642271530004206e-05, 9.324678936344869e-06, 9.324678936344869e-06, 9.324678936344869e-06, 9.324678936344869e-06, 9.324678936344869e-06, 8.067560104344906e-06, 6.747585330759212e-06, 1.2319764553601203e-06, 7.338273897535691e-06, 7.3382739174121525e-06, 5.421324963000851e-05, 5.421324965482199e-05, 1.3356887590002323e-06, 2.8913733558511012e-06, 5.512108846836283e-05, 0.004212430862466476, 5.596964365395252e-05, 0.008412118886475639, 1.9406771798458067e-06, 2.0428181019965796e-06, 2.042818096015253e-06, 2.187465337603889e-05, 1.9406771969007405e-06, 2.4073825777932035e-05, 7.338273897535691e-06, 1.2319764553601203e-06, 1.3356887590002323e-06, 4.220540756762724e-05, 6.918886378848299e-05, 3.883720795223519e-05, 4.6722916949917814e-06, 4.6722916949917814e-06, 7.872706685400216e-06, 1.4441938333220605e-05, 2.514237664000274e-05, 2.5142376671283273e-05, 1.9406771969007405e-06, 0.008586511607290959, 4.6900892781975845e-05, 1.9956761458002348e-06, 1.9956761458002348e-06, 0.004311338718821389, 4.6900892781975845e-05, 4.6900892781975845e-05, 7.872706685400216e-06, 4.6900892781975845e-05, 2.9856572264924663e-05, 2.9856572268727177e-05, 0.004310081600010562, 0.004276430007280396, 3.883720796693524e-05, 4.164206075074617e-06, 4.164206075074617e-06, 7.3382739174121525e-06, 7.3382739174121525e-06, 1.0315445820197056e-05, 2.475738414282891e-05, 2.475738415341766e-05, 1.4441938322631853e-05, 3.928496349991928e-05, 3.9284963463614986e-05, 3.7549276029148976e-05, 6.780049336398142e-05, 2.042818102000743e-05, 8.685146218678774e-05, 2.8913733135942673e-06, 5.596964367996101e-05, 7.338273897535691e-06, 5.421324963000851e-05, 4.164206131000367e-06, 5.83094918919563e-06, 5.74024025774833e-06, 2.0428181019965796e-06, 3.0642271530004206e-05, 2.514237664000274e-05, 2.475738414282891e-05, 3.928496349991928e-05, 2.9856572264924663e-05]","['GLCabcpp', 'ARGabcpp', 'ASPabcpp', 'AST', 'CS', 'FACOAE120', 'FADRx', 'FBP', 'EDA', 'EDD', 'GLYC3Pabcpp', 'HEX1', 'ILEabcpp', 'LACZpp', 'LEUabcpp', 'G3PGabcpp', 'NDPK8', 'ORNabcpp', 'GALabcpp', 'PPA', 'PPC', 'PPPGO', 'PROabcpp', 'RNDR1', 'SADH', 'RNDR2', 'RNDR3', 'TALA', 'SGDS', 'SGSAD', 'SOTA', 'THRabcpp', 'UPPRT', 'URAt2pp_copy1', 'URIK2', 'VALabcpp']","['GALKr', 'GLCP', 'ACOAD1f', 'ACOAD2f', 'ACOAD3f', 'ACOAD4f', 'ACOAD5f', 'ACOAD6f', 'ADEt2rpp', 'ADEtex', 'AMPN', 'ARGtex', 'ASNtex', 'ALATA_L2', 'ASPtex', 'CHORM', 'FA120ACPHi', 'FACOAL140t2pp', 'FACOAL160t2pp', 'ECOAH1', 'ECOAH2', 'ECOAH3', 'ECOAH4', 'ECOAH5', 'ECOAH6', 'ECOAH7', 'ECOAH8', 'GLUCYS', 'GLUSy', 'GLYC3Ptex', 'HACD1i', 'HACD2i', 'HACD3i', 'HACD4i', 'HACD5i', 'HACD6i', 'HACD7i', 'GLYCLTDy', 'HACD8i', 'GMPR', 'GTHRDabc2pp', 'GTHRDtex', 'GTHS', 'ILEtex', 'KAT1', 'ACACT11', 'ACACT8', 'ACACT13', 'ACACT10', 'ACACT9', 'ACACT12', 'ACACT8r', 'LCTStex', 'LEUtex', 'LPLIPAL1E160pp', 'G3PEtex', 'NADPHQR2', 'G3PGtex', 'NADTRHD', 'ORNtex', 'NTPP2', 'NTPP7', 'NTPP8', 'CTECOAI8', 'PLIPA2E160pp', 'PPND', 'PPPGO3', 'PYAM5PO', 'PROtex', 'THIORDXi', 'THRtex', 'TKT1', 'TYRTA', 'TRPt2rpp', 'TRPtex', 'UDPG4E', 'UGLT', 'URAtex', 'VALtex', 'EX_ade_e', 'EX_arg__L_e', 'EX_asn__L_e', 'EX_asp__L_e', 'EX_g3pe_e', 'EX_g3pg_e', 'EX_lcts_e', 'EX_leu__L_e', 'EX_trp__L_e', 'EX_glyc3p_e', 'EX_gthrd_e', 'EX_orn_e', 'EX_ile__L_e', 'EX_pro__L_e', 'EX_ura_e', 'EX_val__L_e', 'EX_thr__L_e']","['ACOAD7f', 'ASNt2rpp', 'FACOAL181t2pp', 'GND', 'GPDDA4', 'PYNP2r', 'RPE', 'TKT2']",TKT1,TALA,0.1360631423825725,1,140,8,6.0,0.03338715038173448,iPC815,PSL,True,True,-9.77035083375253,-9.77057764190388,0.0,0.0
178,"['GALKr', 'GLCabcpp', 'GLCP', 'ACOAD1f', 'ACOAD2f', 'ACOAD3f', 'ACOAD4f', 'ACOAD5f', 'ACOAD6f', 'ACOAD7f', 'ACOATA', 'ADEt2rpp', 'ADEtex', '4PEPTtex', 'AMPN', 'AGM4PApp', 'ANHGMtex', 'ARGabcpp', 'ARGtex', 'ALAALAr', 'ASNt2rpp', 'ASNtex', 'ALATA_L2', 'ASPabcpp', 'ASPtex', 'AST', 'CS', 'DALAt2pp', 'DAPDC', 'DCTPD', 'FA120ACPHi', 'FACOAL140t2pp', 'FACOAL160t2pp', 'FACOAL161t2pp', 'FACOAL181t2pp', 'FADRx', 'ECOAH1', 'ECOAH2', 'ECOAH3', 'ECOAH4', 'ECOAH5', 'ECOAH6', 'ECOAH7', 'ECOAH8', 'EDA', 'EDD', 'GLUCYS', 'GLUR', 'GLUSy', 'GLYAT', 'GLYC3Pabcpp', 'GLYC3Ptex', 'HACD1i', 'HACD2i', 'HACD3i', 'HACD4i', 'HACD5i', 'HACD6i', 'HACD7i', 'GLYCLTDy', 'GLYK', 'HACD8i', 'GMPR', 'GND', 'CTECOAI7', 'HEX1', 'GPDDA4', 'GTHRDabc2pp', 'GTHRDtex', 'GTHS', 'ILEtex', 'ILEabcpp', 'KAT1', 'LPLIPAL1E181pp', 'ACACT11', 'ACACT8', 'ACACT13', 'ACACT10', 'ACACT9', 'LPLIPAL1G140pp', 'LPLIPAL1G160pp', 'LPLIPAL1G161pp', 'LPLIPAL1G181pp', 'ACACT12', 'ACACT8r', 'LACZpp', 'LCTStex', 'LEUabcpp', 'LEUtex', 'LPLIPAL1E140pp', 'LPLIPAL1E160pp', 'LPLIPAL1E161pp', 'MACPD', 'MDDCP3pp', 'MDDCP4pp', 'G3PD2', 'MDH', 'MPTG', 'G3PEtex', 'G3PGabcpp', 'NADPHQR2', 'MLTGY1pp', 'G3PGtex', 'NDPK6', 'NDPK8', 'G6PDH2r', 'P5CD', 'NTPP2', 'NTPP7', 'NTPP8', 'GALabcpp', 'CTECOAI8', 'PAPPT3', 'PLIPA2E140pp', 'PLIPA2E160pp', 'PLIPA2E161pp', 'PLIPA2E181pp', 'PGL', 'PLIPA2G140pp', 'PFL', 'PLIPA2G160pp', 'PLIPA2G161pp', 'PLIPA2G181pp', 'PGI', 'POX', 'PPA', 'PPPGO', 'PPPGO3', 'PYAM5PO', 'PROabcpp', 'PROtex', 'RNDR4', 'RNDR1', 'RPE', 'RPI', 'SADH', 'RNDR2', 'RNDR3', 'TALA', 'SGDS', 'SGSAD', 'THIORDXi', 'SOTA', 'THRabcpp', 'THRD', 'THRtex', 'TKT1', 'TKT2', 'UAAGDS', 'TRPS1', 'UAGCVT', 'UAGPT3', 'UAMAGS', 'UAMAS', 'UAPGR', 'UDCPDP', 'UDPG4E', 'UGLT', 'UGMDDS', 'UPPRT', 'URAt2pp_copy2', 'URAtex', 'VALabcpp', 'VALtex', 'ENOPH', 'EX_LalaDgluMdapDala_e', 'EX_ade_e', 'EX_anhgm_e', 'EX_arg__L_e', 'EX_asn__L_e', 'EX_asp__L_e', 'EX_g3pe_e', 'EX_g3pg_e', 'EX_lcts_e', 'EX_leu__L_e', 'EX_glyc3p_e', 'EX_gthrd_e', 'EX_ile__L_e', 'EX_pro__L_e', 'EX_ura_e', 'EX_val__L_e', 'EX_thr__L_e']","[-0.00022223826726985862, -0.00022223826726324933, 0.00029843645935247187, 0.00022998986355560191, 0.00022998986355560191, 0.00022998986355560191, 0.00022998986355560191, 0.00022998986355560191, 0.00019898347829894192, 0.00012534331290225964, -3.1006385370346834e-05, -0.0009261394145596569, -0.0009261394145596569, -1.1627394542301772e-05, 0.000939704708150968, 1.1627394520226115e-05, -1.1627394542301772e-05, -0.0008562142019264557, -0.0008562142019172825, 1.1627394542301772e-05, -0.0005038537625523531, -0.0005038537625523531, 0.0001941774884877791, -0.0029450698136911507, -0.002945069813677037, -0.00037173943025035905, -0.10505574776380433, 1.1627394520226115e-05, -1.1627394520226115e-05, 1.7987579333693555e-05, 3.100638538725613e-05, 3.255670465663295e-05, 9.495705524851378e-05, 4.108346063813259e-05, 3.038625767952472e-05, -0.0014742761092011512, -0.00022998986355560191, -0.00022998986355560191, -0.00022998986355560191, -0.00022998986355560191, -0.00022998986355560191, -0.00019898347818525508, -0.00016642677360323432, -3.0386257662939897e-05, -0.10845950181930124, -0.10845950181930124, 0.00014158096937536452, -1.1627394542301772e-05, 0.0012307945922400856, -0.0001616459766182743, -0.0010773071708571368, -0.001077307170817221, 0.00022998986361006104, 0.00022998986361006104, 0.00022998986361006104, 0.00022998986361006104, 0.00022998986361006104, 0.0001989834782228049, 0.0001664267735661737, 9.689495433520823e-05, -0.0004200241238257879, 3.038625767952472e-05, 0.0005395304847293503, 0.32911756159599614, 4.108346063813259e-05, -0.00022223826726324933, -0.00040981139563885566, 0.00014158096937536452, -0.00014158096939809184, 0.00014158096937536452, -0.0007557806437716863, -0.0007557806438147074, 0.00022998986361006104, 1.0464655068203634e-05, 0.00022998986361006104, 0.00022998986361006104, 0.00022998986361006104, 0.00022998986361006104, 0.0001989834782228049, 5.038537625431439e-06, 1.4534243150282535e-05, 6.395066986124515e-06, 4.728473771558727e-06, 0.0001664267735661737, 3.038625767952472e-05, -0.00022223826726324933, -0.00022223826726985862, -0.00133715036982604, -0.0013371503698635934, 1.123981470288536e-05, 3.294428447397479e-05, 1.4146663332941997e-05, 3.1006385387277735e-05, 5.8136972601130574e-06, 5.8136972601130574e-06, -0.0019071426903565225, -0.10242922786414965, 5.8136972601130574e-06, -6.87954176328276e-05, -0.00040981139563885566, 0.11040306829191504, 5.8136972601130574e-06, -0.00044050771714410075, -1.798757932647277e-05, -4.786610747942177e-05, 0.22065805977672426, -0.0037500634049014714, 0.00018332525360223798, 4.786610744159873e-05, 0.000552529911893627, -0.00022223826726324933, 3.038625767952472e-05, 1.1627394520226115e-05, 1.123981470288536e-05, 3.294428447397479e-05, 1.4146663332941997e-05, 1.0464655068203634e-05, 0.2206580597766949, 5.038537625431439e-06, 0.00011051838491473939, 1.4534243150282535e-05, 6.395066986124515e-06, 4.728473771558727e-06, -0.22079053455831854, -0.0026336222999412545, -0.0018944688302892781, -0.00011524039902279191, 0.00011524039902279191, 0.0001941774884877791, -0.004451582874288429, -0.00445158287425329, -6.585368677529228e-05, -4.786610744159873e-05, 0.2207595281728345, -0.10837357537377557, -0.00037173943025035905, -4.922263680229126e-05, -3.1235057468597706e-05, 0.1102954654761561, -0.00037173943025035905, -0.00037173943025035905, 0.0001941774884877791, -0.00037173943025035905, -0.000574755676373509, 0.00016164597657416168, -0.000574755676325367, 0.11026445909078575, 0.11049506908204876, 1.1627394520226115e-05, -0.00010270865159533321, 1.1627394520226115e-05, 1.1627394520226115e-05, 1.1627394520226115e-05, 1.1627394520226115e-05, 1.1627394520226115e-05, 1.1627394520226115e-05, 0.00022223826726985862, -0.00022223826726985862, 1.1627394520226115e-05, -0.0006106320023221007, -0.0006106320023491207, -0.0006106320023491207, -0.0009690638793981378, -0.0009690638794381812, -1.3565293606930756e-05, 1.1627394520226115e-05, 0.0009261394145440372, 1.1627394520226115e-05, 0.0008562142019264557, 0.0005038537625431522, 0.0029450698136911507, 6.879541757800578e-05, 0.0004405077171722529, 0.00022223826726324933, 0.00133715036982604, 0.0010773071708571368, 0.00014158096937536452, 0.0007557806438147074, 0.004451582874288429, 0.0006106320023221007, 0.0009690638793981378, 0.000574755676373509]","[0.00022223826726985862, 0.00022223826726324933, 0.00029843645935247187, 0.00022998986355560191, 0.00022998986355560191, 0.00022998986355560191, 0.00022998986355560191, 0.00022998986355560191, 0.00019898347829894192, 0.00012534331290225964, 3.1006385370346834e-05, 0.0009261394145596569, 0.0009261394145596569, 1.1627394542301772e-05, 0.000939704708150968, 1.1627394520226115e-05, 1.1627394542301772e-05, 0.0008562142019264557, 0.0008562142019172825, 1.1627394542301772e-05, 0.0005038537625523531, 0.0005038537625523531, 0.0001941774884877791, 0.0029450698136911507, 0.002945069813677037, 0.00037173943025035905, 0.10505574776380433, 1.1627394520226115e-05, 1.1627394520226115e-05, 1.7987579333693555e-05, 3.100638538725613e-05, 3.255670465663295e-05, 9.495705524851378e-05, 4.108346063813259e-05, 3.038625767952472e-05, 0.0014742761092011512, 0.00022998986355560191, 0.00022998986355560191, 0.00022998986355560191, 0.00022998986355560191, 0.00022998986355560191, 0.00019898347818525508, 0.00016642677360323432, 3.0386257662939897e-05, 0.10845950181930124, 0.10845950181930124, 0.00014158096937536452, 1.1627394542301772e-05, 0.0012307945922400856, 0.0001616459766182743, 0.0010773071708571368, 0.001077307170817221, 0.00022998986361006104, 0.00022998986361006104, 0.00022998986361006104, 0.00022998986361006104, 0.00022998986361006104, 0.0001989834782228049, 0.0001664267735661737, 9.689495433520823e-05, 0.0004200241238257879, 3.038625767952472e-05, 0.0005395304847293503, 0.32911756159599614, 4.108346063813259e-05, 0.00022223826726324933, 0.00040981139563885566, 0.00014158096937536452, 0.00014158096939809184, 0.00014158096937536452, 0.0007557806437716863, 0.0007557806438147074, 0.00022998986361006104, 1.0464655068203634e-05, 0.00022998986361006104, 0.00022998986361006104, 0.00022998986361006104, 0.00022998986361006104, 0.0001989834782228049, 5.038537625431439e-06, 1.4534243150282535e-05, 6.395066986124515e-06, 4.728473771558727e-06, 0.0001664267735661737, 3.038625767952472e-05, 0.00022223826726324933, 0.00022223826726985862, 0.00133715036982604, 0.0013371503698635934, 1.123981470288536e-05, 3.294428447397479e-05, 1.4146663332941997e-05, 3.1006385387277735e-05, 5.8136972601130574e-06, 5.8136972601130574e-06, 0.0019071426903565225, 0.10242922786414965, 5.8136972601130574e-06, 6.87954176328276e-05, 0.00040981139563885566, 0.11040306829191504, 5.8136972601130574e-06, 0.00044050771714410075, 1.798757932647277e-05, 4.786610747942177e-05, 0.22065805977672426, 0.0037500634049014714, 0.00018332525360223798, 4.786610744159873e-05, 0.000552529911893627, 0.00022223826726324933, 3.038625767952472e-05, 1.1627394520226115e-05, 1.123981470288536e-05, 3.294428447397479e-05, 1.4146663332941997e-05, 1.0464655068203634e-05, 0.2206580597766949, 5.038537625431439e-06, 0.00011051838491473939, 1.4534243150282535e-05, 6.395066986124515e-06, 4.728473771558727e-06, 0.22079053455831854, 0.0026336222999412545, 0.0018944688302892781, 0.00011524039902279191, 0.00011524039902279191, 0.0001941774884877791, 0.004451582874288429, 0.00445158287425329, 6.585368677529228e-05, 4.786610744159873e-05, 0.2207595281728345, 0.10837357537377557, 0.00037173943025035905, 4.922263680229126e-05, 3.1235057468597706e-05, 0.1102954654761561, 0.00037173943025035905, 0.00037173943025035905, 0.0001941774884877791, 0.00037173943025035905, 0.000574755676373509, 0.00016164597657416168, 0.000574755676325367, 0.11026445909078575, 0.11049506908204876, 1.1627394520226115e-05, 0.00010270865159533321, 1.1627394520226115e-05, 1.1627394520226115e-05, 1.1627394520226115e-05, 1.1627394520226115e-05, 1.1627394520226115e-05, 1.1627394520226115e-05, 0.00022223826726985862, 0.00022223826726985862, 1.1627394520226115e-05, 0.0006106320023221007, 0.0006106320023491207, 0.0006106320023491207, 0.0009690638793981378, 0.0009690638794381812, 1.3565293606930756e-05, 1.1627394520226115e-05, 0.0009261394145440372, 1.1627394520226115e-05, 0.0008562142019264557, 0.0005038537625431522, 0.0029450698136911507, 6.879541757800578e-05, 0.0004405077171722529, 0.00022223826726324933, 0.00133715036982604, 0.0010773071708571368, 0.00014158096937536452, 0.0007557806438147074, 0.004451582874288429, 0.0006106320023221007, 0.0009690638793981378, 0.000574755676373509]","['GLCabcpp', 'ARGabcpp', 'ASPabcpp', 'AST', 'CS', 'DAPDC', 'FADRx', 'EDA', 'EDD', 'GLYC3Pabcpp', 'HEX1', 'GPDDA4', 'ILEabcpp', 'LACZpp', 'LEUabcpp', 'G3PGabcpp', 'NDPK8', 'P5CD', 'GALabcpp', 'POX', 'PPA', 'PPPGO', 'PROabcpp', 'RNDR4', 'RNDR1', 'SADH', 'RNDR2', 'RNDR3', 'SGDS', 'SGSAD', 'SOTA', 'THRabcpp', 'TKT2', 'TRPS1', 'UPPRT', 'VALabcpp', 'ENOPH']","['GALKr', 'GLCP', 'ACOAD1f', 'ACOAD2f', 'ACOAD3f', 'ACOAD4f', 'ACOAD5f', 'ACOAD7f', 'ACOATA', 'ADEt2rpp', 'ADEtex', '4PEPTtex', 'AMPN', 'AGM4PApp', 'ANHGMtex', 'ARGtex', 'ALAALAr', 'ASNtex', 'ALATA_L2', 'ASPtex', 'DALAt2pp', 'DCTPD', 'FA120ACPHi', 'FACOAL140t2pp', 'FACOAL160t2pp', 'FACOAL161t2pp', 'FACOAL181t2pp', 'ECOAH1', 'ECOAH2', 'ECOAH3', 'ECOAH4', 'ECOAH5', 'ECOAH6', 'ECOAH7', 'ECOAH8', 'GLUCYS', 'GLUR', 'GLUSy', 'GLYAT', 'GLYC3Ptex', 'HACD1i', 'HACD2i', 'HACD3i', 'HACD4i', 'HACD5i', 'HACD6i', 'HACD7i', 'GLYCLTDy', 'HACD8i', 'GMPR', 'GND', 'CTECOAI7', 'GTHRDabc2pp', 'GTHRDtex', 'GTHS', 'ILEtex', 'KAT1', 'LPLIPAL1E181pp', 'ACACT11', 'ACACT8', 'ACACT13', 'ACACT10', 'ACACT9', 'LPLIPAL1G140pp', 'LPLIPAL1G160pp', 'LPLIPAL1G161pp', 'LPLIPAL1G181pp', 'ACACT12', 'ACACT8r', 'LCTStex', 'LEUtex', 'LPLIPAL1E140pp', 'LPLIPAL1E160pp', 'LPLIPAL1E161pp', 'MACPD', 'MDDCP3pp', 'MDDCP4pp', 'MPTG', 'G3PEtex', 'NADPHQR2', 'MLTGY1pp', 'G3PGtex', 'NDPK6', 'NTPP2', 'NTPP7', 'NTPP8', 'CTECOAI8', 'PAPPT3', 'PLIPA2E140pp', 'PLIPA2E160pp', 'PLIPA2E161pp', 'PLIPA2E181pp', 'PLIPA2G140pp', 'PFL', 'PLIPA2G160pp', 'PLIPA2G161pp', 'PLIPA2G181pp', 'PPPGO3', 'PYAM5PO', 'PROtex', 'THIORDXi', 'THRD', 'THRtex', 'UAAGDS', 'UAGCVT', 'UAGPT3', 'UAMAGS', 'UAMAS', 'UAPGR', 'UDCPDP', 'UDPG4E', 'UGLT', 'UGMDDS', 'URAt2pp_copy2', 'URAtex', 'VALtex', 'EX_LalaDgluMdapDala_e', 'EX_ade_e', 'EX_anhgm_e', 'EX_arg__L_e', 'EX_asn__L_e', 'EX_asp__L_e', 'EX_g3pe_e', 'EX_g3pg_e', 'EX_lcts_e', 'EX_leu__L_e', 'EX_glyc3p_e', 'EX_gthrd_e', 'EX_ile__L_e', 'EX_pro__L_e', 'EX_ura_e', 'EX_val__L_e', 'EX_thr__L_e']","['ACOAD6f', 'ASNt2rpp', 'GLYK', 'G3PD2', 'MDH', 'G6PDH2r', 'PGL', 'PGI', 'RPE', 'RPI', 'TALA', 'TKT1']",TKT2,GND,3.486418528099188,1,182,12,-32.0,-0.655904443935379,iPC815,PSL,True,False,-9.77203796477988,0.0,0.0,0.0
179,"['GLCP', 'ACOAD1f', 'ACOAD2f', 'ACOAD3f', 'ACOAD4f', 'ACOAD5f', 'ACOAD6f', 'ACOAD7f', 'ADEt2rpp', 'ADEtex', 'ADPT', 'ASAD', 'ALATA_L2', 'ASPK', 'CS', 'CHORM', 'DCTPD', 'FA120ACPHi', 'FACOAE120', 'FACOAL140t2pp', 'FACOAL160t2pp', 'FACOAL161t2pp', 'FACOAL181t2pp', 'FADRx', 'FBA', 'ECOAH1', 'ECOAH2', 'ECOAH3', 'ECOAH4', 'ECOAH5', 'ECOAH6', 'ECOAH7', 'ECOAH8', 'GLUSy', 'FRD2', 'HACD1i', 'HACD2i', 'HACD3i', 'HACD4i', 'HACD5i', 'HACD6i', 'HACD7i', 'GLYCLTDy', 'HACD8i', 'GMPR', 'GND', 'CTECOAI7', 'HOMt2pp', 'HOMtex', 'ILEtex', 'HSDy', 'ILEabcpp', 'KAT1', 'LPLIPAL1E181pp', 'ACACT11', 'ACACT8', 'ACACT13', 'ACACT10', 'ACACT9', 'LPLIPAL1G140pp', 'LPLIPAL1G160pp', 'LPLIPAL1G161pp', 'LPLIPAL1G181pp', 'ACACT12', 'ACACT8r', 'LEUabcpp', 'LEUtex', 'LPLIPAL1E140pp', 'LPLIPAL1E160pp', 'LPLIPAL1E161pp', 'MACPD', 'G3PEtex', 'NADPHQR2', 'NADPHQR3', 'G3PGtex', 'NDPK6', 'NDPK8', 'G6PDA', 'ORNabcpp', 'G6PDH2r', 'ORNtex', 'P5CD', 'NTPP2', 'NTPP6', 'NTPP7', 'NTPP8', 'CTECOAI8', 'PLIPA2E140pp', 'PLIPA2E160pp', 'PLIPA2E161pp', 'PFK', 'PLIPA2E181pp', 'PGL', 'PLIPA2G140pp', 'PLIPA2G160pp', 'PLIPA2G161pp', 'PLIPA2G181pp', 'PGCD', 'PGI', 'PPA', 'PPC', 'PSERT', 'PSP_L', 'PPND', 'PPPGO', 'PPPGO3', 'PYAM5PO', 'PROabcpp', 'PROtex', 'RNDR4', 'RNDR1', 'RPE', 'RPI', 'RNDR2', 'RNDR3', 'TALA', 'THD2pp', 'THIORDXi', 'THRabcpp', 'THRtex', 'TKT1', 'TKT2', 'TPI', 'TYRTA', 'TRPS1', 'TRPt2rpp', 'TRPtex', 'PIuabcpp', 'VALabcpp', 'VALtex', 'EX_ade_e', 'EX_g3pe_e', 'EX_g3pg_e', 'EX_leu__L_e', 'EX_trp__L_e', 'EX_orn_e', 'EX_hom__L_e', 'EX_ile__L_e', 'EX_pro__L_e', 'EX_val__L_e', 'EX_thr__L_e']","[0.00027384872380140785, 0.0002110413411173795, 0.0002110413411173795, 0.0002110413411173795, 0.0002110413411173795, 0.0002110413411173795, 0.00018258952570704423, 0.0001150164639511786, 0.00042203289171993674, 0.00042203289171993674, 0.0004095852224650499, -0.00912493382725188, 0.00017817949431753188, 0.00912493382725188, -0.09903729434333497, -0.00023117100061158247, 1.6505609509855773e-05, 2.8451815459886766e-05, -2.8451815459886766e-05, 2.9874406232876377e-05, 8.71336848459036e-05, 3.769865548434916e-05, 2.788277915068832e-05, -0.0013528126955789227, -0.10148871850174146, -0.0002110413411173795, -0.0002110413411173795, -0.0002110413411173795, -0.0002110413411173795, -0.0002110413411173795, -0.00018258952570704423, -0.0001527151194977705, -2.7882779136234603e-05, 0.0047080612201378935, 0.10565803742154767, 0.00021104134117370336, 0.00021104134117370336, 0.00021104134117370336, 0.00021104134117370336, 0.00021104134117370336, 0.0001825895257138166, 0.00015271511948094021, 8.891192331222236e-05, 2.788277915068832e-05, 0.0004950793713867779, 0.3291175615962668, 3.769865548434916e-05, 0.00912493382721119, -0.00912493382725188, -0.0006935130018064228, -0.00912493382725188, -0.0006935130018347474, 0.00021104134117370336, 9.602487717711751e-06, 0.00021104134117370336, 0.00021104134117370336, 0.00021104134117370336, 0.00021104134117370336, 0.0001825895257138166, 4.623420012231632e-06, 1.3336788496822165e-05, 5.868186938601662e-06, 4.338901857632734e-06, 0.00015271511948094021, 2.788277915068832e-05, -0.0012269845417076097, -0.0012269845417449687, 1.0313783104208942e-05, 3.02300539261292e-05, 1.2981140803573245e-05, 2.84518154598859e-05, -6.312746552339377e-05, 0.0005651775318600907, 0.10565803742154767, -2.816729727328493e-05, -1.6505609551131784e-05, -4.392249013562832e-05, 2.1338861594914858e-05, -0.0005192456321429229, 0.32911756159626293, -0.0005192456321765349, -0.008058276389145969, 0.0004950793713867779, 0.0031621442746943285, 4.392249011620029e-05, 0.000528346656626516, 2.788277915068832e-05, 1.0313783104208942e-05, 3.02300539261292e-05, 1.2981140803573245e-05, -0.10148871850177876, 9.602487717711751e-06, 0.3291175615962668, 4.623420012231632e-06, 1.3336788496822165e-05, 5.868186938601662e-06, 4.338901857632734e-06, -0.003939045991133372, -0.32229409871945336, -4.861881804271717e-05, -0.09421562825326812, -0.003939045991133372, -0.003939045991133372, -0.00023117100061158247, -0.00010574591416154476, 0.00010574591416154476, 0.0001781794943175423, -0.008627312698343714, -0.008627312698308742, -6.042809962605606e-05, -4.392249011620029e-05, 0.22075558954065855, -0.10837623352801984, -4.516725704256999e-05, -2.866164753271422e-05, 0.11016983125330171, -0.00472406908596506, 0.0001781794943175423, -0.0006757306171772393, -0.0006757306172175959, 0.11014137943789137, 0.11061421010276717, -0.1014932352275082, 0.00023117100056424533, -0.0001242959255691404, 3.004928680638841e-05, 3.004928680638841e-05, -0.0013645970808977145, -0.0008892241491521253, -0.0008892241492048925, -0.00042203289172875044, 6.312746555162314e-05, 2.8167297305288193e-05, 0.0012269845417076097, -3.0049286858265314e-05, 0.0005192456321429229, 0.00912493382721119, 0.0006935130018347474, 0.008627312698343714, 0.0008892241491521253, 0.0006757306171772393]","[0.00027384872380140785, 0.0002110413411173795, 0.0002110413411173795, 0.0002110413411173795, 0.0002110413411173795, 0.0002110413411173795, 0.00018258952570704423, 0.0001150164639511786, 0.00042203289171993674, 0.00042203289171993674, 0.0004095852224650499, 0.00912493382725188, 0.00017817949431753188, 0.00912493382725188, 0.09903729434333497, 0.00023117100061158247, 1.6505609509855773e-05, 2.8451815459886766e-05, 2.8451815459886766e-05, 2.9874406232876377e-05, 8.71336848459036e-05, 3.769865548434916e-05, 2.788277915068832e-05, 0.0013528126955789227, 0.10148871850174146, 0.0002110413411173795, 0.0002110413411173795, 0.0002110413411173795, 0.0002110413411173795, 0.0002110413411173795, 0.00018258952570704423, 0.0001527151194977705, 2.7882779136234603e-05, 0.0047080612201378935, 0.10565803742154767, 0.00021104134117370336, 0.00021104134117370336, 0.00021104134117370336, 0.00021104134117370336, 0.00021104134117370336, 0.0001825895257138166, 0.00015271511948094021, 8.891192331222236e-05, 2.788277915068832e-05, 0.0004950793713867779, 0.3291175615962668, 3.769865548434916e-05, 0.00912493382721119, 0.00912493382725188, 0.0006935130018064228, 0.00912493382725188, 0.0006935130018347474, 0.00021104134117370336, 9.602487717711751e-06, 0.00021104134117370336, 0.00021104134117370336, 0.00021104134117370336, 0.00021104134117370336, 0.0001825895257138166, 4.623420012231632e-06, 1.3336788496822165e-05, 5.868186938601662e-06, 4.338901857632734e-06, 0.00015271511948094021, 2.788277915068832e-05, 0.0012269845417076097, 0.0012269845417449687, 1.0313783104208942e-05, 3.02300539261292e-05, 1.2981140803573245e-05, 2.84518154598859e-05, 6.312746552339377e-05, 0.0005651775318600907, 0.10565803742154767, 2.816729727328493e-05, 1.6505609551131784e-05, 4.392249013562832e-05, 2.1338861594914858e-05, 0.0005192456321429229, 0.32911756159626293, 0.0005192456321765349, 0.008058276389145969, 0.0004950793713867779, 0.0031621442746943285, 4.392249011620029e-05, 0.000528346656626516, 2.788277915068832e-05, 1.0313783104208942e-05, 3.02300539261292e-05, 1.2981140803573245e-05, 0.10148871850177876, 9.602487717711751e-06, 0.3291175615962668, 4.623420012231632e-06, 1.3336788496822165e-05, 5.868186938601662e-06, 4.338901857632734e-06, 0.003939045991133372, 0.32229409871945336, 4.861881804271717e-05, 0.09421562825326812, 0.003939045991133372, 0.003939045991133372, 0.00023117100061158247, 0.00010574591416154476, 0.00010574591416154476, 0.0001781794943175423, 0.008627312698343714, 0.008627312698308742, 6.042809962605606e-05, 4.392249011620029e-05, 0.22075558954065855, 0.10837623352801984, 4.516725704256999e-05, 2.866164753271422e-05, 0.11016983125330171, 0.00472406908596506, 0.0001781794943175423, 0.0006757306171772393, 0.0006757306172175959, 0.11014137943789137, 0.11061421010276717, 0.1014932352275082, 0.00023117100056424533, 0.0001242959255691404, 3.004928680638841e-05, 3.004928680638841e-05, 0.0013645970808977145, 0.0008892241491521253, 0.0008892241492048925, 0.00042203289172875044, 6.312746555162314e-05, 2.8167297305288193e-05, 0.0012269845417076097, 3.0049286858265314e-05, 0.0005192456321429229, 0.00912493382721119, 0.0006935130018347474, 0.008627312698343714, 0.0008892241491521253, 0.0006757306171772393]","['ADEt2rpp', 'ADEtex', 'CS', 'CHORM', 'FACOAE120', 'FADRx', 'ILEabcpp', 'LEUabcpp', 'NDPK8', 'ORNabcpp', 'P5CD', 'PGCD', 'PPA', 'PPC', 'PSERT', 'PSP_L', 'PPND', 'PPPGO', 'PROabcpp', 'RNDR4', 'RNDR1', 'RNDR2', 'RNDR3', 'THD2pp', 'THRabcpp', 'TKT2', 'TYRTA', 'TRPS1', 'TRPt2rpp', 'TRPtex', 'PIuabcpp', 'VALabcpp', 'EX_ade_e', 'EX_trp__L_e']","['GLCP', 'ACOAD1f', 'ACOAD2f', 'ACOAD3f', 'ACOAD4f', 'ACOAD5f', 'ACOAD7f', 'ADPT', 'ASAD', 'ALATA_L2', 'ASPK', 'DCTPD', 'FA120ACPHi', 'FACOAL140t2pp', 'FACOAL160t2pp', 'FACOAL161t2pp', 'FACOAL181t2pp', 'ECOAH1', 'ECOAH2', 'ECOAH3', 'ECOAH4', 'ECOAH5', 'ECOAH6', 'ECOAH7', 'ECOAH8', 'GLUSy', 'FRD2', 'HACD1i', 'HACD2i', 'HACD3i', 'HACD4i', 'HACD5i', 'HACD6i', 'HACD7i', 'GLYCLTDy', 'HACD8i', 'GMPR', 'GND', 'CTECOAI7', 'HOMt2pp', 'HOMtex', 'ILEtex', 'HSDy', 'KAT1', 'LPLIPAL1E181pp', 'ACACT11', 'ACACT8', 'ACACT13', 'ACACT10', 'ACACT9', 'LPLIPAL1G140pp', 'LPLIPAL1G160pp', 'LPLIPAL1G161pp', 'LPLIPAL1G181pp', 'ACACT12', 'ACACT8r', 'LEUtex', 'LPLIPAL1E140pp', 'LPLIPAL1E160pp', 'LPLIPAL1E161pp', 'MACPD', 'G3PEtex', 'NADPHQR2', 'NADPHQR3', 'G3PGtex', 'NDPK6', 'G6PDA', 'G6PDH2r', 'ORNtex', 'NTPP2', 'NTPP6', 'NTPP7', 'NTPP8', 'CTECOAI8', 'PLIPA2E140pp', 'PLIPA2E160pp', 'PLIPA2E161pp', 'PLIPA2E181pp', 'PGL', 'PLIPA2G140pp', 'PLIPA2G160pp', 'PLIPA2G161pp', 'PLIPA2G181pp', 'PPPGO3', 'PYAM5PO', 'PROtex', 'THIORDXi', 'THRtex', 'VALtex', 'EX_g3pe_e', 'EX_g3pg_e', 'EX_leu__L_e', 'EX_orn_e', 'EX_hom__L_e', 'EX_ile__L_e', 'EX_pro__L_e', 'EX_val__L_e', 'EX_thr__L_e']","['ACOAD6f', 'FBA', 'PFK', 'PGI', 'RPE', 'RPI', 'TALA', 'TKT1', 'TPI']",TKT2,G6PDH2r,4.43187181070294,1,141,9,-35.0,-0.7963892867332408,iPC815,PSL,True,False,-9.77203796477988,0.0,0.0,0.0
180,"['GLCP', 'ACOAD1f', 'ACOAD2f', 'ACOAD3f', 'ACOAD4f', 'ACOAD5f', 'ACOAD6f', 'ACOAD7f', 'ADEt2rpp', 'ADEtex', 'ADPT', 'ASAD', 'ALATA_L2', 'ASPK', 'CS', 'CHORM', 'DCTPD', 'FA120ACPHi', 'FACOAE120', 'FACOAL140t2pp', 'FACOAL160t2pp', 'FACOAL161t2pp', 'FACOAL181t2pp', 'FADRx', 'FBA', 'ECOAH1', 'ECOAH2', 'ECOAH3', 'ECOAH4', 'ECOAH5', 'ECOAH6', 'ECOAH7', 'ECOAH8', 'GLUSy', 'FRD2', 'HACD1i', 'HACD2i', 'HACD3i', 'HACD4i', 'HACD5i', 'HACD6i', 'HACD7i', 'GLYCLTDy', 'HACD8i', 'GMPR', 'GND', 'CTECOAI7', 'HOMt2pp', 'HOMtex', 'ILEtex', 'HSDy', 'ILEabcpp', 'KAT1', 'LPLIPAL1E181pp', 'ACACT11', 'ACACT8', 'ACACT13', 'ACACT10', 'ACACT9', 'LPLIPAL1G140pp', 'LPLIPAL1G160pp', 'LPLIPAL1G161pp', 'LPLIPAL1G181pp', 'ACACT12', 'ACACT8r', 'LEUabcpp', 'LEUtex', 'LPLIPAL1E140pp', 'LPLIPAL1E160pp', 'LPLIPAL1E161pp', 'MACPD', 'G3PEtex', 'NADPHQR2', 'NADPHQR3', 'G3PGtex', 'NDPK6', 'NDPK8', 'G6PDA', 'ORNabcpp', 'G6PDH2r', 'ORNtex', 'P5CD', 'NTPP2', 'NTPP6', 'NTPP7', 'NTPP8', 'CTECOAI8', 'PLIPA2E140pp', 'PLIPA2E160pp', 'PLIPA2E161pp', 'PFK', 'PLIPA2E181pp', 'PGL', 'PLIPA2G140pp', 'PLIPA2G160pp', 'PLIPA2G161pp', 'PLIPA2G181pp', 'PGCD', 'PGI', 'PPA', 'PPC', 'PSERT', 'PSP_L', 'PPND', 'PPPGO', 'PPPGO3', 'PYAM5PO', 'PROabcpp', 'PROtex', 'RNDR4', 'RNDR1', 'RPE', 'RPI', 'RNDR2', 'RNDR3', 'TALA', 'THD2pp', 'THIORDXi', 'THRabcpp', 'THRtex', 'TKT1', 'TKT2', 'TPI', 'TYRTA', 'TRPS1', 'TRPt2rpp', 'TRPtex', 'PIuabcpp', 'VALabcpp', 'VALtex', 'EX_ade_e', 'EX_g3pe_e', 'EX_g3pg_e', 'EX_leu__L_e', 'EX_trp__L_e', 'EX_orn_e', 'EX_hom__L_e', 'EX_ile__L_e', 'EX_pro__L_e', 'EX_val__L_e', 'EX_thr__L_e']","[0.00027384872380140785, 0.0002110413411173795, 0.0002110413411173795, 0.0002110413411173795, 0.0002110413411173795, 0.0002110413411173795, 0.00018258952570704423, 0.0001150164639511786, 0.00042203289171993674, 0.00042203289171993674, 0.0004095852224650499, -0.00912493382725188, 0.00017817949431753188, 0.00912493382725188, -0.09903729434333497, -0.00023117100061158247, 1.6505609509855773e-05, 2.8451815459886766e-05, -2.8451815459886766e-05, 2.9874406232876377e-05, 8.71336848459036e-05, 3.769865548434916e-05, 2.788277915068832e-05, -0.0013528126955789227, -0.10148871850174146, -0.0002110413411173795, -0.0002110413411173795, -0.0002110413411173795, -0.0002110413411173795, -0.0002110413411173795, -0.00018258952570704423, -0.0001527151194977705, -2.7882779136234603e-05, 0.0047080612201378935, 0.10565803742154767, 0.00021104134117370336, 0.00021104134117370336, 0.00021104134117370336, 0.00021104134117370336, 0.00021104134117370336, 0.0001825895257138166, 0.00015271511948094021, 8.891192331222236e-05, 2.788277915068832e-05, 0.0004950793713867779, 0.3291175615962668, 3.769865548434916e-05, 0.00912493382721119, -0.00912493382725188, -0.0006935130018064228, -0.00912493382725188, -0.0006935130018347474, 0.00021104134117370336, 9.602487717711751e-06, 0.00021104134117370336, 0.00021104134117370336, 0.00021104134117370336, 0.00021104134117370336, 0.0001825895257138166, 4.623420012231632e-06, 1.3336788496822165e-05, 5.868186938601662e-06, 4.338901857632734e-06, 0.00015271511948094021, 2.788277915068832e-05, -0.0012269845417076097, -0.0012269845417449687, 1.0313783104208942e-05, 3.02300539261292e-05, 1.2981140803573245e-05, 2.84518154598859e-05, -6.312746552339377e-05, 0.0005651775318600907, 0.10565803742154767, -2.816729727328493e-05, -1.6505609551131784e-05, -4.392249013562832e-05, 2.1338861594914858e-05, -0.0005192456321429229, 0.32911756159626293, -0.0005192456321765349, -0.008058276389145969, 0.0004950793713867779, 0.0031621442746943285, 4.392249011620029e-05, 0.000528346656626516, 2.788277915068832e-05, 1.0313783104208942e-05, 3.02300539261292e-05, 1.2981140803573245e-05, -0.10148871850177876, 9.602487717711751e-06, 0.3291175615962668, 4.623420012231632e-06, 1.3336788496822165e-05, 5.868186938601662e-06, 4.338901857632734e-06, -0.003939045991133372, -0.32229409871945336, -4.861881804271717e-05, -0.09421562825326812, -0.003939045991133372, -0.003939045991133372, -0.00023117100061158247, -0.00010574591416154476, 0.00010574591416154476, 0.0001781794943175423, -0.008627312698343714, -0.008627312698308742, -6.042809962605606e-05, -4.392249011620029e-05, 0.22075558954065855, -0.10837623352801984, -4.516725704256999e-05, -2.866164753271422e-05, 0.11016983125330171, -0.00472406908596506, 0.0001781794943175423, -0.0006757306171772393, -0.0006757306172175959, 0.11014137943789137, 0.11061421010276717, -0.1014932352275082, 0.00023117100056424533, -0.0001242959255691404, 3.004928680638841e-05, 3.004928680638841e-05, -0.0013645970808977145, -0.0008892241491521253, -0.0008892241492048925, -0.00042203289172875044, 6.312746555162314e-05, 2.8167297305288193e-05, 0.0012269845417076097, -3.0049286858265314e-05, 0.0005192456321429229, 0.00912493382721119, 0.0006935130018347474, 0.008627312698343714, 0.0008892241491521253, 0.0006757306171772393]","[0.00027384872380140785, 0.0002110413411173795, 0.0002110413411173795, 0.0002110413411173795, 0.0002110413411173795, 0.0002110413411173795, 0.00018258952570704423, 0.0001150164639511786, 0.00042203289171993674, 0.00042203289171993674, 0.0004095852224650499, 0.00912493382725188, 0.00017817949431753188, 0.00912493382725188, 0.09903729434333497, 0.00023117100061158247, 1.6505609509855773e-05, 2.8451815459886766e-05, 2.8451815459886766e-05, 2.9874406232876377e-05, 8.71336848459036e-05, 3.769865548434916e-05, 2.788277915068832e-05, 0.0013528126955789227, 0.10148871850174146, 0.0002110413411173795, 0.0002110413411173795, 0.0002110413411173795, 0.0002110413411173795, 0.0002110413411173795, 0.00018258952570704423, 0.0001527151194977705, 2.7882779136234603e-05, 0.0047080612201378935, 0.10565803742154767, 0.00021104134117370336, 0.00021104134117370336, 0.00021104134117370336, 0.00021104134117370336, 0.00021104134117370336, 0.0001825895257138166, 0.00015271511948094021, 8.891192331222236e-05, 2.788277915068832e-05, 0.0004950793713867779, 0.3291175615962668, 3.769865548434916e-05, 0.00912493382721119, 0.00912493382725188, 0.0006935130018064228, 0.00912493382725188, 0.0006935130018347474, 0.00021104134117370336, 9.602487717711751e-06, 0.00021104134117370336, 0.00021104134117370336, 0.00021104134117370336, 0.00021104134117370336, 0.0001825895257138166, 4.623420012231632e-06, 1.3336788496822165e-05, 5.868186938601662e-06, 4.338901857632734e-06, 0.00015271511948094021, 2.788277915068832e-05, 0.0012269845417076097, 0.0012269845417449687, 1.0313783104208942e-05, 3.02300539261292e-05, 1.2981140803573245e-05, 2.84518154598859e-05, 6.312746552339377e-05, 0.0005651775318600907, 0.10565803742154767, 2.816729727328493e-05, 1.6505609551131784e-05, 4.392249013562832e-05, 2.1338861594914858e-05, 0.0005192456321429229, 0.32911756159626293, 0.0005192456321765349, 0.008058276389145969, 0.0004950793713867779, 0.0031621442746943285, 4.392249011620029e-05, 0.000528346656626516, 2.788277915068832e-05, 1.0313783104208942e-05, 3.02300539261292e-05, 1.2981140803573245e-05, 0.10148871850177876, 9.602487717711751e-06, 0.3291175615962668, 4.623420012231632e-06, 1.3336788496822165e-05, 5.868186938601662e-06, 4.338901857632734e-06, 0.003939045991133372, 0.32229409871945336, 4.861881804271717e-05, 0.09421562825326812, 0.003939045991133372, 0.003939045991133372, 0.00023117100061158247, 0.00010574591416154476, 0.00010574591416154476, 0.0001781794943175423, 0.008627312698343714, 0.008627312698308742, 6.042809962605606e-05, 4.392249011620029e-05, 0.22075558954065855, 0.10837623352801984, 4.516725704256999e-05, 2.866164753271422e-05, 0.11016983125330171, 0.00472406908596506, 0.0001781794943175423, 0.0006757306171772393, 0.0006757306172175959, 0.11014137943789137, 0.11061421010276717, 0.1014932352275082, 0.00023117100056424533, 0.0001242959255691404, 3.004928680638841e-05, 3.004928680638841e-05, 0.0013645970808977145, 0.0008892241491521253, 0.0008892241492048925, 0.00042203289172875044, 6.312746555162314e-05, 2.8167297305288193e-05, 0.0012269845417076097, 3.0049286858265314e-05, 0.0005192456321429229, 0.00912493382721119, 0.0006935130018347474, 0.008627312698343714, 0.0008892241491521253, 0.0006757306171772393]","['ADEt2rpp', 'ADEtex', 'CS', 'CHORM', 'FACOAE120', 'FADRx', 'ILEabcpp', 'LEUabcpp', 'NDPK8', 'ORNabcpp', 'P5CD', 'PGCD', 'PPA', 'PPC', 'PSERT', 'PSP_L', 'PPND', 'PPPGO', 'PROabcpp', 'RNDR4', 'RNDR1', 'RNDR2', 'RNDR3', 'THD2pp', 'THRabcpp', 'TKT2', 'TYRTA', 'TRPS1', 'TRPt2rpp', 'TRPtex', 'PIuabcpp', 'VALabcpp', 'EX_ade_e', 'EX_trp__L_e']","['GLCP', 'ACOAD1f', 'ACOAD2f', 'ACOAD3f', 'ACOAD4f', 'ACOAD5f', 'ACOAD7f', 'ADPT', 'ASAD', 'ALATA_L2', 'ASPK', 'DCTPD', 'FA120ACPHi', 'FACOAL140t2pp', 'FACOAL160t2pp', 'FACOAL161t2pp', 'FACOAL181t2pp', 'ECOAH1', 'ECOAH2', 'ECOAH3', 'ECOAH4', 'ECOAH5', 'ECOAH6', 'ECOAH7', 'ECOAH8', 'GLUSy', 'FRD2', 'HACD1i', 'HACD2i', 'HACD3i', 'HACD4i', 'HACD5i', 'HACD6i', 'HACD7i', 'GLYCLTDy', 'HACD8i', 'GMPR', 'GND', 'CTECOAI7', 'HOMt2pp', 'HOMtex', 'ILEtex', 'HSDy', 'KAT1', 'LPLIPAL1E181pp', 'ACACT11', 'ACACT8', 'ACACT13', 'ACACT10', 'ACACT9', 'LPLIPAL1G140pp', 'LPLIPAL1G160pp', 'LPLIPAL1G161pp', 'LPLIPAL1G181pp', 'ACACT12', 'ACACT8r', 'LEUtex', 'LPLIPAL1E140pp', 'LPLIPAL1E160pp', 'LPLIPAL1E161pp', 'MACPD', 'G3PEtex', 'NADPHQR2', 'NADPHQR3', 'G3PGtex', 'NDPK6', 'G6PDA', 'G6PDH2r', 'ORNtex', 'NTPP2', 'NTPP6', 'NTPP7', 'NTPP8', 'CTECOAI8', 'PLIPA2E140pp', 'PLIPA2E160pp', 'PLIPA2E161pp', 'PLIPA2E181pp', 'PGL', 'PLIPA2G140pp', 'PLIPA2G160pp', 'PLIPA2G161pp', 'PLIPA2G181pp', 'PPPGO3', 'PYAM5PO', 'PROtex', 'THIORDXi', 'THRtex', 'VALtex', 'EX_g3pe_e', 'EX_g3pg_e', 'EX_leu__L_e', 'EX_orn_e', 'EX_hom__L_e', 'EX_ile__L_e', 'EX_pro__L_e', 'EX_val__L_e', 'EX_thr__L_e']","['ACOAD6f', 'FBA', 'PFK', 'PGI', 'RPE', 'RPI', 'TALA', 'TKT1', 'TPI']",TKT2,PGL,4.43187181070294,1,141,9,-35.0,-0.7963892867332408,iPC815,PSL,True,False,-9.77203796477988,0.0,0.0,0.001644638611046
181,"['GALKr', 'GLCabcpp', 'ACOAD1f', 'ACOAD2f', 'ACOAD3f', 'ACOAD4f', 'ACOAD5f', 'ACOAD6f', 'ADEt2rpp', 'ADEtex', '4PEPTtex', 'AMPN', 'AGM4PApp', 'ANHGMtex', 'ARGabcpp', 'ARGtex', 'ALAALAr', 'ASNt2rpp', 'ASNtex', 'ALATA_L2', 'ASPabcpp', 'ASPtex', 'AST', 'CPPPGO', 'CS', 'CYTD', 'CYTDK2', 'DALAt2pp', 'DAPDC', 'FA120ACPHi', 'FACOAE120', 'FACOAL140t2pp', 'FACOAL160t2pp', 'FACOAL181t2pp', 'FADRx', 'FCLT', 'ECOAH1', 'ECOAH2', 'ECOAH3', 'ECOAH4', 'ECOAH5', 'ECOAH6', 'ECOAH7', 'ECOAH8', 'EDA', 'EDD', 'FE2t2pp', 'FE2tex', 'GLUCYS', 'GLUR', 'GLUSy', 'GLUTRR', 'GLUTRS', 'GLYC3Pabcpp', 'GLYC3Ptex', 'HACD1i', 'HACD2i', 'HACD3i', 'HACD4i', 'HACD5i', 'HACD6i', 'HACD7i', 'GLYCLTDy', 'HACD8i', 'GMPR', 'GND', 'HEX7', 'GPDDA4', 'HMBS', 'GTHRDabc2pp', 'GTHRDtex', 'GTHS', 'ILEtex', 'ILEabcpp', 'KAT1', 'LPLIPAL1E181pp', 'ACACT11', 'ACACT8', 'ACACT13', 'ACACT10', 'ACACT9', 'LPLIPAL1G160pp', 'ACACT12', 'ACACT8r', 'LACZpp', 'LCTStex', 'LEUabcpp', 'G1SAT', 'LEUtex', 'LPLIPAL1E140pp', 'LPLIPAL1E160pp', 'LPLIPAL1E161pp', 'G3PEtex', 'G3PGabcpp', 'NADPHQR2', 'G3PGtex', 'NDPK7', 'NDPK8', 'ORNabcpp', 'G6PDH2r', 'ORNtex', 'P5CD', 'NTPP2', 'NTPP7', 'NTPP8', 'GALabcpp', 'CTECOAI8', 'PAPPT3', 'PDH', 'PLIPA2E140pp', 'PLIPA2E160pp', 'PLIPA2E161pp', 'PLIPA2E181pp', 'PGL', 'PLIPA2G160pp', 'PPA', 'PPBNGS', 'PPPGO', 'PPPGO3', 'PYAM5PO', 'PYNP2r', 'PROabcpp', 'PROtex', 'RNDR4', 'RNDR1', 'RPE', 'RPI', 'SADH', 'RNDR3', 'TALA', 'SGDS', 'SGSAD', 'THIORDXi', 'SOTA', 'THRabcpp', 'THRtex', 'TKT1', 'TKT2', 'PHEMEabcpp', 'UAAGDS', 'UAGCVT', 'PHEMEtiex', 'UAGPT3', 'UAMAGS', 'UAMAS', 'UAPGR', 'UDCPDP', 'XYLI2', 'UDPG4E', 'UGLT', 'UGMDDS', 'UPP3S', 'UPPDC1', 'UPPRT', 'URAt2pp_copy2', 'URAtex', 'URIK2', 'PIuabcpp', 'VALabcpp', 'VALtex', 'ENOPH', 'EX_LalaDgluMdapDala_e', 'EX_ade_e', 'EX_anhgm_e', 'EX_fe2_e', 'EX_arg__L_e', 'EX_asn__L_e', 'EX_asp__L_e', 'EX_g3pe_e', 'EX_g3pg_e', 'EX_lcts_e', 'EX_leu__L_e', 'EX_glyc3p_e', 'EX_gthrd_e', 'EX_orn_e', 'EX_pheme_e', 'EX_ile__L_e', 'EX_pro__L_e', 'EX_ura_e', 'EX_val__L_e', 'EX_thr__L_e']","[-3.1788644378139e-05, -3.1788644345720485e-05, 3.4630772120181064e-05, 3.4630772120181064e-05, 3.4630772120181064e-05, 3.4630772120181064e-05, 3.4630772120181064e-05, 2.9961979066683853e-05, -0.0001394478007341604, -0.0001394478007341604, -1.7507974234831636e-06, 0.00014149039766417348, 1.750797375376029e-06, -1.7507974234831636e-06, -0.00022579858486244941, -0.00022579858489280014, 1.7507974234831636e-06, -7.58678862666784e-05, -7.58678862666784e-05, 2.9238316168783002e-05, -0.00012928571426043534, -0.00012928571425163682, -0.00014817990122141522, 7.192754920453967e-06, -0.015362406351134186, 1.3542417746092994e-06, -1.3542417746092994e-06, 1.750797375376029e-06, -1.750797375376029e-06, 4.668793001002744e-06, -4.668793001002744e-06, 4.902232651053141e-06, 1.429817856557318e-05, 4.575417140982932e-06, -0.00022198651722455488, 7.192754920453967e-06, -3.4630772120181064e-05, -3.4630772120181064e-05, -3.4630772120181064e-05, -3.4630772120181064e-05, -3.4630772120181064e-05, -2.9961979066683853e-05, -2.5059746462829935e-05, -4.575417165142426e-06, -0.01573563386854787, -0.01573563386854787, 7.192754920453967e-06, 7.192754878815322e-06, 2.131858424116995e-05, -1.7507974234831636e-06, 0.00018280921628640524, 5.754203936363174e-05, 5.754203936363174e-05, -0.00015719096349897654, -0.00015719096347766026, 3.463077208576987e-05, 3.463077208576987e-05, 3.463077208576987e-05, 3.463077208576987e-05, 3.463077208576987e-05, 2.9961979084767122e-05, 2.505974643371398e-05, 1.458997812812425e-05, 4.575417140982932e-06, 8.123699821727115e-05, 0.04777993700243016, -3.1788644345720485e-05, -6.672639035185113e-05, 7.192754920453967e-06, 2.131858424116995e-05, -2.1318584231266868e-05, 2.131858424116995e-05, -0.00011380182934317418, -0.0001138018293994486, 3.463077208576987e-05, 2.287708570491466e-06, 3.463077208576987e-05, 3.463077208576987e-05, 3.463077208576987e-05, 3.463077208576987e-05, 2.9961979084767122e-05, 2.188496719220199e-06, 2.505974643371398e-05, 4.575417140982932e-06, -3.1788644345720485e-05, -3.1788644378139e-05, -0.00020134169816826697, 5.754203937158309e-05, -0.00020134169812990876, 1.6924374628636465e-06, 4.9605925635659576e-06, 3.0930753634438035e-06, -1.203381395953329e-05, -6.672639035185113e-05, 0.015753777539107006, -6.967356591758289e-05, -7.411708907056891e-06, -7.207449243651354e-06, -7.586788627278462e-06, 0.032044303133943686, -7.5867886835112586e-06, -0.0004336386693490485, 8.123699821727115e-05, 7.207449195298539e-06, 8.455154958900927e-05, -3.1788644345720485e-05, 4.575417140982932e-06, 1.750797375376029e-06, -0.01566569406248064, 1.6924374628636465e-06, 4.9605925635659576e-06, 3.0930753634438035e-06, 2.287708570491466e-06, 0.03204430313388229, 2.188496719220199e-06, -0.00011442361352466575, 2.877101968181587e-05, -2.214751726789698e-05, 2.9340272188350947e-05, 2.9238316168783002e-05, 5.3632759545507724e-05, -0.0005270145293691103, -0.0005270145293252426, -7.207449195298539e-06, -7.207449195298539e-06, 0.03205623190001461, -0.015726039498872524, -0.00014817990122141522, -7.411708889092962e-06, 0.016015422669056534, -0.00014817990122141522, -0.00014817990122141522, 2.9238316168783002e-05, -0.00014817990122141522, -0.00011088383377381994, -0.00011088383382684697, 0.016010753876003037, 0.016045478024011572, 7.192754920453967e-06, 1.750797375376029e-06, 1.750797375376029e-06, 7.192754920453967e-06, 1.750797375376029e-06, 1.750797375376029e-06, 1.750797375376029e-06, 1.750797375376029e-06, 1.750797375376029e-06, -3.1788644378139e-05, 3.1788644378139e-05, -3.1788644378139e-05, 1.750797375376029e-06, 7.192754920453967e-06, 7.192754920453967e-06, -3.831328270986756e-05, -9.194604228923708e-05, -9.194604228923708e-05, -5.227851782418913e-05, -1.6749294891099317e-06, -0.00014591699745547307, -0.00014591699743959907, -2.042596937938809e-06, 1.750797375376029e-06, 0.00013944780072623468, 1.750797375376029e-06, -7.192754878815322e-06, 0.00022579858486244941, 7.58678862663037e-05, 0.00012928571426043534, 1.2033813960364874e-05, 6.967356593373436e-05, 3.1788644345720485e-05, 0.00020134169816826697, 0.00015719096349897654, 2.131858424116995e-05, 7.586788627278462e-06, 7.192754920453967e-06, 0.0001138018293994486, 0.0005270145293691103, 9.194604230866599e-05, 0.00014591699745547307, 0.00011088383377381994]","[3.1788644378139e-05, 3.1788644345720485e-05, 3.4630772120181064e-05, 3.4630772120181064e-05, 3.4630772120181064e-05, 3.4630772120181064e-05, 3.4630772120181064e-05, 2.9961979066683853e-05, 0.0001394478007341604, 0.0001394478007341604, 1.7507974234831636e-06, 0.00014149039766417348, 1.750797375376029e-06, 1.7507974234831636e-06, 0.00022579858486244941, 0.00022579858489280014, 1.7507974234831636e-06, 7.58678862666784e-05, 7.58678862666784e-05, 2.9238316168783002e-05, 0.00012928571426043534, 0.00012928571425163682, 0.00014817990122141522, 7.192754920453967e-06, 0.015362406351134186, 1.3542417746092994e-06, 1.3542417746092994e-06, 1.750797375376029e-06, 1.750797375376029e-06, 4.668793001002744e-06, 4.668793001002744e-06, 4.902232651053141e-06, 1.429817856557318e-05, 4.575417140982932e-06, 0.00022198651722455488, 7.192754920453967e-06, 3.4630772120181064e-05, 3.4630772120181064e-05, 3.4630772120181064e-05, 3.4630772120181064e-05, 3.4630772120181064e-05, 2.9961979066683853e-05, 2.5059746462829935e-05, 4.575417165142426e-06, 0.01573563386854787, 0.01573563386854787, 7.192754920453967e-06, 7.192754878815322e-06, 2.131858424116995e-05, 1.7507974234831636e-06, 0.00018280921628640524, 5.754203936363174e-05, 5.754203936363174e-05, 0.00015719096349897654, 0.00015719096347766026, 3.463077208576987e-05, 3.463077208576987e-05, 3.463077208576987e-05, 3.463077208576987e-05, 3.463077208576987e-05, 2.9961979084767122e-05, 2.505974643371398e-05, 1.458997812812425e-05, 4.575417140982932e-06, 8.123699821727115e-05, 0.04777993700243016, 3.1788644345720485e-05, 6.672639035185113e-05, 7.192754920453967e-06, 2.131858424116995e-05, 2.1318584231266868e-05, 2.131858424116995e-05, 0.00011380182934317418, 0.0001138018293994486, 3.463077208576987e-05, 2.287708570491466e-06, 3.463077208576987e-05, 3.463077208576987e-05, 3.463077208576987e-05, 3.463077208576987e-05, 2.9961979084767122e-05, 2.188496719220199e-06, 2.505974643371398e-05, 4.575417140982932e-06, 3.1788644345720485e-05, 3.1788644378139e-05, 0.00020134169816826697, 5.754203937158309e-05, 0.00020134169812990876, 1.6924374628636465e-06, 4.9605925635659576e-06, 3.0930753634438035e-06, 1.203381395953329e-05, 6.672639035185113e-05, 0.015753777539107006, 6.967356591758289e-05, 7.411708907056891e-06, 7.207449243651354e-06, 7.586788627278462e-06, 0.032044303133943686, 7.5867886835112586e-06, 0.0004336386693490485, 8.123699821727115e-05, 7.207449195298539e-06, 8.455154958900927e-05, 3.1788644345720485e-05, 4.575417140982932e-06, 1.750797375376029e-06, 0.01566569406248064, 1.6924374628636465e-06, 4.9605925635659576e-06, 3.0930753634438035e-06, 2.287708570491466e-06, 0.03204430313388229, 2.188496719220199e-06, 0.00011442361352466575, 2.877101968181587e-05, 2.214751726789698e-05, 2.9340272188350947e-05, 2.9238316168783002e-05, 5.3632759545507724e-05, 0.0005270145293691103, 0.0005270145293252426, 7.207449195298539e-06, 7.207449195298539e-06, 0.03205623190001461, 0.015726039498872524, 0.00014817990122141522, 7.411708889092962e-06, 0.016015422669056534, 0.00014817990122141522, 0.00014817990122141522, 2.9238316168783002e-05, 0.00014817990122141522, 0.00011088383377381994, 0.00011088383382684697, 0.016010753876003037, 0.016045478024011572, 7.192754920453967e-06, 1.750797375376029e-06, 1.750797375376029e-06, 7.192754920453967e-06, 1.750797375376029e-06, 1.750797375376029e-06, 1.750797375376029e-06, 1.750797375376029e-06, 1.750797375376029e-06, 3.1788644378139e-05, 3.1788644378139e-05, 3.1788644378139e-05, 1.750797375376029e-06, 7.192754920453967e-06, 7.192754920453967e-06, 3.831328270986756e-05, 9.194604228923708e-05, 9.194604228923708e-05, 5.227851782418913e-05, 1.6749294891099317e-06, 0.00014591699745547307, 0.00014591699743959907, 2.042596937938809e-06, 1.750797375376029e-06, 0.00013944780072623468, 1.750797375376029e-06, 7.192754878815322e-06, 0.00022579858486244941, 7.58678862663037e-05, 0.00012928571426043534, 1.2033813960364874e-05, 6.967356593373436e-05, 3.1788644345720485e-05, 0.00020134169816826697, 0.00015719096349897654, 2.131858424116995e-05, 7.586788627278462e-06, 7.192754920453967e-06, 0.0001138018293994486, 0.0005270145293691103, 9.194604230866599e-05, 0.00014591699745547307, 0.00011088383377381994]","['GLCabcpp', 'ARGabcpp', 'ASPabcpp', 'AST', 'CS', 'CYTDK2', 'DAPDC', 'FACOAE120', 'FADRx', 'EDA', 'EDD', 'GLYC3Pabcpp', 'HEX7', 'GPDDA4', 'ILEabcpp', 'LACZpp', 'LEUabcpp', 'G3PGabcpp', 'NDPK7', 'NDPK8', 'ORNabcpp', 'P5CD', 'GALabcpp', 'PDH', 'PPA', 'PPPGO', 'PROabcpp', 'RNDR4', 'RNDR1', 'SADH', 'RNDR3', 'SGDS', 'SGSAD', 'SOTA', 'THRabcpp', 'TKT2', 'XYLI2', 'UPPRT', 'URIK2', 'PIuabcpp', 'VALabcpp', 'ENOPH']","['GALKr', 'ACOAD1f', 'ACOAD2f', 'ACOAD3f', 'ACOAD4f', 'ACOAD5f', 'ACOAD6f', 'ADEt2rpp', 'ADEtex', '4PEPTtex', 'AMPN', 'AGM4PApp', 'ANHGMtex', 'ARGtex', 'ALAALAr', 'ASNtex', 'ALATA_L2', 'ASPtex', 'CYTD', 'DALAt2pp', 'FA120ACPHi', 'FACOAL140t2pp', 'FACOAL160t2pp', 'FACOAL181t2pp', 'ECOAH1', 'ECOAH2', 'ECOAH3', 'ECOAH4', 'ECOAH5', 'ECOAH6', 'ECOAH7', 'ECOAH8', 'FE2t2pp', 'GLUCYS', 'GLUR', 'GLUSy', 'GLYC3Ptex', 'HACD1i', 'HACD2i', 'HACD3i', 'HACD4i', 'HACD5i', 'HACD6i', 'HACD7i', 'GLYCLTDy', 'HACD8i', 'GMPR', 'GTHRDabc2pp', 'GTHRDtex', 'GTHS', 'ILEtex', 'KAT1', 'LPLIPAL1E181pp', 'ACACT11', 'ACACT8', 'ACACT13', 'ACACT10', 'ACACT9', 'LPLIPAL1G160pp', 'ACACT12', 'ACACT8r', 'LCTStex', 'LEUtex', 'LPLIPAL1E140pp', 'LPLIPAL1E160pp', 'LPLIPAL1E161pp', 'NADPHQR2', 'G3PGtex', 'ORNtex', 'NTPP2', 'NTPP7', 'NTPP8', 'CTECOAI8', 'PAPPT3', 'PLIPA2E140pp', 'PLIPA2E160pp', 'PLIPA2E161pp', 'PLIPA2E181pp', 'PLIPA2G160pp', 'PPPGO3', 'PYAM5PO', 'PROtex', 'RPE', 'THIORDXi', 'THRtex', 'UAAGDS', 'UAGCVT', 'UAGPT3', 'UAMAGS', 'UAMAS', 'UAPGR', 'UDCPDP', 'UDPG4E', 'UGLT', 'UGMDDS', 'URAt2pp_copy2', 'URAtex', 'VALtex', 'EX_LalaDgluMdapDala_e', 'EX_ade_e', 'EX_anhgm_e', 'EX_arg__L_e', 'EX_asn__L_e', 'EX_asp__L_e', 'EX_g3pg_e', 'EX_lcts_e', 'EX_leu__L_e', 'EX_glyc3p_e', 'EX_gthrd_e', 'EX_orn_e', 'EX_ile__L_e', 'EX_pro__L_e', 'EX_ura_e', 'EX_val__L_e', 'EX_thr__L_e']","['ASNt2rpp', 'CPPPGO', 'FCLT', 'FE2tex', 'GLUTRR', 'GLUTRS', 'GND', 'HMBS', 'G1SAT', 'G3PEtex', 'G6PDH2r', 'PGL', 'PPBNGS', 'PYNP2r', 'RPI', 'TALA', 'TKT1', 'PHEMEabcpp', 'PHEMEtiex', 'UPP3S', 'UPPDC1', 'EX_fe2_e', 'EX_g3pe_e', 'EX_pheme_e']",TKT2,RPE,0.5061914124140325,1,181,24,-31.0,-0.12721475033289334,iPC815,PSL,True,True,-9.77203796477988,-19.5423912498236,0.0,0.0
182,"['GALKr', 'GLCabcpp', 'GLCP', 'ACOAD1f', 'ACOAD2f', 'ACOAD3f', 'ACOAD4f', 'ACOAD5f', 'ACOAD6f', 'ACOAD7f', 'ADEt2rpp', 'ADEtex', '4PEPTtex', 'AMPN', 'AGM4PApp', 'ANHGMtex', 'ARGabcpp', 'ARGtex', 'ALAALAr', 'ALAR', 'ASNt2rpp', 'ASNtex', 'ALATA_L2', 'ASPabcpp', 'ASPtex', 'AST', 'CPPPGO', 'CS', 'CYTD', 'CYTDK2', 'DALAt2pp', 'DAPDC', 'FA120ACPHi', 'FACOAE120', 'FACOAL160t2pp', 'FACOAL181t2pp', 'FADRx', 'FCLT', 'ECOAH1', 'ECOAH2', 'ECOAH3', 'ECOAH4', 'ECOAH5', 'ECOAH6', 'ECOAH7', 'ECOAH8', 'EDA', 'EDD', 'FE2t2pp', 'FE2tex', 'GLUCYS', 'GLUR', 'GLUSy', 'GLUTRR', 'GLUTRS', 'GLYC3Pabcpp', 'GLYC3Ptex', 'HACD1i', 'HACD2i', 'HACD3i', 'HACD4i', 'HACD5i', 'HACD6i', 'HACD7i', 'GLYCLTDy', 'GLYK', 'HACD8i', 'GMPR', 'GND', 'HEX7', 'GPDDA4', 'HMBS', 'GTHRDabc2pp', 'GTHRDtex', 'GTHS', 'ILEtex', 'ILEabcpp', 'KAT1', 'LPLIPAL1E181pp', 'ACACT11', 'ACACT8', 'ACACT13', 'ACACT10', 'ACACT9', 'LPLIPAL1G140pp', 'LPLIPAL1G160pp', 'LPLIPAL1G181pp', 'ACACT12', 'ACACT8r', 'LACZpp', 'LCTStex', 'LEUabcpp', 'G1SAT', 'LEUtex', 'LPLIPAL1E140pp', 'LPLIPAL1E160pp', 'LPLIPAL1E161pp', 'MDDCP3pp', 'MDDCP4pp', 'MPTG', 'G3PEtex', 'G3PGabcpp', 'NADPHQR2', 'MLTGY1pp', 'G3PGtex', 'NDPK5', 'NDPK8', 'ORNabcpp', 'G6PDH2r', 'ORNtex', 'P5CD', 'NTPP2', 'NTPP7', 'NTPP8', 'GALabcpp', 'CTECOAI8', 'PAPPT3', 'PLIPA2E140pp', 'PLIPA2E160pp', 'PLIPA2E161pp', 'PLIPA2E181pp', 'PGL', 'PLIPA2G140pp', 'PFL', 'PLIPA2G160pp', 'PLIPA2G181pp', 'PPA', 'PPBNGS', 'PPM', 'PPPGO', 'PPPGO3', 'PYAM5PO', 'PYNP2r', 'PROabcpp', 'PROtex', 'RNDR4', 'RNDR1', 'RPE', 'RPI', 'SADH', 'RNDR2', 'RNDR3', 'TALA', 'SGDS', 'SGSAD', 'THIORDXi', 'SOTA', 'THRabcpp', 'THRtex', 'TKT1', 'TKT2', 'PHEMEabcpp', 'UAAGDS', 'TRPS1', 'UAGCVT', 'PHEMEtiex', 'UAGPT3', 'UAMAGS', 'UAMAS', 'UAPGR', 'UDCPDP', 'XYLI2', 'UDPG4E', 'UGLT', 'UGMDDS', 'UPP3S', 'UPPDC1', 'UPPRT', 'URAt2pp_copy2', 'URAtex', 'URIK2', 'VALabcpp', 'VALtex', 'ENOPH', 'EX_LalaDgluMdapDala_e', 'EX_ade_e', 'EX_anhgm_e', 'EX_fe2_e', 'EX_arg__L_e', 'EX_asn__L_e', 'EX_asp__L_e', 'EX_g3pe_e', 'EX_g3pg_e', 'EX_lcts_e', 'EX_leu__L_e', 'EX_glyc3p_e', 'EX_gthrd_e', 'EX_orn_e', 'EX_pheme_e', 'EX_ile__L_e', 'EX_pro__L_e', 'EX_ura_e', 'EX_val__L_e', 'EX_thr__L_e']","[-5.797760434234078e-05, -5.797760433481208e-05, 7.785621788944375e-05, 5.999984375648637e-05, 5.999984375648637e-05, 5.999984375648637e-05, 5.999984375648637e-05, 5.999984375648637e-05, 5.191088609990402e-05, 3.269961143814726e-05, -0.0002416116047925243, -0.0002416116047925243, -3.033359121218382e-06, 0.00024515052381590685, 3.0333591385497873e-06, -3.033359121218382e-06, -0.000393848588042478, -0.00039384858803259704, 3.033359121218382e-06, 3.033359121218382e-06, -0.00013144556271527108, -0.00013144556271527108, 5.06570976137842e-05, -0.00021534589757429834, -0.00021534589757266076, -0.00025936966623342494, 1.2382076559942147e-05, -0.026612302716037095, 2.34630338212878e-06, -2.34630338212878e-06, 3.0333591385497873e-06, -3.0333591385497873e-06, 8.088957702803191e-06, -8.088957702803191e-06, 2.4772432964824745e-05, 7.927178548743086e-06, -0.00038460971637387445, 1.2382076559942147e-05, -5.999984375648637e-05, -5.999984375648637e-05, -5.999984375648637e-05, -5.999984375648637e-05, -5.999984375648637e-05, -5.191088609990402e-05, -4.341748046954308e-05, -7.927178558020387e-06, -0.0272671833980887, -0.0272671833980887, 1.2382076559942147e-05, 1.2382076533867803e-05, 3.6935697550649456e-05, -3.033359121218382e-06, 0.00031534751049278054, 9.905661247953718e-05, 9.905661247953718e-05, -0.0002810483052837487, -0.00028104830528263847, 5.9999843760518735e-05, 5.9999843760518735e-05, 5.9999843760518735e-05, 5.9999843760518735e-05, 5.9999843760518735e-05, 5.1910886057715544e-05, 4.34174804697764e-05, 2.5277992821237313e-05, -0.00010957605529853258, 7.927178548743086e-06, 0.00014075291966852976, 0.08277699659151538, -5.7977604334791266e-05, -0.00010691175485517284, 1.2382076559942147e-05, 3.6935697550649456e-05, -3.693569749430026e-05, 3.6935697550649456e-05, -0.0001971683440160632, -0.00019716834400573813, 5.9999843760518735e-05, 2.730023224694787e-06, 5.9999843760518735e-05, 5.9999843760518735e-05, 5.9999843760518735e-05, 5.9999843760518735e-05, 5.1910886057715544e-05, 1.3144556267049657e-06, 3.7916989231870715e-06, 1.2335660496769728e-06, 4.34174804697764e-05, 7.927178548743086e-06, -5.797760433481208e-05, -5.797760434234078e-05, -0.0003488363009332418, 9.90566124983161e-05, -0.000348836300986477, 2.932247167264715e-06, 8.594517559224434e-06, 3.6905869519017823e-06, 1.5166795692748937e-06, 1.5166795692748937e-06, 1.5166795692748937e-06, -1.794737488580722e-05, -0.00010691175485517284, 0.027294084200107704, 1.5166795692748937e-06, -0.00011491982297684444, -1.2841220382142637e-05, -1.2487328490351501e-05, -1.3144556267046838e-05, 0.05550981319333914, -1.314455630563316e-05, -0.0007526124576535675, 0.00014075291966852976, 1.2487328453696794e-05, 0.00014649051844695463, -5.797760433481208e-05, 7.927178548743086e-06, 3.0333591385497873e-06, 2.932247167264715e-06, 8.594517559224434e-06, 3.6905869519017823e-06, 2.730023224694787e-06, 0.05550981319342668, 1.3144556267049657e-06, 2.8832078611902914e-05, 3.7916989231870715e-06, 1.2335660496769728e-06, -0.00019888396671763342, 4.952830623976859e-05, 9.292695710882981e-05, -3.831867716923142e-05, 5.070075372917357e-05, 5.06570976137842e-05, 9.292695722251665e-05, -0.0009143916117095863, -0.0009143916116727269, -1.2487328453696794e-05, -1.2487328453696794e-05, 0.05553628430754998, -0.027244766874105153, -0.00025936966623342494, -1.284122035319444e-05, -1.284122035319444e-05, 0.027746150300004047, -0.00025936966623342494, -0.00025936966623342494, 5.06570976137842e-05, -0.00025936966623342494, -0.0001921127454414806, -0.00019211274548069923, 0.027738061342347464, 0.027798222965202513, 1.2382076559942147e-05, 3.0333591385497873e-06, -2.679467239052359e-05, 3.0333591385497873e-06, 1.2382076559942147e-05, 3.0333591385497873e-06, 3.0333591385497873e-06, 3.0333591385497873e-06, 3.0333591385497873e-06, 3.0333591385497873e-06, -5.797760434234078e-05, 5.797760434234078e-05, -5.797760434234078e-05, 3.0333591385497873e-06, 1.2382076559942147e-05, 1.2382076559942147e-05, -6.637495368977397e-05, -0.00015930191091229062, -0.00015930191091229062, -9.05806537851786e-05, -0.0002528097562440863, -0.0002528097562617404, -3.5389189949747157e-06, 3.0333591385497873e-06, 0.00024161160482093214, 3.0333591385497873e-06, -1.2382076533867803e-05, 0.000393848588042478, 0.00013144556267050134, 0.00021534589757429834, 1.7947374903085718e-05, 0.00011491982298094425, 5.797760433481208e-05, 0.0003488363009332418, 0.0002810483052837526, 3.6935697550649456e-05, 1.3144556267046838e-05, 1.2382076559942147e-05, 0.00019716834400573813, 0.0009143916117095863, 0.00015930191085708137, 0.0002528097562440863, 0.0001921127454414806]","[5.797760434234078e-05, 5.797760433481208e-05, 7.785621788944375e-05, 5.999984375648637e-05, 5.999984375648637e-05, 5.999984375648637e-05, 5.999984375648637e-05, 5.999984375648637e-05, 5.191088609990402e-05, 3.269961143814726e-05, 0.0002416116047925243, 0.0002416116047925243, 3.033359121218382e-06, 0.00024515052381590685, 3.0333591385497873e-06, 3.033359121218382e-06, 0.000393848588042478, 0.00039384858803259704, 3.033359121218382e-06, 3.033359121218382e-06, 0.00013144556271527108, 0.00013144556271527108, 5.06570976137842e-05, 0.00021534589757429834, 0.00021534589757266076, 0.00025936966623342494, 1.2382076559942147e-05, 0.026612302716037095, 2.34630338212878e-06, 2.34630338212878e-06, 3.0333591385497873e-06, 3.0333591385497873e-06, 8.088957702803191e-06, 8.088957702803191e-06, 2.4772432964824745e-05, 7.927178548743086e-06, 0.00038460971637387445, 1.2382076559942147e-05, 5.999984375648637e-05, 5.999984375648637e-05, 5.999984375648637e-05, 5.999984375648637e-05, 5.999984375648637e-05, 5.191088609990402e-05, 4.341748046954308e-05, 7.927178558020387e-06, 0.0272671833980887, 0.0272671833980887, 1.2382076559942147e-05, 1.2382076533867803e-05, 3.6935697550649456e-05, 3.033359121218382e-06, 0.00031534751049278054, 9.905661247953718e-05, 9.905661247953718e-05, 0.0002810483052837487, 0.00028104830528263847, 5.9999843760518735e-05, 5.9999843760518735e-05, 5.9999843760518735e-05, 5.9999843760518735e-05, 5.9999843760518735e-05, 5.1910886057715544e-05, 4.34174804697764e-05, 2.5277992821237313e-05, 0.00010957605529853258, 7.927178548743086e-06, 0.00014075291966852976, 0.08277699659151538, 5.7977604334791266e-05, 0.00010691175485517284, 1.2382076559942147e-05, 3.6935697550649456e-05, 3.693569749430026e-05, 3.6935697550649456e-05, 0.0001971683440160632, 0.00019716834400573813, 5.9999843760518735e-05, 2.730023224694787e-06, 5.9999843760518735e-05, 5.9999843760518735e-05, 5.9999843760518735e-05, 5.9999843760518735e-05, 5.1910886057715544e-05, 1.3144556267049657e-06, 3.7916989231870715e-06, 1.2335660496769728e-06, 4.34174804697764e-05, 7.927178548743086e-06, 5.797760433481208e-05, 5.797760434234078e-05, 0.0003488363009332418, 9.90566124983161e-05, 0.000348836300986477, 2.932247167264715e-06, 8.594517559224434e-06, 3.6905869519017823e-06, 1.5166795692748937e-06, 1.5166795692748937e-06, 1.5166795692748937e-06, 1.794737488580722e-05, 0.00010691175485517284, 0.027294084200107704, 1.5166795692748937e-06, 0.00011491982297684444, 1.2841220382142637e-05, 1.2487328490351501e-05, 1.3144556267046838e-05, 0.05550981319333914, 1.314455630563316e-05, 0.0007526124576535675, 0.00014075291966852976, 1.2487328453696794e-05, 0.00014649051844695463, 5.797760433481208e-05, 7.927178548743086e-06, 3.0333591385497873e-06, 2.932247167264715e-06, 8.594517559224434e-06, 3.6905869519017823e-06, 2.730023224694787e-06, 0.05550981319342668, 1.3144556267049657e-06, 2.8832078611902914e-05, 3.7916989231870715e-06, 1.2335660496769728e-06, 0.00019888396671763342, 4.952830623976859e-05, 9.292695710882981e-05, 3.831867716923142e-05, 5.070075372917357e-05, 5.06570976137842e-05, 9.292695722251665e-05, 0.0009143916117095863, 0.0009143916116727269, 1.2487328453696794e-05, 1.2487328453696794e-05, 0.05553628430754998, 0.027244766874105153, 0.00025936966623342494, 1.284122035319444e-05, 1.284122035319444e-05, 0.027746150300004047, 0.00025936966623342494, 0.00025936966623342494, 5.06570976137842e-05, 0.00025936966623342494, 0.0001921127454414806, 0.00019211274548069923, 0.027738061342347464, 0.027798222965202513, 1.2382076559942147e-05, 3.0333591385497873e-06, 2.679467239052359e-05, 3.0333591385497873e-06, 1.2382076559942147e-05, 3.0333591385497873e-06, 3.0333591385497873e-06, 3.0333591385497873e-06, 3.0333591385497873e-06, 3.0333591385497873e-06, 5.797760434234078e-05, 5.797760434234078e-05, 5.797760434234078e-05, 3.0333591385497873e-06, 1.2382076559942147e-05, 1.2382076559942147e-05, 6.637495368977397e-05, 0.00015930191091229062, 0.00015930191091229062, 9.05806537851786e-05, 0.0002528097562440863, 0.0002528097562617404, 3.5389189949747157e-06, 3.0333591385497873e-06, 0.00024161160482093214, 3.0333591385497873e-06, 1.2382076533867803e-05, 0.000393848588042478, 0.00013144556267050134, 0.00021534589757429834, 1.7947374903085718e-05, 0.00011491982298094425, 5.797760433481208e-05, 0.0003488363009332418, 0.0002810483052837526, 3.6935697550649456e-05, 1.3144556267046838e-05, 1.2382076559942147e-05, 0.00019716834400573813, 0.0009143916117095863, 0.00015930191085708137, 0.0002528097562440863, 0.0001921127454414806]","['GLCabcpp', 'ARGabcpp', 'ASPabcpp', 'AST', 'CS', 'CYTDK2', 'DAPDC', 'FACOAE120', 'FADRx', 'EDA', 'EDD', 'GLYC3Pabcpp', 'HEX7', 'GPDDA4', 'ILEabcpp', 'LACZpp', 'LEUabcpp', 'G3PGabcpp', 'NDPK5', 'NDPK8', 'ORNabcpp', 'P5CD', 'GALabcpp', 'PPA', 'PPPGO', 'PROabcpp', 'RNDR4', 'RNDR1', 'SADH', 'RNDR2', 'RNDR3', 'SGDS', 'SGSAD', 'SOTA', 'THRabcpp', 'TKT2', 'TRPS1', 'XYLI2', 'UPPRT', 'URIK2', 'VALabcpp', 'ENOPH']","['GALKr', 'GLCP', 'ACOAD1f', 'ACOAD2f', 'ACOAD3f', 'ACOAD4f', 'ACOAD5f', 'ACOAD6f', 'ADEt2rpp', 'ADEtex', '4PEPTtex', 'AMPN', 'AGM4PApp', 'ANHGMtex', 'ARGtex', 'ALAALAr', 'ALAR', 'ASNtex', 'ALATA_L2', 'ASPtex', 'CYTD', 'DALAt2pp', 'FA120ACPHi', 'FACOAL160t2pp', 'FACOAL181t2pp', 'ECOAH1', 'ECOAH2', 'ECOAH3', 'ECOAH4', 'ECOAH5', 'ECOAH6', 'ECOAH7', 'ECOAH8', 'FE2t2pp', 'GLUCYS', 'GLUR', 'GLUSy', 'GLYC3Ptex', 'HACD1i', 'HACD2i', 'HACD3i', 'HACD4i', 'HACD5i', 'HACD6i', 'HACD7i', 'GLYCLTDy', 'HACD8i', 'GMPR', 'GTHRDabc2pp', 'GTHRDtex', 'GTHS', 'ILEtex', 'KAT1', 'LPLIPAL1E181pp', 'ACACT11', 'ACACT8', 'ACACT13', 'ACACT10', 'ACACT9', 'LPLIPAL1G140pp', 'LPLIPAL1G160pp', 'LPLIPAL1G181pp', 'ACACT12', 'ACACT8r', 'LCTStex', 'LEUtex', 'LPLIPAL1E140pp', 'LPLIPAL1E160pp', 'LPLIPAL1E161pp', 'MDDCP3pp', 'MDDCP4pp', 'MPTG', 'G3PEtex', 'NADPHQR2', 'MLTGY1pp', 'G3PGtex', 'ORNtex', 'NTPP2', 'NTPP7', 'NTPP8', 'CTECOAI8', 'PAPPT3', 'PLIPA2E140pp', 'PLIPA2E160pp', 'PLIPA2E161pp', 'PLIPA2E181pp', 'PLIPA2G140pp', 'PFL', 'PLIPA2G160pp', 'PLIPA2G181pp', 'PPPGO3', 'PYAM5PO', 'PROtex', 'TALA', 'THIORDXi', 'THRtex', 'UAAGDS', 'UAGCVT', 'UAGPT3', 'UAMAGS', 'UAMAS', 'UAPGR', 'UDCPDP', 'UDPG4E', 'UGLT', 'UGMDDS', 'URAt2pp_copy2', 'URAtex', 'VALtex', 'EX_LalaDgluMdapDala_e', 'EX_ade_e', 'EX_anhgm_e', 'EX_arg__L_e', 'EX_asn__L_e', 'EX_asp__L_e', 'EX_g3pe_e', 'EX_g3pg_e', 'EX_lcts_e', 'EX_leu__L_e', 'EX_glyc3p_e', 'EX_gthrd_e', 'EX_orn_e', 'EX_ile__L_e', 'EX_pro__L_e', 'EX_ura_e', 'EX_val__L_e', 'EX_thr__L_e']","['ACOAD7f', 'ASNt2rpp', 'CPPPGO', 'FCLT', 'FE2tex', 'GLUTRR', 'GLUTRS', 'GLYK', 'GND', 'HMBS', 'G1SAT', 'G6PDH2r', 'PGL', 'PPBNGS', 'PPM', 'PYNP2r', 'RPE', 'RPI', 'TKT1', 'PHEMEabcpp', 'PHEMEtiex', 'UPP3S', 'UPPDC1', 'EX_fe2_e', 'EX_pheme_e']",TKT2,TALA,0.8769825196793503,1,194,25,-42.0,-0.24757802836389342,iPC815,PSL,True,True,-9.77203796477988,-9.77057764190388,0.0,0.0
183,"['GALKr', 'GLCabcpp', 'GLCP', 'ACOAD1f', 'ACOAD2f', 'ACOAD3f', 'ACOAD4f', 'ACOAD5f', 'ACOAD6f', 'ACOAD7f', 'ADEt2rpp', 'ADEtex', '4PEPTtex', 'AMPN', 'AGM4PApp', 'ANHGMtex', 'ARGabcpp', 'ARGtex', 'ALAALAr', 'ALAR', 'ASNt2rpp', 'ASNtex', 'ALATA_L2', 'ASPabcpp', 'ASPtex', 'AST', 'CPPPGO', 'CYTD', 'CYTDK2', 'DALAt2pp', 'DAPDC', 'FA120ACPHi', 'FACOAE120', 'FACOAL160t2pp', 'FACOAL181t2pp', 'FADRx', 'FCLT', 'ECOAH1', 'ECOAH2', 'ECOAH3', 'ECOAH4', 'ECOAH5', 'ECOAH6', 'ECOAH7', 'ECOAH8', 'EDA', 'EDD', 'FE2t2pp', 'FE2tex', 'GLUCYS', 'GLUR', 'GLUSy', 'GLUTRR', 'GLUTRS', 'FRD2', 'GLYC3Pabcpp', 'GLYC3Ptex', 'HACD1i', 'HACD2i', 'HACD3i', 'HACD4i', 'HACD5i', 'HACD6i', 'HACD7i', 'GLYCLTDy', 'GLYK', 'HACD8i', 'GMPR', 'GND', 'HEX1', 'GPDDA4', 'HMBS', 'GTHRDabc2pp', 'GTHRDtex', 'GTHS', 'ILEtex', 'ILEabcpp', 'KAT1', 'LPLIPAL1E181pp', 'ACACT11', 'ACACT8', 'ACACT13', 'ACACT10', 'ACACT9', 'LPLIPAL1G140pp', 'LPLIPAL1G160pp', 'LPLIPAL1G181pp', 'ACACT12', 'ACACT8r', 'LACZpp', 'LCTStex', 'LEUabcpp', 'G1SAT', 'LEUtex', 'LPLIPAL1E140pp', 'LPLIPAL1E160pp', 'LPLIPAL1E161pp', 'MDDCP3pp', 'MDDCP4pp', 'MPTG', 'G3PEtex', 'G3PGabcpp', 'NADPHQR2', 'MLTGY1pp', 'NADPHQR3', 'G3PGtex', 'NDPK8', 'G6PDH2r', 'P5CD', 'P5CR', 'NTPP2', 'NTPP7', 'NTPP8', 'GALabcpp', 'CTECOAI8', 'PAPPT3', 'PLIPA2E140pp', 'PLIPA2E160pp', 'PLIPA2E161pp', 'PLIPA2E181pp', 'PGL', 'PLIPA2G140pp', 'PFL', 'PLIPA2G160pp', 'PLIPA2G181pp', 'PPA', 'PPBNGS', 'PPM', 'PPPGO', 'PPPGO3', 'PYAM5PO', 'PYNP2r', 'PROabcpp', 'PROtex', 'RNDR1', 'RPE', 'RPI', 'SADH', 'TALA', 'SGDS', 'SGSAD', 'THIORDXi', 'SOTA', 'THRabcpp', 'THRtex', 'TKT1', 'TKT2', 'PHEMEabcpp', 'UAAGDS', 'TRPS1', 'UAGCVT', 'PHEMEtiex', 'UAGPT3', 'UAMAGS', 'UAMAS', 'UAPGR', 'UDCPDP', 'UDPG4E', 'UGLT', 'UGMDDS', 'UPP3S', 'UPPDC1', 'UPPRT', 'URAt2pp_copy2', 'URAtex', 'URIK2', 'VALabcpp', 'VALtex', 'ENOPH', 'EX_LalaDgluMdapDala_e', 'EX_ade_e', 'EX_anhgm_e', 'EX_fe2_e', 'EX_arg__L_e', 'EX_asn__L_e', 'EX_asp__L_e', 'EX_g3pe_e', 'EX_g3pg_e', 'EX_lcts_e', 'EX_leu__L_e', 'EX_glyc3p_e', 'EX_gthrd_e', 'EX_pheme_e', 'EX_ile__L_e', 'EX_pro__L_e', 'EX_ura_e', 'EX_val__L_e', 'EX_thr__L_e']","[-6.693239629385062e-05, -6.693239630695125e-05, 8.988131349253747e-05, 6.926697585640795e-05, 6.926697585640795e-05, 6.926697585640795e-05, 6.926697585640795e-05, 6.926697585640795e-05, 5.9928657606178604e-05, 3.775015170504048e-05, -0.0002789174736790301, -0.0002789174736790301, -3.501869400679425e-06, 0.00028300298795860823, 3.5018693568522868e-06, -3.501869400679425e-06, -0.00045943352687033423, -0.00045943352688482264, 3.501869400679425e-06, 3.501869400679425e-06, -0.00015174767213466112, -0.00015174767213466112, 5.848121825943395e-05, -0.00024306954067886133, -0.0002430695407156236, -0.0003041839853832051, 1.3073601065428625e-05, 2.7086959784349603e-06, -2.7086959784349603e-06, 3.5018693568522868e-06, -3.5018693568522868e-06, 9.3383182849429e-06, -9.3383182849429e-06, 2.8598599747627768e-05, 9.151551919240122e-06, -0.00044400785220428257, 1.3073601065428625e-05, -6.926697585640795e-05, -6.926697585640795e-05, -6.926697585640795e-05, -6.926697585640795e-05, -6.926697585640795e-05, -5.9928657606178604e-05, -5.012342342070042e-05, -9.15155192160455e-06, -0.03151264897658507, -0.03151264897658507, 1.3073601065428625e-05, 1.3073601053292805e-05, 4.2640512224512844e-05, -3.501869400679425e-06, 0.00036405375481693425, 0.000104588808523429, 0.000104588808523429, 0.0315458228750245, -0.0003244569492631688, -0.00032445694921534596, 6.926697587854129e-05, 6.926697587854129e-05, 6.926697587854129e-05, 6.926697587854129e-05, 6.926697587854129e-05, 5.992865759359839e-05, 5.012342339441242e-05, 2.9182244640423363e-05, -0.00012648868897175867, 9.151551919240122e-06, 0.0001624867381579461, 0.09566400687224252, -6.693239630695125e-05, -0.00012341288038665663, 1.3073601065428625e-05, 4.2640512224512844e-05, -4.2640512219804805e-05, 4.2640512224512844e-05, -0.00022762150820199167, -0.00022762150819539972, 6.926697587854129e-05, 3.1516824211669497e-06, 6.926697587854129e-05, 6.926697587854129e-05, 6.926697587854129e-05, 6.926697587854129e-05, 5.992865759359839e-05, 1.5174767213026576e-06, 4.377336696064979e-06, 1.42409353845322e-06, 5.012342339441242e-05, 9.151551919240122e-06, -6.693239630695125e-05, -6.693239629385062e-05, -0.00040271497603802664, 0.00010458880854002928, -0.000402714976075913, 3.3851403782904355e-06, 9.921963177748037e-06, 4.2606077175033445e-06, 1.7509346784261434e-06, 1.7509346784261434e-06, 1.7509346784261434e-06, -2.0719393660328933e-05, -0.00012341288038665663, 1.5933505679299742e-06, 1.7509346784261434e-06, 0.0315458228750245, -0.0001326578154703384, -1.4416028875530174e-05, 0.0641513578956392, -0.0008754407897953343, 0.0008754407897953343, 0.0001624867381579461, 1.4416028852375085e-05, 0.00016911636061886937, -6.693239630695125e-05, 9.151551919240122e-06, 3.5018693568522868e-06, 3.3851403782904355e-06, 9.921963177748037e-06, 4.2606077175033445e-06, 3.1516824211669497e-06, 0.06415135789565746, 1.5174767213026576e-06, 3.326775889008447e-05, 4.377336696064979e-06, 1.42409353845322e-06, -0.00023936946892515187, 5.22944042617145e-05, 0.00010727393123488582, -4.342315033650512e-05, 5.6496751401933746e-05, 5.848121825943395e-05, 0.00010727393123488582, -0.0010773819227071352, -0.001077381922755194, -1.4416028852375085e-05, 0.06418191754221425, -0.031486758489222666, -0.0003041839853832051, 0.03206557021826484, -0.0003041839853832051, -0.0003041839853832051, 5.848121825943395e-05, -0.0003041839853832051, -0.00022178505926730152, -0.0002217850592387549, 0.03205623190001461, 0.03212568564219964, 1.3073601065428625e-05, 3.5018693568522868e-06, -3.093317931886219e-05, 3.5018693568522868e-06, 1.3073601065428625e-05, 3.5018693568522868e-06, 3.5018693568522868e-06, 3.5018693568522868e-06, 3.5018693568522868e-06, 3.5018693568522868e-06, 6.693239629385062e-05, -6.693239629385062e-05, 3.5018693568522868e-06, 1.3073601065428625e-05, 1.3073601065428625e-05, -7.663257458018213e-05, -0.000183906505867526, -0.000183906505867526, -0.00010456523531982703, -0.00029185688145386135, -0.00029185688140387356, -4.085514249660893e-06, 3.5018693568522868e-06, 0.00027891747370894734, 3.5018693568522868e-06, -1.3073601053292805e-05, 0.00045943352687033423, 0.00015174767213027573, 0.00024306954067886133, 2.0719393694708767e-05, 0.00013265781548874565, 6.693239630695125e-05, 0.00040271497603802664, 0.0003244569492631688, 4.2640512224512844e-05, 1.3073601065428625e-05, 0.00022762150819539972, 0.0010773819227071352, 0.00018390650587844413, 0.00029185688145386135, 0.00022178505926730152]","[6.693239629385062e-05, 6.693239630695125e-05, 8.988131349253747e-05, 6.926697585640795e-05, 6.926697585640795e-05, 6.926697585640795e-05, 6.926697585640795e-05, 6.926697585640795e-05, 5.9928657606178604e-05, 3.775015170504048e-05, 0.0002789174736790301, 0.0002789174736790301, 3.501869400679425e-06, 0.00028300298795860823, 3.5018693568522868e-06, 3.501869400679425e-06, 0.00045943352687033423, 0.00045943352688482264, 3.501869400679425e-06, 3.501869400679425e-06, 0.00015174767213466112, 0.00015174767213466112, 5.848121825943395e-05, 0.00024306954067886133, 0.0002430695407156236, 0.0003041839853832051, 1.3073601065428625e-05, 2.7086959784349603e-06, 2.7086959784349603e-06, 3.5018693568522868e-06, 3.5018693568522868e-06, 9.3383182849429e-06, 9.3383182849429e-06, 2.8598599747627768e-05, 9.151551919240122e-06, 0.00044400785220428257, 1.3073601065428625e-05, 6.926697585640795e-05, 6.926697585640795e-05, 6.926697585640795e-05, 6.926697585640795e-05, 6.926697585640795e-05, 5.9928657606178604e-05, 5.012342342070042e-05, 9.15155192160455e-06, 0.03151264897658507, 0.03151264897658507, 1.3073601065428625e-05, 1.3073601053292805e-05, 4.2640512224512844e-05, 3.501869400679425e-06, 0.00036405375481693425, 0.000104588808523429, 0.000104588808523429, 0.0315458228750245, 0.0003244569492631688, 0.00032445694921534596, 6.926697587854129e-05, 6.926697587854129e-05, 6.926697587854129e-05, 6.926697587854129e-05, 6.926697587854129e-05, 5.992865759359839e-05, 5.012342339441242e-05, 2.9182244640423363e-05, 0.00012648868897175867, 9.151551919240122e-06, 0.0001624867381579461, 0.09566400687224252, 6.693239630695125e-05, 0.00012341288038665663, 1.3073601065428625e-05, 4.2640512224512844e-05, 4.2640512219804805e-05, 4.2640512224512844e-05, 0.00022762150820199167, 0.00022762150819539972, 6.926697587854129e-05, 3.1516824211669497e-06, 6.926697587854129e-05, 6.926697587854129e-05, 6.926697587854129e-05, 6.926697587854129e-05, 5.992865759359839e-05, 1.5174767213026576e-06, 4.377336696064979e-06, 1.42409353845322e-06, 5.012342339441242e-05, 9.151551919240122e-06, 6.693239630695125e-05, 6.693239629385062e-05, 0.00040271497603802664, 0.00010458880854002928, 0.000402714976075913, 3.3851403782904355e-06, 9.921963177748037e-06, 4.2606077175033445e-06, 1.7509346784261434e-06, 1.7509346784261434e-06, 1.7509346784261434e-06, 2.0719393660328933e-05, 0.00012341288038665663, 1.5933505679299742e-06, 1.7509346784261434e-06, 0.0315458228750245, 0.0001326578154703384, 1.4416028875530174e-05, 0.0641513578956392, 0.0008754407897953343, 0.0008754407897953343, 0.0001624867381579461, 1.4416028852375085e-05, 0.00016911636061886937, 6.693239630695125e-05, 9.151551919240122e-06, 3.5018693568522868e-06, 3.3851403782904355e-06, 9.921963177748037e-06, 4.2606077175033445e-06, 3.1516824211669497e-06, 0.06415135789565746, 1.5174767213026576e-06, 3.326775889008447e-05, 4.377336696064979e-06, 1.42409353845322e-06, 0.00023936946892515187, 5.22944042617145e-05, 0.00010727393123488582, 4.342315033650512e-05, 5.6496751401933746e-05, 5.848121825943395e-05, 0.00010727393123488582, 0.0010773819227071352, 0.001077381922755194, 1.4416028852375085e-05, 0.06418191754221425, 0.031486758489222666, 0.0003041839853832051, 0.03206557021826484, 0.0003041839853832051, 0.0003041839853832051, 5.848121825943395e-05, 0.0003041839853832051, 0.00022178505926730152, 0.0002217850592387549, 0.03205623190001461, 0.03212568564219964, 1.3073601065428625e-05, 3.5018693568522868e-06, 3.093317931886219e-05, 3.5018693568522868e-06, 1.3073601065428625e-05, 3.5018693568522868e-06, 3.5018693568522868e-06, 3.5018693568522868e-06, 3.5018693568522868e-06, 3.5018693568522868e-06, 6.693239629385062e-05, 6.693239629385062e-05, 3.5018693568522868e-06, 1.3073601065428625e-05, 1.3073601065428625e-05, 7.663257458018213e-05, 0.000183906505867526, 0.000183906505867526, 0.00010456523531982703, 0.00029185688145386135, 0.00029185688140387356, 4.085514249660893e-06, 3.5018693568522868e-06, 0.00027891747370894734, 3.5018693568522868e-06, 1.3073601053292805e-05, 0.00045943352687033423, 0.00015174767213027573, 0.00024306954067886133, 2.0719393694708767e-05, 0.00013265781548874565, 6.693239630695125e-05, 0.00040271497603802664, 0.0003244569492631688, 4.2640512224512844e-05, 1.3073601065428625e-05, 0.00022762150819539972, 0.0010773819227071352, 0.00018390650587844413, 0.00029185688145386135, 0.00022178505926730152]","['GLCabcpp', 'ARGabcpp', 'ASPabcpp', 'AST', 'CYTDK2', 'DAPDC', 'FACOAE120', 'FADRx', 'EDA', 'EDD', 'GLYC3Pabcpp', 'HEX1', 'GPDDA4', 'ILEabcpp', 'LACZpp', 'LEUabcpp', 'G3PGabcpp', 'NDPK8', 'P5CD', 'GALabcpp', 'PPA', 'PPPGO', 'PROabcpp', 'RNDR1', 'SADH', 'SGDS', 'SGSAD', 'SOTA', 'THRabcpp', 'TKT2', 'TRPS1', 'UPPRT', 'URIK2', 'VALabcpp', 'ENOPH']","['GALKr', 'GLCP', 'ACOAD1f', 'ACOAD2f', 'ACOAD3f', 'ACOAD4f', 'ACOAD5f', 'ADEt2rpp', 'ADEtex', '4PEPTtex', 'AMPN', 'AGM4PApp', 'ANHGMtex', 'ARGtex', 'ALAALAr', 'ALAR', 'ASNtex', 'ALATA_L2', 'ASPtex', 'CYTD', 'DALAt2pp', 'FA120ACPHi', 'FACOAL160t2pp', 'FACOAL181t2pp', 'ECOAH1', 'ECOAH2', 'ECOAH3', 'ECOAH4', 'ECOAH5', 'ECOAH6', 'ECOAH7', 'ECOAH8', 'FE2t2pp', 'GLUCYS', 'GLUR', 'GLUSy', 'FRD2', 'GLYC3Ptex', 'HACD1i', 'HACD2i', 'HACD3i', 'HACD4i', 'HACD5i', 'HACD6i', 'HACD7i', 'GLYCLTDy', 'HACD8i', 'GMPR', 'GTHRDabc2pp', 'GTHRDtex', 'GTHS', 'ILEtex', 'KAT1', 'LPLIPAL1E181pp', 'ACACT11', 'ACACT8', 'ACACT13', 'ACACT10', 'ACACT9', 'LPLIPAL1G140pp', 'LPLIPAL1G160pp', 'LPLIPAL1G181pp', 'ACACT12', 'ACACT8r', 'LCTStex', 'LEUtex', 'LPLIPAL1E140pp', 'LPLIPAL1E160pp', 'LPLIPAL1E161pp', 'MDDCP3pp', 'MDDCP4pp', 'MPTG', 'G3PEtex', 'NADPHQR2', 'MLTGY1pp', 'NADPHQR3', 'G3PGtex', 'P5CR', 'NTPP2', 'NTPP7', 'NTPP8', 'CTECOAI8', 'PAPPT3', 'PLIPA2E140pp', 'PLIPA2E160pp', 'PLIPA2E161pp', 'PLIPA2E181pp', 'PLIPA2G140pp', 'PFL', 'PLIPA2G160pp', 'PLIPA2G181pp', 'PPPGO3', 'PYAM5PO', 'PROtex', 'THIORDXi', 'THRtex', 'TKT1', 'UAAGDS', 'UAGCVT', 'UAGPT3', 'UAMAGS', 'UAMAS', 'UAPGR', 'UDCPDP', 'UDPG4E', 'UGLT', 'UGMDDS', 'URAt2pp_copy2', 'URAtex', 'VALtex', 'EX_LalaDgluMdapDala_e', 'EX_ade_e', 'EX_anhgm_e', 'EX_arg__L_e', 'EX_asn__L_e', 'EX_asp__L_e', 'EX_g3pe_e', 'EX_g3pg_e', 'EX_lcts_e', 'EX_leu__L_e', 'EX_glyc3p_e', 'EX_gthrd_e', 'EX_ile__L_e', 'EX_pro__L_e', 'EX_ura_e', 'EX_val__L_e', 'EX_thr__L_e']","['ACOAD6f', 'ACOAD7f', 'ASNt2rpp', 'CPPPGO', 'FCLT', 'FE2tex', 'GLUTRR', 'GLUTRS', 'GLYK', 'GND', 'HMBS', 'G1SAT', 'G6PDH2r', 'PGL', 'PPBNGS', 'PPM', 'PYNP2r', 'RPE', 'RPI', 'TALA', 'PHEMEabcpp', 'PHEMEtiex', 'UPP3S', 'UPPDC1', 'EX_fe2_e', 'EX_pheme_e']",TKT2,TKT1,1.0135076741772557,1,188,26,-52.0,-0.34933775499533765,iPC815,PSL,True,True,-9.77203796477988,-9.77035083375253,0.0,0.0
184,"['DHAtex', 'DHAtpp', 'EX_cytd_e', 'EX_ala__D_e', 'EX_dha_e', '2AGPGAT160', 'AACPS7', 'ACOAD1f', 'ACOAD2f', 'ACOAD3f', 'ACOAD4f', 'ACOAD5f', 'ACOAD6f', 'ACOAD7f', 'ACS', 'ACSERtex', 'ACSERtpp', 'ADEt2rpp', 'ADEtex', '4PEPTtex', 'ADPT', 'AMPN', 'AGM4PApp', 'ANHGMtex', 'ARGabcpp', 'ARGtex', 'ALAALAr', 'ALAR', 'ASNS1', 'ASNt2rpp', 'ASNtex', 'AST', 'CPPPGO', 'CS', 'CYTD', 'CYTDtex', 'DAAD', 'CHORM', 'DALAtex', 'DAPDC', 'F6PA', 'FACOAE120', 'FACOAE160', 'DRPA', 'FACOAL140t2pp', 'FACOAL160t2pp', 'FACOAL161t2pp', 'FACOAL181t2pp', 'DURIK1', 'DURIPP', 'FADRx', 'FBA', 'FCLT', 'ECOAH1', 'ECOAH2', 'ECOAH3', 'ECOAH4', 'ECOAH5', 'ECOAH6', 'ECOAH7', 'ECOAH8', 'FE2t3pp', 'FE2tex', 'GLUCYS', 'GLUR', 'FORtex', 'GLUTRR', 'GLUTRS', 'HACD1i', 'HACD2i', 'HACD3i', 'HACD4i', 'HACD5i', 'HACD6i', 'HACD7i', 'GLYCLTDy', 'HACD8i', 'GMPR', 'GND', 'CTECOAI7', 'HEX1', 'GPDDA4', 'HMBS', 'GTHRDabc2pp', 'GTHRDtex', 'GTHS', 'ILEtex', 'HXPRT', 'HYXNtex', 'HYXNtpp', 'ICL', 'ILEabcpp', 'KAT1', 'ACACT11', 'ACACT8', 'ACACT13', 'ACACT10', 'ACACT9', 'ACACT12', 'ACACT8r', 'LEUabcpp', 'G1SAT', 'LEUtex', 'LPLIPAL1E140pp', 'LPLIPAL1E160pp', 'LPLIPAL2G160', 'LPLIPAL1E161pp', 'MDDCP3pp', 'MDDCP4pp', 'MPTG', 'G3PEtex', 'MLTGY1pp', 'NTD4', 'NTD6', 'ORNabcpp', 'ORNtex', 'NTPP2', 'NTPP4', 'NTPP5', 'NTPP7', 'NTPP8', 'CTECOAI8', 'PAPPT3', 'PAPSR', 'PAPSR2', 'PLIPA2E140pp', 'PLIPA2E160pp', 'PLIPA2E161pp', 'PFK', 'PG160abcpp', 'PPA', 'PPBNGS', 'PPC', 'PPM2', 'PPND', 'PPPGO', 'PUNP2', 'PYK', 'PROabcpp', 'PROtex', 'SADH', 'RNDR2b', 'SERAT', 'SULR', 'SGDS', 'SGSAD', 'THD2pp', 'SO4tex', 'SOTA', 'THRabcpp', 'THRtex', 'SULabcpp', 'TPI', 'TYRTA', 'PHEMEabcpp', 'UAAGDS', 'TRPS1', 'TRPt2rpp', 'TRPtex', 'UAGCVT', 'PHEMEtiex', 'UAGPT3', 'UAMAGS', 'UAMAS', 'UAPGR', 'UDCPDP', 'UGMDDS', 'UPP3S', 'UPPDC1', 'URAt2pp_copy2', 'URAtex', 'URIK2', 'PIuabcpp', 'VALabcpp', 'VALtex', 'ENOPH', 'EX_LalaDgluMdapDala_e', 'EX_acser_e', 'EX_ade_e', 'EX_anhgm_e', 'EX_fe2_e', 'EX_arg__L_e', 'EX_asn__L_e', 'EX_for_e', 'EX_g3pe_e', 'EX_leu__L_e', 'EX_trp__L_e', 'EX_gthrd_e', 'EX_orn_e', 'EX_pheme_e', 'EX_hxan_e', 'EX_ile__L_e', 'EX_pro__L_e', 'EX_ura_e', 'EX_so4_e', 'EX_val__L_e', 'EX_thr__L_e', 'PAPSSH']","[0.01741312617298263, 0.01741312617298263, -5.048447928857058e-05, -8.796237423454983e-06, -0.0174131261730133, 1.3038346913679146e-06, 1.251681303711047e-06, -1.910204741761845e-05, -1.910204741761845e-05, -1.910204741761845e-05, -1.910204741761845e-05, -1.910204741761845e-05, -1.7850366134553042e-05, -1.1244270353927277e-05, 1.390757004125602e-06, 0.00015500366532705812, -0.00015500366535425858, 7.587074617276812e-05, 7.587074617276812e-05, 8.796237466413004e-06, 7.4104481606353505e-06, -6.538324818450292e-05, -8.796237423454983e-06, 8.796237466413004e-06, 0.0001001228659964909, 0.00010012286600158404, -8.796237466413004e-06, -9.74225351910718e-05, -4.640972179166471e-06, 7.05564959844196e-05, 7.05564959844196e-05, 5.666170961757255e-05, -3.283240115367321e-06, -3.733453787568841e-06, 2.4164402946683095e-05, 5.048447928857058e-05, -7.983006037814468e-05, 2.2599801317045587e-05, 8.796237466413004e-06, 8.796237423454983e-06, -0.01741312617298263, 1.251681303711047e-06, 2.607669382735829e-06, -8.587924500477045e-06, -2.920589708663634e-06, -5.910717267536194e-06, -3.1118187967301564e-06, -2.7258837280866657e-06, 4.293962250238523e-06, -4.29396220624767e-06, 0.00020443493416282205, 0.017423966980572914, -3.283240115367321e-06, 1.910204741761845e-05, 1.910204741761845e-05, 1.910204741761845e-05, 1.910204741761845e-05, 1.910204741761845e-05, 1.7850366134553042e-05, 1.4929776398275862e-05, 2.725883746279578e-06, 3.283240115367321e-06, -3.2832400620463886e-06, -2.153222143293392e-05, 8.796237466413004e-06, -9.914358997775707e-06, -2.6265920922938568e-05, -2.6265920922938568e-05, -1.9102047451670032e-05, -1.9102047451670032e-05, -1.9102047451670032e-05, -1.9102047451670032e-05, -1.9102047451670032e-05, -1.7850366147958985e-05, -1.4929776439295567e-05, -8.692231275963039e-06, -2.7258837280866657e-06, -4.840008223107317e-05, 6.30094465691748e-05, -3.685506060933843e-06, -0.008578754169946912, -2.753698868168588e-06, -3.283240115367321e-06, -2.153222143293392e-05, 2.153222146716871e-05, -2.153222143293392e-05, 6.779940395063022e-05, 1.7641842947113684e-05, 1.764184298735927e-05, 1.764184298735927e-05, -3.733453787568841e-06, 6.779940395112982e-05, -1.9102047451670032e-05, -1.9102047451670032e-05, -1.9102047451670032e-05, -1.9102047451670032e-05, -1.9102047451670032e-05, -1.7850366147958985e-05, -1.4929776439295567e-05, -2.7258837280866657e-06, 0.00011995279160587069, -2.626592095111846e-05, 0.00011995279157872574, -1.0082988279910398e-06, -2.9553586337674465e-06, -1.3038346913679146e-06, -1.2690657662644276e-06, -4.398118711727491e-06, -4.398118711727491e-06, -4.398118711727491e-06, 6.171484187689202e-06, -4.398118711727491e-06, -2.574126398267873e-05, -4.293962250238523e-06, 7.301474271661362e-06, 7.3014742838495295e-06, -4.840008223107317e-05, -2.3305436709461502e-05, -4.293962250238523e-06, -4.293962250238523e-06, -9.353442108034349e-06, -2.7258837280866657e-06, -8.796237423454983e-06, -4.415653488099372e-06, -4.415653488099372e-06, -1.0082988279910398e-06, -2.9553586337674465e-06, -1.2690657662644276e-06, 0.017423966980593248, 1.3038346913679146e-06, 6.154098933341956e-06, -1.3132960461469284e-05, 2.2066007992038728e-05, -8.587924526182178e-06, 2.2599801317045587e-05, -3.283240115367321e-06, -4.29396220624767e-06, 0.008712895915786723, 5.563028016503102e-05, 5.563028014421434e-05, 5.666170961757255e-05, 4.415653488099372e-06, -0.00015500366532705812, -8.831306976198744e-06, 5.666170961757255e-05, 5.666170961757255e-05, 0.004148031718905626, -8.83130701367918e-06, 5.666170961757255e-05, 6.606095770089748e-05, 6.606095769257081e-05, -8.831306976198744e-06, 0.01741890114828948, -2.2599801354772353e-05, -3.283240115367321e-06, -8.796237423454983e-06, -3.595756435375262e-05, 4.5171329475124367e-05, 4.5171329475124367e-05, -8.796237423454983e-06, -3.283240115367321e-06, -8.796237423454983e-06, -8.796237423454983e-06, -8.796237423454983e-06, -8.796237423454983e-06, -8.796237423454983e-06, -8.796237423454983e-06, -3.283240115367321e-06, -3.283240115367321e-06, 4.29396220624767e-06, 4.29396220624767e-06, 2.4164402946683095e-05, 0.00013615980560177654, 0.000126835270282297, 0.00012683527029366815, 1.2169123786100102e-06, -8.796237423454983e-06, -0.00015500366535425858, -7.587074621676678e-05, -8.796237423454983e-06, 3.2832400620463886e-06, -0.0001001228659964909, -7.055649596496294e-05, 9.914358993296651e-06, -6.171484205807847e-06, -0.00011995279160587069, -4.5171329506087446e-05, -2.153222143293392e-05, -7.301474271661362e-06, -3.283240115367321e-06, -1.7641842947113684e-05, -6.779940395112982e-05, -5.563028016503102e-05, -4.293962250238523e-06, 8.83130701367918e-06, -0.000126835270282297, -6.606095770089748e-05, -8.83130701367918e-06]","[0.01741312617298263, 0.01741312617298263, 5.048447928857058e-05, 8.796237423454983e-06, 0.0174131261730133, 1.3038346913679146e-06, 1.251681303711047e-06, 1.910204741761845e-05, 1.910204741761845e-05, 1.910204741761845e-05, 1.910204741761845e-05, 1.910204741761845e-05, 1.7850366134553042e-05, 1.1244270353927277e-05, 1.390757004125602e-06, 0.00015500366532705812, 0.00015500366535425858, 7.587074617276812e-05, 7.587074617276812e-05, 8.796237466413004e-06, 7.4104481606353505e-06, 6.538324818450292e-05, 8.796237423454983e-06, 8.796237466413004e-06, 0.0001001228659964909, 0.00010012286600158404, 8.796237466413004e-06, 9.74225351910718e-05, 4.640972179166471e-06, 7.05564959844196e-05, 7.05564959844196e-05, 5.666170961757255e-05, 3.283240115367321e-06, 3.733453787568841e-06, 2.4164402946683095e-05, 5.048447928857058e-05, 7.983006037814468e-05, 2.2599801317045587e-05, 8.796237466413004e-06, 8.796237423454983e-06, 0.01741312617298263, 1.251681303711047e-06, 2.607669382735829e-06, 8.587924500477045e-06, 2.920589708663634e-06, 5.910717267536194e-06, 3.1118187967301564e-06, 2.7258837280866657e-06, 4.293962250238523e-06, 4.29396220624767e-06, 0.00020443493416282205, 0.017423966980572914, 3.283240115367321e-06, 1.910204741761845e-05, 1.910204741761845e-05, 1.910204741761845e-05, 1.910204741761845e-05, 1.910204741761845e-05, 1.7850366134553042e-05, 1.4929776398275862e-05, 2.725883746279578e-06, 3.283240115367321e-06, 3.2832400620463886e-06, 2.153222143293392e-05, 8.796237466413004e-06, 9.914358997775707e-06, 2.6265920922938568e-05, 2.6265920922938568e-05, 1.9102047451670032e-05, 1.9102047451670032e-05, 1.9102047451670032e-05, 1.9102047451670032e-05, 1.9102047451670032e-05, 1.7850366147958985e-05, 1.4929776439295567e-05, 8.692231275963039e-06, 2.7258837280866657e-06, 4.840008223107317e-05, 6.30094465691748e-05, 3.685506060933843e-06, 0.008578754169946912, 2.753698868168588e-06, 3.283240115367321e-06, 2.153222143293392e-05, 2.153222146716871e-05, 2.153222143293392e-05, 6.779940395063022e-05, 1.7641842947113684e-05, 1.764184298735927e-05, 1.764184298735927e-05, 3.733453787568841e-06, 6.779940395112982e-05, 1.9102047451670032e-05, 1.9102047451670032e-05, 1.9102047451670032e-05, 1.9102047451670032e-05, 1.9102047451670032e-05, 1.7850366147958985e-05, 1.4929776439295567e-05, 2.7258837280866657e-06, 0.00011995279160587069, 2.626592095111846e-05, 0.00011995279157872574, 1.0082988279910398e-06, 2.9553586337674465e-06, 1.3038346913679146e-06, 1.2690657662644276e-06, 4.398118711727491e-06, 4.398118711727491e-06, 4.398118711727491e-06, 6.171484187689202e-06, 4.398118711727491e-06, 2.574126398267873e-05, 4.293962250238523e-06, 7.301474271661362e-06, 7.3014742838495295e-06, 4.840008223107317e-05, 2.3305436709461502e-05, 4.293962250238523e-06, 4.293962250238523e-06, 9.353442108034349e-06, 2.7258837280866657e-06, 8.796237423454983e-06, 4.415653488099372e-06, 4.415653488099372e-06, 1.0082988279910398e-06, 2.9553586337674465e-06, 1.2690657662644276e-06, 0.017423966980593248, 1.3038346913679146e-06, 6.154098933341956e-06, 1.3132960461469284e-05, 2.2066007992038728e-05, 8.587924526182178e-06, 2.2599801317045587e-05, 3.283240115367321e-06, 4.29396220624767e-06, 0.008712895915786723, 5.563028016503102e-05, 5.563028014421434e-05, 5.666170961757255e-05, 4.415653488099372e-06, 0.00015500366532705812, 8.831306976198744e-06, 5.666170961757255e-05, 5.666170961757255e-05, 0.004148031718905626, 8.83130701367918e-06, 5.666170961757255e-05, 6.606095770089748e-05, 6.606095769257081e-05, 8.831306976198744e-06, 0.01741890114828948, 2.2599801354772353e-05, 3.283240115367321e-06, 8.796237423454983e-06, 3.595756435375262e-05, 4.5171329475124367e-05, 4.5171329475124367e-05, 8.796237423454983e-06, 3.283240115367321e-06, 8.796237423454983e-06, 8.796237423454983e-06, 8.796237423454983e-06, 8.796237423454983e-06, 8.796237423454983e-06, 8.796237423454983e-06, 3.283240115367321e-06, 3.283240115367321e-06, 4.29396220624767e-06, 4.29396220624767e-06, 2.4164402946683095e-05, 0.00013615980560177654, 0.000126835270282297, 0.00012683527029366815, 1.2169123786100102e-06, 8.796237423454983e-06, 0.00015500366535425858, 7.587074621676678e-05, 8.796237423454983e-06, 3.2832400620463886e-06, 0.0001001228659964909, 7.055649596496294e-05, 9.914358993296651e-06, 6.171484205807847e-06, 0.00011995279160587069, 4.5171329506087446e-05, 2.153222143293392e-05, 7.301474271661362e-06, 3.283240115367321e-06, 1.7641842947113684e-05, 6.779940395112982e-05, 5.563028016503102e-05, 4.293962250238523e-06, 8.83130701367918e-06, 0.000126835270282297, 6.606095770089748e-05, 8.83130701367918e-06]","['2AGPGAT160', 'AACPS7', 'ACS', 'ADPT', 'ARGabcpp', 'AST', 'CYTD', 'CHORM', 'DAPDC', 'FACOAE120', 'FACOAE160', 'DURIK1', 'FADRx', 'FBA', 'FE2t3pp', 'FORtex', 'GND', 'HXPRT', 'ILEabcpp', 'LEUabcpp', 'ORNabcpp', 'PFK', 'PG160abcpp', 'PPA', 'PPC', 'PPND', 'PYK', 'PROabcpp', 'SADH', 'RNDR2b', 'SGDS', 'SGSAD', 'THD2pp', 'SOTA', 'THRabcpp', 'TYRTA', 'URIK2', 'PIuabcpp', 'VALabcpp', 'ENOPH', 'EX_for_e']","['DHAtex', 'DHAtpp', 'EX_cytd_e', 'EX_ala__D_e', 'EX_dha_e', 'ACOAD1f', 'ACOAD2f', 'ACOAD3f', 'ACOAD4f', 'ACOAD5f', 'ACSERtex', 'ACSERtpp', 'ADEt2rpp', 'ADEtex', '4PEPTtex', 'AMPN', 'AGM4PApp', 'ANHGMtex', 'ARGtex', 'ALAALAr', 'ALAR', 'ASNS1', 'ASNt2rpp', 'ASNtex', 'CPPPGO', 'CS', 'CYTDtex', 'DAAD', 'DALAtex', 'F6PA', 'DRPA', 'FACOAL140t2pp', 'DURIPP', 'FCLT', 'ECOAH1', 'ECOAH2', 'ECOAH3', 'ECOAH4', 'ECOAH5', 'ECOAH6', 'ECOAH7', 'ECOAH8', 'FE2tex', 'GLUCYS', 'GLUR', 'GLUTRR', 'GLUTRS', 'HACD1i', 'HACD2i', 'HACD3i', 'HACD4i', 'HACD5i', 'HACD6i', 'HACD7i', 'GLYCLTDy', 'HACD8i', 'GMPR', 'HEX1', 'HMBS', 'GTHRDabc2pp', 'GTHRDtex', 'GTHS', 'ILEtex', 'HYXNtex', 'HYXNtpp', 'ICL', 'KAT1', 'ACACT11', 'ACACT8', 'ACACT13', 'ACACT10', 'ACACT9', 'ACACT12', 'ACACT8r', 'G1SAT', 'LEUtex', 'LPLIPAL1E140pp', 'LPLIPAL1E160pp', 'LPLIPAL2G160', 'LPLIPAL1E161pp', 'MDDCP3pp', 'MDDCP4pp', 'MPTG', 'G3PEtex', 'MLTGY1pp', 'NTD6', 'ORNtex', 'NTPP2', 'NTPP4', 'NTPP5', 'NTPP7', 'NTPP8', 'CTECOAI8', 'PAPPT3', 'PAPSR', 'PAPSR2', 'PLIPA2E140pp', 'PLIPA2E160pp', 'PLIPA2E161pp', 'PPBNGS', 'PPM2', 'PPPGO', 'PUNP2', 'PROtex', 'SERAT', 'SULR', 'SO4tex', 'THRtex', 'SULabcpp', 'TPI', 'PHEMEabcpp', 'UAAGDS', 'TRPS1', 'TRPt2rpp', 'TRPtex', 'UAGCVT', 'PHEMEtiex', 'UAGPT3', 'UAMAGS', 'UAMAS', 'UAPGR', 'UDCPDP', 'UGMDDS', 'UPP3S', 'UPPDC1', 'URAt2pp_copy2', 'URAtex', 'VALtex', 'EX_LalaDgluMdapDala_e', 'EX_acser_e', 'EX_ade_e', 'EX_anhgm_e', 'EX_fe2_e', 'EX_arg__L_e', 'EX_asn__L_e', 'EX_g3pe_e', 'EX_leu__L_e', 'EX_trp__L_e', 'EX_gthrd_e', 'EX_orn_e', 'EX_pheme_e', 'EX_hxan_e', 'EX_ile__L_e', 'EX_pro__L_e', 'EX_ura_e', 'EX_so4_e', 'EX_val__L_e', 'EX_thr__L_e', 'PAPSSH']","['ACOAD6f', 'ACOAD7f', 'FACOAL160t2pp', 'FACOAL161t2pp', 'FACOAL181t2pp', 'CTECOAI7', 'GPDDA4', 'NTD4']",TPI,FBA,0.2505350244120045,1,198,8,44.0,-0.056727047239102935,iPC815,PSL,True,True,-29.0801682760626,-29.0792451228726,0.0,0.0070038920160062
185,"['DHAtex', 'DHAtpp', 'EX_cytd_e', 'EX_ala__D_e', 'GLCP', 'EX_dha_e', 'GLCtex_copy2', '2AGPGAT160', 'AACPS7', 'ACOAD1f', 'ACOAD2f', 'ACOAD3f', 'ACOAD4f', 'ACOAD5f', 'ACOAD6f', 'ACOAD7f', 'ACS', 'ACSERtex', 'ACSERtpp', 'ADEt2rpp', 'ADEtex', '4PEPTtex', 'ADPT', 'AMPN', 'AGM4PApp', 'ANHGMtex', 'ARGabcpp', 'ARGtex', 'ALAALAr', 'ALAR', 'ASNS1', 'ASNt2rpp', 'ASNtex', 'AST', 'CPPPGO', 'CS', 'CYTD', 'CYTDt2pp_copy2', 'CYTDtex', 'DAAD', 'CHORM', 'DALAtex', 'DAPDC', 'F6PA', 'FACOAE120', 'FACOAE160', 'DRPA', 'FACOAL140t2pp', 'FACOAL160t2pp', 'FACOAL161t2pp', 'FACOAL181t2pp', 'DURIK1', 'DURIPP', 'FADRx', 'FBA', 'FCLT', 'ECOAH1', 'ECOAH2', 'ECOAH3', 'ECOAH4', 'ECOAH5', 'ECOAH6', 'ECOAH7', 'ECOAH8', 'FE2tex', 'FE2tpp', 'GLUCYS', 'GLUR', 'FORtex', 'GLUTRR', 'GLUTRS', 'FORtppi', 'HACD1i', 'HACD2i', 'HACD3i', 'HACD4i', 'HACD5i', 'HACD6i', 'HACD7i', 'GLYCLTDy', 'HACD8i', 'GMPR', 'GND', 'CTECOAI7', 'HEX1', 'GPDDA4', 'HMBS', 'GTHRDabc2pp', 'GTHRDtex', 'GTHS', 'ILEtex', 'HXPRT', 'HYXNtex', 'HYXNtpp', 'ICL', 'ILEabcpp', 'KAT1', 'LPLIPAL1E181pp', 'ACACT11', 'ACACT8', 'ACACT13', 'ACACT10', 'ACACT9', 'ACACT12', 'ACACT8r', 'LEUabcpp', 'G1SAT', 'LEUtex', 'LPLIPAL1E140pp', 'LPLIPAL1E160pp', 'LPLIPAL2G160', 'LPLIPAL1E161pp', 'MDDCP3pp', 'MDDCP4pp', 'G3PD5', 'MPTG', 'G3PEtex', 'MLTGY1pp', 'NTD4', 'NTD6', 'ORNabcpp', 'ORNtex', 'NTPP2', 'NTPP4', 'NTPP5', 'NTPP7', 'NTPP8', 'CTECOAI8', 'PAPPT3', 'PAPSR', 'PLIPA2E140pp', 'PLIPA2E160pp', 'PLIPA2E161pp', 'PFK', 'PLIPA2E181pp', 'PG160abcpp', 'PPA', 'PPBNGS', 'PPC', 'PPM2', 'PPND', 'PPPGO', 'PUNP2', 'PYK', 'PROabcpp', 'PROtex', 'SADH', 'SERAT', 'SULR', 'SGDS', 'SGSAD', 'THD2pp', 'SO4tex', 'SOTA', 'THRabcpp', 'THRtex', 'SULabcpp', 'TPI', 'TYRTA', 'PHEMEabcpp', 'UAAGDS', 'TRPS1', 'TRPt2rpp', 'TRPtex', 'UAGCVT', 'PHEMEtiex', 'UAGPT3', 'UAMAGS', 'UAMAS', 'UAPGR', 'UDCPDP', 'UGMDDS', 'UPP3S', 'UPPDC1', 'URAt2pp_copy2', 'URAtex', 'URIK2', 'PIuabcpp', 'VALabcpp', 'VALtex', 'ENOPH', 'EX_LalaDgluMdapDala_e', 'EX_acser_e', 'EX_ade_e', 'EX_anhgm_e', 'EX_fe2_e', 'EX_arg__L_e', 'EX_asn__L_e', 'EX_for_e', 'EX_g3pe_e', 'EX_leu__L_e', 'EX_trp__L_e', 'EX_gthrd_e', 'EX_orn_e', 'EX_pheme_e', 'EX_hxan_e', 'EX_ile__L_e', 'EX_pro__L_e', 'EX_ura_e', 'EX_so4_e', 'EX_val__L_e', 'EX_thr__L_e', 'PAPSSH']","[0.017412590576668663, 0.017412590576668663, -5.04825051322183e-05, -8.906680851239317e-06, -2.6771025426974848e-05, -0.017412590576660683, -0.00857965560492624, 1.3037837058591309e-06, 1.2516323576270555e-06, -1.910130049509462e-05, -1.910130049509462e-05, -1.910130049509462e-05, -1.910130049509462e-05, -1.910130049509462e-05, -1.784966809736943e-05, -1.1243830726925808e-05, 1.3907026195831597e-06, 0.0001556658413619516, -0.0001556658413912615, 7.536150053510937e-05, 7.536150053510937e-05, 8.906680818654422e-06, 6.589872766315152e-06, -6.569469826811503e-05, -8.906680851239317e-06, 8.906680818654422e-06, 9.958974339245585e-05, 9.958974339951965e-05, -8.906680818654422e-06, -9.77873726242251e-05, -4.733222093045164e-06, 7.106001658030436e-05, 7.106001658030436e-05, 5.6130286530481355e-05, -3.279800958521076e-06, -3.2884017207024385e-06, 2.4163458015251382e-05, 5.048250511663355e-05, 5.048250511663355e-05, -7.997401087905809e-05, 2.2598917568228405e-05, 8.906680818654422e-06, 8.906680851239317e-06, -0.017412590576668663, 1.2516323576270555e-06, 2.6075674117182618e-06, -8.587588675890157e-06, -2.0165187983953864e-06, -5.91048613322832e-06, -3.1116971113173252e-06, -2.725777134383184e-06, 4.293794337963293e-06, -4.293794290788355e-06, 0.0002045740120806003, 0.017423966541173286, -3.279800958521076e-06, 1.910130049509462e-05, 1.910130049509462e-05, 1.910130049509462e-05, 1.910130049509462e-05, 1.910130049509462e-05, 1.784966809736943e-05, 1.4929192616364162e-05, 2.7257771080257953e-06, -3.279800921518472e-06, -3.279800958521076e-06, -2.1531379476258882e-05, 8.906680818654422e-06, -9.913971325659077e-06, -2.6238407668168607e-05, -2.6238407668168607e-05, 9.91397129981495e-06, -1.9101300479976505e-05, -1.9101300479976505e-05, -1.9101300479976505e-05, -1.9101300479976505e-05, -1.9101300479976505e-05, -1.784966812234945e-05, -1.4929192621224857e-05, -4.999575935471512e-06, -2.725777134383184e-06, -4.8398189539767406e-05, 6.39490015985067e-05, -3.685361941895525e-06, -0.00857965560492624, -2.3294268878017166e-06, -3.279800958521076e-06, -2.1531379476258882e-05, 2.1531379502448544e-05, -2.1531379476258882e-05, 6.779675265988772e-05, 1.814743250388995e-05, 1.8147432456316892e-05, 1.8147432456316892e-05, -3.2884017207024385e-06, 6.779675270468521e-05, -1.9101300479976505e-05, -1.362888567191592e-06, -1.9101300479976505e-05, -1.9101300479976505e-05, -1.9101300479976505e-05, -1.9101300479976505e-05, -1.784966812234945e-05, -1.4929192621224857e-05, -2.725777134383184e-06, 0.00011994810093904351, -2.623840771320829e-05, 0.00011994810097348818, -1.0082593991976932e-06, -2.955243066614377e-06, -1.3037837058591309e-06, -1.269016140369346e-06, -4.453340425619659e-06, -4.453340425619659e-06, -4.166892723898169e-06, -4.453340425619659e-06, 6.595407171516854e-06, -4.453340425619659e-06, -2.6246536926018138e-05, -4.293794337963293e-06, 7.301188752806276e-06, 7.301188702513173e-06, -4.8398189539767406e-05, -2.330452541251854e-05, -4.293794337963293e-06, -4.293794337963293e-06, -9.131501551948307e-06, -2.725777134383184e-06, -8.906680851239317e-06, -8.830961634353346e-06, -1.0082593991976932e-06, -2.955243066614377e-06, -1.269016140369346e-06, 0.017423966541171936, -1.362888567191592e-06, 1.3037837058591309e-06, 6.153857489726855e-06, -1.3119203834084303e-05, 2.1558865663462434e-05, -8.587588695263548e-06, 2.2598917568228405e-05, -3.279800958521076e-06, -4.293794290788355e-06, 0.008712320002379093, 5.562810478332292e-05, 5.5628104746574536e-05, 5.6130286530481355e-05, -0.0001556658413619516, -8.830961634353346e-06, 5.6130286530481355e-05, 5.6130286530481355e-05, 0.00415028652199715, -8.830961633066181e-06, 5.6130286530481355e-05, 6.60583744302029e-05, 6.605837438655726e-05, -8.830961634353346e-06, 0.01741932507115962, -2.2598917553295905e-05, -3.279800958521076e-06, -8.906680851239317e-06, -3.564215220258106e-05, 4.4855557007394964e-05, 4.4855557007394964e-05, -8.906680851239317e-06, -3.279800958521076e-06, -8.906680851239317e-06, -8.906680851239317e-06, -8.906680851239317e-06, -8.906680851239317e-06, -8.906680851239317e-06, -8.906680851239317e-06, -3.279800958521076e-06, -3.279800958521076e-06, 4.293794290788355e-06, 4.293794290788355e-06, 2.4163458015251382e-05, 0.0001357303190025783, 0.00012732498953406857, 0.00012732498953482718, 1.216864792135319e-06, -8.906680851239317e-06, -0.0001556658413912615, -7.536150058025815e-05, -8.906680851239317e-06, 3.279800921518472e-06, -9.958974339245585e-05, -7.1060016608962e-05, 9.91397129981495e-06, -6.595407173373008e-06, -0.00011994810093904351, -4.4855557057320306e-05, -2.1531379476258882e-05, -7.301188752806276e-06, -3.279800958521076e-06, -1.814743250388995e-05, -6.779675270468521e-05, -5.562810478332292e-05, -4.293794337963293e-06, 8.830961633066181e-06, -0.00012732498953406857, -6.60583744302029e-05, -8.830961633066181e-06]","[0.017412590576668663, 0.017412590576668663, 5.04825051322183e-05, 8.906680851239317e-06, 2.6771025426974848e-05, 0.017412590576660683, 0.00857965560492624, 1.3037837058591309e-06, 1.2516323576270555e-06, 1.910130049509462e-05, 1.910130049509462e-05, 1.910130049509462e-05, 1.910130049509462e-05, 1.910130049509462e-05, 1.784966809736943e-05, 1.1243830726925808e-05, 1.3907026195831597e-06, 0.0001556658413619516, 0.0001556658413912615, 7.536150053510937e-05, 7.536150053510937e-05, 8.906680818654422e-06, 6.589872766315152e-06, 6.569469826811503e-05, 8.906680851239317e-06, 8.906680818654422e-06, 9.958974339245585e-05, 9.958974339951965e-05, 8.906680818654422e-06, 9.77873726242251e-05, 4.733222093045164e-06, 7.106001658030436e-05, 7.106001658030436e-05, 5.6130286530481355e-05, 3.279800958521076e-06, 3.2884017207024385e-06, 2.4163458015251382e-05, 5.048250511663355e-05, 5.048250511663355e-05, 7.997401087905809e-05, 2.2598917568228405e-05, 8.906680818654422e-06, 8.906680851239317e-06, 0.017412590576668663, 1.2516323576270555e-06, 2.6075674117182618e-06, 8.587588675890157e-06, 2.0165187983953864e-06, 5.91048613322832e-06, 3.1116971113173252e-06, 2.725777134383184e-06, 4.293794337963293e-06, 4.293794290788355e-06, 0.0002045740120806003, 0.017423966541173286, 3.279800958521076e-06, 1.910130049509462e-05, 1.910130049509462e-05, 1.910130049509462e-05, 1.910130049509462e-05, 1.910130049509462e-05, 1.784966809736943e-05, 1.4929192616364162e-05, 2.7257771080257953e-06, 3.279800921518472e-06, 3.279800958521076e-06, 2.1531379476258882e-05, 8.906680818654422e-06, 9.913971325659077e-06, 2.6238407668168607e-05, 2.6238407668168607e-05, 9.91397129981495e-06, 1.9101300479976505e-05, 1.9101300479976505e-05, 1.9101300479976505e-05, 1.9101300479976505e-05, 1.9101300479976505e-05, 1.784966812234945e-05, 1.4929192621224857e-05, 4.999575935471512e-06, 2.725777134383184e-06, 4.8398189539767406e-05, 6.39490015985067e-05, 3.685361941895525e-06, 0.00857965560492624, 2.3294268878017166e-06, 3.279800958521076e-06, 2.1531379476258882e-05, 2.1531379502448544e-05, 2.1531379476258882e-05, 6.779675265988772e-05, 1.814743250388995e-05, 1.8147432456316892e-05, 1.8147432456316892e-05, 3.2884017207024385e-06, 6.779675270468521e-05, 1.9101300479976505e-05, 1.362888567191592e-06, 1.9101300479976505e-05, 1.9101300479976505e-05, 1.9101300479976505e-05, 1.9101300479976505e-05, 1.784966812234945e-05, 1.4929192621224857e-05, 2.725777134383184e-06, 0.00011994810093904351, 2.623840771320829e-05, 0.00011994810097348818, 1.0082593991976932e-06, 2.955243066614377e-06, 1.3037837058591309e-06, 1.269016140369346e-06, 4.453340425619659e-06, 4.453340425619659e-06, 4.166892723898169e-06, 4.453340425619659e-06, 6.595407171516854e-06, 4.453340425619659e-06, 2.6246536926018138e-05, 4.293794337963293e-06, 7.301188752806276e-06, 7.301188702513173e-06, 4.8398189539767406e-05, 2.330452541251854e-05, 4.293794337963293e-06, 4.293794337963293e-06, 9.131501551948307e-06, 2.725777134383184e-06, 8.906680851239317e-06, 8.830961634353346e-06, 1.0082593991976932e-06, 2.955243066614377e-06, 1.269016140369346e-06, 0.017423966541171936, 1.362888567191592e-06, 1.3037837058591309e-06, 6.153857489726855e-06, 1.3119203834084303e-05, 2.1558865663462434e-05, 8.587588695263548e-06, 2.2598917568228405e-05, 3.279800958521076e-06, 4.293794290788355e-06, 0.008712320002379093, 5.562810478332292e-05, 5.5628104746574536e-05, 5.6130286530481355e-05, 0.0001556658413619516, 8.830961634353346e-06, 5.6130286530481355e-05, 5.6130286530481355e-05, 0.00415028652199715, 8.830961633066181e-06, 5.6130286530481355e-05, 6.60583744302029e-05, 6.605837438655726e-05, 8.830961634353346e-06, 0.01741932507115962, 2.2598917553295905e-05, 3.279800958521076e-06, 8.906680851239317e-06, 3.564215220258106e-05, 4.4855557007394964e-05, 4.4855557007394964e-05, 8.906680851239317e-06, 3.279800958521076e-06, 8.906680851239317e-06, 8.906680851239317e-06, 8.906680851239317e-06, 8.906680851239317e-06, 8.906680851239317e-06, 8.906680851239317e-06, 3.279800958521076e-06, 3.279800958521076e-06, 4.293794290788355e-06, 4.293794290788355e-06, 2.4163458015251382e-05, 0.0001357303190025783, 0.00012732498953406857, 0.00012732498953482718, 1.216864792135319e-06, 8.906680851239317e-06, 0.0001556658413912615, 7.536150058025815e-05, 8.906680851239317e-06, 3.279800921518472e-06, 9.958974339245585e-05, 7.1060016608962e-05, 9.91397129981495e-06, 6.595407173373008e-06, 0.00011994810093904351, 4.4855557057320306e-05, 2.1531379476258882e-05, 7.301188752806276e-06, 3.279800958521076e-06, 1.814743250388995e-05, 6.779675270468521e-05, 5.562810478332292e-05, 4.293794337963293e-06, 8.830961633066181e-06, 0.00012732498953406857, 6.60583744302029e-05, 8.830961633066181e-06]","['2AGPGAT160', 'AACPS7', 'ACS', 'ADPT', 'ARGabcpp', 'AST', 'CYTD', 'CHORM', 'DAPDC', 'FACOAE120', 'FACOAE160', 'DURIK1', 'FADRx', 'FBA', 'FORtex', 'FORtppi', 'GND', 'HXPRT', 'ILEabcpp', 'LEUabcpp', 'ORNabcpp', 'PFK', 'PG160abcpp', 'PPA', 'PPC', 'PPND', 'PYK', 'PROabcpp', 'SADH', 'SGDS', 'SGSAD', 'THD2pp', 'SOTA', 'THRabcpp', 'TYRTA', 'URIK2', 'PIuabcpp', 'VALabcpp', 'ENOPH', 'EX_for_e']","['DHAtex', 'DHAtpp', 'EX_cytd_e', 'EX_ala__D_e', 'GLCP', 'EX_dha_e', 'GLCtex_copy2', 'ACOAD1f', 'ACOAD2f', 'ACOAD3f', 'ACOAD4f', 'ACOAD5f', 'ACSERtex', 'ACSERtpp', 'ADEt2rpp', 'ADEtex', '4PEPTtex', 'AMPN', 'AGM4PApp', 'ANHGMtex', 'ARGtex', 'ALAALAr', 'ALAR', 'ASNS1', 'ASNt2rpp', 'ASNtex', 'CPPPGO', 'CS', 'CYTDt2pp_copy2', 'CYTDtex', 'DAAD', 'DALAtex', 'F6PA', 'DRPA', 'FACOAL181t2pp', 'DURIPP', 'FCLT', 'ECOAH1', 'ECOAH2', 'ECOAH3', 'ECOAH4', 'ECOAH5', 'ECOAH6', 'ECOAH7', 'ECOAH8', 'FE2tex', 'FE2tpp', 'GLUCYS', 'GLUR', 'GLUTRR', 'GLUTRS', 'HACD1i', 'HACD2i', 'HACD3i', 'HACD4i', 'HACD5i', 'HACD6i', 'HACD7i', 'GLYCLTDy', 'HACD8i', 'GMPR', 'HEX1', 'GPDDA4', 'HMBS', 'GTHRDabc2pp', 'GTHRDtex', 'GTHS', 'ILEtex', 'HYXNtex', 'HYXNtpp', 'ICL', 'KAT1', 'LPLIPAL1E181pp', 'ACACT11', 'ACACT8', 'ACACT13', 'ACACT10', 'ACACT9', 'ACACT12', 'ACACT8r', 'G1SAT', 'LEUtex', 'LPLIPAL1E140pp', 'LPLIPAL1E160pp', 'LPLIPAL2G160', 'LPLIPAL1E161pp', 'MDDCP3pp', 'MDDCP4pp', 'G3PD5', 'MPTG', 'G3PEtex', 'MLTGY1pp', 'NTD6', 'ORNtex', 'NTPP2', 'NTPP4', 'NTPP5', 'NTPP7', 'NTPP8', 'CTECOAI8', 'PAPPT3', 'PAPSR', 'PLIPA2E140pp', 'PLIPA2E160pp', 'PLIPA2E161pp', 'PLIPA2E181pp', 'PPBNGS', 'PPM2', 'PPPGO', 'PUNP2', 'PROtex', 'SERAT', 'SULR', 'SO4tex', 'THRtex', 'SULabcpp', 'TPI', 'PHEMEabcpp', 'UAAGDS', 'TRPS1', 'TRPt2rpp', 'TRPtex', 'UAGCVT', 'PHEMEtiex', 'UAGPT3', 'UAMAGS', 'UAMAS', 'UAPGR', 'UDCPDP', 'UGMDDS', 'UPP3S', 'UPPDC1', 'URAt2pp_copy2', 'URAtex', 'VALtex', 'EX_LalaDgluMdapDala_e', 'EX_acser_e', 'EX_ade_e', 'EX_anhgm_e', 'EX_fe2_e', 'EX_arg__L_e', 'EX_asn__L_e', 'EX_g3pe_e', 'EX_leu__L_e', 'EX_trp__L_e', 'EX_gthrd_e', 'EX_orn_e', 'EX_pheme_e', 'EX_hxan_e', 'EX_ile__L_e', 'EX_pro__L_e', 'EX_ura_e', 'EX_so4_e', 'EX_val__L_e', 'EX_thr__L_e', 'PAPSSH']","['ACOAD6f', 'ACOAD7f', 'FACOAL140t2pp', 'FACOAL160t2pp', 'FACOAL161t2pp', 'CTECOAI7', 'NTD4']",TPI,PFK,0.25053599662386017,1,203,7,49.0,-0.04816428066418896,iPC815,PSL,True,False,-29.0801682760626,0.0,0.0,0.0
186,"['ADK3', 'NDPK1', 'ADK1']","[0.7294508708492913, 0.7294508708490639, -0.729450870849405]","[0.7294508708492913, 0.7294508708490639, 0.729450870849405]",['ADK1'],['NDPK1'],['ADK3'],ADK1,NDPK1,2.188352612546911,1,3,1,-1.0,-0.7294508708489502,iPC815,PSL,True,True,-999.961611209064,-999.961612045564,0.0,0.0
187,"['ACODA', 'ACOTA', 'NACODA', 'P5CR', 'G5SADs', 'ORNCD']","[-0.08620163199999999, 0.08620163199998387, 0.08620163199999999, 0.08620163199999999, 0.08620163199998387, -0.08620163199998387]","[0.08620163199999999, 0.08620163199998387, 0.08620163199999999, 0.08620163199999999, 0.08620163199998387, 0.08620163199998387]",['ORNCD'],"['NACODA', 'P5CR', 'G5SADs']","['ACODA', 'ACOTA']",ORNCD,P5CR,0.6034114239999996,1,6,2,-2.0,-0.17240326399998385,iPC815,PSL,True,False,-13.2609602141915,0.0,0.0,0.0
188,"['ACODA', 'ACOTA', 'NACODA', 'P5CR', 'G5SADs', 'ORNCD']","[-0.08620163199999999, 0.08620163199998387, 0.08620163199999999, 0.08620163199999999, 0.08620163199998387, -0.08620163199998387]","[0.08620163199999999, 0.08620163199998387, 0.08620163199999999, 0.08620163199999999, 0.08620163199998387, 0.08620163199998387]",['ORNCD'],"['NACODA', 'P5CR', 'G5SADs']","['ACODA', 'ACOTA']",ORNCD,G5SADs,0.6034114239999994,1,6,2,-2.0,-0.17240326399998385,iPC815,PSL,True,False,-13.2609602141915,0.0,0.0,0.0022684670497186
